-0.672,8.975,3.78
-0.184,8.659,4.0
-0.524,8.104,4.199
-0.328,9.381,4.718
-0.426,8.108,4.242
-0.287,8.364,4.534
-1.022,8.049,4.658
-0.663,8.738,4.713
-0.455,8.085,4.235
-0.543,9.013,4.639
-0.337,8.905,4.321
-0.646,8.836,4.283
-1.749,10.276,5.029
-0.84,8.766,4.881
-0.129,7.388,3.055
-0.096,9.051,4.551
-1.505,8.424,4.199
-0.103,7.876,3.369
-0.474,9.188,4.613
-1.225,8.86,4.462
-0.359,9.668,4.689
-0.407,8.556,3.728
0.012,9.042,3.936
-1.955,8.752,4.266
-3.041,8.446,2.907
-1.206,10.058,4.134
-0.921,10.714,3.986
-0.297,9.707,3.256
-0.414,9.192,3.23
-1.806,8.709,3.651
-1.12,10.116,3.555
-0.632,9.475,3.115
-0.959,9.18,3.034
-1.062,8.343,3.795
-1.701,7.273,3.457
-1.225,7.905,3.474
-1.694,8.783,4.436
-1.306,10.288,5.151
-1.175,9.015,5.01
-0.854,9.14,4.594
-1.153,8.128,4.01
-0.852,8.618,4.474
-0.412,9.592,3.821
-0.883,8.908,3.354
-0.926,7.867,3.129
-0.77,8.558,4.405
-1.971,8.096,4.216
-0.766,8.759,4.347
-0.964,9.111,4.572
-0.629,8.388,4.23
-2.172,8.513,4.555
-1.766,8.14,4.744
-1.302,8.733,4.654
-1.522,8.51,4.345
-1.45,8.295,4.663
-1.292,8.704,4.407
-1.182,8.3,4.35
-1.153,8.53,4.622
-0.811,10.214,5.268
-0.658,9.357,4.225
-1.349,9.247,4.012
-0.589,8.408,3.771
-0.493,7.989,3.79
-0.368,10.147,4.335
-1.254,8.704,3.926
-0.751,8.23,3.508
-0.88,8.475,4.158
-0.177,8.056,4.309
-0.79,8.446,4.819
-0.79,9.152,5.405
-0.72,8.297,4.63
-0.758,8.943,4.735
-0.072,8.795,4.307
-0.371,8.608,4.199
-1.05,8.644,5.477
-0.419,8.12,3.206
-0.378,9.245,4.914
-1.261,8.611,4.189
-0.208,8.412,4.223
-0.196,8.403,4.347
-0.349,8.283,4.515
-0.739,7.824,3.914
-0.036,8.233,5.79
-0.402,8.374,4.386
-0.05,8.369,5.24
-0.653,8.422,5.005
-0.56,8.388,4.974
-0.376,8.348,5.087
-0.316,8.159,4.673
-0.452,8.288,4.804
-0.44,8.068,4.828
-0.495,8.513,4.766
-0.349,8.434,4.977
-0.574,8.546,5.015
-0.481,8.486,4.785
-0.641,8.13,4.78
-1.194,8.659,4.924
-0.983,8.475,4.701
-0.172,8.305,4.579
-0.266,8.297,4.412
-1.06,8.362,4.486
-0.639,8.793,4.555
-0.986,8.546,4.615
-1.292,8.62,4.615
-0.749,8.587,4.268
-0.818,8.348,3.917
-0.89,8.307,4.108
-1.333,9.037,4.154
-0.799,9.731,3.972
-0.531,9.367,3.704
-0.912,9.592,3.452
-1.199,9.154,3.476
-0.83,9.448,3.608
-1.017,8.802,3.366
-0.658,8.546,3.613
-0.933,8.86,4.003
0.696,9.898,2.304
-0.488,9.549,3.244
-0.596,8.989,5.032
-1.572,7.943,4.553
-0.603,8.396,4.936
0.074,7.517,4.347
-0.744,9.123,5.175
-1.318,9.094,4.347
-0.823,8.96,3.914
-0.62,8.867,3.819
-0.711,8.513,3.529
-0.713,8.534,4.079
-0.766,8.305,4.455
-0.531,8.881,4.785
-0.546,8.664,4.625
-0.813,8.769,4.742
-0.797,8.63,4.481
-0.754,8.64,4.41
-0.665,8.762,4.383
-0.701,8.51,4.278
-0.718,8.671,4.417
-0.701,8.687,4.314
-0.708,8.64,4.209
-0.581,8.664,4.276
-0.682,8.704,4.323
-0.778,8.735,4.321
-0.629,8.585,4.292
-0.837,8.601,4.383
-0.644,8.953,4.333
-0.648,8.841,4.187
-0.603,8.508,4.01
-0.56,8.664,4.177
-0.869,8.975,4.45
-0.543,8.742,4.175
-0.928,8.618,4.072
-0.51,8.699,4.051
-0.541,8.759,4.237
-0.778,8.697,4.333
-0.658,8.64,4.194
-0.342,8.876,4.01
-0.273,9.207,4.003
-0.883,3.204,-4.087
-0.644,9.944,4.654
-0.546,9.546,5.522
-1.235,8.97,4.627
-0.541,9.307,3.962
0.56,8.537,3.118
-1.055,9.295,4.027
-0.488,9.025,3.429
-1.012,8.642,3.144
-0.658,8.977,3.826
-0.663,8.465,3.728
-0.529,8.817,4.127
-0.287,8.568,4.472
-0.306,8.601,4.185
-0.536,8.75,4.441
-0.617,8.575,4.204
-0.732,8.592,4.182
-0.28,8.766,4.206
-0.857,8.865,4.225
-0.699,8.821,4.225
-0.672,8.807,4.113
-0.648,8.63,3.888
-0.51,8.841,3.991
-0.373,8.771,4.053
-0.538,8.762,4.13
-0.493,8.754,4.142
-0.658,8.726,4.23
-0.567,8.963,4.261
-0.589,8.798,4.031
-0.474,8.86,3.943
-0.761,8.857,3.979
-0.593,8.623,3.921
-0.72,8.644,4.075
-0.407,9.286,4.393
-0.361,8.939,3.431
-0.912,8.776,4.244
-0.792,6.52,0.67
-0.263,9.582,4.079
-0.416,9.027,4.651
-0.495,8.941,4.091
-0.139,9.771,4.13
-0.234,8.628,3.744
-0.371,8.972,3.986
-0.167,9.049,3.965
-0.498,8.415,4.247
-0.49,8.623,3.835
-0.526,8.35,4.015
-0.668,9.343,4.505
-0.5,8.802,4.354
-0.081,8.618,4.395
-1.031,8.618,4.211
-0.199,8.764,4.225
-0.452,8.697,4.314
-0.134,8.51,4.244
-1.294,7.479,2.754
0.225,9.862,4.488
-0.995,8.549,3.787
-0.718,9.623,4.481
-0.55,8.721,3.512
0.244,9.865,4.622
-1.17,9.812,4.053
-0.244,9.628,3.759
-1.443,9.331,3.713
-1.148,9.054,4.113
-0.699,8.302,4.051
-0.457,8.175,3.953
-1.397,8.171,4.553
-1.156,8.503,4.163
-1.251,8.597,4.945
-0.459,7.049,4.087
-0.921,10.044,5.345
-1.361,9.429,4.388
-0.203,8.063,4.0
-0.29,9.3,4.733
-0.792,8.802,4.158
-1.493,8.415,4.354
-1.0,7.735,4.472
-0.392,7.372,4.773
-1.328,7.697,5.015
-0.06,7.29,4.601
-0.522,8.719,4.948
-0.5,9.209,4.919
0.306,8.702,4.912
-0.605,8.185,4.039
-3.907,9.345,5.905
-0.165,9.192,4.35
-0.244,9.199,4.189
-0.983,6.032,2.428
-0.773,10.207,4.11
-2.469,8.343,4.201
-0.014,8.788,3.366
-0.053,9.293,4.419
0.368,8.408,4.575
-1.141,8.812,4.807
-0.627,9.52,4.761
-1.065,8.412,3.886
0.61,8.266,4.381
-0.014,8.695,4.596
-0.615,8.987,4.699
0.045,8.053,4.0
0.153,8.125,4.402
-0.299,8.362,4.797
-0.773,8.589,5.029
-0.529,8.589,4.981
-0.359,8.814,4.608
0.139,8.496,4.721
-0.179,8.398,4.632
-0.328,8.556,4.819
-0.469,8.386,4.565
-0.402,8.362,4.658
-0.268,8.642,4.725
-0.22,8.611,4.677
-0.665,8.496,4.534
-0.467,8.714,4.84
-0.462,8.446,4.744
-0.376,8.565,4.766
-0.27,8.47,4.654
-0.433,8.518,4.723
-0.416,8.479,4.728
-0.457,8.458,4.721
-0.356,8.494,4.713
-0.455,8.436,4.756
-0.507,8.465,4.682
-0.39,8.549,4.625
-0.385,8.561,4.677
-0.304,8.482,4.642
-0.349,8.477,4.596
-0.345,8.565,4.718
-0.469,8.714,4.761
-0.593,8.628,4.721
-0.428,8.513,4.666
-0.483,8.446,4.582
-0.385,8.36,4.632
-0.361,8.498,4.821
-0.325,8.47,4.869
-0.263,8.436,4.706
-0.44,8.558,4.666
-0.445,8.556,4.733
-0.574,8.51,4.656
-0.356,8.463,4.536
-0.354,8.467,4.587
-0.526,8.482,4.687
-0.376,8.429,4.747
-0.38,8.522,4.771
-0.404,8.539,4.699
-0.445,8.496,4.704
-0.273,8.542,4.62
-0.416,8.489,4.62
-0.383,8.53,4.656
-0.402,8.515,4.658
-0.397,8.455,4.553
-0.278,8.429,4.668
-0.388,8.52,4.797
-0.337,8.542,4.802
-0.337,8.439,4.788
-0.311,8.47,4.673
-0.371,8.503,4.744
-0.567,8.563,4.658
-0.462,8.553,4.62
-0.467,8.565,4.575
-0.464,8.491,4.589
-0.223,8.518,4.747
-0.177,8.281,4.776
-0.179,8.542,4.675
-0.325,8.522,4.699
-0.462,8.496,4.56
-0.356,8.494,4.622
-0.263,8.577,4.582
-0.352,8.568,4.599
-0.412,8.587,4.677
-0.495,8.506,4.685
-0.385,8.53,4.737
-0.297,8.565,4.716
-0.404,8.568,4.682
-0.404,8.565,4.637
-0.031,9.86,3.926
1.775,16.002,2.067
2.304,18.078,3.094
0.84,10.367,-3.627
-1.194,6.082,6.302
-0.167,9.075,4.323
-0.337,8.357,4.62
-0.273,8.611,4.486
-0.282,8.608,4.551
-0.364,8.604,4.658
-0.51,8.534,4.606
-0.467,8.506,4.582
-0.443,8.601,4.594
-0.407,8.597,4.625
-0.301,8.539,4.658
-0.34,8.525,4.589
-0.333,8.556,4.701
-0.325,8.525,4.62
-0.359,8.568,4.591
-0.395,8.592,4.656
-0.361,8.556,4.646
-0.356,8.534,4.575
-0.371,8.52,4.534
-0.345,8.587,4.687
-0.301,8.494,4.613
-0.29,8.491,4.663
-0.263,8.558,4.747
-0.352,8.556,4.694
-0.287,8.532,4.632
-0.345,8.568,4.575
-0.373,8.494,4.563
-0.29,8.496,4.63
-0.263,8.489,4.682
-0.237,8.539,4.646
-0.22,8.53,4.61
-0.239,8.498,4.599
-0.22,8.513,4.584
-0.359,8.582,4.661
-0.483,8.613,4.74
-0.452,8.544,4.651
-0.311,8.52,4.565
-0.141,8.522,4.644
-0.244,8.486,4.725
-0.306,8.518,4.618
-0.309,8.515,4.692
-0.062,9.556,4.319
-2.204,3.053,10.178
-3.4,-1.605,8.51
-0.993,8.594,12.803
-0.924,6.391,5.84
-0.136,8.977,4.529
-0.325,8.453,4.733
-0.251,8.565,4.627
-0.249,8.518,4.625
-0.282,8.518,4.627
-0.278,8.556,4.63
-0.249,8.57,4.587
-0.263,8.577,4.649
-0.249,8.549,4.57
-0.261,8.546,4.646
-0.34,8.537,4.551
-0.266,8.522,4.682
-0.223,8.486,4.575
-0.904,8.214,4.299
0.103,8.886,4.553
-0.273,8.642,4.563
-0.464,8.565,4.675
-0.225,8.608,4.591
-0.148,8.551,4.735
-0.05,8.501,4.591
-0.156,8.463,4.642
-0.297,8.565,4.723
-0.261,8.518,4.582
-0.258,8.556,4.627
-0.239,8.546,4.608
-0.29,8.513,4.599
-0.345,8.57,4.61
-0.438,8.606,4.649
-0.335,8.625,4.551
-0.201,8.644,4.453
-0.146,8.613,4.484
-0.129,8.592,4.577
-0.287,8.618,4.546
-0.256,8.611,4.582
-0.215,8.606,4.534
-0.275,8.647,4.567
-0.282,8.606,4.546
-0.292,8.649,4.608
-0.23,8.599,4.536
-0.227,8.532,4.462
-0.237,8.546,4.532
-0.146,8.508,4.41
-0.165,8.577,4.517
-0.306,8.585,4.591
-0.256,8.659,4.579
-0.261,8.64,4.56
-0.179,8.599,4.618
-0.246,8.463,4.462
-0.041,8.561,4.74
-0.225,8.558,4.677
-0.232,8.568,4.546
-0.407,8.709,4.314
0.038,8.967,4.264
-0.275,7.764,2.759
3.015,18.408,-0.285
0.699,9.491,-4.144
-3.519,-0.758,11.944
3.469,19.832,1.854
-2.665,-1.225,2.735
1.364,14.987,10.008
-0.971,5.879,7.814
-0.658,7.651,4.498
-0.072,8.836,4.405
-0.17,8.64,4.548
-0.127,8.575,4.438
-0.077,8.604,4.484
-0.122,8.692,4.582
-0.117,8.675,4.41
-0.01,8.69,4.412
-0.194,8.802,4.374
-0.251,8.642,4.484
-0.316,8.64,4.436
-0.33,8.544,4.417
-0.163,8.675,4.527
-0.043,8.781,4.601
0.084,8.666,4.424
-0.179,8.329,4.338
-0.146,8.786,4.242
-0.301,8.475,4.177
-0.325,8.46,4.546
-0.163,8.853,4.405
0.452,8.948,4.354
0.316,8.776,4.01
-0.773,8.948,4.673
0.409,8.774,3.919
0.026,8.843,4.261
-0.208,8.948,4.343
-0.093,8.616,4.041
0.22,8.58,4.39
-0.043,8.726,4.4
-0.045,8.881,4.462
0.0,8.585,4.271
0.026,8.577,4.247
-0.012,8.836,4.295
-0.036,8.752,4.266
0.038,8.649,4.082
0.105,8.738,4.017
0.12,9.247,4.414
0.184,8.86,4.218
-0.105,8.733,4.12
0.031,8.731,4.137
0.072,8.807,4.144
0.213,8.702,4.072
0.201,8.623,4.058
0.16,8.685,4.096
0.127,8.795,4.225
0.041,8.695,4.043
0.098,8.783,4.12
0.017,8.79,4.163
0.074,8.915,4.168
0.033,8.998,4.271
0.01,8.843,4.232
0.103,8.912,4.051
0.471,8.888,4.23
0.431,9.259,4.505
0.402,10.008,4.221
-0.048,9.743,3.988
0.122,8.233,3.584
-0.024,8.716,3.835
-0.184,9.386,4.989
-0.431,9.745,5.245
-0.285,9.628,5.187
0.378,9.286,5.407
0.043,9.348,5.905
-0.129,8.759,6.635
-0.27,8.434,6.343
0.084,8.673,6.769
0.732,8.652,6.881
0.574,8.087,6.481
-2.22,6.513,5.285
-5.713,7.721,4.122
-7.041,9.209,5.302
-0.742,9.731,6.393
-1.663,7.762,3.984
-2.61,7.642,3.137
-1.373,7.194,2.467
0.177,5.419,1.838
0.211,4.417,0.586
-0.189,2.826,2.802
1.739,5.321,5.079
1.55,4.304,5.737
1.792,3.132,5.539
2.754,1.914,5.862
5.099,2.022,6.025
8.513,3.618,5.527
9.86,5.168,6.013
9.111,6.403,11.137
5.297,8.018,12.724
3.575,1.208,13.37
7.395,-6.517,5.012
10.197,-1.469,0.189
9.01,-1.912,1.737
7.924,2.634,8.032
5.979,4.974,8.568
8.168,2.33,5.601
5.625,-2.617,12.219
5.345,-4.316,20.248
2.352,3.522,15.832
1.431,4.0,9.81
4.35,2.61,7.029
2.687,0.299,7.663
2.007,0.479,7.812
0.735,2.67,9.592
0.562,4.658,9.932
0.658,4.278,8.089
-0.117,2.077,7.843
1.273,1.814,8.984
1.476,2.586,7.62
1.132,3.909,7.953
1.278,4.321,8.008
1.309,4.587,7.84
2.206,2.617,6.46
2.684,4.149,6.804
1.826,5.173,8.498
1.976,3.761,8.549
1.562,2.823,9.58
2.67,1.534,11.149
-0.294,-0.392,10.786
0.888,-1.658,11.07
1.184,-2.065,11.554
1.328,-2.091,11.681
0.586,-2.912,10.795
1.806,-2.031,11.149
1.529,-1.981,11.499
0.278,-1.196,11.054
0.617,0.129,11.2
0.952,0.237,10.42
0.792,0.05,10.465
0.5,-0.452,10.513
0.785,-0.022,11.252
-0.179,-0.873,10.714
-0.096,-0.266,11.334
0.007,-1.012,10.994
-0.232,-0.957,10.546
-0.593,-0.591,11.181
-0.656,-0.517,11.149
-0.701,-0.455,10.965
-0.744,-0.136,10.958
-0.857,-0.49,10.841
-0.811,0.148,10.377
-0.672,0.084,10.037
-0.285,0.141,10.262
-0.139,0.421,10.073
0.144,0.218,9.783
0.239,0.333,9.967
0.636,0.555,9.678
0.792,0.988,9.814
0.591,1.369,10.295
0.524,1.268,9.719
0.988,0.897,9.518
1.22,1.347,9.221
1.378,0.943,9.453
1.357,1.055,9.69
1.426,0.993,9.733
1.536,0.787,9.731
1.811,0.512,9.549
1.948,0.467,9.29
2.141,0.378,9.111
2.077,0.414,9.408
1.531,0.153,9.68
1.577,-0.165,9.783
1.426,-0.737,9.707
1.409,-0.866,9.862
1.469,-0.766,9.881
1.376,-1.014,9.881
1.196,-1.385,9.661
1.168,-1.565,9.544
0.907,-1.584,9.7
0.646,-1.555,9.697
0.392,-1.44,9.7
0.189,-1.129,9.582
0.012,-1.074,9.539
0.038,-0.974,9.522
0.266,-0.505,9.422
0.278,-0.677,9.266
-0.084,-1.115,9.343
-0.857,-1.297,9.743
-1.325,-1.122,10.037
-1.328,-0.452,10.137
-1.359,-0.433,10.116
-1.361,-0.622,9.865
-1.682,-0.708,9.625
-2.242,-0.5,9.68
-2.426,-0.167,9.865
-2.373,0.144,10.049
-2.397,-0.043,10.03
-2.495,0.007,10.195
-2.653,-0.103,10.183
-2.806,-0.455,9.908
-2.668,-0.292,9.836
-2.917,-0.333,9.9
-2.924,-0.122,9.587
-2.967,-0.167,9.207
-2.862,-0.366,9.185
-3.067,-0.677,9.214
-3.091,-0.761,9.07
-3.385,-0.859,9.264
-3.271,-0.904,9.159
-2.701,-0.653,9.113
-2.974,-0.488,9.199
-2.981,-0.629,8.75
-2.661,-0.84,8.381
-2.448,-0.39,8.788
-2.491,-0.368,9.027
-2.321,-0.227,8.977
-2.46,-0.146,9.204
-2.783,-1.172,9.123
-2.479,-1.873,8.431
-2.266,-2.67,7.96
-2.914,-3.079,8.24
-3.905,-3.795,8.719
-3.546,-5.113,7.675
-3.735,-7.855,5.687
-2.945,-9.046,5.261
-2.775,-11.592,2.498
-2.761,-14.178,1.266
-1.854,-13.647,1.897
-2.507,-13.233,3.771
-3.362,-12.817,5.139
-3.773,-13.174,7.003
-4.139,-12.611,7.221
-3.976,-13.461,7.814
-4.589,-13.135,7.285
-4.11,-11.173,7.252
-3.019,-10.326,7.348
-1.833,-8.671,7.74
-1.833,-8.123,7.656
-1.388,-7.199,7.017
-0.787,-6.438,6.871
-0.919,-6.034,6.594
-1.421,-3.773,6.364
-2.153,-2.338,6.797
-2.361,0.95,8.152
-2.582,3.577,9.716
-4.228,5.78,10.592
-4.261,6.714,11.757
-4.78,5.924,11.47
-5.678,4.393,9.568
-3.661,4.85,8.812
-4.589,2.634,9.199
-4.733,1.172,9.747
-5.07,-1.062,8.675
-3.852,-1.512,8.156
-2.766,-2.627,6.527
-2.07,-2.426,6.702
-2.23,-1.852,7.63
-4.087,-4.828,8.333
-3.28,-7.144,7.867
-1.692,-9.281,5.993
0.002,-9.862,4.366
0.512,-10.109,1.806
0.682,-13.013,0.739
0.778,-12.829,-0.725
1.541,-13.568,-1.622
-0.768,-16.021,1.084
-2.294,-16.774,4.067
-2.381,-15.808,6.302
-2.613,-13.554,8.943
-2.302,-11.171,8.934
-2.589,-9.341,8.405
-2.488,-8.733,7.628
-2.089,-9.298,7.963
-2.644,-10.389,8.266
-2.601,-9.233,9.185
-2.335,-6.35,9.245
-1.641,-2.972,8.553
-1.208,-0.376,7.675
-1.888,1.476,6.891
-1.672,2.991,9.226
-2.345,5.484,11.128
-3.713,5.264,11.487
-3.584,4.835,11.355
-2.543,3.701,9.735
-2.627,2.4,7.608
-3.551,0.804,7.649
-4.465,-0.849,7.338
-4.835,-0.347,8.116
-4.52,-0.11,8.843
-4.788,-0.007,9.149
-4.618,0.916,9.037
-4.912,0.557,9.551
-4.268,0.294,9.427
-3.775,0.28,9.487
-3.385,-0.27,8.317
-3.407,-1.158,7.927
-4.333,-3.804,8.262
-4.242,-8.714,7.982
-1.608,-11.489,3.761
-1.318,-15.676,0.254
0.175,-19.645,-2.579
-0.921,-16.006,0.06
-3.864,-7.927,5.544
-4.876,-2.096,10.735
-0.416,2.711,12.343
2.632,5.027,10.793
1.225,5.615,10.087
-3.118,5.824,9.776
-3.919,6.558,8.558
-4.278,7.568,8.082
-6.362,7.862,8.939
-8.92,6.699,9.671
-9.044,6.304,11.795
-8.403,5.173,10.984
-7.19,3.39,8.898
-5.993,0.892,6.496
-5.623,-1.323,4.362
-8.518,-2.426,6.204
-6.242,-5.706,3.931
-4.455,-7.443,1.727
-4.314,-10.96,-1.66
-4.654,-12.915,-0.983
-4.778,-11.322,-1.395
-5.268,-10.915,1.321
-6.127,-10.252,4.185
-7.099,-11.047,5.513
-7.106,-13.798,7.465
-6.546,-13.152,7.135
-5.534,-10.625,7.951
-6.106,-10.776,4.926
-8.197,-9.661,6.529
-6.675,-11.585,3.764
-5.962,-9.089,7.587
-7.161,-12.633,8.118
-5.637,-9.29,10.164
-4.845,-10.508,8.692
-3.218,-7.228,8.613
-2.601,-8.374,9.015
-2.199,-6.998,10.501
-3.799,-6.577,10.86
-3.175,-6.087,9.628
-2.11,-8.159,7.915
-1.732,-6.785,8.281
-2.18,-7.515,7.84
-2.543,-9.037,5.005
-3.914,-8.917,6.501
-2.182,-8.573,5.333
-2.251,-7.084,6.02
-1.177,-7.293,4.405
-3.242,-7.64,6.938
-2.572,-5.221,6.548
-2.67,-5.283,8.352
-2.144,-4.012,8.924
-2.393,-4.285,8.881
-4.606,-3.182,9.824
-3.467,-3.039,9.642
-4.23,-3.23,9.106
-2.23,-3.098,8.695
-1.048,-3.476,8.106
-0.347,-2.345,8.585
-1.12,-1.043,9.97
-1.648,2.311,12.626
-0.275,3.283,12.518
3.591,4.713,12.468
2.917,5.414,11.015
3.24,5.747,8.963
3.653,0.672,6.096
3.974,1.998,9.814
1.101,1.893,9.728
-6.668,5.474,12.214
-6.053,0.17,7.23
-10.032,-5.182,7.852
-3.627,-4.02,5.515
-1.598,-2.859,6.103
-2.778,0.926,7.793
-1.483,2.615,5.84
-4.151,1.163,8.539
-3.196,-0.029,9.343
-3.084,-0.026,9.436
-2.689,0.301,10.81
-3.134,-0.653,9.355
-2.594,-0.641,9.149
-2.249,-0.629,9.29
-1.467,0.359,9.472
-2.287,-0.45,9.465
-2.067,-0.242,9.065
-2.445,-0.282,8.537
-2.306,1.177,9.006
-2.706,0.644,9.104
-5.022,0.179,10.104
-3.24,-0.39,8.331
-2.79,-1.194,7.826
-3.503,-0.299,8.211
-4.96,1.775,8.611
-4.108,1.479,9.434
-2.517,1.436,8.276
-4.008,0.045,7.271
-4.457,0.038,7.235
-5.3,-0.703,7.362
-6.041,0.27,6.029
-6.237,1.287,5.553
-7.781,-0.969,3.084
-11.37,-7.285,-0.517
-16.238,-6.95,-0.916
-16.363,-3.771,-0.679
-14.793,-0.754,0.182
-13.059,-3.728,-2.05
-11.298,-7.257,-7.91
-11.571,-7.427,-8.63
-12.977,-2.058,-4.807
-11.877,-3.962,-1.995
-8.762,-8.006,1.017
-5.431,-15.011,0.998
-7.13,-7.51,5.608
-9.757,-9.415,4.555
-9.826,-10.264,3.007
-11.267,-8.297,0.837
-14.614,-6.187,-1.278
-18.557,-7.118,-3.74
-25.275,-8.697,-3.35
-22.983,-7.307,1.689
-19.7,1.641,5.955
-22.684,3.814,4.673
-23.512,-3.759,5.233
-26.055,-7.718,4.945
-20.547,-3.56,4.608
-14.401,-1.086,-0.514
-14.257,-1.675,1.175
-13.951,-10.133,-0.794
-9.063,-4.986,-1.144
-13.595,-0.352,16.399
-11.298,24.653,7.453
-3.51,-17.126,3.811
-3.397,-5.194,4.012
-9.585,9.75,6.718
-9.278,21.067,11.678
-3.213,15.614,11.243
1.756,15.769,16.21
-20.629,-3.826,9.494
-15.616,-7.934,9.254
-19.933,-14.939,6.264
-22.875,-5.702,15.109
-31.374,-7.218,14.702
-29.902,-9.587,10.109
-25.768,-14.686,1.529
-23.069,-15.406,-2.342
-19.43,-10.602,-6.348
-17.681,-5.986,-6.666
-17.191,-1.596,-4.185
-17.631,-4.055,-2.802
-17.71,-6.649,-3.728
-17.662,1.187,-3.529
-9.554,17.461,-7.309
-8.434,10.936,-3.548
-2.876,6.604,0.624
-11.889,0.459,1.349
-17.521,-3.986,1.981
-19.739,-2.885,-1.45
-20.04,-2.917,-0.682
-18.662,-5.845,-2.027
-17.504,-11.468,4.51
-28.357,-7.309,18.808
-9.18,8.3,9.759
-4.273,14.346,11.176
-0.251,8.508,7.049
2.342,11.633,13.15
-4.323,13.178,13.207
-0.684,8.742,9.228
0.907,5.278,15.329
27.11,9.783,2.689
-2.414,8.274,12.568
-1.012,8.388,8.608
-0.687,5.644,9.008
-0.895,4.362,9.003
-1.888,0.835,10.231
-0.833,2.378,9.07
1.026,2.515,8.625
-0.648,2.029,7.747
-0.316,0.569,8.795
0.356,1.555,8.719
0.385,1.457,8.326
-0.06,0.61,6.745
-0.313,-0.493,7.273
-0.132,-1.414,7.01
0.172,-2.4,7.247
-0.55,-2.44,7.651
-1.366,-2.859,7.47
-0.364,-3.194,7.994
0.163,-2.943,9.171
-0.531,-2.996,10.087
-0.888,-3.017,10.183
-0.304,-3.127,8.886
-0.371,-3.268,9.03
0.093,-2.321,8.405
0.189,-2.053,6.393
-1.61,-4.218,7.661
-1.244,-3.785,9.747
-0.024,-2.591,10.475
-1.483,-2.211,10.008
-0.847,-2.993,8.96
-1.022,-2.835,9.879
-0.861,-2.921,9.865
-0.543,-3.965,9.245
-0.23,-3.711,8.235
-1.048,-3.584,7.876
-1.732,-3.807,8.649
-2.153,-3.931,8.934
-1.225,-3.297,9.097
-1.302,-3.285,9.259
-1.474,-4.115,7.845
-1.687,-4.993,8.364
-2.448,-2.735,8.123
-3.103,-2.175,8.745
-3.598,-3.412,8.946
-3.775,-3.936,8.893
-3.039,-2.548,8.405
-4.07,-0.735,9.711
-4.943,-0.421,9.812
-5.735,-2.225,8.967
-6.766,-4.886,8.642
-7.52,-4.125,9.214
-9.424,-1.031,11.018
-12.26,-1.182,8.498
-13.288,-0.768,10.046
-14.944,0.766,13.767
-12.059,-5.716,8.757
-12.719,-13.788,3.115
-15.451,-15.119,1.144
-14.918,-7.613,0.077
-9.202,-3.065,-5.331
-9.939,-5.005,-9.283
-13.296,1.572,-11.554
-2.182,-2.763,-4.266
-7.099,3.39,-4.881
-4.077,2.125,0.479
10.228,-12.123,-7.867
4.201,-1.682,-3.744
-7.948,-23.902,6.723
-8.018,-14.324,4.548
-13.339,-15.198,3.84
-21.323,-13.822,1.72
-25.29,-15.521,-0.916
-18.038,-8.297,1.16
-18.42,7.934,3.931
-16.447,10.649,5.694
-18.248,3.651,5.178
-18.169,1.18,6.357
-20.473,-0.057,9.695
-15.798,10.645,13.36
-19.521,2.259,-12.494
-6.419,-19.282,0.141
-13.549,6.996,7.486
-11.64,5.694,-1.22
-4.118,5.658,-2.378
-8.608,-0.938,4.354
0.218,0.223,3.984
-8.154,6.745,4.56
-11.638,21.564,5.785
-4.285,14.99,6.214
-8.929,8.331,5.113
-12.812,3.182,7.723
-14.6,-4.221,8.128
-16.75,-7.216,9.666
-16.98,-7.271,10.999
-23.526,-9.867,10.642
-28.199,-15.49,6.953
-25.043,-17.518,1.802
-23.375,-10.525,-5.003
-19.404,-7.872,-4.826
-13.267,-2.153,-1.854
-16.305,-7.692,-1.211
-16.126,-5.443,-1.23
-16.289,-3.4,-4.319
-18.296,2.718,-4.127
-12.274,11.152,-3.598
-5.123,8.833,-2.756
-8.85,7.673,1.835
-6.917,7.642,-1.101
-11.635,2.244,-1.526
-17.629,-3.395,-3.699
-21.335,-8.553,-3.857
-20.942,-4.455,-3.785
-37.918,-6.304,22.667
-24.033,-4.218,14.09
-10.8,12.465,12.585
-4.711,14.379,12.166
5.694,0.608,6.938
0.361,11.372,11.315
-7.005,12.635,14.978
-4.62,11.755,15.667
2.969,4.816,10.96
1.483,4.974,16.779
-1.546,9.549,10.578
-2.596,5.713,7.096
-1.407,4.154,9.142
-0.024,4.984,9.546
-0.723,3.534,9.008
0.488,3.89,8.532
-0.227,1.117,7.541
0.234,0.519,7.436
0.723,1.56,8.463
-0.935,2.139,8.967
-0.892,0.005,8.525
1.407,0.105,9.01
1.065,-1.22,8.415
-0.84,-1.83,6.711
-2.165,-2.95,7.242
-0.34,-1.314,8.51
-0.091,-0.617,9.274
0.833,-2.213,8.833
-0.797,-2.065,8.544
-0.72,-0.634,8.506
-1.007,0.067,5.967
-0.988,-0.842,10.448
-1.321,-3.842,11.063
-0.38,-1.754,10.365
-0.481,-1.199,8.592
-1.926,-2.263,7.989
-1.45,-1.818,8.998
-0.543,-2.302,10.085
-1.656,-1.955,8.948
-0.562,1.136,10.972
-2.065,-0.914,8.331
-1.407,-0.44,9.302
-1.526,-1.223,7.869
-0.421,-2.732,7.472
-1.632,-1.586,8.575
-3.208,-0.156,8.951
-3.187,-1.091,8.029
-2.785,-2.842,8.223
-2.957,-3.12,10.279
-3.864,-0.318,8.223
-4.826,1.069,9.257
-5.326,0.127,8.86
-5.233,0.744,10.135
-6.065,-2.067,10.113
-6.254,-3.979,8.664
-6.283,0.012,8.848
-5.948,2.785,8.79
-9.824,4.477,9.051
-13.061,-0.495,7.419
-15.088,-6.84,6.974
-19.736,-13.803,3.474
-22.421,-15.423,2.366
-18.832,-10.054,2.845
-16.722,-8.764,-1.01
-10.286,-9.554,-5.78
-8.324,-4.366,-9.341
-11.846,7.02,-8.314
-9.644,6.309,-1.866
-7.819,-5.735,-1.048
-3.756,-16.279,-3.462
20.777,-11.317,-8.302
0.952,-5.816,5.245
-1.677,-3.555,6.29
-7.19,-7.599,3.043
-14.559,-6.682,1.708
-25.983,-11.748,2.397
-25.246,-8.632,6.051
-18.339,0.541,7.525
-20.674,0.735,6.795
-19.612,8.338,0.971
-18.509,6.376,7.144
-16.066,-6.053,8.321
-12.764,-0.859,8.491
-17.966,-6.036,-0.873
-3.448,-1.517,13.456
-14.53,7.848,3.18
-10.032,-1.392,-3.651
-7.666,-3.752,0.416
-9.781,5.23,7.79
-12.272,23.344,8.728
-5.96,17.48,3.302
-1.639,1.928,3.73
-10.204,4.912,7.905
-13.023,11.905,14.669
-11.719,-1.165,13.767
-15.982,-12.382,13.322
-23.806,-18.724,10.771
-40.516,-2.749,13.781
-31.395,-4.18,8.831
-26.787,-4.783,9.424
-25.598,-11.465,6.446
-22.739,-18.411,-4.563
-12.776,-14.829,-12.441
-17.825,-10.635,-7.008
-17.669,-7.965,-4.957
-20.736,-8.692,-7.039
-21.959,-2.378,-4.544
-16.435,8.427,-4.386
-25.258,11.633,-4.809
-11.953,12.207,1.723
-7.534,7.388,-0.215
-13.757,2.419,-0.584
-18.698,-1.861,-2.428
-21.947,-2.311,-3.321
-39.853,-21.78,-12.343
-36.288,-3.594,2.938
-18.152,7.747,14.164
-9.886,11.757,9.367
2.996,1.756,0.66
3.45,6.589,7.637
0.144,13.776,15.052
-3.718,18.538,16.021
-3.704,10.764,13.762
-1.864,6.505,10.037
0.687,7.383,15.195
-1.933,4.12,10.606
-0.557,4.302,8.75
-0.194,4.51,8.565
-0.447,3.756,8.927
-1.196,2.469,9.606
-0.12,3.596,8.726
-0.163,2.869,8.453
0.512,0.976,7.742
0.069,0.206,8.86
-0.077,-1.036,5.405
-0.493,0.902,8.747
-0.134,-0.706,7.745
-0.347,-2.134,8.558
0.273,-2.486,7.51
-0.254,-2.268,6.759
-0.278,-3.618,7.379
-0.359,-2.823,8.738
-0.804,-2.515,9.539
0.368,-1.199,7.927
-0.191,-2.402,8.142
-0.122,-2.723,8.252
-0.629,-3.898,8.135
-0.546,-3.706,9.159
-0.45,-2.665,9.319
-0.529,-2.213,9.104
-0.852,-1.914,8.58
0.017,-3.653,8.063
-0.751,-2.548,8.876
-1.046,-3.173,9.128
-0.589,-4.443,7.824
-0.598,-3.577,8.482
-0.754,-2.553,8.297
-0.624,-3.584,9.123
-1.467,-3.74,8.977
-2.141,-1.933,8.254
-1.976,-3.421,8.687
-1.357,-3.299,8.699
-1.369,-3.175,8.465
-2.699,-3.137,8.759
-3.144,-2.936,8.374
-3.316,-3.163,8.518
-3.979,-2.292,9.123
-3.921,-1.593,9.707
-5.632,-1.916,9.903
-5.376,-3.007,8.458
-4.118,-5.173,7.699
-4.058,-3.065,7.431
-5.194,-2.625,6.903
-6.06,-3.019,6.367
-8.685,-0.892,8.427
-14.047,2.292,9.14
-21.237,0.349,9.362
-14.454,-4.723,10.078
-18.243,-12.355,5.52
-17.928,-15.769,2.5
-16.7,-10.109,1.218
-10.855,-7.781,-0.512
-8.525,-9.764,-8.668
-10.745,-0.785,-13.284
-10.855,7.525,-10.896
-6.415,10.8,-5.953
-6.106,1.337,-3.948
-3.517,-13.815,-3.965
2.407,-16.758,-2.237
0.548,-12.331,1.211
-3.488,-16.04,4.491
-6.151,-7.826,6.288
-12.489,-8.29,1.256
-17.559,-13.975,-2.278
-24.287,-16.973,-1.89
-25.316,-2.232,6.235
-24.34,6.625,7.494
-15.954,5.517,4.175
-17.014,5.895,7.245
-19.181,5.446,11.317
-18.263,5.223,10.135
-23.864,-5.17,-6.726
-17.332,-5.393,-8.245
-18.523,-4.881,-1.199
-8.125,12.874,0.452
-4.859,-4.283,-5.496
-7.556,-13.322,0.251
-10.228,-2.926,3.694
-8.333,15.061,5.388
-8.587,16.877,1.412
-6.589,7.328,1.79
-6.749,15.576,5.704
-9.845,15.612,6.092
-10.645,11.413,7.175
-10.231,-3.366,6.525
-12.444,-1.608,11.315
-18.98,-4.168,12.37
-20.918,-6.946,9.381
-27.357,-8.539,8.869
-26.56,-7.616,9.281
-24.565,-9.769,6.276
-22.564,-14.547,0.876
-20.815,-14.233,-5.103
-10.769,-10.365,-21.832
-18.684,-3.027,-5.682
-18.1,-3.649,-1.385
-16.832,-7.704,0.481
-17.396,-2.072,-1.041
-11.767,13.413,-4.924
-11.74,12.35,-3.651
-2.806,10.025,-2.419
-7.963,6.984,-2.878
-10.752,0.656,-1.168
-15.947,-2.701,0.041
-22.452,-4.125,-2.591
-21.555,-7.58,-5.357
-26.218,-10.975,59.802
-30.17,-1.0,17.707
-8.829,19.614,14.667
-0.651,15.769,9.054
1.701,4.039,7.869
1.778,5.862,13.327
-1.558,9.381,15.145
-3.031,10.434,14.951
-1.098,3.811,11.137
1.586,5.235,10.3
-0.213,6.675,10.451
-0.715,5.285,8.144
-1.778,3.637,10.597
-0.811,3.261,10.142
0.05,2.352,8.975
-1.156,2.787,9.912
0.002,2.481,9.018
0.423,1.108,8.41
-0.117,-0.189,9.039
-0.103,0.627,10.305
0.404,0.309,8.934
0.333,0.033,8.156
0.23,-0.368,7.718
0.428,-1.132,7.12
0.433,-2.826,7.113
-0.165,-3.165,7.405
0.397,-2.94,8.565
0.603,-2.603,7.745
-0.371,-1.653,7.472
-1.215,-2.974,7.97
0.036,-4.254,9.69
0.258,-3.015,10.609
-0.457,-2.594,9.527
0.648,-2.027,9.092
-0.084,-4.082,8.379
-0.122,-4.113,7.781
-1.146,-3.924,9.281
-1.601,-3.139,9.941
-1.45,-3.826,9.25
-1.756,-3.938,8.197
-0.067,-4.055,7.257
0.376,-4.35,7.587
-0.522,-4.95,8.187
-1.359,-4.498,8.475
-1.024,-3.955,8.281
-0.636,-3.319,8.434
-1.192,-2.548,8.345
-1.419,-2.873,9.195
-1.258,-3.527,9.365
-0.945,-3.685,9.271
-1.101,-3.452,9.235
-1.763,-3.515,8.74
-1.598,-3.187,8.185
-2.61,-3.362,8.537
-3.094,-3.357,9.31
-2.89,-2.783,9.896
-2.627,-3.369,9.539
-2.208,-2.984,8.163
-3.761,-3.311,8.238
-4.575,-2.998,10.259
-4.35,-1.526,9.68
-4.008,0.416,10.379
-5.45,1.715,10.501
-5.237,-2.986,10.099
-3.342,-4.783,10.324
-4.644,-5.221,8.321
-8.991,-1.665,6.245
-15.224,2.239,9.276
-13.336,0.007,8.532
-14.566,-7.003,7.553
-18.167,-15.054,2.859
-20.698,-16.215,2.869
-17.71,-8.697,1.792
-12.492,-4.555,-1.479
-8.786,-5.103,-6.345
-6.225,-4.01,-10.558
-6.972,4.053,-9.446
-11.556,5.438,-5.103
-4.697,1.684,-3.503
-0.794,-13.65,-4.316
-1.531,-14.609,-1.78
-1.787,-9.125,4.867
-0.136,-8.723,6.056
-6.209,-6.642,3.096
-8.077,-7.297,-0.869
-17.016,-12.013,-1.089
-27.137,-8.171,3.417
-26.199,-2.675,5.771
-22.663,-2.019,4.091
-18.318,-3.33,-0.273
-17.37,-4.072,3.816
-15.865,3.986,5.505
-18.303,3.517,11.204
-31.398,-0.979,10.81
-16.657,-25.139,0.077
-12.602,-4.481,15.324
-17.506,11.606,-1.349
-14.547,2.089,-5.754
-7.994,1.282,0.758
-3.543,2.845,1.227
-9.719,-0.4,3.472
-9.195,20.851,5.852
-19.473,25.211,9.515
-2.737,11.527,7.857
-6.51,1.278,2.184
-15.592,4.622,5.718
-12.42,2.017,8.637
-13.087,2.766,11.681
-15.281,-3.185,8.805
-18.337,-5.319,8.23
-20.586,-7.357,6.773
-20.54,-7.683,6.594
-19.834,-11.786,5.099
-19.813,-13.059,-0.23
-16.612,-13.004,-0.053
-15.195,-9.07,-1.108
-17.743,-6.295,-2.517
-16.784,-2.251,-5.005
-17.877,-4.216,-4.721
-18.698,-1.503,-0.392
-18.614,8.434,-0.995
-14.365,15.377,-7.63
-1.634,8.424,-2.287
-2.29,10.568,-0.144
-5.254,3.866,-0.311
-12.035,0.672,2.146
-15.104,0.735,2.601
-20.172,-10.293,-1.79
-33.063,-6.285,10.369
-18.444,-5.833,7.52
-24.952,0.0,16.061
-9.633,7.252,10.446
-4.517,8.333,1.778
11.104,2.177,0.706
1.957,5.218,11.896
-2.847,10.063,12.439
-1.242,8.472,18.327
3.29,9.558,8.419
-0.05,10.283,10.159
-3.122,6.718,10.535
-0.359,2.163,7.898
1.103,4.912,8.589
-0.79,5.668,9.436
-0.117,4.359,8.51
-0.321,3.309,8.352
-0.019,3.266,8.183
0.112,2.905,9.075
0.16,2.668,9.446
1.103,1.275,8.652
1.007,-0.17,8.075
-0.258,0.005,8.096
-0.462,-1.419,7.41
1.014,-1.979,8.166
1.347,-1.701,6.458
0.244,-3.132,7.479
0.603,-4.711,5.776
0.766,-3.938,5.795
-0.318,-3.158,7.996
-0.567,-4.376,9.388
0.347,-3.364,8.496
-0.443,-4.345,9.01
-0.833,-4.637,9.673
-0.227,-4.419,10.42
0.976,-4.457,9.357
0.833,-4.579,8.352
-0.524,-4.187,8.338
-0.536,-4.551,8.508
-0.081,-3.486,9.097
-0.758,-2.986,8.331
-1.211,-2.701,9.077
-1.897,-3.972,8.704
-0.83,-3.252,7.941
-0.23,-5.369,8.446
-0.553,-4.4,8.269
-1.125,-3.354,8.336
-1.589,-2.067,8.891
-0.694,-2.302,8.967
0.007,-4.17,8.714
0.153,-5.048,8.324
-0.969,-3.33,8.757
-2.024,-2.417,8.965
-2.665,-3.182,8.807
-2.783,-3.866,8.685
-2.464,-3.35,8.848
-2.306,-1.481,8.876
-4.029,-1.553,10.154
-4.472,-1.713,9.544
-4.158,-2.773,9.86
-4.388,-1.928,10.611
-3.792,-2.041,11.343
-3.005,-2.586,10.738
-4.529,-3.472,9.065
-5.123,-4.041,8.683
-5.063,-4.151,5.902
-7.958,-1.962,6.955
-10.755,1.715,9.185
-15.454,0.122,8.599
-16.107,-6.831,7.943
-15.86,-11.384,3.941
-18.667,-12.214,3.156
-16.224,-7.386,4.039
-12.372,-5.864,0.749
-11.824,-9.044,-4.809
-8.321,-4.974,-10.307
-9.235,2.223,-10.678
-10.838,5.352,-5.163
-8.86,6.848,-4.472
-6.039,-2.988,-3.101
-3.771,-15.011,-4.252
-0.055,-7.07,1.089
-4.031,-10.841,1.404
-7.355,-22.978,5.702
-5.749,-10.795,7.972
-12.946,-9.266,4.424
-16.396,-8.869,-4.036
-20.028,-10.099,-3.484
-18.743,-1.05,3.469
-18.875,9.405,5.446
-17.509,6.773,5.4
-17.442,6.422,6.802
-19.834,-1.263,12.798
-15.25,-4.933,17.597
-20.291,3.254,-0.555
-12.724,-5.575,10.8
-15.257,18.586,5.615
-15.298,-4.314,-6.319
-9.783,-7.888,-3.625
-15.478,0.577,4.149
-5.608,5.881,4.795
-6.888,10.91,6.953
-9.374,21.442,6.044
-6.572,17.404,1.074
-2.795,-0.038,-3.182
-12.334,5.051,5.094
-14.071,-2.907,4.654
-14.291,4.386,8.829
-10.932,5.261,10.594
-13.008,-0.727,10.925
-15.743,-5.69,8.912
-20.478,-10.805,7.247
-20.906,-13.126,7.305
-21.493,-15.322,6.027
-20.134,-12.819,2.78
-20.428,-10.319,-0.349
-14.262,-7.922,2.873
-18.083,-0.56,-0.306
-15.578,-3.0,-3.498
-17.679,-7.568,-2.091
-18.32,0.663,0.194
-18.109,17.911,-0.56
-5.276,8.063,-1.921
-3.642,12.563,-0.268
-7.192,4.388,-1.158
-14.547,-0.799,-0.517
-16.104,0.366,1.058
-18.65,0.682,1.751
-20.854,-3.007,0.299
-26.101,-13.951,1.802
-17.655,-2.582,10.075
-14.205,-2.95,15.626
-7.407,12.071,13.597
-2.952,9.365,5.139
0.869,4.445,6.4
2.101,10.731,11.779
-2.708,9.044,12.64
-7.381,2.802,13.018
4.029,5.173,15.281
1.931,3.895,14.614
-0.778,6.352,10.68
-2.809,6.424,8.364
-1.931,3.835,8.41
-0.423,2.393,8.137
-0.438,2.366,9.678
0.419,2.369,10.633
-1.665,3.653,9.994
0.445,2.141,8.958
0.337,1.474,8.331
-0.488,0.538,8.68
-0.043,1.048,9.365
0.256,-0.828,8.872
-0.505,-1.091,7.963
0.234,-0.517,8.606
0.869,-0.979,8.128
-0.321,-2.761,7.317
-0.775,-3.043,7.872
-0.237,-1.861,9.281
-0.512,-1.33,9.455
-1.069,-2.457,8.903
0.213,-1.627,9.01
-0.909,-1.651,8.721
0.01,-0.629,9.795
-0.493,-1.816,10.152
-0.292,-1.625,9.211
-0.919,-0.857,9.963
-0.045,0.105,9.135
-0.715,-1.503,8.341
-0.737,-2.873,7.97
-1.467,-2.857,8.819
-1.701,-0.981,8.977
-1.184,-0.648,9.109
-0.964,-0.837,9.429
-0.897,-2.29,9.372
-1.486,-1.73,9.109
-1.625,-0.182,9.487
-1.663,-0.373,9.956
-1.699,-1.495,9.537
-2.129,-1.27,9.812
-2.409,0.479,9.604
-2.689,0.804,9.647
-2.527,-0.907,9.628
-2.567,-1.866,10.257
-2.316,-0.634,10.329
-3.295,0.467,10.566
-3.787,1.526,10.724
-4.711,-0.089,10.314
-4.89,-1.84,9.558
-4.319,-2.869,8.58
-3.668,-4.974,5.792
-4.407,-2.735,6.223
-7.427,1.361,7.374
-9.338,0.55,9.154
-9.764,-0.569,8.443
-10.893,-3.785,5.986
-14.777,-8.527,1.572
-18.492,-10.602,1.778
-15.174,-11.539,1.61
-13.796,-11.652,-0.9
-12.702,-10.061,-5.166
-9.881,-5.041,-8.544
-7.728,2.608,-7.951
-13.413,-1.199,-5.467
-11.09,-1.9,-0.919
-0.562,-2.297,1.304
-2.225,-1.072,-2.988
0.014,-13.152,1.117
-3.553,-9.542,4.855
-9.099,-16.315,9.338
-7.297,-3.826,8.132
-16.104,-1.964,-2.56
-22.229,-10.063,-3.852
-23.754,-14.042,-0.684
-17.868,-4.989,-2.464
-20.413,3.766,0.699
-19.461,6.455,9.841
-17.595,4.948,10.929
-20.892,2.07,8.63
-16.418,8.197,16.681
-20.806,-6.285,-0.036
-12.14,-5.769,-5.716
-15.604,-6.862,4.661
-7.577,9.044,0.969
-7.23,2.771,-1.285
-8.419,-2.627,1.787
-4.039,-6.216,3.204
-8.716,6.434,5.163
-12.461,9.458,2.751
-11.594,16.609,2.637
-8.168,21.887,3.591
-3.713,16.375,2.062
-6.429,7.812,2.201
-12.712,4.469,9.554
-13.147,4.785,8.085
-10.838,2.775,6.912
-12.08,-2.601,6.984
-14.221,-11.417,7.34
-18.272,-15.035,8.745
-23.318,-13.111,10.008
-19.277,-15.566,5.556
-20.983,-12.15,2.012
-18.428,-9.333,-3.204
-23.959,-7.185,-8.666
-12.489,-2.302,-1.11
-15.525,-4.924,-2.483
-16.798,-4.283,-3.039
-14.698,-3.986,-1.644
-15.626,6.85,-1.187
-7.692,10.032,-0.227
-4.933,8.235,2.409
-5.233,7.369,4.374
-10.046,1.615,0.809
-14.054,-1.938,-0.345
-17.339,-2.718,-0.802
-21.076,-3.263,1.871
-39.207,-5.919,8.073
-25.227,-11.274,5.493
-19.567,2.074,14.975
-4.752,14.214,9.999
1.242,-0.895,1.285
5.235,0.687,10.087
0.256,8.319,16.315
-7.309,13.518,17.818
-2.283,14.475,18.703
1.347,5.484,9.087
0.924,4.465,8.008
-1.225,3.531,7.453
-0.51,4.388,9.391
-1.433,4.244,10.585
0.902,2.517,10.044
0.804,2.991,10.484
-0.498,2.601,8.762
-1.247,2.342,9.355
-1.306,1.725,10.623
0.112,1.361,10.709
1.586,-0.84,8.63
0.524,-0.577,8.436
-0.404,-1.038,9.276
0.507,0.629,8.608
0.242,-0.77,7.561
1.225,-1.778,7.166
-0.077,-2.134,7.632
0.227,-1.761,8.221
1.708,-2.579,7.845
-0.022,-2.117,7.336
-1.127,-2.835,7.218
-0.132,-2.73,8.276
-0.1,-3.426,8.79
-0.715,-2.55,9.089
-0.579,-3.505,9.678
0.014,-3.366,9.688
0.081,-2.876,9.841
0.732,-2.589,9.432
-0.746,-3.187,8.69
-1.16,-6.056,7.764
-1.136,-4.319,8.848
-0.328,-2.708,9.367
0.206,-2.017,7.388
-0.421,-3.316,6.958
-0.758,-4.84,7.867
-1.101,-3.388,9.161
-0.94,-2.881,9.436
-1.108,-3.173,8.628
-0.622,-2.259,8.417
-0.883,-3.304,8.336
-1.026,-3.917,8.776
-0.991,-2.608,8.824
-2.804,-2.692,8.92
-2.761,-2.469,9.499
-2.974,-2.094,9.618
-2.931,-1.089,9.434
-2.62,-1.151,9.908
-3.211,-1.802,9.826
-3.73,-2.354,9.956
-3.395,-1.816,9.207
-3.627,-1.436,9.922
-5.084,-2.192,9.822
-5.434,-3.948,9.47
-4.043,-3.74,7.896
-3.728,-1.206,5.091
-6.47,-1.357,5.747
-10.704,0.675,6.934
-14.119,-3.663,6.608
-14.336,-8.917,7.18
-22.017,-12.114,3.761
-23.096,-12.08,5.0
-17.782,-6.441,6.905
-14.052,-5.034,2.763
-10.302,-3.814,-4.639
-6.118,-1.873,-10.98
-6.357,5.264,-11.152
-10.07,7.802,-6.4
-7.941,0.23,-2.804
-6.795,-11.346,0.94
-3.464,-13.075,4.242
2.038,-9.819,-1.258
-1.847,-14.7,3.194
-4.847,-14.308,6.453
-10.135,-7.616,7.482
-16.057,-5.422,3.079
-19.165,-12.061,-2.548
-20.052,-7.852,-1.019
-16.75,-1.644,0.278
-20.045,2.759,0.22
-18.239,12.032,7.539
-20.437,5.118,6.635
-16.77,-2.256,5.123
-12.336,3.725,0.352
-18.339,1.928,2.141
-19.911,1.625,3.682
-19.198,-5.759,10.532
-12.348,11.415,0.223
-0.022,-6.41,-6.218
-8.254,1.058,2.402
-12.547,-0.495,7.271
-17.057,7.08,5.9
-4.276,14.454,1.165
-9.566,15.382,4.654
-4.761,15.836,9.262
-9.197,8.747,3.845
-13.863,6.139,3.33
-10.793,1.046,3.728
-10.846,-1.397,5.632
-10.743,-3.118,5.551
-11.477,-5.613,4.615
-11.571,-9.463,4.012
-13.786,-12.305,3.476
-17.471,-15.478,3.319
-20.007,-16.736,1.048
-16.724,-11.98,-0.033
-17.42,-9.032,-3.967
-17.676,-7.742,-4.567
-15.58,-2.857,-3.577
-14.169,-1.292,-2.931
-11.867,-3.563,1.526
-11.831,-1.969,0.62
-13.681,8.843,-0.517
-7.161,13.86,-1.022
-1.531,13.987,-4.945
0.959,0.376,-1.196
-10.68,4.41,0.122
-16.858,0.474,1.203
-22.277,-7.245,8.187
-22.397,-9.219,1.68
-23.165,-1.572,12.63
-26.483,-10.664,6.869
-17.949,6.991,10.348
-6.113,17.954,13.776
-2.658,8.271,5.197
0.103,7.589,12.975
-1.448,5.276,9.015
-2.742,10.188,14.583
-1.524,8.003,10.688
0.531,8.116,9.664
0.22,6.9,10.623
-3.974,2.548,9.9
-1.775,5.692,10.269
-0.904,4.572,8.431
0.467,2.091,7.374
-0.543,0.854,8.281
0.443,1.436,8.915
2.381,1.148,8.056
0.799,1.211,7.974
0.163,3.189,8.073
-0.802,-1.256,7.742
-0.431,-2.692,7.795
0.703,-0.797,8.496
-0.828,-0.4,9.319
-0.313,-1.656,8.948
1.254,-2.766,8.063
0.206,-2.948,6.714
0.639,-2.062,7.628
1.192,-2.481,8.199
-0.189,-3.637,9.513
0.062,-2.84,8.771
0.227,-2.713,9.216
0.074,-3.792,8.331
-0.17,-4.752,7.718
-0.409,-4.9,9.257
0.62,-4.055,8.613
0.735,-4.101,9.185
0.416,-3.201,9.132
-0.156,-3.594,8.783
-0.802,-5.335,8.874
-0.924,-4.221,8.195
-1.019,-4.244,8.857
-1.0,-3.603,9.135
-0.522,-4.673,8.96
0.11,-5.19,8.733
-0.627,-4.311,8.099
-0.481,-3.783,8.857
-0.869,-3.766,9.704
-0.641,-4.163,9.465
-1.182,-4.067,8.111
-2.094,-3.204,8.219
-2.151,-2.852,9.01
-1.61,-3.06,9.527
-1.68,-3.718,9.444
-1.266,-2.799,8.733
-1.57,-3.06,7.723
-1.883,-3.591,7.886
-2.417,-3.503,8.343
-3.091,-3.529,8.434
-3.173,-1.799,9.058
-3.603,-0.438,9.982
-4.053,-2.311,9.745
-3.663,-3.319,8.274
-4.108,-1.718,7.862
-4.795,1.507,8.297
-5.563,1.632,9.592
-5.216,-0.481,9.357
-4.252,-2.761,7.238
-4.594,-2.419,5.728
-8.745,-0.943,7.029
-11.795,1.598,9.353
-15.932,-0.304,10.233
-12.307,-4.072,10.255
-17.337,-7.998,6.247
-16.133,-13.642,2.988
-14.992,-13.599,2.232
-13.26,-8.558,-0.847
-10.424,-6.194,-6.56
-7.448,-2.885,-12.707
-7.939,3.297,-13.729
-13.788,4.402,-7.805
-5.398,0.28,-2.646
-1.976,-11.611,-0.285
-2.617,-13.415,3.311
1.125,-12.999,4.089
1.407,-7.352,3.864
0.455,-6.45,-0.249
-5.953,-7.812,2.584
-13.023,-8.754,-2.318
-18.722,-10.745,0.373
-22.083,-5.41,0.304
-22.639,-1.9,-1.11
-20.265,0.546,0.871
-15.013,1.615,-1.407
-14.607,2.481,0.88
-18.602,9.061,2.39
-26.127,2.79,17.449
-35.968,-0.031,-14.674
-14.994,-19.894,3.381
-13.099,14.64,4.292
-9.243,0.758,-5.194
-7.281,0.074,-6.316
-9.341,1.988,4.067
-11.044,-0.859,0.912
-4.709,8.259,1.364
-7.805,7.46,4.022
-8.302,14.399,3.295
-2.945,9.034,4.134
-5.718,9.345,5.261
-7.446,3.953,4.084
-7.752,1.294,4.716
-9.723,3.084,6.659
-10.625,3.29,7.132
-10.537,1.704,5.323
-12.152,1.378,5.52
-12.54,-0.744,5.534
-12.367,-4.938,3.699
-16.6,-9.113,6.625
-13.987,-11.956,2.297
-13.238,-8.735,2.055
-18.176,-7.302,1.002
-9.75,-7.221,-0.153
-14.257,-6.051,-0.828
-15.681,-4.398,-0.124
-14.58,-3.797,-1.325
-12.666,-2.806,0.766
-15.592,-0.459,3.074
-12.755,8.719,5.367
-6.623,7.422,2.639
-3.409,7.733,3.708
-3.498,4.515,5.838
-9.022,0.72,4.5
-15.112,-1.957,3.206
-17.559,-2.35,2.28
-15.269,-2.534,0.139
-19.291,-1.55,2.12
-18.009,-4.778,3.656
-19.564,-10.544,13.858
-12.606,-1.069,11.228
-4.228,12.475,7.563
0.792,5.448,0.998
0.215,2.483,11.929
-1.747,6.204,13.671
-3.802,13.059,1.297
0.108,10.221,13.575
-2.641,8.252,11.36
-1.388,6.749,10.628
-0.462,5.256,9.451
-1.089,4.795,9.652
-0.349,4.022,10.506
-0.208,3.24,10.74
-0.06,3.378,9.537
-0.388,4.039,8.786
-0.919,2.05,8.943
1.093,-0.498,9.369
-0.033,2.144,10.508
0.574,0.471,8.989
0.373,-0.345,8.601
-0.031,-2.022,8.597
0.098,-0.476,8.702
-0.246,0.019,8.307
0.95,-1.065,8.403
0.493,-1.629,8.951
-0.754,-0.505,9.082
-0.957,-0.967,8.23
0.263,-1.766,8.324
0.323,-2.342,9.087
-0.878,-2.172,9.857
0.172,-1.816,9.197
0.644,-1.761,8.515
0.115,-3.433,8.219
-0.005,-4.486,8.649
0.445,-3.821,8.843
-0.134,-3.328,9.204
-0.77,-3.579,9.159
-0.701,-2.993,9.678
-1.653,-2.661,9.446
-0.679,-2.151,8.355
0.438,-3.314,8.175
-1.275,-3.924,7.924
-1.342,-1.646,8.915
-0.586,-1.031,9.503
-0.694,-2.163,9.783
-0.742,-3.082,9.542
-0.27,-2.376,8.802
-2.019,-0.61,8.283
-2.653,-2.51,9.204
-1.412,-2.699,9.558
-1.012,-2.084,10.2
-1.404,-0.842,9.568
-2.316,-2.01,8.841
-1.928,-3.065,8.281
-2.094,-2.527,8.506
-2.199,-1.598,8.781
-2.634,-1.591,9.403
-2.967,-1.373,9.805
-3.835,-0.321,9.494
-4.271,1.814,9.786
-4.383,1.828,10.03
-4.539,-1.749,10.073
-4.307,-3.993,9.841
-4.146,-5.123,8.931
-4.276,-2.869,6.678
-6.953,0.297,7.161
-9.714,2.692,9.197
-13.334,1.065,8.86
-13.922,-4.235,8.967
-15.59,-8.152,6.749
-17.301,-10.791,3.74
-16.095,-11.882,1.491
-14.171,-9.692,0.45
-10.925,-4.266,0.069
-8.58,0.919,-4.354
-5.735,4.218,-8.065
-8.53,-0.091,-10.625
-9.379,2.596,-7.513
-7.448,-5.103,-4.453
-4.395,-12.779,-2.991
-3.055,-10.494,-0.002
-0.823,-3.627,-1.718
-3.275,-8.25,0.524
-3.912,-15.944,0.371
-3.024,-19.277,-0.995
-4.68,-10.865,2.46
-13.726,-4.527,1.648
-21.713,-3.725,1.06
-23.679,-9.805,0.153
-15.624,-1.208,0.122
-17.272,4.204,2.742
-11.791,11.219,3.352
-18.502,6.826,6.759
-22.964,5.134,11.484
-31.857,15.116,9.934
-22.868,-36.248,-68.586
-14.071,1.376,-2.728
-13.363,2.486,-0.641
-9.922,5.309,5.45
-10.508,3.309,4.527
-8.056,-0.117,1.27
-8.506,2.835,-0.191
-5.879,6.879,0.072
-9.221,4.869,1.376
-10.173,9.266,3.261
-8.027,14.391,3.778
-8.862,11.441,3.998
-9.312,8.089,3.18
-13.085,-0.821,3.699
-12.477,2.058,5.056
-11.245,2.34,7.111
-13.542,-2.058,8.369
-14.719,-11.604,7.386
-17.6,-16.837,6.611
-21.493,-15.59,6.434
-17.64,-12.3,4.02
-16.332,-12.379,-4.802
-13.805,-9.683,-4.622
-14.851,0.572,-3.979
-12.74,0.605,0.9
-14.793,-0.641,1.342
-14.86,1.302,-4.532
-10.759,4.441,-1.763
-8.458,9.101,-1.113
-5.967,7.903,-2.371
-8.673,5.608,-5.546
-9.774,2.873,-2.68
-10.532,2.993,1.644
-14.3,3.039,-0.938
-17.255,-3.984,-3.307
-21.088,-5.513,4.455
-12.001,-3.878,8.757
-17.983,2.591,7.551
-18.33,3.627,15.305
-6.025,10.525,14.987
-1.684,7.407,9.128
23.175,21.595,38.099
34.333,12.219,1.278
-6.24,11.202,9.042
-5.589,12.142,12.65
-3.376,10.034,11.693
-0.656,8.618,12.31
-0.761,6.393,8.759
-0.696,3.527,7.24
-1.515,3.256,7.75
0.024,4.548,8.312
-0.103,2.637,8.85
-1.012,0.991,10.008
0.232,2.211,10.621
0.428,3.496,9.254
0.907,2.878,7.699
1.67,1.278,7.539
1.125,-0.426,8.058
0.687,1.105,7.852
-0.27,0.005,7.261
0.546,-0.541,6.998
0.993,-2.16,6.548
1.816,-1.869,7.022
-0.447,-2.78,7.738
-0.888,-2.038,8.168
-0.952,-2.694,8.142
0.493,-3.694,8.738
1.596,-2.713,8.29
0.201,-1.988,8.967
-0.682,-2.73,9.125
-0.689,-2.397,8.671
0.55,-1.9,8.783
1.211,-2.371,8.637
-0.852,-2.431,9.795
-1.189,-1.687,8.673
-2.943,-2.239,9.633
-1.861,-2.5,9.903
-0.981,-1.543,9.152
-0.359,-1.84,9.355
0.555,-1.565,8.97
0.313,-2.639,8.912
0.163,-2.854,9.881
-0.94,-1.787,9.666
-1.948,0.199,9.47
-2.314,-0.038,9.223
-2.309,-2.426,8.991
-1.495,-2.271,8.75
-1.895,-0.177,8.546
-2.129,2.115,8.843
-2.74,1.902,10.525
-3.369,-0.189,10.226
-3.474,-2.235,8.408
-4.285,-1.699,7.97
-5.209,-1.115,7.776
-4.721,-1.967,8.053
-5.19,-0.347,6.998
-6.271,1.017,7.644
-8.381,0.352,9.577
-10.652,-1.316,8.8
-10.604,-0.648,8.419
-13.03,-1.809,7.29
-14.138,-4.45,6.498
-17.416,-8.498,6.702
-13.894,-6.709,5.902
-12.633,-8.393,4.098
-11.188,-9.702,-0.916
-12.884,-4.933,-3.979
-10.645,-5.142,-3.598
-10.525,-2.086,-2.778
-3.898,-1.826,-2.019
-2.606,-10.862,-5.886
-1.448,-17.018,-1.969
-1.802,-6.927,1.369
-3.266,0.775,1.558
-8.336,-14.2,2.527
-6.312,-12.803,1.883
-8.551,-6.666,3.534
-15.473,-0.802,1.522
-22.332,-6.91,-1.16
-17.631,-4.998,-1.56
-17.492,-1.761,-1.481
-19.354,4.469,3.067
-22.655,6.34,6.673
-24.526,2.986,9.01
-22.289,-5.723,11.221
-21.074,-6.481,6.35
-19.633,-3.677,4.424
-14.635,-8.089,-0.572
-8.01,-0.591,-0.282
-9.984,-1.794,-3.955
-10.305,0.718,2.125
-3.077,6.871,-2.835
-4.496,9.764,1.66
-8.13,8.087,3.831
-8.845,9.537,2.268
-7.446,9.295,0.658
-2.74,11.032,2.115
-6.936,5.314,4.843
-11.886,6.223,5.993
-9.869,8.826,7.472
-8.24,7.412,7.869
-9.343,0.342,6.082
-11.556,-4.07,5.737
-14.083,-7.317,4.299
-12.707,-3.866,7.484
-17.94,-3.792,11.616
-20.102,-5.51,11.592
-17.935,-6.113,4.855
-13.927,-9.338,-1.323
-10.549,-7.4,-2.897
-12.26,-2.871,3.63
-10.515,-3.814,3.263
-10.958,-4.323,2.077
-18.598,-0.002,1.113
-10.235,1.156,0.347
-10.221,4.768,1.785
-3.249,7.173,0.292
-6.269,4.967,-1.668
-9.556,2.787,-2.517
-12.178,2.491,-5.41
-14.506,-1.553,-8.108
-13.073,-8.309,-9.625
-14.659,-9.616,4.278
-13.018,-8.003,0.218
-14.284,4.297,8.044
-21.617,18.208,11.047
-14.743,11.59,20.595
-6.637,12.499,12.571
-5.434,8.039,9.704
-12.676,4.972,12.709
-8.721,7.178,10.896
-5.694,6.627,12.846
-3.096,6.379,12.987
-3.153,5.965,11.664
-2.395,6.144,11.719
-2.677,5.192,12.13
-3.512,4.204,10.75
-2.251,3.491,10.121
-1.383,1.931,9.539
-2.074,1.309,9.075
-1.926,1.022,9.326
-1.849,-0.517,9.398
-0.701,1.101,9.704
0.428,3.007,9.36
-0.397,2.247,7.68
-0.833,1.038,7.178
1.156,0.471,6.068
1.258,-0.337,5.132
1.486,-0.916,3.881
0.342,-2.299,4.534
0.069,-2.476,5.175
-1.022,-1.641,5.905
-1.495,-1.27,6.836
-0.854,-3.328,6.831
-0.651,-5.118,7.35
-0.694,-4.577,8.152
-1.469,-4.589,7.998
-1.739,-4.642,7.276
-0.962,-4.874,6.898
0.512,-4.12,8.553
0.565,-3.685,8.831
0.572,-3.067,9.31
-0.33,-1.156,8.341
-0.23,-1.823,9.209
-1.83,-3.079,8.774
-2.33,-2.163,9.695
-2.594,-1.476,9.621
-2.823,-1.17,7.68
-2.637,-0.979,7.472
-3.591,-2.991,7.539
-3.912,-3.517,8.35
-3.443,-3.938,8.302
-3.577,-3.249,5.685
-3.242,-4.716,4.776
-4.204,-6.86,6.206
-4.326,-5.072,8.154
-5.355,-3.761,7.357
-6.084,-3.108,7.285
-6.407,-2.924,7.769
-7.087,-4.666,8.341
-7.781,-5.457,8.168
-11.245,-8.477,5.993
-11.929,-7.924,4.058
-7.584,-11.015,2.189
-10.535,-12.803,4.637
-13.53,-10.314,6.953
-10.482,-3.342,7.36
-11.123,-6.651,5.321
-7.697,-8.597,5.864
-11.054,-8.118,8.91
-10.795,-10.621,3.871
-9.869,-10.707,4.701
-9.185,-11.303,5.881
-10.472,-11.803,5.039
-10.987,-9.855,2.125
-8.561,-4.694,2.864
-9.537,-11.566,3.433
-9.522,-8.869,4.989
-10.92,-8.637,4.357
-11.252,-5.422,3.895
-10.59,-4.553,3.426
-11.915,-4.989,1.637
-10.946,-2.074,1.895
-10.673,-1.189,0.916
-9.759,-1.127,-0.483
-10.204,-1.012,-1.706
-10.96,-1.57,-2.522
-9.537,-3.335,-1.596
-9.676,-4.933,-0.983
-10.111,-2.304,-0.921
-9.097,-2.814,0.069
-8.726,-3.929,1.737
-11.343,-3.517,2.438
-12.647,-1.701,3.048
-12.915,-5.036,2.96
-11.499,-3.785,3.295
-10.649,-3.0,3.287
-10.326,-3.374,3.005
-10.075,-2.146,4.201
-9.793,-1.742,4.926
-9.231,-2.486,4.996
-9.259,-1.663,5.089
-7.764,-0.603,5.702
-6.711,-0.682,5.828
-6.855,-1.014,5.828
-7.884,-1.247,6.855
-8.644,-1.459,7.484
-7.297,-1.515,5.804
-6.218,0.079,5.235
-6.86,0.677,6.266
-7.226,-0.725,6.773
-5.73,0.34,7.403
-6.185,0.507,7.783
-6.797,1.242,8.635
-6.797,0.201,7.51
-6.481,0.05,7.173
-6.103,-0.153,7.02
-5.594,-1.17,6.73
-5.101,-1.936,6.096
-4.283,-2.204,5.414
-4.326,-2.876,5.347
-2.864,-3.831,5.19
-2.129,-3.656,4.989
-2.866,-3.713,5.446
-3.575,-3.876,6.013
-3.275,-4.237,5.484
-2.62,-3.077,5.953
-3.374,-4.075,6.096
-3.342,-3.883,6.17
-3.768,-4.261,6.541
-4.278,-4.386,6.613
-4.302,-4.615,6.711
-3.862,-4.685,6.379
-4.103,-4.103,6.505
-5.381,-3.084,7.309
-6.496,-3.242,6.788
-6.161,-2.706,7.551
-5.283,-2.086,8.058
-5.218,-1.749,8.408
-6.228,-1.943,8.439
-6.726,-1.433,8.144
-7.333,-1.385,7.711
-8.415,-3.694,7.211
-7.776,-5.838,7.113
-7.238,-4.701,6.173
-6.18,-4.615,4.981
-7.608,-3.936,4.11
-8.91,-3.766,3.589
-8.506,-4.639,3.005
-7.556,-2.541,2.321
-7.525,-3.366,1.237
-8.29,-2.586,1.802
-10.283,-3.283,1.835
-10.929,-1.11,2.974
-11.405,0.49,3.201
-12.664,-1.605,2.986
-12.315,-4.433,2.986
-12.353,-4.041,3.218
-12.054,-5.486,2.385
-11.178,-7.398,2.079
-11.264,-8.116,2.608
-11.513,-8.431,2.29
-11.396,-7.472,3.505
-12.429,-9.676,2.216
-12.023,-10.365,1.412
-11.597,-9.408,1.436
-12.176,-9.286,2.598
-10.948,-10.061,3.689
-11.015,-10.295,3.73
-10.752,-8.994,4.302
-8.996,-8.479,5.73
-6.087,-7.352,7.427
-8.752,-8.53,7.293
-8.522,-8.168,6.273
-8.032,-7.661,3.134
-5.623,-7.407,3.701
-5.568,-7.187,4.039
-3.924,-7.666,2.847
-1.768,-7.64,4.544
-3.149,-8.998,0.768
-2.302,-8.786,0.232
-1.574,-9.939,0.392
-1.634,-8.163,2.735
-2.479,-9.046,3.369
-3.905,-8.546,3.984
-1.986,-9.379,4.125
-3.29,-9.975,3.725
-3.043,-9.475,4.388
-3.003,-8.453,4.649
-2.376,-8.403,4.457
-3.443,-9.439,5.582
-2.268,-8.922,4.283
-2.68,-7.35,4.024
-1.409,-5.986,4.56
-1.304,-8.044,5.201
-2.292,-9.276,6.065
-1.517,-9.336,6.01
-2.998,-7.922,6.895
-2.46,-8.585,6.505
-1.699,-9.31,5.974
-1.256,-7.027,7.07
-1.285,-7.788,6.314
-1.062,-7.278,6.924
0.144,-5.984,7.565
-1.249,-7.118,7.35
-1.871,-6.718,7.106
-1.593,-5.194,7.685
-2.165,-5.723,7.214
-3.878,-3.967,7.661
-3.35,-4.082,7.015
-3.955,-3.505,7.723
-4.072,-2.505,7.884
-4.036,-1.208,8.343
-3.158,-0.479,8.419
-3.007,-1.084,7.632
-2.847,1.316,8.747
-11.654,3.189,13.75
-17.669,-32.113,9.171
8.214,26.687,5.637
-0.313,2.175,6.596
-0.232,4.029,7.415
0.184,8.924,9.805
1.641,8.9,8.948
-1.357,1.4,10.326
-0.177,0.203,12.518
1.665,2.893,13.42
1.041,1.895,13.284
0.945,4.187,14.15
0.969,2.091,12.049
1.78,1.634,10.066
3.606,2.407,10.168
2.641,3.407,7.874
5.582,2.472,5.754
1.924,2.984,9.68
0.483,-0.876,7.963
-5.079,0.577,10.609
-7.364,0.431,10.8
-6.967,2.07,9.266
-4.756,0.383,7.462
0.861,-0.794,7.259
-0.773,-0.299,8.137
-4.242,0.354,7.345
-3.498,1.079,9.917
-2.622,0.301,9.477
-3.974,-0.608,7.372
-1.244,0.234,9.101
-2.72,1.404,7.47
-2.146,0.62,7.915
-3.297,1.275,7.876
-2.696,1.163,8.175
-2.689,1.438,8.13
-2.515,1.854,9.121
-2.364,1.215,8.963
-2.407,2.921,9.032
-1.718,1.907,8.769
-2.397,0.804,9.51
-3.503,1.328,10.293
-3.077,1.172,10.728
-2.749,0.835,10.231
-2.223,1.127,10.439
-3.493,-0.232,9.116
-1.854,0.325,10.142
-1.376,2.761,8.099
-7.209,-0.074,9.872
-15.119,8.427,11.724
-2.919,-5.57,5.539
0.201,0.199,10.996
-5.737,-2.893,7.273
-8.161,-1.443,7.092
-6.58,0.002,8.855
-2.646,-2.089,7.807
-2.187,-3.902,7.383
-3.048,-3.689,7.025
-6.436,-3.644,6.242
-8.092,-2.574,8.207
-8.252,-1.299,9.082
-8.604,-0.888,8.503
-8.642,-2.33,5.529
-9.81,-2.366,2.919
-11.073,-2.536,-0.455
-14.138,-5.95,-2.285
-14.695,-5.938,-2.17
-14.288,-2.132,-3.158
-14.848,-3.307,-3.196
-14.712,-2.735,-3.397
-13.65,-2.572,-4.201
-11.774,-1.158,-5.764
-11.604,-1.759,-3.814
-9.195,0.189,-1.459
-5.955,-0.156,-0.01
-6.582,-1.931,-1.014
-2.39,-5.91,-5.711
-9.226,-10.807,-5.558
-10.628,-12.26,-3.45
-10.125,-10.302,-1.294
-12.274,-13.767,-1.072
-9.836,-13.162,0.828
-17.174,-6.233,3.118
-21.009,-7.398,-0.892
-16.226,-8.259,-5.553
-14.049,-9.889,-8.453
-11.305,-5.721,-6.422
-14.544,-1.381,3.498
-18.877,7.436,9.482
-23.486,9.592,10.051
-18.904,3.517,6.321
-16.947,-4.218,2.409
-15.315,-6.661,-0.022
-14.229,-5.687,1.242
-14.533,0.577,6.493
-7.922,15.456,-0.617
-7.056,-2.383,-0.531
-6.931,-4.862,0.108
-9.733,5.067,8.589
-8.13,14.786,7.525
-6.168,20.464,8.312
-2.852,22.177,8.058
-7.388,3.993,2.479
2.653,1.613,-2.488
-12.784,1.529,6.769
-16.265,4.754,13.044
-15.887,-10.57,11.094
-15.188,-10.41,12.946
-27.699,-12.681,12.623
-30.467,-10.683,13.81
-21.722,-14.229,5.338
-18.157,-14.53,-5.328
-4.261,-11.836,-25.912
-11.537,-5.393,-3.558
-16.375,-1.069,1.68
-17.195,-10.408,-0.268
-17.502,-8.051,-5.307
-14.267,4.84,-7.439
-11.063,11.681,-8.821
-3.223,8.97,-1.132
-7.197,1.943,2.617
-13.59,-2.89,3.019
-17.949,-3.811,5.591
-18.054,-1.12,2.206
-19.736,-0.55,-2.12
-19.5,-3.68,-3.582
-20.823,-7.544,8.881
-14.848,0.091,12.98
-14.375,-4.28,13.329
-8.587,9.554,14.174
-2.445,8.046,8.149
0.708,3.524,8.319
0.636,3.388,10.401
-0.254,8.841,13.497
-1.469,6.481,12.178
-2.381,6.498,12.42
-0.95,5.747,13.133
-0.833,7.159,10.118
-2.027,6.85,10.02
-0.01,4.833,9.91
-0.502,2.46,9.752
-1.177,1.232,8.795
-0.725,1.61,9.099
-0.914,2.151,9.589
0.079,2.149,9.388
-0.388,0.246,9.554
0.148,-0.593,8.606
0.663,-0.871,7.886
-0.045,-2.673,8.058
-0.268,-1.337,7.967
1.184,-0.632,9.003
0.715,-2.283,7.888
-0.675,-3.34,7.293
-0.732,-2.83,7.817
-0.321,-2.338,8.637
-0.646,-2.378,9.491
-0.677,-2.206,10.247
-0.079,-2.316,9.611
0.141,-2.07,8.585
-0.433,-2.926,8.436
0.404,-3.493,8.36
0.49,-4.012,8.989
-0.73,-2.806,8.635
-0.428,-3.122,8.233
-0.857,-4.008,8.032
-1.096,-3.905,7.06
-0.847,-4.29,7.247
-1.105,-2.476,8.341
-1.328,-2.766,9.156
-1.412,-3.369,8.881
-0.577,-2.744,9.266
0.122,-2.46,9.353
-0.811,-2.019,8.601
-1.452,-3.704,9.068
-1.658,-3.077,9.065
-0.825,-3.491,8.865
-1.505,-3.689,8.977
-1.933,-2.692,8.668
-2.132,-1.869,8.618
-2.357,-2.182,9.728
-2.771,-2.888,9.69
-2.515,-2.074,9.855
-2.823,-1.56,9.453
-3.048,-0.187,9.68
-4.922,-0.9,9.771
-5.113,-1.682,9.19
-4.393,-2.785,8.642
-3.716,-3.811,8.175
-3.993,-3.242,6.01
-7.905,-2.055,6.438
-14.968,0.95,10.125
-15.157,1.421,11.554
-14.217,-5.053,9.936
-15.126,-12.752,4.924
-17.31,-14.626,1.244
-17.25,-10.09,2.653
-13.918,-6.242,-1.366
-11.92,-5.142,-8.12
-9.238,0.526,-10.001
-10.838,3.615,-9.08
-6.053,6.027,-3.041
-7.927,-9.948,0.486
0.282,-19.282,3.811
-3.101,-7.553,3.225
4.273,-7.46,2.285
-2.223,-8.233,3.474
-9.623,-15.21,4.216
-14.427,-9.333,6.778
-15.04,-4.73,-0.167
-21.406,-3.218,-1.091
-21.423,-7.108,4.723
-14.643,1.991,3.383
-15.19,8.608,-2.177
-15.923,4.938,1.381
-19.901,-1.412,13.001
-16.583,1.658,10.369
-14.839,3.909,8.625
-18.763,-3.129,-0.423
-16.523,-7.57,-0.493
-13.564,0.495,6.209
-9.793,5.625,-2.393
-4.749,5.39,-0.514
-10.695,-2.318,-0.28
-5.737,7.271,0.146
-5.276,19.839,3.754
-9.477,17.779,4.288
-4.29,11.523,1.457
-8.187,5.02,2.663
8.905,10.133,6.316
-9.487,6.931,7.52
-7.881,1.584,8.259
-8.943,-5.225,7.618
-12.903,-13.059,5.517
-22.426,-11.676,-1.148
-17.174,-8.348,6.333
-17.585,-14.19,6.108
-19.004,-16.514,3.752
-21.641,-14.379,1.065
-11.288,-11.224,-7.506
-15.791,-7.383,5.034
-15.226,-4.304,-0.555
-15.339,-7.817,0.773
-17.097,-10.982,-1.215
-19.875,-5.058,-0.892
-20.409,14.461,-0.751
-9.915,9.984,-0.029
-5.441,10.537,0.275
-6.08,7.496,-2.601
-10.484,0.589,-1.617
-12.657,2.256,0.031
-15.48,1.371,-0.605
-19.246,-2.603,-4.314
-24.328,-10.645,8.86
-20.619,-8.616,7.862
-18.349,-1.988,17.571
-8.707,21.981,16.248
0.955,9.01,2.536
4.158,3.338,8.013
3.677,7.838,12.123
-5.096,10.544,16.564
-3.601,13.817,19.93
2.012,6.781,10.475
0.787,6.833,7.23
-0.876,6.266,8.029
-3.005,4.065,8.872
-1.699,3.486,8.874
-0.256,3.606,8.805
0.356,2.885,8.776
-0.211,1.294,7.807
-0.213,1.194,8.611
0.555,1.519,9.7
-0.601,2.07,10.255
-0.601,0.792,8.577
-0.23,-1.675,7.888
0.794,-1.56,9.355
0.5,-1.043,8.685
-0.541,-1.347,7.096
-0.06,-1.029,7.104
0.636,-1.383,9.025
-0.22,-1.536,9.778
-1.845,-1.991,10.518
-0.933,-2.024,10.166
0.924,-1.926,8.475
-0.237,-2.582,8.329
-0.596,-4.065,9.204
0.065,-3.646,9.436
0.775,-2.701,9.515
-0.079,-2.357,8.683
-0.866,-3.874,8.166
-0.668,-3.153,8.324
-1.23,-3.295,8.226
-1.536,-4.142,7.817
-0.49,-4.211,8.606
-0.735,-3.814,8.601
-2.199,-3.103,10.322
-1.646,-2.773,9.161
-0.541,-3.577,9.113
-0.557,-2.909,7.221
-1.29,-2.481,9.427
-1.723,-2.483,9.161
-1.629,-3.304,9.386
-1.687,-3.689,9.223
-1.208,-2.359,8.108
-2.122,-1.9,8.159
-3.208,-2.079,9.061
-3.374,-2.986,10.075
-2.024,-2.799,9.932
-4.031,-0.696,10.011
-4.886,-0.816,9.001
-4.634,-1.23,9.247
-4.785,-1.555,9.384
-4.41,-2.665,9.417
-4.811,-2.45,7.651
-5.508,-1.543,7.582
-8.309,-1.718,7.802
-12.181,-0.144,10.061
-10.094,-3.541,7.907
-12.161,-7.666,7.096
-16.693,-9.91,3.941
-17.514,-13.358,1.967
-13.791,-10.702,0.646
-14.463,-6.606,-0.522
-10.987,-4.24,-6.852
-9.757,-2.294,-10.685
-8.704,-0.634,-10.214
-9.896,3.141,-2.311
-6.386,1.23,-2.283
-4.895,-11.48,0.768
-1.148,-8.36,2.907
6.855,-9.948,1.459
-2.617,-15.212,4.658
-7.419,-11.283,6.759
-12.016,-10.023,6.027
-12.525,-8.417,-1.443
-18.054,-8.673,-4.869
-24.069,-8.085,1.782
-22.232,-5.941,1.517
-18.523,2.113,2.376
-14.769,8.25,5.34
-10.068,11.877,4.843
-18.499,4.419,10.922
-17.913,6.647,26.443
-23.036,-3.295,-7.206
-11.704,-9.798,0.486
-13.406,6.788,2.211
-10.424,3.716,-5.338
-7.443,0.957,-9.121
-9.034,0.763,1.108
-5.958,-0.467,4.225
-6.388,6.915,2.244
-4.642,12.678,-0.323
-6.537,15.813,1.022
0.782,11.317,3.168
-3.18,9.537,4.237
-8.173,9.204,5.381
-10.654,3.457,3.919
-10.836,5.056,4.28
-7.8,4.378,10.197
-9.755,1.208,10.728
-11.63,-4.917,9.331
-14.968,-9.891,8.321
-19.313,-6.661,8.412
-17.691,-9.822,7.596
-17.997,-14.786,7.903
-20.169,-14.336,6.534
-23.141,-11.135,2.548
-16.908,-8.824,2.613
-17.636,-7.594,2.058
-19.069,-6.857,0.282
-18.806,-6.328,-1.062
-17.734,-8.766,-1.687
-18.653,1.196,-0.407
-11.03,10.2,-0.998
-8.664,9.013,-0.196
-5.85,7.721,0.648
-8.565,4.752,-0.165
-13.212,0.502,0.124
-15.836,1.39,-0.768
-17.054,-0.852,-3.316
-33.288,-10.109,6.484
-27.218,-14.504,6.08
-25.256,-9.807,12.193
-2.405,18.416,11.169
-0.842,5.192,2.486
6.163,3.491,9.429
6.773,7.75,11.623
-4.627,9.996,16.681
-8.893,13.147,15.363
1.337,7.439,10.582
0.459,4.965,11.475
-2.012,1.522,10.336
-0.672,5.658,10.058
-0.88,4.421,9.257
1.182,3.452,10.41
0.471,2.984,10.056
-1.091,2.074,9.872
-0.134,1.89,9.778
0.969,1.416,8.522
-0.567,-0.201,8.384
-0.062,-0.629,8.664
-0.385,-0.742,9.79
0.536,0.014,8.769
0.536,-1.802,6.97
1.084,-2.689,7.867
1.01,-2.457,8.128
-1.058,-2.287,7.692
-1.189,-1.637,8.163
-0.979,-3.529,7.517
-0.163,-4.764,8.281
0.823,-3.512,8.465
0.522,-3.252,8.451
-0.744,-3.436,8.364
-0.572,-3.883,8.616
0.421,-3.165,9.367
0.297,-2.909,8.965
-0.187,-2.917,8.573
-1.916,-3.292,8.716
-1.828,-2.9,9.032
-1.115,-3.845,8.238
-0.292,-4.122,8.324
-0.792,-3.07,8.989
-0.512,-1.486,7.104
-1.613,-2.421,8.147
-1.751,-3.79,9.75
-1.282,-2.582,9.778
-1.742,-1.275,9.427
-2.177,-1.852,8.79
-1.847,-3.914,8.116
-1.452,-3.673,8.448
-1.976,-2.687,9.3
-2.33,-2.316,9.403
-2.089,-1.928,9.68
-5.548,-1.445,9.329
-3.996,-0.754,9.582
-4.567,-1.615,9.69
-4.491,-0.83,9.922
-4.962,-1.838,10.417
-4.115,-3.874,7.716
-5.077,-2.845,6.694
-7.998,0.39,7.087
-10.879,2.108,11.092
-14.221,-0.12,10.104
-13.58,-3.51,7.125
-16.006,-7.879,4.642
-18.815,-13.523,2.83
-17.011,-10.618,4.082
-12.248,-8.051,2.201
-12.702,-6.022,-0.151
-9.735,-2.015,-5.685
-9.53,-0.373,-6.769
-6.08,2.117,-9.077
-7.675,2.522,-6.24
-6.068,-4.594,-1.644
-0.366,-18.949,0.725
-2.426,-10.097,2.242
1.065,-10.652,-0.06
-6.348,-12.434,4.723
-5.723,-16.411,8.099
-7.97,-7.632,4.295
-12.15,1.019,-5.156
-17.963,-7.314,-4.84
-23.6,-11.733,3.606
-17.365,3.309,6.072
-17.487,11.939,13.035
-16.025,12.595,8.319
-13.427,0.579,4.474
-14.217,-5.242,5.812
-15.09,-9.463,2.768
-18.765,-5.4,-0.663
-22.284,-2.029,7.3
-11.444,9.711,0.091
-6.843,5.154,-0.727
-7.862,-4.285,-1.187
-5.754,-1.515,1.955
-4.859,5.496,3.462
-5.132,13.891,6.644
-8.594,8.872,-0.976
-9.932,11.838,3.333
-10.996,5.254,1.773
-7.68,19.117,5.256
-4.737,21.497,3.89
-2.897,7.388,2.763
-7.943,5.247,6.185
-10.786,-0.462,7.171
-12.575,-4.034,9.214
-14.736,-9.068,10.475
-18.432,-15.942,10.81
-23.754,-11.695,14.174
-23.141,-20.215,8.319
-26.878,-15.088,1.072
-22.342,-8.125,-7.166
-15.061,-9.656,-5.185
-15.791,-0.574,-0.775
-15.1,-8.64,1.974
-18.394,-12.458,-1.038
-23.323,-3.479,1.864
-13.446,14.64,-4.288
-10.223,15.557,-0.986
-4.943,12.305,2.785
-5.852,7.84,0.029
-10.36,1.524,0.234
-14.298,1.113,-0.857
-22.598,-5.984,-0.146
-32.908,-11.3,6.225
-23.32,-14.643,1.237
-26.567,-15.305,15.616
-10.391,5.424,4.596
-3.694,5.304,-1.194
-0.318,1.132,6.233
-0.653,5.958,11.362
0.907,10.805,18.423
-3.933,18.688,20.492
-0.017,5.594,13.568
0.914,6.108,10.032
-1.914,2.895,5.78
-0.854,4.639,7.752
0.711,4.974,11.219
-0.345,4.953,10.74
-0.569,4.28,9.903
-0.708,2.417,9.271
0.739,2.909,9.326
-0.024,1.206,8.522
-0.471,-1.168,8.704
0.634,0.608,9.044
0.043,-0.529,8.86
-1.342,-1.637,8.254
-0.189,-1.476,8.482
0.318,-2.744,9.19
0.806,-0.613,8.786
0.103,-1.991,8.137
-0.079,-2.113,7.785
-0.39,-2.44,8.381
0.316,-2.761,10.027
0.356,-1.579,9.91
-0.562,-2.254,8.479
-0.455,-3.945,8.238
0.333,-4.517,8.58
0.603,-4.075,8.977
-0.397,-3.704,8.434
0.615,-3.974,8.14
0.459,-2.816,8.147
-0.275,-4.079,8.752
-1.483,-3.242,9.006
-0.804,-4.579,8.527
0.636,-4.558,8.152
-0.502,-3.015,8.18
-1.117,-1.952,9.18
-0.703,-2.766,8.685
-0.725,-3.807,9.015
-0.589,-2.924,9.336
-0.562,-1.335,9.106
-1.081,-1.141,8.285
-1.55,-2.728,8.991
-2.412,-5.101,9.388
-2.027,-1.814,10.027
-2.61,-2.866,9.57
-2.17,-1.931,7.711
-1.782,-2.546,7.271
-2.948,-2.692,7.709
-3.625,-1.682,7.946
-4.354,-1.421,8.838
-5.079,-1.723,9.001
-4.771,-1.826,9.281
-4.06,-1.134,8.077
-3.479,0.134,7.185
-5.917,0.23,7.848
-9.101,0.656,8.754
-10.793,-2.338,9.778
-12.377,-6.288,8.778
-15.169,-6.319,7.3
-20.045,-8.498,4.84
-18.653,-11.408,5.314
-16.152,-9.941,5.046
-13.595,-9.168,2.62
-10.008,-6.819,-4.675
-4.477,-5.881,-12.961
-7.587,1.445,-12.764
-8.331,-1.574,-3.041
-4.847,-9.68,0.964
-5.199,-13.602,4.931
-5.151,-3.756,0.837
-5.819,-10.57,2.273
2.18,-9.546,-0.586
-1.529,-8.513,4.701
-12.154,-5.812,0.735
-9.824,-10.168,1.45
-17.057,-7.494,0.708
-22.1,-4.328,1.153
-18.499,0.201,-0.06
-19.09,6.202,-1.462
-19.433,6.041,7.08
-18.82,-1.491,9.664
-17.6,2.665,4.106
-17.918,1.67,4.127
-21.263,-7.271,-5.503
-15.561,-8.293,-2.952
-12.982,-5.156,2.603
-11.968,2.553,3.278
-9.857,-5.137,-2.818
-10.762,-1.952,2.823
-5.591,4.773,6.135
-8.455,15.949,3.886
-10.664,10.456,-0.366
-2.917,12.551,5.118
-6.223,8.063,1.589
-6.331,12.214,-0.163
-9.611,10.393,0.431
-8.044,10.747,7.113
-14.016,11.664,4.398
-14.088,10.379,6.589
-11.499,3.35,4.551
-10.958,-0.79,6.015
-13.937,-5.12,8.798
-16.112,-8.015,9.908
-23.124,-16.676,10.078
-22.847,-13.595,7.056
-23.378,-13.839,1.737
-23.045,-10.817,-3.055
-21.043,-2.988,-9.972
-15.985,-1.005,-10.216
-15.435,6.237,4.953
-11.877,-7.534,2.979
-13.946,1.366,3.79
-11.097,4.575,-1.203
-5.175,10.738,-5.761
-3.917,14.822,-3.216
-6.618,7.491,-3.689
-8.214,2.12,0.486
-14.533,-2.113,2.094
-21.847,-0.629,16.277
-39.578,-6.424,2.967
-22.117,-14.169,5.245
-20.009,-14.066,16.671
-8.221,18.901,9.29
-5.764,13.846,-0.258
-2.567,-2.543,2.476
-0.242,11.147,13.341
-2.94,17.952,22.897
-4.376,12.142,11.652
-1.653,8.278,8.807
2.407,5.646,8.022
-1.436,6.156,7.687
-0.644,7.697,9.161
-0.651,6.261,10.403
0.055,4.544,9.893
0.22,4.122,9.695
-1.144,5.304,9.563
0.244,4.933,9.372
-0.309,1.845,9.121
-0.175,2.208,10.252
-0.206,2.163,9.695
0.337,2.371,9.24
0.711,-0.136,6.967
-0.419,-0.261,7.498
-1.041,-1.993,8.855
0.603,-2.158,8.994
0.033,-0.641,8.446
-0.931,-0.124,8.262
-0.562,-1.713,7.771
-0.136,-2.775,7.644
0.029,-3.316,8.769
-0.802,-2.565,9.235
-0.467,-2.634,9.585
0.888,-1.742,8.821
-0.184,-1.857,8.338
-0.376,-3.622,8.221
0.067,-3.876,9.077
-0.079,-2.371,9.537
-0.837,-2.058,9.922
-0.677,-3.043,9.862
-1.22,-2.83,9.113
-0.555,-2.653,8.331
-0.354,-3.089,8.661
-0.617,-3.941,9.408
-0.567,-3.352,9.487
-0.356,-2.756,8.723
-1.431,-2.16,8.671
-1.144,-1.883,8.922
-0.232,-3.388,8.857
0.526,-3.409,8.752
-1.428,-2.876,9.513
-2.199,-1.364,8.953
-2.077,-1.593,9.097
-2.129,-1.84,9.633
-2.273,-2.644,9.317
-2.029,-2.113,9.647
-2.761,-0.591,10.168
-3.374,-0.706,10.233
-4.41,-1.565,8.948
-4.288,-1.756,8.936
-4.785,-0.51,9.231
-4.768,-0.005,9.939
-3.292,-2.419,9.563
-2.227,-3.417,5.565
-6.675,-1.512,7.211
-12.138,-3.998,4.756
-13.43,-7.06,5.723
-16.36,-13.418,4.151
-18.71,-14.166,2.606
-19.232,-9.434,4.498
-15.7,-5.596,4.158
-16.102,-8.35,3.252
-13.169,-6.434,-3.909
-8.807,-5.934,-8.587
-11.362,3.653,-9.915
-11.69,4.723,-4.065
-5.077,-0.644,-2.524
-4.209,-10.611,-1.091
-2.536,-17.107,-0.376
0.739,-13.75,0.596
-0.423,-14.346,5.056
-6.302,-8.379,8.75
-7.819,-7.534,3.005
-10.398,-6.773,-0.534
-17.973,-7.733,-2.902
-21.772,-4.314,-3.211
-22.328,-4.539,4.792
-17.645,2.579,5.139
-14.174,7.661,6.187
-12.24,10.039,1.072
-17.322,-1.156,10.735
-17.736,-4.309,8.489
-16.411,-4.139,8.058
-18.397,-6.046,0.746
-12.889,-3.756,-1.883
-13.97,3.156,-3.46
-9.233,4.713,4.682
-6.359,2.153,4.445
-7.319,-0.479,5.323
-7.687,3.819,1.601
-7.221,12.15,0.304
-4.259,17.095,2.196
-5.965,16.552,5.835
-6.376,10.874,1.629
-8.185,14.518,0.761
-13.408,13.556,3.845
-14.635,5.402,8.427
-12.004,-3.816,7.934
-15.769,0.187,12.676
-14.86,-1.275,7.876
-16.554,-2.673,8.52
-19.322,-5.63,9.219
-22.852,-9.073,8.132
-23.438,-10.606,5.28
-22.478,-11.807,0.854
-16.686,-10.8,-2.565
-10.267,-9.233,0.902
-13.523,-1.615,-0.031
-14.451,-5.505,1.366
-14.822,-4.886,0.117
-12.937,11.405,-0.275
-8.661,12.563,-4.221
-1.139,10.07,-3.627
-0.017,12.458,-3.189
-6.211,5.776,-0.127
-13.269,-0.636,2.225
-17.66,-4.055,1.869
-21.052,-0.447,1.419
-30.228,-9.046,10.482
-29.512,-5.12,4.867
-22.361,-10.137,13.619
-12.245,14.001,17.117
-5.319,15.439,8.41
3.151,-0.208,4.91
3.869,8.326,10.357
-5.288,10.85,14.394
-6.601,14.281,14.066
0.864,10.152,10.599
2.357,3.412,8.434
-0.139,5.862,9.716
-3.256,5.039,9.814
-1.172,4.369,10.606
-1.579,2.254,9.644
0.531,3.35,9.922
0.457,4.869,9.125
-0.696,3.56,8.63
-0.885,1.33,9.532
-0.629,1.103,9.032
0.474,1.61,8.987
0.818,0.151,8.132
0.335,-1.421,6.723
-0.242,-3.539,6.891
0.22,-2.524,7.723
0.11,-2.208,8.652
0.584,-1.026,8.257
-0.242,-2.204,8.085
-0.189,-3.007,8.13
-0.691,-3.378,9.049
-0.696,-2.613,9.302
-0.876,-2.472,8.384
0.869,-3.01,9.408
0.495,-2.687,9.166
0.225,-3.017,9.288
-0.909,-3.601,9.422
-1.814,-2.962,9.613
-1.048,-1.29,9.128
-0.94,-2.239,8.58
-0.069,-2.957,8.451
-1.378,-4.199,8.295
-0.699,-2.62,8.063
-0.758,-0.053,8.08
-0.148,-2.07,8.187
-0.06,-4.242,8.183
-0.617,-3.173,8.628
-1.247,-1.471,8.539
-2.261,-1.213,9.192
-2.211,-2.96,8.817
-1.701,-2.852,8.922
-1.988,-1.589,8.458
-3.307,-1.282,8.75
-3.031,-1.371,9.259
-3.086,-0.947,9.747
-3.366,-1.089,10.061
-3.907,-0.196,10.092
-4.474,-0.483,10.977
-4.575,-0.467,9.161
-4.087,0.012,9.743
-4.78,-0.191,9.479
-3.811,-2.835,8.108
-3.802,-3.713,7.07
-5.489,-2.44,6.702
-6.218,-0.849,8.831
-11.511,-1.002,9.786
-12.417,-3.108,9.577
-13.659,-4.158,7.616
-15.513,-9.355,5.156
-19.856,-15.825,2.397
-18.054,-12.417,2.814
-16.066,-7.915,1.766
-11.09,-3.247,-2.338
-7.503,-2.933,-9.539
-8.025,-3.998,-13.592
-12.609,-2.354,-4.689
-11.027,0.055,0.184
-3.189,0.146,4.072
-4.237,-11.104,6.453
1.919,-11.755,-1.759
2.641,-4.871,1.414
-2.495,-10.64,3.917
-5.596,-14.317,4.711
-6.948,-6.297,3.247
-13.815,-7.63,0.735
-16.174,-8.269,-0.742
-19.504,-5.326,0.986
-24.804,3.058,3.692
-17.928,7.345,3.476
-19.222,8.283,2.842
-13.75,9.467,4.352
-16.423,3.261,1.321
-18.693,-12.554,7.393
-23.761,-10.743,-2.089
-19.528,-4.869,6.891
-14.3,3.905,1.091
-8.486,-3.773,-3.862
-8.475,-3.799,-5.441
-6.02,3.34,0.438
-10.087,7.888,5.541
-11.468,15.451,5.891
-7.84,22.471,3.548
-1.883,15.368,-3.893
-3.012,6.453,-4.173
-7.312,8.46,-0.878
-7.85,14.674,5.096
-14.109,13.52,4.747
-10.085,4.52,4.926
-7.003,1.687,6.788
-10.987,-5.919,7.037
-12.824,-14.556,5.587
-17.052,-14.667,7.092
-18.054,-11.3,8.97
-17.932,-18.665,6.359
-22.875,-13.829,3.417
-21.976,-8.422,-2.225
-33.711,-4.95,-2.761
-14.466,3.283,4.589
-17.712,-1.873,1.524
-17.109,-5.563,2.216
-15.966,-8.386,1.847
-18.066,-4.725,0.383
-8.46,16.827,-2.797
-5.051,14.009,-0.227
-3.28,10.379,2.237
-5.917,3.979,0.144
-14.119,-4.804,1.218
-17.203,-3.988,0.282
-20.796,-6.687,-3.268
-26.122,-2.448,6.321
-22.536,-11.475,2.907
-24.239,-10.042,15.655
-6.898,10.733,5.745
-0.048,9.917,3.594
0.998,0.074,5.943
1.78,10.535,10.47
-2.869,13.532,12.784
-2.775,16.817,21.813
-2.165,7.64,11.559
0.17,1.771,10.156
-1.074,5.998,12.183
0.218,4.948,9.819
-1.414,1.797,10.527
-0.51,1.187,9.058
-0.773,1.936,9.738
-1.0,2.885,9.7
0.797,2.149,10.123
1.34,0.129,8.326
0.636,2.737,7.85
0.199,-0.06,7.017
0.813,0.947,7.508
-0.703,0.16,8.034
0.256,-0.665,7.984
1.495,-3.185,8.132
0.328,-2.574,8.678
-1.637,-2.448,8.955
-1.483,-2.046,7.561
0.993,-4.053,8.118
0.706,-4.103,8.266
0.079,-2.814,8.979
-0.23,-2.472,8.807
0.232,-2.873,9.314
0.711,-3.974,9.539
0.062,-3.429,11.118
-0.33,-4.075,9.716
-0.278,-2.598,9.085
-0.852,-2.584,8.204
-0.56,-4.515,8.197
0.383,-4.773,8.731
-0.191,-4.209,9.149
-1.239,-2.483,9.065
-0.924,-1.94,8.697
0.11,-2.773,8.355
-0.684,-3.761,8.419
-1.342,-3.555,8.831
-1.775,-2.103,9.81
-1.55,-1.613,10.283
-1.5,-3.041,9.599
-0.622,-3.637,8.331
-0.833,-2.426,8.475
-1.424,-1.787,8.872
-1.962,-3.429,9.015
-2.294,-3.957,9.118
-2.366,-2.11,8.623
-3.196,-1.371,9.496
-3.409,-1.811,9.618
-3.397,-2.883,9.271
-2.464,-3.309,9.118
-3.675,-0.249,8.575
-3.441,1.998,9.692
-3.328,0.806,10.444
-3.452,-1.605,9.735
-3.582,-1.287,9.379
-5.343,-1.215,8.319
-5.362,-0.129,6.678
-7.86,0.28,6.503
-9.726,0.94,9.044
-12.353,0.096,10.42
-11.202,-2.857,8.977
-13.331,-5.929,6.417
-16.238,-7.685,5.331
-17.382,-10.377,4.453
-15.033,-7.407,3.931
-13.398,-6.431,-1.316
-11.047,-8.664,-7.293
-7.546,-3.094,-11.082
-10.953,0.49,-11.786
-10.326,3.228,-7.513
-6.216,0.309,-2.51
-7.099,-5.931,1.383
-4.197,-12.992,0.51
2.082,-8.376,4.584
-1.928,-12.449,4.706
-6.438,-4.481,6.994
-5.201,-10.996,4.472
-9.333,-7.35,1.574
-14.717,-7.192,-1.792
-17.011,-9.503,-1.869
-16.215,-9.767,0.988
-15.009,-2.141,2.984
-16.545,9.889,4.082
-15.786,14.731,4.297
-19.846,8.085,11.31
-16.561,1.297,11.125
-16.54,-0.002,3.869
-10.178,-13.717,-11.279
-14.183,0.239,-5.292
-13.53,3.484,-0.641
-12.185,2.4,-0.802
-8.764,-2.78,3.015
-9.752,0.242,6.068
-8.214,0.797,2.79
-10.824,10.702,1.483
-7.367,11.551,2.247
-1.976,8.738,-1.799
-7.029,10.68,3.316
-9.537,7.166,2.419
-12.451,11.654,7.072
-10.092,10.085,7.793
-9.767,6.525,4.012
-10.465,2.694,0.969
-10.972,-0.507,2.472
-10.331,-3.421,5.048
-10.652,-6.259,6.233
-11.216,-10.322,6.551
-12.523,-16.75,4.898
-9.566,-17.064,2.73
-12.171,-16.676,-0.837
-8.063,-14.504,-21.684
-18.947,-1.541,-4.589
-8.003,1.964,-4.089
-9.355,-5.302,-0.22
-11.621,-0.687,2.419
-14.406,0.304,2.261
-11.259,9.934,-1.275
-6.503,10.362,-0.864
-5.302,8.786,0.955
-9.18,6.723,1.168
-11.305,2.747,2.089
-9.755,2.766,-0.746
-13.43,-0.629,-5.376
-23.237,-8.223,13.616
-29.919,-6.814,5.783
-23.069,-10.625,13.776
-20.428,9.087,16.482
-4.154,15.571,7.922
-0.292,2.45,2.617
0.017,3.472,9.499
-2.462,8.424,13.461
-4.503,13.126,12.867
0.273,6.539,13.944
-3.177,6.716,14.221
-0.809,7.187,12.468
-1.938,6.946,7.991
-2.62,7.281,9.549
-1.055,2.761,8.056
-0.481,3.515,9.379
-0.732,5.721,9.958
-1.282,6.848,9.702
-0.778,4.826,8.888
-0.349,2.608,9.441
-0.254,1.983,10.561
-0.591,2.61,10.19
-0.947,2.237,9.233
-0.526,0.88,7.874
0.278,-0.627,7.788
-0.416,-0.77,8.905
-0.036,-0.244,9.207
0.462,-0.608,8.731
0.373,-1.637,7.903
-0.395,-0.842,7.46
-0.007,-0.517,8.053
-1.383,-2.259,8.984
-1.897,-2.649,9.52
0.232,-2.117,9.118
0.45,-2.187,8.872
-0.557,-2.472,8.819
-0.823,-1.706,8.757
-0.907,-1.247,9.795
-0.412,-1.318,9.946
-0.536,-1.495,9.963
-0.266,-1.78,9.094
-0.981,-2.359,8.496
-1.581,-2.503,8.64
-1.079,-1.455,8.647
-1.727,-1.608,8.451
-1.902,-2.572,8.642
-1.261,-1.249,8.699
-0.83,-1.18,8.821
-1.443,-1.249,9.118
-1.639,-2.151,9.161
-1.077,-1.818,9.195
-1.292,-1.55,9.688
-2.694,-1.316,8.451
-2.878,-1.371,8.037
-3.472,-1.794,8.283
-3.323,-0.876,9.022
-3.493,-0.292,9.929
-4.374,0.636,9.802
-4.797,0.895,9.769
-4.881,0.438,9.341
-5.419,-0.144,8.446
-5.702,-1.029,8.589
-5.862,-1.091,7.948
-5.347,0.29,8.238
-7.601,4.445,10.034
-10.058,1.967,9.609
-13.274,-3.888,7.836
-13.508,-6.721,5.06
-15.387,-11.068,4.39
-17.315,-14.375,2.192
-15.155,-8.364,1.928
-12.673,-3.866,0.529
-9.195,-4.101,-3.524
-9.549,-6.764,-8.656
-8.123,-5.733,-6.422
-10.063,-2.175,-4.558
-9.939,-2.094,-1.287
0.44,-11.465,-0.455
-2.996,-18.074,1.218
-0.634,-10.018,4.644
-0.005,-10.637,4.864
-4.426,-7.692,5.051
-9.283,-8.46,2.223
-8.951,-6.161,-1.732
-12.793,-4.225,-1.261
-16.451,-3.914,-2.419
-18.83,4.29,1.73
-19.507,2.917,2.483
-18.609,-1.23,3.601
-17.798,2.139,3.333
-16.035,4.716,6.261
-15.011,2.273,5.118
-18.243,-8.886,3.137
-22.739,-9.022,4.426
-14.997,-8.436,2.692
-15.356,-0.78,-2.038
-15.037,0.409,4.029
-7.257,0.306,2.783
-8.53,5.312,5.012
-6.819,5.419,2.823
-6.802,3.917,2.548
-8.496,14.585,2.285
-3.953,12.133,0.878
-4.134,7.886,1.318
-6.793,4.17,3.73
-9.738,5.824,6.544
-12.288,12.341,11.334
-10.161,8.915,7.919
-8.233,2.665,7.209
-10.838,-1.077,8.826
-12.535,-7.273,8.963
-15.679,-10.936,6.441
-16.92,-12.841,6.477
-24.213,-15.056,6.013
-17.105,-14.023,2.381
-17.686,-12.272,-2.505
-22.557,-8.668,-6.166
-5.008,-6.704,1.873
-15.588,0.356,-0.359
-14.102,-0.703,1.242
-14.274,-2.725,2.29
-12.468,-2.613,2.125
-10.401,2.869,-1.66
-27.503,19.834,-6.474
-0.316,3.115,-2.974
-4.744,7.759,-0.096
-12.554,0.613,0.73
-13.748,0.88,1.182
-11.535,2.05,1.385
-15.289,-3.701,-3.426
-26.215,0.945,6.278
-23.591,-8.341,9.948
-28.079,-1.452,14.123
-7.565,20.268,10.704
-1.828,1.885,-0.684
1.756,7.187,10.106
-0.945,11.965,13.52
-8.953,11.271,28.886
0.323,8.441,10.896
-0.282,6.967,9.427
-2.61,10.281,11.515
-1.402,6.144,8.996
-0.622,5.484,9.936
-0.493,5.551,9.36
-0.383,3.558,8.3
-0.663,2.515,8.02
-0.457,2.431,7.898
0.179,3.658,8.838
-1.249,1.641,10.925
0.828,0.644,9.585
1.034,1.0,8.874
-0.706,0.51,8.601
-0.522,0.144,8.57
0.335,-0.464,9.259
-0.273,-1.225,8.836
0.148,-2.266,8.721
1.117,-2.015,8.783
-0.098,-1.297,8.963
0.057,-1.479,8.527
0.4,-2.751,8.264
-0.452,-2.297,9.082
-0.577,-2.034,9.343
-0.574,-2.938,9.123
-0.22,-3.586,8.951
0.179,-2.897,8.19
0.017,-3.077,8.061
-0.179,-3.182,8.364
0.017,-3.275,9.128
0.067,-2.438,9.324
-0.096,-2.06,8.398
-1.524,-1.893,8.573
-2.146,-3.07,8.936
-1.347,-2.929,8.436
-0.897,-3.01,7.907
-0.691,-3.546,7.833
0.218,-3.63,7.824
-0.218,-3.0,7.924
-1.16,-2.127,8.52
-1.067,-2.227,9.286
-0.708,-3.015,9.573
-1.125,-2.127,9.111
-2.835,-1.708,9.027
-3.445,-1.677,9.111
-2.976,-2.859,9.032
-2.96,-3.634,9.539
-2.261,-2.23,9.711
-2.218,-0.385,9.422
-3.498,-0.352,9.57
-3.429,-1.931,9.154
-4.998,-1.718,10.185
-4.89,-1.156,9.865
-5.18,-0.785,9.164
-4.962,-1.613,9.365
-3.984,-2.524,7.702
-4.917,-2.601,6.498
-6.783,-0.309,7.833
-8.951,0.66,8.699
-10.838,-1.026,8.367
-11.468,-3.988,7.056
-14.733,-6.778,6.651
-15.19,-10.731,5.333
-16.925,-10.881,2.852
-16.511,-9.278,0.34
-14.288,-7.407,-0.342
-10.295,-5.996,-4.553
-8.321,-4.381,-7.953
-13.812,0.802,-7.508
-13.071,1.163,-4.479
-6.697,0.409,-1.814
-2.323,-6.814,1.0
-3.689,-17.351,1.565
0.012,-15.635,3.957
-3.074,-7.477,5.572
-8.671,-7.821,6.264
-9.295,-10.724,3.685
-10.006,-7.955,-1.964
-13.626,-8.446,-3.871
-18.777,-7.671,-4.685
-21.421,-4.548,-2.926
-20.744,-0.333,5.812
-15.384,3.771,8.723
-14.583,2.144,5.106
-11.393,-0.124,2.096
-19.409,-3.476,4.62
-20.693,-4.209,4.52
-18.882,-6.113,2.818
-19.878,-0.653,10.831
-9.039,13.341,3.417
-5.446,-5.859,-4.39
-8.027,-2.771,-2.012
-5.352,9.714,0.943
-8.637,8.659,2.694
-11.037,8.64,3.579
-12.372,8.436,-0.172
-5.579,15.695,4.02
-4.709,10.08,0.706
-7.544,9.891,2.285
-8.802,6.127,3.548
-8.379,4.46,5.211
-7.13,5.723,5.321
-7.721,6.673,6.979
-7.714,3.675,6.876
-9.36,-5.309,6.156
-12.98,-8.673,5.108
-14.903,-11.721,5.235
-19.287,-14.992,4.965
-15.913,-17.047,-0.342
-19.026,-12.745,-2.144
-19.937,-11.111,-0.435
-11.135,-8.68,-0.361
-16.148,-8.908,0.364
-18.411,-8.123,-0.629
-19.581,-5.912,-0.957
-19.15,0.431,0.301
-14.04,6.831,0.39
-9.597,8.987,1.955
-3.941,8.771,0.77
-3.357,7.25,1.782
-8.013,2.95,3.397
-12.525,-0.285,2.895
-14.564,-1.299,0.739
-12.819,2.237,-2.905
-14.944,-1.919,-5.946
-27.517,-12.001,2.239
-21.753,-8.637,8.204
-25.665,-0.739,13.642
-6.194,20.079,11.92
2.192,10.903,2.802
3.402,2.802,9.049
-0.524,7.381,11.638
-5.469,11.604,14.236
-5.895,10.233,11.532
0.373,7.084,12.647
0.916,7.273,10.439
-0.94,6.996,10.133
-0.443,7.116,8.979
-1.962,4.024,9.991
-1.026,2.907,8.587
-0.792,2.823,9.991
-0.177,4.331,9.054
-0.749,4.218,10.164
-0.739,3.488,9.185
2.407,0.598,9.728
0.251,1.455,10.183
-0.356,1.648,9.477
0.167,1.378,10.369
0.725,0.304,8.958
0.672,-0.371,7.472
-0.038,-1.735,7.654
-0.108,-2.027,8.393
-1.026,-1.113,9.073
-0.433,-0.172,8.52
0.022,-0.83,8.4
-0.115,-1.828,8.9
-0.739,-2.883,8.269
-0.541,-2.247,8.79
-0.885,-1.907,9.465
-0.687,-2.105,9.398
-0.244,-2.964,9.374
-0.079,-3.108,9.362
-0.524,-3.017,9.223
-0.01,-3.122,9.073
0.242,-2.802,8.687
-0.589,-2.713,8.381
-1.632,-2.885,7.745
-1.201,-2.251,8.274
-1.237,-1.67,9.274
-0.825,-2.979,8.53
0.263,-3.082,8.589
-0.045,-2.067,8.656
-0.88,-2.043,8.453
-1.034,-2.117,9.087
-0.864,-2.163,9.838
-1.448,-2.816,9.544
-1.567,-2.029,9.073
-1.603,-0.699,8.489
-2.292,-2.06,8.683
-2.251,-2.89,8.542
-2.134,-2.984,8.845
-2.603,-2.314,9.331
-3.275,-1.17,9.247
-3.256,-0.146,9.374
-3.586,-0.629,9.652
-3.73,-1.979,8.412
-4.486,-2.802,7.919
-4.742,-1.838,7.453
-6.084,-0.828,7.41
-6.553,1.34,6.668
-8.451,2.735,8.039
-9.692,1.73,9.996
-10.91,1.251,11.463
-12.274,-0.366,9.872
-12.939,-2.852,7.974
-15.243,-6.934,6.13
-14.044,-9.635,3.771
-13.585,-11.398,1.101
-13.815,-8.929,-1.579
-12.621,-2.73,-2.541
-8.278,0.428,-5.974
-7.204,-4.522,-9.254
-10.917,-3.388,-7.809
-9.432,-2.713,-6.166
-4.395,-11.233,-2.929
-2.716,-22.49,-0.464
1.816,-11.587,3.759
2.0,-6.824,4.651
-0.787,-0.488,4.551
-7.879,-6.072,3.685
-7.116,-9.836,0.132
-11.159,-3.632,-0.072
-17.751,-4.338,-0.033
-21.964,-4.125,0.668
-19.892,-1.05,-2.055
-20.442,-3.941,-2.263
-16.511,-3.326,-3.467
-18.38,-0.462,2.924
-21.509,-5.3,6.711
-22.639,-7.446,8.283
-19.956,-6.357,6.46
-18.033,-1.105,7.441
-12.097,5.577,1.613
-8.991,-0.579,0.096
-8.75,-1.57,3.723
-9.929,-2.634,-2.46
-6.572,9.731,3.871
-8.967,19.232,4.149
-10.745,15.004,-1.002
-1.883,11.834,1.995
-5.809,11.037,-1.45
-5.075,7.017,-0.624
-8.513,6.718,6.508
-11.315,6.371,7.465
-8.936,2.627,8.357
-8.946,-0.45,6.809
-11.427,-2.23,5.946
-12.346,-3.187,5.254
-13.7,-7.118,5.402
-14.26,-7.726,5.235
-16.767,-10.415,5.005
-16.578,-10.341,6.958
-16.243,-12.441,4.364
-23.297,-8.843,2.852
-22.612,-5.883,-0.926
-13.401,-5.831,-2.098
-15.061,-2.292,0.203
-15.901,-5.623,0.258
-14.822,-3.555,1.883
-16.32,2.905,0.493
-9.896,9.944,-0.45
-5.201,12.348,-1.038
-3.089,8.948,-1.311
-7.12,3.431,0.141
-9.956,-0.56,0.213
-10.657,2.244,-1.84
-13.808,0.285,-1.421
-16.834,-4.797,1.627
-18.196,-1.859,4.096
-14.159,-2.833,6.254
-19.973,0.005,8.994
-17.358,8.352,15.707
-7.307,12.724,11.96
-13.272,19.471,-8.29
-4.441,1.648,11.824
17.258,10.29,5.161
-3.508,9.506,12.877
-4.728,8.08,12.303
-2.78,8.307,10.479
-1.474,7.668,10.188
-1.756,7.57,10.587
-1.457,5.833,9.601
-0.373,6.314,8.984
-0.995,4.78,8.984
-1.101,2.539,8.886
-1.369,2.385,9.465
-0.835,2.517,10.123
-0.663,2.862,10.726
-0.701,3.283,10.64
0.256,3.168,9.52
0.61,2.83,8.647
-0.474,1.115,8.824
-0.026,0.61,8.996
0.024,0.392,9.032
-0.079,0.301,8.695
0.285,-0.83,8.077
0.739,-1.093,8.104
-0.323,-1.318,7.917
-0.634,-1.182,7.994
0.285,-1.069,7.855
0.67,-1.467,7.403
0.412,-1.567,7.52
-0.06,-2.338,8.283
0.285,-2.381,9.075
-0.306,-2.687,9.616
0.055,-2.558,9.211
0.957,-2.78,8.807
0.287,-2.682,8.893
-0.041,-2.438,9.534
-0.313,-2.333,10.329
-0.175,-1.431,10.216
-0.735,-1.916,9.154
-0.476,-2.613,9.156
0.469,-2.515,8.754
0.278,-2.591,9.374
0.299,-3.297,8.888
0.019,-3.905,9.054
-0.909,-2.864,9.054
-0.883,-2.684,8.372
-0.493,-3.094,8.527
0.225,-3.783,9.321
1.345,-4.13,8.886
-0.146,-1.988,8.848
-0.127,-0.952,7.802
-0.553,-1.577,8.168
-0.802,-3.543,8.577
-0.89,-3.33,8.606
-1.641,-3.283,8.592
-2.086,-2.567,8.221
-2.333,-2.354,8.147
-2.256,-3.051,7.663
-1.907,-2.921,7.498
-1.897,-1.639,7.517
-2.706,-1.562,8.125
-2.778,-1.273,8.673
-2.546,-0.268,8.668
-2.976,-0.029,8.039
-4.352,-0.988,8.199
-5.371,-1.16,7.821
-5.575,-2.108,6.13
-5.539,-3.594,6.197
-7.025,-2.201,7.45
-8.223,-3.051,7.553
-8.943,-5.632,8.453
-9.874,-4.924,8.41
-8.953,-3.998,8.884
-8.853,-5.728,9.86
-7.522,-5.85,9.35
-7.659,-4.936,9.465
-7.675,-5.13,7.663
-8.262,-9.185,7.101
-7.08,-8.649,6.984
-7.367,-5.914,8.075
-8.446,-8.376,7.312
-8.412,-8.419,8.003
-9.917,-7.037,4.237
-10.525,-7.07,5.675
-9.644,-4.902,6.225
-11.044,-5.742,7.127
-11.59,-5.056,7.771
-10.628,-4.213,7.647
-9.972,-4.8,7.12
-12.98,-3.96,6.168
-11.709,-5.953,6.204
-12.489,-4.161,5.79
-12.281,-4.467,4.163
-11.879,-5.123,2.216
-10.788,-2.797,2.094
-11.243,-1.936,1.835
-11.422,-2.263,1.139
-10.898,-3.323,0.821
-10.853,-3.118,0.033
-10.264,-3.9,0.321
-9.436,-2.94,0.148
-9.795,-2.158,1.534
-10.429,-1.754,2.294
-10.578,-1.431,3.321
-10.384,-0.995,3.469
-9.915,-0.959,3.816
-10.539,-1.282,4.338
-10.781,-0.598,4.051
-10.879,0.153,4.003
-11.015,0.732,4.8
-11.14,0.498,4.981
-10.657,0.569,5.233
-10.293,0.4,5.675
-9.465,-0.163,5.702
-9.039,-1.55,6.08
-8.204,-2.345,5.926
-6.575,-2.094,6.041
-5.785,-2.522,6.544
-5.407,-2.383,6.261
-5.843,-2.56,6.838
-5.965,-2.835,7.503
-5.694,-2.206,7.173
-6.242,-1.945,7.836
-6.52,-1.153,7.757
-6.513,-1.16,7.953
-5.922,-1.314,7.953
-5.63,-1.893,7.977
-5.273,-1.792,8.314
-5.364,-2.39,9.087
-4.386,-2.33,10.774
-3.385,-3.01,11.547
-2.383,-2.129,11.671
-2.926,-3.766,10.19
-3.019,-4.273,9.164
-2.936,-3.421,8.664
-1.756,-1.986,7.663
-1.058,-0.648,8.161
0.524,-1.208,8.396
1.062,-1.046,9.319
0.885,-0.804,10.405
0.663,-0.483,9.939
1.414,0.077,9.185
2.357,-1.199,8.434
3.675,-1.005,8.506
3.869,-0.002,9.07
3.663,0.505,8.805
4.017,0.098,7.434
3.859,0.158,6.166
3.218,0.909,6.486
2.675,1.864,7.383
2.964,3.984,7.805
1.737,5.926,8.24
1.993,4.285,8.252
3.591,5.52,6.474
1.522,5.632,6.508
2.637,4.12,5.513
3.165,3.18,4.704
0.811,2.263,6.084
0.268,2.909,7.051
-0.438,1.89,7.441
-1.026,1.012,8.034
-0.744,2.153,8.412
-0.428,4.383,8.79
-1.323,6.077,9.96
0.969,4.711,8.805
-1.244,3.333,8.757
-0.385,3.335,9.917
-0.261,2.486,9.905
-0.129,2.548,9.563
-0.124,3.22,8.955
0.438,4.967,8.817
1.385,5.192,9.587
1.055,4.029,9.68
0.395,3.787,9.676
0.684,4.874,8.982
-0.134,5.328,10.221
2.225,3.967,8.86
0.356,3.472,9.046
0.299,2.83,8.642
1.847,5.151,8.862
3.364,6.127,9.037
2.07,4.453,8.539
2.39,3.682,8.458
2.227,2.864,7.651
1.964,2.558,8.532
1.754,2.108,9.144
1.225,1.727,9.396
0.636,2.189,9.231
0.364,2.945,9.544
1.086,3.397,9.956
1.471,3.479,9.635
0.383,3.096,9.527
0.196,2.787,9.357
1.125,2.984,9.58
0.821,2.283,9.793
-0.177,1.677,9.388
-0.744,2.4,9.853
0.136,2.204,9.975
-0.141,2.577,10.156
-0.426,3.311,9.75
-0.354,4.043,9.331
0.45,4.421,9.092
0.699,3.874,8.742
0.333,2.979,8.606
1.079,2.909,8.951
1.426,3.012,9.585
0.916,3.098,9.795
0.495,3.295,9.259
0.502,3.371,9.235
0.201,2.919,9.8
-0.187,2.553,9.939
-0.507,1.988,9.393
-0.519,1.625,9.087
-0.773,2.067,9.369
0.342,1.651,12.882
-0.684,-0.112,8.613
0.225,-0.902,8.819
-0.438,-0.912,8.812
-0.117,0.921,9.051
-1.11,2.5,10.53
1.134,4.055,11.212
0.122,3.972,9.678
-0.232,3.912,8.888
-0.057,4.077,9.293
-1.225,3.933,10.415
-0.421,1.656,9.743
-0.026,1.632,8.539
-0.285,1.225,8.022
-0.29,2.22,8.778
0.775,2.718,9.776
-0.974,1.931,9.982
-0.536,2.821,9.893
-0.34,2.495,9.671
-0.23,2.74,9.046
0.196,3.735,9.293
1.263,4.216,9.518
0.584,1.486,9.056
-0.206,0.562,9.747
-0.029,1.646,9.922
0.873,2.103,9.216
0.775,1.637,9.247
0.981,1.515,9.264
0.354,2.546,8.886
0.742,2.412,9.281
0.682,2.117,9.487
0.56,2.318,9.611
0.39,2.565,9.257
0.445,2.744,8.754
0.632,2.909,8.9
1.031,2.254,8.941
1.098,1.462,8.589
0.9,1.536,9.295
0.892,1.754,9.441
0.519,2.385,9.905
1.366,1.89,9.637
1.407,2.421,10.051
1.431,1.732,9.975
1.072,1.534,9.532
0.072,2.003,9.982
1.029,2.287,10.09
1.493,2.098,9.905
1.692,1.675,9.489
1.33,1.364,9.35
1.05,1.522,9.506
1.096,2.036,10.075
1.079,2.213,10.087
1.629,1.751,9.769
0.668,1.859,9.853
2.199,1.644,9.822
1.971,1.78,9.68
1.452,1.924,9.666
1.199,1.641,9.388
1.371,1.517,9.63
0.979,1.658,9.589
1.23,1.845,9.355
1.591,1.94,9.477
1.534,2.239,9.554
1.457,2.395,9.757
1.469,2.393,9.958
1.369,2.28,9.633
1.172,2.364,9.243
0.971,2.548,9.427
1.132,2.261,9.482
1.125,2.168,9.676
0.601,1.981,9.8
0.921,1.861,9.384
0.969,2.227,9.085
1.141,2.405,9.369
0.802,2.17,9.324
0.713,2.22,9.412
0.601,2.16,9.432
0.797,2.17,9.728
0.644,2.328,9.735
0.132,2.242,9.642
0.62,2.299,9.711
0.749,2.385,9.542
0.531,2.555,9.633
0.658,2.586,9.441
0.835,2.67,9.41
0.998,2.687,9.621
1.012,2.675,9.448
0.842,2.696,9.377
0.756,2.558,9.319
0.883,2.483,9.417
0.572,2.689,9.587
0.687,2.503,9.156
0.646,2.632,9.317
0.94,2.596,9.444
0.433,2.5,9.776
0.421,2.579,9.424
0.345,2.67,9.288
0.727,2.701,9.424
0.902,2.723,9.762
0.861,2.649,9.63
0.261,2.653,9.353
0.787,2.606,9.489
1.069,2.751,9.697
0.952,2.869,9.472
0.756,2.79,9.24
0.806,2.699,9.123
1.225,2.644,9.467
1.103,2.646,9.642
0.622,2.615,9.319
0.665,2.613,9.168
0.914,2.632,9.606
1.268,2.694,9.817
0.55,2.751,9.412
0.237,2.641,8.951
0.675,2.61,9.601
1.05,2.553,9.738
0.553,2.472,9.288
0.412,2.45,8.998
0.756,2.586,9.314
1.443,2.646,9.953
1.084,2.675,9.594
0.646,2.503,9.343
0.639,2.5,9.601
1.048,2.744,10.018
1.005,2.553,9.726
0.596,2.546,9.226
0.388,2.474,9.156
1.18,2.558,9.647
1.287,2.811,9.767
0.739,2.771,9.226
0.806,2.799,8.998
1.079,2.878,9.343
1.397,2.823,9.716
0.869,2.689,9.412
0.565,2.653,9.154
0.94,2.74,9.41
1.316,2.814,9.74
1.0,2.668,9.527
0.589,2.582,9.314
0.928,2.541,9.589
1.192,2.608,9.805
1.199,2.72,9.659
0.799,2.72,9.381
0.84,2.57,9.231
0.976,2.728,9.731
1.125,2.73,9.472
1.017,2.821,9.231
0.878,2.816,9.092
1.086,2.852,9.247
1.335,2.921,9.31
1.201,2.799,9.202
1.132,2.775,9.022
1.136,2.859,9.276
1.421,2.864,9.606
0.919,2.565,9.348
0.663,2.34,9.13
0.66,2.397,9.398
1.113,2.534,9.845
1.089,2.55,9.484
1.156,2.682,9.29
1.134,2.792,9.345
1.266,2.905,9.448
1.452,2.931,9.618
1.345,3.036,9.534
1.18,2.845,9.226
1.168,2.847,9.451
1.531,2.842,9.771
1.05,2.668,9.683
0.809,2.543,9.556
1.086,2.541,9.625
1.031,2.598,9.716
0.727,2.546,9.616
0.462,2.359,9.307
0.976,2.462,9.53
1.373,2.689,9.984
0.991,2.708,9.652
0.725,2.785,9.238
1.012,2.905,9.31
1.297,2.864,9.613
1.151,2.603,9.633
0.603,2.321,9.195
0.493,2.278,9.166
1.108,2.409,9.592
1.165,2.606,9.534
0.651,2.577,8.967
1.014,2.603,8.769
1.414,2.986,9.254
1.445,2.888,9.549
1.148,2.641,9.209
1.029,2.701,8.814
1.103,2.718,9.075
1.517,2.653,9.503
1.11,2.522,9.57
0.77,2.314,9.386
0.852,2.115,9.41
1.237,2.29,9.731
1.206,2.321,9.575
0.28,2.163,9.207
0.555,2.01,9.362
1.067,2.182,9.984
1.227,2.235,9.843
0.914,2.357,9.501
1.01,2.445,9.467
1.519,2.579,9.91
1.601,2.548,10.039
1.129,2.529,9.673
1.125,2.318,9.329
1.263,1.419,10.214
2.428,8.018,7.539
1.849,7.896,5.178
-0.967,-6.405,7.642
0.56,1.136,9.735
0.883,2.113,9.877
1.002,2.072,10.061
0.979,2.156,9.702
0.991,2.342,9.475
1.235,2.44,9.36
1.445,2.376,9.353
0.952,2.536,9.544
1.048,2.515,9.257
0.971,2.582,9.357
0.684,2.096,8.936
0.809,1.902,9.001
0.952,1.83,8.965
0.644,2.263,9.29
0.921,2.163,9.331
0.94,2.405,9.525
0.907,2.491,9.757
0.938,2.35,9.826
1.081,2.493,10.073
0.797,2.153,9.767
1.177,2.33,9.86
0.993,2.232,9.877
0.201,0.861,9.422
0.878,1.96,9.549
0.94,1.854,9.644
1.136,2.074,9.551
1.16,2.225,9.544
2.474,0.653,9.688
2.182,0.287,9.444
2.256,0.191,9.097
1.95,1.156,10.154
2.151,0.237,8.376
3.646,0.287,9.037
5.249,0.725,11.063
2.381,-1.486,9.884
0.792,2.256,9.874
1.227,2.539,10.836
1.61,1.531,9.996
2.189,0.479,8.977
2.783,-0.376,9.037
1.948,0.206,8.876
2.22,1.601,9.503
2.483,1.895,9.568
2.574,1.945,9.51
2.261,0.691,9.656
3.058,1.055,9.575
2.232,0.581,9.747
1.854,0.758,9.869
2.373,1.299,9.967
2.256,1.211,9.709
2.345,0.651,9.204
2.567,0.366,9.353
2.536,0.904,9.798
2.079,1.258,9.697
2.204,1.072,9.594
3.285,0.708,8.582
2.981,0.983,9.01
4.173,0.691,9.841
2.67,0.196,8.821
3.311,0.325,8.934
2.897,0.639,9.209
3.106,0.459,9.097
3.12,0.019,8.702
2.409,0.134,9.061
3.455,-0.385,9.171
2.866,-0.048,9.738
2.917,0.239,10.233
3.256,0.261,9.944
2.785,0.182,9.795
2.929,0.055,9.853
2.962,-0.105,9.881
2.361,0.208,9.798
2.833,0.675,9.587
3.244,0.83,9.219
8.324,4.905,-2.881
3.761,3.677,7.977
1.077,0.512,10.209
4.256,-0.797,9.065
3.886,0.337,9.441
2.864,0.892,9.434
2.811,0.234,9.274
2.548,1.395,9.855
3.084,0.402,9.46
2.998,-0.098,9.439
2.809,-0.05,9.348
2.644,0.223,9.056
3.436,-0.065,8.855
3.287,-0.091,8.922
3.675,-0.103,9.348
3.907,-0.713,9.427
3.479,-1.096,9.109
3.615,-0.833,9.396
3.584,-0.703,9.869
3.316,-0.498,10.465
3.625,-0.95,9.999
3.744,-1.215,9.317
3.809,-1.01,8.92
3.905,-0.651,8.951
3.754,-0.34,9.484
4.132,-0.275,9.221
4.553,0.821,8.039
4.077,1.12,8.187
3.139,1.704,8.506
5.256,-1.347,6.374
5.079,-1.067,4.981
4.271,1.17,8.527
3.976,1.823,8.08
4.017,2.57,8.128
3.496,1.971,8.518
4.091,0.199,8.68
4.402,-0.945,9.044
4.242,-1.132,9.211
3.711,-0.404,9.826
4.278,0.098,9.3
4.067,0.438,9.544
4.063,0.225,9.46
4.268,-0.335,9.111
4.314,-0.488,8.896
4.182,-0.615,8.929
4.146,-0.189,9.106
4.058,-0.342,9.546
4.254,-1.122,8.352
4.711,-0.158,7.922
4.232,0.479,8.733
3.563,0.806,8.967
4.675,0.742,8.427
4.893,0.426,8.841
4.354,-0.014,8.931
3.95,-0.62,8.754
4.027,-0.526,8.821
4.144,-0.502,8.975
4.228,-0.211,9.02
4.087,-0.022,9.065
4.249,-0.227,9.101
4.204,-0.349,9.121
3.943,-0.292,8.967
4.031,-0.191,9.015
3.955,0.352,8.747
3.924,0.562,9.42
2.354,-0.29,10.551
5.017,1.196,8.771
4.17,0.83,8.202
3.541,-2.137,7.266
3.783,0.074,9.649
3.752,0.502,9.46
3.481,1.12,9.776
3.976,0.175,9.056
4.079,-0.146,8.836
3.981,-0.086,8.74
3.819,0.529,8.994
3.716,0.885,9.104
3.766,0.553,8.931
3.998,0.017,8.683
3.981,-0.031,8.74
3.773,0.112,8.946
3.718,0.227,9.164
3.697,0.347,9.142
3.79,0.407,9.257
3.941,0.148,9.192
3.969,-0.038,8.982
3.795,0.117,9.132
3.67,0.409,9.147
3.725,0.546,9.202
3.814,0.438,9.025
3.881,0.211,8.695
3.835,0.309,8.908
3.854,0.479,8.898
3.826,0.546,9.003
3.785,0.507,9.221
3.522,0.39,9.41
3.374,0.555,9.549
3.345,0.548,9.211
3.67,0.39,9.032
3.826,0.641,9.068
3.773,0.419,8.934
2.914,-5.154,13.877
3.024,0.687,10.037
3.948,1.108,9.81
4.666,0.79,8.931
2.338,0.091,8.826
3.254,0.675,9.281
3.783,0.835,9.69
3.28,0.311,9.343
3.481,0.337,9.02
3.529,0.438,9.235
3.608,0.435,9.319
3.689,0.459,9.118
3.78,0.414,8.967
3.68,0.452,9.104
3.488,0.567,9.24
3.462,0.282,8.955
3.601,0.251,8.817
3.479,0.469,9.068
3.362,0.696,9.295
3.591,0.648,9.032
3.658,0.55,9.008
3.685,0.486,8.963
3.519,0.565,9.116
3.371,0.682,9.185
3.496,0.603,9.178
3.407,0.778,9.168
3.328,0.701,9.264
3.393,0.718,9.377
3.268,0.636,9.235
3.273,0.746,9.295
3.235,0.773,9.25
3.323,0.644,9.312
3.266,0.572,9.18
3.326,0.584,9.266
3.436,0.543,9.164
3.275,0.66,9.176
3.263,0.579,9.286
3.218,0.624,9.293
3.17,0.586,9.252
3.182,0.632,9.329
3.268,0.586,9.226
3.252,0.608,9.321
3.108,0.488,9.235
3.194,0.601,9.302
3.177,0.522,9.307
3.204,0.388,9.288
3.287,0.33,9.305
3.084,0.534,9.558
3.11,0.512,9.286
4.364,-0.249,8.142
3.003,0.481,8.79
2.787,-0.825,10.597
3.091,0.345,8.546
2.9,1.067,9.704
2.998,0.761,9.434
2.95,1.12,9.592
3.156,0.699,9.221
3.328,0.414,9.008
3.132,0.569,9.097
3.058,0.902,9.14
3.146,0.837,9.113
3.153,0.471,9.034
3.297,0.378,9.049
3.194,0.538,9.164
2.993,0.739,9.29
2.957,0.663,9.532
2.972,0.431,9.455
2.976,0.524,9.455
3.022,0.495,9.398
3.048,0.627,9.544
2.979,0.713,9.515
2.857,0.947,9.601
2.878,0.876,9.656
3.01,0.603,9.532
3.096,0.636,9.42
3.12,0.668,9.24
3.103,0.598,9.171
3.106,0.476,8.998
3.084,0.711,9.159
3.082,0.837,9.063
3.098,0.864,9.075
3.041,0.866,9.08
3.005,0.66,9.188
2.945,0.534,9.173
5.075,1.608,3.35
1.943,1.79,9.144
2.555,1.148,10.46
3.003,0.907,10.247
3.091,-0.074,9.032
2.61,0.603,9.891
2.711,0.883,10.386
2.689,0.816,10.049
2.799,0.931,9.633
2.783,0.735,9.463
2.845,0.773,9.307
2.847,0.749,9.183
3.0,0.852,8.898
2.998,0.869,9.092
2.962,0.84,9.089
2.986,0.751,9.137
3.067,0.758,9.142
3.089,0.634,9.197
2.979,0.62,9.333
2.761,0.639,9.513
2.79,0.708,9.475
2.914,0.641,9.386
2.931,0.668,9.441
2.974,0.581,9.475
2.967,0.498,9.396
2.924,0.665,9.391
2.885,0.708,9.491
2.89,0.732,9.513
2.94,0.758,9.47
2.926,0.859,9.412
3.003,0.493,9.154
3.017,0.311,9.25
2.89,0.608,9.18
2.823,0.94,9.499
2.897,0.758,9.544
3.074,0.443,9.369
3.096,0.321,9.243
3.06,0.591,9.355
2.931,0.66,9.644
2.979,0.49,9.465
3.132,0.457,9.293
3.034,0.574,9.314
2.988,0.469,9.4
3.134,0.297,9.077
2.299,-3.22,11.477
2.905,0.464,9.374
2.668,1.024,10.496
2.878,0.388,9.111
3.283,0.794,9.154
3.108,1.017,9.704
2.728,0.809,10.001
3.146,0.51,9.29
3.18,0.538,7.931
3.491,1.739,8.917
2.897,1.043,10.786
4.005,1.651,9.293
2.495,0.043,8.486
3.182,0.423,9.188
3.01,0.761,10.046
2.814,0.699,9.74
2.933,2.103,4.993
2.62,2.311,9.628
2.675,0.464,10.884
3.302,0.167,8.731
3.027,0.9,9.13
2.979,1.005,9.833
2.885,0.72,9.783
3.055,0.947,8.599
2.907,0.821,8.044
2.988,1.347,10.745
3.089,1.266,9.944
2.364,0.294,8.57
3.012,0.73,8.898
3.187,0.428,9.716
2.869,-0.065,9.503
2.996,0.83,9.57
3.244,-4.589,10.133
2.132,1.079,10.566
3.175,0.586,9.575
2.833,-0.029,8.836
3.094,0.529,9.183
2.79,0.433,9.822
2.878,0.555,9.644
2.921,0.866,9.436
3.61,0.802,10.661
3.082,0.957,10.843
2.728,0.687,9.721
2.742,0.304,8.771
3.328,0.378,8.955
3.003,0.242,9.8
2.859,0.366,9.585
2.756,1.141,9.312
2.574,0.443,12.793
2.991,0.749,10.367
2.804,0.213,9.63
2.692,0.134,8.857
3.053,0.732,9.295
2.692,0.806,10.025
2.893,0.258,9.506
2.799,0.986,9.482
2.84,2.45,8.941
2.622,0.823,10.948
3.237,0.684,9.838
2.306,0.041,8.53
2.818,0.792,9.235
3.043,0.763,9.967
2.873,0.258,9.298
2.885,0.656,9.302
2.814,1.883,11.511
2.534,1.352,10.915
2.515,1.244,10.549
2.529,0.397,8.798
2.756,0.656,8.929
2.814,0.512,9.891
2.747,0.354,9.558
2.483,1.529,0.902
2.335,1.596,9.199
2.658,1.732,10.92
3.089,1.165,9.546
2.239,-0.187,8.654
2.728,0.352,9.353
2.768,0.412,9.893
2.656,0.95,9.881
2.407,2.139,6.529
2.335,2.168,9.281
2.409,1.024,10.745
3.388,1.113,8.934
2.457,0.684,9.042
2.735,1.019,9.898
2.675,0.648,9.814
2.711,0.646,9.319
3.295,-2.421,4.828
2.584,1.328,9.635
2.409,1.962,11.09
3.036,1.385,9.788
2.084,0.122,8.766
2.615,0.648,9.549
2.596,0.443,10.106
2.517,0.648,9.979
3.57,-4.61,8.187
2.797,1.299,9.951
2.426,1.768,11.283
3.187,1.043,9.345
1.792,0.433,8.769
2.55,0.785,9.568
2.749,0.404,9.869
2.737,0.352,9.51
2.476,1.701,9.96
3.625,0.991,10.408
2.96,1.227,11.092
3.534,-0.263,8.881
0.787,0.452,8.75
2.34,1.392,10.252
2.577,0.897,10.056
2.493,0.404,9.444
1.517,-1.342,4.326
2.125,1.809,9.752
2.72,2.0,10.984
3.127,1.115,10.087
1.919,-0.423,8.372
2.474,0.596,9.276
2.732,0.823,10.298
2.426,0.206,9.707
2.72,0.699,9.482
2.266,-3.866,12.465
2.639,0.756,10.532
2.481,0.935,10.331
2.926,0.323,8.451
2.357,0.34,8.795
2.682,1.046,10.023
2.488,0.804,9.831
2.507,0.644,9.53
3.441,-4.448,7.163
2.297,1.613,10.846
2.684,1.225,10.037
2.433,0.5,9.168
2.74,0.211,8.884
2.625,0.266,9.788
2.428,0.447,9.652
2.594,0.794,9.573
2.85,-4.914,12.324
2.555,1.127,10.688
2.151,1.029,10.31
2.44,0.565,9.199
2.775,0.402,8.92
2.503,0.555,10.142
2.56,0.062,9.778
2.74,0.562,9.599
1.876,-2.603,13.669
2.682,0.914,10.295
2.474,1.342,10.348
4.369,1.419,8.455
1.806,-0.074,8.515
2.641,0.837,9.735
2.503,0.727,9.989
2.495,0.56,9.448
2.529,0.605,9.367
2.771,-6.058,15.394
2.546,0.56,10.247
1.945,1.395,11.197
3.101,1.065,8.467
2.225,0.117,9.056
2.314,0.608,9.951
2.378,0.648,10.111
2.493,0.115,9.649
2.529,0.715,9.733
0.502,-7.604,19.782
2.122,0.141,10.795
2.639,2.122,11.805
2.34,0.048,8.331
2.302,0.136,8.534
2.562,0.646,10.075
2.084,0.761,10.106
2.141,0.615,9.652
2.393,0.297,9.444
2.474,0.371,9.467
2.443,0.596,9.3
2.436,0.665,9.216
2.464,0.797,9.357
2.424,0.66,9.551
2.452,0.727,9.441
2.488,0.797,9.403
2.45,0.675,9.326
2.438,0.787,9.58
2.309,0.763,9.63
2.419,0.239,9.451
2.383,0.366,9.408
2.373,0.67,9.676
2.251,0.84,9.755
2.397,0.818,9.633
2.402,0.591,9.36
1.818,-15.511,5.67
-1.199,1.385,13.315
2.586,2.457,10.992
2.323,-0.098,8.719
2.517,-0.191,8.771
2.28,0.931,9.869
2.029,0.971,10.09
2.163,0.768,9.726
2.357,0.378,9.324
3.697,4.158,10.506
2.534,1.603,11.623
2.493,0.624,10.487
2.232,0.091,8.08
1.976,0.67,9.353
2.019,1.132,10.145
2.003,0.694,9.975
2.247,0.629,9.556
4.271,-9.884,5.74
-0.311,0.337,10.86
2.0,1.495,10.74
2.472,0.1,9.058
2.204,0.431,9.42
1.854,0.9,10.056
2.204,0.77,10.003
2.113,0.864,9.455
2.213,1.526,10.692
1.448,2.814,12.312
1.641,2.541,12.666
1.785,-0.632,8.97
2.543,-0.345,8.137
2.175,0.328,9.915
1.593,1.347,10.822
1.974,1.12,9.563
1.639,3.163,11.365
1.742,3.067,12.099
2.113,2.237,10.29
1.969,-1.84,7.84
2.263,-0.136,8.503
2.101,0.928,10.255
1.715,1.321,10.556
2.247,0.691,9.321
0.971,3.007,10.082
2.574,2.33,11.733
5.544,3.713,8.135
1.18,-1.022,8.262
2.204,0.371,9.386
2.115,0.921,10.429
1.739,0.847,10.176
2.553,3.151,17.315
0.244,1.696,10.647
2.5,1.23,12.439
2.127,0.787,7.41
1.146,0.366,8.331
2.175,1.053,10.073
1.682,0.699,10.367
1.869,1.113,10.41
4.072,4.886,11.815
1.928,1.62,11.219
3.476,1.134,13.437
0.479,0.579,8.618
0.443,-0.529,7.537
2.445,1.706,10.465
1.605,0.639,10.468
2.06,0.988,9.783
6.709,4.811,17.901
2.015,2.22,12.111
2.405,2.345,14.131
0.912,-2.235,9.767
1.201,-0.935,7.534
2.541,1.266,10.015
1.378,1.526,10.661
1.641,0.919,9.525
4.18,4.759,9.484
-1.321,3.173,10.592
5.979,0.249,12.839
0.213,-1.816,8.716
1.895,1.969,7.005
1.182,-0.172,9.752
2.785,1.091,10.893
13.815,-14.083,-10.793
0.455,8.776,7.367
0.191,5.771,15.923
1.256,5.194,10.393
1.909,-0.117,7.659
3.4,-3.118,4.929
2.017,0.371,9.324
1.34,1.407,9.728
3.775,4.414,10.324
1.589,9.152,12.635
-1.675,5.197,19.689
3.362,3.649,11.953
-0.706,-8.453,5.075
2.804,-2.495,6.309
2.261,0.964,10.637
1.18,2.333,11.987
0.132,25.378,11.142
-3.326,5.84,16.636
-1.314,2.859,23.122
2.885,0.677,2.964
2.249,-3.764,3.708
1.883,-0.72,8.07
0.701,2.55,11.771
1.177,2.56,11.836
1.991,-0.115,9.625
2.345,-1.438,9.798
1.122,0.223,10.24
0.909,0.904,9.412
1.68,0.359,8.513
2.311,0.541,9.616
1.95,1.562,10.142
1.572,0.811,8.711
2.464,0.079,8.384
1.471,0.766,9.599
1.254,2.096,10.633
1.79,1.026,9.465
2.091,-0.01,8.989
1.993,0.553,9.848
1.732,1.089,10.097
1.699,1.139,9.762
1.89,0.62,9.448
1.859,0.469,9.594
1.797,0.701,9.551
1.907,0.723,9.41
1.967,0.601,9.415
1.928,0.543,9.628
1.809,0.409,9.479
1.852,0.196,9.412
1.904,0.304,9.501
1.823,0.727,9.807
3.72,2.113,7.19
2.0,0.462,10.18
2.038,1.402,8.379
0.88,1.842,9.525
1.285,1.125,9.833
2.182,0.675,9.86
1.165,1.101,10.264
1.668,-0.234,9.056
2.783,-0.273,9.302
0.794,0.624,11.015
2.395,-0.23,9.089
0.455,27.503,14.188
15.097,-17.672,3.027
-1.57,-2.883,8.69
0.366,1.081,8.429
1.601,-1.031,9.207
2.283,-0.251,10.987
-5.62,43.365,9.235
18.164,-15.243,0.112
-3.689,4.503,15.741
3.768,-6.58,7.917
-0.991,3.905,14.738
1.577,-0.01,9.654
1.481,0.517,10.42
1.515,-1.278,8.36
1.464,-0.165,9.125
1.62,0.435,9.58
1.51,0.861,9.721
1.572,1.053,9.525
1.73,0.876,9.142
1.727,0.711,9.348
1.617,0.916,9.422
1.605,1.141,9.439
1.718,1.036,9.298
1.761,0.919,9.357
1.725,0.885,9.467
1.723,0.644,9.331
1.852,0.546,9.288
1.715,0.713,9.592
1.648,0.682,9.618
1.754,0.313,9.539
1.759,0.292,9.673
1.632,0.342,9.752
1.596,0.438,9.778
1.61,0.505,9.764
1.601,0.409,9.795
1.529,0.435,9.69
1.598,0.644,9.683
0.584,-3.5,12.453
0.514,2.591,11.803
1.213,1.469,10.494
1.541,-0.096,9.006
1.713,-0.368,9.209
1.302,0.744,10.269
0.933,1.364,10.568
2.012,2.665,0.689
0.244,1.036,8.515
0.45,4.307,13.236
0.9,1.83,10.807
1.165,-0.392,9.101
2.077,-0.768,8.86
1.261,0.51,10.369
0.684,1.45,10.802
1.127,1.342,10.125
4.113,1.151,2.015
-1.503,11.303,11.573
0.648,3.347,12.784
-0.586,0.763,9.161
2.902,-2.034,6.304
2.984,-1.486,8.305
0.998,1.199,10.142
0.904,2.601,10.623
0.45,1.215,6.702
1.476,8.235,12.903
0.431,4.436,13.04
1.208,1.168,9.197
2.23,0.148,7.872
2.842,-0.67,8.415
1.531,1.043,10.149
1.203,1.732,10.334
2.003,1.428,9.537
4.62,-17.877,-1.519
-2.268,11.886,12.724
1.749,3.414,11.638
0.766,0.361,9.635
1.799,-1.737,7.285
2.479,-1.079,9.326
1.077,0.732,11.188
0.981,1.206,11.025
1.83,0.943,10.293
1.759,0.493,10.101
-0.483,11.982,15.25
-0.519,5.331,14.415
2.05,1.125,10.204
2.225,0.39,7.685
2.653,-1.692,7.986
1.943,0.022,10.008
1.227,0.955,10.379
1.61,1.134,10.046
-0.44,-12.042,14.274
0.203,5.448,12.946
1.95,3.563,12.059
1.12,1.203,11.102
2.168,-1.955,8.285
3.517,-1.175,8.69
2.108,0.416,10.561
1.498,0.598,10.515
4.472,1.309,-29.3
0.297,9.173,8.876
-1.503,5.953,13.312
1.596,3.12,12.683
1.182,-0.601,8.025
3.452,-1.529,7.125
3.098,0.227,9.379
1.479,1.165,10.355
2.172,1.378,10.121
2.472,0.912,9.183
2.283,1.002,9.154
2.149,1.012,9.257
2.474,0.572,8.817
2.601,0.031,8.826
2.481,0.163,9.312
2.211,0.373,9.563
2.151,0.225,9.345
2.388,-0.036,9.374
2.402,-0.074,9.58
2.364,0.043,9.542
2.29,-0.033,9.546
2.275,0.007,9.86
2.189,0.124,9.936
2.196,0.258,9.74
2.16,0.278,9.676
4.199,-8.69,15.547
-0.79,7.223,16.576
-3.144,4.187,14.934
3.457,-1.754,7.419
2.962,-0.617,7.214
2.591,-1.325,8.352
1.471,1.471,11.743
1.436,1.873,11.472
1.928,0.876,9.747
2.134,0.089,9.142
6.438,-0.017,8.233
-4.546,7.123,14.088
1.821,4.697,16.583
1.747,-0.658,8.805
3.613,-2.082,5.168
2.842,-1.699,8.302
1.761,0.024,10.726
1.792,0.73,10.975
2.266,0.727,9.9
2.18,0.388,9.446
4.254,-12.099,11.726
-0.938,13.48,13.662
-1.974,4.747,17.272
5.015,0.799,7.855
0.366,-0.316,5.797
2.335,-0.132,7.084
1.943,0.34,10.853
1.361,1.376,11.824
15.351,-8.848,-78.357
2.596,19.217,10.941
-1.412,5.847,15.535
4.582,4.62,9.132
1.579,-2.117,6.178
2.766,-3.247,5.185
2.682,-0.053,9.886
1.646,2.29,11.121
1.249,1.567,10.408
2.405,-0.292,8.936
2.428,-0.493,9.412
2.029,0.29,9.551
2.168,0.421,9.166
2.357,0.223,9.018
2.259,0.581,9.731
2.263,0.622,9.795
2.555,-0.091,9.101
2.388,-0.433,8.953
1.95,0.208,9.668
1.625,0.378,9.924
1.962,-0.206,9.412
2.304,-0.273,9.254
2.196,0.479,9.594
2.244,0.847,9.647
2.388,0.428,9.381
2.23,0.041,9.439
2.0,0.156,9.592
1.665,0.292,1.091
1.529,4.297,7.197
0.971,-1.012,12.786
1.637,-0.206,9.539
1.938,0.16,9.051
1.799,0.093,10.018
