-1.512,3.575,9.448
-0.979,3.984,8.661
-1.12,3.28,9.144
-1.156,3.376,9.362
-1.117,3.177,9.223
-1.113,2.79,9.247
-0.811,2.326,9.144
-1.503,2.988,9.343
-1.046,3.0,9.147
-0.88,3.283,9.247
-1.041,3.668,9.321
-0.888,3.787,9.168
-1.567,3.426,8.96
-2.223,3.051,8.336
-0.775,3.464,9.173
-1.189,3.06,8.857
-1.605,3.754,11.568
-1.548,3.933,7.788
-0.467,3.089,8.659
-4.362,0.632,9.489
4.823,3.732,10.068
-8.652,-0.802,6.905
0.452,3.048,8.891
0.883,4.364,9.489
-1.297,4.555,9.915
-0.921,4.23,8.975
-2.795,3.976,9.08
-0.885,5.364,13.363
-2.314,2.673,9.522
-1.61,3.072,9.305
-1.646,2.713,9.188
-0.849,3.185,9.147
-1.113,2.0,9.365
-2.12,2.993,9.429
0.335,3.998,8.912
-0.639,4.4,9.367
-0.854,3.823,9.046
-1.402,3.606,8.927
-1.385,3.914,8.824
-1.043,4.278,9.013
-1.239,4.295,9.188
-1.069,4.694,9.121
-0.022,4.811,8.809
-0.318,4.862,8.563
-1.306,5.134,9.042
-1.888,3.651,8.728
-1.292,4.122,8.891
-0.476,4.343,8.891
-0.897,3.845,8.86
-1.211,3.596,9.075
-1.256,3.548,9.118
-1.235,3.577,8.872
-1.235,3.527,8.967
-0.62,3.646,8.965
-1.125,3.584,9.068
-1.44,3.292,9.089
-1.108,3.414,9.003
-1.014,3.708,9.085
-1.134,3.677,9.013
-1.503,3.129,8.903
-1.775,3.266,8.857
-0.775,3.914,8.874
-1.311,4.347,9.176
-1.146,3.926,8.97
-0.95,3.771,8.664
-1.199,4.194,8.738
-1.05,4.326,9.094
-1.285,4.163,9.018
-0.802,4.271,8.675
-0.73,4.742,8.678
-1.077,4.579,8.958
-0.141,4.694,8.731
-1.11,3.673,8.809
-0.596,4.819,8.917
-0.754,4.527,8.939
-0.651,4.309,8.853
-0.895,4.433,8.702
-1.208,4.043,8.809
-1.05,4.161,8.728
-1.199,4.431,9.106
-0.536,4.398,8.884
-0.892,4.316,8.869
-1.309,4.015,8.972
-1.359,3.866,8.946
-1.084,3.919,8.872
-0.447,3.764,8.853
-1.321,3.886,9.03
-0.766,4.354,8.936
-1.261,3.881,8.814
-1.017,3.783,9.03
-1.505,4.237,8.862
-0.964,4.091,8.955
-0.89,4.173,8.867
-1.285,3.713,8.783
-1.153,3.847,9.032
-0.565,3.759,8.989
-1.567,3.646,9.073
-1.254,3.821,8.97
-1.16,3.735,8.994
-1.278,3.898,9.03
-1.232,3.979,9.101
-0.816,4.142,8.879
-1.309,3.529,8.989
-1.385,3.9,9.104
-1.065,3.735,9.061
-1.328,3.876,8.92
-3.4,2.802,8.309
-1.046,3.888,9.073
-1.718,3.321,8.975
-1.323,3.967,9.109
-1.072,4.02,9.027
-1.388,3.955,9.02
-1.175,3.965,9.037
-1.33,3.591,9.018
-1.038,3.697,8.984
-1.294,3.469,9.01
-1.022,3.613,8.996
-1.428,3.764,9.082
1.754,2.929,8.592
-2.675,2.907,9.848
-0.967,3.443,9.549
-0.852,3.627,8.896
-1.826,3.144,8.659
-1.129,4.288,9.269
-1.464,4.017,9.233
-1.007,3.799,9.03
-1.022,3.534,9.178
-1.287,3.261,9.161
-0.998,3.426,8.953
-1.108,3.285,9.111
-1.163,3.29,9.271
-1.144,3.374,9.166
-1.22,3.405,9.073
-1.189,3.541,9.08
-1.242,3.785,9.192
-1.163,3.802,9.116
-1.105,3.828,9.118
-1.16,3.661,9.085
-1.33,3.534,9.152
-1.27,3.443,9.077
-1.211,3.462,9.049
-1.278,3.565,9.054
-1.199,3.63,9.121
-1.168,3.634,9.13
-1.132,3.725,9.08
-1.292,3.62,9.049
-1.23,3.646,9.116
-1.153,3.653,9.125
-1.101,3.558,9.173
-1.091,3.567,9.07
-1.117,3.63,9.118
-1.177,3.582,9.128
-1.175,3.512,8.91
-1.419,3.606,9.13
-1.349,3.73,9.137
-1.27,3.814,9.034
-1.17,3.718,9.135
-1.172,3.653,9.192
-1.103,3.519,9.142
-1.134,3.395,9.099
-1.134,3.467,9.168
-1.077,3.493,9.116
-1.192,3.658,9.185
-1.266,3.854,9.137
-1.27,3.828,9.118
-1.182,3.651,9.022
-1.175,3.299,9.116
-1.357,3.577,9.18
-1.134,3.307,9.063
-1.211,3.414,9.042
-1.16,3.689,9.101
-1.089,3.687,9.082
-1.187,3.749,9.02
-1.483,3.503,9.161
-1.163,3.787,9.068
-1.227,1.936,9.601
-1.828,2.579,10.082
0.512,4.158,8.819
-5.024,2.015,8.726
0.136,4.618,9.07
-1.759,4.465,9.235
-1.347,4.371,8.886
-1.232,3.976,9.046
-1.543,3.747,9.228
-0.991,3.393,9.116
-1.299,2.682,9.037
-1.01,2.785,8.951
-1.144,2.96,9.259
-1.16,3.106,9.257
-1.182,3.634,9.039
-1.122,3.819,9.094
-1.407,3.979,9.166
-1.304,3.9,9.125
-1.376,3.582,9.099
-1.287,3.462,9.116
-1.235,3.196,9.132
-1.146,3.283,9.142
-1.18,3.443,9.14
-1.223,3.527,9.14
-1.383,3.67,9.142
-1.254,3.541,9.14
-1.282,3.591,9.125
-1.227,3.536,9.152
-1.053,3.457,9.178
-1.424,3.29,9.109
-1.263,3.321,9.164
-1.184,3.646,9.065
-1.247,3.598,9.094
-1.122,3.615,9.109
-1.101,3.354,9.159
-1.603,3.869,9.245
-0.766,3.161,9.152
-0.857,3.438,9.13
-1.201,4.034,8.967
-2.213,1.991,9.767
-2.146,3.543,9.013
-0.412,3.345,8.879
-0.694,3.993,9.135
-1.031,3.56,9.125
-1.739,3.326,9.07
-0.943,3.426,9.101
0.045,3.261,9.065
-0.711,3.247,9.018
-0.794,3.665,9.288
-1.957,3.527,8.766
-0.974,4.055,8.63
-1.292,4.199,9.101
-1.414,4.273,9.257
-1.438,3.991,9.037
-0.912,3.606,8.972
-1.225,3.271,9.183
-1.33,3.206,9.111
-0.821,3.34,8.886
-0.938,3.512,9.061
-1.515,3.565,9.243
-1.546,4.034,9.147
-0.983,3.589,8.946
-1.172,3.988,9.063
-1.627,6.611,2.615
2.718,6.316,9.058
-1.404,3.127,9.525
-1.156,3.878,8.752
-2.01,2.397,8.654
-0.428,4.721,9.13
-1.586,3.972,9.118
-1.287,3.78,9.015
-1.268,3.596,8.975
-1.103,3.381,9.204
-0.995,3.273,9.132
-0.746,3.201,8.905
-1.335,3.39,9.13
-1.395,3.823,9.195
-1.366,3.845,9.042
-1.232,3.883,8.963
-1.57,3.864,9.176
-1.239,3.795,9.092
-1.371,3.639,9.013
-1.416,3.527,9.07
-1.156,3.584,9.034
-1.105,3.56,9.013
-1.225,3.519,9.123
-1.134,3.749,9.125
-1.476,4.106,9.362
-1.175,3.472,9.025
-1.431,3.512,9.123
-1.089,3.371,9.121
-1.136,2.912,9.037
-0.725,3.211,9.183
-1.314,3.412,9.097
-1.457,3.878,9.152
-1.187,3.943,9.022
-1.187,3.976,8.934
-1.268,3.871,9.353
-1.213,3.699,9.14
-1.086,3.417,8.972
-1.199,3.488,9.123
-1.091,3.436,9.118
-1.043,3.9,9.025
-1.404,3.101,9.068
-1.474,3.826,9.092
-0.945,3.876,9.116
-1.113,3.699,9.037
-1.127,3.486,9.037
-1.101,3.63,8.991
-1.457,3.591,9.111
-1.208,3.73,9.116
-1.067,3.567,9.073
-1.058,3.799,9.099
-1.223,3.685,9.022
-1.187,3.797,9.061
-1.11,3.981,9.159
-1.452,3.407,9.118
-1.572,3.503,9.195
-1.01,3.563,9.025
-1.16,3.622,9.058
-1.785,3.381,8.979
-0.089,3.108,9.003
-1.517,3.543,8.987
-2.062,3.548,9.295
-1.895,3.775,9.288
-1.711,3.622,9.161
-1.388,2.986,8.733
-0.933,3.06,9.357
-1.44,3.926,9.228
-1.974,3.426,9.135
-0.763,4.101,8.955
-0.696,4.575,9.099
-0.51,3.996,8.967
-1.225,3.909,9.159
-1.304,3.697,9.137
-0.857,3.936,9.049
-1.239,3.859,8.982
-1.562,3.393,9.147
-1.57,3.45,9.034
-1.512,3.515,9.183
-1.285,3.383,9.109
-1.156,3.687,8.996
-1.242,3.819,9.039
-1.127,4.008,9.07
-1.108,3.835,8.989
-1.28,3.68,8.965
-1.928,3.708,10.056
-0.921,3.323,8.967
-1.323,3.792,9.037
-1.029,3.938,8.946
-1.223,3.79,8.96
-1.424,3.768,9.03
-1.146,3.778,9.149
-0.938,3.783,9.444
-0.746,3.51,9.568
-0.77,3.271,9.312
-0.926,3.01,8.879
-1.333,3.144,8.934
-1.084,3.333,8.965
-1.538,3.984,8.9
-1.72,4.051,8.735
-1.802,4.225,8.927
-1.792,4.161,9.18
-1.273,3.96,9.271
-1.074,3.761,9.274
-1.026,3.524,9.168
-1.275,3.35,9.161
-0.955,3.285,9.128
-0.44,3.441,8.994
-0.947,3.151,9.099
-0.888,3.362,9.238
-1.077,3.546,9.197
-1.031,3.527,9.02
-1.002,3.598,9.042
-1.337,3.527,9.075
-1.668,3.692,9.274
-0.979,3.57,9.068
-1.29,3.586,9.152
-1.144,3.606,9.164
-1.115,3.596,9.147
-1.153,3.539,9.149
-1.227,3.498,9.109
-1.141,3.548,9.094
-1.223,3.613,9.104
-1.041,3.649,9.128
-1.27,3.462,9.147
-1.208,3.51,9.061
-1.093,3.632,9.058
-1.184,3.668,9.152
-1.156,3.618,9.125
-1.17,3.591,9.097
-1.134,3.539,9.188
-1.172,3.51,9.087
-1.132,3.474,9.128
-1.194,3.519,9.144
-1.132,3.555,9.135
-1.148,3.634,9.176
-1.05,3.704,9.178
-1.141,3.603,9.137
-1.16,3.522,9.109
-1.237,3.476,9.068
-1.373,3.519,9.094
-1.208,3.644,9.068
-1.058,3.74,9.13
-1.098,3.539,9.202
-1.151,3.438,9.154
-1.163,3.402,9.18
-1.069,3.531,9.082
-1.144,3.512,9.068
-1.273,3.531,9.061
-1.055,3.615,9.156
-1.168,3.603,9.125
-1.168,3.649,9.065
-1.086,3.716,9.051
-1.163,3.747,9.111
-1.165,3.675,9.101
-1.201,3.62,8.984
-1.299,3.603,8.991
-1.388,3.464,9.025
-1.364,3.328,8.929
-1.244,3.208,8.829
-1.373,3.213,8.333
-1.67,3.677,8.329
-2.041,4.374,8.738
-2.675,5.137,9.135
-2.579,8.065,8.364
-2.637,12.477,4.536
-3.505,8.424,14.382
-3.342,10.135,12.446
-3.764,5.149,6.802
-3.969,3.196,7.496
-5.216,3.055,7.376
-6.048,3.914,8.484
-5.419,3.859,8.563
-5.828,4.771,8.36
-6.477,4.201,9.106
-6.924,3.187,9.149
-6.319,3.22,8.41
-5.364,3.9,8.264
-4.816,4.328,8.285
-3.936,4.723,7.96
-3.778,5.123,7.977
-3.505,5.058,7.726
-2.187,4.902,7.628
-1.18,4.493,7.383
-1.168,4.309,7.357
-1.213,3.448,7.295
-0.809,3.35,7.276
-0.242,3.397,7.01
-0.239,3.094,7.527
-1.01,2.725,7.762
-1.644,2.869,7.439
-1.94,2.842,6.723
-2.321,2.493,7.166
-3.362,1.584,7.388
-4.347,0.67,7.111
-5.254,-0.79,6.35
-6.785,-2.541,5.455
-8.903,-4.544,6.776
-11.537,-6.314,7.599
-11.975,-6.441,6.967
-12.075,-5.304,6.893
-11.441,-3.62,6.687
-10.594,-2.175,6.608
-10.652,-2.165,5.515
-11.145,-2.711,4.177
-12.315,-1.656,2.562
-12.922,-6.194,3.792
-19.138,-45.193,4.309
-2.594,-17.164,-0.392
1.55,-7.706,-2.175
-1.258,-4.584,1.845
-6.115,-8.781,2.759
-5.06,-9.266,2.723
-4.541,-8.893,5.462
-4.658,-1.919,5.192
-8.321,-14.437,5.367
-7.728,-16.145,3.814
-10.171,-12.025,3.871
-10.46,-2.72,4.175
-8.582,-8.156,10.613
-11.056,-4.718,2.428
-11.996,-6.182,2.919
-9.403,-3.529,2.768
-10.812,-3.18,3.362
-12.085,-4.974,3.558
-12.255,-4.517,2.022
-11.09,-3.852,1.175
-9.408,-3.321,1.323
-10.013,-2.728,0.62
-10.106,-3.295,0.577
-10.97,-4.089,1.775
-10.838,-4.158,1.67
-10.891,-3.567,0.947
-10.19,-3.108,1.019
-9.953,-2.601,1.534
-9.448,-3.034,1.854
-9.128,-2.491,2.005
-9.223,-1.641,2.278
-9.125,-3.115,2.062
-8.29,-2.201,1.125
-8.388,-2.407,1.888
-9.039,-2.694,0.703
-8.173,-2.216,0.88
-8.829,-2.22,1.61
-9.307,-3.201,2.184
-9.247,-3.955,0.536
-9.092,-5.211,0.526
-10.008,-4.084,0.883
-8.08,-7.912,-0.849
-9.061,-5.922,-0.794
-9.046,-7.395,-1.596
-10.192,-6.953,-0.514
-10.953,-7.738,-0.263
-11.41,-6.649,-1.706
-12.762,-7.678,-1.625
-12.116,-7.974,-2.18
-12.791,-10.927,-4.972
-13.791,-9.953,-4.658
-10.788,-4.668,-7.656
-13.729,-6.97,-5.871
-14.678,-12.671,-5.685
-15.114,-8.166,-2.938
-12.839,-7.982,-1.749
-11.865,-6.867,-3.854
-12.92,-8.266,-2.06
-11.027,-7.549,-2.07
-12.386,-6.943,-0.88
-11.31,-7.092,-0.665
-10.448,-7.4,1.034
-11.082,-9.563,2.314
-11.003,-8.922,2.675
-11.714,-12.437,0.766
-10.623,-7.446,4.364
-7.809,8.312,8.943
-4.68,10.846,4.969
-5.106,-0.136,5.989
-3.292,2.938,9.113
-7.18,0.096,7.395
-2.651,-3.407,5.166
-5.991,-0.816,7.02
-1.742,-2.022,8.941
-3.443,-0.957,8.585
-1.474,3.364,10.324
-0.512,1.232,10.101
0.282,0.517,8.472
0.88,0.313,8.884
1.187,0.519,9.195
3.297,1.759,9.774
3.996,2.507,9.714
3.807,3.065,9.891
4.814,3.259,9.537
4.536,3.362,9.759
5.757,2.684,10.274
5.323,2.603,11.611
6.828,3.878,12.367
7.369,2.46,13.128
8.345,5.264,11.87
8.039,2.56,12.465
6.659,4.326,12.094
4.938,0.215,11.559
-2.591,-2.22,9.889
-14.253,-5.704,10.489
-12.803,-7.099,12.523
-8.494,-3.457,9.556
-3.658,-1.852,9.984
-4.905,0.244,7.422
-4.288,-0.246,8.786
-5.541,-1.421,8.546
-4.283,-1.56,8.958
-2.113,-1.567,6.68
-5.18,-2.708,7.07
-2.701,-3.747,8.472
-4.139,0.313,8.027
-3.572,-0.459,7.544
-3.005,-1.146,7.149
-6.285,-2.06,9.252
-4.792,-1.005,9.321
-4.792,-1.555,10.346
-4.13,-1.213,11.099
-4.352,-0.909,9.963
-4.553,-1.706,9.635
-4.603,-1.093,10.116
-3.869,-0.711,10.743
-4.055,-0.955,10.408
-3.881,-1.23,9.676
-3.589,0.117,9.116
-3.773,-0.531,9.415
-3.285,0.081,8.795
-3.388,-0.376,9.008
-3.622,-1.098,9.467
-2.931,-0.412,8.881
-1.192,-0.617,8.508
-2.184,-0.756,8.484
-3.33,-0.546,9.063
-2.062,0.16,8.931
-2.488,0.026,9.317
-3.168,-0.359,9.755
-2.984,-0.782,9.223
-3.019,0.768,9.235
-2.483,1.337,9.479
-2.574,1.333,9.467
-2.302,0.567,8.546
-2.548,-0.117,8.448
-2.137,1.866,7.972
-2.567,0.981,8.345
-4.237,0.663,7.896
-3.173,0.203,6.087
-2.912,5.599,5.474
-2.792,5.527,6.211
-4.558,7.587,7.328
-3.536,9.743,7.599
-2.957,12.171,7.592
-3.752,14.224,7.044
-3.263,12.161,6.496
-0.959,12.81,5.276
-1.318,13.164,3.759
-1.926,13.788,3.285
-4.285,8.876,1.177
-5.087,14.018,1.196
-4.347,7.661,-2.759
-5.041,12.272,0.447
-7.886,10.554,3.953
-9.477,4.79,-1.754
-8.451,0.49,-8.525
-13.3,4.613,-3.33
-16.662,-2.976,-4.055
-19.444,-11.764,-2.546
-22.311,-13.652,3.321
-18.904,-8.489,9.764
-16.648,-12.336,13.111
-19.088,-20.775,14.954
-20.636,-30.481,15.047
-22.172,-19.258,9.35
-12.437,-18.334,5.73
-13.81,-15.801,8.326
-10.661,-15.939,6.678
-3.716,-7.838,-1.101
-4.689,-6.982,-3.0
-2.139,10.092,-6.08
-7.929,21.048,-14.839
-33.922,9.424,-25.986
-41.124,-10.805,-8.501
-49.471,-4.154,3.108
-44.16,-9.47,5.199
-34.188,-10.515,2.845
-32.314,-7.161,0.924
-19.657,-13.016,-0.352
-19.878,-5.065,2.141
-15.25,-10.35,0.691
-12.37,-6.625,-0.749
-11.221,-5.479,-6.269
-4.965,-9.991,-6.462
-1.345,-6.096,-6.711
-2.345,-4.819,-6.592
-1.311,-1.031,-4.929
0.713,-3.957,-6.675
0.991,-2.249,-6.261
0.294,-1.866,-6.881
1.247,-0.952,-7.247
0.641,-0.443,-8.786
2.988,0.813,-9.207
0.962,-0.732,-9.36
2.527,0.993,-8.525
2.95,-0.321,-9.171
2.328,0.644,-8.781
1.151,0.177,-9.752
1.723,0.299,-8.872
1.223,-0.033,-7.529
1.785,2.424,-8.104
1.017,2.919,-8.738
1.589,2.943,-9.482
2.577,4.343,-9.68
2.139,3.596,-8.398
1.345,2.649,-8.398
1.625,3.615,-8.544
1.153,5.254,-8.943
2.015,5.23,-8.807
1.249,4.835,-9.283
1.005,2.897,-8.613
0.876,3.299,-8.178
-0.347,3.448,-7.785
-0.775,4.615,-7.257
-1.455,5.127,-7.135
-1.153,6.458,-6.474
-2.158,4.965,-6.13
-3.072,1.778,-5.388
-4.41,2.127,-5.453
-4.254,3.326,-7.395
-6.747,0.486,-5.424
-7.474,1.314,-6.29
-7.183,0.964,-9.156
-11.573,7.283,-10.061
-10.496,7.651,-10.814
-10.166,6.905,-5.855
-8.757,6.843,-5.912
-10.097,1.409,-3.378
-10.226,3.228,-2.436
-5.4,4.211,-4.656
-8.175,-3.244,-6.85
-9.398,4.438,-7.439
-11.819,0.352,-4.173
-8.551,-5.986,-4.472
-7.69,-8.25,-7.97
-7.951,-5.651,-7.374
-12.417,-8.355,-9.781
-9.247,-11.688,-10.255
-11.207,-13.963,-9.886
-7.436,-12.221,-9.147
-3.383,-14.171,-8.494
-8.544,-14.006,-5.498
-4.809,-16.973,-4.991
0.471,-14.8,-0.275
-1.486,-11.908,-1.199
-1.026,-10.994,1.005
3.893,-12.362,-1.55
7.202,-7.013,1.402
8.183,-10.164,2.641
5.211,-2.254,2.524
6.776,-2.397,0.297
2.964,-1.505,6.572
1.904,-2.472,6.649
3.101,-0.663,2.548
0.959,-3.039,4.503
0.256,-3.364,6.352
-2.543,-4.051,5.943
0.61,-1.244,5.824
2.55,2.699,9.977
0.079,0.675,12.846
-0.05,-0.426,10.841
-2.285,-1.448,10.747
-6.498,-0.639,11.456
-6.343,-3.4,10.716
-6.45,-1.486,9.812
-6.132,-2.108,11.008
-1.254,-2.065,5.917
1.156,0.737,5.357
-0.397,1.129,6.462
-1.823,1.058,6.704
-1.459,2.091,8.252
-1.826,2.692,7.955
-0.297,0.907,5.524
0.089,-0.677,4.869
-1.266,3.409,6.709
-1.256,2.555,5.465
-3.029,3.381,9.762
-7.08,4.575,8.082
-7.872,4.642,6.319
-7.907,6.838,8.814
-7.728,6.706,7.171
-8.02,7.161,7.465
-8.975,5.283,10.104
-9.977,3.012,5.678
-7.699,1.782,1.893
-7.092,-0.56,2.369
-12.319,-4.508,0.665
-12.506,-0.493,1.727
-15.052,-2.696,-0.426
-16.121,-6.685,-0.091
-16.789,-15.702,-2.426
-16.121,-25.036,-2.479
-20.854,-28.024,5.273
-17.971,-31.147,12.937
-14.492,-25.357,19.15
-12.343,-21.509,18.143
-5.898,-31.173,22.287
-4.46,-12.439,20.325
0.06,-11.432,17.176
-1.433,-15.966,18.327
-6.604,-9.058,14.332
-9.872,-5.048,16.784
-3.933,-4.082,10.513
1.907,-3.024,2.101
1.105,-3.211,2.967
-5.41,-3.053,7.278
-1.01,-2.507,9.444
5.087,-3.252,12.561
-2.153,-6.91,4.591
-1.23,-8.819,3.67
1.048,-6.946,1.684
2.029,-5.73,0.701
1.026,-6.618,-1.225
1.316,-5.91,-2.302
1.419,-5.618,-3.704
-0.952,-7.635,-2.651
-0.261,-6.415,-3.187
-3.005,-7.907,-0.266
-3.539,-8.013,-1.541
-4.634,-8.747,-2.125
-4.448,-10.602,-1.711
-6.051,-11.42,-2.0
-5.51,-11.293,0.014
-0.165,-12.52,-1.969
-3.364,-11.078,4.285
-1.632,-8.793,8.113
-0.443,-6.541,9.63
1.285,-3.316,10.774
2.637,-2.201,10.176
3.345,-2.917,8.604
4.374,-4.419,8.754
6.455,-5.163,9.412
6.771,-6.795,10.57
4.711,-6.515,11.336
4.278,-5.065,10.532
3.821,-3.993,10.587
2.316,-2.871,11.19
0.136,-3.371,10.905
-2.244,-3.443,12.573
-5.044,-4.072,12.322
-3.898,-2.491,10.97
-0.55,-3.278,11.176
-0.065,-2.347,10.68
-0.069,-3.053,10.465
-0.885,-3.232,10.422
-1.617,-2.548,9.776
-1.869,-1.696,9.963
-1.988,-0.921,9.577
-1.304,-1.22,9.214
-1.416,-0.227,9.92
-1.048,0.426,10.494
-0.469,1.041,10.726
0.356,2.117,10.563
-0.531,2.74,10.8
-0.033,3.165,10.953
-0.316,4.354,10.963
0.706,5.06,10.731
-2.137,9.577,7.735
3.448,8.424,14.025
0.022,14.525,6.776
-4.486,11.236,8.716
-11.19,10.515,7.046
-9.312,8.551,9.788
-6.149,8.35,9.278
-7.125,5.338,3.656
-5.417,5.003,-1.357
-4.677,5.51,-4.5
-7.673,5.962,0.383
-11.834,5.905,4.065
-14.815,1.562,3.591
-16.583,-1.392,4.424
-16.176,-5.809,-2.591
-16.198,-10.649,-7.317
-19.27,-18.444,-7.314
-15.533,-20.215,-8.549
-21.354,-37.657,-0.019
-27.912,-43.724,7.391
-23.249,-47.014,18.186
-19.909,-27.077,24.596
-22.136,-25.569,22.627
-12.267,-33.18,23.057
-14.494,-22.679,15.944
8.671,-13.571,18.605
-5.883,-18.815,18.066
-8.623,-7.417,15.028
-3.027,-4.608,9.063
-8.522,-3.95,7.924
-4.276,-4.421,11.087
-0.696,-3.364,10.908
4.252,-1.125,14.92
-0.378,-1.766,14.552
2.417,-10.747,11.568
-1.175,-8.364,10.116
2.876,-4.582,6.86
2.869,1.644,3.319
-1.495,2.132,0.672
-2.436,-1.938,-3.029
-1.134,-4.893,-2.783
-2.895,-5.505,-3.132
-5.524,-5.094,-3.596
-2.778,-3.321,-3.211
-6.903,-6.204,-5.084
-4.646,-9.924,-6.477
-10.09,-15.214,-5.869
-13.537,-14.875,-1.258
-9.075,-18.882,-4.041
-5.204,-13.252,-4.029
-7.242,-8.625,0.548
-11.219,-5.891,3.118
-2.007,0.921,4.553
-3.57,3.359,5.891
-2.35,-2.388,8.888
-0.053,-4.462,8.558
1.971,-5.778,9.51
0.026,-4.969,8.764
0.869,-5.407,9.216
0.529,-5.393,7.573
4.386,-5.087,7.498
2.383,-2.711,9.874
2.742,0.526,10.96
4.424,0.859,11.508
4.345,-0.895,11.228
3.304,-2.909,10.669
2.756,-2.4,10.556
3.519,0.208,12.477
0.577,-0.498,11.188
-0.44,-1.797,10.657
-3.917,-2.658,11.566
-5.35,-2.751,10.283
-3.912,-1.282,10.362
-2.297,-0.598,10.611
0.201,-2.302,11.149
-1.55,-4.546,11.695
-1.302,-3.534,12.525
-3.137,-2.321,11.994
-3.007,-2.036,12.114
-2.084,-1.495,10.494
-2.156,-1.797,10.724
-2.338,-3.347,10.855
-1.318,-3.383,11.044
-0.974,-2.254,10.465
-0.816,-2.634,10.695
-0.782,-2.424,10.659
-1.098,-3.409,10.393
-0.646,-2.177,10.381
-0.938,-1.909,10.446
-1.402,-2.261,10.293
-1.081,-1.976,10.073
-1.108,-1.617,10.087
-0.983,-1.653,9.75
-0.022,-1.287,9.611
-0.431,-0.526,10.401
-0.457,0.531,10.317
-0.725,2.062,10.563
-0.945,2.304,10.843
-4.933,0.531,9.367
0.062,3.699,10.042
-0.385,3.436,9.597
0.079,5.218,9.149
1.005,5.154,8.161
0.665,5.472,7.415
0.79,6.161,8.032
-0.689,7.302,8.711
-0.55,7.649,8.632
-2.091,6.982,8.058
-3.275,8.934,8.345
-4.201,6.998,8.228
-6.211,8.266,9.611
-7.154,7.953,9.944
-6.17,6.864,9.795
-4.764,5.96,6.326
-6.058,7.802,3.5
-6.029,7.4,-1.94
-7.07,3.252,-1.419
-11.008,-2.845,0.483
-18.138,0.041,1.244
-13.116,-4.488,5.496
-15.963,-5.221,-1.146
-16.43,-8.427,-2.555
-16.585,-16.387,-3.969
-21.337,-20.851,-3.816
-23.088,-27.323,1.814
-19.674,-29.271,9.812
-19.65,-36.946,14.044
-19.555,-42.32,21.215
-19.177,-23.332,16.872
9.879,-37.829,6.769
-11.609,-17.538,22.56
2.641,-8.585,16.32
7.929,-5.075,14.882
-2.627,-7.939,18.289
-7.247,-2.043,9.302
-0.78,-3.295,6.537
-3.816,-1.919,10.216
-0.435,-7.738,9.537
-3.017,-3.862,9.862
4.297,-7.448,5.788
2.323,-5.156,3.984
2.878,-1.385,1.383
2.498,0.129,2.18
-0.967,-1.878,2.199
0.103,-6.359,2.572
-2.627,-11.078,3.287
3.036,-6.295,5.4
1.079,-3.668,0.201
-0.495,-3.252,-2.555
-0.541,-2.574,-3.976
-2.077,-3.967,-6.537
-8.305,-4.273,-3.431
-5.288,-6.254,-2.838
-17.105,-17.361,-0.589
-13.162,-21.571,-8.087
-9.958,-25.392,-2.55
-11.877,-14.882,-3.385
-6.955,-5.144,-3.895
-3.304,0.782,2.9
2.84,-0.225,4.462
2.785,-2.034,5.367
-2.024,-2.373,11.118
-0.546,-2.424,11.786
5.376,-4.91,8.486
3.065,-8.046,8.908
2.897,-7.123,9.058
6.572,-5.52,8.472
2.452,-3.508,9.735
7.206,-3.778,8.625
6.651,-1.215,9.568
4.199,-0.318,10.451
3.24,-1.943,10.037
2.787,-3.295,11.137
0.864,-3.529,10.228
-1.711,-3.835,12.583
-5.974,-2.199,14.437
-6.804,-2.22,11.917
-4.237,-1.711,12.772
-1.158,-2.945,11.319
0.751,-4.441,10.898
-23.019,-4.364,17.25
-0.136,-5.62,11.659
-2.948,-3.732,11.114
-3.682,-3.665,10.408
-2.469,-2.95,10.238
-1.948,-3.986,10.214
-0.991,-3.893,10.922
-1.321,-4.735,10.903
-1.474,-3.309,10.745
-1.907,-2.974,10.8
-1.804,-3.005,10.759
-1.227,-2.773,10.46
-1.108,-2.309,10.676
-0.988,-1.909,10.602
-0.285,-1.148,10.36
-1.127,-1.158,10.279
0.629,-1.141,10.59
-0.622,0.694,10.243
-0.323,0.689,10.18
-0.29,2.412,10.255
-0.096,2.897,10.788
-1.799,2.589,8.587
-0.663,2.237,9.465
1.105,2.993,8.106
0.591,3.931,8.046
1.208,7.108,6.931
0.452,7.764,6.493
-1.208,7.809,5.474
-2.771,9.898,7.13
-2.972,8.862,6.828
-4.969,11.104,8.458
-5.898,6.053,7.829
-5.199,9.891,7.836
-4.529,7.974,8.408
-5.3,8.893,7.214
-6.824,7.336,7.807
-7.116,4.95,5.19
-8.113,3.742,1.328
-8.79,0.517,0.608
-9.36,-0.679,-0.239
-10.724,-3.998,1.479
-13.867,-4.907,3.637
-16.463,-9.96,2.089
-15.659,-9.862,2.46
-14.736,-15.951,-2.019
-16.619,-24.292,1.955
-23.129,-26.357,4.809
-13.43,-32.168,10.104
-11.537,-26.89,11.037
-20.406,-23.438,17.033
-15.494,-20.172,18.16
-9.092,-26.665,22.83
-4.591,-18.205,23.904
-0.758,-13.262,15.372
-2.675,-11.439,15.817
-3.697,-3.888,13.123
-2.163,-5.223,4.276
-7.001,-10.616,8.635
-4.723,-8.733,7.247
-3.144,-4.936,-1.546
1.187,-8.733,3.625
2.436,-5.666,0.361
-1.189,-3.807,2.038
-0.029,-6.484,0.01
4.017,-4.041,0.546
-0.105,-9.094,1.136
2.223,-4.663,2.433
1.845,-5.178,3.01
1.672,-6.161,0.316
1.108,-5.656,-0.646
-0.804,-7.374,-2.596
-0.268,-5.091,-3.589
0.617,-6.166,-5.0
-1.919,-9.759,-2.931
-2.778,-9.539,-2.417
-3.72,-11.353,-2.079
-2.424,-11.2,-2.472
-4.199,-10.814,-2.096
-1.787,-12.298,-0.115
-0.885,-10.819,1.706
-0.117,-8.326,4.419
-0.333,-8.742,6.216
0.866,-8.63,7.127
1.302,-5.656,9.168
2.467,-2.799,10.862
3.512,-1.737,10.422
4.902,-1.766,10.613
6.68,-2.873,10.051
5.556,-4.761,8.929
3.201,-5.402,9.03
2.464,-3.572,9.881
1.359,-5.656,8.953
0.701,-5.527,9.948
-1.158,-6.194,9.482
-2.957,-5.993,10.707
-3.756,-4.919,10.542
-2.06,-5.008,11.374
0.227,-5.515,10.927
0.301,-4.596,10.786
0.089,-4.244,10.874
0.055,-4.378,10.721
-2.529,-4.443,10.503
-1.261,-3.749,10.247
-0.991,-3.077,10.29
-0.574,-3.407,10.362
-1.165,-3.854,9.886
-0.486,-4.149,9.573
-0.88,-3.505,10.235
-0.433,-2.974,9.867
-0.45,-2.814,9.833
-0.368,-2.187,10.221
0.024,-1.632,10.037
0.223,-1.526,9.91
-0.342,-0.435,9.685
0.311,-0.223,10.123
-0.67,0.569,10.302
-1.747,1.835,10.791
0.723,2.933,9.032
0.766,3.663,9.135
-0.735,4.553,10.336
0.907,4.4,9.271
0.514,4.185,9.592
-0.443,4.933,9.324
0.002,5.369,8.082
-3.091,6.915,12.121
-2.912,4.474,6.9
0.555,6.599,7.36
-1.091,7.034,7.551
-2.555,7.446,7.348
-3.914,6.886,7.778
-5.273,7.34,8.163
-4.625,6.168,8.362
-5.173,7.151,8.996
-5.319,6.314,8.939
-4.938,5.642,7.058
-5.69,4.962,4.651
-6.697,3.677,2.763
-6.178,-0.258,1.775
-8.252,-1.218,2.749
-8.946,-0.83,2.94
-9.415,-2.869,3.242
-9.716,-2.802,4.524
-12.138,-6.513,5.206
-10.508,-6.522,5.673
-12.236,-12.099,6.905
-14.456,-15.76,8.211
-14.82,-18.069,11.592
-12.018,-13.623,10.346
-10.037,-21.122,11.269
-9.424,-20.141,11.867
-11.52,-20.916,13.418
-12.157,-23.49,17.748
-11.511,-19.839,17.157
-9.755,-13.324,13.437
-4.979,-10.771,8.266
-3.259,-10.764,10.764
-4.859,-6.761,16.427
-4.441,-9.089,12.762
-5.225,-10.716,7.977
-0.852,-7.848,7.537
-20.05,-5.314,8.587
1.029,-5.132,7.4
-2.79,-8.793,8.903
0.904,-5.395,5.709
-0.979,-5.123,6.099
-0.258,-7.537,1.857
-0.067,-8.69,0.904
0.622,-5.56,-2.665
0.565,-6.888,-2.869
0.842,-6.836,-1.933
1.436,-5.268,-1.041
0.06,-8.295,-1.878
2.771,-6.261,-1.967
1.715,-8.343,-2.385
2.244,-7.443,-4.213
-0.282,-7.527,-2.924
0.263,-6.979,-1.577
-0.67,-8.094,-0.139
-0.548,-8.35,-1.012
-0.988,-9.743,1.079
-1.653,-8.69,1.474
-0.084,-8.695,2.424
-0.479,-9.25,2.888
0.024,-9.295,3.876
0.909,-8.664,5.288
1.567,-6.773,7.434
1.826,-5.245,10.027
2.283,-3.046,10.743
3.553,-0.957,11.303
4.646,-0.333,11.128
3.639,-1.208,11.114
3.345,-0.656,10.992
3.472,-0.61,11.212
2.235,-2.239,11.649
0.617,-2.079,11.393
-1.069,-1.519,10.843
-3.694,-2.149,10.401
-4.158,-2.041,10.862
-1.859,-3.263,11.152
-0.995,-3.204,11.202
-0.34,-3.713,11.338
-0.964,-3.491,11.97
-1.498,-3.414,11.133
-1.263,-2.984,10.881
-1.048,-2.802,10.219
-1.742,-2.438,11.159
-1.184,-2.909,11.056
-1.548,-2.491,10.946
-0.991,-2.766,10.671
-0.732,-1.421,10.692
-0.787,-1.354,10.645
-0.584,-1.495,10.46
-0.089,-1.359,9.917
-0.27,-1.156,9.867
-0.684,-1.069,9.879
-1.249,-1.041,9.908
-1.053,0.29,9.731
-0.61,0.017,9.57
-1.074,1.239,9.845
-0.555,0.931,9.872
0.057,1.708,10.417
-2.608,3.395,11.341
0.703,4.898,9.755
0.048,4.907,10.164
-0.763,4.369,8.69
0.751,4.905,7.202
0.371,6.06,6.666
3.921,7.702,9.96
-1.266,6.398,7.462
-2.476,7.963,8.896
-4.776,7.884,8.903
-5.869,7.479,8.649
-5.481,7.113,9.243
-4.182,7.233,8.199
-5.381,6.637,8.819
-5.146,6.103,7.537
-5.113,5.771,6.348
-4.651,3.95,3.838
-5.869,1.885,2.17
-6.687,-0.806,2.601
-6.565,-1.948,1.893
-7.209,-0.548,2.003
-9.704,0.534,3.067
-10.779,-1.031,5.278
-11.118,-4.474,5.718
-12.319,-7.649,5.759
-12.013,-7.996,6.79
-14.611,-13.097,7.283
-12.791,-16.973,7.742
-11.444,-18.7,6.575
-9.305,-17.239,7.104
-9.221,-22.1,7.439
-10.468,-20.76,10.807
-8.197,-17.528,19.322
-13.382,-28.347,11.769
-5.388,-23.581,13.69
-6.69,-5.453,18.858
-7.594,-14.04,7.309
-1.263,-8.647,2.991
-4.371,-7.826,7.261
-4.309,-8.805,10.099
-3.677,-7.747,7.252
-3.24,-6.958,5.405
-3.498,-9.013,7.752
-4.043,-7.57,6.386
-2.216,-8.235,3.034
-18.198,-3.546,-8.089
6.147,-5.623,1.706
-3.493,-7.041,1.481
2.711,-5.654,1.239
1.479,-5.477,-0.287
2.83,-4.012,-0.974
0.869,-7.74,-1.014
1.605,-5.142,-0.234
1.371,-6.891,-0.395
0.715,-9.24,-1.237
2.192,-8.998,-1.735
1.237,-9.233,-1.72
0.703,-8.845,-2.086
-8.247,-12.159,6.278
-0.502,-6.836,0.715
-0.605,-8.881,1.739
0.773,-8.558,0.701
-0.122,-9.247,1.775
0.888,-9.412,1.194
-0.062,-9.479,2.115
0.971,-8.68,3.012
1.452,-8.063,4.331
1.909,-7.611,5.663
2.184,-7.508,7.096
1.577,-5.489,8.563
0.754,-4.953,9.855
2.29,-3.287,11.018
4.689,-1.56,10.484
4.505,-1.945,10.508
2.029,-3.06,11.707
2.761,-2.852,11.582
1.232,-3.548,12.492
0.345,-2.376,11.458
-1.392,-3.189,11.346
-4.165,-4.144,11.176
-2.931,-3.826,11.2
-1.943,-4.161,11.535
-1.426,-3.302,11.563
-0.971,-3.699,10.886
-0.507,-4.12,10.908
-1.615,-4.115,10.042
-2.273,-4.393,10.168
-1.665,-3.675,10.31
-1.392,-2.945,10.381
-2.058,-4.06,9.944
-1.854,-4.388,9.642
-1.455,-2.914,9.697
-1.017,-3.259,10.099
-0.935,-2.751,9.936
-0.892,-3.048,9.676
0.557,-2.153,9.35
-0.543,-2.601,9.889
-0.577,-2.333,10.034
-0.665,-1.952,9.86
-1.012,-1.505,10.444
-0.263,-0.672,10.539
-0.526,-0.208,10.798
-0.282,-0.041,10.752
-0.213,0.187,10.922
0.983,0.225,10.501
-0.653,0.356,10.822
-1.242,1.57,11.795
0.605,1.495,9.709
-0.797,1.771,9.506
-0.921,1.912,9.281
-0.05,3.345,8.513
0.179,3.713,6.627
-0.715,5.948,5.742
-1.634,5.723,6.163
-1.859,5.479,6.903
-11.905,5.079,8.207
-5.419,5.891,11.664
-5.886,5.139,12.982
-4.271,5.462,11.099
-4.943,5.245,10.544
-4.622,5.869,6.934
-5.127,4.704,6.044
-4.666,4.034,5.34
-6.036,2.684,6.812
-7.587,1.103,5.048
-7.936,-1.151,3.991
-7.568,-1.598,2.479
-7.915,-1.192,2.44
-9.405,-0.993,3.132
-12.145,-5.271,2.644
-11.123,-6.879,4.527
-11.544,-5.998,3.534
-12.788,-10.357,2.44
-12.815,-15.882,5.259
-15.315,-17.49,7.663
-16.502,-18.751,9.039
-15.578,-18.253,8.125
-9.64,-18.09,10.446
-14.736,-17.734,15.93
-11.532,-18.588,16.456
-5.929,-19.409,14.731
-14.073,-11.006,10.944
-1.369,-10.925,12.81
-3.237,-9.912,7.393
-1.924,-11.807,5.28
-6.139,-9.436,6.422
-4.666,-9.96,6.96
-6.367,-10.369,6.044
-2.929,-5.886,4.048
-4.309,-8.929,4.615
-2.065,-8.14,3.256
-0.402,-6.137,1.524
1.182,-6.209,1.285
-0.366,-5.773,1.51
3.067,-5.225,-0.378
0.333,-7.706,0.38
2.862,-4.792,-0.134
1.581,-6.302,0.213
3.062,-5.831,-0.156
2.675,-6.996,-0.378
2.763,-7.642,-0.043
1.665,-6.642,1.524
1.294,-8.809,2.129
1.249,-10.07,0.072
1.768,-8.62,-0.285
1.383,-7.369,0.347
1.062,-7.747,0.12
1.249,-8.862,0.656
-0.333,-8.742,1.94
0.964,-9.037,2.586
0.646,-8.508,3.531
0.488,-7.986,4.115
0.754,-8.25,5.438
1.23,-7.855,6.845
0.742,-7.226,9.199
1.153,-5.357,11.389
4.003,-2.862,11.128
5.859,-0.828,10.735
5.307,-1.4,10.367
3.352,-1.381,11.035
3.62,-1.125,10.992
2.402,-2.297,11.862
0.328,-3.218,10.901
-1.558,-3.118,10.568
-2.278,-3.63,9.379
-1.773,-3.481,9.429
-1.017,-3.5,9.508
0.565,-3.252,10.302
-0.213,-3.888,10.726
-1.007,-2.993,10.374
-0.349,-2.89,11.097
-1.359,-2.091,10.664
-0.014,-0.938,10.171
-0.926,-0.821,10.515
-0.854,-0.431,10.676
-0.285,-0.471,10.468
-1.309,0.167,10.927
-0.227,1.483,11.2
-0.208,2.031,10.566
-0.694,1.988,10.97
0.512,2.036,10.958
-0.739,2.366,10.133
-0.12,3.24,9.865
-0.38,4.189,8.876
0.309,4.522,7.206
0.227,3.847,7.417
-2.103,3.218,5.235
-1.002,5.886,6.522
-1.625,7.403,6.843
-2.261,5.24,7.202
-5.245,6.106,9.271
-7.29,6.848,11.035
-7.216,6.651,11.664
-5.568,6.41,9.855
-4.314,7.202,7.455
-3.938,7.204,6.537
-5.917,5.498,8.472
-7.072,4.201,8.152
-6.249,4.338,5.9
-6.386,1.536,3.965
-6.871,-0.278,2.917
-7.25,1.586,1.603
-6.893,0.328,3.723
-8.542,-1.378,4.639
-11.944,-3.67,6.907
-11.417,-4.603,5.376
-9.96,-4.158,5.067
-8.939,-7.116,4.761
-15.954,-19.11,8.494
-14.494,-15.396,11.908
-10.3,-15.906,13.006
-12.884,-12.135,17.246
-10.13,-13.887,14.298
-13.171,-16.255,20.397
-13.205,-12.389,12.621
3.077,-13.731,14.609
-5.127,-4.424,9.436
-5.393,-15.803,11.688
-8.171,-12.961,11.604
-3.529,-6.836,7.721
-0.371,-7.094,4.17
0.043,-7.855,5.524
-5.546,-7.608,7.266
-6.328,-10.946,6.644
2.498,-5.39,4.249
-0.187,-4.314,4.173
-0.672,-6.508,2.5
0.089,-5.082,1.67
1.701,-5.802,0.06
1.254,-5.843,-0.943
1.651,-5.41,-1.404
2.139,-5.529,-0.507
1.814,-8.034,-0.651
2.625,-7.293,0.38
2.187,-6.477,0.854
1.897,-7.573,0.758
2.206,-7.087,-0.12
1.493,-7.826,-0.979
0.883,-8.341,-0.876
-1.098,-8.831,0.66
-0.66,-9.022,0.12
-0.679,-9.156,0.682
-1.194,-9.618,1.349
-0.665,-9.683,0.596
0.01,-9.735,2.213
0.778,-9.822,3.61
2.524,-9.262,5.075
4.067,-6.769,6.9
4.558,-4.35,8.955
4.309,-1.412,10.207
3.098,-0.012,11.52
3.189,0.696,11.032
2.397,0.895,11.996
2.481,0.684,12.027
1.56,0.555,12.305
-0.601,-0.701,12.456
-2.271,-1.861,12.166
-3.694,-0.294,12.473
-4.441,-0.933,12.135
-2.235,-1.089,11.678
-1.639,-1.22,12.106
-1.043,-1.407,12.016
-1.416,-1.347,11.841
-2.649,-1.122,11.283
-2.357,-0.735,10.776
-2.256,-0.615,10.494
-1.967,-1.242,10.556
-2.95,-1.287,10.664
-2.163,-1.534,10.436
-2.199,-1.103,10.336
-1.696,-0.785,10.523
-1.696,-1.227,10.25
-1.239,-1.098,10.525
-1.687,-1.419,10.209
-1.735,-0.885,10.635
-1.215,-1.438,10.034
-1.359,-1.361,10.09
-1.002,-0.687,10.326
-1.077,-0.574,10.398
-0.88,-0.746,10.305
-0.701,-0.507,10.465
-0.435,-0.481,10.618
-0.629,0.053,10.628
-0.33,-0.203,10.322
-0.419,-0.084,10.609
-0.211,0.416,10.142
-0.196,0.404,10.015
-0.05,0.316,9.989
0.323,1.23,10.19
-0.419,0.651,10.35
0.383,2.474,10.156
-0.998,2.857,10.903
1.342,4.084,8.994
1.409,5.024,8.329
2.699,5.733,6.807
-0.077,5.558,8.077
0.543,5.67,7.032
1.507,7.876,5.553
0.421,8.075,6.462
-3.297,6.8,8.597
-5.326,8.417,7.491
-5.577,7.814,7.862
-5.639,6.673,7.922
-4.835,6.285,8.403
-5.51,5.886,7.62
-6.324,7.893,7.982
-6.517,6.558,5.187
-5.333,4.938,1.038
-6.726,2.11,1.603
-7.919,1.254,2.383
-10.432,-4.35,2.653
-12.64,-4.634,2.393
-13.798,-5.292,3.591
-13.961,-6.491,3.259
-13.276,-8.838,5.046
-12.879,-8.745,4.307
-17.801,-14.054,6.984
-17.686,-17.894,8.594
-12.853,-21.378,8.829
-13.666,-23.108,10.422
-11.224,-23.361,15.016
-17.808,-22.524,20.169
-14.619,-20.964,19.803
-6.678,-18.358,18.449
-4.457,-7.757,16.774
-7.084,-12.142,21.043
-4.003,-10.515,8.85
-4.969,-10.037,8.838
-1.952,-8.675,7.75
-2.668,-5.357,3.342
-3.764,-10.374,6.568
-0.723,-6.398,8.345
-8.044,-6.302,4.919
-0.754,-3.381,5.053
-2.39,-8.788,2.864
-2.754,-7.247,0.952
1.534,-6.479,0.007
-1.125,-6.493,-0.426
0.871,-5.788,0.306
-0.01,-5.467,-0.268
-0.206,-5.979,-1.053
0.211,-8.475,0.261
1.266,-7.247,1.055
0.129,-6.039,0.395
1.349,-9.192,0.519
-0.055,-9.79,-0.39
-1.56,-9.07,-1.459
-2.361,-8.532,-1.713
0.124,-7.369,-2.187
-1.452,-9.532,-1.651
-0.421,-8.594,-0.376
-1.108,-9.52,-1.067
-0.993,-9.927,0.072
-0.842,-9.515,1.01
-1.943,-10.085,2.527
-1.505,-10.293,3.333
-1.51,-9.946,3.89
-1.412,-9.338,5.462
0.383,-8.453,6.426
2.462,-6.132,8.494
3.893,-4.534,9.733
5.113,-3.041,8.896
5.017,-2.01,9.798
4.127,-1.376,10.121
1.06,-1.617,10.451
1.782,-2.357,10.226
0.565,-2.974,9.101
-2.227,-3.924,9.781
-3.981,-4.735,8.57
-4.933,-5.599,8.802
-6.876,-4.345,8.819
-4.926,-4.761,9.269
-3.161,-4.199,9.29
-3.149,-3.79,7.852
-3.723,-4.307,8.776
-4.68,-4.931,8.85
-5.139,-5.032,8.441
-5.302,-4.914,8.805
-4.955,-4.711,8.716
-5.185,-4.859,8.831
3.909,-4.419,6.615
-4.307,-3.192,9.264
-4.697,-4.572,9.723
-4.247,-2.677,9.568
-4.936,-3.464,9.812
-4.338,-3.041,9.372
-4.579,-3.452,9.319
-4.479,-4.13,9.03
-4.302,-3.452,9.046
-4.311,-3.409,8.905
-4.402,-4.4,8.752
-4.173,-4.371,8.819
-4.4,-4.168,8.747
-3.319,-3.912,9.123
-4.175,-3.699,9.281
-3.854,-4.077,9.302
-3.754,-4.053,9.154
-3.615,-3.795,9.415
-3.677,-3.766,9.271
-3.893,-4.091,9.25
-3.651,-4.137,9.166
-3.754,-4.371,9.324
-3.594,-3.833,9.063
-3.637,-4.235,9.152
-3.498,-3.804,9.496
-3.283,-3.795,9.47
-3.194,-4.23,9.372
-3.426,-3.914,9.348
-3.405,-4.271,9.015
-3.252,-4.053,9.195
-2.917,-3.742,9.063
-3.079,-4.115,9.295
-2.766,-4.433,9.188
-2.787,-4.185,9.197
-2.732,-3.804,9.188
-2.629,-4.132,9.259
-2.22,-3.481,9.592
-2.5,-3.766,9.609
-2.266,-3.814,9.455
-2.28,-3.862,9.499
-2.149,-3.472,9.585
-2.07,-3.725,9.448
-2.137,-3.503,9.307
-1.792,-3.658,9.487
-1.546,-3.496,9.633
-1.608,-3.637,9.522
-1.481,-3.359,9.609
-1.414,-3.118,9.745
-1.125,-3.402,9.479
-0.184,-3.481,9.451
-1.067,-3.725,9.362
-0.773,-3.644,9.427
-1.098,-3.101,9.786
-0.723,-3.158,9.743
-0.605,-3.682,9.836
-0.584,-3.043,10.001
-0.725,-3.345,10.023
-0.364,-3.292,10.023
0.05,-3.577,9.929
0.136,-3.354,9.585
0.395,-3.335,9.415
-0.242,-3.173,9.676
0.634,-2.866,9.802
0.457,-2.835,9.747
0.675,-2.393,9.168
0.624,-1.749,8.86
0.409,-1.531,9.154
0.804,-1.18,9.264
0.758,-0.629,8.731
0.435,-0.605,8.503
-1.165,-0.926,8.419
-1.821,-0.804,8.197
-0.644,-1.18,7.017
0.632,-0.971,6.446
0.837,-0.921,6.056
0.249,-0.768,6.156
-0.077,-0.548,6.295
0.691,-2.897,2.979
-1.603,-4.682,-1.498
-4.039,-4.855,8.857
-5.63,2.704,14.092
-2.641,4.395,11.054
-2.294,0.156,9.685
-2.912,1.127,13.03
-9.216,-0.45,12.511
-9.845,-4.077,16.322
3.366,5.678,7.104
0.33,1.828,5.316
-2.297,-0.555,10.855
-2.708,1.727,11.571
-2.507,-0.077,10.786
-1.926,1.998,9.951
-2.328,2.486,9.51
-3.115,3.23,9.441
-3.933,2.44,7.951
-5.902,1.486,10.3
-6.563,2.354,10.41
-6.24,2.294,10.453
-5.931,1.797,10.188
-5.237,3.086,10.298
-4.689,3.649,9.683
-4.721,3.012,8.79
-4.259,1.981,7.058
-3.622,1.275,4.802
-3.615,-0.184,3.357
-3.909,0.565,3.464
-3.603,1.335,3.546
-3.364,1.096,5.233
-3.079,1.68,6.625
-5.249,1.012,6.871
-5.685,-0.129,7.58
-5.402,-0.725,7.8
-5.192,-1.708,7.831
-5.883,-1.849,7.903
-6.371,-2.388,7.922
-5.19,-1.893,7.221
-5.07,-1.778,6.73
-4.989,-2.321,5.847
-5.929,-1.888,5.484
-7.123,-1.287,5.891
-6.838,-1.543,6.204
-6.726,-0.665,5.374
-7.728,-1.546,3.553
-8.29,-0.258,4.206
-10.348,0.124,4.271
-9.951,1.268,3.419
-10.546,1.84,2.567
-10.049,1.522,1.912
-10.566,2.029,3.522
-10.822,0.445,4.046
-10.546,0.026,2.96
-9.58,-1.127,1.931
-9.154,-0.005,0.479
-10.09,-1.778,0.337
-10.058,-0.677,-1.907
-10.671,-3.622,-4.347
-10.207,-3.041,-4.137
-9.92,-3.256,0.861
-12.566,-5.338,-0.983
-13.394,-7.116,0.28
-11.326,-6.316,-2.294
-9.745,-7.996,-2.283
-9.329,-9.405,-1.572
-10.984,-7.845,-1.912
-8.51,-12.083,2.055
-9.757,-8.601,2.799
-11.592,-9.441,3.613
-6.285,-12.281,4.673
-7.888,-10.288,5.223
-7.582,-9.467,5.292
-5.587,-8.51,4.677
-2.371,-8.202,2.038
-1.311,-7.8,2.783
-1.421,-7.46,2.732
-3.996,-7.264,5.78
-1.634,-7.84,3.646
-1.536,-9.185,3.302
-2.194,-6.608,4.871
-2.57,-4.39,6.462
-3.077,-4.871,7.003
-4.077,-4.852,8.924
-2.476,-1.237,9.374
-3.381,0.388,10.451
-4.773,-0.089,8.312
-5.414,5.63,8.874
-6.919,7.592,6.393
-8.599,1.747,8.915
-3.505,2.074,4.302
-4.398,4.091,7.582
-6.371,5.28,10.377
-6.503,4.893,13.499
-4.862,1.388,10.767
-3.098,4.589,9.458
-2.527,7.037,9.934
1.89,5.759,9.254
-1.192,6.35,9.723
-0.29,5.101,7.422
0.823,2.543,7.506
1.869,1.778,7.032
1.842,3.06,8.68
1.22,5.216,9.582
1.168,4.881,9.802
1.247,4.835,9.03
2.402,4.749,9.254
2.316,5.371,10.013
2.469,6.496,10.707
2.28,6.206,11.63
3.883,6.86,11.216
2.881,5.565,11.023
5.053,5.601,10.989
5.692,3.854,11.559
3.993,1.067,11.52
3.914,2.407,9.207
-3.505,0.199,8.888
-9.733,-1.804,9.058
-9.18,-0.11,10.721
-8.345,-0.945,11.037
-5.486,0.017,9.161
-3.149,-0.641,8.762
-4.673,-0.201,7.506
-3.285,0.66,8.75
-4.041,-1.285,8.333
-4.565,-0.117,9.032
-1.56,5.835,-6.826
-1.589,6.907,-5.711
-1.869,7.197,-5.304
-1.9,7.556,-5.606
-1.328,7.513,-6.029
-2.866,6.781,-5.682
-3.223,7.331,-5.728
-3.182,6.46,-5.283
-4.474,6.558,-4.864
-4.053,6.812,-5.754
-5.541,6.3,-4.649
-6.357,4.881,-6.659
-6.319,6.168,-6.893
-7.498,7.084,-7.486
-7.757,4.307,-5.123
-7.924,5.094,-2.718
-7.848,3.677,-1.546
-6.623,-4.314,-5.242
-7.501,7.343,-7.089
-9.549,7.183,-11.805
-9.042,6.393,-7.565
-7.659,3.852,-5.082
-7.484,1.117,-3.027
-8.625,-1.926,-4.28
-7.718,-0.096,-5.917
-10.367,-2.127,-4.249
-9.077,-5.058,-4.031
-7.345,-6.613,-2.756
-10.47,-8.226,-6.379
-10.566,-6.96,-7.477
-11.515,-11.214,-9.295
-11.015,-11.582,-7.984
-8.876,-10.908,-10.8
-7.661,-10.456,-7.02
-4.173,-15.559,-9.063
-7.73,-14.894,-6.69
-3.091,-10.836,-6.443
2.83,-12.016,-6.637
-1.584,-11.231,-6.63
0.61,-9.688,-2.723
4.45,-9.568,0.179
4.498,-7.829,2.766
2.9,-8.087,4.319
5.644,-6.989,4.692
5.075,-3.577,3.268
1.663,-5.252,4.498
7.503,-2.364,5.658
2.797,-5.223,4.529
7.197,-4.627,4.433
1.904,-5.943,5.331
0.526,-5.697,4.922
0.364,-4.0,5.704
-0.589,-2.67,5.859
0.211,-1.727,6.962
0.804,-0.498,7.541
-0.077,2.371,8.92
-3.048,1.881,10.709
0.175,2.938,10.654
12.207,3.302,12.372
-4.338,1.859,9.755
-5.886,-0.103,10.465
-5.099,2.783,10.927
-4.331,3.452,10.8
-1.352,4.39,9.434
-0.057,3.594,8.242
-1.108,2.785,7.864
-2.5,2.871,7.216
-3.517,5.003,7.747
-4.756,5.046,8.709
-5.84,4.85,9.147
-5.668,4.225,9.587
-5.623,3.996,8.771
-4.61,4.974,7.034
-5.383,4.498,7.288
-5.426,3.993,7.223
-4.811,3.802,6.568
-5.534,3.584,5.666
-5.663,2.897,5.668
-6.168,1.256,5.601
-6.637,-1.656,5.022
-7.084,-3.12,3.519
-7.218,-1.108,2.902
-7.355,-2.55,2.857
-8.951,-2.617,3.555
-10.037,-3.335,4.07
-10.331,-6.092,5.01
-9.822,-7.848,5.07
-10.13,-9.92,3.493
-11.147,-15.705,4.02
-10.135,-19.655,5.448
-10.015,-22.933,8.506
-11.891,-18.42,12.324
-8.893,-21.435,13.642
-5.048,-16.002,13.985
-11.173,-22.194,17.282
-7.099,-8.166,9.336
-3.51,-18.081,14.272
13.145,-11.202,-0.546
-0.531,-6.259,11.171
0.72,-10.671,6.73
-1.617,-8.484,6.529
-5.419,-5.929,5.625
-3.354,-5.465,9.001
-1.5,-6.082,6.809
-0.84,-5.914,4.065
-1.306,-7.058,4.41
-0.318,-5.405,4.62
0.316,-5.965,2.816
1.058,-6.625,0.141
2.455,-5.852,-1.127
0.49,-9.298,-1.51
2.029,-8.52,-2.168
0.333,-10.401,-1.122
1.043,-8.778,-0.507
0.959,-8.783,-0.555
0.971,-8.661,-0.201
0.955,-8.314,-0.251
2.385,-8.446,-1.436
0.409,-7.781,-1.017
1.146,-8.68,-0.79
-0.177,-8.692,0.584
1.278,-9.209,1.445
1.247,-9.188,2.881
0.9,-9.238,4.792
1.548,-8.774,6.283
2.311,-8.527,8.034
3.261,-8.565,9.412
3.118,-9.295,11.102
3.079,-5.852,10.659
2.158,-4.527,10.85
2.22,-6.326,10.161
1.072,-6.905,9.274
-0.412,-6.582,9.903
-2.223,-6.029,9.374
-3.744,-6.304,9.13
-0.78,-5.197,8.97
-0.256,-4.642,9.207
-0.012,-4.67,9.123
-0.378,-4.546,9.594
-0.763,-4.931,9.774
-1.046,-3.797,9.683
-0.651,-2.859,9.46
-0.914,-2.713,9.561
-1.163,-3.082,9.549
-0.311,-2.893,9.711
-0.974,-2.481,10.087
-0.452,-2.285,10.793
-0.543,-1.172,10.877
-0.4,-1.007,10.642
-0.213,-0.194,10.353
-1.471,0.864,11.015
0.156,1.581,9.683
0.156,0.967,10.07
0.117,1.352,10.374
0.802,2.019,8.508
-0.349,4.285,9.53
1.428,1.091,6.371
-0.971,2.153,7.288
-0.17,3.663,6.092
-1.641,5.302,5.639
-2.663,5.206,8.41
-2.967,6.142,9.357
-3.579,6.441,9.932
-4.469,6.424,9.482
-3.637,7.156,8.64
-3.998,6.546,8.034
-5.441,6.836,7.111
-5.259,7.003,6.632
-5.407,5.737,6.599
-5.936,3.486,5.891
-5.902,1.761,5.412
-6.644,1.555,4.89
-7.35,0.141,4.515
-7.762,-1.471,3.252
-7.881,-1.84,3.96
-9.118,-2.172,4.622
-10.561,-4.101,4.945
-10.042,-2.297,5.891
-9.676,-3.79,5.364
-10.073,-8.896,2.345
-9.781,-15.99,-0.036
-9.685,-20.112,0.902
-12.14,-21.926,5.295
-14.016,-24.541,10.494
-10.683,-23.548,13.748
-9.767,-20.179,12.106
-7.589,-16.281,14.442
-7.64,-17.31,11.984
-4.075,-15.71,12.037
-2.792,-17.32,15.865
-12.042,-8.362,11.027
-8.812,-9.551,8.329
-0.83,-11.731,7.458
-16.597,-8.403,9.666
-2.438,-6.869,6.077
-5.249,-7.565,5.015
-5.144,-6.458,6.927
-2.271,-8.965,7.214
-0.234,-4.955,4.414
1.115,-6.276,1.256
-0.605,-7.666,1.203
1.885,-6.278,-0.785
-0.007,-7.044,-0.502
0.885,-7.606,-0.553
1.579,-5.027,-1.017
1.048,-6.761,0.813
1.196,-6.584,-0.234
2.23,-7.869,-0.562
1.182,-8.63,0.146
2.804,-8.319,-1.067
1.871,-7.065,-0.703
1.18,-8.111,-1.105
0.61,-8.573,-0.019
0.689,-9.264,-0.677
0.691,-9.783,0.648
0.816,-9.711,0.574
0.751,-9.506,1.285
-0.048,-8.685,3.225
0.452,-7.9,4.316
1.792,-7.477,5.623
2.251,-7.506,7.034
2.354,-6.749,10.362
2.617,-5.754,11.748
2.976,-3.785,11.422
2.957,-1.352,10.893
2.536,-1.409,10.932
2.838,-1.672,11.41
2.433,-2.964,11.448
0.914,-3.402,10.676
-0.294,-2.555,10.19
-2.125,-3.34,10.042
-3.572,-3.713,10.097
-2.517,-3.953,10.276
-0.679,-4.558,10.037
-0.854,-4.804,10.274
-1.218,-3.921,10.396
-0.622,-3.598,10.161
-1.543,-3.481,9.982
-1.053,-3.577,10.125
-0.921,-3.577,10.066
-0.979,-2.869,9.869
-0.794,-2.44,9.855
-0.05,-3.003,10.776
-0.526,-2.972,10.472
-0.211,-2.16,10.429
-0.246,-1.871,10.341
0.263,-0.857,10.482
0.467,-0.969,10.599
-0.603,-0.701,10.384
0.014,0.112,10.695
0.148,0.514,10.214
1.677,0.928,9.958
0.211,2.256,10.03
-1.83,3.115,11.087
-0.457,2.778,9.743
0.014,3.113,8.927
0.991,3.9,8.032
-1.014,4.381,4.017
-1.232,2.871,5.943
-0.206,4.876,8.477
-1.148,5.733,9.482
-3.129,4.335,9.609
-3.838,5.101,9.757
-4.699,3.508,8.692
-3.957,4.704,8.029
-4.177,4.122,8.096
-4.627,4.52,7.718
-3.637,4.283,6.661
-4.613,4.113,5.993
-4.189,3.433,5.29
-5.479,2.445,5.032
-6.895,-0.187,4.441
-6.938,-1.402,3.003
-7.326,-1.562,3.529
-8.841,-2.235,4.675
-10.015,-2.991,4.993
-11.08,-2.972,5.713
-11.152,-5.46,4.945
-11.434,-7.065,4.615
-11.111,-10.956,3.122
-12.451,-17.588,3.125
-13.836,-20.342,5.168
-12.915,-21.193,7.721
-10.609,-22.1,9.097
-8.635,-23.34,10.188
-10.271,-22.928,9.164
-10.786,-19.387,11.422
-4.338,-18.301,14.059
-7.025,-15.468,13.523
-5.477,-13.891,16.411
-5.914,-11.721,17.042
-6.089,-10.941,10.726
-1.249,-9.853,7.058
-2.376,-6.989,7.685
-4.627,-6.608,6.604
-0.694,-5.914,6.283
-10.18,-3.378,-1.842
5.946,-6.977,1.381
-1.232,-8.207,0.77
1.172,-8.675,0.904
0.548,-6.962,0.512
1.811,-5.484,-0.447
2.505,-6.759,-2.39
3.632,-6.888,-2.711
2.675,-6.237,-2.881
0.502,-4.991,-0.993
1.282,-7.812,-2.567
1.445,-8.128,-1.163
2.924,-6.548,-2.936
1.431,-6.843,-2.141
2.108,-8.345,-3.285
2.735,-5.558,-0.342
2.79,-5.505,-0.057
0.416,-7.575,0.445
0.653,-9.085,0.991
-0.402,-8.857,1.392
-0.723,-9.534,1.682
-0.703,-9.944,2.156
0.569,-9.321,3.898
1.328,-8.207,5.783
1.622,-7.345,8.673
4.11,-4.639,9.726
5.438,-3.893,10.216
4.603,-5.197,9.74
2.771,-4.783,10.762
6.242,-3.613,11.25
1.988,-4.115,11.08
-0.325,-5.702,10.805
-3.139,-4.768,11.683
-4.74,-4.247,11.391
-4.378,-4.288,10.867
-1.129,-5.637,10.795
-0.077,-4.847,10.721
-0.062,-4.419,10.405
-0.321,-4.17,10.374
-1.208,-3.886,10.503
-1.565,-3.283,10.149
-1.651,-4.089,10.295
-1.203,-2.929,9.934
-0.852,-2.419,9.79
-0.651,-2.086,10.006
-0.56,-2.684,9.64
-0.519,-2.361,10.003
-0.211,-1.225,10.29
-2.622,0.218,10.633
1.306,1.127,10.585
-0.79,0.421,10.13
-0.426,0.732,9.786
-0.689,1.713,10.532
-0.584,2.34,10.582
0.163,3.51,9.644
0.316,4.945,8.235
16.621,4.998,22.395
0.79,3.563,9.388
-0.031,3.876,8.503
-1.017,3.744,6.036
-2.632,7.45,6.754
-4.941,7.62,8.623
-5.68,8.132,9.92
-4.594,7.477,7.685
-5.534,6.627,6.912
-6.08,6.41,6.869
-6.606,7.659,6.879
-6.075,8.597,6.493
-6.462,4.429,3.673
-5.632,1.507,3.141
-7.821,-0.859,3.249
-8.47,1.113,4.498
-9.534,1.416,4.713
-9.81,-0.529,4.46
-11.145,-5.331,4.357
-10.403,-6.955,2.419
-10.59,-10.829,3.06
-10.925,-14.564,0.866
-11.264,-18.37,4.867
-11.185,-15.138,2.742
-11.7,-18.284,5.142
-13.633,-25.227,7.8
-12.836,-23.596,7.532
-14.796,-19.973,13.427
-4.989,-22.141,13.53
-8.374,-17.844,14.198
-7.424,-14.913,18.408
-6.498,-14.576,14.865
-6.197,-13.707,13.611
-5.847,-8.69,9.477
-4.737,-6.582,7.204
-3.393,-6.017,6.204
-4.694,-7.178,6.678
-5.218,-9.936,2.763
-4.517,-10.066,4.634
-2.763,-8.331,7.573
-1.854,-5.12,6.158
-0.407,-5.704,4.759
-1.641,-6.548,4.4
-1.445,-5.855,2.998
-1.101,-5.132,2.495
0.871,-3.689,1.55
1.34,-6.47,-0.438
0.66,-6.802,-0.421
1.172,-7.673,-0.452
1.323,-7.065,-0.148
1.455,-8.029,-0.316
1.421,-7.965,-0.797
0.835,-8.144,-0.299
1.644,-7.75,0.165
1.208,-7.965,0.806
0.904,-8.498,1.531
-0.148,-9.676,1.684
0.388,-9.307,1.641
0.438,-8.996,2.615
0.517,-9.039,2.816
0.467,-9.656,3.637
1.335,-8.805,6.903
2.058,-8.809,9.845
1.928,-9.264,11.164
4.472,-5.307,10.271
6.462,-1.909,10.142
4.838,-1.225,9.338
3.481,-1.675,10.755
3.39,-2.572,10.987
2.311,-3.201,11.408
0.794,-4.058,11.324
-1.084,-3.914,10.92
-2.043,-4.204,9.752
-1.385,-4.175,9.343
-0.045,-4.264,9.881
0.431,-3.493,10.649
-0.311,-3.06,10.707
-0.096,-2.302,10.439
0.141,-1.55,10.36
-0.486,-1.321,10.709
-0.787,-1.002,10.487
0.134,0.333,10.46
0.445,-0.05,10.283
-0.629,0.172,10.075
0.033,0.687,10.111
0.526,1.995,9.463
-0.56,3.823,9.69
2.417,3.527,7.986
1.347,5.044,6.453
-1.605,7.778,7.941
-0.656,9.326,6.477
-2.658,9.166,6.369
-5.632,8.697,7.491
-7.034,9.597,9.266
-9.056,10.034,13.066
-6.85,8.604,9.9
-5.637,7.01,8.573
-7.13,6.376,8.422
-7.539,6.254,7.68
-6.95,5.331,5.07
-7.608,2.038,3.45
-9.264,-3.161,2.448
-9.391,-3.108,0.29
-10.709,-2.125,0.833
-11.58,-3.933,3.316
-11.214,-3.969,4.807
-10.623,-6.814,4.867
-11.453,-14.243,2.854
-12.341,-16.377,3.046
-13.855,-22.588,6.553
-14.274,-23.076,10.602
-14.643,-23.603,11.544
-12.008,-19.968,16.561
-10.96,-22.366,8.987
-4.871,-21.019,17.475
-9.269,-17.224,16.052
-9.247,-19.925,13.504
5.24,-14.229,15.985
-6.161,-8.41,16.238
-1.78,-5.74,8.381
-2.254,-9.264,4.254
-5.283,-7.577,5.845
-1.859,-4.852,5.855
-4.962,-9.563,7.515
-4.541,-6.635,7.204
-3.187,-7.656,5.874
-0.708,-6.348,4.773
10.762,-4.89,3.156
-1.44,-5.78,3.108
1.646,-3.584,1.66
1.584,-4.814,1.637
1.797,-6.702,1.055
2.196,-6.627,0.885
3.5,-4.912,1.361
3.091,-6.044,0.78
3.0,-7.204,-0.17
2.467,-6.541,-1.156
1.548,-6.809,-0.981
1.148,-6.391,-1.723
0.562,-6.706,-0.718
-0.928,-9.185,-0.469
0.134,-8.62,-1.993
-0.029,-9.211,-0.723
-0.596,-9.288,-1.189
-0.49,-10.329,0.0
-1.404,-11.853,0.06
-2.038,-11.642,1.524
-0.969,-9.08,3.086
-1.132,-7.953,4.441
0.05,-7.352,8.125
0.077,-6.135,11.36
0.493,-4.632,11.781
3.917,-1.706,10.082
7.424,2.35,10.893
5.087,0.854,12.47
3.132,-2.718,10.927
0.067,-3.237,11.934
1.888,-2.213,11.209
1.182,-1.136,10.96
-1.68,-1.991,10.728
-3.876,-3.287,10.965
-4.654,-3.984,9.396
-3.319,-5.491,9.664
-0.471,-4.259,10.838
0.502,-3.196,11.298
-0.16,-3.34,11.188
-1.055,-3.163,10.858
-1.57,-2.431,10.245
-1.842,-1.873,10.448
-2.34,-1.639,9.996
-2.814,-1.345,10.082
-1.235,-1.28,10.192
-2.259,-1.153,9.671
-1.251,-0.718,9.994
-1.553,0.191,10.415
-0.249,-0.203,9.652
-0.579,0.837,9.606
-0.548,1.407,10.386
-1.522,2.541,10.908
-1.737,3.39,9.652
-1.141,3.426,9.326
-0.668,3.807,9.063
-0.469,4.417,9.089
0.479,4.429,9.13
0.352,5.206,9.601
0.05,5.075,9.551
-2.005,5.271,10.31
-3.407,4.156,10.731
-3.965,5.563,9.874
-3.857,4.488,9.575
-3.204,4.764,8.608
-3.273,3.965,7.525
-4.811,4.311,8.065
-4.895,4.986,7.23
-5.534,4.56,6.517
-4.046,4.768,4.689
-4.993,2.876,3.811
-4.91,3.146,3.775
-6.606,-0.227,4.539
-6.367,1.749,4.283
-7.728,0.548,4.563
-9.726,-0.187,3.586
-10.678,-2.998,3.62
-11.236,-5.187,4.254
-12.219,-6.656,5.379
-11.403,-9.862,3.761
-13.571,-13.81,4.711
-13.413,-18.301,6.283
-11.578,-19.789,9.154
-10.305,-19.404,10.436
-11.214,-20.028,12.41
-8.853,-17.664,13.346
-0.333,-18.397,11.188
-3.979,-17.088,14.391
-3.216,-9.073,14.915
-7.728,-20.586,13.492
-10.015,-9.833,11.865
-7.766,-12.506,7.628
-9.465,-13.999,4.11
-6.02,-6.891,4.876
-9.116,-9.42,6.235
-10.709,-8.027,7.855
-5.745,-6.577,7.687
-3.161,-5.383,2.876
3.517,-3.747,8.161
-6.501,-3.725,8.192
-0.275,-6.242,3.378
-0.213,-7.039,1.849
2.096,-7.221,0.328
1.665,-7.199,-0.794
3.285,-5.027,-0.27
3.235,-5.553,-0.735
2.905,-5.922,-0.952
3.082,-5.522,-1.684
2.488,-6.804,-2.0
1.658,-7.668,-1.261
1.036,-7.369,-1.072
2.704,-8.046,-0.696
1.215,-6.974,-0.33
0.409,-8.077,-0.065
1.177,-9.589,-1.048
-0.4,-9.79,-0.053
-0.488,-9.097,0.998
0.086,-9.711,0.646
1.122,-10.125,1.517
0.787,-10.085,3.096
-0.033,-9.046,6.02
1.991,-7.604,7.508
2.29,-6.814,8.888
1.084,-6.343,10.96
2.103,-4.319,11.271
4.225,-2.381,11.171
5.089,-1.29,11.056
3.976,-1.287,11.355
3.579,-1.725,11.35
1.897,-2.479,10.96
1.309,-2.335,10.793
-0.249,-2.172,9.924
-2.079,-2.342,9.898
-3.555,-2.96,10.68
-3.405,-4.154,10.149
-2.204,-4.309,10.334
-0.993,-3.302,10.738
-0.431,-2.775,11.145
-0.837,-1.73,11.678
-1.481,-2.574,10.927
-1.981,-2.914,10.874
-2.12,-2.029,10.948
-2.467,-1.945,10.838
-1.577,-1.694,10.503
-1.964,-2.077,10.886
-0.852,-1.491,10.637
-0.586,-1.507,10.367
-0.785,-1.273,10.3
-0.598,-0.4,10.563
-0.469,-0.708,10.367
-0.263,-0.194,9.848
-1.232,0.167,9.817
-1.163,1.206,9.776
0.203,2.29,9.592
-1.29,3.208,9.53
-1.854,3.247,9.714
-0.256,2.828,8.403
-1.67,2.117,8.953
-0.019,2.347,6.97
0.225,4.374,7.539
0.591,4.919,7.606
-2.357,4.146,7.142
-2.847,6.369,9.444
-3.866,5.852,9.116
-5.032,7.159,10.743
-5.534,6.154,9.884
-4.871,6.474,9.951
-6.714,5.022,9.525
-5.661,5.017,8.819
-5.572,4.321,6.826
-5.28,5.228,4.716
-5.757,2.94,2.826
-7.297,-0.182,2.938
-8.924,-1.701,2.541
-8.998,-2.196,2.172
-10.19,-0.347,3.95
-11.31,0.423,5.051
-11.7,-5.764,4.055
-12.238,-8.513,3.266
-12.133,-9.228,2.062
-14.119,-13.157,4.11
-17.064,-16.949,4.433
-15.293,-17.765,7.257
-14.8,-22.502,8.936
-14.87,-19.502,9.271
-11.417,-21.662,12.626
-8.92,-13.489,15.695
-12.554,-22.012,13.645
-7.675,-17.499,14.872
0.041,-15.777,9.448
-2.232,-12.7,10.929
-4.895,-8.563,8.345
-4.142,-7.269,3.759
-2.979,-9.324,7.305
-1.294,-5.242,6.022
-2.976,-8.496,4.943
-3.395,-9.264,7.216
3.216,-5.323,6.379
-0.988,-6.972,4.508
0.139,-8.532,3.634
1.203,-6.123,2.333
-1.208,-7.561,0.84
0.115,-7.118,-0.361
1.199,-5.977,-1.141
1.816,-6.953,-0.785
2.73,-6.441,-1.381
2.22,-6.989,-0.091
2.945,-7.415,-0.356
2.371,-6.977,0.419
2.62,-6.505,0.019
2.309,-6.312,-0.622
2.247,-7.034,-0.316
2.115,-6.276,-0.127
0.964,-8.108,-0.014
1.297,-8.144,0.45
0.641,-9.362,1.431
1.988,-8.982,0.869
0.581,-9.109,1.452
0.404,-9.415,1.309
0.579,-9.231,2.196
1.069,-9.18,3.261
1.488,-8.57,5.479
2.299,-8.537,7.027
2.627,-7.561,9.755
3.656,-6.156,11.408
4.271,-3.941,11.886
3.534,-1.756,11.274
3.57,-1.68,10.948
3.388,-3.098,10.989
2.818,-4.319,11.133
0.096,-4.838,10.776
-2.515,-4.749,10.549
-2.73,-4.024,9.721
-2.481,-4.768,8.991
-0.861,-4.991,8.862
0.254,-5.843,9.118
-0.139,-5.29,9.458
0.416,-4.524,9.4
-1.177,-3.95,9.762
-0.926,-2.615,10.819
-0.955,-2.991,9.929
-1.215,-3.141,9.991
-1.069,-2.534,9.972
-0.263,-1.546,10.252
-0.459,-1.065,10.75
-0.318,-0.854,10.465
-0.325,-0.993,10.09
-0.019,-0.445,10.061
0.366,-0.349,9.36
-0.581,-0.672,10.123
0.471,-0.711,10.255
-0.39,-0.084,10.501
0.211,1.098,9.74
0.206,3.113,9.388
0.823,4.479,8.197
1.689,3.948,6.728
-5.795,2.125,5.443
0.486,6.209,6.027
-0.366,7.001,7.673
-1.486,6.321,9.64
-4.663,8.018,10.838
-5.261,9.216,11.965
-5.893,6.429,9.783
-4.823,8.592,8.692
-4.276,6.742,7.936
-4.594,6.979,7.47
-5.314,6.048,6.484
-5.776,5.144,5.063
-6.441,2.165,3.625
-5.462,1.565,3.584
-8.041,-1.203,2.072
-8.855,-1.153,1.335
-10.281,-2.084,3.338
-11.326,-3.661,5.273
-12.535,-6.943,4.084
-11.547,-8.183,2.931
-10.405,-12.121,2.438
-15.6,-18.198,4.163
-18.554,-24.531,5.867
-17.358,-26.857,8.745
-12.628,-23.725,9.458
0.455,-24.321,10.118
-13.343,-22.232,15.992
-5.467,-25.232,22.045
-8.826,-14.535,11.898
-4.809,-19.691,21.091
-7.807,-7.403,18.868
1.481,-3.39,2.708
-2.299,-4.414,1.775
-0.88,-7.175,4.067
-1.069,-8.441,4.986
0.943,-6.501,3.338
0.019,-4.646,1.017
0.428,-3.175,-1.381
0.526,-2.972,-3.369
-0.33,-4.819,-5.178
-0.988,-5.29,-4.656
-0.658,-5.048,-4.431
-2.127,-7.273,-5.481
-5.032,-9.355,-3.833
-4.993,-11.515,-1.979
-6.022,-11.726,-2.381
-6.156,-15.609,-1.943
-4.539,-14.485,-1.024
-3.455,-10.752,0.914
-9.166,-8.214,5.216
-3.735,-9.975,2.534
-0.316,-4.68,4.924
1.5,-2.244,7.001
0.727,-2.562,9.207
0.708,-4.838,8.235
2.503,-5.412,8.309
3.584,-5.914,8.068
3.29,-5.606,9.008
2.474,-4.704,9.477
1.871,-3.754,9.513
2.766,-4.18,9.719
4.003,-5.733,10.446
10.051,-6.178,8.52
4.23,-5.821,11.133
2.472,-4.802,11.487
1.584,-2.661,11.092
-0.821,-1.873,11.846
-2.457,-2.627,12.272
-3.625,-3.321,11.315
-5.125,-3.965,9.912
-3.886,-4.558,9.305
-0.639,-3.33,10.355
-0.036,-3.857,10.597
-1.194,-4.218,10.046
-1.579,-3.833,10.037
-2.627,-3.371,10.561
-2.505,-2.634,10.197
-2.328,-1.66,10.592
-1.878,-2.082,10.386
-1.4,-2.589,10.3
-1.385,-3.802,9.467
-0.684,-3.18,10.391
-0.89,-1.261,10.501
-1.141,-0.821,10.733
-0.928,-0.323,10.805
-1.065,-1.146,10.355
-0.505,-0.115,10.439
-0.703,-0.4,10.02
-1.014,-0.23,9.704
-0.337,1.407,9.9
-1.072,1.113,10.489
-0.031,1.529,10.274
-0.141,3.732,10.238
-0.83,4.35,9.475
-0.096,3.711,9.42
0.723,4.496,8.86
0.842,4.232,8.039
0.675,4.402,5.733
-0.163,6.572,5.414
-2.699,6.915,7.032
-5.084,7.367,8.64
-5.747,9.381,8.833
-4.694,8.348,10.657
-5.723,7.333,9.967
-5.443,7.01,7.695
-5.508,6.836,8.204
-5.958,5.986,7.836
-5.757,5.95,6.242
-5.68,3.156,3.218
-6.927,1.672,2.268
-8.314,-1.672,2.62
-9.877,-3.307,0.651
-9.802,-3.115,-0.479
-14.253,-5.24,3.039
-16.882,-9.817,5.06
-14.353,-9.977,6.788
-13.358,-14.477,3.948
-14.975,-20.055,7.338
-15.128,-28.886,9.513
-13.635,-28.354,15.042
-15.152,-20.696,17.301
-18.607,-15.958,20.418
-11.441,-19.727,23.77
-6.773,-9.977,25.242
-3.539,-18.404,12.614
0.227,-9.637,13.693
-4.034,-9.396,13.872
-6.747,-11.704,6.759
-2.003,-11.475,7.963
1.605,-0.203,5.513
-5.058,-9.199,8.156
-4.924,-8.927,7.175
-5.223,-8.192,7.477
9.613,-6.503,7.888
0.045,-3.969,2.742
-0.603,-6.962,2.94
1.84,-4.429,2.888
0.014,-5.984,2.723
0.974,-5.099,1.395
1.732,-3.823,1.235
1.479,-5.146,2.172
1.94,-4.871,1.072
2.438,-5.529,0.526
5.379,-6.589,-1.416
2.333,-6.819,-2.591
0.624,-6.51,-2.799
-0.239,-6.711,-2.639
-2.763,-9.444,-4.197
-1.438,-8.58,-3.747
-1.816,-9.515,-2.728
-2.864,-11.135,-4.187
-3.457,-11.176,-2.216
-3.658,-12.071,-0.304
-3.376,-13.248,0.775
-1.979,-12.173,0.945
-0.866,-10.635,3.23
-0.223,-8.197,6.508
-0.517,-6.142,7.206
1.869,-3.924,8.259
5.012,-1.988,9.874
6.769,0.151,9.759
5.838,0.373,10.728
4.402,-2.01,9.939
3.649,-4.29,9.879
-0.141,-3.637,11.626
5.113,-2.134,12.013
6.582,-2.572,9.845
2.053,-4.505,9.843
-2.51,-5.082,11.666
-1.907,-4.905,10.377
-6.415,-3.969,11.212
-3.833,-2.541,11.348
0.555,-2.929,10.336
0.684,-5.01,10.881
-0.201,-4.661,11.097
-1.263,-4.666,11.231
-3.278,-4.326,11.147
-2.256,-4.211,11.331
-1.912,-3.658,10.889
-2.409,-4.213,9.434
-2.065,-4.735,7.178
1.369,-3.381,10.355
-2.326,-3.326,11.097
-1.409,-2.39,11.585
-0.452,-1.873,11.879
-0.213,-1.936,11.293
-0.081,-2.122,9.944
-0.069,-1.581,10.223
0.694,-1.256,10.09
-1.455,-0.627,10.647
0.383,0.797,9.776
-0.043,3.783,9.941
1.543,5.175,9.451
1.864,4.149,8.132
5.771,6.666,9.032
-2.897,5.855,8.178
-0.435,6.984,7.309
-1.254,7.161,7.651
-0.1,8.065,7.412
-0.467,7.931,6.831
-2.759,7.879,7.532
-3.689,9.417,6.678
-3.766,9.994,6.534
-5.965,9.044,7.333
-4.07,9.982,6.324
-5.919,10.372,8.211
-6.374,10.475,10.441
-8.809,7.424,8.503
-6.596,5.362,2.479
-4.445,3.886,-1.165
-8.312,-1.287,0.852
-12.461,-4.771,3.73
-15.954,-5.606,0.053
-16.317,-8.341,-0.404
-14.81,-9.446,1.62
-14.561,-15.32,3.015
-18.76,-20.942,2.019
-15.98,-33.02,3.084
-19.205,-31.553,10.992
-15.681,-26.763,16.937
-18.614,-19.409,14.509
-17.523,-18.406,26.727
-14.523,-24.754,18.71
-3.048,-9.192,16.492
0.842,-16.279,9.015
-1.821,-9.429,16.492
-3.759,-5.635,9.618
-3.967,-7.125,5.101
9.554,-5.178,2.574
-5.101,-7.575,14.104
-10.173,-8.374,14.659
2.074,-2.584,8.226
0.05,-0.024,8.726
5.056,-5.139,4.744
1.916,-3.888,3.491
0.945,-5.785,2.335
1.682,-4.941,1.852
0.536,-7.372,3.244
2.445,-5.178,5.292
0.091,-5.099,4.036
2.625,-3.029,0.62
-0.632,-2.168,-2.548
-1.244,-5.237,-2.625
-3.06,-3.208,-3.73
-4.845,-8.01,-5.481
-5.687,-6.726,-6.491
-5.912,-8.726,-0.854
-6.503,-11.08,-8.137
-6.898,-17.995,5.57
-7.424,-18.09,-5.819
2.67,-15.676,-0.373
-5.34,-5.292,4.84
-4.412,-2.448,4.902
-1.187,-2.608,7.702
-0.428,-1.12,8.285
0.809,-5.233,7.886
1.28,-8.053,7.64
3.653,-8.742,7.312
3.759,-8.391,6.989
3.534,-7.592,7.998
2.536,-6.63,8.128
3.433,-5.328,8.039
5.082,-4.938,8.723
5.163,-5.053,9.723
4.783,-4.991,9.81
3.433,-5.18,11.236
3.854,-5.383,11.905
2.189,-6.632,11.683
-0.218,-4.333,12.52
-3.783,-3.768,13.066
-5.285,-3.027,11.312
-5.225,-4.386,11.475
-3.302,-4.491,11.011
0.189,-5.357,10.118
-0.622,-4.527,9.879
-1.689,-3.819,11.011
-2.196,-3.366,10.209
-2.16,-3.402,10.262
-1.553,-2.761,10.326
-1.201,-2.914,9.982
-1.352,-2.802,10.858
-1.337,-2.192,11.195
-0.306,-1.436,11.157
-1.053,-2.058,10.642
-0.794,-1.172,10.798
-1.098,-0.682,10.499
-0.498,0.007,9.599
0.304,-0.4,9.601
-0.187,1.007,10.245
0.402,1.699,9.932
-0.589,3.046,10.948
0.342,5.089,9.219
1.445,6.441,7.546
2.452,7.812,6.477
0.201,8.333,7.077
-2.854,12.846,7.527
-6.276,7.84,8.96
-7.833,8.207,10.776
-7.151,10.597,10.688
-6.821,8.006,9.587
-5.843,10.523,9.42
-6.905,8.4,4.17
-7.285,5.864,2.369
-6.754,2.462,-2.955
-9.941,2.077,-2.352
-13.676,0.998,0.218
-13.659,-5.474,-0.443
-14.221,-9.594,-2.103
-16.224,-13.267,-3.854
-14.116,-18.423,-3.06
-19.205,-24.12,1.247
-18.722,-24.292,2.359
-21.088,-31.226,10.429
-17.916,-30.771,14.633
-18.361,-23.689,14.296
-18.722,-23.763,9.601
-20.327,-23.462,15.128
-20.416,-21.497,16.171
-12.276,-22.179,17.1
-7.651,-11.346,20.361
-7.467,-9.08,14.674
-3.919,-1.512,6.802
-2.663,-2.122,4.405
-2.539,-4.383,11.334
-17.863,-3.642,21.055
5.094,-5.469,7.482
3.122,-3.505,7.498
3.795,-3.161,7.226
1.457,-7.551,3.254
-1.72,-7.02,2.589
3.232,-6.005,4.862
0.024,-7.845,4.079
0.995,-3.488,3.622
2.778,-2.16,0.538
0.694,-2.536,-3.216
-1.062,-3.89,-2.862
-0.368,-4.981,-4.642
-2.876,-6.517,-2.85
-5.489,-5.953,-3.534
-3.847,-6.874,-5.989
-2.35,-9.879,-5.355
-5.663,-14.652,-7.328
-3.771,-13.975,-5.419
-5.577,-11.458,-4.211
-5.024,-12.855,-1.845
-6.101,-12.2,0.069
-3.95,-9.977,2.204
-1.479,-3.043,2.393
0.208,1.261,6.785
-5.185,-1.029,11.547
2.534,-4.264,8.175
0.639,-5.211,9.001
0.467,-4.027,8.618
-0.797,-5.56,8.608
-0.371,-6.304,9.132
-0.1,-7.166,9.848
0.179,-6.02,9.254
-0.256,-5.118,9.537
0.163,-4.969,9.889
-0.093,-4.931,10.848
-0.718,-3.926,11.463
-0.802,-3.479,11.111
-0.608,-4.048,10.57
0.574,-4.857,10.494
-1.285,-3.433,10.24
-0.141,-2.895,10.24
-0.213,-3.744,10.439
-0.282,-3.871,10.613
-0.679,-3.565,10.015
-0.876,-3.311,10.015
-0.749,-3.18,10.709
-0.488,-3.127,11.054
-0.268,-3.244,10.846
-0.335,-3.223,10.592
-0.617,-3.385,10.652
-0.435,-3.665,10.078
-0.703,-4.288,10.044
-0.849,-2.696,10.881
-0.636,-0.761,12.628
-0.431,1.072,12.64
0.246,0.452,11.604
0.646,-0.304,11.219
1.584,-0.895,11.47
0.974,-0.043,10.783
0.574,-0.998,10.824
1.122,-1.73,11.001
0.871,-2.919,10.365
2.668,-2.955,12.233
2.381,-2.589,11.159
2.163,-2.723,11.166
2.761,-3.218,11.492
2.988,-3.096,11.276
2.84,-3.144,10.901
4.347,-3.108,10.013
4.354,-3.046,9.228
4.512,-4.204,8.793
4.895,-3.122,9.209
5.005,-2.665,9.051
5.005,-2.536,8.656
5.187,-2.775,8.838
4.685,-2.613,9.032
5.029,-2.232,9.199
4.922,-1.541,8.917
4.929,-1.347,8.451
4.709,-0.246,8.046
4.752,0.378,7.171
5.149,1.548,6.761
5.79,0.115,4.759
5.022,1.184,4.821
4.13,2.718,6.412
1.938,1.565,5.46
3.833,3.965,1.337
4.151,-3.01,-2.402
1.56,-11.716,1.723
-2.18,-1.596,5.46
-4.567,0.823,5.716
-0.514,11.707,7.467
7.814,9.891,11.523
9.417,-5.479,15.655
10.872,-4.563,12.86
10.219,-4.307,5.436
9.889,-0.321,2.962
6.034,1.11,5.816
5.764,1.919,7.826
6.448,2.263,6.941
7.307,1.593,6.304
8.484,-1.139,6.757
8.123,0.507,6.34
8.046,0.51,5.946
7.943,1.373,6.599
7.537,1.148,6.496
7.864,1.05,5.099
8.314,0.586,5.687
7.941,0.912,6.484
7.563,2.354,6.194
7.879,0.959,5.455
7.764,0.816,5.541
7.86,0.979,5.563
8.001,0.787,5.166
7.726,0.608,5.544
8.029,1.436,5.52
7.642,1.299,5.039
7.625,0.971,6.118
7.888,1.292,6.135
7.714,1.213,5.34
7.716,1.677,4.969
7.427,1.325,5.508
7.862,1.129,5.369
7.477,1.505,5.477
7.226,0.835,6.491
7.762,0.916,6.917
7.946,0.979,5.668
7.211,1.608,5.4
7.226,0.488,7.08
7.582,0.799,6.996
7.57,0.751,6.048
7.568,0.656,6.23
7.771,1.065,6.632
7.671,1.18,6.003
7.596,0.428,6.766
7.206,-0.17,7.541
8.647,-0.038,6.001
8.549,-0.019,4.831
8.79,0.931,4.61
9.317,0.952,5.34
9.388,1.51,5.809
9.188,0.782,6.809
11.049,0.696,7.063
12.106,1.84,5.587
11.48,2.199,4.737
11.149,5.824,4.654
11.384,4.022,3.278
13.561,3.237,2.082
13.43,4.022,4.352
10.365,4.831,5.663
10.554,1.596,4.307
8.398,1.974,5.034
7.001,2.926,6.257
5.8,3.24,7.24
5.209,3.9,6.613
1.811,3.907,6.419
2.271,2.948,7.448
0.986,2.156,6.979
0.462,2.488,7.106
-1.067,1.275,8.142
-1.603,3.448,9.204
-1.084,4.773,9.68
-0.993,5.247,8.855
-0.78,4.455,8.905
-0.62,4.694,8.608
-0.383,3.874,8.077
-0.177,3.065,7.738
-0.096,2.826,7.764
0.593,2.627,7.922
1.014,2.407,8.283
1.005,1.706,8.384
0.603,1.168,8.522
-0.108,0.842,8.003
-0.163,1.302,8.972
0.447,1.799,8.628
0.534,1.022,9.441
-0.419,1.457,8.333
-0.914,1.562,7.922
-1.105,-0.763,7.465
-0.01,1.223,9.199
-0.828,4.302,9.802
-0.883,3.371,9.881
-2.01,1.211,8.702
-1.988,2.306,9.345
-1.938,-0.373,8.955
-2.259,0.39,8.795
-1.67,-1.053,9.759
-1.16,-1.022,9.714
-1.127,-1.158,9.812
-0.888,-1.254,9.857
-1.189,-1.357,9.762
-1.101,-1.258,9.798
-1.749,-1.62,9.738
-1.055,-1.273,9.886
-1.101,-1.515,9.826
-1.548,-1.696,9.865
-1.053,-1.242,9.75
-0.579,-1.208,9.767
-0.672,-1.192,9.688
-0.897,-1.34,9.745
-0.912,-1.538,9.726
-0.883,-1.613,9.69
-0.802,-1.426,9.69
-0.78,-1.388,9.747
-0.787,-1.29,9.79
-0.904,-1.249,9.798
-1.318,-2.235,7.661
-0.902,-1.192,9.838
-1.11,-1.414,9.865
-1.239,-1.486,9.807
-1.002,-1.457,9.764
-1.005,-1.345,9.743
-1.034,-1.275,9.819
-1.074,-1.215,9.877
-1.16,-1.223,9.726
-1.031,-1.235,9.745
-1.002,-1.311,9.688
-1.022,-1.373,9.733
-1.048,-1.347,9.807
-1.062,-1.325,9.795
-1.024,-1.321,9.774
-1.014,-1.349,9.795
-1.024,-1.275,9.786
-1.069,-1.261,9.781
-1.014,-1.158,9.759
-0.959,-1.089,9.666
-0.95,-1.175,9.747
-1.079,-1.139,9.75
-0.907,-1.098,9.762
-1.323,-1.108,9.819
-0.991,-1.122,9.764
-1.11,-1.148,9.838
-1.156,-1.168,9.726
-1.311,-1.175,9.824
-1.117,-1.218,9.831
-1.136,-1.199,9.838
-1.213,-1.101,9.903
-1.323,-1.12,9.9
-1.294,-1.426,9.714
-1.347,-1.359,9.709
-1.242,-1.335,9.726
-1.065,-1.172,9.805
-1.05,-1.101,9.884
-1.184,-1.151,9.879
-0.916,-0.959,9.743
-1.201,-0.945,9.783
-0.926,-0.701,9.757
-1.101,-1.314,9.633
-0.957,-0.983,9.676
-1.369,-1.151,9.783
-0.679,-1.139,9.865
-0.569,-1.096,9.85
-0.83,-1.491,9.982
-0.261,-1.682,10.123
-0.979,-1.835,9.912
-0.756,-1.909,9.68
-0.77,-1.759,9.795
-0.536,-1.593,9.793
-0.519,-1.29,9.752
-0.646,-1.395,9.771
-0.548,-1.227,9.743
-0.579,-1.177,9.781
-0.481,-1.287,9.735
-0.603,-1.419,9.707
-0.373,-1.364,9.656
-0.263,-1.452,9.7
-0.306,-1.452,9.637
-0.402,-1.548,9.592
-0.282,-1.538,9.702
-0.371,-1.66,9.731
-0.629,-1.316,10.087
-0.89,-1.428,9.822
-1.103,-1.158,9.862
-1.041,-0.519,10.051
-1.761,-0.696,9.711
-1.433,-0.469,9.554
-1.773,-0.251,9.802
-1.873,-0.177,9.743
-2.211,-0.184,9.862
-2.304,-0.151,10.109
-2.156,-0.019,9.994
-2.309,0.038,9.874
-2.218,-0.115,9.649
-2.378,0.0,9.702
-2.304,-0.048,9.731
-2.218,-0.148,9.668
-2.347,-0.237,9.709
-2.18,-0.33,9.752
-2.165,-0.306,9.79
-2.031,-0.347,9.671
-2.17,-0.345,9.707
-1.945,-0.227,9.788
-1.852,-0.182,9.814
-2.034,-0.223,9.63
-2.105,-0.091,9.649
-1.802,0.007,9.79
-2.048,-0.024,9.771
-2.041,-0.065,9.652
-1.974,-0.005,9.702
-2.065,0.026,9.606
-1.967,0.005,9.618
-2.149,-0.036,9.597
-2.043,-0.017,9.795
-2.115,-0.069,9.86
-2.17,-0.06,9.721
-2.184,-0.072,9.592
-2.213,-0.112,9.644
-2.218,-0.177,9.733
-2.192,-0.144,9.767
-2.285,-0.172,9.769
-2.084,-0.134,9.764
-2.096,-0.096,9.647
-2.108,0.014,9.666
-2.046,0.017,9.683
-1.979,-0.043,9.621
-1.94,0.041,9.659
-2.005,0.029,9.668
-2.0,0.012,9.711
-1.876,0.014,9.683
-1.991,-0.065,9.666
-1.995,0.072,9.685
-2.034,-0.065,9.697
-2.007,-0.029,9.678
-2.012,0.005,9.678
-2.079,-0.007,9.711
-1.893,-0.091,9.788
-2.036,-0.179,9.735
-2.072,-0.175,9.688
-2.036,-0.136,9.795
-2.005,-0.144,9.721
-2.12,-0.139,9.635
-2.141,-0.29,9.654
-2.072,-0.203,9.707
-1.998,-0.086,9.759
-2.012,-0.048,9.7
-1.955,0.012,9.601
-1.983,0.01,9.616
-1.857,0.043,9.747
-1.701,-0.033,9.735
-1.971,-0.038,9.805
-1.909,-0.132,9.692
-1.9,-0.177,9.726
-1.878,-0.203,9.755
-1.847,-0.182,9.81
-2.06,-0.385,9.996
-1.754,0.007,9.542
-2.034,-0.189,10.109
-1.888,-0.103,9.24
-1.61,0.287,10.2
-1.823,-0.002,9.793
-1.933,-0.055,9.752
-1.761,-0.019,9.762
-1.766,-0.098,9.728
-1.768,-0.194,9.757
-1.912,-0.447,10.039
-1.572,-0.069,9.697
-1.883,-0.368,10.07
-1.749,-0.223,9.417
-1.704,-0.086,10.168
-1.826,-0.256,9.4
-1.838,-0.292,9.745
-1.838,-0.215,9.767
-1.768,-0.167,9.805
-1.718,-0.156,9.776
-1.849,-0.211,9.7
-1.739,-0.189,9.659
-1.725,-0.124,9.817
-1.806,-0.199,9.833
-1.766,-0.254,9.714
-1.782,-0.242,9.704
-1.802,-0.215,9.735
-1.826,-0.065,9.728
-1.804,-0.12,9.802
-1.725,-0.098,9.69
-1.864,-0.057,9.745
-1.9,-0.036,9.857
-1.771,-0.124,9.814
-1.751,-0.141,9.812
-1.969,-0.297,9.633
-1.821,-0.232,9.786
-1.711,-0.065,9.793
-1.806,-0.05,9.738
-1.806,-0.024,9.683
-1.711,-0.067,9.64
-1.737,-0.06,9.723
-1.711,0.012,9.805
-1.771,-0.053,9.733
-1.869,-0.067,9.745
-1.775,-0.062,9.776
-1.809,-0.136,9.764
-1.823,-0.12,9.654
-1.842,-0.057,9.642
-1.916,-0.089,9.702
-1.823,-0.108,9.764
-1.771,-0.022,9.714
-1.737,-0.036,9.764
-1.859,-0.096,9.817
-1.95,0.024,9.81
-2.06,0.067,9.786
-2.029,-0.053,9.719
-2.117,-0.069,9.716
-2.127,-0.002,9.762
-2.058,0.002,9.776
-2.189,0.062,9.69
-2.249,0.055,9.566
-2.192,0.141,9.609
-1.95,0.292,9.798
-1.517,1.261,9.9
-1.029,0.39,9.934
-0.254,9.259,7.601
-0.22,9.539,7.489
-0.928,1.675,9.795
-1.852,-0.16,9.64
-1.835,0.033,9.795
-1.9,-0.045,9.702
-1.864,0.031,9.68
-1.852,0.105,9.618
-1.897,0.175,9.709
-1.747,0.187,9.805
-1.878,0.189,9.814
-1.976,0.0,9.723
-1.785,0.029,9.716
-1.888,-0.084,9.726
-1.854,-0.153,9.731
-1.897,-0.292,9.719
-1.895,-0.158,9.802
-1.809,-0.12,9.757
-1.909,0.012,9.697
-1.821,0.014,9.767
-1.869,0.108,9.702
-1.957,0.139,9.711
-1.849,0.055,9.709
-1.931,0.079,9.726
-2.058,0.273,9.8
-2.086,0.208,10.027
-1.603,0.065,10.027
-1.945,0.498,9.702
-1.921,0.534,9.869
-2.17,0.127,9.979
-2.606,0.139,9.893
-2.005,0.012,9.9
-4.115,-1.565,10.393
-0.459,-0.12,9.386
-6.036,3.091,11.386
2.481,-0.474,9.149
-0.519,-1.16,9.833
-1.378,-0.866,9.91
-0.574,-1.476,9.427
-1.072,-1.596,9.458
-0.486,-1.378,9.475
-0.103,-1.196,9.484
-0.586,-1.101,9.719
-0.89,-0.763,9.802
-0.921,-0.727,9.807
-0.959,-0.593,9.912
-0.756,-0.653,9.848
-0.947,-0.694,9.814
-1.0,-0.479,9.97
-1.213,-0.84,9.867
1.66,-0.787,7.472
-1.581,-0.708,9.57
-1.687,-0.108,10.491
-1.971,-0.979,10.456
-0.701,-0.861,10.377
-0.237,-1.077,9.814
-1.192,-1.321,9.958
-0.617,-1.232,9.499
-1.586,-1.44,9.534
-0.825,-1.34,9.843
-0.751,-1.359,9.707
-0.758,-1.192,9.647
-0.495,-1.098,9.664
-0.495,-0.928,9.697
-0.577,-0.828,9.874
-0.778,-0.888,9.92
-0.675,-0.938,9.793
-0.701,-1.067,9.659
-0.737,-0.998,9.683
-0.809,-1.136,9.75
-0.792,-1.139,9.912
-0.842,-1.385,9.891
-1.048,-1.261,9.953
-0.95,-1.273,9.822
-0.081,-1.184,9.652
-1.715,-1.069,9.819
-1.232,-1.373,9.951
-0.522,-1.354,9.702
-0.816,-1.464,9.197
-0.029,-1.194,9.735
-1.175,-0.916,9.841
-0.847,-0.976,9.836
-0.873,-0.959,9.922
-0.768,-1.089,9.838
-0.679,-1.141,9.678
-0.727,-1.084,9.711
-0.735,-1.079,9.757
-0.756,-1.053,9.824
-0.763,-0.969,9.879
-1.043,-1.038,9.833
-0.603,-0.672,9.786
-0.871,-0.912,9.781
-0.694,-0.775,9.865
-0.785,-1.125,9.905
-0.713,-1.201,9.824
-0.691,-1.29,9.774
-0.737,-1.483,9.841
-0.742,-1.483,9.714
-0.715,-1.309,9.711
-0.813,-1.141,9.814
-0.809,-0.971,9.668
-0.72,-0.926,9.786
-0.758,-0.892,9.853
-0.928,-0.809,9.843
-1.12,-0.739,9.776
-0.804,-1.06,9.817
-0.682,-1.474,9.824
-0.88,-1.469,9.819
-0.916,-1.376,9.984
-1.007,-1.304,9.982
-0.691,-1.328,9.86
-0.775,-1.402,9.752
-1.586,-1.682,9.688
-0.34,-0.773,9.731
-1.239,-1.192,9.51
-0.62,-0.79,9.704
-0.596,-0.969,9.549
-1.098,-1.292,9.601
-0.163,-1.146,9.716
-0.589,-1.168,10.02
-0.699,-1.208,10.066
-0.617,-1.129,9.795
-1.165,-1.342,9.589
-0.05,-0.641,9.628
-0.584,-0.792,9.893
-0.524,-0.842,9.977
-0.668,-0.624,9.996
-0.912,-0.572,9.951
-0.639,-0.837,9.642
-0.682,-1.328,9.609
-0.598,-0.974,9.721
-0.593,-0.876,9.958
-0.646,-0.904,9.977
-0.579,-0.857,9.762
-0.412,-0.675,9.716
-0.4,-0.5,9.628
-0.892,-0.732,9.728
-0.703,-0.613,9.805
-0.706,-0.634,9.822
-0.172,-0.323,10.116
-1.249,-1.007,9.924
-0.328,-0.617,9.802
-0.72,-0.849,9.91
-0.483,-0.943,9.862
-0.675,-0.974,9.857
-0.677,-0.959,9.786
-0.636,-0.813,9.728
-0.763,-1.012,9.831
-0.77,-0.816,9.81
-0.95,-0.723,9.984
-0.675,-0.553,10.085
-0.605,-0.617,9.829
-0.536,-0.725,9.704
-0.529,-0.605,9.85
-0.565,-0.735,10.087
-0.615,-0.749,9.747
-0.306,-0.579,9.814
-0.718,-0.574,9.845
-0.682,-0.737,9.585
-1.05,-0.586,9.948
-1.024,-0.988,9.912
-0.407,-0.88,9.872
-0.356,-0.955,9.807
-0.524,-0.964,9.939
-0.313,-1.017,9.795
-0.263,-0.957,9.757
-0.77,-0.861,9.853
-0.976,-0.78,9.726
-0.373,-0.495,9.819
-0.699,-0.77,10.13
-0.385,-0.735,9.96
-0.55,-0.651,9.853
-0.926,-0.73,9.755
-0.991,-0.44,9.716
-0.285,-0.385,9.781
-0.632,-0.735,9.939
-0.469,-0.684,9.855
-0.45,-0.579,9.793
-0.677,-0.493,9.836
-0.39,-0.66,9.814
-0.885,-0.77,9.833
-0.636,-0.443,9.85
-0.869,-0.596,9.886
-0.794,-0.813,9.764
-0.617,-0.907,9.85
-0.646,-0.531,9.965
-0.876,-0.586,9.81
-1.136,-0.507,9.745
-1.306,-0.191,9.936
-1.699,-0.77,9.929
-1.503,-1.046,9.79
-1.366,-1.058,9.991
-0.495,-0.768,9.563
-0.825,-0.546,9.948
-0.412,-0.648,10.049
-1.694,0.28,10.369
-1.127,-0.916,9.81
-0.445,-0.837,9.743
-0.785,-0.959,9.726
-0.931,-1.026,9.604
-0.423,-0.677,9.568
-0.756,-0.742,9.642
-0.316,-0.072,9.994
-1.256,0.093,10.09
-0.287,0.065,9.994
-1.031,-0.294,9.886
-0.263,0.213,9.96
-0.988,-0.132,9.692
-0.531,-0.352,9.951
-1.096,-0.675,9.932
-0.813,-0.802,9.649
-0.735,-0.519,9.838
-0.723,-0.435,9.743
-0.5,-0.538,9.625
-0.447,-0.139,9.857
-1.371,-0.548,9.81
1.974,0.39,10.228
-2.098,-0.467,10.02
-1.125,-0.512,10.037
-2.507,-0.641,9.812
-1.316,-0.639,9.592
-1.409,-0.658,9.609
-2.149,-0.546,9.912
-1.337,-0.5,9.967
-1.141,-0.569,9.877
-1.828,0.134,10.011
-1.416,-0.445,10.2
-0.72,-0.124,9.951
-1.297,-0.251,9.707
-1.132,0.069,10.147
-1.5,0.345,10.13
-0.404,-0.017,9.35
-0.543,-0.962,9.501
-0.835,-0.632,9.561
-0.476,-0.672,9.829
-1.292,-1.079,9.939
-1.258,-0.871,9.676
-0.548,-1.29,9.647
-1.005,-0.77,10.046
-0.924,-0.787,10.214
-0.945,-0.474,10.111
-0.266,-0.218,10.135
0.017,-0.648,9.589
-0.608,-0.72,9.432
-0.895,-0.668,9.57
-0.821,-0.51,9.987
-0.964,-0.447,10.049
-1.227,-1.211,10.068
-0.969,-1.062,9.845
-0.593,-0.246,9.573
0.077,-0.261,9.697
-0.359,-0.371,9.264
-1.232,-0.907,9.721
-1.172,-1.105,9.372
-1.94,-0.912,9.659
-1.876,-0.974,10.19
-1.505,-1.605,9.549
-1.328,-1.232,9.29
-1.68,-0.187,9.274
-1.325,-0.402,9.975
-0.768,-0.258,9.92
-1.206,-0.345,10.039
-1.637,-1.247,10.123
-0.72,0.809,9.633
-2.369,-1.878,9.848
-1.756,-1.031,9.881
-0.924,-0.613,10.02
-1.275,-1.115,10.106
0.132,-1.627,10.195
2.574,-1.433,7.233
-0.51,-1.177,9.63
-0.976,-0.49,9.68
-0.763,-0.852,9.57
-0.957,-0.955,9.91
-1.148,-0.924,10.025
-0.512,-0.624,9.881
-0.926,-0.909,9.831
-0.861,-0.837,9.963
-1.11,-0.928,9.963
-0.974,-0.646,10.042
-1.101,-0.435,9.781
-0.957,-0.514,9.664
-0.983,-0.577,9.74
-0.983,-0.603,9.678
-0.833,-1.062,9.786
-0.883,-0.713,9.755
-0.912,-0.636,9.884
-0.935,-0.861,9.936
-1.029,-0.916,9.817
-0.955,-0.947,9.676
-1.002,-0.823,9.683
-0.859,-0.77,9.862
-1.12,-0.691,10.094
-1.136,-0.778,10.104
-0.869,-1.022,9.855
-0.72,-0.895,9.618
-0.84,-0.45,9.637
-1.01,-0.593,9.747
0.127,-0.44,9.51
-1.287,-0.904,9.829
-1.192,-1.017,9.838
-0.632,-1.034,9.889
-1.409,-0.916,9.874
-0.546,-0.713,9.934
-1.33,-0.806,9.967
-0.9,-0.921,9.819
-1.026,-1.058,9.644
-0.811,-1.084,9.589
-0.907,-1.034,9.642
-0.871,-0.828,9.788
-0.955,-0.763,9.845
-0.849,-0.873,9.867
-0.864,-1.038,9.752
-0.938,-1.139,9.726
-0.849,-0.964,9.767
-0.971,-0.739,9.843
-0.962,-0.557,9.896
-1.031,-0.833,9.886
-1.098,-0.782,9.927
-1.158,-0.871,9.948
-0.981,-0.969,9.733
-0.56,-0.758,9.587
-0.77,-0.651,9.8
-0.857,-0.912,9.967
-0.924,-0.947,10.178
-0.878,-1.297,10.032
-0.871,-1.467,9.798
-0.864,-1.57,9.489
-0.77,-1.247,9.518
-0.809,-0.794,9.707
-0.892,-0.679,9.893
-0.962,-0.67,9.946
-1.062,-0.663,9.987
-1.132,-0.802,9.862
-0.986,-0.778,9.719
-0.959,-1.012,9.709
-0.904,-1.019,9.781
-0.897,-1.206,9.774
-1.012,-1.206,9.977
-1.108,-0.919,9.941
-1.089,-0.72,9.752
-0.897,-0.983,9.757
-0.962,-1.022,9.85
-0.866,-1.096,9.941
-0.768,-0.847,9.963
-0.883,-0.921,9.879
-0.699,-0.864,9.678
-0.806,-1.067,9.53
-0.787,-1.184,9.685
-0.919,-1.077,9.865
-0.907,-1.065,9.786
-0.916,-1.065,9.795
-0.983,-0.926,9.74
-0.912,-0.88,9.829
-0.979,-0.883,9.893
-1.098,-1.0,9.745
-0.957,-0.854,9.96
-1.096,-1.067,10.092
-1.012,-1.144,10.011
-1.125,-1.203,9.711
-0.883,-1.263,9.57
-0.766,-1.019,9.621
-0.928,-0.909,9.783
-0.864,-0.811,9.783
-0.955,-0.866,9.884
-0.964,-0.806,9.807
-0.967,-0.816,9.831
-0.933,-0.869,9.824
-0.964,-0.878,9.829
-0.969,-0.974,9.853
-1.014,-1.077,9.869
-1.065,-1.062,9.903
-1.019,-1.058,9.755
-0.95,-0.859,9.764
-0.892,-0.888,9.884
-0.854,-0.9,9.786
-2.493,-4.161,11.74
-2.0,-0.404,10.223
-1.407,-1.5,9.587
-1.5,-1.268,9.793
-0.091,-0.512,9.97
-1.235,-1.51,9.853
-0.933,-1.086,9.941
-0.818,-1.117,9.774
-0.869,-1.163,9.477
-0.481,-1.125,9.601
-1.232,-1.34,9.877
-0.938,-0.797,9.987
-1.361,-0.33,9.948
-0.684,0.062,11.135
-1.098,-0.495,9.874
-1.098,-0.89,9.372
-0.916,-0.83,9.388
-0.153,-1.223,9.881
-0.833,-1.251,10.042
-1.235,-1.258,9.984
-0.134,-0.878,9.975
-0.282,-0.79,10.152
-0.122,-0.474,9.92
-0.663,-1.058,9.805
-0.737,-1.022,9.862
-1.23,-1.148,9.924
-1.823,-0.799,9.97
-0.725,-0.342,9.853
-0.981,-0.828,9.79
-1.79,-0.577,9.525
-0.766,-0.723,9.637
-0.811,-0.78,9.793
-0.959,-1.201,9.807
-0.794,-0.677,9.934
-0.778,-0.658,9.802
-1.067,-0.861,9.616
-0.849,-0.931,9.685
-1.139,-1.038,9.644
-0.94,-0.895,9.817
-0.986,-0.883,9.893
-0.892,-0.926,9.872
-0.924,-0.766,9.836
-0.967,-0.809,9.833
-0.895,-0.735,9.822
-0.931,-0.857,9.755
-0.967,-0.907,9.702
-0.902,-0.935,9.884
-0.842,-0.866,9.929
-1.012,-0.806,9.951
-1.139,-0.895,9.898
-0.962,-0.854,9.752
-0.883,-0.904,9.668
-0.928,-0.919,9.721
-0.928,-0.928,9.826
-0.924,-0.778,9.877
-0.94,-0.857,9.848
-0.885,-0.914,9.889
-0.871,-1.002,9.807
-1.012,-0.746,10.018
-1.139,-0.778,10.046
-0.904,-0.452,9.982
-1.093,-0.617,9.994
-1.208,-0.758,9.987
-2.641,-3.385,14.198
-0.938,-0.809,8.475
-0.402,0.103,10.034
-0.991,-0.976,9.879
-1.531,-1.419,9.403
0.249,-0.933,9.506
-0.986,-0.981,9.783
-1.5,-1.175,9.453
-0.617,-1.297,9.707
-0.636,-0.885,9.465
-1.302,-0.821,9.991
-1.376,-1.01,9.609
-0.955,-0.462,9.594
-2.369,-1.029,9.575
-0.529,-0.943,9.544
-1.213,-0.78,9.865
-1.12,-0.479,9.781
-1.031,-0.481,9.917
1.579,-0.67,9.164
-1.325,0.105,9.805
-2.373,0.34,9.51
0.852,-2.393,10.743
-0.608,-0.797,9.274
-0.758,-0.546,10.147
-0.778,-0.988,10.312
-0.981,-0.33,9.944
-2.239,-0.648,9.833
-0.813,0.022,10.068
-1.223,-0.124,10.123
-0.05,-0.459,9.767
-1.876,-0.151,10.293
-0.67,-0.629,9.654
-0.768,-0.627,9.936
-0.364,-0.467,9.819
-0.876,-0.55,9.539
-0.579,-0.653,9.673
-0.924,-0.73,10.123
-0.658,-0.797,10.372
0.105,-0.921,9.417
-4.134,0.105,11.252
2.354,-0.794,8.79
-1.189,-1.842,8.757
0.447,-0.234,9.994
-2.354,-1.101,10.29
-0.457,-0.895,9.817
-1.321,-1.337,9.841
-1.17,-1.682,9.621
-1.493,-1.637,9.867
-1.249,-1.256,9.862
-0.947,-0.952,9.841
-1.072,-0.787,9.841
-1.041,-0.598,9.79
-1.108,-0.675,9.458
-0.627,-0.447,10.068
-0.744,-0.751,9.585
-0.84,-0.467,10.003
-0.804,-0.66,9.563
-1.005,-1.048,9.68
-0.603,-1.132,9.738
-0.763,-1.33,9.841
-0.95,-1.488,9.85
-1.091,-1.708,9.881
-1.048,-1.605,9.915
-0.708,-1.526,9.924
-0.658,-1.536,9.69
-0.579,-1.302,9.711
-0.543,-1.33,9.618
-0.636,-1.572,9.628
-0.634,-1.495,9.714
-0.756,-1.476,9.692
-0.761,-1.407,9.759
-0.931,-1.857,9.723
-0.821,-1.507,9.8
-0.869,-1.706,9.79
-0.816,-1.538,9.807
-0.902,-1.412,9.822
-0.679,-1.321,9.848
-0.711,-1.44,9.819
-0.766,-1.345,9.747
-0.823,-1.278,9.795
-0.775,-1.357,9.771
-0.706,-1.428,9.75
-0.711,-1.57,9.683
-0.727,-1.546,9.692
-0.825,-1.665,9.757
-0.766,-1.704,9.771
-0.663,-1.567,9.731
-0.751,-1.364,9.767
-0.723,-1.287,9.833
-0.744,-1.263,9.836
-0.938,-1.445,9.68
-0.775,-1.471,9.668
-0.821,-1.426,9.845
-0.993,-1.323,9.987
-1.129,-1.574,9.862
-0.89,-1.61,9.735
-0.782,-1.723,9.719
-0.653,-1.749,9.312
-0.632,-0.945,10.085
-0.636,-1.596,10.212
-0.672,-2.227,9.829
-0.955,-2.57,9.506
-0.754,-2.381,9.446
-0.821,-2.18,9.633
-0.809,-1.845,9.695
-0.806,-1.857,9.661
-0.852,-1.517,9.711
-0.857,-1.479,9.642
-0.904,-1.263,9.63
-0.861,-1.306,9.671
-0.904,-1.239,9.814
-0.825,-1.247,9.865
-0.842,-1.227,9.829
-0.802,-1.4,9.721
-0.715,-1.481,9.757
-0.684,-1.682,9.707
-0.711,-1.694,9.532
-0.782,-1.718,9.642
-0.797,-1.773,9.671
-0.849,-1.778,9.623
-0.857,-1.854,9.649
-0.981,-1.799,9.735
-0.993,-1.897,9.762
-0.995,-1.881,9.948
-1.148,-1.778,9.922
-1.136,-1.56,9.86
-1.081,-1.601,9.778
-1.055,-1.857,9.618
-0.924,-1.792,9.577
-0.907,-1.826,9.558
-0.823,-1.847,9.688
-0.715,-1.945,9.635
-0.732,-1.962,9.64
-0.825,-2.034,9.594
-0.835,-2.015,9.618
-0.835,-2.019,9.625
-0.971,-1.969,9.733
-1.093,-1.909,9.726
-1.069,-1.814,9.723
-1.062,-1.869,9.764
-1.041,-1.955,9.8
-1.022,-1.809,9.707
-0.962,-1.883,9.716
-0.885,-1.854,9.606
-0.821,-1.739,9.616
-0.859,-1.773,9.613
-0.725,-1.73,9.625
-0.878,-1.828,9.731
-1.007,-1.66,9.731
-1.012,-1.768,9.63
-1.017,-1.66,9.692
-1.101,-1.842,9.606
-1.12,-1.96,9.7
-1.127,-1.955,9.826
-1.165,-1.857,9.833
-1.062,-1.914,9.845
-1.036,-1.596,9.836
-1.053,-1.567,9.664
-1.05,-1.589,9.508
-0.574,-1.192,9.542
-0.947,-1.648,9.668
-0.986,-1.538,9.857
-1.201,-1.852,9.908
-1.323,-2.156,10.037
-1.357,-2.333,9.831
-1.113,-1.574,9.831
-1.297,-1.596,9.774
-1.323,-1.78,9.647
-1.103,-1.546,9.716
-0.976,-1.361,9.879
-0.888,-1.483,9.862
-1.01,-1.457,9.733
-1.05,-1.364,9.664
-0.916,-1.426,9.527
-0.732,-1.548,9.494
-0.715,-1.515,9.585
-0.782,-1.553,9.678
-0.876,-1.617,9.807
-0.869,-1.72,9.81
-0.876,-1.622,9.721
-0.904,-1.706,9.683
-0.95,-1.723,9.666
-1.065,-1.761,9.711
-1.043,-1.708,9.795
-0.983,-1.546,9.853
-0.959,-1.598,9.778
-0.914,-1.665,9.683
-0.885,-1.613,9.659
-0.964,-1.785,9.661
-0.926,-1.756,9.704
-0.933,-1.79,9.587
-0.952,-1.625,9.664
-0.962,-1.787,9.743
-0.945,-1.794,9.879
-1.089,-1.766,9.891
-1.093,-1.653,9.781
-1.043,-1.682,9.269
-0.78,-1.287,9.659
-0.995,-1.553,9.783
-1.055,-1.565,10.121
-1.249,-1.902,9.924
-1.153,-1.852,9.702
-0.919,-1.818,9.554
-1.06,-1.694,9.685
-1.098,-1.62,9.798
-1.12,-1.586,9.867
-0.993,-1.677,9.822
-0.916,-1.562,9.719
-0.945,-1.526,9.723
-0.957,-1.526,9.621
-0.935,-1.579,9.637
-0.983,-1.553,9.702
-1.024,-1.593,9.764
-0.998,-1.641,9.807
-1.105,-1.646,9.886
-0.94,-1.507,9.757
-0.9,-1.61,9.814
-0.931,-1.522,9.776
-1.043,-1.459,9.685
-1.017,-1.572,9.64
-1.069,-1.656,9.702
-1.024,-1.713,9.776
-1.11,-1.751,9.817
-1.225,-1.761,9.848
-0.959,-1.945,8.963
-0.349,-1.428,9.75
-1.349,-1.098,10.312
-1.029,-1.349,10.073
-1.254,-1.814,9.668
-1.165,-1.969,9.381
-0.957,-1.818,9.441
-1.012,-1.775,9.683
-1.081,-1.73,9.96
-0.909,-1.747,9.987
-1.005,-1.833,9.79
-0.935,-1.799,9.647
-0.909,-1.648,9.537
-0.964,-1.522,9.616
-0.9,-1.503,9.673
-0.878,-1.548,9.848
-0.976,-1.57,9.778
-0.921,-1.56,9.633
-0.821,-1.682,9.623
-0.902,-1.828,9.673
-0.9,-1.926,9.623
-0.95,-1.969,9.644
-1.055,-1.94,9.69
-0.971,-1.974,9.711
-0.933,-1.909,9.92
-1.084,-1.775,9.932
-1.151,-1.656,9.893
-1.182,-1.718,9.788
-1.168,-1.637,9.69
-1.113,-1.625,9.755
-1.053,-1.524,9.757
-0.991,-1.464,9.853
-0.983,-1.598,9.728
-0.924,-1.687,9.685
-0.916,-1.771,9.676
-0.88,-1.725,9.661
-0.888,-1.742,9.69
-0.861,-1.828,9.805
-0.809,-1.799,9.819
-0.998,-1.842,9.707
-1.055,-1.718,9.637
-1.077,-1.651,9.721
-1.06,-1.761,9.783
-1.017,-1.842,9.771
-0.986,-1.847,9.783
-0.94,-1.742,9.733
-0.909,-1.637,9.707
-0.902,-1.67,9.731
-0.89,-1.718,9.597
-0.931,-1.749,9.649
-0.981,-1.818,9.716
-0.962,-1.847,9.747
-0.971,-1.797,9.884
-0.959,-1.924,9.848
-0.962,-1.854,9.762
-0.95,-1.826,9.592
-0.986,-1.792,9.592
-0.921,-1.828,9.673
-0.88,-1.778,9.714
-1.01,-1.744,9.697
-0.914,-1.804,9.733
-0.979,-1.802,9.747
-1.108,-1.704,9.798
-1.129,-1.747,9.8
-1.18,-1.715,9.75
-1.192,-1.799,9.778
-1.172,-1.696,9.886
-1.311,-1.969,9.829
-1.036,-1.902,9.771
-1.012,-1.648,9.755
-0.995,-1.617,9.673
-0.883,-1.426,9.664
-0.871,-1.424,9.731
-0.727,-1.469,9.683
-0.775,-1.586,9.678
-0.921,-1.637,9.74
-1.017,-1.732,9.81
-1.017,-1.826,9.819
-1.014,-1.883,9.738
-1.067,-1.914,9.75
-1.11,-1.893,9.688
-1.079,-1.749,9.726
-1.069,-1.715,9.647
-0.857,-1.778,9.771
-0.876,-1.56,9.86
-0.876,-1.469,9.831
-1.065,-1.682,9.688
-1.103,-2.254,9.558
-1.084,-2.177,9.601
-1.022,-2.103,9.755
-1.06,-1.893,9.869
-1.055,-1.766,9.838
-1.034,-1.708,9.7
-0.912,-1.775,9.551
-0.809,-1.581,8.632
-0.56,-1.381,9.539
-0.828,-1.751,10.25
-1.148,-1.5,10.319
-1.321,-1.811,10.082
-1.019,-2.192,9.432
-1.242,-2.18,9.228
-0.811,-1.893,9.446
-1.192,-1.78,9.855
-0.983,-1.933,9.836
-1.012,-1.828,9.826
-0.926,-1.902,9.625
-0.744,-1.828,9.633
-1.005,-1.701,9.688
-1.012,-1.653,9.826
-1.043,-1.61,9.939
-1.168,-1.73,9.872
-1.16,-1.893,9.75
-1.048,-1.945,9.793
-1.081,-1.883,9.685
-1.024,-1.66,9.714
-0.878,-1.445,9.714
-1.024,-1.687,9.721
-0.971,-1.715,9.621
-0.986,-1.78,9.647
-0.986,-1.713,9.759
-0.916,-1.692,9.822
-1.022,-1.613,9.85
-0.981,-1.701,9.577
-1.036,-1.68,9.609
-0.998,-1.893,9.719
-0.919,-1.919,9.79
-0.964,-1.852,9.826
-0.979,-1.787,9.592
-0.928,-1.893,9.63
-1.024,-1.967,9.597
-1.206,-1.998,9.652
-1.058,-1.957,9.707
-1.213,-2.261,9.446
-1.275,-1.201,10.149
-0.476,-1.948,10.056
-1.017,-2.034,9.778
-1.483,-2.086,9.503
-0.581,-1.859,9.635
-0.794,-2.086,9.757
-1.012,-1.873,9.762
-0.993,-1.924,9.685
-1.208,-1.938,9.678
-1.0,-1.9,9.69
-1.041,-1.751,9.79
-1.062,-1.637,9.833
-1.038,-1.653,9.707
-1.038,-1.747,9.616
-0.995,-1.873,9.597
-1.01,-1.838,9.64
-1.01,-1.904,9.726
-1.05,-1.921,9.69
-1.036,-1.878,9.783
-0.986,-1.895,9.788
-0.933,-1.742,9.7
-1.074,-1.73,9.776
-1.22,-2.015,9.618
-1.108,-2.055,9.656
-1.041,-1.926,9.728
-1.117,-1.881,9.733
-1.136,-1.821,9.759
-1.335,-1.797,9.862
-0.648,-1.67,9.735
-1.172,-1.517,9.723
-0.88,-1.62,9.597
-1.115,-1.787,9.654
-1.096,-1.936,9.685
-1.163,-1.952,9.812
-1.158,-1.89,9.841
-1.12,-1.823,9.752
-1.086,-1.799,9.676
-1.144,-1.945,9.594
-1.065,-1.699,9.707
-0.94,-1.73,9.802
-1.089,-1.766,9.745
-0.909,-1.73,9.666
-0.967,-1.782,9.733
-1.014,-1.792,9.666
-1.084,-1.861,9.695
-1.108,-1.888,9.728
-1.285,-1.847,9.427
-1.014,-1.546,9.807
-1.084,-1.924,9.733
-1.227,-1.926,9.714
-0.971,-1.871,9.697
-0.888,-1.828,9.738
-0.998,-1.924,9.728
-1.069,-1.849,9.747
-1.11,-1.713,9.719
-1.163,-1.706,9.767
-1.194,-1.675,9.857
-1.163,-1.644,9.908
-1.072,-1.641,9.776
-1.007,-1.73,9.652
-0.947,-1.823,9.599
-0.969,-1.732,9.678
-1.058,-1.768,9.678
-1.115,-1.754,9.659
-1.081,-1.869,9.783
-1.055,-1.907,9.755
-1.034,-1.802,9.774
-1.086,-1.773,9.723
-1.168,-1.806,9.735
-1.18,-1.967,9.743
-1.081,-2.067,9.728
-1.065,-2.01,9.702
-1.007,-1.931,9.709
-0.988,-1.747,9.668
-1.036,-1.785,9.711
-1.115,-1.809,9.822
-1.132,-1.768,9.74
-1.148,-1.778,9.757
-1.074,-1.761,9.688
-1.031,-1.792,9.676
-1.151,-1.78,9.716
-1.06,-1.883,9.647
-1.081,-1.89,9.642
-1.304,-1.876,9.525
-1.041,-1.641,9.884
-0.746,-1.749,9.774
-1.244,-2.043,9.814
-0.993,-1.976,9.769
-0.866,-2.144,9.676
-1.007,-2.019,9.642
-1.218,-1.924,9.668
-1.218,-1.912,9.678
-1.201,-1.952,9.676
-1.103,-2.031,9.678
-0.986,-1.883,9.707
-0.95,-2.015,9.695
-0.974,-1.95,9.747
-0.928,-1.751,9.731
-1.034,-1.821,9.793
-1.125,-1.914,9.716
-1.194,-1.95,9.704
-1.18,-1.9,9.719
-1.196,-1.821,9.611
-1.151,-1.806,9.692
-1.146,-1.835,9.759
-1.172,-1.847,9.719
-1.038,-1.833,9.695
-1.029,-1.792,9.64
-1.069,-1.816,9.704
-1.134,-1.847,9.697
-1.203,-2.038,9.721
-1.06,-1.952,9.831
-0.883,-1.89,9.709
-0.933,-1.816,9.678
-1.084,-1.861,9.743
-1.151,-2.01,9.671
-1.206,-2.019,9.683
-1.096,-2.067,9.714
-1.06,-2.027,9.635
-1.043,-2.086,9.42
-0.613,-1.754,9.644
-0.919,-1.488,10.362
-1.022,-1.852,10.147
-1.151,-2.022,9.546
-0.971,-1.802,9.412
-1.12,-1.957,9.513
-1.292,-1.964,9.752
-1.144,-2.031,9.75
-1.101,-1.838,9.637
-1.11,-1.806,9.676
-0.943,-1.785,9.762
-1.148,-1.818,9.747
-1.058,-1.916,9.7
-1.055,-1.861,9.661
-1.086,-1.799,9.733
-1.022,-1.881,9.759
-1.0,-1.888,9.704
-1.113,-1.785,9.745
-1.089,-1.876,9.798
-1.273,-1.938,9.716
-1.01,-2.003,9.652
-1.125,-1.962,9.618
-1.132,-1.95,9.745
-1.28,-1.653,9.767
-1.0,-1.859,9.666
-1.113,-1.737,9.68
-1.053,-1.926,9.661
-1.079,-1.852,9.747
-1.115,-1.857,9.738
-1.081,-1.864,9.692
-1.184,-1.955,9.604
-1.141,-2.046,9.63
-1.029,-1.95,9.697
-0.991,-1.943,9.647
-0.979,-1.928,9.683
-1.223,-1.818,9.733
-1.074,-1.773,9.64
-1.151,-1.814,9.688
-1.184,-1.842,9.695
-1.192,-1.833,9.757
-1.05,-1.938,9.764
-1.129,-1.988,9.769
-1.115,-1.749,9.659
-1.01,-1.72,9.609
-1.146,-1.828,9.719
-1.239,-1.904,9.771
-1.163,-1.849,9.731
-1.0,-1.799,9.711
-0.998,-1.766,9.635
-1.122,-1.871,9.707
-1.17,-1.847,9.508
-0.677,-1.986,9.408
2.828,-3.012,9.07
-2.747,-1.869,10.357
-0.294,-1.689,10.145
-1.531,-2.015,9.759
-0.933,-1.888,9.082
-0.888,-1.665,9.417
-1.23,-1.732,9.889
-1.227,-1.845,9.924
-1.151,-1.83,9.74
-0.995,-1.823,9.597
-1.113,-1.835,9.601
-1.077,-1.761,9.671
-1.067,-1.773,9.905
-1.024,-1.797,9.781
-1.115,-1.878,9.664
-1.175,-1.948,9.597
-1.215,-1.948,9.647
-1.081,-1.933,9.633
-1.05,-1.964,9.661
-1.077,-1.912,9.731
-1.086,-1.909,9.68
-1.129,-1.921,9.668
-1.141,-1.914,9.764
-1.156,-1.852,9.735
-1.086,-1.766,9.69
-0.55,-0.914,9.64
-2.153,-1.936,9.857
-0.325,-1.596,9.702
-0.404,-2.567,9.422
-1.168,-2.208,9.762
-2.003,-2.12,9.893
-0.467,-1.904,9.513
-0.641,-2.247,9.683
-2.668,-2.163,10.023
-0.136,-1.634,9.704
-0.086,-1.991,9.257
-0.622,-2.309,9.613
-0.969,-2.474,9.678
-0.486,-2.273,9.735
-1.05,-2.357,9.616
-0.919,-2.144,9.618
-1.579,-2.28,9.386
-1.309,-2.134,9.398
-2.218,-1.804,9.728
-0.892,-2.548,9.532
0.132,-2.749,9.137
-1.108,-1.68,9.408
-1.993,-1.445,9.487
-0.806,-2.684,9.51
-2.287,-1.483,10.135
-2.347,-1.675,9.898
-1.452,-1.029,9.81
-2.0,-1.062,9.654
-1.682,-1.742,9.295
-1.412,-0.797,9.424
-2.146,-1.409,9.432
-1.9,-1.189,9.7
-1.79,-0.866,9.372
-2.122,-0.211,9.616
-2.455,-0.33,9.9
-1.565,-0.897,9.762
-2.084,-0.639,10.03
-1.845,0.239,9.903
-2.74,-0.457,9.841
-2.345,-1.11,9.719
-2.091,-0.605,9.532
-2.481,0.244,9.822
-1.488,-0.474,9.599
-1.969,-0.876,9.831
-1.275,-0.438,10.13
-0.557,0.677,9.905
-1.034,-0.266,9.381
2.823,1.156,9.439
1.409,0.665,9.908
0.711,1.16,10.097
-0.713,0.668,10.044
-0.866,0.792,10.501
-1.139,0.333,10.286
-1.254,0.165,10.032
-2.436,-0.366,10.142
-0.866,0.22,9.838
-1.27,0.479,9.774
-1.409,0.474,9.697
-1.34,0.203,9.872
-0.835,0.574,9.972
-1.05,0.467,9.771
-1.079,0.098,9.908
-1.175,0.074,9.85
-0.866,-0.055,9.896
-1.445,0.368,10.082
-1.608,-0.089,9.833
-1.117,-0.163,9.666
-1.239,-0.136,9.613
-0.95,0.206,9.573
-0.933,-0.409,9.819
-0.955,-0.45,9.877
-1.113,-0.435,9.922
-0.924,-0.4,9.831
-0.869,-0.447,9.81
-0.955,-0.591,9.798
-0.959,-0.514,9.841
-0.861,-0.51,9.831
-1.017,-0.562,9.822
-1.093,-0.589,9.793
-1.089,-0.61,9.85
-0.947,-0.378,9.838
-0.799,-0.505,9.893
-1.072,-0.498,9.889
-1.208,-0.541,9.908
-1.108,-0.601,9.819
-1.05,-0.672,9.824
-1.072,-0.62,9.927
-0.885,-0.833,9.762
-0.883,-0.751,9.716
-0.821,-0.639,9.74
-1.031,-0.605,9.845
-1.086,-0.572,9.972
-1.134,-0.586,9.877
-0.723,-0.584,9.726
-1.05,-0.687,9.781
-0.854,-0.699,9.719
-0.945,-0.794,9.793
-0.914,-0.861,9.814
-0.931,-0.775,9.881
-1.349,-0.715,9.939
-1.024,-1.046,9.609
-1.043,-0.713,9.664
-1.117,0.873,10.209
-1.29,-1.249,10.166
-0.778,-0.093,9.953
-0.926,-0.567,9.616
-0.785,-0.632,9.793
-0.498,-0.27,9.704
-1.201,-0.574,9.97
-1.486,-0.512,10.075
-1.347,-0.718,9.879
-1.227,-0.813,9.616
-1.194,-0.909,9.654
-1.041,-0.854,9.673
-1.029,-0.715,9.769
-1.041,-0.641,9.905
-0.988,-0.4,9.975
-0.89,-0.517,9.9
-0.88,-0.538,9.814
-0.787,-0.543,9.788
-1.019,-0.431,9.795
-1.215,-0.627,9.869
-1.239,-0.658,9.857
-0.916,-0.627,9.759
-0.799,-0.593,9.896
-0.711,-0.61,9.884
-0.744,-0.622,9.862
-0.646,-0.553,9.752
-0.964,-0.586,9.793
-0.912,-0.577,9.881
-0.957,-0.603,9.857
-1.211,-0.651,9.946
-0.94,-0.675,9.903
-0.823,-0.684,9.728
-0.849,-0.586,9.738
-1.541,-0.837,9.891
-1.799,-0.83,9.843
0.849,0.06,8.908
-0.924,-0.624,10.171
-0.914,-0.388,10.355
-0.928,-0.636,10.279
0.191,-0.249,9.86
-0.301,-0.687,9.554
-0.852,-0.976,9.743
-1.263,-0.742,10.094
-0.926,-0.617,9.991
-0.715,-0.517,9.695
-0.835,-0.397,9.747
-0.687,-0.481,9.786
-0.778,-0.483,9.838
-0.955,-0.574,9.879
-0.854,-0.608,9.783
-0.682,-0.672,9.783
-0.749,-0.682,9.831
-0.983,-0.543,10.061
-0.995,-0.66,9.881
-0.689,-0.62,9.795
-0.871,-0.699,9.831
-0.725,-0.629,9.891
-1.314,-0.768,10.034
-0.62,-0.613,9.752
-0.438,-0.83,9.616
-0.859,-0.821,9.695
-0.993,-0.947,9.85
-0.689,-0.802,9.908
-0.278,-0.67,9.979
-0.912,-0.947,9.929
-1.031,-0.979,9.898
-0.88,-0.797,9.891
-0.991,-0.641,10.066
-0.986,-0.361,9.51
-1.168,0.122,9.183
-1.182,0.223,9.233
-0.902,-0.373,10.317
-0.208,-0.385,11.082
0.156,-2.077,10.819
0.323,-2.579,9.623
-0.782,-3.319,8.927
-1.538,-2.871,8.719
-1.249,-1.73,8.951
-1.371,-0.534,9.412
-0.895,0.28,9.994
-0.833,0.813,10.295
-0.613,0.9,10.506
-0.182,0.529,10.427
-0.4,0.093,10.09
-0.636,-0.718,9.745
-0.67,-1.036,9.68
-0.79,-1.325,9.609
-0.837,-1.388,9.606
-1.165,-1.873,9.453
-1.333,-1.893,9.683
-1.091,-1.715,9.479
-0.979,-1.708,9.24
-0.479,-0.49,9.967
-0.691,-0.871,10.611
-0.22,-0.981,10.7
-0.72,-1.002,9.96
-0.952,-1.215,9.434
-1.168,-1.196,9.597
-0.624,-1.18,9.853
-0.263,-0.828,9.601
-0.505,-0.634,9.676
-0.682,-0.519,9.982
-0.581,-0.84,9.68
-0.036,-0.778,9.81
-0.632,-1.096,10.082
-0.684,-1.141,9.924
-0.06,-1.555,9.582
-0.651,-1.395,9.52
-0.873,-1.66,9.726
-1.156,-1.675,9.762
0.158,-1.5,9.271
-0.297,-0.758,10.221
-0.562,-1.11,10.13
-0.792,-0.993,9.51
-0.316,-0.435,9.216
-0.524,-0.33,10.032
-0.328,-0.976,11.02
-0.337,-0.89,10.759
-0.584,-1.125,9.597
-0.617,-1.079,8.936
-1.239,-1.565,9.494
-1.371,-3.051,9.649
-1.096,-2.326,9.238
-0.916,-1.605,8.819
-0.641,-1.369,9.178
-0.804,-1.325,9.482
-0.761,-1.431,10.35
-0.483,-2.938,9.566
0.835,-0.668,10.427
0.627,-0.543,10.422
-0.593,-1.732,9.939
-0.723,-1.165,9.623
-0.711,-1.302,9.601
-1.192,-1.893,9.539
-0.682,-2.254,9.532
-0.916,-2.204,9.513
0.086,-1.613,10.03
-0.201,-1.562,10.006
-0.725,-1.199,10.31
-0.292,-1.692,9.711
-0.108,-1.763,9.573
-0.672,-1.89,9.592
-0.656,-1.823,9.611
-1.117,-1.682,9.747
-1.18,-1.364,9.723
0.316,-1.005,9.039
-0.017,-1.433,10.118
-0.479,-1.081,10.29
-0.443,-1.83,9.573
-0.203,-2.299,9.42
-0.617,-2.184,9.47
-0.778,-2.117,9.599
-0.89,-1.773,9.747
0.486,-1.33,9.676
-0.345,-1.163,10.357
-0.51,-1.254,10.317
-0.574,-1.395,9.819
-0.56,-1.373,9.515
-0.51,-1.596,9.58
-1.089,-1.759,9.671
-0.835,-1.804,9.633
0.294,-1.172,9.477
-0.297,-1.014,10.381
-0.443,-1.175,10.47
-0.574,-1.759,9.872
-0.656,-1.579,9.405
-0.55,-1.883,9.305
-1.093,-2.072,9.566
-1.115,-1.94,9.728
0.366,-1.78,9.171
-0.538,-1.136,10.137
-0.531,-0.986,10.482
-0.62,-1.483,9.891
-0.648,-1.574,9.441
-0.543,-1.586,9.324
-1.218,-1.916,9.556
-1.093,-1.931,9.57
-1.668,-3.125,7.86
-0.065,-0.414,9.786
-0.632,-0.763,10.295
-0.29,-1.62,9.853
-0.706,-1.577,9.475
-0.514,-1.902,9.4
-0.955,-2.117,9.57
-1.22,-1.842,9.721
-0.885,-1.534,9.58
0.218,-0.55,10.145
-0.471,-1.058,10.408
-0.335,-1.182,10.293
-0.943,-1.66,9.36
-0.318,-1.876,9.427
-0.909,-2.144,9.597
-1.153,-1.907,9.58
-1.103,-1.881,9.484
0.603,-1.019,10.494
-0.337,-1.022,10.58
-0.476,-1.141,10.479
-1.249,-2.192,9.637
-0.546,-1.768,9.302
-0.675,-2.012,9.487
-0.878,-1.826,9.829
-0.955,-1.735,9.838
-0.718,-1.302,9.709
-0.613,-1.292,9.831
-0.596,-1.519,9.719
-0.806,-1.562,9.599
-0.557,-1.577,9.573
-0.294,-1.555,9.745
-0.77,-1.816,9.781
-0.624,-1.72,9.719
-0.495,-1.601,9.668
-0.857,-1.493,9.582
-0.679,-1.625,9.857
-0.679,-1.44,9.865
-0.593,-1.507,9.833
-1.199,-1.488,9.812
-1.074,-1.878,9.671
-0.888,-1.876,9.671
-0.969,-1.78,9.74
-0.811,-1.759,9.678
-0.694,-1.632,9.654
1.96,0.926,4.577
