-1.598,-2.113,8.216
-5.297,-0.345,10.669
-0.677,-1.902,10.101
-1.144,-2.283,9.838
-1.419,-1.78,9.822
-1.67,-0.883,10.058
-1.464,-1.902,10.078
-3.438,-0.395,9.508
-0.711,-3.452,9.8
-0.9,-1.715,9.482
-1.227,-1.426,10.145
-1.053,-1.512,10.106
-1.615,-1.366,9.587
-1.799,-1.349,11.446
-1.098,-3.01,9.597
-2.696,-1.081,10.372
-1.426,-1.132,11.432
-0.766,-0.144,9.281
-0.833,-0.354,10.305
0.541,-0.627,7.924
-2.256,-1.622,10.558
-1.077,-1.572,9.956
-0.924,-2.156,10.164
-1.503,-2.287,10.336
-1.337,-2.048,10.034
-0.849,-1.565,9.293
-1.517,-1.708,10.003
-1.041,-1.529,9.697
-1.464,-1.95,10.066
-1.538,-2.098,9.597
-1.235,-1.665,10.135
-1.33,-1.73,9.678
-2.493,-1.357,10.374
-1.098,-0.991,9.855
-1.201,-1.68,9.96
-1.275,-1.699,10.008
-1.314,-2.419,10.061
-2.33,-2.641,10.09
2.555,-1.168,9.975
-1.634,-1.505,10.465
-1.768,-2.539,11.638
-1.57,-0.665,9.824
-0.811,-1.713,9.896
-1.156,-2.163,10.192
-1.706,-1.838,10.568
-1.249,-1.811,9.836
-0.646,-1.395,9.475
-1.026,-1.821,9.867
-1.213,-1.955,9.793
-0.959,-1.787,9.884
-2.07,-1.957,10.166
-1.215,-1.857,9.869
-1.053,-1.61,9.826
-1.462,-1.651,9.862
-1.541,-1.5,10.061
-1.562,-1.692,9.869
-1.309,-1.651,9.786
-1.727,-1.854,10.011
-1.56,-1.761,9.915
-1.45,-1.471,10.075
-2.043,-1.916,9.817
-2.0,-1.73,9.924
-1.689,-1.448,9.855
-1.584,-1.692,9.826
-1.794,-1.916,9.841
-2.151,-1.979,9.91
-1.775,-1.598,9.812
-1.656,-1.392,9.843
-1.754,-1.639,9.994
-1.727,-1.637,9.881
-1.818,-1.727,9.843
-1.737,-1.55,9.86
-1.744,-1.483,9.999
-1.689,-1.534,9.75
-1.952,-1.613,9.999
-1.835,-1.56,9.795
-1.737,-1.519,10.03
-1.747,-1.5,9.881
-1.603,-1.361,9.735
-2.256,-1.457,9.994
-1.766,-1.402,9.896
-1.381,-1.833,9.824
-1.811,-1.842,9.812
-1.644,-1.653,9.85
-1.696,-1.136,9.867
-2.043,-1.723,10.078
-1.723,-1.715,9.788
-1.715,-1.732,9.891
-1.503,-1.902,9.987
-2.055,-1.572,9.963
-1.632,-1.515,9.668
-1.474,-1.491,9.719
-2.139,-1.553,9.831
-2.048,-1.361,10.212
-2.519,-1.168,9.967
-1.041,-1.452,9.408
-2.46,-0.66,9.233
-1.699,-1.708,10.049
-1.861,-1.629,9.783
-1.572,-1.95,9.755
-1.747,-2.046,9.857
-1.737,-1.682,9.845
-1.627,-1.78,9.671
-1.713,-1.701,9.958
-1.639,-1.562,9.944
-1.567,-1.696,9.752
-1.861,-1.51,9.908
-1.656,-1.852,9.819
-1.629,-1.646,9.771
-1.787,-1.89,9.932
-1.852,-1.821,9.719
-1.581,-1.842,9.891
-1.579,-1.945,9.824
-1.704,-1.639,9.877
-1.766,-1.45,9.86
-1.945,-1.799,9.814
-1.869,-1.948,9.843
-1.651,-2.23,10.061
-1.687,-2.134,9.822
-1.634,-2.043,9.75
-1.572,-1.577,9.891
-1.919,-1.584,9.908
-1.828,-1.847,9.786
-1.644,-1.768,9.932
-1.641,-1.452,9.778
-1.9,-1.505,9.822
-1.412,-1.792,9.917
-1.665,-1.785,9.889
-2.06,-1.952,10.008
-1.713,-1.646,9.733
-1.581,-1.287,9.704
-1.864,-2.409,9.999
-1.778,-1.625,9.776
-1.66,-1.622,9.857
-1.775,-1.948,9.733
-2.158,-2.05,9.69
-1.95,-1.962,9.831
-1.388,-1.921,12.599
-0.885,-1.593,10.267
-1.699,-1.129,9.355
-2.543,-1.586,9.932
-1.546,-1.852,9.728
-1.704,-1.893,9.831
-2.175,-1.95,9.85
-1.493,-1.581,9.853
-1.672,-1.431,9.824
-1.802,-1.699,9.927
-1.67,-1.902,9.822
-1.759,-2.113,9.8
-1.794,-1.948,9.85
-1.806,-1.809,9.879
-1.919,-1.919,9.793
-1.893,-2.139,9.664
-1.842,-1.885,9.778
-1.727,-1.828,9.664
-2.225,-2.165,9.965
-1.881,-2.055,9.857
-1.715,-2.094,9.745
-1.797,-2.048,9.642
-1.904,-2.072,9.915
-1.766,-1.845,9.733
-1.818,-1.809,9.822
-1.749,-1.78,9.817
-1.854,-1.95,9.8
-2.079,-2.137,9.542
-2.036,-2.182,9.929
-1.991,-1.873,9.802
-1.775,-1.653,9.85
-1.869,-1.869,9.843
-1.756,-1.914,9.719
-1.909,-2.165,9.709
-1.68,-2.134,9.518
-2.218,-2.601,9.549
-0.926,-1.756,15.021
-1.244,-2.417,10.362
-1.981,-1.751,10.166
-2.61,-3.134,8.099
-2.321,-2.474,9.795
-1.756,-2.278,9.494
-1.727,-1.871,9.776
-2.007,-2.139,9.934
-1.921,-2.019,9.659
-1.974,-2.213,9.673
-1.806,-2.512,9.757
-2.268,-2.718,9.912
-1.677,-1.983,9.606
-1.687,-1.995,10.011
-1.428,-1.995,9.491
-1.687,-2.287,9.656
-1.687,-2.491,9.912
-1.471,-2.409,9.74
-2.067,-2.163,9.814
-2.141,-2.007,10.044
-1.483,-1.888,9.633
-1.51,-2.046,9.652
-1.366,-2.29,9.551
-1.481,-2.235,9.58
-1.462,-2.637,9.625
-1.022,-2.897,9.982
-1.412,-2.17,9.833
-1.445,-2.149,9.865
-1.682,-1.926,9.934
-1.268,-2.335,9.91
-1.416,-2.024,9.755
-1.517,-2.175,9.853
-1.237,-2.35,9.683
-1.079,-2.144,9.738
-1.55,-2.058,9.814
-1.689,-1.775,9.903
-1.981,-1.5,10.054
-1.493,-1.483,9.767
-1.658,-1.95,10.015
-1.55,-2.302,9.929
-1.323,-2.515,9.752
-1.897,-1.775,10.054
-2.969,-1.94,10.243
-5.304,-1.644,9.685
0.414,-1.95,9.582
1.282,0.378,10.101
-3.572,-2.426,9.869
0.756,-3.706,10.145
-1.431,-2.225,10.415
-3.653,-2.462,9.812
-2.744,-0.787,9.917
-0.818,-1.486,9.661
-1.744,-2.027,10.025
-1.359,-1.9,9.8
-1.505,-1.907,9.891
-1.543,-1.689,9.922
-5.57,-0.423,10.061
-3.61,-2.067,9.745
-0.938,-3.242,10.338
-0.242,-3.869,9.819
-2.926,0.488,8.513
-2.988,-1.053,10.415
-1.225,-0.479,9.999
-1.177,-3.563,10.046
-1.414,-2.744,10.058
-0.51,-1.428,10.204
-0.871,-1.766,10.324
-0.73,-0.715,9.558
-1.902,-2.342,9.635
-0.873,-0.833,9.688
-0.187,-1.498,9.044
-1.668,-3.125,10.054
-2.541,-2.149,10.881
-1.864,-1.072,9.613
-1.031,0.297,9.999
-2.591,-2.78,10.491
-1.515,-4.221,9.07
-1.964,-1.861,9.137
-0.536,-1.89,8.51
0.041,-1.605,6.278
-0.773,2.725,16.119
-4.555,0.529,12.166
-2.646,-1.835,9.917
-1.759,-3.218,8.652
-2.096,-1.723,8.632
1.168,-2.129,6.343
-3.417,-1.51,11.324
-3.484,-0.706,10.025
-1.715,-1.823,9.767
11.771,-0.648,9.707
-0.115,-2.44,10.054
-2.005,-2.12,9.762
-1.653,-1.821,9.85
-1.125,-1.371,9.982
-1.675,-1.225,9.984
-1.433,-1.696,9.822
-1.323,-1.785,9.855
-1.404,-1.938,9.948
-1.244,-1.921,9.874
-1.392,-1.845,9.905
-1.412,-1.962,9.896
-1.938,-0.301,7.668
-0.151,0.244,12.346
-1.773,-5.398,10.807
-3.098,-2.56,11.188
-1.067,-0.794,9.69
-0.352,-0.766,9.869
-0.022,-1.751,9.956
-1.304,-2.993,9.896
-3.682,-1.964,10.161
-2.94,-0.455,9.527
-0.62,-0.935,9.633
-2.184,-1.725,9.759
-2.522,-2.278,9.747
-2.68,-2.409,9.843
-3.85,-2.216,9.656
-5.457,-3.651,10.013
-0.677,-1.861,10.156
1.546,-0.617,9.006
-0.045,0.11,9.317
-2.883,-0.067,9.75
-0.191,-0.61,8.975
-4.022,-2.742,11.592
-2.038,-2.297,9.104
-0.388,-1.785,9.75
-1.794,-1.9,9.991
-1.771,-1.948,9.865
-1.311,-1.83,9.771
-1.656,-1.68,9.948
-1.656,-1.861,9.922
-1.517,-1.938,9.819
-1.581,-1.854,9.862
-1.515,-1.735,9.92
-1.529,-1.79,9.857
-1.546,-1.897,9.862
-1.503,-1.983,9.798
-1.622,-1.866,9.838
-1.632,-1.61,9.91
-1.577,-1.596,9.872
-1.605,-1.854,9.845
-1.512,-2.031,9.848
-1.464,-1.909,9.824
-1.562,-1.811,9.872
-1.627,-1.648,9.884
-1.361,1.316,6.517
-2.378,-4.199,12.499
-1.239,-1.184,9.207
-1.268,-1.498,9.745
-1.381,-1.699,10.106
0.725,-1.904,9.585
-1.455,-2.0,10.666
-2.5,-1.383,10.302
-3.687,-1.854,9.769
-1.809,-1.448,10.13
-2.955,-0.407,9.446
-2.192,-1.153,9.838
-1.998,-1.613,9.621
-2.098,-1.648,9.625
-2.629,-1.775,9.915
-1.747,-2.519,9.917
-1.148,-1.397,9.688
-1.208,-1.574,10.042
-1.125,-0.627,9.958
-1.581,-0.955,9.451
-1.809,-2.728,9.967
-1.854,-1.665,9.92
-1.002,-1.01,9.865
-1.189,-1.706,9.853
-1.991,-0.73,10.329
-1.668,-0.763,9.91
-1.684,-2.149,10.092
-1.948,-1.225,10.386
-2.467,-6.431,8.994
-2.247,-1.816,6.089
-2.658,-11.372,8.152
-2.622,-6.379,8.254
-2.771,-3.649,10.444
-2.187,-2.034,9.994
-1.596,-1.132,9.781
-2.115,-1.105,9.522
-2.089,-1.536,9.841
-1.404,-2.371,9.668
-0.902,-2.086,9.953
-2.249,-2.225,9.781
-3.4,-1.227,9.568
-2.385,-0.964,9.872
-1.591,-1.864,9.879
-3.146,-1.39,9.348
-3.402,-0.239,8.85
-3.713,-1.72,9.685
-3.228,-0.519,10.57
-2.718,-1.56,10.001
-3.094,-1.263,9.494
-2.795,-1.261,9.453
-2.436,-1.404,9.881
-3.345,-1.926,9.604
-3.278,-1.0,9.219
-2.285,-1.392,9.343
-2.68,-1.089,9.35
-2.95,-2.763,9.862
-3.728,-1.613,9.838
-2.89,-0.601,9.07
-3.244,-1.05,9.633
-3.213,-0.022,9.41
-2.792,-0.505,9.63
-2.275,-3.366,9.836
-2.742,-2.268,9.623
-2.828,-0.924,9.755
-2.854,-1.534,9.898
-2.711,-1.414,9.621
-2.639,-1.424,9.573
-2.885,-1.512,9.558
-3.218,-1.926,9.781
-2.448,-2.05,9.781
-2.149,-0.866,9.211
-2.826,-1.596,9.604
-2.421,-0.806,9.81
-2.254,-1.371,9.836
-2.472,-2.785,9.781
-2.483,-1.823,9.628
-2.986,-5.201,9.345
-0.263,6.871,10.484
-1.256,5.632,9.173
-2.921,-1.227,8.4
-2.314,-1.567,10.429
-1.904,-2.464,9.956
-1.94,-1.043,9.558
-2.149,-0.132,9.606
-2.601,-1.632,10.46
-2.512,-1.5,9.487
-2.589,-2.85,9.769
-2.101,-2.072,9.446
-2.761,-1.165,9.652
-2.718,-1.27,9.843
-3.127,-1.574,9.817
-2.44,-1.254,9.719
-2.175,-0.72,9.506
-3.134,-1.125,9.81
-3.141,-1.912,9.965
-1.845,-1.747,9.695
-2.692,-1.756,9.814
-2.649,-1.983,9.948
-3.247,-1.749,10.092
-2.842,-1.357,9.778
-3.601,-1.318,8.711
-4.108,-1.84,9.848
-2.338,-2.23,10.197
-0.163,-1.297,9.329
-0.304,-0.885,9.487
-3.139,-2.149,10.08
-1.739,-1.759,9.656
-2.108,-1.493,9.853
-2.156,-1.5,9.836
-2.129,-1.479,9.795
-2.055,-1.699,9.757
-2.125,-1.895,9.767
-2.149,-1.72,9.814
-2.046,-1.483,9.731
-2.089,-1.34,9.838
-2.132,-1.503,9.795
-2.17,-1.572,9.819
-2.144,-1.426,9.853
-2.007,-1.426,9.819
-2.077,-1.751,9.838
-2.038,-1.665,9.798
-2.012,-1.462,9.81
-2.036,-1.227,9.855
-2.256,-1.333,9.881
-2.077,-1.553,9.819
-2.015,-1.713,9.819
-1.979,-1.701,9.781
-2.029,-1.596,9.781
-2.077,-1.455,9.793
-2.11,-1.488,9.862
-2.07,-1.586,9.793
-2.115,-1.684,9.862
-2.177,-1.955,10.922
-2.345,-3.563,12.949
-2.835,-7.441,12.37
-1.912,1.304,13.185
-1.005,7.482,9.735
-1.407,1.928,6.214
-2.481,-8.331,7.594
-3.079,-10.35,11.358
-1.94,-1.153,11.039
-1.854,-1.775,9.53
-2.003,-1.768,9.745
-2.065,-2.022,9.841
-1.971,-1.804,9.788
-1.957,-1.625,9.814
-2.005,-1.601,9.862
-2.086,-1.704,9.81
-2.017,-1.924,9.752
-2.029,-1.826,9.81
-2.01,-1.515,9.831
-2.038,-1.419,9.86
-2.103,-1.534,9.819
-2.041,-1.744,9.836
-2.022,-1.806,9.8
-2.029,-1.838,9.795
-2.024,-1.579,9.869
-2.041,-1.309,9.903
-2.041,-1.323,9.812
-2.058,-1.395,9.879
-2.041,-1.538,9.865
-2.012,-1.562,9.776
-1.986,-1.503,9.81
-2.101,-1.392,9.879
-2.082,-1.314,9.795
-2.06,-1.488,9.838
-2.053,-1.457,9.958
-1.9,-1.321,9.81
-1.967,-1.572,9.68
-2.129,-1.524,9.889
-2.094,-1.397,9.865
-1.952,-1.397,9.822
-2.11,-1.275,9.819
-2.249,-1.605,9.812
-2.168,-1.689,9.922
-1.931,-1.395,9.807
-1.893,-1.261,9.743
-2.105,-1.357,9.774
-2.218,-1.414,9.896
-2.055,-1.302,9.841
-1.988,-1.294,9.874
-2.115,-1.491,9.91
-2.072,-1.536,9.769
-2.019,-1.574,9.848
-1.986,-1.488,9.853
-2.072,-1.445,9.841
-2.163,-1.479,9.908
-2.058,-1.424,9.865
-1.919,-1.328,9.781
-2.017,-1.615,9.833
-2.048,-1.629,9.812
-1.909,-1.522,9.886
-1.957,-1.34,9.872
-2.084,-1.416,9.893
-2.115,-1.467,9.845
-2.072,-1.464,9.881
-1.988,-1.421,9.867
-1.933,-1.397,9.783
-2.067,-1.503,9.774
-2.115,-1.548,9.92
-1.933,-1.452,9.903
-1.981,-1.464,10.085
-2.036,-1.467,9.922
-2.141,-1.457,9.709
-1.926,-1.335,9.68
-1.457,-0.912,10.118
-1.519,-1.469,10.353
-1.27,-1.218,11.58
-2.711,-0.701,10.867
-0.624,-1.06,11.867
0.258,-1.67,11.396
-0.124,-2.665,11.061
-1.448,-3.886,10.652
-2.445,-4.706,9.764
-2.414,-4.895,10.051
-0.746,-4.615,8.647
-0.213,-5.431,7.501
-0.292,-7.008,7.439
-0.522,-7.23,7.797
-0.433,-5.142,7.594
-0.129,-4.24,7.728
-0.347,-4.225,8.087
-1.065,-4.101,8.25
-0.727,-3.862,8.077
-1.639,-3.469,8.405
-2.462,-3.929,8.97
-1.859,-4.122,8.786
-1.639,-4.587,8.886
-1.814,-4.596,8.357
-1.794,-4.055,7.967
-2.227,-3.338,8.379
-3.314,-2.428,8.374
-3.704,-1.448,8.144
-3.582,-0.459,8.041
-3.953,0.177,8.013
-4.474,0.112,8.431
-4.381,-0.115,8.324
-4.185,-0.17,8.635
-4.005,0.474,8.51
-4.06,1.275,8.982
-3.914,2.015,8.855
-3.287,1.515,8.63
-2.797,0.596,9.264
-2.141,0.749,9.57
-2.024,1.519,10.032
-1.895,2.388,9.649
-1.534,3.146,9.752
-0.991,3.268,10.855
-0.352,3.34,10.657
-0.4,3.211,10.372
-0.419,3.591,10.642
-0.134,3.689,11.932
0.144,3.333,12.14
-0.067,2.548,11.511
0.12,1.424,10.049
0.828,1.488,10.996
0.988,2.115,12.276
1.079,2.567,11.554
-1.038,2.06,10.338
-1.022,1.802,9.286
0.177,2.12,10.889
0.931,2.182,12.138
1.213,2.438,11.221
-0.17,1.105,10.992
-0.232,2.29,11.013
-0.053,4.309,12.772
0.653,4.436,12.494
0.242,2.785,11.597
-0.885,1.376,10.322
-1.244,0.273,9.956
-1.302,0.074,9.288
-1.129,1.589,10.013
-1.424,2.979,11.154
-0.883,1.038,10.08
-1.866,-1.251,9.563
-0.962,-1.455,9.467
-0.636,-0.483,9.522
-0.754,1.098,9.733
-1.177,1.349,9.288
-1.481,1.266,9.204
-1.125,1.081,8.821
-1.56,1.158,8.704
-2.12,1.452,8.884
-2.271,1.445,9.221
-2.027,1.55,9.575
-2.022,1.342,9.723
-1.821,1.23,10.023
-1.893,1.014,10.283
-1.991,0.902,10.874
-0.775,0.266,11.348
-1.72,0.428,10.372
-1.471,-3.878,14.298
-1.053,-0.94,10.202
-0.194,-2.311,11.862
2.503,-1.392,10.611
-0.412,-2.256,11.702
1.62,-1.459,10.001
1.4,-1.826,9.417
1.613,-1.598,8.152
0.77,-1.414,6.187
1.321,-0.737,7.13
2.656,-0.543,7.573
0.976,-0.368,7.635
0.902,0.053,7.044
0.706,0.258,7.096
1.007,0.574,8.735
2.273,0.455,8.537
2.058,0.278,6.9
2.517,2.483,5.96
2.486,4.189,5.735
2.902,6.74,5.979
2.158,7.001,5.321
3.12,6.697,6.005
4.472,6.137,5.505
5.675,6.809,5.764
4.591,6.453,5.711
6.015,6.611,5.618
5.307,7.202,5.319
6.632,7.721,6.474
7.391,6.929,6.381
6.649,7.003,5.685
7.003,6.96,6.302
7.735,8.08,6.321
8.216,9.25,5.548
9.08,9.451,4.855
7.673,8.841,4.68
7.049,8.027,4.398
8.355,8.463,3.579
5.936,10.673,4.993
6.979,10.19,3.821
7.017,10.341,3.192
5.953,10.582,2.814
3.139,10.606,3.472
4.4,10.097,3.888
5.907,9.53,2.012
6.415,8.881,2.981
5.955,8.896,2.885
4.831,8.867,3.036
7.247,9.247,1.916
5.178,9.434,0.596
4.955,9.377,0.694
4.043,9.262,0.821
3.307,9.534,0.55
2.96,9.886,0.785
2.909,10.46,1.005
1.256,10.238,1.275
2.287,9.826,1.536
2.0,9.932,1.756
1.787,9.838,2.199
0.979,9.97,2.854
0.691,9.831,3.278
0.304,9.781,3.747
-0.043,9.302,4.094
-0.156,8.762,4.606
-0.407,8.209,4.809
-1.192,7.998,5.541
-1.385,7.915,6.644
0.211,7.934,7.118
-1.986,8.14,7.661
-2.206,7.194,6.8
-1.904,6.123,6.036
-1.584,4.378,7.104
-1.239,3.56,8.085
-0.73,4.127,7.838
-1.34,4.845,8.049
-1.62,4.276,8.422
-0.524,3.775,8.733
0.172,3.005,9.058
-1.266,1.041,9.609
0.165,1.653,9.956
-0.627,4.642,10.688
0.06,4.756,10.235
0.359,3.486,9.836
0.546,1.936,9.288
-1.392,0.373,9.056
-5.316,0.256,10.42
-7.293,-0.392,10.989
-0.641,-0.943,11.018
-4.828,-0.196,9.771
-2.873,2.627,10.056
-3.522,1.113,6.936
-6.398,-2.675,9.841
-6.745,-0.534,12.391
-4.498,0.768,11.855
-6.348,-1.242,11.303
-6.589,-1.471,11.238
-6.391,-1.632,10.86
-3.534,-2.981,10.664
-6.534,-3.598,8.405
-5.0,-2.917,6.288
-6.615,-0.244,7.809
-1.689,2.555,10.594
-0.057,0.947,12.401
0.325,3.768,11.817
2.574,4.268,12.049
1.28,0.452,8.379
-0.802,-0.206,10.07
-0.493,1.732,9.185
1.117,2.601,10.252
0.301,3.433,9.149
0.112,2.74,9.204
-0.266,2.984,8.4
-0.105,3.273,11.401
-0.969,1.955,10.334
-0.61,2.294,8.69
-1.034,1.357,9.721
-1.596,2.031,8.984
0.907,5.453,9.137
0.294,1.775,10.609
-1.036,0.703,10.779
-1.268,2.263,9.635
-2.44,2.113,10.862
-0.79,2.859,11.281
0.115,3.077,9.707
-0.959,0.921,10.762
-0.036,2.952,10.499
-0.842,1.361,10.934
-1.323,2.806,9.917
-0.713,2.11,9.647
-0.213,1.605,10.025
-0.163,2.321,10.448
-0.811,0.763,9.453
-0.526,2.046,10.07
-1.019,2.005,9.704
-0.88,1.756,10.64
-0.663,1.275,10.81
-0.203,1.392,9.979
-0.318,1.751,9.932
-1.069,1.883,10.558
-0.423,1.641,10.637
0.335,1.648,10.123
0.105,0.617,10.214
-0.543,1.235,10.128
-0.256,1.9,9.69
-0.096,2.17,10.408
-0.4,0.763,9.778
-1.328,0.732,9.989
-0.993,1.486,9.893
-0.258,2.716,10.295
-0.481,1.916,10.439
-0.213,0.634,9.979
-0.206,-0.732,10.051
-0.962,-0.557,11.37
-0.27,2.637,11.051
-0.223,2.388,10.451
1.058,-2.206,8.199
2.089,-7.063,7.934
0.959,-9.489,12.228
2.646,-6.692,11.13
0.84,-5.077,10.735
1.648,-7.86,9.688
2.83,-7.752,7.79
3.115,-5.41,5.847
3.098,-5.099,6.359
5.101,-5.228,7.75
2.024,-4.29,7.888
1.495,-2.019,6.807
3.146,-3.854,4.154
5.446,-5.881,1.072
7.044,-6.671,1.476
6.261,-4.321,3.153
5.455,2.062,2.577
6.9,7.178,0.242
5.084,13.401,1.976
7.405,19.22,7.905
14.274,18.641,13.068
12.011,16.341,4.457
8.786,16.872,4.618
8.991,17.471,2.369
11.245,23.39,8.032
17.442,18.121,14.497
9.544,13.774,5.278
8.321,6.374,1.28
5.704,4.79,-5.345
10.118,5.702,-10.185
13.085,3.342,-11.429
12.827,1.759,-11.058
15.236,3.941,-11.03
14.566,-7.532,3.058
28.35,-7.575,11.649
35.647,15.525,1.684
24.333,17.619,30.692
19.488,15.174,20.55
20.954,15.868,4.441
12.944,8.874,6.68
6.881,11.047,-1.9
13.023,4.737,-2.369
7.395,2.397,0.0
5.8,2.05,-6.505
5.57,-6.206,-3.819
5.953,-5.51,-6.053
2.826,-0.44,-7.716
3.292,3.553,-3.929
-2.187,2.23,-4.677
4.656,1.684,-9.487
4.9,-0.502,-9.778
2.457,-2.728,-7.541
2.517,-2.335,-5.472
1.771,-2.866,-5.24
1.847,-5.012,-5.785
-1.529,-5.859,-5.453
4.132,-6.879,-7.194
1.333,-5.261,-5.993
1.656,-3.993,-8.472
1.888,-3.237,-9.13
0.964,-3.761,-7.797
-0.471,-3.737,-7.616
0.156,-2.979,-8.953
1.83,-3.146,-7.376
0.249,-4.811,-8.085
1.067,-4.8,-8.673
0.038,-5.089,-7.017
0.809,-5.024,-8.611
0.885,-5.646,-6.302
0.895,-4.881,-7.29
1.538,-5.051,-8.166
2.019,-5.491,-7.36
1.125,-5.946,-5.524
1.651,-5.682,-6.34
1.266,-5.721,-6.486
2.06,-6.826,-7.017
1.706,-6.534,-6.673
0.967,-6.632,-6.651
1.323,-6.934,-6.907
2.029,-6.754,-7.484
1.928,-6.9,-6.474
0.89,-7.805,-7.484
4.929,-8.484,-7.984
3.902,-8.113,-7.972
0.323,-8.106,-5.673
1.431,-7.494,-6.431
2.244,-6.845,-6.587
1.845,-6.216,-5.713
1.735,-5.513,-6.12
2.007,-6.214,-6.544
2.091,-6.991,-6.142
0.876,-6.632,-5.833
1.495,-6.735,-6.52
2.017,-6.352,-6.235
1.629,-6.022,-6.9
1.294,-6.072,-5.74
1.378,-5.218,-5.905
4.938,-5.687,-6.692
2.412,-5.398,-6.206
2.723,-5.309,-6.429
2.208,-5.467,-6.627
0.947,-5.278,-6.503
3.522,-5.108,-7.104
4.149,-5.132,-7.003
5.386,-5.146,-7.376
4.658,-6.12,-8.317
4.424,-5.694,-8.388
4.063,-4.955,-7.628
4.938,-4.347,-6.532
4.63,-3.63,-6.639
5.551,-3.115,-7.558
5.048,-2.869,-7.25
5.795,-3.546,-7.039
6.577,-3.768,-6.517
6.63,-3.369,-7.247
6.761,-3.46,-7.876
6.417,-3.838,-6.965
6.759,-2.988,-6.462
6.795,-2.412,-6.017
6.711,-2.677,-5.553
6.886,-2.091,-5.979
6.082,-2.857,-5.783
6.371,-1.22,-5.393
6.63,-1.074,-5.379
7.716,-0.179,-5.907
6.233,-1.239,-4.67
5.209,-1.165,-5.548
5.52,-0.644,-4.737
6.982,0.144,-3.673
6.699,0.773,-4.055
7.867,2.086,-4.627
7.673,1.18,-5.465
7.479,1.39,-5.572
8.405,1.78,-6.063
7.797,0.651,-5.747
7.156,0.833,-5.175
6.369,1.302,-5.974
6.474,1.694,-4.632
6.74,3.201,-4.122
7.01,3.546,-5.022
7.173,4.512,-4.845
5.979,4.871,-4.364
7.407,4.558,-5.209
6.752,5.151,-4.553
5.044,6.458,-5.46
4.546,7.206,-5.536
2.603,7.087,-6.979
0.187,6.912,-6.759
-0.419,8.24,-8.082
1.907,10.137,-7.996
2.163,10.025,-8.281
1.457,9.558,-7.702
-0.041,8.57,-7.759
1.553,9.283,-7.764
16.466,12.276,-11.831
-0.577,10.377,-5.914
-1.132,9.305,-5.077
-2.522,9.728,-4.027
-2.256,9.975,-4.692
-3.196,8.824,-4.175
-4.632,8.979,-2.833
-5.977,10.013,-2.029
20.911,12.006,-2.505
-6.883,10.274,-0.139
-5.759,8.125,1.014
-6.608,7.924,1.531
-5.654,8.293,2.991
-5.094,8.989,3.687
-5.962,6.57,5.556
-6.381,4.529,6.565
-5.556,3.881,7.388
-6.647,3.9,9.226
-6.257,5.123,9.367
-6.197,4.091,8.575
-5.912,1.421,8.479
-5.938,1.419,6.95
-8.015,4.429,8.254
-7.017,6.821,8.427
-6.336,7.79,9.233
-3.189,4.529,7.541
-2.627,0.242,7.072
-3.744,-2.505,7.099
-1.495,-2.227,7.57
-0.086,-0.818,6.58
0.158,-0.876,6.929
0.321,-2.256,7.032
1.074,-1.507,7.407
0.799,-1.182,7.855
-0.201,-2.101,7.879
-1.522,-3.287,7.797
-2.103,-4.563,9.508
0.215,-2.495,11.264
0.156,-2.041,9.188
1.816,-1.529,9.415
2.567,-2.641,7.376
1.12,-5.479,6.295
1.113,-7.376,6.781
1.495,-4.515,6.948
2.649,-0.639,5.168
6.534,-0.567,4.455
5.441,-5.3,5.343
11.721,-7.034,6.412
4.388,-4.323,6.144
10.166,1.357,5.637
12.985,4.055,6.589
10.762,0.641,5.469
10.927,1.936,7.75
12.437,2.036,9.245
10.81,-0.354,7.57
10.381,3.24,7.324
10.389,11.702,6.716
14.001,14.499,7.194
10.446,6.84,6.345
11.539,7.254,1.486
9.948,11.721,3.06
10.262,18.258,5.852
7.154,18.619,8.936
1.775,14.657,4.823
6.747,13.025,-1.742
4.622,11.972,5.448
0.596,10.348,9.427
7.678,10.051,4.948
10.592,10.121,0.613
6.099,10.767,3.658
2.775,9.283,0.218
-2.117,11.025,3.486
3.524,9.64,1.067
-1.627,12.133,0.165
-3.929,13.793,6.338
-0.476,11.027,0.828
-7.154,15.425,-2.991
-0.699,17.308,-0.041
-0.727,11.695,1.476
-1.388,10.841,4.087
-1.529,13.054,3.278
-2.33,11.582,1.706
-2.656,8.551,-0.888
-1.864,4.706,0.285
-2.438,3.96,3.287
-4.481,4.874,4.256
-4.756,7.149,4.472
-5.099,8.092,3.613
-4.644,4.699,3.455
-4.532,3.634,2.405
-6.127,3.156,1.323
-7.582,5.379,1.481
-7.393,5.845,1.421
-3.118,5.713,-0.067
-4.505,5.835,0.761
-3.232,6.711,1.196
-2.737,7.125,-0.254
-3.701,6.795,-1.452
-3.055,7.654,-0.335
-1.687,10.302,1.436
-1.184,11.616,2.163
-1.902,7.843,2.405
-1.565,5.111,2.572
-2.378,8.125,3.756
-3.687,10.8,4.63
-2.495,12.238,4.651
-2.11,11.535,4.182
-2.232,9.393,5.587
-2.271,7.209,6.541
-0.847,7.209,5.814
-0.014,8.446,5.335
-0.005,9.18,4.644
-1.258,8.352,5.824
-1.873,9.054,7.226
-2.854,9.544,8.106
-2.342,8.671,7.101
-2.806,8.441,6.553
-1.553,7.64,6.319
-0.045,7.238,6.541
-0.543,6.816,7.714
-0.833,6.953,8.374
-1.952,6.632,8.163
-1.916,6.355,7.807
-1.969,5.113,7.458
-2.366,4.859,7.943
-1.742,6.068,8.716
-1.653,6.19,8.546
-1.567,6.036,8.312
-1.632,5.852,8.257
-2.18,5.527,8.91
-3.775,6.142,9.295
-2.637,5.601,9.611
-2.376,4.536,9.176
-2.206,4.017,8.936
-2.225,3.871,8.967
-1.79,4.031,8.874
-1.926,4.194,8.888
-2.479,3.249,9.501
-2.321,3.768,9.582
-1.445,3.493,9.221
-3.443,3.522,9.587
-2.235,3.077,9.173
-3.637,2.909,9.597
-3.436,3.321,10.317
-3.005,3.338,10.341
-3.271,2.821,10.08
-3.716,1.744,9.893
-2.713,1.816,9.912
-2.055,2.105,10.03
-1.885,1.354,10.314
-1.273,0.323,10.302
-2.283,-1.632,10.508
-1.175,-1.641,10.281
-0.847,-2.165,9.774
-1.739,-3.223,9.513
-2.268,-3.546,8.69
-1.328,-3.4,8.661
-0.153,-3.244,8.977
0.299,-2.785,9.499
-0.215,-2.842,9.408
-1.239,-2.996,8.362
0.833,-3.728,7.666
2.548,-5.326,7.486
2.268,-5.759,8.329
2.46,-4.462,8.041
2.967,-2.314,7.104
3.424,-1.615,5.352
3.455,-3.455,2.251
3.019,-7.773,1.311
4.933,-3.713,0.572
7.57,3.893,1.885
23.687,4.658,-3.682
5.084,0.715,5.702
7.826,-5.417,6.611
9.664,-11.2,5.108
10.018,-6.915,4.146
12.961,-1.701,-3.735
16.049,17.466,-4.919
22.698,16.265,7.747
15.174,6.276,3.397
15.662,13.707,4.687
14.217,21.131,6.996
11.587,17.04,1.12
9.609,17.786,7.692
9.654,9.271,-0.211
21.49,3.637,3.811
5.434,8.812,6.194
8.484,17.15,3.4
15.432,11.752,1.134
1.809,9.195,-2.51
-0.328,4.685,7.094
-1.347,10.374,9.185
2.835,14.616,5.166
3.926,17.183,0.304
-5.213,13.803,1.215
-2.414,10.551,9.168
1.491,14.171,-1.838
1.56,12.626,-3.828
1.187,11.03,-4.015
0.809,-7.029,7.297
2.596,-4.089,4.969
4.778,-2.847,2.251
5.766,0.012,-0.007
5.345,-1.847,0.928
6.501,-5.161,1.735
7.127,-4.381,4.816
8.259,1.668,3.883
9.874,6.185,-1.206
5.845,-2.804,3.993
3.838,-4.663,6.307
17.052,-5.058,3.206
21.404,9.633,0.412
24.17,12.106,2.015
20.002,3.531,1.763
18.392,17.322,2.259
14.724,24.301,10.702
16.815,24.395,7.417
8.805,18.72,9.178
10.513,13.97,-0.227
8.52,13.243,-2.754
7.386,16.822,10.159
2.558,13.36,15.734
0.165,13.164,6.441
13.056,17.889,3.708
8.525,4.134,6.907
0.512,0.971,10.977
-3.541,15.444,5.292
-5.199,15.573,0.012
3.271,9.508,3.761
-0.507,6.575,2.814
-7.053,21.414,-4.132
-5.125,16.509,-5.675
-2.744,9.161,-1.833
1.644,8.85,4.34
1.196,9.396,1.816
-1.034,10.121,-2.534
4.142,5.929,-1.194
-7.537,1.842,3.216
-1.321,4.89,1.254
-4.393,3.823,1.361
-5.728,4.773,0.828
-3.747,6.46,0.519
-6.264,7.159,-0.108
-5.912,7.8,0.706
-4.658,7.568,-0.258
-3.677,7.171,-1.438
-3.799,7.261,-1.9
-1.622,7.886,-1.426
-1.73,7.441,-2.247
-1.73,7.556,-3.266
-1.024,7.364,-2.608
-2.495,7.441,-2.216
-3.498,5.338,-3.103
-4.649,4.386,-3.046
-5.34,4.95,-1.957
-3.78,5.601,-2.015
-0.402,7.86,-1.328
2.412,9.963,-0.802
0.883,11.171,0.818
-1.677,11.245,0.746
-2.809,10.362,1.235
-1.369,10.546,1.756
0.175,11.216,2.763
0.306,11.142,4.675
0.553,11.3,4.005
1.706,11.061,3.06
2.048,9.845,2.984
2.309,9.81,3.919
2.383,9.853,3.89
1.235,10.453,4.766
0.103,11.008,5.556
-0.077,10.936,5.74
0.23,10.984,5.989
0.557,10.374,5.608
0.4,10.436,5.474
2.359,9.69,5.065
1.024,9.089,5.072
0.947,8.628,5.41
0.342,9.063,5.692
0.234,9.711,5.867
-0.007,9.577,6.429
-0.323,9.496,5.969
-0.158,9.245,6.214
-0.598,9.166,7.049
-0.328,8.664,6.936
-0.474,8.57,6.68
-0.225,8.331,6.46
-0.122,8.305,6.553
-0.297,8.08,7.07
-0.282,7.874,6.635
-0.292,7.991,6.501
-0.49,8.228,6.958
-0.328,8.317,7.651
-0.096,8.008,7.919
-0.646,7.577,7.793
-0.285,6.867,7.422
-0.033,7.166,8.419
-0.27,7.154,9.049
-0.383,7.501,8.709
0.385,7.288,8.281
-0.246,6.556,7.936
-0.318,5.912,8.4
-0.323,5.826,8.532
-0.244,5.922,8.917
-0.179,5.867,8.431
-0.115,5.154,8.953
-0.452,5.139,8.821
-0.766,4.161,9.001
-0.591,3.493,9.006
-0.345,2.773,9.085
0.038,2.95,9.635
-0.754,2.96,8.905
-0.952,2.216,9.577
-1.17,1.433,9.534
-1.237,0.912,10.47
-0.878,0.816,9.826
-1.806,1.089,10.494
-1.593,1.062,10.348
-1.859,0.519,9.673
-2.086,-0.438,9.269
-1.459,0.244,9.357
-1.371,0.55,9.69
-1.852,0.459,9.396
-1.646,-0.502,9.953
-1.16,-0.653,10.477
-1.17,-1.01,10.166
-1.371,-0.66,9.989
-1.507,-0.651,9.764
-1.232,-1.211,9.924
-1.5,-1.436,9.996
-1.62,-1.835,9.75
-2.046,-1.847,9.812
-1.797,-1.517,9.979
-1.751,-1.22,10.109
-1.359,-1.244,9.996
-1.256,-2.168,9.374
-1.44,-4.426,8.807
-1.048,-4.359,9.013
0.251,-4.443,9.288
-0.254,-4.199,8.546
0.907,-3.424,8.927
0.345,-3.673,7.436
0.569,-5.582,6.462
1.113,-7.52,7.953
1.883,-7.522,7.4
2.639,-4.311,6.678
3.938,1.026,4.06
3.089,2.18,3.637
2.735,-4.065,5.199
3.395,-9.051,5.266
4.127,-8.204,5.704
10.393,-1.165,2.316
10.202,1.007,1.615
11.568,0.256,3.072
13.439,0.562,1.687
17.404,3.108,3.433
12.659,-1.067,3.558
16.21,4.187,2.053
5.111,16.461,3.893
16.064,13.592,5.075
15.458,15.358,5.778
18.861,11.987,9.264
8.826,16.406,3.974
16.707,12.449,7.386
11.824,9.532,3.572
8.039,14.434,6.551
9.111,13.185,2.003
3.067,6.202,0.366
11.221,3.594,3.163
4.768,10.936,5.998
7.393,15.717,2.519
3.051,19.05,5.17
3.189,16.081,11.762
-0.323,12.932,6.618
1.254,12.566,-0.526
-1.625,10.477,-1.132
-4.615,9.25,-4.847
-2.053,12.987,0.459
0.069,15.791,-1.462
1.895,13.922,-3.366
-0.285,10.391,-2.239
-0.512,11.207,-2.094
-1.909,10.503,0.395
-0.935,11.307,0.22
-1.06,10.279,0.84
-1.893,7.111,1.117
-5.328,3.515,1.476
-3.517,-0.172,3.232
-5.615,2.761,2.517
-5.216,5.716,1.601
-3.869,5.245,0.522
-2.795,4.867,1.022
-3.094,6.424,0.421
-2.498,7.898,-0.278
-3.309,7.728,-1.696
-2.821,7.577,-2.61
-1.448,7.498,-0.998
-1.359,7.465,-1.562
-1.639,7.094,-2.534
-1.936,7.388,-2.696
-2.428,7.532,-2.457
-3.4,7.331,-0.557
-3.634,7.814,-0.354
-3.113,8.111,-0.919
-1.474,8.943,-0.809
0.002,11.106,0.316
0.857,12.444,2.606
-0.526,9.802,3.575
0.23,8.006,2.146
-0.368,7.3,1.689
0.998,8.9,2.708
2.503,10.623,5.728
2.01,10.377,4.998
2.658,10.003,3.007
2.716,9.786,2.306
3.158,11.02,2.692
2.713,11.432,3.993
1.83,11.501,4.802
1.146,10.501,5.618
1.361,10.235,5.989
2.015,10.52,7.029
2.481,10.176,6.484
1.814,9.147,5.845
0.878,9.204,5.355
0.56,8.929,4.972
1.081,8.898,5.917
1.878,9.221,6.202
1.567,9.455,6.678
0.931,9.432,6.194
-0.555,8.972,6.02
0.29,8.606,6.235
0.589,8.857,7.584
0.409,8.673,6.934
0.163,8.41,6.663
0.5,8.539,7.056
0.813,8.723,7.264
-0.002,9.054,7.508
0.416,8.687,6.965
0.0,7.939,5.977
0.12,7.417,6.601
-0.024,8.111,7.285
-0.163,8.324,7.558
-0.213,8.073,7.522
-0.457,7.544,7.183
-0.579,7.58,7.199
-0.022,8.034,7.663
0.325,8.195,7.728
1.046,6.996,7.75
-0.122,7.666,7.486
-0.404,7.108,7.515
-0.462,6.57,7.668
-0.371,5.745,7.85
-0.763,5.979,7.462
-0.632,5.424,7.807
-1.18,5.448,8.41
-0.622,5.19,8.685
0.711,5.13,8.659
-1.383,4.859,8.967
-1.62,3.895,9.046
-0.636,3.491,9.046
-1.103,2.943,9.546
-1.318,2.464,10.092
-1.443,2.481,9.568
-1.287,1.515,9.156
-1.086,1.258,9.149
-0.974,1.522,9.704
-1.433,2.062,9.769
-1.366,1.395,10.042
-1.833,0.254,9.199
-1.845,-0.16,8.876
-0.512,-0.177,9.487
-1.225,-0.462,9.652
-1.833,-0.474,9.685
-1.821,-0.388,9.702
-1.459,-0.273,9.666
-1.725,-0.543,10.051
-2.333,-0.995,10.231
-1.309,-1.151,9.745
-1.581,-2.646,9.176
-1.213,-2.814,9.424
-0.242,-2.876,9.061
-0.273,-4.106,8.082
-0.211,-4.462,6.989
0.495,-5.185,6.938
2.72,-7.034,7.125
1.469,-8.702,7.659
2.89,-5.752,8.678
4.567,-4.424,6.63
4.122,-1.644,3.252
3.622,2.467,3.182
4.594,-1.622,3.787
4.247,-6.826,4.649
5.304,-7.412,6.481
21.091,-2.488,1.9
7.137,1.007,3.077
16.442,0.921,3.086
13.788,-2.127,5.869
12.992,-0.232,5.888
13.241,-0.766,6.702
15.887,5.237,0.902
19.241,3.28,-0.598
14.463,11.496,-0.055
13.305,12.772,4.376
13.595,16.906,5.912
13.095,18.574,5.869
6.883,12.09,2.218
7.623,17.707,4.749
5.273,15.26,-1.586
7.123,13.449,1.433
10.676,3.981,-0.328
11.425,-0.658,5.335
4.398,11.111,3.845
5.278,15.722,5.484
3.775,13.257,3.173
0.431,9.341,3.385
-3.938,7.127,6.273
-0.61,9.123,-0.364
0.325,11.305,-2.462
-2.627,12.69,-0.816
-3.027,15.418,1.282
0.529,14.288,-0.947
0.397,14.425,-3.311
2.369,13.623,-3.615
-3.153,13.08,1.093
-0.691,10.786,1.761
0.1,11.264,2.223
-1.266,9.056,1.479
-3.173,7.022,1.644
-2.144,5.041,2.108
-3.907,3.811,2.39
-4.663,4.084,2.11
-3.84,5.625,3.637
-3.962,6.187,2.706
-3.68,6.345,1.553
-3.89,5.156,-0.325
-3.998,5.658,-0.053
-3.874,7.561,0.414
-2.16,6.881,-0.275
-3.909,6.881,-0.943
-2.11,5.443,-3.374
-1.761,4.948,-0.546
-1.182,7.675,-0.634
-1.785,9.073,-1.294
-3.57,7.651,-0.897
-2.926,7.328,-0.943
-1.084,7.663,-0.428
2.371,9.063,0.715
4.283,11.085,1.436
1.692,9.329,2.61
-1.27,8.276,2.811
-1.103,9.477,2.266
0.557,11.269,2.29
1.33,11.786,2.751
3.237,11.377,3.601
3.488,9.783,5.182
2.661,8.836,5.613
2.232,10.018,4.709
2.139,9.778,4.646
1.684,9.338,5.503
1.687,9.68,6.175
0.715,10.886,8.539
1.763,11.147,7.656
1.711,10.429,6.57
1.471,9.434,5.694
0.912,8.91,5.364
1.218,8.709,5.943
1.785,9.465,6.374
1.337,9.472,6.453
0.72,8.939,6.388
1.113,8.314,6.202
1.572,8.393,6.936
1.416,8.326,7.003
0.215,8.324,6.424
0.103,8.534,6.757
0.5,8.793,8.061
0.4,8.608,7.391
0.519,8.214,7.393
0.419,8.044,6.721
0.263,7.606,6.91
0.16,7.692,7.288
0.167,7.637,6.998
0.158,7.829,7.62
0.464,7.34,7.711
0.364,6.931,7.266
0.309,7.223,7.508
0.053,7.482,7.269
-0.206,6.929,8.006
0.144,6.927,7.982
0.11,6.553,8.357
-0.61,6.307,8.436
-0.907,5.847,8.376
-0.577,5.536,7.704
-0.72,5.568,8.477
-0.376,5.608,9.01
-1.538,5.584,9.204
-0.524,4.68,9.298
-1.11,4.706,9.271
-1.823,4.309,8.958
-0.579,4.053,9.525
-0.589,3.929,10.355
-1.089,2.766,9.477
-1.749,1.943,8.597
-1.105,1.696,9.075
-1.05,1.06,9.082
-0.675,1.258,9.396
-1.227,1.354,9.654
-2.077,1.292,9.817
-2.23,1.134,9.644
-2.328,0.596,10.049
-1.558,0.5,10.281
-1.323,-0.378,10.257
-1.56,-0.392,9.644
-1.771,-0.316,8.805
-1.902,-1.424,8.68
-2.029,-2.218,9.542
-0.787,-1.426,10.489
-1.206,-1.325,9.721
-1.581,-1.402,9.824
-1.955,-2.29,8.946
-1.503,-3.141,9.051
-0.634,-4.134,8.331
-1.278,-5.252,8.264
-0.859,-5.144,8.532
-0.002,-3.158,7.802
1.519,-4.053,6.965
1.34,-5.632,7.398
1.247,-6.611,8.096
2.027,-5.496,7.049
3.041,-4.855,5.228
3.153,-3.472,5.106
1.792,-1.816,6.271
2.443,-0.983,5.864
3.866,1.541,3.972
4.907,-0.426,2.912
7.412,-5.855,2.905
8.154,-7.919,5.46
7.702,-2.273,3.787
10.302,0.833,3.484
11.125,-2.639,3.902
14.851,-5.599,3.924
10.97,-0.342,3.555
12.238,4.85,5.29
14.516,5.534,0.995
19.576,8.64,3.902
16.348,17.076,0.246
16.803,12.683,6.46
10.137,15.2,8.173
10.901,22.921,9.649
8.948,20.457,9.061
6.871,13.609,3.852
13.413,9.664,-1.227
8.326,5.422,3.984
12.03,5.228,11.085
5.508,7.163,2.964
4.359,11.996,0.632
3.957,14.131,1.739
-0.914,11.157,6.481
-0.993,8.635,2.639
20.502,7.288,-0.708
0.366,12.365,0.206
-0.072,15.269,2.804
6.206,17.241,-0.467
1.763,13.037,-4.536
53.685,2.146,1.503
2.756,-3.854,5.412
3.682,-1.845,5.867
4.496,-2.424,4.297
6.436,-3.649,3.493
7.556,-4.053,3.79
9.898,-2.737,2.768
11.094,-5.067,3.242
11.755,-2.486,4.244
11.202,2.625,1.55
17.698,2.443,3.869
11.197,2.991,-0.522
15.076,4.359,2.799
16.322,11.417,0.017
12.047,11.063,-0.172
15.279,19.894,4.041
11.635,21.959,6.91
9.506,20.239,5.943
12.511,17.291,9.649
-1.593,10.946,0.17
9.259,8.635,0.792
8.788,7.151,3.869
10.965,10.525,4.4
6.108,10.645,4.644
2.818,13.717,2.433
0.56,14.365,3.898
1.955,9.723,2.601
0.242,8.326,0.194
7.706,9.503,-0.751
-1.67,14.499,5.769
1.05,15.839,1.634
0.569,15.092,-5.876
5.036,9.597,-3.898
-0.624,11.396,-6.556
0.51,14.741,-2.634
-1.871,13.116,0.321
-0.184,12.786,-0.959
-0.617,10.594,-0.373
-3.292,8.001,1.077
-3.395,5.352,1.581
-2.675,2.828,3.041
-4.759,5.053,1.646
-4.754,6.051,1.881
-4.541,7.506,1.823
-3.991,7.575,2.024
-3.06,6.769,1.203
-3.491,5.929,-0.096
-3.998,6.103,0.517
-3.663,7.084,1.103
-3.185,7.472,1.452
-2.632,7.238,0.821
-2.273,6.118,0.017
-4.316,5.68,0.476
-3.491,6.45,1.713
-1.464,7.766,0.926
0.352,8.092,-0.313
2.22,8.477,-0.079
2.45,9.558,0.706
0.103,11.173,1.627
-1.687,11.573,1.919
-2.464,9.587,1.904
-2.005,9.195,2.259
0.474,9.353,3.441
2.268,9.611,4.161
3.189,10.353,4.055
3.508,11.425,4.012
2.376,11.245,3.869
1.395,10.2,4.17
0.708,9.032,4.347
0.445,8.58,5.532
1.108,9.716,5.812
0.983,10.288,5.991
-0.318,10.451,5.649
0.481,9.625,5.474
0.837,9.585,5.522
1.0,9.042,6.156
0.804,8.915,6.379
0.77,9.197,6.548
1.132,9.065,6.307
1.182,8.242,6.12
0.811,7.706,5.618
0.402,7.458,6.4
0.723,8.384,7.022
0.572,8.766,6.891
0.093,9.109,6.606
0.447,8.862,6.513
-0.053,8.362,7.008
0.423,7.917,7.319
0.167,7.673,7.45
-0.45,7.553,7.752
-0.22,7.673,8.259
-0.163,7.439,8.422
-0.797,6.422,8.463
-0.5,6.089,8.207
-0.67,5.986,8.489
-0.775,6.261,8.802
-0.79,6.613,9.465
-1.098,6.367,9.711
-1.318,5.264,9.24
-1.536,4.335,9.061
-1.701,4.194,9.054
-1.232,4.46,9.427
-0.775,4.221,10.068
-0.447,3.926,10.178
-0.239,3.369,9.85
-1.438,2.06,9.039
-1.692,1.208,8.587
-1.392,1.948,9.202
-1.617,1.605,9.57
-1.455,1.012,10.044
-1.586,0.225,9.487
-2.129,0.029,9.391
-1.337,0.653,9.647
-1.06,0.933,10.271
-0.89,0.359,10.25
-1.512,-1.05,9.908
-1.682,-1.68,9.855
-1.706,-1.491,10.046
-1.735,-0.493,10.391
-0.885,-1.024,9.896
-1.084,-2.639,8.908
-0.95,-4.165,8.644
-1.144,-4.74,9.283
-0.06,-3.467,9.422
0.263,-0.663,8.951
-0.632,-0.34,8.496
-0.464,-1.991,7.529
-0.864,-2.802,7.946
-0.244,-1.771,8.632
1.175,-1.0,8.099
2.323,-1.835,7.221
2.369,-3.072,7.171
2.127,-4.084,7.529
2.629,-3.259,6.474
2.476,-1.452,6.697
2.723,-2.122,6.273
3.637,-4.194,5.46
5.675,-3.759,4.955
6.924,-1.287,4.747
7.305,-1.983,4.063
14.858,-4.35,2.723
9.781,-2.144,5.307
8.144,0.629,6.515
12.042,3.106,5.307
7.525,1.323,7.934
16.085,0.124,2.728
14.657,4.376,2.129
15.356,6.986,1.713
9.379,8.678,3.524
11.657,12.767,6.41
12.434,12.781,1.464
8.728,12.568,6.606
10.726,12.858,5.225
12.8,16.193,4.539
7.608,15.502,-0.967
5.814,9.745,0.392
4.285,9.85,-0.89
8.666,13.583,1.95
8.372,12.973,3.496
7.357,10.508,1.634
1.936,11.984,1.96
-5.115,11.08,0.979
-1.22,9.219,1.694
3.749,8.86,2.938
-0.275,10.403,-2.275
2.285,14.887,0.321
-1.136,19.729,-0.912
-0.239,13.803,-2.622
5.941,9.281,-4.029
-7.305,12.248,-4.491
-4.565,12.616,-0.579
-1.392,13.473,-0.474
-2.883,11.236,2.206
-0.696,9.231,0.306
-0.962,5.917,0.598
-5.426,-0.151,1.785
-4.773,3.584,2.065
-4.539,6.843,2.68
-4.173,7.517,2.383
-3.194,6.584,1.302
-4.285,5.113,0.189
-3.419,5.343,1.218
-4.189,5.955,-0.656
-4.082,5.627,-0.347
-3.866,5.804,0.359
-1.782,7.137,0.258
-1.515,7.027,-1.11
-1.814,7.269,-0.574
-2.015,7.577,-0.713
-0.139,8.156,-0.278
2.086,10.097,0.73
3.173,10.439,2.534
0.998,8.23,2.22
-0.55,8.951,1.337
-1.335,9.609,1.682
-1.156,9.833,2.338
0.304,9.589,4.572
-0.459,8.19,5.307
0.364,7.986,4.493
2.555,9.353,4.541
3.185,11.118,4.398
1.727,11.683,4.474
-0.057,11.683,4.838
-0.835,11.152,5.331
0.041,10.91,6.85
1.699,9.905,6.79
1.349,9.776,5.919
0.852,10.116,5.706
1.383,9.07,5.481
1.653,8.75,5.654
1.175,9.377,6.391
0.313,9.948,6.063
0.916,9.721,5.644
0.62,9.331,5.881
0.412,8.479,6.106
0.361,8.317,6.381
-1.826,8.589,7.235
-4.149,9.058,6.565
0.51,8.608,7.273
0.294,7.678,6.706
-0.031,7.829,6.965
-0.141,8.262,6.833
-0.486,8.795,7.276
-0.407,9.345,7.178
-0.337,7.991,6.656
-0.55,6.075,6.687
-0.129,6.147,7.18
-0.096,6.537,7.632
-0.426,6.718,7.527
-0.569,6.41,7.159
-0.742,5.874,8.123
-0.577,5.314,8.719
-0.849,5.261,8.759
-1.811,5.345,9.276
-1.991,5.209,9.599
-1.323,4.967,9.759
-0.579,3.742,9.149
-0.309,2.73,9.819
-0.679,2.369,9.458
-1.646,1.043,9.448
-1.211,1.637,9.355
-1.046,1.036,10.125
-1.579,0.467,10.336
-1.28,0.66,9.905
-2.658,0.256,9.649
-1.974,-0.404,10.255
-1.203,0.045,11.678
-0.711,-0.01,11.92
-0.421,-0.782,9.903
-1.907,-0.897,9.044
-1.581,-0.945,9.044
-0.921,-1.56,9.14
-1.345,-2.783,9.637
-1.022,-3.445,10.223
-0.974,-3.043,9.755
-0.067,-2.359,8.685
0.646,-2.196,8.219
1.041,-2.249,7.47
-0.347,-2.232,8.171
-0.368,-1.943,8.23
-0.081,-2.043,8.195
1.567,-3.345,7.003
2.352,-4.453,6.778
3.027,-4.682,7.506
3.467,-4.077,7.151
2.955,-3.252,6.185
2.797,-1.895,6.644
3.259,-4.242,6.525
4.486,-3.673,5.577
6.139,1.486,3.5
6.816,2.481,2.694
9.29,-1.467,2.187
12.14,-5.843,3.22
10.802,-6.084,4.433
10.862,-4.448,3.754
11.688,3.046,2.917
9.826,3.883,1.79
19.495,6.773,4.118
13.583,2.981,-0.292
9.865,10.231,-2.586
14.375,15.774,4.694
15.449,20.904,4.158
11.181,19.083,8.163
10.403,10.836,4.453
19.923,13.59,5.429
9.592,9.274,4.149
9.142,8.376,6.558
11.721,9.501,1.809
7.209,6.649,0.249
5.544,8.678,2.639
2.046,12.891,3.914
1.077,12.621,1.258
0.44,10.487,-0.294
-2.553,9.611,4.098
3.0,10.893,2.527
3.591,14.6,4.082
7.139,17.681,-2.474
3.699,17.98,-7.092
1.833,11.838,-4.462
-5.635,10.592,-1.373
2.596,13.465,-2.859
-1.134,13.918,-3.536
-1.771,11.02,-1.139
-1.148,8.156,2.438
-1.373,3.61,3.488
-2.828,5.199,4.407
-4.809,6.101,3.189
-5.166,6.168,2.984
-5.113,7.405,2.467
-4.46,7.343,2.137
-3.864,7.393,0.749
-4.154,5.314,0.474
-5.24,6.441,1.94
-2.936,6.56,1.692
-4.419,6.23,0.632
-2.177,5.912,-1.921
-3.491,5.266,-1.251
-3.539,5.824,-0.069
-3.417,7.319,-0.041
-3.031,7.62,-1.507
-1.467,7.491,-1.524
0.916,7.934,-0.136
0.991,8.379,0.636
0.751,7.939,0.613
1.581,7.584,0.268
0.103,6.879,1.175
-1.677,8.101,1.306
-0.352,8.563,1.957
1.653,9.831,1.55
2.242,11.365,1.22
2.311,11.085,4.041
1.541,11.214,4.931
1.414,11.109,3.809
1.543,9.405,2.902
1.897,8.735,3.862
2.919,9.75,4.759
3.424,11.252,6.075
0.342,12.839,4.991
0.756,12.231,5.802
1.101,10.781,4.596
1.476,10.08,4.646
1.187,10.173,5.534
1.928,9.386,5.374
0.842,8.745,4.89
0.603,8.819,5.754
1.091,9.259,6.149
0.842,9.91,6.45
0.883,10.434,6.08
1.223,9.403,5.654
1.242,8.625,5.522
1.019,8.726,5.544
0.95,8.613,5.694
0.792,9.003,6.065
-1.763,9.192,6.544
0.423,8.106,5.163
0.83,8.192,5.998
0.258,8.527,6.905
-0.033,9.068,7.395
-0.012,9.381,7.68
-0.486,8.893,7.374
0.065,7.711,7.479
0.287,6.345,7.8
-0.01,6.501,8.082
0.041,6.776,8.388
-0.318,6.376,8.075
-0.452,5.522,7.795
-0.426,5.146,9.03
-0.268,4.699,9.164
-0.294,4.567,9.209
-0.727,4.572,9.494
-0.79,4.675,9.886
-0.768,4.953,9.254
-0.526,2.555,9.599
-0.158,1.696,9.707
-0.486,1.125,9.341
-1.644,0.775,8.989
-1.079,1.232,8.795
-1.153,0.366,9.85
-1.153,-0.263,10.441
-1.125,-0.096,10.307
-1.632,-0.823,9.896
-1.048,-0.258,9.752
-0.462,-1.105,9.3
-0.883,-2.34,9.719
-0.522,-2.594,9.977
-1.065,-2.333,10.223
-0.158,-1.759,10.14
0.153,-1.737,10.02
-0.345,-2.622,9.015
-0.943,-3.129,8.745
-0.431,-2.137,8.123
-0.596,-1.491,8.534
0.024,-1.601,8.872
-0.306,-1.249,8.668
0.254,-0.739,8.79
1.854,-1.192,8.022
2.376,-2.711,6.955
2.024,-3.268,7.718
1.95,-2.684,8.36
3.027,-2.33,8.238
2.606,-2.804,6.328
2.974,-4.515,5.601
3.522,-5.524,5.477
5.326,-2.799,5.053
6.455,1.768,3.125
7.986,1.459,2.486
7.869,-2.833,4.247
10.623,-2.239,3.204
12.173,2.311,3.699
11.872,3.697,5.69
13.264,4.058,3.194
13.846,2.505,5.29
15.872,6.917,3.536
12.996,9.757,4.139
30.582,2.498,2.261
11.463,9.881,4.512
13.109,10.128,4.13
8.632,14.224,4.249
11.487,11.623,5.996
5.032,13.501,6.826
9.137,11.331,3.522
10.951,7.266,-3.663
7.692,10.946,-0.208
8.245,7.632,2.811
6.96,8.305,4.709
5.386,10.944,4.74
1.95,12.788,3.254
0.096,10.838,-0.409
1.067,9.637,0.845
0.512,10.066,-1.993
-0.869,11.908,2.515
6.508,12.14,1.897
0.309,17.344,-0.261
3.881,12.121,-1.983
2.747,11.726,-2.098
-1.184,13.408,-1.062
4.926,1.577,4.309
4.833,-2.536,4.414
5.74,-5.407,5.687
7.041,-6.326,6.596
8.398,-1.314,3.847
7.592,1.816,3.196
10.374,1.268,4.867
9.704,-0.534,4.984
9.929,-0.22,5.737
12.441,2.326,3.309
6.881,2.029,3.701
14.135,2.108,2.804
15.004,9.506,3.287
15.324,7.752,4.252
10.869,5.469,1.871
12.508,6.257,1.364
14.059,12.262,2.682
12.492,13.164,2.397
11.494,13.726,5.041
14.757,10.913,2.184
10.159,12.104,0.976
10.245,7.872,4.938
8.951,4.477,6.613
7.075,7.864,4.704
5.252,9.867,0.849
3.22,8.142,-1.871
4.627,7.422,3.158
3.594,11.956,0.45
3.024,11.937,-0.354
4.886,10.209,-3.065
2.338,9.97,3.01
-3.933,14.717,2.974
0.244,18.837,-0.548
6.804,13.126,-2.637
6.082,10.992,-2.385
-0.869,11.764,-1.184
-1.615,9.362,1.543
-0.969,11.303,2.05
-1.512,9.209,0.581
0.359,6.489,1.538
-2.007,0.909,1.821
-2.617,3.393,2.141
-4.024,6.704,1.759
-4.302,6.618,0.144
-3.56,6.682,0.117
-3.725,7.695,0.684
-4.544,8.939,0.816
-3.826,8.307,0.995
-5.448,9.166,-0.335
-3.436,7.293,-0.323
0.223,6.644,-0.517
-1.713,8.197,-0.024
-0.337,9.869,-0.565
-0.014,10.451,-0.615
0.385,9.412,0.39
1.33,9.812,1.093
1.005,10.951,1.854
-0.127,12.025,1.859
-2.562,11.049,2.311
-3.898,9.862,2.993
-2.472,9.41,3.558
-0.543,9.721,4.23
10.109,9.948,2.364
1.144,11.104,5.163
0.902,10.927,5.864
-0.28,9.527,5.859
-0.739,8.92,5.096
-2.204,9.408,4.969
-2.622,10.252,5.902
-0.766,10.269,5.395
-0.507,9.448,5.871
0.041,8.565,5.721
-0.445,7.931,6.273
-0.715,7.589,6.848
-0.914,6.867,6.9
-0.995,7.058,7.52
-0.849,7.472,8.159
-1.67,7.625,8.764
-1.9,7.295,8.771
-2.206,6.185,8.242
-2.227,5.132,8.187
-2.046,4.276,8.537
-2.591,3.34,9.319
-1.292,3.833,8.951
0.084,2.565,8.618
-0.892,0.938,9.199
-1.012,1.177,9.288
-1.323,1.79,9.637
-0.959,2.177,9.29
-1.122,2.082,9.824
-1.376,1.479,9.721
-1.916,0.158,9.611
-1.931,0.16,9.003
-1.921,-0.029,9.089
-1.457,0.39,9.592
-0.914,0.603,9.86
-0.534,-0.376,9.51
-1.093,-1.39,9.247
-0.816,-0.696,9.551
0.098,0.845,9.79
1.605,0.959,9.874
1.182,-0.371,8.553
0.026,-1.462,9.221
0.067,-0.385,9.317
1.012,0.802,9.752
2.591,1.33,9.228
3.036,0.263,8.118
3.323,-0.993,7.431
2.854,-1.811,7.687
3.945,-1.991,8.118
4.733,-2.072,7.25
5.316,-2.196,7.403
5.154,-0.383,6.946
5.895,2.644,6.63
6.503,3.699,5.017
6.843,2.06,4.565
8.695,-2.491,4.768
10.427,-2.653,4.733
10.783,2.347,4.376
10.764,5.603,4.716
11.171,5.134,5.046
11.58,2.991,4.819
11.76,4.082,3.732
11.901,6.41,5.022
12.757,7.254,7.029
14.021,4.278,3.976
12.305,4.953,2.634
11.271,9.604,3.67
9.597,10.925,5.24
9.482,11.157,4.402
7.8,11.626,5.101
7.051,10.176,4.845
14.607,6.391,3.842
6.697,5.891,3.189
12.822,6.534,2.409
6.766,6.836,1.014
4.84,6.187,0.182
4.575,6.326,-0.947
6.158,6.615,-1.392
11.582,7.355,1.598
3.56,8.056,1.17
5.412,8.582,1.522
4.67,8.862,-0.455
3.503,7.278,-2.558
2.074,7.278,-0.957
1.924,7.139,-1.419
2.132,9.802,-2.101
0.608,10.389,-3.031
0.481,10.546,-3.4
0.591,10.176,-2.35
0.479,9.554,-1.177
-1.342,9.566,-0.885
-0.88,12.554,1.141
-0.144,9.967,1.129
-1.196,9.254,0.883
-1.151,9.257,0.431
-1.948,9.063,0.364
-2.67,8.97,0.603
-3.72,8.508,1.847
-3.965,8.876,2.316
-4.273,8.594,2.11
-4.433,8.049,2.493
-4.747,7.745,2.948
-4.919,7.276,3.378
-5.027,7.819,3.541
-6.041,8.939,3.385
-5.465,8.843,4.393
-5.407,7.742,3.756
-5.383,8.171,3.543
-4.831,8.352,4.063
-4.933,8.104,3.893
-4.864,8.508,4.343
-4.477,9.149,4.338
-3.924,9.223,4.005
-3.192,9.42,4.01
-2.876,9.4,4.864
-2.4,9.353,5.429
-2.072,8.647,5.544
-2.505,9.719,5.434
-1.806,9.125,5.747
-1.103,8.192,6.163
-1.287,7.333,6.288
-1.251,6.852,7.29
-1.323,7.958,7.764
-1.34,8.312,7.97
-1.45,6.97,7.845
-1.804,6.235,7.963
-2.115,5.757,8.19
-2.888,5.084,8.422
-2.405,5.134,8.46
-2.603,5.178,8.762
-3.196,5.161,8.874
-3.644,4.706,9.192
-4.192,4.606,8.872
-3.522,4.419,8.245
-3.51,3.756,7.91
-3.022,3.804,7.819
-3.697,3.385,8.053
-3.036,3.426,8.01
-2.689,3.778,7.673
-2.287,3.067,6.895
-2.031,2.45,6.862
0.177,1.684,5.795
-0.184,0.613,5.221
0.141,0.883,6.783
-1.562,2.421,7.02
-2.565,1.486,7.192
-1.361,0.093,5.422
0.416,-1.036,4.077
1.491,-0.962,6.103
1.548,-0.766,7.482
2.086,-1.459,6.68
4.56,-0.368,7.032
6.754,-1.247,6.783
6.611,0.342,8.52
6.13,0.524,10.372
7.915,3.127,9.166
6.644,2.369,8.879
7.556,1.378,10.324
8.766,3.778,12.473
5.029,6.871,18.275
9.312,6.738,15.377
9.185,9.274,10.357
10.602,6.336,12.968
12.829,5.333,5.355
6.56,5.881,8.673
10.74,8.388,7.094
11.032,7.348,5.094
10.42,0.579,5.486
13.418,10.927,1.66
8.159,7.884,5.766
7.695,11.889,2.701
10.889,14.875,2.584
6.46,12.731,-1.522
4.926,7.821,3.144
4.718,9.477,0.292
3.955,8.412,3.783
-1.347,9.01,1.699
4.577,11.061,4.402
5.881,10.669,3.484
6.998,8.161,3.074
4.146,6.91,2.644
0.641,7.979,3.089
0.096,6.517,3.333
-0.531,5.888,3.443
5.024,6.017,2.417
2.754,7.982,2.658
1.507,7.206,1.696
3.326,6.436,0.211
2.44,7.247,0.557
1.359,7.35,1.668
1.192,8.197,2.493
3.33,8.546,1.579
2.414,9.29,0.924
0.969,9.518,1.711
2.096,9.022,1.146
1.522,7.436,0.297
0.998,7.254,0.524
0.505,7.963,1.337
0.261,10.164,2.05
1.036,11.087,2.254
0.447,10.896,2.838
1.493,10.57,3.438
2.438,11.614,3.464
1.747,12.193,4.041
2.256,11.135,5.06
1.859,9.42,5.247
1.718,8.223,4.634
2.175,8.23,4.819
1.352,9.094,5.615
1.84,9.432,5.938
1.756,10.166,6.252
1.931,10.427,5.986
1.168,10.195,5.144
-0.335,9.956,5.039
0.019,9.795,5.094
0.431,9.826,4.682
-0.199,8.975,4.512
-1.108,9.003,4.448
-0.416,8.967,4.699
-0.292,9.886,4.945
0.426,10.331,5.367
-0.005,9.987,5.077
0.0,9.458,6.194
-1.242,9.558,6.218
-1.192,8.702,6.436
-1.213,6.927,6.135
-1.828,5.103,6.929
-2.617,5.644,8.352
1.27,6.178,7.075
-3.007,4.977,7.733
-6.237,2.957,6.489
-4.015,1.337,7.216
-5.792,4.352,8.953
-3.252,4.412,6.099
-3.319,1.546,8.159
-3.469,2.675,9.458
-2.629,1.759,7.553
-2.101,-0.713,8.085
-3.476,-2.531,10.451
-2.921,-3.185,10.121
-5.792,0.799,9.63
2.938,2.962,12.492
-6.687,0.519,11.338
-43.624,-0.105,9.692
-2.589,-0.254,13.652
-5.728,-0.835,14.32
-4.098,2.359,9.881
-2.828,3.326,10.104
-2.565,3.144,8.575
-2.407,2.371,11.075
-2.086,2.773,12.788
0.821,5.209,9.465
2.182,4.443,14.662
1.857,6.615,10.384
-0.06,3.979,9.898
0.577,5.443,9.015
-0.904,4.943,8.654
0.112,4.524,8.027
-0.165,5.221,8.628
-1.371,3.345,6.706
-0.208,2.749,7.161
0.345,6.422,6.871
-0.182,4.101,7.532
-0.715,2.16,8.436
-1.101,3.912,7.412
-0.242,5.881,7.314
-0.519,3.165,9.365
0.175,4.692,6.929
-1.208,3.474,9.037
-0.316,4.345,8.494
-0.818,3.503,9.585
-0.981,5.103,7.733
-0.842,4.118,9.219
-0.534,5.218,9.795
-1.053,3.737,9.25
-0.971,4.163,10.003
-1.127,5.053,9.463
-0.304,4.292,9.015
0.311,6.438,7.781
-1.598,3.833,10.274
-0.766,4.876,9.286
-0.38,4.376,8.848
-0.83,4.991,8.51
-1.333,4.778,8.943
-0.926,4.826,8.814
-0.83,5.723,9.597
-0.83,4.747,9.408
-0.763,4.838,8.556
-0.866,4.333,8.908
-0.823,5.304,9.228
-0.849,4.984,8.616
-1.046,4.89,9.013
-0.428,5.123,8.704
-0.66,4.546,8.475
-0.534,5.137,8.853
-0.732,4.984,8.453
-0.88,5.06,8.726
-0.809,5.259,8.829
-0.584,4.888,8.915
-0.146,4.967,8.553
-0.38,4.811,8.64
-0.668,4.62,9.252
-0.443,4.876,9.491
-0.304,4.701,8.975
-0.158,4.587,8.625
-0.488,4.431,8.886
-0.376,5.003,9.154
-0.167,4.85,9.542
0.112,4.517,9.429
0.182,2.084,8.625
0.172,3.4,9.111
-0.866,5.412,9.465
-0.586,4.412,9.353
-1.534,3.165,8.508
0.766,4.11,8.305
1.68,3.051,8.326
-2.105,2.546,10.829
-1.223,4.606,11.87
2.007,3.299,10.276
1.022,-0.191,9.276
-0.323,-2.393,9.283
1.948,-0.546,9.262
7.788,1.701,8.618
-0.136,-6.321,11.748
1.928,-0.703,9.142
2.957,-6.51,9.635
2.737,-7.872,11.542
2.596,-7.07,14.351
3.725,-3.335,12.851
2.842,-2.792,8.611
2.505,-6.424,6.314
2.596,-5.462,6.994
6.084,-2.663,6.534
6.108,-3.146,6.584
4.706,-2.9,7.13
4.778,0.313,5.984
6.094,1.96,-0.438
3.579,1.433,0.991
6.266,-3.208,0.979
9.434,-2.804,3.23
9.841,9.025,-0.598
11.494,22.124,-2.56
11.472,15.767,4.9
18.511,11.181,7.101
15.104,20.969,0.388
12.829,24.304,3.278
14.817,18.203,-0.167
15.731,19.418,3.795
11.75,23.99,2.117
13.006,24.356,3.921
18.487,17.82,9.202
16.585,-4.299,-10.037
12.116,-14.781,-2.773
11.054,-6.371,-19.72
12.13,0.646,-11.858
11.779,-0.72,6.862
16.518,1.153,2.668
25.139,32.527,-3.596
16.667,17.368,1.342
13.116,11.618,11.776
10.7,18.614,7.759
17.399,9.149,0.983
2.199,1.232,-1.005
2.486,4.622,-6.996
14.083,4.864,1.273
7.984,2.311,-4.575
5.577,1.823,-7.264
3.728,-3.699,-7.706
1.364,-2.206,-4.165
1.792,0.988,-5.29
-0.5,4.599,-4.221
1.983,5.34,-3.622
3.524,-2.074,-3.567
2.371,-4.816,-7.436
2.4,8.439,-6.728
0.792,8.589,-6.659
1.266,10.42,-6.747
0.548,9.314,-6.058
1.05,8.228,-6.309
0.919,8.302,-5.161
-0.041,9.996,-4.292
-3.244,10.956,-2.756
-0.254,12.133,-1.17
-1.177,10.563,-1.467
-1.692,9.862,-0.979
-5.077,10.223,-0.225
-2.677,10.532,0.735
-2.385,10.228,2.527
-2.113,9.113,2.617
-2.306,8.695,3.144
-3.431,8.628,4.371
-4.474,9.223,5.103
-3.586,8.477,7.446
-1.948,9.745,7.022
-3.278,9.685,7.795
-2.933,9.293,7.831
-3.45,8.709,7.857
-3.165,6.697,8.175
-2.027,5.926,8.692
-1.538,4.165,8.872
-3.012,3.871,8.843
-2.613,4.984,9.35
-0.869,4.527,9.683
1.144,5.005,8.678
0.237,2.096,8.178
-0.699,0.282,7.814
-0.345,-1.998,7.965
0.321,-2.984,8.106
1.053,-2.464,8.23
2.065,-1.531,7.9
-0.278,-2.888,7.795
-0.16,-4.388,8.266
0.658,-4.261,9.132
2.558,-3.302,9.647
2.878,-3.287,8.869
2.962,-3.905,8.996
2.299,-4.811,8.094
2.991,-5.529,7.728
2.522,-5.402,6.558
0.479,-4.632,8.577
2.455,-2.472,7.872
4.024,-1.189,6.113
5.012,-0.845,3.795
5.599,-4.491,3.921
5.307,-5.553,6.233
5.699,-1.924,5.718
8.795,0.847,4.125
3.833,0.012,4.264
8.376,-0.995,5.357
8.513,0.165,7.187
13.095,0.907,5.682
11.659,-2.527,6.398
10.336,-2.426,8.039
9.915,7.891,3.089
14.736,6.888,5.867
9.597,0.414,3.689
12.128,6.041,6.568
13.982,12.846,5.383
10.764,11.121,8.798
11.262,6.716,5.398
10.104,9.494,2.117
8.91,11.166,6.699
9.872,10.302,4.953
7.223,10.056,1.555
13.944,7.96,2.046
8.419,9.204,3.993
6.446,11.882,4.938
7.678,11.853,7.998
3.785,12.195,5.034
9.235,9.546,0.967
1.452,6.828,-2.062
-0.103,5.74,1.644
-1.0,11.183,1.878
0.629,11.121,-2.646
-0.376,11.286,0.706
-0.112,12.951,1.596
0.888,14.401,0.038
0.813,12.956,-1.596
-1.866,10.819,-2.864
-2.115,12.688,-0.299
-1.002,12.925,0.687
-0.77,10.802,0.232
-0.469,7.379,1.299
-0.641,5.359,2.218
-1.574,3.809,2.754
-3.039,5.075,2.826
-4.802,4.644,1.448
-5.646,4.687,0.921
-6.517,5.754,1.017
-6.481,6.948,1.948
-5.883,7.082,3.134
-6.537,7.606,1.062
-6.362,6.977,-0.273
-3.467,7.613,0.256
-1.486,8.494,0.495
-1.84,7.9,0.086
-1.601,8.238,-1.266
-3.031,9.563,-2.323
-2.027,9.451,-1.242
-1.036,8.869,-0.148
-0.026,10.075,0.627
-0.892,10.544,0.196
-1.68,10.173,-0.177
-2.027,10.496,0.897
-1.725,10.654,2.012
-1.275,10.221,2.692
-0.754,9.554,2.967
-0.033,9.101,2.649
0.368,9.635,2.68
0.385,10.259,3.07
0.036,9.843,3.22
-1.031,8.982,3.409
-0.292,8.716,4.79
-2.192,9.7,5.041
-1.388,10.403,4.673
-1.471,10.341,4.577
-1.105,9.597,4.701
-0.89,9.161,4.823
-0.632,9.388,5.242
-0.651,9.606,5.091
-0.591,9.381,4.783
-0.696,8.752,4.484
-0.818,8.209,4.843
-1.019,8.642,5.297
-1.45,8.597,5.931
-2.522,8.479,5.766
-1.861,8.419,5.635
-1.115,8.128,5.792
-1.014,8.106,6.123
-1.83,8.204,6.728
-0.773,7.965,6.812
-1.519,7.328,6.812
-1.67,6.855,6.986
-1.371,6.9,7.151
-0.775,6.991,7.45
-3.732,7.202,8.216
-3.826,7.611,7.666
-0.603,7.305,8.869
-0.163,6.032,8.479
-1.555,3.929,8.46
-2.007,3.445,8.683
-1.51,3.153,8.841
-1.593,3.137,9.649
-2.12,3.039,9.527
-3.125,2.701,9.881
-2.278,3.043,10.24
-1.11,2.251,10.7
-1.522,1.407,10.487
-2.038,0.313,10.125
-2.885,1.026,9.412
-2.381,-0.502,10.386
-2.168,-0.876,10.544
-1.964,-0.758,10.209
-1.785,-0.825,9.424
-3.094,-2.979,8.568
-1.431,-3.972,8.209
-0.909,-4.979,8.573
-0.268,-5.352,8.719
0.605,-4.371,7.948
-0.615,-3.967,8.929
-0.34,-2.972,10.36
1.038,-2.771,9.305
0.567,-4.981,7.728
0.593,-4.835,8.029
1.498,-2.996,8.738
2.708,-2.16,7.257
2.529,-1.775,6.056
2.232,-1.955,5.032
1.646,-3.886,6.281
2.991,-3.22,5.773
4.063,-0.909,3.938
5.477,-0.452,3.187
5.78,-3.689,4.383
7.534,-3.713,5.048
8.537,-1.727,4.027
10.302,-1.069,2.768
8.307,-2.125,4.957
6.505,0.852,7.111
5.852,7.568,7.544
16.459,1.696,2.763
14.499,-0.457,4.498
15.011,8.429,4.0
13.157,7.539,4.486
17.121,8.302,3.596
11.649,9.128,3.283
11.312,13.939,6.991
12.027,19.143,6.18
9.362,12.975,7.252
6.668,12.494,5.216
6.97,12.504,3.376
9.388,10.101,1.893
7.429,6.871,5.503
7.29,8.221,1.388
5.948,10.606,4.252
3.376,9.31,3.862
-6.029,12.083,-2.83
0.44,11.853,1.878
2.869,12.133,-0.223
-3.67,12.233,-3.177
-2.079,13.511,4.252
-4.608,15.865,2.979
2.421,16.581,-1.761
2.184,13.437,-3.795
3.764,13.398,-2.627
-7.453,13.772,-1.421
-0.78,12.743,0.022
-2.668,10.3,0.1
-3.039,6.572,1.139
-2.493,4.505,2.467
-4.773,1.998,3.527
-4.457,3.268,1.325
-5.35,5.149,1.065
-3.807,7.317,1.637
-2.505,7.333,0.354
-1.983,6.324,0.179
-2.223,6.278,-0.809
-2.505,5.905,-2.22
-4.443,5.898,-0.268
1.203,6.678,-0.321
-1.474,7.417,-0.151
-1.541,7.632,-0.943
-3.034,7.522,-0.811
-3.247,6.271,0.005
-1.936,6.666,-0.749
2.668,8.207,-0.543
2.338,10.609,-0.191
0.301,11.267,1.684
-3.141,8.709,0.778
-0.67,7.369,1.026
-0.488,7.644,2.452
-0.069,9.537,1.811
0.751,12.267,3.247
-0.084,13.329,3.352
0.024,11.728,2.68
1.041,9.881,2.62
1.797,9.405,2.852
1.598,9.52,3.347
1.115,9.333,4.175
0.749,9.597,5.386
7.62,8.845,6.154
0.266,10.829,6.417
0.986,10.463,5.254
1.079,9.25,4.783
0.455,8.314,4.902
-0.318,8.314,5.259
-1.268,9.35,5.934
-0.577,9.86,6.927
-0.062,10.075,6.747
0.256,9.264,6.481
0.435,8.664,6.06
0.301,8.152,6.118
0.313,8.3,6.24
0.419,8.482,6.166
-0.474,8.867,6.548
0.199,8.386,7.362
-0.761,8.025,7.594
-0.053,7.233,6.761
0.024,6.91,6.895
-0.254,7.202,7.123
-0.139,7.802,7.259
-0.06,7.807,7.745
-0.526,7.348,8.125
-0.218,7.252,8.173
-0.318,6.948,8.575
-0.512,6.431,8.467
-0.51,6.209,9.262
-0.464,7.118,9.286
-1.084,6.912,9.35
-1.543,6.419,9.199
-1.311,6.608,9.321
-0.921,6.431,9.252
-1.148,5.41,9.664
-1.584,5.163,9.556
-0.445,5.103,9.726
-0.483,3.912,9.42
-0.723,2.61,8.994
-1.448,1.653,8.762
-0.976,1.483,9.4
-1.522,1.12,9.348
-2.859,-1.78,8.352
-2.132,-2.708,8.857
-0.045,-0.373,9.671
-0.325,-0.333,8.982
-1.919,-2.369,8.113
-2.041,-5.56,8.199
-0.945,-6.092,9.135
0.955,-4.13,8.678
0.947,-2.763,8.044
0.412,-4.055,7.812
-0.632,-6.154,9.204
0.129,-6.147,8.704
1.304,-4.127,7.9
2.979,-3.668,6.278
3.814,-5.381,4.548
2.646,-7.056,5.199
2.127,-6.714,4.084
3.814,-5.809,1.34
6.398,-3.816,0.036
8.329,1.95,-2.101
7.805,6.984,-0.407
10.015,1.261,0.244
11.453,-1.203,1.098
10.657,-13.86,6.374
13.523,-1.058,7.391
16.784,6.417,0.366
17.451,14.726,-0.79
17.081,16.444,3.397
14.466,18.715,7.264
10.257,17.126,5.556
11.496,23.251,9.575
7.386,18.045,5.041
5.563,17.66,4.498
5.682,15.207,10.341
4.268,15.7,8.764
6.922,15.497,3.445
7.541,11.683,3.216
2.912,3.74,-0.098
5.163,4.304,7.551
-2.448,11.456,6.142
-3.098,25.005,1.869
-5.367,17.138,1.383
6.45,7.125,0.531
-5.986,6.551,-2.053
3.663,13.389,-1.22
-1.713,16.069,-0.962
0.368,14.98,2.208
2.117,13.867,-1.392
2.082,13.422,0.957
-2.292,6.111,1.675
-2.555,4.405,1.919
-4.618,2.005,1.574
-5.67,5.417,0.49
-5.735,5.769,1.519
-4.991,4.974,2.433
-4.687,6.362,2.821
-3.555,6.496,1.113
-4.182,5.974,-1.058
-4.096,5.508,-1.591
-2.218,5.831,-0.512
0.845,6.958,-1.838
0.5,6.898,-4.302
1.062,7.862,-4.924
-2.361,8.163,-2.216
-5.161,7.651,-0.38
-5.477,9.089,-1.132
-2.864,9.046,-1.524
0.079,9.295,-1.625
0.756,9.324,0.0
-0.991,10.07,3.323
-1.838,10.056,3.153
-0.945,9.965,2.964
-2.838,11.047,2.381
-1.804,10.377,3.9
-0.404,9.896,4.307
1.34,11.183,4.163
1.345,11.331,3.586
0.385,10.513,3.524
-1.342,9.276,4.857
-1.479,8.726,6.348
-0.878,9.604,5.123
-0.871,10.314,4.079
-0.792,9.168,3.687
0.163,8.094,3.965
0.727,8.223,4.426
0.969,8.379,5.314
0.23,8.953,6.005
-0.337,9.367,5.958
1.627,8.8,5.704
-0.165,9.042,5.958
-0.213,8.793,6.489
-0.689,7.97,6.281
-0.218,6.888,5.579
-0.514,6.321,7.424
-0.378,7.202,8.352
-0.696,7.723,8.35
-1.127,7.943,8.52
-1.644,8.482,8.644
-1.55,6.938,7.805
-1.187,5.587,8.01
-0.605,5.675,8.271
-1.007,5.627,8.979
-1.299,6.257,8.939
-2.113,6.8,9.554
-1.967,6.589,9.934
-1.412,5.845,9.444
-1.237,4.943,9.563
-1.337,4.165,9.52
-1.201,3.919,9.494
-0.569,3.589,9.704
-1.203,3.802,10.161
-1.275,2.507,10.188
-1.292,1.672,9.922
-1.314,1.196,9.381
-1.596,0.5,9.776
-1.433,0.864,10.788
-0.792,0.356,10.532
-1.349,-0.658,9.759
-1.101,-0.687,9.778
-1.156,-0.459,10.023
-1.022,-0.529,10.623
0.254,-0.995,10.463
0.378,-2.225,9.432
-1.074,-4.213,8.833
-1.098,-4.522,8.953
-0.299,-3.955,8.915
-0.359,-2.292,9.661
0.5,-2.627,9.195
-1.168,-4.187,9.274
-0.246,-5.125,8.915
1.503,-5.802,8.044
2.603,-6.364,6.754
1.57,-5.575,7.754
-0.12,-4.314,7.549
2.574,-3.984,5.242
3.909,-6.319,4.027
4.067,-8.393,2.158
3.828,-5.934,0.419
4.295,1.596,0.526
5.206,3.663,-1.909
4.922,-3.512,2.804
9.489,-1.304,2.304
18.825,6.453,0.833
23.218,2.273,0.813
15.253,-7.405,11.3
14.272,-3.139,5.151
17.298,8.795,6.647
20.342,20.033,2.12
16.028,12.855,7.611
18.928,8.314,5.893
14.049,19.971,9.331
17.368,24.467,5.063
10.247,18.423,8.958
11.874,14.81,5.716
10.09,8.527,1.079
6.871,9.02,8.604
8.764,12.551,7.97
4.57,18.062,6.742
1.694,18.227,9.542
0.091,9.886,3.354
-0.495,4.115,0.421
-4.754,6.979,2.51
-4.407,15.853,4.972
-0.931,16.731,2.031
-8.137,16.09,-4.646
1.732,10.386,-1.081
-1.517,15.588,0.345
-0.323,17.88,-1.864
1.445,15.717,-0.806
1.302,11.281,0.833
3.17,4.465,3.926
-1.067,-1.94,1.227
-4.56,4.8,1.756
-5.792,7.699,2.024
-6.613,7.374,0.39
-5.123,7.369,0.232
-3.84,5.706,0.845
-3.237,6.343,0.924
-3.244,7.764,1.347
-6.721,7.886,0.38
3.23,10.47,3.307
0.06,15.341,0.852
2.359,15.951,-3.429
0.368,14.547,-4.661
-0.156,11.905,-1.029
0.356,12.255,1.194
-0.27,11.379,1.278
0.548,10.752,0.981
-1.622,5.998,0.933
-2.759,5.45,2.95
-2.845,5.635,2.541
-2.613,5.953,1.529
-3.278,6.257,1.402
-4.321,5.749,1.747
-1.761,5.68,0.256
-4.486,7.202,0.61
-2.055,7.235,-0.266
-2.543,7.58,-1.077
-2.108,4.886,-2.244
-1.677,5.41,-0.33
-0.591,8.362,0.857
-0.127,10.563,-0.648
-1.763,8.565,-1.105
-2.031,7.417,0.696
-0.617,7.919,1.287
-0.218,8.027,1.251
0.522,9.668,1.811
-0.689,8.68,2.376
-1.108,8.041,3.498
-1.995,8.41,3.74
-0.39,9.178,3.414
1.78,10.293,3.56
2.385,9.295,4.587
0.914,9.001,5.304
0.347,9.537,5.515
1.084,9.116,5.96
2.117,8.668,6.233
2.495,8.558,6.738
2.208,9.302,6.331
-0.758,10.31,7.008
-0.089,9.939,6.584
0.335,10.001,6.575
1.751,9.408,6.412
1.833,8.723,6.048
1.203,9.075,6.489
0.622,9.278,6.953
0.366,8.821,6.965
0.502,8.795,7.417
0.543,8.393,7.013
0.993,8.018,6.97
0.888,7.931,6.812
0.385,7.838,6.864
0.12,7.618,6.592
-0.175,7.953,7.041
-0.112,8.716,8.135
-0.062,8.673,7.553
-0.433,7.965,7.723
-0.641,7.573,7.601
-1.641,7.372,7.62
-1.005,7.173,7.338
-0.311,7.726,7.939
-0.136,7.73,8.757
-0.062,7.446,8.855
-0.026,6.726,8.723
0.065,6.309,8.776
0.189,6.474,8.628
0.263,6.422,8.585
-0.376,5.477,8.515
-0.309,4.862,8.369
-0.282,4.783,8.563
-0.498,4.876,8.972
-0.892,5.056,9.022
-0.359,5.187,9.25
0.005,4.814,9.176
-0.084,4.223,9.534
-0.414,4.0,9.795
-0.586,3.036,9.405
-0.928,1.895,9.561
-0.924,1.507,9.286
-1.242,0.557,9.027
-1.881,1.558,9.075
-1.648,1.627,9.853
-2.766,1.122,10.511
-2.053,0.945,10.525
-1.357,0.105,9.903
-2.089,-1.081,8.888
-1.5,-1.182,9.295
-0.447,-0.909,9.508
-0.33,-1.78,9.563
-1.704,-2.038,9.647
-1.055,-2.486,9.948
-0.467,-2.409,9.917
-0.746,-2.35,10.032
-1.182,-2.948,9.092
-0.383,-3.273,9.312
0.335,-3.357,9.422
-0.514,-3.522,9.039
-0.299,-3.457,7.802
0.61,-3.811,6.97
0.689,-3.211,8.381
1.189,-3.589,8.506
1.225,-2.986,7.845
1.854,-3.429,6.759
2.213,-4.541,6.9
2.785,-4.522,6.269
3.271,-2.974,5.467
3.907,-1.232,5.151
4.847,-3.347,4.113
5.302,-5.142,2.845
8.364,0.797,2.11
11.381,0.345,0.88
11.896,-4.271,2.596
10.702,-4.761,3.319
10.657,2.673,6.013
14.784,7.29,1.383
16.621,1.804,3.431
13.93,-2.235,1.177
13.635,9.195,1.282
12.784,16.229,8.187
19.066,21.091,8.604
12.918,11.951,7.08
10.712,12.776,4.984
11.367,15.659,5.577
11.078,19.275,0.806
8.908,7.551,-0.584
8.486,5.51,8.154
7.788,1.895,7.173
4.701,9.343,2.792
6.206,14.882,3.137
4.197,14.961,5.395
6.903,11.214,0.632
-8.683,4.046,-3.979
1.948,1.538,4.297
-3.11,13.69,3.618
-7.221,24.967,1.026
5.745,12.764,-1.227
1.806,10.814,-1.426
-0.041,13.398,-2.814
4.431,12.748,-1.701
-3.287,14.233,-1.395
-0.488,11.286,0.323
-2.986,9.439,1.955
-2.732,9.092,2.345
-1.4,6.991,2.067
-4.02,3.474,2.299
-4.316,6.35,0.88
-4.706,6.266,1.28
-3.938,6.465,1.366
-3.158,6.795,1.242
-3.488,6.45,0.912
-4.859,6.292,-0.682
-2.086,6.135,-1.672
-2.9,6.532,-1.572
-3.333,6.871,-1.239
0.974,7.264,-0.122
-2.35,8.302,-1.062
-4.448,5.666,-0.237
-2.16,6.517,-0.206
-1.835,7.434,0.012
-2.323,6.515,-0.22
-1.227,6.824,-0.837
0.033,7.69,-1.225
0.567,9.247,-0.038
-0.538,11.011,0.579
-2.225,11.214,0.445
-2.893,10.058,1.342
0.428,9.554,0.775
2.371,9.161,1.273
2.598,9.836,2.469
2.665,11.472,2.582
2.524,11.609,1.854
2.646,11.487,3.161
1.412,11.405,3.881
0.613,11.207,4.154
0.804,10.487,4.328
0.725,8.922,4.572
1.637,8.195,4.965
1.247,9.664,5.477
0.739,10.279,5.534
1.048,10.36,5.508
0.974,9.566,4.965
1.742,9.298,5.278
1.555,9.515,6.025
1.392,9.781,5.467
0.95,9.006,5.118
0.998,8.463,5.295
0.603,8.647,5.967
1.084,8.91,6.4
0.888,9.063,6.517
0.799,9.094,6.046
0.816,8.207,6.008
1.034,8.116,6.058
0.644,8.18,6.563
0.428,8.369,6.635
-0.524,8.238,6.757
-0.49,8.656,7.166
-0.05,8.716,7.735
0.184,8.321,7.687
0.613,7.695,7.374
0.512,6.874,7.223
0.345,6.529,7.467
0.225,6.967,7.771
-0.268,6.618,7.711
-0.517,6.424,7.515
-0.404,6.678,7.611
-0.596,6.424,7.795
-1.189,6.008,8.491
-0.725,6.271,8.463
-1.773,6.766,8.69
-0.404,6.955,9.178
-0.51,6.386,9.207
-0.83,5.395,9.561
-1.852,5.264,9.422
-2.407,4.225,8.998
-1.235,3.902,9.082
-0.914,2.842,9.214
-1.318,1.89,9.264
-1.634,1.974,9.427
-0.766,1.558,9.283
-1.249,1.361,9.609
-1.531,1.345,9.735
-1.859,0.311,9.592
-1.479,-0.457,10.24
-0.967,-0.093,10.535
-0.95,-0.701,9.917
-0.117,-1.838,9.743
-0.861,-2.029,9.465
-0.311,-2.39,9.314
-0.423,-3.503,8.817
-0.282,-4.338,8.843
0.167,-3.761,8.979
0.787,-2.802,8.865
-0.189,-2.227,8.704
-1.725,-2.11,8.503
-0.933,-1.747,8.965
0.596,-2.603,8.388
1.648,-4.055,6.761
1.711,-5.271,6.836
2.105,-4.867,7.084
2.742,-3.476,7.379
3.235,-3.244,6.273
3.223,-4.905,5.795
2.457,-6.096,6.675
3.833,-3.187,5.962
3.921,1.763,4.596
4.819,2.56,2.687
6.793,-3.077,2.869
3.816,-9.489,5.984
8.91,-7.606,5.697
11.145,-0.83,3.814
8.312,1.232,3.85
12.035,3.149,4.472
12.544,-0.455,3.993
12.719,-0.124,2.608
14.875,2.617,3.333
22.639,3.496,-4.218
14.466,7.762,1.225
15.155,11.719,3.479
12.975,16.516,4.295
11.556,11.525,8.678
13.36,9.455,1.459
19.102,13.102,3.534
13.379,14.355,3.06
15.341,11.111,3.96
6.675,9.132,3.254
7.372,6.608,2.149
7.982,9.042,5.938
12.678,11.843,6.477
3.725,13.202,2.718
2.261,11.164,-0.656
6.517,7.089,1.735
4.35,7.723,0.785
2.184,10.197,-0.591
-3.259,15.045,2.16
-0.557,15.889,-1.732
4.067,14.449,-2.577
1.534,12.267,-3.175
-4.304,12.408,0.306
-2.395,13.422,-1.125
-2.105,12.635,-1.314
-2.704,10.738,0.165
-1.885,9.25,1.244
-2.483,8.257,2.192
-2.864,7.319,2.455
-2.634,5.802,0.77
-2.924,3.991,0.909
-3.847,4.802,0.78
-3.402,6.264,1.577
-3.519,7.632,1.57
-3.62,6.4,0.933
-3.61,5.536,0.043
-4.343,4.874,-0.758
-4.201,5.644,-0.301
-3.259,6.797,0.476
-0.407,6.876,-0.718
-1.897,8.561,-0.103
-2.847,8.415,-0.323
-3.948,8.53,0.483
-2.503,8.659,0.012
-0.438,8.518,0.132
0.696,8.422,0.646
1.048,8.987,1.299
-0.502,9.324,2.208
-2.318,9.551,2.443
-1.366,10.063,2.266
-0.086,10.286,2.517
0.955,10.69,2.931
1.857,11.334,4.352
1.347,10.204,5.151
0.821,9.204,4.733
0.328,8.747,4.63
0.057,9.197,4.51
0.364,10.118,4.96
4.273,9.912,5.685
0.912,10.685,5.091
1.208,9.999,4.965
0.665,9.726,4.792
0.629,9.774,4.902
0.646,9.4,4.89
0.49,8.707,4.094
0.012,8.037,4.23
0.414,8.405,4.819
0.038,8.68,5.718
-0.053,9.101,5.407
0.356,8.998,5.029
0.641,9.123,4.835
0.682,8.948,4.694
0.983,9.037,5.201
0.658,9.104,5.484
0.438,9.082,5.584
0.83,8.888,5.474
0.61,8.843,5.898
0.093,8.527,5.965
0.086,8.479,5.297
0.218,8.486,5.902
0.562,8.209,6.247
0.498,8.515,6.111
0.493,8.503,6.529
0.196,8.458,6.788
0.691,8.082,6.812
0.213,7.881,6.994
0.266,7.57,7.439
0.179,7.01,7.374
-1.27,7.111,7.175
-0.857,6.192,7.47
-0.964,5.929,7.848
0.433,6.367,8.585
-1.199,6.556,9.434
-0.809,5.687,7.927
-0.854,5.192,8.513
-0.969,5.46,9.147
-0.998,5.706,10.434
-0.581,4.8,10.63
-0.522,4.364,10.235
-0.5,3.56,9.427
-0.845,1.663,8.795
-1.4,1.428,9.499
-0.909,1.9,10.776
-0.246,1.648,10.219
-0.9,0.213,9.893
-0.565,-0.201,9.678
0.033,-0.447,9.814
-0.079,0.098,10.176
-0.4,0.06,10.348
-1.146,-0.486,10.099
-0.935,-1.392,10.427
-1.019,-1.66,10.496
-0.055,-1.529,10.152
-0.287,-2.096,9.869
-0.01,-2.22,9.592
-0.287,-2.996,8.965
-0.569,-3.907,8.829
0.237,-3.699,8.841
1.304,-3.268,7.84
0.285,-4.075,8.01
0.124,-3.254,8.046
0.742,-2.682,8.18
1.89,-2.763,7.139
2.816,-4.261,6.039
2.919,-6.422,7.288
2.062,-5.565,7.168
1.931,-3.838,7.127
2.251,-2.565,5.359
2.287,-2.625,5.012
3.297,-5.058,5.692
4.981,-6.046,5.125
6.927,-0.988,4.288
8.522,0.591,1.359
13.078,-3.113,-0.098
8.958,-2.656,2.089
9.939,-3.388,4.484
10.582,-2.601,4.883
10.374,2.73,5.34
9.994,0.423,3.945
13.53,3.079,3.809
16.327,9.245,2.225
16.298,1.754,5.087
15.626,8.862,0.589
11.989,17.32,3.912
14.37,18.674,4.682
10.972,10.625,6.237
29.953,10.989,3.256
5.572,13.075,7.19
7.625,14.274,4.029
8.958,12.807,1.983
7.838,6.027,1.948
5.795,2.192,3.936
4.68,7.24,4.127
0.089,13.087,4.455
-0.952,16.363,2.818
2.603,13.291,3.886
-1.993,5.34,0.316
1.058,6.891,-0.005
-1.299,16.949,-0.189
-1.072,21.112,-2.541
4.02,14.164,-3.608
3.058,10.891,0.691
0.194,13.319,0.151
1.098,13.607,0.44
-1.354,12.652,-0.481
10.554,-1.208,1.948
8.735,-0.495,3.493
9.298,-0.529,3.237
9.544,-2.247,5.103
10.369,-1.558,5.163
10.886,-0.933,5.599
30.836,0.866,-7.063
14.556,6.295,5.053
15.028,8.841,2.737
13.898,3.546,2.22
10.972,5.778,3.529
11.484,10.972,1.665
12.47,15.987,4.228
11.965,14.607,5.958
17.504,13.652,3.768
11.76,11.381,-1.467
6.781,10.357,-1.067
12.295,6.74,0.718
10.262,4.699,4.5
6.694,7.75,6.919
5.259,13.836,3.601
4.218,16.341,3.072
1.57,12.468,4.962
-0.998,6.994,0.682
4.053,8.891,-3.572
5.895,9.515,-4.864
0.904,12.171,-4.02
0.706,14.15,3.232
2.716,14.011,1.215
0.538,14.542,-3.235
-2.098,13.09,-3.01
-10.235,13.853,-3.385
-1.68,13.224,0.438
-1.366,12.209,1.184
-0.498,12.262,0.522
-1.376,8.984,1.242
-2.417,6.735,1.565
-3.821,4.838,1.787
0.443,3.852,3.113
-3.948,6.886,0.182
-4.07,6.393,0.505
-4.369,5.914,0.77
-3.881,6.627,0.897
-3.933,6.819,1.459
-4.323,7.075,0.443
-4.843,7.352,-0.22
-3.835,7.948,0.1
-2.761,7.939,-0.196
-2.089,7.812,-0.665
-2.663,7.656,-0.797
-1.28,9.058,-0.907
-1.464,9.542,0.73
-0.273,9.64,1.036
1.019,9.802,-0.421
0.885,10.786,-0.739
-0.273,12.135,0.266
-3.708,12.171,1.189
-4.089,10.996,1.263
-0.971,10.094,1.651
1.309,10.087,2.912
2.402,10.42,3.196
2.761,10.468,3.091
2.759,9.506,3.665
1.464,8.817,3.929
-0.416,9.432,4.424
-1.589,10.192,3.988
-2.383,9.908,3.941
-1.414,9.776,3.665
-0.376,9.668,4.115
0.194,9.484,4.335
0.007,9.508,4.132
-0.124,9.319,3.981
-0.01,8.616,4.264
-0.34,8.171,4.589
-0.469,8.802,4.823
-0.435,9.369,5.079
-0.201,9.558,5.166
-0.177,9.219,5.333
-0.275,9.065,5.3
-0.227,9.046,5.398
-0.653,8.874,5.984
-0.409,8.376,6.206
-0.065,8.336,6.058
-0.129,8.187,5.728
-0.536,8.278,6.032
-0.95,8.262,6.077
-0.993,7.563,5.96
-1.046,7.343,6.005
-0.938,7.718,6.362
-0.993,8.108,6.307
-0.857,8.061,6.761
-0.766,7.833,6.73
-0.773,7.285,6.864
-1.103,7.144,7.144
-0.921,6.871,7.381
-0.615,6.592,7.706
-1.299,6.19,7.522
-1.347,6.166,7.68
-1.546,6.312,7.955
-2.35,6.781,8.132
-2.122,6.493,8.326
-0.718,5.869,8.482
-1.653,5.78,8.431
-1.349,5.132,8.374
-1.515,4.12,8.836
-1.928,3.615,8.841
-2.139,3.18,9.281
-1.957,3.385,9.408
-1.871,3.388,9.544
-1.948,2.864,9.939
-1.526,2.61,9.96
-1.237,1.854,9.831
-2.177,0.909,9.326
-2.668,0.861,9.649
-2.706,0.993,10.348
-1.574,1.471,10.405
-0.83,0.727,10.125
-0.392,-0.89,8.886
-1.534,-3.979,9.247
-0.565,-3.534,8.484
-0.321,-3.591,8.369
0.813,-3.074,7.687
0.935,-3.35,7.513
0.49,-3.814,8.558
1.443,-3.108,8.592
2.529,-2.649,6.587
4.309,-3.708,4.242
4.505,-4.0,4.725
3.907,-3.019,6.099
3.931,0.629,5.041
5.405,5.57,1.237
6.333,0.433,0.825
3.864,-6.331,4.252
9.812,-6.233,5.761
14.288,1.098,2.168
12.846,3.517,5.759
9.384,-1.127,5.367
12.798,-3.773,5.501
14.882,6.139,2.077
17.784,10.903,4.163
13.903,5.831,4.288
14.513,7.984,5.065
15.801,11.563,3.388
14.755,12.669,5.591
12.707,15.923,8.463
6.644,15.54,8.57
5.735,12.157,4.302
14.367,7.867,1.18
4.532,8.738,1.031
12.566,8.266,0.347
6.754,7.154,5.797
6.982,10.712,5.383
5.568,14.729,5.74
0.89,13.425,5.713
0.974,9.819,3.876
2.68,7.049,0.043
2.345,8.415,-3.902
4.225,10.817,-0.622
2.144,10.448,4.285
3.759,13.549,0.811
2.555,12.343,-3.228
4.333,11.315,-2.168
6.687,10.881,-7.905
0.103,11.161,0.754
-1.361,10.546,1.536
-1.007,10.171,0.139
-1.986,9.63,1.129
-2.859,9.432,0.864
-2.57,9.649,0.117
-2.292,7.077,0.165
-3.591,8.082,0.062
-3.027,7.924,0.156
-2.237,7.072,1.711
-2.644,7.149,0.187
-2.909,6.383,-1.349
-1.555,5.199,-2.931
-1.78,6.69,-1.596
-1.383,7.884,-0.821
-0.428,7.659,-1.349
0.179,7.702,-1.983
-0.144,8.664,-1.347
-0.959,9.015,-0.467
-2.421,7.393,0.842
-2.259,7.24,1.658
-1.029,8.333,3.338
-0.067,8.664,4.199
1.457,9.319,3.661
1.804,8.702,3.132
0.203,7.321,2.909
-0.914,7.644,4.154
-1.029,8.494,6.355
-0.39,10.219,6.462
0.859,9.939,4.752
6.405,9.183,3.926
1.637,11.204,5.556
4.517,10.441,5.364
2.417,9.845,5.486
1.409,10.216,5.441
1.196,9.764,4.594
0.713,9.278,4.467
1.373,9.47,4.469
0.687,9.735,4.465
0.584,9.932,4.673
0.699,10.417,5.462
1.354,10.176,5.816
1.637,9.709,5.484
1.835,9.271,5.067
1.706,9.42,5.266
1.091,9.142,4.95
1.22,8.924,5.003
0.754,8.881,5.381
0.462,8.565,5.678
0.833,8.821,5.127
1.639,8.915,4.668
1.964,8.625,5.285
1.113,8.094,5.548
0.84,8.108,5.367
0.433,8.104,4.941
0.648,8.565,4.795
1.23,8.616,5.4
0.935,8.039,5.548
0.38,7.927,5.278
0.591,8.262,5.211
1.223,8.453,5.613
1.134,8.233,5.819
0.423,7.852,5.532
0.534,8.149,5.575
0.708,8.599,5.752
0.593,8.266,5.864
0.258,7.611,5.589
-0.165,7.599,5.838
-0.266,8.118,6.237
-0.708,8.434,6.745
0.191,8.269,7.077
0.167,7.814,6.553
-0.278,7.711,6.56
0.005,7.376,7.35
0.105,8.171,6.879
0.426,7.912,7.494
0.33,7.415,7.094
0.359,7.06,7.281
-0.244,6.02,6.752
-0.818,5.926,7.348
-0.105,6.441,7.994
-0.091,6.666,8.853
-0.593,6.486,9.245
-0.66,6.422,8.908
0.258,5.902,8.417
-1.89,5.352,8.63
-0.691,4.154,8.886
-0.589,3.594,9.106
-0.237,4.922,8.754
-0.275,4.29,9.987
-0.809,3.905,10.8
-0.78,2.689,10.235
-0.852,1.603,10.116
-0.536,1.11,9.446
-0.77,1.17,9.233
-0.297,0.656,9.621
-0.268,0.134,10.503
-1.165,-0.017,10.745
-1.873,0.033,10.113
-2.242,0.225,10.472
-1.184,0.443,9.838
-0.426,-0.007,10.458
-0.158,-0.883,10.293
-1.007,-1.349,10.312
-1.125,-1.567,10.168
-0.971,-1.701,9.783
-0.811,-1.881,9.226
0.146,-2.385,8.506
-0.979,-5.295,8.728
-0.656,-4.855,9.113
-0.067,-2.519,8.821
0.78,-1.079,8.412
1.515,-2.586,7.101
-0.132,-5.352,7.584
0.268,-6.297,8.522
2.603,-3.862,8.307
4.13,-2.235,6.364
4.151,-5.046,5.178
2.304,-7.819,6.51
3.431,-6.429,7.049
4.663,-1.093,4.505
6.147,4.211,0.677
6.759,0.163,2.646
6.816,-5.056,4.488
10.582,-4.24,1.869
10.96,1.464,2.606
8.393,2.579,1.526
6.209,0.163,4.335
13.571,0.177,5.589
18.784,1.771,1.153
14.805,1.73,2.273
15.815,4.85,1.443
16.337,12.36,-0.045
31.704,19.968,-6.371
14.958,14.073,7.735
9.113,13.602,4.68
12.396,18.088,4.857
11.58,12.958,6.465
21.287,10.058,49.474
18.858,10.98,13.406
8.592,8.166,10.209
7.254,6.848,1.629
4.938,10.147,2.871
5.185,9.776,3.412
2.216,9.566,2.955
-2.359,11.408,2.218
-1.991,11.358,0.502
-2.184,10.929,-0.115
-0.636,11.987,3.048
-0.139,14.836,-1.041
1.675,14.109,-3.754
0.888,12.061,-2.077
-1.122,11.386,-0.251
-9.499,13.846,-2.376
-0.474,11.506,0.622
0.043,6.154,1.491
1.242,1.529,0.938
-2.756,2.737,0.644
-4.431,6.692,1.101
-4.402,7.553,0.943
-4.06,8.07,1.371
-4.175,6.84,-0.356
-3.457,6.025,-1.735
-2.431,7.439,-0.495
-0.746,7.448,-0.043
-6.85,7.434,-2.022
-3.156,6.29,-3.979
1.768,4.706,-3.943
0.691,7.285,-0.849
-3.831,9.671,-0.486
-2.668,9.381,-1.445
-2.266,8.561,-0.572
-0.392,9.702,0.361
-0.629,11.236,3.141
-0.983,10.96,3.591
-0.632,9.944,1.907
-1.177,9.963,1.474
-1.857,10.791,1.565
-1.421,11.63,2.134
-0.479,12.484,3.383
0.952,11.231,3.895
1.261,8.996,4.077
0.959,8.008,4.649
-0.347,8.972,4.945
-2.082,9.307,4.907
-0.275,8.597,5.764
0.498,9.465,6.278
1.101,10.932,6.493
0.835,10.805,6.388
0.653,9.845,6.02
0.945,8.58,5.654
-0.081,8.144,5.192
-0.364,8.503,5.166
-0.464,8.463,5.175
-0.218,8.589,5.529
0.311,8.8,6.022
0.184,8.47,5.776
0.285,8.309,5.422
0.144,8.367,5.331
-0.385,8.046,5.563
-0.718,7.836,5.307
-0.876,7.915,5.424
-0.218,8.587,5.833
0.663,8.723,5.845
0.522,7.797,5.96
0.548,7.9,5.998
0.275,8.484,6.034
0.254,8.654,6.08
-0.569,8.838,6.178
-0.383,8.738,6.84
0.079,7.982,6.991
-0.895,7.661,7.951
0.129,7.613,8.592
-1.455,7.47,8.742
0.067,6.163,7.903
-1.302,5.663,8.752
-2.854,5.357,10.456
-0.902,4.321,10.494
-0.431,4.443,9.379
-1.215,3.165,8.879
-1.45,2.261,9.601
-0.847,2.883,10.377
-0.543,1.768,10.568
-1.093,2.062,10.893
-0.373,1.933,10.597
-1.036,0.998,10.02
-1.744,-0.33,9.226
-1.629,-0.005,9.826
-0.421,0.981,10.293
-2.23,0.668,9.934
-1.878,0.603,9.893
-1.718,0.656,10.326
-0.278,1.144,10.621
-1.431,0.5,10.568
-1.699,-0.888,10.015
-1.091,-1.125,10.168
-0.167,-0.711,9.58
-0.885,-1.103,9.551
-1.132,-1.61,9.599
-1.347,-2.622,8.955
-0.711,-3.175,9.448
-0.254,-2.527,9.477
-0.687,-1.919,8.884
-1.062,-2.433,8.14
-0.378,-2.79,8.491
0.732,-1.845,8.439
0.792,-1.041,8.776
0.402,-1.041,8.309
0.476,-1.481,7.824
2.015,-2.862,6.991
2.474,-4.024,7.314
2.326,-4.06,6.812
1.603,-2.723,6.671
2.596,-1.325,5.969
3.503,-2.718,5.974
4.405,-4.599,5.687
5.874,-3.969,5.501
7.544,-0.438,4.194
8.762,-0.275,2.419
9.07,-1.967,5.434
9.671,-2.007,5.417
10.515,-0.007,3.711
12.128,3.206,3.421
12.604,1.981,5.907
12.025,4.433,5.474
12.561,2.517,2.476
12.025,3.79,2.768
14.102,12.626,2.041
12.918,15.767,6.486
11.951,14.154,6.962
9.353,13.939,8.429
10.252,14.2,7.465
8.006,9.453,5.146
8.195,6.836,1.412
8.687,4.926,1.325
9.58,7.388,2.711
8.592,6.919,2.479
7.163,7.022,2.96
6.261,8.817,3.505
2.196,9.676,4.627
0.845,9.814,2.929
1.861,7.759,2.029
3.551,8.403,1.62
3.414,10.228,1.067
3.586,10.389,-0.529
-0.223,10.47,1.11
0.328,13.623,0.27
2.383,11.011,-0.596
1.759,11.133,-1.263
0.656,11.25,-0.672
-0.045,11.623,-1.414
-0.388,11.405,-1.007
-0.519,9.862,0.036
-1.409,9.606,0.206
-1.529,8.719,1.845
-1.78,8.477,2.07
-1.921,7.905,2.507
-2.747,8.778,-0.895
-4.168,6.979,2.393
-4.02,8.233,2.223
-4.783,8.36,2.778
-5.242,9.173,3.335
-9.039,4.292,5.62
-9.85,3.486,4.474
-8.647,2.397,4.307
-8.869,3.464,3.196
-7.183,2.991,2.644
-5.393,1.572,0.794
-6.082,0.572,-0.304
-6.74,1.187,0.057
-3.869,2.804,0.534
-1.723,3.637,1.416
-1.376,3.476,3.498
-1.933,2.137,4.893
-2.696,0.39,4.142
-3.838,-2.074,0.624
-6.548,-2.603,3.086
-4.091,0.246,8.678
-6.008,2.658,45.258
7.192,0.586,5.099
-1.591,-7.431,-3.35
-5.84,-4.481,0.742
-2.658,1.467,3.67
-1.677,2.137,13.937
-2.943,2.012,14.406
-1.122,0.431,9.051
-3.244,-1.907,7.46
-1.101,-1.948,12.08
-0.651,-2.388,10.264
0.141,-2.187,10.496
-0.151,-0.467,7.939
-2.732,-0.627,11.082
-6.694,-3.266,12.465
0.883,-5.603,6.465
2.115,-1.546,9.063
-2.668,-1.971,9.022
1.321,-0.825,7.441
-1.644,-0.737,18.088
2.684,5.718,9.644
1.249,9.532,8.733
-1.761,6.041,10.03
-2.232,1.297,9.321
2.369,4.142,4.977
-3.893,6.809,11.7
-0.775,7.479,9.867
-0.139,5.151,9.123
-0.718,4.749,9.247
-0.043,4.24,9.475
0.122,3.63,9.745
-1.127,2.921,9.618
-0.742,2.981,9.57
-0.529,2.847,9.652
-0.62,2.151,9.735
-0.12,2.046,9.53
-0.134,3.17,9.484
-0.416,3.175,9.585
-0.866,3.299,9.147
-0.61,2.204,9.711
-0.514,1.878,9.575
-0.522,2.273,9.668
-0.744,2.646,9.819
-0.589,2.61,9.494
-0.672,2.651,9.353
-0.167,3.553,9.515
-0.112,2.823,9.788
-0.165,2.297,9.534
-0.412,2.067,9.42
-1.038,2.821,9.757
1.962,1.967,9.216
-0.531,3.189,10.101
-1.84,2.216,9.805
0.081,2.483,9.365
-0.572,1.936,10.154
0.045,2.35,9.616
-1.806,2.783,9.549
-2.223,3.012,9.824
-2.369,2.201,9.953
-0.522,2.132,9.726
-0.663,2.079,9.853
-1.388,2.663,9.501
-0.706,3.07,9.458
-0.955,3.062,9.855
-0.682,3.237,9.678
-0.935,1.964,9.941
-0.404,1.725,9.776
0.036,1.971,10.034
0.005,1.581,9.558
-0.505,1.036,9.566
-0.78,1.349,10.034
-0.761,2.273,9.855
-1.924,2.728,9.929
-1.725,2.431,9.97
-0.493,1.826,9.829
-0.165,1.943,9.477
-0.773,1.878,10.109
-0.371,1.998,9.774
-1.007,2.091,9.793
-1.782,2.536,9.979
-1.06,2.184,9.793
-0.613,1.608,9.676
-0.78,1.445,9.609
-0.883,2.105,10.147
-0.818,2.72,9.731
-0.624,2.562,9.542
-0.601,1.885,9.604
-0.395,1.833,9.714
-0.383,2.591,9.781
-0.452,3.235,9.97
-1.12,2.61,9.927
-1.151,2.055,9.924
0.007,2.402,9.7
0.184,2.751,9.802
-0.715,2.137,9.874
-0.581,1.632,9.752
-0.062,1.926,9.879
-0.395,2.373,10.07
-0.749,2.194,10.025
-0.859,1.67,9.771
-1.096,1.534,10.156
-0.665,1.347,9.793
-0.141,0.895,9.697
-0.462,0.675,9.915
-0.696,1.345,9.982
-0.849,1.948,9.92
-1.244,1.814,9.946
-1.299,1.548,10.07
-1.019,1.778,9.879
-0.402,1.672,10.073
-0.83,1.641,9.776
-1.225,1.208,10.128
-1.026,1.302,10.001
-0.557,1.407,9.472
-0.904,0.756,10.125
-1.335,1.457,9.994
-1.005,2.256,10.006
-1.074,2.07,10.027
-1.175,1.565,9.879
-1.208,1.16,9.743
-1.069,1.409,9.912
-0.586,1.689,9.999
-0.651,1.584,9.671
-1.12,1.601,10.006
-1.428,2.027,9.989
-1.096,2.326,10.176
-0.512,1.957,9.831
-0.56,1.347,9.783
-1.029,0.924,9.757
-0.871,1.644,10.044
-0.725,2.476,9.755
-0.751,2.115,10.042
-1.345,1.672,10.185
-1.16,1.727,9.924
-0.945,1.782,9.903
-1.031,1.361,9.788
-0.684,0.945,9.946
-0.699,1.292,9.872
-1.034,1.476,9.963
-0.883,1.546,9.896
-0.526,1.605,9.946
-0.77,1.598,9.869
-0.689,1.498,9.994
-0.761,1.921,9.958
-0.644,1.701,9.807
-0.842,1.56,9.908
-0.852,1.723,9.857
-0.632,1.617,9.96
-0.636,1.94,9.9
-0.792,1.993,9.812
-0.883,1.541,9.867
-0.833,1.739,9.606
-0.699,1.964,10.448
-0.371,1.897,9.824
-0.648,1.141,9.654
-0.744,1.51,9.621
-0.648,1.964,9.881
-0.756,2.333,9.822
-0.567,2.44,9.623
-0.464,2.555,9.85
-0.347,2.608,9.52
-0.301,2.46,9.577
-0.624,2.972,9.836
-1.01,3.431,9.63
-0.938,3.381,9.475
-0.505,2.536,9.314
-0.33,2.988,9.338
-0.534,3.905,9.566
-0.742,4.163,9.479
-0.596,4.469,10.195
-0.177,3.775,7.503
-0.586,1.151,9.467
-0.242,3.945,4.771
-0.524,3.589,9.568
-0.378,3.548,9.02
-0.679,3.374,9.13
-0.569,3.474,6.254
-0.156,4.345,10.463
-0.641,4.709,9.125
-0.809,4.666,8.963
-0.986,4.639,10.465
-0.701,3.058,8.845
-0.763,4.201,9.522
-0.402,4.773,8.898
-0.921,5.115,9.374
-0.818,4.936,9.132
-0.634,4.429,9.286
-0.852,3.881,8.783
-0.967,4.221,8.798
-0.787,3.402,8.604
-0.979,4.431,9.269
-0.019,4.338,10.664
0.385,4.256,8.424
-0.572,4.405,9.063
-1.581,4.201,9.29
-0.656,3.799,8.826
-0.761,4.35,9.061
-0.191,4.699,9.527
-0.651,3.936,8.893
-1.404,4.424,9.099
-1.218,4.783,8.972
10.944,4.058,7.907
-8.262,4.857,9.747
-12.25,3.888,10.097
1.955,3.345,7.843
4.68,5.015,8.429
-0.964,3.929,9.592
-3.108,2.495,9.14
-0.38,3.369,9.207
-1.163,3.965,9.377
-0.991,4.146,9.355
-1.759,4.003,9.216
-0.95,3.472,9.209
-1.333,3.773,9.271
-1.122,3.761,9.135
-1.093,4.115,9.317
-0.763,3.807,9.018
-1.376,3.249,9.365
-1.077,3.261,9.379
-1.058,3.402,9.159
-1.208,3.728,9.372
-1.361,3.823,9.377
-1.113,3.854,9.235
-0.935,3.804,9.333
-0.947,3.723,9.367
-1.077,3.589,9.324
-0.912,3.555,9.312
-1.038,3.515,9.345
-1.139,3.596,9.455
-1.117,3.462,9.338
-1.299,3.338,9.427
-1.196,3.39,9.489
-1.05,3.467,9.329
-1.005,3.505,9.405
-1.06,3.584,9.496
-1.235,3.309,9.539
-1.139,3.23,9.479
-0.998,3.019,9.314
-1.014,2.876,9.429
-0.955,3.22,9.386
-1.002,3.421,9.501
-0.95,3.376,9.398
-0.974,3.249,9.467
-1.06,3.077,9.678
-1.201,2.766,9.743
-1.443,2.378,9.613
-1.526,2.074,9.599
-1.397,2.003,9.585
-1.151,2.335,9.611
-1.101,2.804,9.635
-1.153,3.101,9.666
-1.151,3.144,9.635
-1.113,3.072,9.652
-1.081,3.082,9.577
-0.957,3.019,9.558
-0.847,3.06,9.587
-0.959,2.723,9.805
-1.048,2.35,9.7
-0.935,2.117,9.611
-1.007,2.345,9.649
-1.16,2.512,9.711
-1.199,2.517,9.711
-0.981,2.632,9.69
-0.981,2.649,9.709
-0.952,2.651,9.676
-0.811,2.713,9.678
-0.852,2.5,9.69
-0.976,2.235,9.711
-1.038,2.304,9.649
-0.976,2.462,9.704
-1.115,2.476,9.774
-1.079,2.567,9.58
-0.821,2.708,9.695
-0.962,2.718,9.841
-0.952,2.634,9.831
-0.969,2.594,9.563
-0.947,2.448,9.719
-1.395,2.586,9.807
-1.261,2.641,9.726
-1.065,2.402,9.585
-0.409,2.23,9.833
-0.603,1.653,10.082
-1.474,1.531,10.212
-0.749,4.015,10.29
-0.488,3.886,10.293
0.433,4.311,9.991
-2.323,1.909,9.544
-1.505,0.151,9.508
-1.627,0.27,9.551
-0.268,1.615,9.424
-1.196,2.582,10.355
-0.62,2.196,9.956
-0.746,2.823,9.862
-1.531,2.072,10.03
-1.314,2.574,9.939
-2.701,0.404,9.317
-2.201,1.321,10.049
0.103,3.199,9.685
-0.962,1.771,9.798
-3.687,2.847,10.408
-1.704,1.275,10.238
-1.27,0.986,9.46
-0.529,1.78,9.518
-1.225,2.254,10.104
-1.483,2.297,9.857
-0.919,3.194,9.817
-1.002,1.314,9.826
-0.668,2.16,9.518
-1.058,2.366,9.795
-1.617,1.122,9.896
-1.593,2.01,9.824
-1.522,1.677,9.661
-1.83,1.361,9.757
-1.782,2.261,9.877
-1.806,1.467,9.735
-2.189,1.895,9.769
-1.938,2.22,9.91
-1.641,1.57,9.812
-2.249,1.675,9.628
-2.201,1.194,9.9
-1.641,1.543,9.781
-1.921,1.811,9.726
-1.849,1.474,9.845
-1.641,1.376,9.644
-1.206,2.074,9.506
-1.787,2.067,9.805
-1.574,1.68,10.09
-1.797,1.804,9.788
-1.388,1.809,9.697
-1.493,1.969,9.774
-1.359,2.055,9.81
-1.596,2.022,9.922
-1.605,1.337,9.659
-1.438,1.27,9.616
-1.357,1.835,9.599
-1.522,2.634,9.269
-1.727,2.704,10.264
-2.204,2.299,9.822
-2.445,1.483,10.025
-2.266,2.024,10.111
-2.44,2.464,10.3
-1.127,2.091,9.958
-0.4,0.514,9.329
0.342,0.668,9.219
-1.115,2.366,9.527
-2.737,1.34,9.506
-1.938,2.366,9.984
-1.443,2.266,9.958
-1.273,1.976,9.817
-1.352,1.83,9.795
-1.4,1.857,9.934
-1.881,2.077,9.948
-1.471,1.835,9.891
-0.813,1.591,9.762
-0.479,1.546,9.616
-1.156,1.68,9.711
-1.18,1.979,9.984
-1.373,1.988,9.987
-0.711,2.055,9.716
-1.041,1.397,10.068
-1.11,1.531,10.078
-1.165,2.005,9.872
-1.05,1.56,9.877
-1.093,1.369,9.922
-1.244,1.479,10.07
-1.177,1.498,9.97
-1.065,1.67,9.86
-0.962,1.421,9.891
-1.086,1.526,9.963
-1.06,1.577,10.046
-0.974,1.718,9.872
-1.139,1.778,9.829
-1.266,1.476,9.922
-1.263,1.419,10.034
-1.153,1.34,9.999
-1.311,1.34,9.831
-1.148,1.026,9.967
-1.251,1.282,9.979
-1.156,1.457,9.867
-1.115,1.419,10.018
-1.113,1.467,10.054
-1.05,1.51,9.996
-1.103,1.395,9.941
-1.23,1.225,9.886
-0.859,1.213,9.924
-1.285,1.201,10.113
-1.318,1.117,10.018
-1.067,1.041,9.967
-1.282,1.297,9.917
-1.357,0.89,9.9
-1.538,0.804,9.934
-1.438,1.029,10.164
-1.244,1.187,9.979
-1.005,1.18,9.805
-1.146,1.251,10.082
-1.249,1.316,10.063
-1.139,1.294,10.044
-1.132,1.182,9.836
-1.101,1.23,9.807
-1.038,1.261,9.951
-1.086,1.44,9.951
-0.993,1.433,9.975
-1.072,1.182,9.975
-1.117,0.947,9.927
-1.019,1.108,9.944
-1.079,1.175,10.042
-1.024,1.517,9.884
-0.885,1.4,9.805
-0.809,1.203,10.032
-1.077,1.342,10.171
-1.084,1.605,9.987
-1.019,1.359,9.822
-1.069,1.089,9.963
-1.074,1.314,10.061
-1.098,1.132,10.121
-1.014,1.311,9.879
-1.17,1.275,9.9
-1.041,1.11,9.996
-1.098,1.388,9.989
-0.914,1.493,9.805
-0.888,1.388,9.879
-1.115,1.122,10.027
-1.156,1.098,10.104
-0.959,1.249,9.869
-0.962,1.316,9.762
-0.95,1.67,9.788
-0.935,1.464,9.939
-0.864,1.292,10.104
-0.89,1.354,9.996
-1.026,1.608,9.831
-0.869,2.031,9.963
-0.813,1.924,10.109
-0.928,1.404,10.061
-0.916,1.357,9.838
-0.933,1.242,9.915
-0.931,1.491,10.023
-0.861,1.505,9.924
-0.9,1.493,9.824
-0.94,1.656,9.826
-0.88,1.725,9.972
-0.919,1.682,10.111
-1.18,1.708,10.087
-1.06,1.39,9.881
-0.825,1.113,9.987
-0.254,5.883,10.994
-2.608,-6.766,12.121
-1.835,-0.459,15.138
0.304,6.359,11.676
-0.945,1.058,9.53
-1.132,2.146,10.13
-0.797,1.998,10.18
-0.792,1.579,9.889
-0.883,1.428,9.994
-0.639,1.402,9.829
-1.034,1.912,9.905
-0.787,1.916,9.755
-0.828,1.792,9.774
-0.804,1.744,10.09
-0.691,2.027,10.001
-1.101,2.397,9.826
2.371,2.309,7.709
0.014,1.084,9.64
-0.737,1.51,10.252
-0.902,2.227,10.037
-1.134,2.68,9.688
-1.18,2.417,9.508
-1.696,1.529,9.455
-0.208,1.605,10.245
0.888,2.347,9.439
-2.127,4.254,9.63
-0.483,1.742,9.3
-1.311,2.268,9.721
-0.758,1.974,9.613
-1.144,1.531,9.743
-0.115,1.433,9.13
0.524,3.74,8.589
-1.507,4.405,9.979
-1.196,4.134,10.118
-0.993,3.18,9.343
-2.062,4.4,9.331
-1.562,3.936,9.53
-1.132,3.57,9.008
-2.524,-0.002,7.185
-0.613,5.551,9.345
-1.206,5.429,9.365
-1.467,4.216,9.188
-1.328,4.56,9.228
-1.589,4.103,9.113
-1.175,3.795,8.946
-4.912,1.089,10.867
-2.428,5.718,8.616
-1.18,4.058,9.975
-1.593,3.828,9.549
-2.058,4.283,8.585
-2.637,1.775,8.494
-0.758,4.362,9.168
-1.215,4.106,8.905
-1.278,4.288,9.199
-1.091,3.847,9.039
-1.388,4.003,9.226
-2.101,4.481,9.341
-1.66,4.11,9.262
-1.263,3.596,9.183
-1.263,2.876,9.056
-1.371,2.553,9.07
-1.273,3.225,9.092
-1.148,4.235,9.183
-1.558,4.484,9.286
-1.964,3.78,9.307
-1.431,3.543,9.25
-1.065,3.443,9.006
-1.261,3.79,9.144
-1.366,4.244,9.161
-1.357,4.259,9.264
-1.524,4.127,9.13
-1.383,4.02,9.087
-1.33,3.819,9.283
-1.388,3.785,9.216
-1.187,3.816,9.147
-1.325,4.101,9.238
-1.294,4.374,9.35
-1.467,3.39,9.417
-1.452,2.522,9.147
-1.127,2.684,9.006
-1.381,3.565,9.295
-1.474,4.048,9.288
-1.196,3.984,9.149
-1.29,4.223,9.207
-1.558,4.448,9.4
-1.352,4.503,9.283
-1.148,3.871,9.061
-1.273,3.359,9.132
-1.225,3.338,9.281
-1.237,3.586,9.188
-1.364,3.948,9.233
-1.414,3.871,9.178
-1.455,3.725,9.317
-1.316,3.649,9.254
-1.189,3.405,9.245
-1.409,3.622,9.092
-1.402,4.005,9.305
-1.586,3.919,9.302
-1.4,3.618,9.037
-1.371,3.603,9.039
-1.615,3.929,9.276
-1.412,3.876,9.185
-1.275,3.457,9.185
-1.242,3.634,9.257
-1.323,4.079,9.656
-1.699,3.737,9.262
-1.486,3.653,8.831
-1.873,3.634,9.223
-2.139,3.917,9.393
-1.562,3.883,9.223
-1.754,2.981,9.188
-1.668,3.508,9.348
-1.55,4.168,9.326
-1.639,3.689,9.302
-1.581,2.969,9.214
-1.459,3.18,9.264
-1.579,3.546,9.489
-1.73,3.804,9.475
-1.708,3.831,9.353
-1.653,3.445,9.132
-1.464,3.263,9.252
-1.672,3.596,9.278
-1.701,3.548,9.477
-1.727,2.919,9.226
-1.823,2.871,9.121
-1.56,3.677,9.3
-1.567,3.919,9.393
-1.756,3.575,9.386
-1.625,3.015,9.357
-1.541,2.85,9.288
-2.689,5.682,5.929
-3.479,6.747,11.829
2.512,4.488,6.57
0.227,4.036,8.082
-1.34,2.816,9.594
-3.232,-4.264,10.635
-2.658,-3.467,10.121
-1.536,1.622,7.12
-0.215,10.735,10.822
-3.249,9.932,11.783
-2.261,2.548,8.262
-0.615,0.574,8.934
-1.354,1.945,8.525
-0.979,3.996,11.295
-1.904,3.424,9.384
-1.026,5.089,11.453
-1.512,3.287,9.659
-1.314,2.187,9.302
-1.158,2.615,9.219
-1.424,3.519,9.743
-1.763,3.651,9.704
-1.593,2.285,9.606
-1.227,1.696,9.264
-1.333,2.015,9.333
-1.704,2.873,9.613
-1.861,3.074,9.597
-1.558,2.952,9.934
-1.866,2.914,9.444
-1.553,2.962,9.666
-1.467,2.85,9.771
-1.921,2.761,7.541
-4.993,3.539,11.905
14.932,1.589,3.225
0.541,4.771,10.573
1.345,4.096,9.147
-2.716,-0.177,9.513
-2.361,0.007,9.494
-2.17,2.596,9.18
-0.39,5.209,9.467
-1.299,5.381,10.044
-2.338,3.208,9.647
-1.61,1.692,9.073
-1.098,1.948,9.214
-1.45,3.424,9.494
-1.629,4.07,9.778
-1.613,3.637,9.549
-1.416,3.034,9.427
-1.369,2.828,9.381
-1.292,2.84,9.439
-1.23,2.902,9.41
-1.414,3.12,9.412
-1.498,3.586,9.465
-1.558,3.627,9.566
-1.445,3.259,9.451
-1.34,2.962,9.372
-1.392,3.096,9.484
-1.459,3.345,9.534
-1.541,3.089,9.515
-1.505,2.718,9.477
-1.416,2.649,9.417
-1.495,2.79,9.455
-1.455,3.048,9.51
-1.414,3.182,9.489
-1.39,3.158,9.522
-1.481,3.199,9.475
-1.543,3.208,9.518
-1.469,3.192,9.561
-1.206,3.158,9.47
-1.239,3.139,9.446
-1.404,3.187,9.463
7.324,-5.551,14.21
2.67,5.759,12.549
0.428,4.34,9.02
-3.015,1.567,7.896
-3.024,0.665,9.508
-0.536,2.773,9.372
-0.096,4.395,9.51
-1.95,3.792,9.848
-1.696,3.0,9.522
-0.624,2.859,9.298
-1.086,3.079,9.484
-1.548,3.156,9.668
-1.251,2.931,9.484
-1.022,2.823,9.374
-1.23,3.07,9.455
-1.342,3.342,9.594
-1.211,3.23,9.594
-1.237,2.924,9.534
-1.16,2.787,9.484
-1.089,2.962,9.537
-1.043,3.125,9.57
-1.22,3.082,9.594
-1.299,2.929,9.628
-1.117,2.955,9.532
-1.108,2.94,9.566
-1.263,2.871,9.589
-1.318,2.809,9.659
-1.194,2.766,9.606
-1.101,2.673,9.573
-1.079,2.565,9.566
-1.034,2.661,9.544
-1.182,2.737,9.566
-1.261,2.842,9.604
-1.151,2.952,9.652
-1.065,2.986,9.661
-1.199,2.814,9.68
-1.29,2.55,9.623
-1.266,2.273,9.604
-1.187,2.249,9.604
-1.567,5.058,13.193
1.488,5.663,10.487
-0.28,4.048,9.412
-2.486,1.129,9.152
-3.598,-2.242,9.432
-0.634,0.878,8.908
1.268,4.421,9.042
-1.275,6.06,10.362
-2.792,4.491,10.551
-1.459,2.448,9.412
-0.435,1.603,9.221
-0.869,1.96,9.446
-1.383,2.558,9.707
-1.136,2.909,9.664
-1.079,2.986,9.597
-1.376,3.055,9.752
-1.278,3.048,9.738
-1.034,2.663,9.52
-1.034,2.381,9.515
-1.172,2.565,9.568
-1.12,2.957,9.68
-1.213,2.909,9.757
-1.258,2.61,9.613
-1.163,2.371,9.609
-1.11,2.488,9.642
-1.184,2.668,9.654
-1.261,2.632,9.659
-1.187,2.589,9.652
-1.096,2.687,9.652
-1.153,2.756,9.688
-1.213,2.723,9.659
-1.103,2.589,9.668
-1.235,2.56,9.707
-1.203,2.51,9.7
-1.146,2.421,9.659
-0.423,2.237,23.0
3.326,5.692,12.346
1.024,3.551,7.84
-7.166,-1.201,8.494
-3.079,0.103,9.668
1.739,3.201,9.209
1.117,4.608,9.362
-2.83,3.491,10.439
-2.766,2.094,9.915
-0.139,1.907,9.245
-0.285,2.342,9.463
-1.952,2.711,9.97
-1.517,2.529,9.812
-0.684,2.297,9.544
-1.132,2.35,9.628
-1.491,2.62,9.833
-1.158,2.637,9.774
-1.06,2.361,9.678
-1.251,2.318,9.695
-1.364,2.421,9.793
-1.201,2.479,9.704
-1.077,2.323,9.661
-1.158,2.256,9.666
-1.201,2.452,9.704
-1.148,2.629,9.711
-1.28,2.541,9.731
-1.268,2.402,9.688
-1.208,2.419,9.668
-1.225,2.457,9.721
-1.163,2.45,9.697
-1.165,2.464,9.714
-1.258,2.433,9.7
-1.268,2.443,9.702
-1.247,2.39,9.695
-1.278,2.397,9.68
-1.184,2.457,9.711
-1.189,2.696,9.623
-1.357,2.689,9.788
-1.196,2.543,9.743
-1.18,2.268,9.728
-1.235,2.024,9.664
-1.325,2.036,9.668
-1.366,2.29,9.716
-2.756,3.35,9.872
-2.189,2.445,10.118
-0.005,2.144,9.034
-1.017,2.18,9.783
-1.041,2.359,9.762
-0.873,2.472,9.886
-0.639,2.577,9.436
-2.007,2.668,10.008
-1.768,2.515,9.781
-0.651,2.596,9.499
-0.974,2.902,9.642
-1.613,3.098,9.865
-1.249,3.082,9.75
1.479,2.859,6.994
-3.096,3.24,10.247
-0.981,2.83,9.714
-0.677,2.335,9.948
-1.0,1.967,9.69
-1.416,2.263,10.073
-0.476,2.153,9.458
-0.689,2.338,9.714
-1.369,1.385,9.819
-0.665,2.701,9.683
0.548,4.359,10.582
-0.639,4.304,10.226
-1.201,2.074,9.798
-1.916,2.129,9.209
-1.809,2.361,9.417
-1.081,2.091,9.216
-1.857,1.421,9.618
-2.555,0.33,10.061
-2.204,1.017,9.75
-1.895,1.026,9.936
-1.17,1.428,9.793
-1.22,2.151,9.924
-1.751,1.976,9.893
-1.455,1.457,9.987
-1.565,1.381,9.795
-1.529,1.084,9.807
-1.476,0.979,9.881
-0.813,1.945,9.585
-0.613,3.173,9.53
-1.031,2.512,10.262
-1.002,1.864,9.798
-1.05,1.469,9.814
-1.304,1.182,9.759
-1.402,1.706,9.613
-0.723,2.696,9.623
-1.182,3.196,9.991
-1.407,2.902,10.02
-1.488,2.491,9.845
-1.325,2.9,10.271
-2.35,2.299,9.695
-2.105,3.634,8.599
-0.215,0.885,8.329
-1.251,2.431,10.377
-1.826,5.156,10.92
-2.024,3.242,9.566
-0.153,1.244,9.113
-0.742,0.947,9.314
-1.852,1.912,9.666
-1.562,2.677,9.965
-1.046,2.029,9.594
-1.002,1.634,9.479
-1.153,2.402,9.7
-1.416,3.055,9.953
-1.359,2.873,9.831
-1.227,2.29,9.668
-1.309,2.156,9.778
-1.345,2.211,9.75
-1.194,2.07,9.692
-1.074,2.058,9.683
-1.189,2.29,9.7
-1.254,2.555,9.814
-1.349,2.373,9.812
-1.407,2.06,9.69
-1.275,1.983,9.695
-1.184,2.043,9.759
-1.18,2.232,9.762
-1.101,2.402,9.783
-1.077,2.273,7.64
-0.77,2.041,14.009
2.565,6.91,11.154
-2.964,4.756,9.455
-5.579,0.366,8.587
-0.488,-0.562,9.427
0.691,2.266,8.896
-1.67,3.608,10.195
-2.524,2.294,10.154
-0.567,1.519,9.293
-0.309,2.158,9.475
-2.06,3.098,10.121
-1.61,2.988,9.915
-0.601,2.278,9.57
-1.194,2.003,9.625
-1.538,2.242,9.848
-1.002,2.412,9.716
-1.074,2.321,9.709
-1.412,2.376,9.829
-1.314,2.263,9.807
-1.182,2.036,9.726
-1.156,2.031,9.64
-7.51,1.074,26.122
0.337,4.051,18.507
2.294,6.103,9.429
-3.469,0.859,6.644
-3.426,-1.471,10.42
-0.354,1.299,9.912
0.476,4.254,8.977
-1.964,3.438,10.482
-2.101,2.041,9.927
-0.395,2.048,9.281
-7.295,5.95,13.403
-0.584,3.51,16.805
-0.103,3.651,6.355
-1.787,-0.084,8.668
-2.558,0.16,10.515
-0.531,2.996,9.826
-0.244,3.821,9.51
-1.957,2.259,10.094
-1.586,1.67,9.707
1.96,-0.471,25.007
-0.474,3.823,13.154
-0.261,2.833,6.517
-1.981,0.646,9.977
-1.747,1.053,10.111
-0.335,3.29,9.654
-1.144,3.182,9.656
-1.988,1.835,9.996
0.823,1.163,0.849
-1.847,2.895,13.267
1.105,2.656,10.592
-4.962,2.811,6.857
-2.149,0.907,10.24
0.83,2.153,9.731
-0.431,3.158,9.319
-2.457,2.089,10.226
-1.452,1.675,9.738
-2.9,7.714,14.296
-2.517,1.692,20.356
-0.907,0.806,8.111
-0.309,2.268,8.309
-1.878,1.656,10.233
-1.565,2.756,10.331
-0.675,3.352,9.171
-1.603,2.105,10.042
-1.412,1.928,9.833
-0.682,2.287,9.518
-3.127,-0.431,13.942
-1.883,1.931,14.509
-2.878,5.424,2.725
-0.526,1.5,10.42
-0.45,1.203,10.101
-1.524,2.627,9.278
-1.627,2.519,10.145
-1.258,1.744,9.874
-0.907,1.672,9.432
-1.316,2.048,9.786
-1.419,2.46,9.908
-1.055,2.261,9.733
-1.357,1.974,9.757
-1.421,2.18,9.812
-1.273,2.424,9.745
-1.328,2.254,9.877
-1.211,2.149,9.767
-1.206,2.05,9.745
-1.302,1.902,9.79
-1.247,1.981,9.788
-1.211,2.058,9.719
-1.285,2.043,9.767
-1.354,2.11,9.735
-1.268,2.266,9.743
-1.268,2.486,9.814
-1.337,2.424,9.735
-1.337,2.283,9.805
-1.182,2.244,9.721
-1.156,2.182,9.745
-1.235,2.113,9.685
-1.29,2.101,9.747
-1.225,2.254,9.702
-1.108,2.472,9.697
-3.713,0.378,17.1
1.471,5.115,12.2
0.651,4.843,8.774
-4.8,1.026,7.718
-2.584,-0.323,9.867
0.813,2.373,9.424
0.158,3.936,9.408
-2.378,3.244,10.343
-1.833,2.393,9.762
-0.423,2.328,9.348
-3.378,0.873,19.196
0.053,4.218,10.525
0.156,3.352,7.013
-1.842,1.644,8.766
-2.457,0.663,9.831
-0.706,2.773,9.692
-0.479,3.95,9.513
-1.593,3.173,10.032
-1.421,2.393,9.582
-2.651,3.273,16.325
3.151,2.266,13.386
0.263,3.106,5.773
-2.036,-0.031,8.977
-2.189,1.101,9.865
-0.419,3.756,9.783
-0.782,4.357,9.685
-1.876,2.778,9.967
-1.287,2.103,9.451
0.61,2.094,17.487
1.136,3.297,8.408
-3.314,3.263,7.168
-3.036,0.859,10.599
0.189,2.062,9.219
0.498,3.603,9.408
-1.598,3.369,9.924
-1.95,2.771,9.793
-0.711,2.857,9.455
-3.388,0.493,13.205
2.318,3.364,10.551
-0.177,2.663,9.345
-3.613,3.216,8.264
-0.998,2.17,9.164
0.668,3.417,9.857
-1.158,3.742,9.532
-1.895,2.871,9.767
0.935,2.945,9.496
-2.436,2.283,14.712
-0.156,1.079,10.448
-2.488,5.161,7.876
-2.105,3.086,9.733
-1.771,1.991,7.888
-0.694,3.407,8.96
-1.357,3.134,9.738
-1.62,2.617,9.762
-2.144,2.687,9.403
-1.44,3.158,9.13
-1.675,3.295,9.695
-2.115,3.407,9.635
-2.232,2.632,9.654
-1.735,3.005,9.616
-1.383,3.108,9.348
-1.761,2.603,9.35
-1.306,2.4,9.312
-2.223,3.005,9.453
-2.383,3.125,9.499
-3.187,2.95,9.74
-0.256,2.254,9.049
-2.33,2.16,9.475
-1.835,2.407,9.644
-2.208,2.919,9.274
-2.364,2.541,9.692
-0.993,0.653,-14.018
