-3.307,1.199,10.003
-2.041,2.759,9.934
-0.49,2.838,9.422
-0.414,2.443,9.621
-0.931,3.369,9.702
-1.347,4.022,10.058
-1.294,3.493,9.869
-1.203,2.692,9.685
-0.854,1.945,9.472
-0.278,1.78,9.475
-0.842,2.385,9.793
-1.273,3.055,9.822
-1.517,2.996,9.7
-1.122,2.603,9.764
-0.895,2.39,9.637
-0.828,2.34,9.57
-0.713,2.524,9.767
-1.132,2.684,9.74
-1.302,2.682,9.747
-1.125,2.684,9.604
-1.038,2.488,9.7
-1.067,2.381,9.685
-1.065,2.548,9.769
-1.093,2.72,9.8
-1.072,2.534,9.625
-1.194,2.127,9.561
-1.223,2.113,9.549
-1.093,2.596,9.644
-1.046,2.936,9.723
-0.746,3.108,9.802
-0.931,2.388,9.326
-1.165,1.706,9.527
-0.794,3.369,9.824
-1.103,3.637,10.147
-2.062,2.079,9.422
-2.426,1.18,9.721
-1.682,3.149,9.865
-0.715,2.888,9.534
-0.797,3.118,9.582
-0.952,2.694,9.68
-1.012,1.775,9.7
-1.424,2.338,9.757
-1.06,2.89,9.678
-0.742,2.735,9.86
-1.043,2.539,9.678
-0.892,2.199,9.594
-1.053,2.086,9.537
-0.995,2.421,9.613
-0.802,2.744,9.745
-0.871,2.675,9.826
-0.955,2.689,9.635
-1.022,2.634,9.666
-1.017,2.723,9.688
-1.093,2.567,9.731
-1.132,2.579,9.659
-1.235,2.653,9.833
-1.105,2.572,9.659
-1.33,2.57,9.599
-1.273,2.629,9.666
-1.361,2.586,9.81
-1.359,2.55,9.735
-1.242,2.653,9.661
-1.213,2.594,9.604
-1.115,2.553,9.625
-1.069,2.617,9.755
-1.192,2.572,9.757
-1.141,2.668,9.676
-1.002,2.658,9.577
-1.136,2.483,9.69
-1.136,2.524,9.618
-1.45,2.483,9.594
-1.381,2.488,9.582
-1.438,2.802,9.939
-1.385,2.663,9.652
-1.34,2.553,9.551
-1.254,2.443,9.573
-1.352,2.586,9.671
-1.428,2.421,9.759
-1.321,2.692,9.616
-1.471,2.455,9.656
-1.098,2.737,9.767
-1.333,2.773,9.781
-1.046,2.462,9.575
-1.062,2.909,9.872
-1.251,2.701,9.652
-1.034,3.07,9.697
-0.962,2.622,9.477
-1.278,2.778,9.508
-1.251,3.019,9.752
-1.225,3.055,9.74
-1.256,2.625,9.46
-1.601,2.905,9.656
-0.739,2.644,9.503
-1.309,3.101,9.793
-1.251,2.754,9.558
-0.935,2.629,9.465
-1.069,2.826,9.647
-1.266,2.909,9.709
-1.11,3.019,9.496
-0.983,3.0,9.57
-0.299,1.909,9.381
-0.957,2.744,9.566
-1.297,3.596,9.905
-1.333,3.795,9.812
-1.385,2.881,9.405
-1.29,1.983,9.697
0.476,2.127,9.324
-0.854,3.551,8.798
-0.026,3.632,9.848
-1.163,2.34,9.482
-1.192,2.783,9.534
-0.486,2.689,9.668
-1.629,1.759,9.496
-1.058,3.185,9.623
-1.359,2.763,9.688
-1.369,3.024,9.647
-0.61,1.916,10.03
-1.096,3.297,10.056
-0.89,2.046,10.145
-0.426,2.546,10.216
-1.4,2.45,10.183
-0.486,3.091,8.841
-0.656,3.244,9.384
-0.081,3.515,10.405
0.005,2.976,9.566
0.093,2.684,9.606
-0.613,2.163,9.348
-0.356,2.936,9.384
-0.495,3.192,9.331
-0.921,2.424,9.377
-0.794,2.806,9.621
-0.598,2.967,9.975
-0.383,2.962,9.714
-0.373,2.763,9.489
-0.562,2.756,9.637
-1.014,2.799,9.604
-0.818,2.718,9.57
-1.041,3.151,9.872
-0.467,2.845,9.563
-0.261,1.598,9.494
-0.514,3.319,9.128
-0.613,3.201,10.606
-0.744,2.469,9.75
-0.22,2.735,9.982
-0.321,3.309,9.623
-0.17,2.976,9.769
0.041,3.156,10.109
-0.098,2.706,9.903
-0.584,2.591,9.188
-0.873,2.46,9.173
-0.78,2.46,9.649
-0.474,2.955,9.587
-0.816,2.519,9.525
-0.435,2.586,9.489
-0.548,2.247,9.475
-0.696,2.773,9.759
-0.45,3.354,9.568
-0.531,3.517,9.836
-0.711,3.141,9.594
-1.081,2.689,9.537
-1.053,2.84,9.702
-0.66,3.118,9.857
-0.921,2.816,9.673
-0.869,2.479,9.654
-0.902,2.546,9.508
-0.538,2.723,10.07
-0.27,2.74,9.656
0.199,3.395,9.872
-2.409,5.797,8.9
0.373,1.452,9.353
-0.292,0.739,9.317
0.455,3.565,9.767
0.864,3.132,8.034
0.79,2.584,9.951
-1.213,3.058,9.862
-0.285,2.385,9.52
0.091,2.33,9.74
-0.256,2.622,9.661
-0.613,2.852,9.786
-0.644,2.637,9.539
-0.402,2.742,9.685
-0.49,3.271,9.697
-0.622,3.036,9.831
-0.481,3.048,9.628
-0.526,3.012,9.711
-0.727,2.85,9.924
-0.613,2.847,9.664
-0.321,2.763,9.432
-1.543,2.852,9.991
0.256,3.096,9.644
-0.854,2.778,9.781
-0.033,2.881,9.47
0.086,2.73,9.345
-0.464,2.818,9.508
-0.251,3.034,9.288
-0.251,2.558,10.039
-0.603,3.512,14.571
-0.488,3.842,10.3
-0.366,2.302,8.427
-1.622,1.23,8.982
-0.395,2.55,9.664
-0.849,2.481,9.814
-0.931,1.948,9.599
-0.486,2.673,9.733
-0.601,3.498,9.654
-0.876,3.909,9.783
-0.857,2.9,9.644
-0.62,2.28,9.527
-1.012,2.376,9.752
-1.0,2.79,9.733
-0.84,3.089,9.7
-0.945,2.938,9.762
-0.928,2.747,9.738
-0.919,2.567,9.702
-0.924,2.424,9.671
-1.014,2.378,9.7
-1.043,2.546,9.723
-0.952,2.787,9.767
-1.014,2.737,9.75
-0.991,2.584,9.719
-0.964,2.479,9.788
-0.909,2.395,9.683
-0.969,2.371,9.68
-0.39,2.955,9.585
-1.206,2.996,9.929
-1.503,2.029,9.685
-1.225,2.058,9.683
-0.895,2.584,9.776
-0.835,2.495,9.623
-1.294,2.194,9.618
-1.203,2.326,9.762
-1.287,2.129,9.833
-0.785,2.536,9.652
-0.593,2.534,9.613
-0.498,2.775,9.597
-0.89,2.646,9.726
-0.646,2.96,9.711
-1.144,2.706,9.802
-1.007,3.259,10.413
-1.108,2.594,9.609
-0.991,1.761,8.963
-0.105,2.835,9.147
-1.11,2.751,10.111
-0.952,3.058,9.774
-1.134,2.646,9.439
-0.967,2.61,9.501
-0.428,3.821,9.817
-0.679,3.027,9.774
-0.813,2.704,9.317
-0.981,2.376,9.286
-0.737,3.146,9.336
-1.316,2.105,12.721
-1.395,4.177,11.573
-1.0,3.515,11.142
-1.476,1.964,9.711
-1.404,1.751,10.03
-1.699,1.785,9.412
-1.203,3.359,8.64
-1.414,1.069,8.824
-0.1,2.728,9.616
-0.914,3.591,9.611
-1.055,2.61,9.743
-1.584,2.275,9.707
-1.27,2.663,9.64
-1.067,3.393,9.778
-1.113,3.433,9.879
-1.206,2.828,9.723
-1.237,2.146,9.611
-1.089,2.031,9.635
-1.05,2.364,9.743
-1.065,2.644,9.778
-1.175,2.629,9.747
-1.254,2.4,9.743
-1.237,2.239,9.68
-1.103,2.251,9.659
-1.165,2.333,9.678
-1.27,2.407,9.685
-1.136,2.536,9.731
-1.127,2.589,9.695
-1.237,2.57,9.69
-1.148,2.515,9.68
-1.122,2.479,9.714
-1.146,2.531,9.7
-1.302,2.457,9.769
-1.247,2.493,9.709
-0.998,2.507,9.613
-1.141,2.529,9.68
-1.268,2.555,9.735
-1.18,2.661,9.685
-1.081,2.677,9.7
-1.242,2.51,9.716
-1.213,2.462,9.656
-1.096,2.601,9.688
-1.117,2.617,9.714
-1.258,2.486,9.692
-1.172,2.4,9.649
-1.058,2.483,9.685
-1.122,2.625,9.702
-1.182,2.675,9.745
-1.148,2.522,9.714
-1.187,2.426,9.664
-1.108,2.397,9.656
-1.151,2.598,9.762
-5.534,2.249,0.73
-1.67,1.436,13.453
1.361,6.654,14.128
-0.44,3.857,12.417
-0.825,5.544,4.314
-1.823,1.175,10.898
-2.077,0.325,9.41
-0.732,1.833,9.295
-0.495,2.735,9.747
-1.325,2.596,9.944
-1.273,2.247,9.704
-0.991,2.357,9.637
-1.079,2.763,9.814
-1.182,2.806,9.848
-1.058,2.426,9.731
-0.974,2.096,9.707
-1.077,2.204,9.711
-1.115,2.414,9.8
-1.089,2.534,9.769
-1.026,2.46,9.704
-1.103,2.285,9.7
-1.098,2.247,9.704
-1.012,2.304,9.774
-1.067,2.294,9.764
-1.208,2.378,9.819
-1.139,2.261,9.771
-1.031,2.237,9.755
-1.034,2.237,9.731
-1.127,2.211,9.723
-1.156,2.22,9.822
-1.062,2.397,9.817
-0.871,2.419,9.728
-1.017,2.137,9.767
-1.239,2.015,9.711
-1.072,2.254,9.771
-1.022,2.359,9.81
-1.115,2.321,9.826
-1.115,2.144,9.743
-1.079,2.031,9.721
-1.074,2.144,9.845
-1.058,2.383,9.822
-1.153,2.323,9.855
-1.247,2.292,9.843
-1.058,2.536,9.769
-1.031,1.613,9.836
-0.979,1.33,9.577
-0.94,1.971,9.802
-1.251,2.72,9.977
-1.323,2.718,9.987
-0.758,1.536,9.874
-1.876,2.543,9.398
-0.313,1.878,9.489
-2.062,0.737,9.771
-2.048,4.457,9.472
1.467,-0.392,8.161
-0.825,3.223,9.79
-1.95,0.967,9.709
-2.902,0.584,9.345
-0.364,3.029,10.649
-2.393,1.672,9.893
0.256,2.553,9.903
-1.038,1.323,10.056
-1.115,3.149,8.8
-1.165,3.175,9.4
0.725,3.06,10.91
0.213,1.325,9.738
-2.859,-0.744,9.054
-1.893,1.785,10.405
-1.723,2.929,9.862
-4.398,3.225,10.573
-0.833,0.017,9.233
-0.012,1.081,9.039
-0.646,2.211,8.977
-1.22,3.072,9.259
-2.519,0.522,9.551
-3.173,2.065,10.913
-2.749,1.873,10.683
-2.163,3.249,9.429
-1.488,1.395,9.57
-1.06,1.426,9.726
-0.83,2.438,9.369
-2.163,0.904,10.037
-1.706,1.591,9.503
-1.754,1.921,9.91
-1.971,1.266,9.747
-0.919,2.371,9.676
-0.55,1.727,9.805
-1.148,2.271,9.824
-1.184,2.503,9.881
-1.452,1.794,9.941
-1.069,1.617,9.956
-1.069,2.204,9.924
-1.11,1.677,9.896
-1.383,1.431,9.745
-1.33,2.345,9.951
-1.237,1.96,9.802
-1.199,1.871,9.86
-1.337,1.775,9.853
-1.105,1.574,9.802
-1.318,1.883,9.953
-1.474,2.089,10.018
-1.067,2.144,9.798
-1.479,1.869,9.855
-1.431,1.737,9.85
-1.007,1.536,9.752
-0.979,1.993,9.881
-1.11,1.802,9.987
-1.352,1.311,9.891
-0.967,1.62,9.802
-0.959,1.658,9.97
-0.955,1.811,9.927
-0.947,1.83,9.853
-1.046,1.285,9.838
-1.151,1.323,9.908
-0.976,1.739,9.934
-1.0,1.782,10.049
-1.007,1.797,9.874
-1.285,1.383,9.783
-1.223,1.404,9.924
-1.055,1.543,10.034
-1.11,1.677,10.025
-1.108,2.067,9.898
-0.811,2.017,9.999
-0.998,2.129,10.185
-0.95,1.639,10.097
-1.206,0.871,10.192
-2.122,2.361,10.104
-0.928,2.33,8.654
-0.766,2.062,10.051
-1.495,0.821,9.688
-0.835,0.682,9.606
-1.397,1.022,9.668
-1.323,1.957,9.874
-0.785,2.474,9.891
-1.474,2.369,9.853
-1.309,2.077,9.81
-0.974,2.115,9.738
-1.218,2.055,9.848
-1.184,1.991,9.757
-1.122,2.053,9.774
-1.196,2.204,9.807
-1.16,2.4,9.831
-1.129,2.316,9.783
-1.158,2.172,9.743
-1.18,2.237,9.762
-1.187,2.29,9.764
-1.163,2.237,9.783
-0.986,2.333,9.75
-1.072,2.345,9.757
-1.177,2.378,9.778
-1.22,2.409,9.8
-1.206,2.431,9.817
-0.969,2.428,9.707
-1.086,2.194,9.697
-1.266,2.082,9.666
-1.184,2.376,9.747
-1.17,2.649,9.848
-1.23,2.498,9.838
-1.225,2.153,9.752
-1.065,1.991,9.649
-1.129,2.06,9.7
-1.192,2.333,9.795
-1.261,2.433,9.85
-1.184,2.517,9.8
-1.196,2.393,9.781
-1.203,2.151,9.716
-1.177,2.113,9.704
-1.05,2.192,9.781
-1.23,2.237,9.795
-1.129,4.721,9.664
-0.452,10.056,12.382
-0.373,11.465,12.973
-0.301,6.405,6.601
-1.4,-0.27,11.568
-1.357,1.811,9.467
-1.335,2.084,9.697
-1.213,2.18,9.778
-1.201,2.168,9.819
-1.323,2.096,9.822
-1.359,2.146,9.879
-1.302,2.251,9.757
-1.596,1.859,9.752
-1.756,1.668,9.762
-1.278,2.062,9.879
-1.122,2.522,9.91
-1.436,2.132,9.898
-1.627,1.648,9.702
-1.505,1.383,9.688
-1.421,1.349,9.755
-1.503,1.436,9.798
-1.589,1.531,9.822
-1.481,1.771,9.869
-1.247,2.05,9.889
-1.443,2.079,9.841
-1.737,1.754,9.702
-1.773,1.481,9.731
-1.321,1.928,9.786
-1.172,2.445,9.912
-1.517,2.35,9.975
-1.68,1.794,9.764
-1.558,1.459,9.709
-1.366,1.543,9.731
-1.297,2.055,9.774
-1.531,2.35,9.822
-1.672,2.656,9.977
-1.656,2.567,9.932
-1.486,2.273,9.932
-1.309,2.208,9.783
-1.282,2.357,9.984
-1.479,2.67,10.137
-1.567,2.79,9.884
-1.304,2.268,9.79
-1.12,1.782,9.879
-1.132,1.574,10.087
-1.34,1.646,9.879
-1.196,1.541,10.025
-1.18,1.349,12.573
-0.206,8.329,13.425
0.165,10.573,11.145
0.005,2.543,7.276
-0.749,0.388,9.865
0.033,3.984,11.642
0.758,2.998,11.817
0.718,1.335,11.81
-0.648,0.012,10.075
-2.266,-1.086,8.745
-1.17,-2.125,8.223
0.144,-3.57,8.652
-1.337,-3.436,9.432
-2.773,1.605,9.939
-2.022,4.34,11.236
-0.892,3.271,10.831
-0.938,0.708,9.704
0.651,-0.206,9.209
1.208,-1.302,9.455
-0.05,-2.905,9.69
-2.117,-1.529,8.867
-2.086,0.239,7.546
-1.768,2.311,7.058
-1.9,3.352,7.022
-2.419,3.405,7.855
-3.266,2.641,7.814
-3.517,1.981,7.106
-3.787,2.012,6.57
-3.816,2.684,6.393
-4.055,3.118,6.156
-4.419,4.201,6.943
-4.457,5.776,7.364
-4.431,7.137,7.302
-4.18,7.041,7.166
-3.893,6.795,7.101
-3.835,7.326,7.417
-3.728,7.984,7.529
-3.687,8.405,7.529
-3.316,8.312,7.281
-3.072,8.008,6.869
-2.835,7.754,6.481
-2.311,7.491,6.13
-2.084,7.977,6.331
-2.153,8.673,6.769
-2.55,9.386,6.852
-3.065,9.869,6.91
-3.01,8.484,6.883
-3.024,7.984,6.673
-3.106,7.927,6.465
-3.228,8.089,6.135
-3.445,8.19,6.269
-3.405,8.171,5.053
-4.125,9.501,6.57
-3.575,10.786,6.156
-3.732,9.015,5.608
-3.637,9.716,6.871
-2.797,8.85,6.501
-2.594,5.862,8.544
-2.814,0.246,2.56
-3.005,-2.414,5.663
-2.156,8.367,13.712
-0.593,17.128,12.044
-0.945,8.967,3.701
-1.692,-2.751,2.663
-0.502,4.335,4.807
-0.526,4.591,7.872
-1.184,5.012,8.503
-1.625,5.572,8.458
-1.29,5.505,8.549
-0.979,5.218,8.707
-0.816,5.079,8.738
-0.766,4.699,8.637
-1.019,5.041,8.75
-0.746,5.252,8.862
-0.323,4.823,9.204
0.033,4.412,9.381
-0.359,4.13,9.173
-0.313,4.079,9.31
-0.605,3.905,9.692
-0.388,3.924,9.939
-0.636,3.656,9.857
-0.601,3.622,9.341
-0.665,3.374,9.944
-0.352,3.51,9.999
-0.199,3.414,9.826
0.105,3.24,10.231
-0.191,3.12,10.03
-0.416,2.871,10.247
-0.306,3.378,10.013
-0.335,3.397,10.03
0.017,2.895,9.8
0.227,2.629,9.491
0.203,2.854,9.592
0.014,3.034,9.709
-0.103,3.072,10.056
0.304,2.799,9.881
0.416,2.72,9.776
0.313,2.828,9.353
0.158,2.725,9.223
0.141,2.806,9.554
0.103,2.869,9.384
0.29,2.201,9.408
0.641,2.192,9.142
0.735,2.491,8.943
0.861,2.359,8.675
0.644,2.249,8.805
0.694,2.582,9.491
0.897,3.216,9.245
0.847,3.438,8.927
0.787,3.247,8.431
0.66,2.955,8.132
1.235,3.328,8.594
1.22,3.673,8.077
1.371,3.402,7.704
1.586,3.153,7.628
1.653,3.45,7.675
2.027,4.689,8.142
1.948,5.582,7.891
1.581,5.513,7.582
1.505,5.457,7.711
1.663,5.57,7.783
1.787,5.216,7.082
1.72,4.433,6.331
2.283,4.484,5.788
2.622,4.496,5.948
3.086,5.52,6.147
3.464,6.781,5.623
3.744,7.204,5.405
3.314,6.493,4.957
3.235,5.871,5.247
2.931,6.374,5.24
3.421,7.64,5.642
5.211,8.666,5.407
5.541,9.812,5.486
6.484,9.006,5.029
5.924,7.958,4.402
6.403,8.283,3.953
6.852,9.965,3.883
6.788,10.826,4.137
6.912,10.594,4.02
7.864,10.188,2.323
7.532,10.135,1.928
5.914,10.228,2.598
6.036,9.668,2.582
6.254,9.176,1.632
6.197,8.549,1.268
6.73,8.582,1.558
5.434,8.774,1.196
5.443,9.81,-0.333
5.237,9.415,-0.01
4.756,8.817,0.663
4.596,8.893,0.278
5.091,9.19,-0.27
5.632,9.46,-0.648
5.154,9.262,-0.354
4.591,9.094,-0.744
4.029,8.762,-0.871
3.838,9.403,-1.371
3.058,9.86,-1.275
2.897,9.81,-2.16
2.749,9.857,-2.113
2.797,9.889,-2.005
2.785,9.47,-1.218
2.306,9.266,-0.809
1.952,9.173,-0.857
1.754,9.501,-0.167
1.218,9.912,0.804
0.799,10.118,1.316
0.529,10.276,1.931
0.187,10.185,2.019
-0.404,9.889,2.132
-0.739,9.822,2.172
-1.208,9.733,2.115
-1.488,9.597,2.345
-1.766,9.233,3.091
-1.711,9.396,3.474
-1.342,9.499,3.558
-1.524,9.195,3.771
-1.648,8.628,4.127
-1.759,8.494,4.632
-1.869,8.963,5.41
-1.993,8.051,6.103
-2.036,7.065,6.048
-2.117,6.245,6.111
-1.596,6.118,6.486
-1.366,6.027,7.903
-1.263,6.864,7.537
-1.378,6.69,6.95
-1.749,6.048,6.895
-1.11,6.206,7.082
-1.081,5.515,7.836
-1.443,5.022,7.573
-1.412,4.979,8.209
-1.979,5.24,9.226
-2.316,5.168,9.077
-3.668,5.536,9.319
-4.34,5.556,8.833
-5.091,5.213,9.499
-4.917,5.711,8.111
-5.29,3.878,8.793
-5.993,5.173,9.726
-5.132,5.357,10.197
-4.91,4.316,10.283
-5.108,4.51,10.338
-6.013,4.417,10.46
-6.137,3.529,9.527
-5.424,1.802,9.07
-3.96,1.888,8.096
-2.806,2.866,8.994
-0.818,5.857,7.434
-0.316,7.218,5.979
0.464,7.699,5.747
0.144,3.905,6.453
0.486,4.122,7.429
-1.103,4.819,7.278
0.01,5.596,7.862
0.653,5.843,7.754
-0.699,4.546,8.513
-0.136,7.47,8.183
0.845,5.491,8.51
0.148,4.744,8.343
0.201,4.967,8.142
-0.165,5.886,7.965
-0.557,5.637,7.594
0.536,6.027,8.039
0.416,6.175,7.651
-0.067,5.297,8.077
0.057,4.847,8.661
-0.354,5.931,8.307
0.16,6.972,8.675
-0.033,7.087,7.577
-0.33,6.158,7.884
-0.251,5.62,7.785
-0.134,6.403,7.986
0.048,5.974,7.625
0.019,6.194,7.685
-0.033,5.838,7.288
-0.014,6.237,7.369
-0.335,5.685,7.647
-0.239,6.47,7.817
0.414,6.443,7.843
0.376,6.051,7.635
-0.225,6.154,7.589
-0.077,6.3,7.228
-0.763,6.584,7.283
0.06,6.4,7.343
-0.098,6.431,7.264
0.177,6.379,7.785
0.108,6.493,7.738
0.012,6.374,8.032
-0.002,6.615,8.015
0.301,6.462,8.125
0.323,6.539,8.259
0.421,6.656,7.977
0.476,6.563,7.922
0.541,5.666,8.104
0.486,5.675,8.149
0.864,5.759,8.297
0.462,6.429,8.149
0.304,6.252,8.051
0.024,6.017,7.905
0.285,5.788,7.814
0.244,6.199,8.161
0.696,6.02,8.029
0.603,5.74,7.778
0.62,5.682,7.795
0.352,6.077,7.623
0.246,6.515,8.192
0.452,6.247,8.113
0.275,6.092,8.367
0.349,6.036,8.211
0.112,6.383,8.25
0.359,6.135,7.876
0.392,6.348,8.25
0.55,6.063,8.046
0.383,6.084,8.424
0.522,6.178,8.446
0.189,6.3,8.396
0.227,5.979,8.57
0.742,5.563,8.262
0.943,5.309,8.156
0.665,5.891,8.319
1.084,6.096,8.446
0.833,6.324,8.886
0.79,5.551,8.786
0.895,5.347,8.649
0.938,5.591,8.532
0.938,5.632,8.319
0.931,5.448,8.352
1.235,5.371,8.367
1.309,5.438,8.551
1.194,5.249,8.412
1.225,5.235,8.46
1.074,4.979,8.427
1.022,5.084,8.577
1.28,5.228,8.704
1.373,5.242,8.896
0.959,4.565,8.812
0.773,4.57,9.061
1.376,4.737,9.436
1.486,4.517,9.278
0.943,3.919,9.051
0.737,4.247,8.915
0.95,4.043,8.958
0.995,3.986,8.711
1.311,4.067,8.496
1.392,4.144,8.245
0.727,3.965,8.398
1.132,3.871,8.451
1.227,4.149,8.63
1.464,4.027,8.508
0.94,3.548,8.563
0.993,4.053,8.503
1.225,4.551,8.329
0.823,4.474,8.307
0.44,4.046,8.152
-0.285,4.316,8.594
0.29,4.651,8.431
0.376,5.02,8.338
0.146,5.663,7.824
-0.23,5.568,9.087
0.663,5.529,8.592
-0.455,4.402,8.204
-0.555,5.003,8.312
-0.239,5.891,7.216
-1.297,6.809,7.36
-0.61,7.348,7.685
-0.318,6.498,7.604
-1.065,6.319,7.68
-1.213,6.828,7.781
-0.591,6.941,7.967
-1.108,6.738,7.781
-1.378,6.867,7.809
-0.94,7.3,8.278
-0.239,7.924,7.96
-0.754,7.47,7.635
-0.443,6.333,7.149
-0.581,5.292,6.711
-1.357,4.91,6.702
-2.125,6.355,6.781
-2.842,7.833,7.075
-2.79,8.317,6.74
-2.302,7.589,6.503
-2.522,6.685,5.637
-2.751,6.376,5.197
-1.983,7.072,5.448
-2.443,7.934,5.855
-2.23,8.374,5.733
-1.55,8.738,5.946
-2.007,7.848,6.221
-2.582,6.9,5.436
-1.818,6.836,5.761
-0.67,7.721,6.13
-1.16,7.116,6.08
-1.955,5.577,5.347
-1.732,5.254,4.299
-0.598,6.17,4.048
-0.067,7.443,3.917
-0.1,7.529,4.079
-0.175,7.525,4.905
0.191,8.264,4.144
-0.907,8.532,3.962
-0.67,7.754,3.809
-0.924,6.642,4.46
-0.754,5.9,4.419
-0.701,7.436,4.634
-1.074,7.872,5.087
-1.455,7.826,4.898
-0.904,7.383,4.843
-0.278,6.989,4.527
-0.957,7.302,5.19
-1.933,7.754,5.78
-1.536,8.238,5.824
-0.591,8.41,6.235
-0.306,8.01,6.51
-0.746,7.355,6.903
-0.383,7.13,7.233
0.613,7.84,7.666
0.854,8.424,6.501
0.732,9.003,5.967
1.081,8.4,6.283
1.718,7.35,7.331
2.44,6.328,8.068
2.629,5.103,7.417
3.333,4.02,7.58
4.436,2.45,8.448
4.613,1.488,8.032
4.797,4.721,5.283
5.886,7.706,3.484
9.075,8.979,0.947
15.298,8.149,2.89
17.396,10.207,-1.89
16.736,16.224,0.261
12.437,19.217,-0.232
12.492,15.059,-2.239
10.398,11.633,-4.089
9.743,9.527,-4.292
10.279,10.958,-1.192
5.297,9.759,-2.507
7.783,14.425,-2.704
2.027,0.347,-18.815
4.063,-21.17,3.993
10.384,0.256,5.328
12.425,-1.153,12.214
24.002,-9.568,8.161
42.222,21.808,4.24
21.648,26.089,5.206
17.227,8.963,-2.763
14.923,-3.847,-0.337
15.662,1.165,0.916
21.227,2.065,0.416
16.291,14.523,3.823
11.594,-5.967,0.51
11.224,2.213,7.218
10.869,-4.826,10.501
9.324,-2.854,12.903
7.616,-5.876,10.896
9.685,4.137,15.939
7.723,1.318,5.407
4.823,-8.128,0.971
0.017,-11.434,3.015
-1.467,-8.527,3.73
1.366,-1.838,5.398
8.539,0.206,3.61
7.168,-4.953,2.931
7.843,-5.57,1.548
8.345,-4.383,0.979
8.018,-5.797,1.505
6.728,-7.582,-0.014
7.723,-3.366,-1.692
8.532,-1.859,0.23
8.618,-6.426,-0.706
8.92,-7.666,-2.139
10.869,-5.68,-3.443
12.382,-3.34,-2.194
11.898,-6.522,-2.517
10.001,-8.687,-3.273
9.953,-9.207,-1.345
9.176,-4.761,-1.622
10.616,-1.632,-1.66
7.778,-4.677,0.349
4.957,-8.166,-0.321
5.187,-9.166,1.01
6.666,-5.551,-0.459
7.254,-6.481,-0.94
4.149,-9.293,0.907
-0.352,-8.386,4.242
7.561,-3.486,2.89
6.259,-0.742,3.259
4.816,-0.591,4.567
2.778,-5.469,6.376
1.431,-7.001,8.542
2.326,-3.917,15.001
3.448,-1.299,13.262
4.737,-1.876,17.382
2.687,-1.421,8.951
0.038,-0.725,9.097
-0.493,0.151,9.14
0.163,1.416,10.838
0.878,1.098,12.212
1.412,1.883,11.31
1.005,1.493,11.231
1.395,1.474,10.649
0.22,0.725,10.212
0.445,1.132,10.09
0.184,2.144,9.556
-0.608,3.163,9.338
-2.027,3.866,9.082
-1.723,4.414,9.477
-2.644,3.565,9.585
-2.479,5.352,9.647
-0.711,7.192,10.57
-0.167,8.475,11.121
0.462,7.331,10.623
-3.804,4.323,10.633
-3.685,6.362,11.07
-0.234,8.034,11.492
-1.014,7.881,10.386
-0.103,4.496,9.989
0.313,4.627,9.661
-1.352,4.85,8.522
-2.632,4.515,8.125
-1.072,4.386,7.453
-0.321,6.493,8.475
-2.134,6.843,8.367
-2.615,5.627,7.644
-0.392,4.943,7.326
0.163,5.785,6.675
-0.677,6.848,6.206
-1.108,6.556,6.063
-1.168,5.56,6.699
-1.103,6.032,6.654
-1.223,6.197,6.386
-0.718,6.529,5.965
-0.967,5.783,6.156
-0.931,5.745,6.257
-1.199,6.113,6.249
-1.321,6.907,6.386
-1.227,6.706,6.072
-1.656,5.764,6.333
-1.299,5.855,6.637
-0.768,6.099,5.85
-0.727,5.709,5.575
-1.27,6.613,5.572
-1.316,7.35,6.493
-1.34,7.486,6.836
-1.462,7.309,7.489
-1.73,6.51,6.989
-2.094,5.725,7.364
-1.56,6.08,7.171
-1.333,5.948,7.362
-1.141,5.381,6.704
-0.811,4.228,6.793
-0.019,4.364,8.216
1.924,5.321,7.917
2.168,6.027,8.271
0.711,5.448,7.994
0.196,7.154,8.867
1.419,6.723,8.419
2.881,5.352,6.977
4.328,0.49,3.225
0.596,-5.292,8.573
4.804,3.914,5.802
3.881,23.526,1.515
23.636,19.215,4.113
5.015,4.776,-2.338
15.509,11.226,-0.065
13.202,29.977,0.751
13.626,29.692,4.366
6.912,9.185,-3.905
5.326,-4.027,-5.197
12.166,5.094,2.01
5.898,9.676,-4.541
-0.273,18.514,-13.123
3.476,-2.366,-2.213
20.662,-0.842,1.299
12.752,9.357,7.699
25.837,3.625,10.836
58.097,-7.221,-0.56
33.353,27.601,7.317
19.389,16.076,10.903
7.764,13.008,-5.237
17.944,5.273,3.663
15.109,4.424,1.211
18.071,7.049,10.822
15.095,2.074,6.362
13.272,3.797,5.565
8.731,-0.196,9.247
10.444,-3.615,13.681
6.106,-10.752,8.144
13.547,-0.354,6.943
5.706,-3.704,11.061
6.962,-4.63,0.479
3.857,-7.003,5.276
6.355,-10.164,4.113
4.761,-4.221,4.134
5.644,-0.675,3.926
6.06,-3.374,0.73
6.57,-3.943,2.4
7.372,-5.565,2.419
6.237,-5.524,0.679
5.02,-1.651,-0.438
4.266,-1.251,0.242
5.56,-7.91,0.306
7.687,-10.18,0.416
9.877,-5.053,-2.847
7.022,-1.132,-3.163
10.477,-3.577,-2.038
10.451,-8.266,-1.419
10.965,-9.494,-3.07
10.812,-6.651,-3.823
11.827,-7.695,-2.737
7.333,-8.793,-3.467
7.159,-9.778,-1.835
5.599,-4.082,1.285
7.336,0.223,0.412
7.405,-5.627,-0.273
6.491,-12.587,-0.926
3.905,-12.585,1.567
2.223,-5.211,1.95
10.283,-2.629,1.692
7.171,-2.653,4.142
-3.108,-8.01,7.965
6.989,-9.81,7.544
-0.275,-1.505,7.417
3.498,2.469,7.247
3.187,0.89,9.393
-2.725,-6.096,13.843
0.488,-5.367,14.061
2.256,1.158,11.099
0.849,1.402,2.333
-6.682,4.39,11.697
-2.45,4.905,11.066
1.048,0.797,10.649
1.433,-2.639,9.79
2.665,-4.079,9.927
-0.502,-3.206,11.243
-3.292,-0.301,12.547
-1.802,1.969,7.692
-5.027,6.02,2.158
-4.599,2.909,10.606
-2.61,1.534,11.879
-1.548,0.775,12.073
-3.137,1.038,13.647
-4.544,2.909,12.726
-1.184,5.572,11.035
-1.73,5.12,10.731
-0.06,3.701,12.116
-1.282,2.888,11.776
-3.015,2.89,11.047
-4.544,4.283,10.47
-2.024,4.465,10.317
-1.534,4.843,10.262
-1.955,3.295,8.185
-2.649,2.328,8.788
-2.285,2.862,8.317
-2.713,3.89,7.735
-2.728,5.065,7.642
-1.907,4.967,7.929
-0.629,4.352,7.417
-1.68,3.795,7.47
-2.309,4.821,8.209
-2.632,6.216,7.742
-2.263,4.544,8.175
-1.61,3.125,6.642
-1.699,4.11,7.23
-1.67,5.302,7.489
-1.258,6.292,7.118
-1.168,5.249,6.592
-1.744,4.354,6.704
-2.187,4.307,8.211
-1.995,3.941,8.534
-1.357,4.622,8.723
-1.409,3.924,7.479
-1.926,4.108,7.472
-2.208,3.797,8.766
-1.213,3.682,9.054
-1.878,3.247,8.254
-1.471,3.321,7.757
-1.584,3.481,7.47
-1.727,3.632,8.132
-1.275,4.067,8.934
-0.086,4.11,8.238
0.67,3.127,9.393
0.959,1.352,9.551
2.881,1.998,8.094
4.055,3.831,7.618
6.637,5.154,7.135
10.802,-0.546,5.948
9.628,5.261,-0.227
7.561,15.803,4.847
20.598,7.699,2.359
21.734,3.876,5.857
19.351,16.399,3.854
19.222,12.786,4.926
15.04,4.491,-0.345
10.893,-1.235,-1.833
14.882,6.733,-4.491
13.633,19.047,-1.771
16.741,11.934,5.111
11.264,2.84,-1.077
13.329,0.608,8.018
17.217,-5.178,9.262
21.115,1.687,5.855
27.974,24.258,3.752
26.742,9.302,11.142
22.593,-0.158,4.515
20.925,5.118,4.165
16.98,7.467,6.529
15.877,0.646,7.422
17.21,4.433,9.917
19.325,8.137,14.662
-3.28,1.916,17.246
5.852,-13.111,8.24
8.91,-7.364,4.56
8.271,-3.462,5.343
12.681,-3.39,-3.287
0.988,-4.393,5.312
3.563,-8.245,3.914
2.34,-8.283,1.823
5.041,-7.62,1.979
3.955,-5.096,6.173
9.132,-2.56,3.663
16.042,-1.541,1.314
5.776,-3.005,1.036
5.52,-9.037,0.543
2.632,-9.542,0.108
6.785,-6.288,-0.979
9.123,-3.89,-1.916
9.776,-4.61,-3.46
8.953,-7.587,-2.464
9.434,-7.352,-2.306
10.02,-5.603,-3.421
7.297,-5.46,-2.321
10.238,-8.118,0.038
1.952,-7.336,-0.038
5.706,-5.505,-0.091
7.965,-3.263,-0.522
8.812,-9.697,0.725
14.116,-13.891,-0.701
-1.065,-10.994,2.62
5.369,-5.036,0.311
11.594,-3.488,-0.761
7.163,-3.424,2.811
5.139,-9.549,0.443
-0.823,-12.836,2.797
-0.285,-10.963,4.194
3.086,-6.929,5.216
2.041,-8.386,7.247
4.24,-8.307,7.113
1.651,-7.063,6.539
2.969,-4.953,4.955
2.795,-4.218,12.36
4.127,-3.476,10.444
0.83,-4.989,7.443
0.065,-3.086,8.637
-0.718,-2.409,8.958
-0.866,-1.392,10.886
-0.656,-1.397,11.145
0.292,-2.634,9.501
-2.07,-2.393,10.082
0.423,-0.553,11.858
-6.907,0.342,11.623
-3.797,-0.495,13.707
-4.386,-0.931,11.326
-2.909,0.077,11.444
-1.682,1.938,12.973
1.778,3.577,11.257
0.201,3.019,12.406
0.146,2.16,12.075
-0.77,1.995,11.058
-3.213,1.28,11.764
-4.532,2.297,10.781
-2.263,2.9,10.341
-0.907,1.991,9.02
-2.216,0.462,8.987
-2.33,1.084,8.599
-3.785,3.433,8.51
-2.871,5.003,8.599
-2.33,4.654,8.111
-1.586,3.519,7.285
-2.969,3.864,7.606
-2.653,5.173,7.367
-2.108,6.123,7.819
-2.833,5.556,6.989
-3.256,4.529,6.898
-2.873,5.051,7.728
-1.747,6.639,7.63
-2.677,5.706,6.764
-2.244,5.118,6.17
-2.677,5.706,6.623
-3.132,7.046,7.422
-3.225,6.537,7.795
-2.381,5.479,8.041
-1.861,4.749,7.706
-1.66,4.534,7.86
-2.462,5.079,7.515
-2.883,5.005,7.695
-3.074,4.788,7.797
-2.278,4.756,7.517
-2.294,4.316,7.395
-1.823,3.673,7.429
-1.979,3.374,7.872
-2.96,2.979,7.781
-2.469,2.601,7.826
-1.33,3.252,8.762
-0.469,3.941,9.477
0.148,3.799,9.388
0.512,1.962,8.611
0.316,1.029,9.13
1.921,3.062,9.298
2.589,4.957,9.721
3.883,5.01,10.137
5.402,0.847,7.19
5.285,-3.295,5.465
4.421,-0.419,4.177
11.791,0.383,1.718
14.597,8.08,2.555
18.87,21.232,3.618
25.852,37.798,5.914
18.897,22.842,8.501
10.903,7.757,1.175
-1.471,3.555,7.381
14.236,3.347,2.495
7.532,2.787,-0.514
12.559,-4.823,-6.161
8.006,0.206,-2.072
8.486,0.261,-0.479
17.892,-2.268,9.652
32.312,4.45,4.12
33.673,39.994,5.991
23.323,3.874,9.594
20.351,-1.912,1.677
19.318,10.214,0.825
19.555,9.812,4.826
10.64,7.649,8.506
15.808,0.443,5.931
15.958,1.127,3.89
17.346,3.685,5.347
8.587,-3.555,13.611
12.394,-3.469,9.178
12.03,-6.371,6.295
9.982,-3.797,4.302
2.996,2.474,9.168
13.138,-5.568,5.795
2.33,-8.628,4.733
1.22,-8.793,1.562
3.603,-6.345,0.677
5.111,-5.101,4.307
9.577,-4.381,3.338
11.336,-2.058,1.778
4.383,0.316,0.225
5.23,-3.017,-0.668
4.24,-7.163,-1.369
7.695,-9.42,-1.182
11.228,-3.388,-3.938
4.948,-1.84,-4.644
7.403,-3.225,-5.137
5.245,-6.809,-4.089
11.513,-9.123,-4.218
12.42,-8.917,-2.479
7.482,-6.754,0.871
4.835,-5.111,1.014
8.393,-6.139,-0.593
10.362,-4.441,-0.38
6.589,-2.661,1.041
9.979,-6.79,1.768
5.075,-8.022,0.845
3.72,-9.379,4.663
7.23,-5.044,5.326
5.658,-4.721,2.828
0.677,-7.776,3.433
0.651,-8.697,5.383
4.34,-7.149,5.142
2.931,-6.967,6.625
-0.505,-8.293,8.886
1.548,-8.915,7.058
0.546,-6.135,5.24
-1.081,-1.574,7.228
-0.404,-0.959,16.992
-0.696,-2.637,15.138
1.584,-6.151,6.733
-0.904,-4.197,9.03
0.644,-3.431,8.738
0.708,-3.029,11.329
1.459,-2.07,12.638
-1.388,-2.783,12.25
-1.778,-2.761,13.013
-5.979,-1.431,10.496
-3.273,0.792,9.214
-4.338,3.0,11.135
-2.888,1.792,11.441
-3.259,-0.263,11.819
-1.335,-0.033,11.58
-0.615,0.529,11.499
0.354,0.88,10.456
-1.668,1.84,10.779
-2.888,2.5,11.429
-2.428,2.641,10.42
-1.754,3.455,12.08
-1.653,1.005,10.913
-3.988,0.658,9.719
-3.945,3.0,8.24
-3.273,3.5,9.448
-1.914,1.883,9.743
-2.929,1.287,9.396
-2.94,2.895,8.728
-2.352,3.252,7.706
-3.125,4.438,8.029
-1.426,4.838,8.372
-1.251,2.974,8.135
-3.414,4.043,8.063
-3.086,4.565,7.635
-3.914,4.055,7.063
-2.723,3.984,7.496
-1.974,4.658,8.429
-2.601,4.922,8.398
-2.586,4.658,7.448
-2.546,4.146,6.9
-2.144,4.314,7.238
-2.196,4.39,7.929
-2.61,4.876,8.092
-2.68,5.132,8.274
-2.467,5.087,7.348
-3.005,4.302,7.352
-2.936,3.33,8.075
-2.232,3.826,9.137
-2.249,4.304,8.747
-2.577,3.249,7.857
-2.632,1.83,6.869
-2.728,2.098,7.252
-2.409,3.24,8.369
-0.799,3.077,9.022
-0.639,1.105,7.864
-0.847,0.287,8.874
0.151,0.416,9.726
0.593,4.508,9.152
2.653,8.087,9.503
3.708,6.623,7.73
6.615,-2.182,1.687
4.426,-10.53,7.046
6.682,0.825,6.912
14.535,12.056,0.313
17.858,19.667,4.276
15.162,18.858,10.058
59.14,-18.574,-28.462
22.057,22.038,5.553
14.013,15.844,7.979
14.851,1.723,-0.258
5.424,-4.436,-0.553
4.419,2.144,0.687
11.453,9.941,-6.527
3.575,-2.196,1.534
9.341,-10.869,-3.842
12.853,-8.747,8.652
23.813,-0.876,13.834
43.057,44.22,0.361
20.705,13.757,9.274
17.7,-4.29,-7.762
21.069,5.295,-1.785
23.399,10.147,5.103
14.753,2.665,4.488
15.006,6.324,6.479
13.76,-5.443,7.02
12.673,2.591,7.62
12.98,4.441,11.161
12.197,-2.914,5.792
12.468,-1.273,7.91
6.539,-13.09,4.316
8.965,-2.294,4.962
11.628,3.694,4.304
7.922,-3.378,1.172
-2.271,-6.034,-2.213
-4.29,-5.161,5.364
3.711,-7.161,3.742
8.209,-1.706,1.376
7.568,-0.864,0.598
5.39,-2.984,-0.151
7.003,-6.821,-0.294
7.216,-8.582,0.225
8.486,-4.216,-1.457
8.302,0.048,-1.974
7.23,-2.072,-1.811
8.022,-6.474,-3.491
10.645,-8.329,-3.637
12.15,-4.328,-2.902
11.64,-2.029,-4.785
12.291,-4.776,-4.077
10.69,-8.204,-5.13
10.391,-7.584,-4.689
10.379,-4.357,-3.761
6.57,-3.701,-2.51
0.962,-5.505,-3.381
-3.905,-7.23,-1.866
4.168,-4.625,-1.139
2.55,-2.244,-1.208
2.871,-5.295,-1.888
4.151,-8.659,-1.041
2.986,-10.57,0.799
7.278,-10.346,0.493
5.646,-7.494,0.926
3.051,-4.527,1.995
2.247,-3.213,0.895
-1.632,-4.309,3.969
-1.203,-6.761,4.017
1.134,-5.259,2.625
5.74,-2.108,15.746
2.283,-4.326,16.198
0.986,-7.817,8.293
-1.998,-5.754,8.058
-1.364,-2.584,10.597
-0.333,0.244,11.812
0.112,-1.05,13.805
-0.378,-0.153,14.418
-3.07,1.084,13.719
-1.706,-3.283,12.516
2.675,-0.682,12.315
1.751,-0.053,12.882
1.428,0.912,14.214
-0.196,0.715,14.686
-2.601,0.002,13.848
-2.649,0.316,11.927
-1.524,0.799,10.69
1.4,-0.9,10.558
1.371,0.469,10.377
-0.352,1.105,11.341
-2.326,2.378,11.783
-2.96,2.369,10.078
-1.304,0.412,8.262
-0.196,0.955,8.073
-0.732,2.12,8.671
-0.531,3.464,9.441
-1.696,3.101,8.57
-1.84,2.768,8.128
-1.192,2.366,7.96
-1.381,2.912,8.661
-1.715,4.352,8.936
-1.904,3.945,8.233
-1.771,2.649,8.149
-1.144,3.022,8.546
-0.663,3.563,8.831
-1.014,3.34,8.192
-1.677,3.414,7.924
-1.55,3.859,8.498
-0.926,4.177,9.037
-0.641,3.811,8.788
-1.51,2.873,8.616
-1.957,3.357,8.905
-1.098,4.252,9.515
-0.534,3.271,9.403
-0.565,2.421,8.735
-0.476,2.522,8.061
-0.617,2.888,7.884
-1.407,2.376,7.797
-1.034,3.256,8.608
0.782,3.627,8.329
1.455,1.871,8.013
0.541,0.39,8.757
3.455,2.117,7.326
0.421,2.225,8.8
0.735,3.902,11.798
3.481,5.06,9.726
4.642,1.146,8.635
4.735,-2.483,5.01
1.036,-7.312,4.154
30.958,0.124,5.869
12.068,14.978,7.228
17.53,19.827,3.907
13.788,5.936,6.953
13.276,11.504,9.161
15.719,17.253,4.345
12.796,16.994,2.024
12.87,15.212,4.888
8.467,-0.964,-3.156
8.3,2.318,-6.429
13.975,26.12,-2.735
11.262,22.244,8.546
-2.802,-9.958,8.159
12.154,-8.285,16.076
28.173,1.448,4.055
26.223,11.688,12.233
31.453,27.948,11.783
12.214,-1.314,12.334
16.939,-0.703,-3.381
19.275,6.135,8.896
14.463,2.505,5.886
12.403,3.642,4.957
12.621,-2.866,6.343
10.817,-5.462,12.068
11.145,-3.457,5.96
18.346,5.833,12.13
8.998,-15.834,4.261
2.354,-8.195,9.185
6.745,-2.472,4.276
9.771,-0.493,-0.813
9.522,-3.225,-2.218
7.003,-12.071,3.084
5.441,-4.426,3.584
5.51,-3.503,-0.043
6.063,-2.412,-1.766
6.675,-2.235,0.086
7.52,-3.321,0.325
7.706,-1.639,-3.012
6.424,-1.282,-4.221
6.965,-4.584,-1.548
10.436,-6.79,-1.443
11.142,-1.541,-6.324
7.369,1.419,-6.206
1.861,4.682,-5.534
-0.584,-2.567,-5.218
10.417,-7.958,-6.17
12.492,-12.427,-4.615
11.312,-5.551,-5.309
9.123,-3.467,-4.343
9.577,-8.826,-4.354
10.109,-10.209,-3.828
8.838,-8.113,-1.519
5.072,-1.68,-2.077
4.493,-0.019,-2.266
1.127,-4.328,-2.366
6.434,-7.247,-0.828
-0.306,-8.721,-0.105
7.144,-9.668,-0.534
3.594,-7.733,-1.086
3.675,-5.484,0.964
4.572,-3.089,1.172
2.125,-4.876,2.457
-1.845,-8.271,3.795
-1.285,-7.592,2.988
0.773,-4.85,2.436
1.641,-5.297,21.646
3.24,-5.058,18.339
5.761,-11.317,7.9
-1.962,-3.639,9.484
-0.565,-0.842,9.525
-0.177,-0.507,12.47
0.885,-2.89,14.765
0.022,-4.134,15.554
-0.617,-2.381,10.168
0.268,-2.491,12.116
1.184,-3.051,12.554
0.086,-4.582,12.322
1.093,-5.412,12.86
0.79,-3.263,12.544
-2.357,-1.838,13.011
-0.969,0.455,11.676
-1.081,0.857,11.087
-2.149,0.471,11.965
-0.866,0.656,13.532
-0.746,-0.012,12.212
-1.608,-0.651,10.135
-2.108,-0.613,8.312
-0.215,0.048,9.683
0.581,0.115,10.618
-1.014,1.952,10.96
-1.299,1.206,9.668
-1.0,1.017,7.723
-1.373,2.151,7.845
-0.5,1.775,8.216
-0.187,2.424,8.419
-0.605,2.84,8.601
-1.163,2.177,8.326
-1.914,2.969,7.793
-1.048,2.608,8.104
-0.239,2.4,8.479
-0.488,2.732,8.771
-0.991,3.553,8.57
-1.428,3.598,7.972
-1.639,3.302,8.661
-1.479,2.838,9.228
-0.4,3.082,9.329
-0.847,2.845,9.408
-0.821,2.684,9.367
-0.818,2.414,9.037
-0.735,2.462,8.924
-0.136,1.806,8.484
-0.354,0.986,8.64
-0.23,1.785,8.807
0.266,1.258,8.905
0.605,-0.414,8.843
1.871,-0.502,10.125
4.003,-0.352,9.082
3.539,1.857,8.891
6.264,1.215,7.328
4.266,-0.055,6.773
3.976,-3.395,4.96
5.218,-3.783,5.986
7.532,2.242,10.168
9.723,13.975,9.01
20.382,19.368,8.242
14.688,6.123,9.271
15.64,1.33,7.242
16.456,13.42,6.84
13.757,15.15,-0.268
11.896,11.427,-0.242
9.343,9.771,-3.551
7.651,-5.74,-8.238
12.231,13.286,-8.266
8.106,19.65,4.237
2.634,6.529,-9.142
10.85,-12.128,8.853
26.125,0.206,2.115
31.685,16.459,11.413
32.541,23.543,14.853
15.836,-3.4,10.008
28.579,4.902,-2.438
19.244,12.944,10.233
15.978,-1.134,5.991
12.934,-1.524,4.316
11.776,2.991,11.838
12.291,-5.481,15.09
17.432,-5.95,8.47
10.477,2.565,9.905
10.716,-9.19,6.364
11.068,-5.417,6.005
11.532,-2.342,4.656
7.336,3.371,0.94
4.749,-7.644,2.321
0.359,-20.062,5.101
2.278,-6.099,6.501
5.103,-1.407,2.199
8.728,-3.12,1.737
8.357,-6.127,0.624
8.549,-4.5,-0.026
8.008,-0.79,-2.582
7.491,0.888,-2.931
8.888,-5.326,-2.778
8.893,-8.475,-3.517
10.257,-3.673,-4.871
11.908,0.079,-4.744
11.862,-3.988,-4.247
7.869,-7.209,-4.644
8.79,-10.434,-6.005
11.276,-7.915,-6.666
12.843,-3.579,-6.592
8.819,-1.754,-3.244
4.699,-6.154,-1.249
4.907,-10.147,-1.558
5.773,-8.551,-4.85
4.979,-8.297,-3.909
1.658,-7.118,-0.361
4.694,-6.764,-1.773
2.172,-4.426,2.137
4.295,-0.766,5.125
3.488,-0.096,5.737
0.945,-5.417,4.78
-1.957,-7.867,4.747
0.297,-5.039,4.733
1.347,-3.333,7.539
5.331,-7.429,16.715
4.922,-6.615,14.745
1.742,-8.154,3.536
-0.799,-6.092,10.264
-1.125,-4.627,11.288
1.038,-3.828,10.762
0.725,-2.395,11.721
-1.158,-2.515,12.695
0.646,-1.912,15.415
-1.005,-3.919,12.133
-1.823,-3.842,9.073
-0.392,-0.928,11.676
0.522,0.33,11.654
-0.096,-0.213,12.429
-1.541,0.34,13.066
-0.715,-2.034,12.468
0.426,-1.196,11.121
0.366,-0.945,10.606
-0.983,-1.452,10.456
0.01,0.471,11.592
-0.598,0.603,12.386
-1.656,0.438,11.188
-1.258,0.196,9.436
0.988,-0.292,8.821
-0.593,1.414,9.769
-1.586,0.981,9.372
-1.156,1.747,8.793
-2.165,2.101,8.824
-0.935,2.371,8.898
-0.804,2.766,8.565
-1.225,3.027,8.573
-1.852,3.531,8.726
-1.62,3.338,8.874
-1.304,3.328,8.163
-1.414,3.457,8.025
-1.029,2.929,8.501
-1.072,3.862,8.881
-1.476,4.462,8.668
-1.428,3.936,8.331
-1.814,2.981,8.276
-1.249,3.024,8.644
-1.474,3.273,9.185
-1.048,3.196,9.214
-0.435,3.17,9.274
-0.601,2.28,9.281
-1.046,1.945,9.183
-0.67,2.134,9.168
-0.141,1.433,8.601
0.29,0.785,8.632
0.184,0.974,8.979
0.122,1.378,8.656
1.73,0.981,9.472
1.768,0.01,10.018
3.28,0.246,9.542
3.017,-0.644,8.905
5.501,-1.232,7.355
2.555,-2.393,7.781
1.481,0.557,8.044
4.773,1.613,6.548
6.056,7.927,5.702
7.12,15.695,8.333
17.772,7.616,5.448
14.817,2.273,9.635
15.951,8.589,10.805
14.982,11.877,6.773
13.391,17.071,4.816
12.14,13.444,0.007
9.953,7.668,4.718
-1.206,-12.757,-7.116
16.279,16.267,-8.987
11.582,32.525,-0.928
5.618,2.866,-5.663
10.393,-14.509,4.835
21.581,-3.139,8.738
29.41,19.813,5.111
33.573,32.008,21.524
17.162,-2.105,18.531
18.227,-2.768,-5.199
22.801,0.447,5.099
21.22,6.733,4.859
12.633,-2.806,6.601
11.829,0.935,3.132
16.669,1.479,4.749
12.121,-3.529,7.659
13.229,-5.469,2.503
5.484,-1.995,9.539
10.343,-14.169,6.34
7.625,-8.003,2.945
8.489,0.632,5.907
7.79,-2.115,1.574
0.313,-9.912,4.845
3.775,-12.044,3.761
3.053,-5.297,1.196
3.256,-7.668,2.388
6.199,-6.297,1.773
5.917,-3.24,0.821
6.247,-0.902,-0.452
4.945,-4.828,-0.758
5.479,-8.989,-0.629
7.936,-9.982,-1.574
10.231,-5.958,-4.039
9.896,-2.189,-4.78
10.259,-3.161,-3.778
12.171,-6.986,-5.06
14.413,-8.582,-7.317
12.784,-9.496,-6.709
9.831,-5.005,-4.244
7.874,-4.421,-3.543
5.132,-5.998,-3.524
7.039,-7.427,-5.237
5.728,-6.178,-4.012
5.867,-2.237,-1.189
3.986,-6.039,1.469
6.352,-8.924,1.041
2.562,-8.953,2.326
3.785,-5.96,4.029
3.39,-6.565,5.434
1.515,-8.522,6.369
2.096,-8.542,6.986
3.292,-5.941,7.781
3.33,-5.01,6.718
2.373,-5.395,5.917
1.656,-7.178,11.535
2.708,-7.077,11.626
1.115,-2.921,2.311
-0.78,-2.56,9.362
0.246,-0.218,8.652
1.744,-1.727,10.336
6.706,-2.067,11.626
-0.416,-5.194,11.073
-0.426,-5.883,12.499
-4.388,-4.197,17.229
-2.534,-3.122,12.142
0.869,-1.792,12.528
-4.429,-2.546,11.391
-1.067,-3.204,11.853
0.584,-2.603,11.008
-4.871,-2.565,12.377
-0.718,-0.502,12.733
-4.041,-0.94,12.772
-1.404,-0.935,11.207
-0.156,-0.098,10.389
-1.682,-0.187,10.276
-3.565,0.536,10.791
-2.711,0.077,10.252
-1.409,-0.017,9.085
-2.065,0.335,9.082
-0.897,1.251,9.379
-1.22,2.06,9.274
-1.952,1.964,9.154
-1.802,2.668,8.546
-2.397,2.462,8.431
-2.328,2.634,9.185
-1.957,3.103,8.798
-1.96,2.737,8.585
-1.933,3.601,8.297
-1.637,3.23,8.35
-1.424,2.519,7.963
-2.213,2.053,8.396
-1.828,3.058,8.357
-1.33,3.627,9.082
-1.773,3.775,8.783
-1.873,3.448,8.58
-2.091,2.259,9.051
-1.768,2.804,9.132
-1.993,2.376,9.171
-1.321,2.45,9.204
-1.105,1.014,7.965
-1.648,-0.196,7.876
-1.515,0.452,9.288
-1.529,1.371,9.829
0.617,0.416,9.685
0.546,-2.005,9.508
-0.62,-1.06,8.664
0.653,-0.187,9.654
2.141,1.555,10.482
3.563,1.687,10.652
5.211,-3.531,8.716
4.596,-3.926,7.178
2.785,1.957,10.843
11.836,9.908,8.463
14.789,6.374,5.879
21.894,2.89,4.139
16.679,-1.266,8.348
17.545,5.513,9.149
18.174,13.042,7.616
11.788,10.74,7.367
12.166,4.639,-2.529
11.932,8.57,-1.677
12.439,11.673,-0.246
4.326,12.276,-1.278
6.994,4.881,-6.422
3.302,-4.242,-5.611
9.199,4.8,-0.696
4.78,-0.44,9.716
33.503,6.182,5.587
27.577,3.749,13.075
24.854,4.922,13.341
19.906,-0.177,5.9
23.832,2.871,-2.816
15.102,0.029,10.032
19.689,-1.079,2.768
9.034,-2.366,7.941
12.255,-0.531,3.45
5.812,5.063,7.429
13.623,-1.952,8.044
4.658,-19.543,0.546
31.649,-5.902,-6.754
5.414,-9.589,6.867
6.443,-4.563,10.013
9.25,0.144,-3.594
8.537,-7.278,-1.438
6.807,-15.279,2.16
2.613,-12.554,1.919
4.575,-7.539,3.474
6.903,-2.194,0.924
7.788,-1.089,2.029
6.888,-6.271,0.804
6.58,-7.046,-1.354
5.804,-5.448,-2.426
5.922,-4.747,-2.981
6.668,-5.185,-2.591
7.427,-5.012,-3.218
8.707,-2.878,-3.957
9.805,-3.299,-3.68
10.855,-5.388,-4.823
10.771,-5.843,-6.467
9.434,-6.056,-5.465
10.372,-4.809,-3.893
10.056,-5.355,-4.675
8.984,-7.704,-6.879
6.955,-8.647,-7.099
6.548,-4.185,-4.199
5.034,-5.156,-2.778
-2.615,-8.728,-3.022
-2.407,-10.972,0.857
4.637,-6.123,0.684
4.378,-5.039,2.024
5.711,-5.969,2.625
1.804,-9.455,3.29
2.907,-9.001,4.108
3.024,-7.345,4.706
2.742,-6.56,6.797
1.995,-6.178,6.783
1.005,-5.958,6.57
1.835,-5.285,13.26
4.221,-8.62,12.185
2.019,-3.639,5.23
-2.254,-5.814,8.336
0.474,-3.508,9.197
-3.998,-3.067,11.291
0.316,-3.732,11.334
1.184,-6.386,11.183
1.132,-7.173,8.391
-0.543,-5.742,9.044
-1.998,-3.084,6.929
-1.455,-2.247,10.204
-1.038,-0.084,12.126
-1.957,-1.414,11.145
0.333,-0.988,11.257
1.29,-1.27,10.482
-1.713,-1.967,11.427
-0.773,-4.163,10.69
-0.27,-2.352,10.623
-1.567,-1.637,10.714
3.871,1.211,10.611
-8.104,-0.914,11.185
-3.041,0.574,11.872
-1.354,-1.883,9.963
-1.196,-2.163,9.582
-1.218,-0.146,10.647
-1.058,0.88,10.46
-1.828,-0.445,9.609
-1.211,-2.165,8.898
-2.091,-1.258,8.372
-1.404,1.074,9.154
-0.907,2.957,9.472
-1.885,2.017,9.051
-2.216,0.902,8.824
-1.646,0.483,8.764
-2.003,1.187,9.381
-1.809,1.986,8.475
-1.656,1.747,8.525
-1.223,1.754,8.398
-1.349,1.677,8.463
-1.294,1.239,8.745
-1.144,1.584,8.781
-1.11,1.737,9.235
-0.926,1.61,9.104
-0.543,1.28,8.391
-1.158,-0.352,7.805
-2.024,-1.22,7.611
-1.043,-0.613,8.771
0.677,0.309,9.415
1.866,0.993,8.742
-0.215,-0.998,7.283
-2.003,-3.051,7.472
0.555,-2.553,9.24
3.29,-1.041,10.137
4.307,-1.419,9.343
5.941,-3.718,5.615
6.005,2.074,8.888
2.917,12.549,10.104
16.916,16.133,8.08
15.521,5.503,-2.074
19.433,-0.543,1.943
12.078,-3.036,12.681
18.162,7.809,7.642
17.987,13.963,1.639
16.014,11.582,5.725
17.071,2.565,8.305
13.241,9.204,1.653
13.709,13.987,-5.544
11.216,14.056,7.355
13.099,2.929,-3.539
19.866,-0.467,8.154
14.36,-6.132,11.551
20.957,1.395,5.17
20.985,1.593,3.778
15.303,15.066,2.943
18.574,3.981,2.239
18.942,3.649,-1.175
15.767,4.335,-0.301
15.219,4.07,0.033
13.03,-3.929,5.828
15.442,-1.187,4.187
14.037,2.847,6.168
10.838,-1.581,7.19
7.017,-10.537,8.97
10.829,-17.731,7.577
7.142,-10.116,10.587
6.778,-2.878,8.582
9.845,-3.357,0.73
5.864,-11.678,4.173
4.524,-5.778,7.175
4.421,-4.031,4.649
3.78,-2.156,3.531
4.213,-0.426,2.78
4.768,-5.39,1.376
4.627,-8.309,-0.156
5.465,-9.752,0.033
7.51,-7.86,-1.644
7.695,-6.484,-2.663
8.262,-4.11,-3.065
9.013,-3.974,-2.862
10.63,-4.728,-2.677
12.652,-5.139,-3.979
13.272,-6.264,-5.436
10.197,-7.809,-5.649
10.018,-10.491,-8.855
7.116,-8.183,-6.383
8.53,-5.725,-5.194
5.206,-7.352,-3.797
-0.306,-9.944,-2.127
2.433,-4.441,1.01
3.134,-1.782,2.998
3.393,-6.292,4.677
1.519,-11.403,4.378
2.373,-12.391,3.022
1.476,-8.855,4.113
2.206,-4.52,5.845
2.83,-2.381,6.776
1.455,-5.039,7.551
-0.505,-10.037,14.779
5.852,-9.264,11.688
0.699,-5.699,3.407
-1.254,-5.06,8.419
15.542,7.695,6.087
0.447,-1.337,11.271
0.792,-1.873,11.626
1.208,-4.173,10.908
0.278,-3.974,12.176
-0.304,-4.216,11.248
-1.258,-3.519,11.128
-1.593,-4.209,11.128
-1.821,-5.596,11.157
-1.51,-4.814,10.099
-0.268,-2.259,11.779
-0.842,-0.682,12.769
-0.385,0.39,11.98
-1.79,-0.055,10.695
-2.038,-2.16,10.458
0.098,-1.148,10.513
-0.196,-1.639,10.881
-0.696,-2.467,10.252
-0.971,-2.364,10.391
-0.409,-1.23,10.006
-0.976,-0.957,9.243
-1.146,-1.196,9.018
-1.404,-0.179,9.278
-1.373,0.395,9.422
-1.05,1.562,9.64
-1.036,2.0,9.097
-2.007,1.759,8.195
-2.273,1.945,8.374
-2.082,2.094,8.975
-1.634,2.732,9.353
-1.94,3.261,9.534
-2.067,2.007,9.065
-2.0,2.208,8.642
-2.22,1.828,8.264
-1.928,2.644,8.874
-1.416,2.929,9.233
-1.414,3.807,9.589
-2.352,3.838,8.783
-3.385,3.694,8.793
-2.845,3.651,9.262
-2.775,3.575,9.403
-2.993,3.615,9.281
-3.28,3.259,9.152
-3.194,2.948,9.609
-2.72,2.869,9.427
-3.467,2.565,9.317
-4.02,2.924,9.202
-4.036,2.699,9.46
-3.771,2.718,9.788
-3.314,2.708,9.994
-3.488,2.335,9.831
-3.639,2.103,9.886
-3.414,2.117,9.771
-3.472,1.957,9.874
-3.28,1.445,10.049
-3.005,1.058,9.999
-3.232,0.806,9.826
-3.706,0.912,9.752
-3.661,0.904,10.3
-3.295,0.337,10.795
-3.725,-0.935,10.817
-3.988,-0.904,10.678
-4.465,-0.481,10.472
-4.788,-0.368,10.566
-4.63,-0.352,10.657
-4.278,-0.342,10.716
-4.07,-0.782,10.549
-4.283,-1.388,10.379
-4.252,-1.18,10.671
-4.046,-1.342,10.594
-4.098,-1.665,10.535
-3.749,-2.036,10.235
-3.371,-2.29,9.967
-3.405,-2.314,9.527
-3.115,-2.184,9.355
-2.629,-2.163,9.455
-2.046,-1.95,9.444
-2.012,-2.175,9.068
-1.861,-2.809,8.795
-1.584,-2.905,8.675
-1.785,-2.938,8.35
-1.328,-2.821,8.058
-1.036,-3.539,7.395
-0.146,-4.292,6.541
-0.663,-4.725,-0.048
-8.077,-2.811,4.699
-0.263,-2.031,7.034
-28.864,-13.063,-2.873
0.057,-5.0,6.769
-1.002,-3.811,7.383
0.773,-1.455,6.663
-0.146,-2.486,6.706
0.656,-1.694,8.113
3.012,-1.878,7.077
2.417,-1.902,6.69
4.01,-2.641,6.032
4.843,-1.682,5.788
5.462,1.227,3.158
5.347,0.924,5.599
5.319,-2.316,11.676
5.902,0.457,10.369
6.699,1.144,11.259
9.065,3.723,10.286
9.872,4.316,9.312
9.709,0.785,11.621
12.676,0.538,16.255
7.996,-2.711,13.841
10.408,-1.203,18.035
10.142,-2.661,11.951
8.475,1.402,13.52
9.912,1.184,10.154
2.409,-4.893,9.862
9.092,1.849,7.288
9.659,-0.4,7.027
9.185,0.335,5.572
8.228,0.282,3.579
9.546,1.802,1.048
12.456,2.007,6.733
11.362,1.208,6.558
10.956,-1.692,4.23
9.549,-2.053,4.943
10.429,-1.022,5.639
9.939,-1.316,5.127
9.786,0.139,4.381
9.161,0.048,5.513
9.307,0.431,5.352
9.223,-0.237,4.907
9.384,-0.943,6.304
9.336,0.029,6.513
9.518,0.646,6.336
9.503,1.036,6.551
9.365,1.622,7.108
8.989,1.696,6.953
8.585,0.73,6.371
8.262,0.703,5.46
8.436,0.869,4.898
7.307,1.634,4.931
6.929,2.034,4.955
6.886,2.785,4.859
6.723,3.127,4.161
6.403,2.931,3.297
6.19,3.082,2.565
6.158,3.299,2.149
5.857,4.098,2.419
5.178,4.754,3.146
4.878,5.058,3.101
4.742,4.962,2.591
4.867,5.364,2.225
4.948,6.316,2.842
4.895,7.135,3.354
4.646,7.448,3.79
4.352,6.95,3.945
4.742,7.096,3.905
4.51,6.386,4.022
3.821,5.644,4.498
3.797,5.761,4.599
3.644,5.79,4.532
3.675,5.869,4.862
2.883,5.635,5.46
2.589,5.603,6.271
2.991,6.247,6.917
2.854,6.199,6.891
2.656,5.972,6.721
2.751,5.62,6.9
2.608,5.379,7.003
2.251,5.335,6.915
1.632,5.687,6.972
1.4,5.972,7.065
1.333,5.314,7.733
1.541,4.45,7.984
1.342,4.74,7.874
1.072,5.383,8.429
0.983,5.926,8.836
0.347,5.843,9.116
0.053,5.548,9.377
0.749,5.362,9.444
0.739,4.768,9.601
0.77,4.831,9.857
0.727,5.099,10.346
0.9,5.386,10.054
0.256,5.687,9.996
-0.261,5.431,10.245
0.433,4.52,10.427
0.237,4.455,10.563
-0.105,4.898,11.049
-0.864,4.881,11.291
0.01,3.979,11.216
0.294,2.57,10.905
0.483,1.541,10.511
0.163,1.311,10.408
-0.821,1.663,10.326
-1.436,1.541,10.456
-2.378,0.665,10.898
-2.105,-0.29,10.915
-1.921,-0.892,10.582
-1.924,-0.687,10.19
-2.213,-0.522,10.319
-2.809,-0.507,10.408
-3.311,-0.342,10.829
-3.764,-0.682,10.453
-3.993,-1.373,9.558
-4.599,-2.125,10.046
-4.51,-2.086,9.958
-4.407,-1.756,9.353
-4.472,-2.175,9.46
-2.826,-2.984,8.869
-4.194,-3.924,8.527
-4.725,-4.029,8.276
-4.264,-2.919,8.656
-4.06,-2.271,8.924
-4.039,-3.036,8.18
-4.924,-8.197,8.745
-2.79,-8.195,7.984
-3.156,-4.06,7.113
-6.795,-2.919,8.486
-7.044,-1.811,11.649
-6.23,-1.069,11.228
-7.144,-3.012,9.75
-6.644,-3.433,7.204
-6.307,-1.352,7.826
-7.025,-3.062,9.125
-6.017,-5.144,9.855
-6.682,-5.34,9.281
-6.194,-4.18,8.159
-8.987,-2.237,8.018
-9.793,-1.938,7.305
-6.769,-2.809,8.592
-4.354,-0.699,10.458
2.357,0.792,10.683
-1.407,1.706,11.231
-2.426,-0.019,8.489
-0.656,-2.115,7.869
-1.474,-0.648,7.848
-2.225,-0.184,9.209
-1.711,1.534,9.939
-1.239,-0.218,10.664
-0.689,-2.151,9.405
-1.337,-1.282,7.573
-4.508,-0.816,7.785
-2.271,0.797,8.668
-1.747,-0.608,10.267
-2.015,0.151,9.278
-3.496,-0.029,9.64
-3.029,-0.591,10.525
-2.271,-0.861,10.523
-1.794,0.462,9.958
-2.452,-0.287,8.477
-0.55,-0.316,8.85
-2.663,-1.12,9.472
-2.304,0.151,11.001
-1.804,-0.194,9.826
-1.974,-0.584,9.755
-2.823,-1.151,10.173
-2.594,0.469,9.982
-2.73,-0.005,10.441
-1.895,-0.464,10.781
-2.335,0.079,9.51
-2.806,-1.18,10.09
-1.44,0.258,9.231
-1.957,0.038,9.458
-2.28,0.768,10.161
-2.364,-0.156,9.972
-1.986,0.141,10.374
-1.29,0.258,9.898
-0.78,-0.854,9.324
-1.768,-0.103,9.872
-1.675,-0.191,10.523
-1.041,-0.38,10.503
-1.926,-0.261,9.941
-1.852,-0.601,9.75
-1.141,-0.746,10.046
-1.292,-0.251,10.692
-0.696,-0.725,10.212
-1.316,-1.388,10.073
-1.17,-0.285,10.556
-1.046,0.268,10.111
-1.163,-0.488,10.281
-1.751,-1.321,9.891
-0.775,-1.357,9.51
-0.16,-0.617,9.367
-0.258,-0.983,9.764
-0.555,-1.022,9.9
-0.763,-1.371,10.011
-0.4,-1.017,10.769
-0.601,-1.101,10.408
-1.081,-1.888,10.295
-0.981,-0.136,10.472
-1.029,-0.749,10.58
-0.402,-0.29,10.501
-1.053,-0.613,10.688
-0.301,-0.873,10.149
-0.562,-1.323,9.747
-0.325,-1.321,9.573
-0.062,-1.01,9.635
0.077,-1.275,10.034
-0.139,-1.864,9.491
-0.251,-1.125,9.757
-0.691,-0.758,10.018
-0.378,-1.002,10.092
-0.486,-1.194,10.152
-0.725,-0.988,10.066
-0.23,-0.574,10.214
-0.237,-0.785,10.271
-0.543,-1.445,10.149
-0.502,-1.036,10.422
-0.153,-1.113,10.061
-0.524,-1.019,9.795
-0.725,-0.756,10.018
0.531,-0.876,10.312
0.483,-1.558,10.226
-0.263,-2.098,10.295
-0.462,-2.254,10.116
0.294,-1.361,10.353
0.361,-1.491,10.123
-0.529,-2.682,10.008
-0.266,-2.285,10.247
0.392,-1.622,10.719
0.49,-1.416,11.515
0.172,-2.01,9.857
-0.718,-3.747,10.302
-0.368,-2.065,10.908
0.115,-1.56,11.496
0.663,-1.376,10.513
-0.672,-2.668,9.314
-1.629,-2.708,9.798
-0.4,-2.156,10.666
-0.397,-1.727,10.92
-0.043,-1.22,10.563
-0.701,-2.125,9.441
-1.141,-2.5,9.771
-0.574,-1.878,10.491
-0.335,-1.814,10.726
-0.278,-2.323,10.243
-0.242,-2.29,10.223
-0.158,-1.802,10.379
-0.639,-1.866,10.023
-0.624,-1.605,10.427
-0.311,-1.57,10.597
-0.249,-1.637,10.542
-0.014,-1.184,10.348
-0.299,-1.773,10.326
-0.785,-2.263,9.379
-1.436,-2.424,9.29
-1.325,-2.103,9.508
-1.144,-1.51,9.563
-1.316,-1.325,9.781
-1.084,-0.964,9.879
-1.002,-0.467,9.786
-1.316,-0.234,9.673
-1.139,0.084,10.073
-1.105,-0.191,10.049
-1.541,-0.333,10.034
-1.371,-0.837,9.539
-1.33,-0.562,9.932
-1.361,-0.507,9.917
-1.445,-0.89,9.991
-1.292,-0.909,10.08
-1.273,-0.78,10.293
-1.194,-0.641,10.319
-1.146,-1.062,9.891
-1.735,-1.617,9.633
-1.505,-1.268,10.35
-0.979,-0.44,10.927
-1.455,-0.227,10.771
-2.448,-0.182,10.216
-2.615,-0.325,10.044
-2.479,-0.445,10.389
-2.206,-0.613,10.57
-2.05,-0.617,10.379
-2.156,-1.05,9.654
-2.632,-1.407,9.577
-2.23,-0.864,9.515
-2.199,-0.237,9.223
-2.553,0.397,9.001
-2.479,1.053,8.893
-2.567,1.048,8.946
-2.495,0.945,8.616
-3.352,0.794,7.886
-2.44,0.763,8.144
-1.96,0.842,8.345
-2.005,1.244,8.108
-2.309,1.802,8.082
-1.182,2.003,8.159
-0.976,2.105,8.477
-1.62,2.091,8.187
-2.11,1.852,8.085
-1.991,2.498,7.915
-1.744,2.436,8.053
-1.981,2.407,8.116
-2.007,1.952,7.575
-2.29,2.378,8.185
-2.098,2.376,8.295
-1.491,1.945,8.343
-1.885,1.687,8.321
-1.933,1.713,8.721
-2.321,2.089,8.946
-2.562,2.213,9.458
-2.294,2.357,9.113
-2.919,1.467,9.537
-2.309,2.089,9.642
-1.792,2.213,9.022
-1.95,1.503,8.446
-2.043,0.878,8.034
-1.763,0.385,8.446
-0.218,0.423,8.35
1.457,0.404,8.58
2.117,1.038,8.36
3.656,1.634,7.18
1.73,1.148,8.439
-0.29,0.802,7.556
2.986,0.835,8.75
5.297,-1.445,10.685
7.065,-4.321,8.888
5.575,0.203,10.829
5.058,7.927,13.776
6.541,8.774,10.676
11.166,3.723,4.488
24.983,1.761,4.398
33.745,5.685,1.457
17.423,7.797,11.348
15.858,7.867,4.728
13.97,8.721,5.812
14.774,7.977,5.467
12.336,12.286,-0.498
10.465,10.078,-0.507
6.998,15.095,20.6
8.482,0.378,-11.932
5.845,-6.41,0.412
8.003,-13.08,-8.924
18.33,-1.505,6.419
28.048,9.941,1.811
29.383,22.009,9.039
17.334,-8.869,19.148
18.066,-4.764,5.484
22.536,0.203,3.486
16.975,-2.232,7.747
14.906,2.503,11.183
13.145,2.019,9.264
12.58,-8.36,5.032
8.68,-12.389,2.22
7.391,-4.819,2.146
3.101,-8.766,8.479
-0.177,-6.816,9.606
11.365,-9.436,-0.313
6.852,-12.087,-0.993
1.589,-11.511,-0.912
2.981,-14.068,-0.199
6.548,-5.103,0.658
8.872,-3.651,-0.275
8.666,0.969,-2.254
1.938,-2.996,-2.395
1.39,-6.235,-2.405
5.869,-6.639,-0.847
9.807,-1.29,-1.928
5.635,-3.18,-3.252
5.969,-6.225,-3.594
7.584,-7.788,-2.957
10.393,-1.983,-3.783
11.331,-0.62,-3.749
10.805,-5.505,-3.639
12.169,-5.962,-6.089
11.769,-4.254,-8.398
10.621,-5.099,-6.237
10.14,-5.623,-5.905
8.221,-6.235,-6.73
8.793,-4.943,-7.305
7.941,-1.567,-6.879
4.448,-5.469,-5.635
7.836,-8.711,-4.881
9.276,-11.023,-6.027
5.319,-3.515,-4.338
2.481,-2.771,-2.924
1.507,-5.792,-0.957
2.639,-7.537,-0.242
3.051,-7.211,1.031
1.641,-8.355,3.151
1.515,-8.711,5.206
2.558,-9.613,10.637
5.9,-12.279,6.046
0.833,-7.228,7.053
-0.29,-8.841,5.534
-0.45,-5.154,9.302
0.926,-2.802,10.178
1.215,-1.948,11.032
-0.292,-4.725,11.422
0.093,-6.714,9.128
0.888,-6.647,8.453
1.512,-4.9,8.989
1.287,-1.995,10.999
-1.481,-5.477,10.948
-0.914,-4.295,9.845
-0.933,-2.467,10.152
-1.227,-1.359,10.212
-2.017,-2.151,10.046
-2.55,-3.046,10.424
-1.94,-2.383,10.783
-1.385,-2.768,10.724
-1.806,-3.424,9.81
-2.417,-3.718,10.762
-2.802,-1.936,11.585
-2.448,-0.443,11.408
-3.833,-0.23,11.937
-4.216,-0.507,12.348
-2.345,-0.699,12.099
-2.464,-1.79,11.106
-1.268,-1.924,10.927
-1.864,-2.443,9.53
-1.567,-2.151,8.393
0.876,-2.668,7.762
-3.584,-0.833,9.958
-3.469,-0.079,10.257
-3.206,-0.043,11.039
-2.632,-0.227,9.795
-2.417,-1.067,9.494
-1.871,-1.421,9.044
-2.175,-0.254,8.975
-1.893,0.464,8.202
-2.125,0.01,8.29
-1.584,0.359,8.893
-1.586,0.467,8.709
-1.57,0.325,8.719
-1.818,1.256,9.171
-1.723,1.531,9.125
-1.323,1.318,8.668
-1.794,0.672,8.415
-2.079,0.474,8.731
-1.838,1.562,9.278
-1.687,1.457,9.618
-2.041,0.505,9.41
-2.062,0.33,9.836
-1.433,0.041,10.219
-1.302,0.23,10.099
-2.546,0.201,9.85
-2.751,0.34,9.79
-2.187,0.361,10.054
-1.361,-0.648,9.054
-1.416,-1.357,8.47
-1.888,-1.141,8.628
-2.771,-0.577,9.345
-1.574,0.711,8.936
-0.096,0.249,9.008
1.232,-1.192,7.85
1.117,-2.273,7.951
-6.84,-1.644,8.331
4.357,-2.658,7.252
5.256,-4.84,5.893
5.041,-7.625,4.46
3.323,0.029,9.953
3.347,5.946,13.463
7.498,5.694,9.367
9.941,-1.225,4.663
23.318,-4.474,5.268
14.896,2.108,10.927
15.76,10.7,11.786
13.872,8.738,13.174
16.997,13.126,5.972
13.04,14.614,6.123
14.901,6.888,-0.605
18.449,11.08,0.892
2.79,-2.924,-5.201
4.041,-4.802,-5.101
11.176,10.941,-5.819
0.924,-1.091,-3.752
0.062,3.579,4.754
10.984,-9.774,14.722
43.191,3.438,0.275
29.625,8.491,11.453
16.774,-1.881,9.977
23.823,3.18,1.821
18.715,-7.293,2.318
19.6,0.206,3.254
17.061,-0.244,2.34
14.2,-7.711,7.319
14.466,-5.23,8.278
15.533,-4.508,12.035
4.603,-1.866,8.427
5.106,4.134,13.731
6.135,6.029,9.592
14.48,0.246,1.658
21.854,2.285,10.324
19.318,10.982,8.082
18.09,15.652,12.559
10.654,13.477,11.903
10.41,7.336,0.091
17.059,10.613,-2.062
5.852,8.769,8.087
12.035,-3.302,-3.759
13.525,8.886,-5.716
8.673,2.644,-9.594
2.625,8.707,-8.573
6.053,2.273,-0.72
13.202,-1.084,15.774
54.96,7.577,-2.428
24.019,4.618,24.658
22.404,4.914,14.7
23.502,12.774,5.252
17.983,3.127,4.465
14.157,-14.202,10.788
17.612,-6.273,1.742
14.513,-8.857,12.575
17.578,-1.931,5.508
12.027,-4.972,2.656
11.346,-9.159,5.053
9.214,-6.273,0.464
5.252,-11.444,1.725
14.588,-5.252,0.847
4.596,-2.864,-1.165
8.23,-6.065,3.838
3.921,-13.587,0.268
3.067,-8.594,-3.85
6.833,-7.649,-1.948
9.953,-3.177,-1.766
5.127,-0.79,-3.591
6.058,1.378,-2.072
6.752,-3.622,-2.854
5.996,0.39,-3.979
4.343,1.991,-4.823
3.357,-0.842,-5.441
10.731,-3.185,-6.23
6.412,-7.936,-5.895
10.262,-2.366,-5.486
10.616,-1.617,-4.13
11.362,-4.041,-5.077
13.418,-5.814,-6.838
16.43,-5.52,-4.962
11.322,-4.532,-7.041
9.018,-4.221,-8.283
5.969,-7.041,-8.073
5.79,-7.439,-3.488
9.977,-1.019,-2.409
7.546,-0.084,-6.192
2.842,-1.318,-7.879
1.077,-9.755,-7.573
4.819,-13.284,-2.634
4.711,-5.063,-3.737
4.91,-1.089,-2.699
0.507,-5.144,-3.369
0.703,-11.827,-3.912
0.813,-13.788,-0.555
3.23,-6.276,1.12
3.115,-3.895,3.192
0.514,-8.491,2.845
-0.318,-9.884,2.07
-1.043,-13.276,9.891
3.563,-12.92,8.171
3.24,-5.551,3.046
2.007,-8.558,4.465
-0.029,-4.56,5.393
-0.763,-3.388,8.661
-1.914,-5.737,9.396
-1.455,-9.321,9.326
-0.828,-11.243,10.503
0.215,-10.166,7.575
0.16,-5.146,8.628
-1.562,-8.037,10.678
-2.146,-5.194,11.003
1.349,-4.979,11.195
1.771,-5.328,11.472
1.567,-5.584,10.207
0.23,-6.163,10.834
-1.239,-5.467,11.188
-2.878,-5.072,10.819
-2.972,-5.338,10.07
-1.725,-5.426,8.731
-1.158,-4.012,9.396
-1.991,-3.335,10.044
-2.656,-3.764,10.408
-1.041,-4.374,9.494
-1.084,-2.828,9.324
-2.213,-1.625,10.133
-3.175,-1.799,10.07
-1.797,-3.919,7.91
-2.792,-2.775,8.128
-1.404,-1.759,8.266
-1.129,-1.096,8.446
-2.022,-0.127,8.719
-2.388,-0.72,7.984
-1.957,-0.84,8.537
-2.237,-0.67,8.841
-2.732,-0.029,8.68
-2.826,-0.443,8.742
-2.218,-1.163,9.257
-1.864,-1.208,8.994
-2.024,-1.048,8.8
-2.33,-0.689,8.422
-2.163,-0.94,9.221
-1.739,-0.873,9.254
-2.201,-1.443,9.039
-2.462,-1.912,9.142
-1.751,-1.232,9.113
-1.67,-1.247,8.408
-1.904,-1.845,8.053
-2.127,-1.61,8.52
-1.794,-1.223,8.154
-1.531,-1.584,8.463
-0.318,-2.405,8.087
0.031,-3.163,7.68
0.562,-1.782,8.211
1.519,-0.5,8.664
3.919,-1.754,9.393
3.924,-4.283,7.522
6.513,-4.213,5.874
7.809,-10.97,5.431
6.369,-9.042,4.788
6.572,1.689,11.391
6.034,1.263,12.427
14.178,-1.414,7.52
36.071,2.201,5.18
15.597,-3.876,12.834
23.074,8.092,12.279
17.444,12.872,11.056
15.109,12.566,8.695
19.184,1.141,-4.089
11.48,2.175,-1.136
18.621,8.788,-1.615
14.623,12.346,5.048
3.259,7.077,11.367
2.151,-0.5,4.441
3.012,-17.418,1.247
11.305,-3.335,-3.153
26.156,7.625,8.695
25.931,6.12,10.75
29.067,-7.685,19.952
19.617,-12.408,13.623
19.746,-1.452,-1.615
13.87,-9.381,0.199
16.454,-0.203,3.125
15.229,1.294,8.262
17.167,1.218,7.912
16.181,-8.51,3.187
11.429,-7.494,2.342
-1.122,-9.436,-1.909
13.214,-19.454,-0.483
4.57,-15.112,6.95
7.259,-1.672,-3.661
0.538,-16.449,-4.443
4.89,-11.925,-0.414
6.132,-5.551,-0.902
8.204,-2.352,2.55
3.893,-0.067,-1.732
6.036,-0.598,-1.072
3.73,-5.278,-2.271
4.795,-8.857,-2.146
7.453,-8.214,-2.299
6.812,-2.254,-4.139
8.467,-2.424,-5.699
8.587,-5.414,-5.01
10.527,-6.797,-5.048
13.343,-5.773,-6.58
12.671,-5.096,-6.946
10.171,-1.826,-6.51
5.764,-3.687,-9.049
8.943,-8.049,-3.347
10.42,-8.364,-7.101
8.611,-1.007,-5.912
6.912,-0.837,-6.35
4.075,-6.419,-5.503
5.68,-12.69,-4.953
4.558,-8.625,-4.0
3.249,-3.204,-2.673
1.809,-2.12,0.263
2.113,-5.766,2.582
2.342,-11.063,1.912
1.732,-10.326,5.118
4.816,-14.561,13.219
2.266,-13.037,8.386
2.268,-6.982,0.187
-0.526,-6.288,8.013
0.897,-3.213,9.951
-2.048,-4.716,11.798
0.672,-5.891,10.082
-0.974,-8.183,9.532
-1.366,-10.257,8.711
-2.16,-9.716,9.281
0.806,-5.204,3.242
-3.687,-5.706,11.527
-2.055,-4.948,8.448
-2.096,-3.783,9.3
-1.531,-3.62,10.334
-0.854,-3.732,10.279
-2.027,-5.015,10.68
-1.969,-3.039,11.226
-1.526,-3.421,10.984
-1.878,-5.769,11.472
-2.256,-6.3,10.951
-3.007,-6.295,10.075
-2.871,-5.723,10.489
-1.251,-4.567,10.628
-0.806,-3.816,9.209
-2.529,-3.687,9.276
-1.926,-4.266,9.154
-1.357,-3.055,8.764
-2.577,-3.309,9.494
10.719,7.386,12.056
-1.553,-0.311,10.235
-0.397,-3.196,9.142
-1.926,-2.168,9.094
-2.015,-1.45,8.946
-1.785,0.134,8.908
-2.718,0.553,9.068
-2.917,-0.842,9.118
-1.522,-0.706,9.192
-1.093,-0.672,9.489
-1.404,-0.144,9.312
-1.809,0.115,8.269
-2.247,0.335,8.374
-2.015,-0.22,8.948
-1.94,0.112,9.616
-1.723,0.321,9.106
-1.876,-0.438,8.869
-1.498,-1.416,8.91
-0.947,-2.558,9.243
-1.34,-2.294,9.07
-1.89,-1.885,8.47
-0.218,-1.67,8.266
0.524,-2.601,7.668
-1.024,-3.051,5.804
-1.153,-2.725,7.034
0.395,-1.414,7.898
3.429,-1.964,9.207
4.826,-3.405,5.591
5.261,-4.754,6.723
4.522,-6.319,7.563
8.415,-5.642,6.498
4.338,-5.395,4.864
4.914,-0.565,10.413
7.884,-0.026,10.762
14.382,-5.223,4.565
19.093,-6.027,9.396
15.212,7.127,13.152
16.274,13.963,14.025
17.061,0.651,15.626
16.344,-7.907,5.441
5.467,14.451,5.541
12.097,12.513,1.038
23.112,7.812,5.749
9.613,19.638,15.631
4.201,6.316,6.812
7.108,-6.96,-2.117
4.85,-11.468,-2.036
25.316,1.235,-4.845
22.196,0.876,15.492
23.907,1.538,17.442
19.447,-6.072,2.95
13.542,-5.579,1.244
17.954,0.84,-2.9
14.413,2.684,-1.613
14.205,4.933,2.5
10.353,-8.551,10.81
13.894,-4.474,4.981
14.915,-4.759,1.316
11.262,-2.297,4.912
8.874,-14.851,-4.07
4.407,-10.329,-1.292
10.276,-15.918,2.981
4.412,-12.719,5.608
12.238,-6.185,-4.455
8.776,-7.927,-2.474
5.869,-11.702,1.603
6.47,-5.838,-0.261
4.783,-2.517,-1.27
5.857,-1.617,-0.66
6.336,-2.771,-1.139
4.857,-4.529,-1.845
4.443,-6.584,-2.041
5.419,-5.328,-2.976
5.209,-3.811,-3.945
6.69,-0.368,-3.926
7.077,-3.12,-5.12
9.532,-4.658,-5.197
13.298,-3.326,-5.137
12.877,-4.278,-3.792
12.685,-4.307,-6.816
13.628,-7.017,-10.104
9.829,-10.252,-7.077
9.814,-2.378,-4.979
10.515,-0.888,-5.974
7.252,-6.254,-9.929
3.871,-11.192,-7.242
4.266,-7.465,-6.24
13.487,5.096,-5.96
0.555,-1.558,-3.034
-0.323,-5.072,-1.536
2.115,-10.384,-2.094
2.359,-12.116,-1.29
1.902,-9.372,0.407
2.601,-5.984,1.653
5.395,-13.717,6.927
2.495,-11.212,5.881
2.45,-10.039,1.421
1.352,-7.671,3.847
0.833,-5.465,6.383
0.246,-5.747,7.34
-0.95,-8.563,7.785
-0.739,-12.413,9.46
-0.361,-9.551,8.149
-1.16,-5.374,6.929
-0.017,-2.933,8.939
-1.854,-4.835,8.869
-1.792,-8.065,10.365
0.739,-6.965,11.19
2.852,-6.312,11.324
0.086,-6.838,10.468
-2.139,-7.053,11.46
-1.603,-6.048,11.315
-0.431,-5.666,9.977
-2.302,-5.249,9.817
-2.137,-6.108,9.609
-0.854,-6.604,10.128
-0.022,-5.022,9.503
-0.467,-3.842,8.644
-0.364,-4.051,7.513
-0.991,-5.235,7.869
-0.773,-4.462,8.632
-1.4,-3.249,9.628
-1.232,-2.022,9.393
-0.72,-3.163,8.422
-0.536,-4.479,7.525
-0.737,-2.235,7.864
-1.026,-0.512,9.623
-0.708,-0.62,9.099
-1.526,-1.928,7.663
-1.572,-2.783,7.84
-1.436,-2.806,9.463
-1.031,-1.933,9.958
-1.292,-2.017,9.63
-1.383,-2.495,9.082
0.177,-2.795,9.269
-0.299,-2.909,9.673
-1.469,-1.426,9.649
-2.108,-0.883,9.097
-0.605,-1.79,8.778
0.055,-2.495,8.037
-0.514,-2.938,7.809
-0.864,-3.151,6.723
-1.141,-2.988,7.185
-0.919,-2.098,8.14
1.359,-1.919,7.647
1.785,-2.998,7.183
2.079,-4.548,6.166
2.34,-4.85,5.946
4.163,-4.297,7.85
7.36,-7.462,5.465
10.41,-6.092,3.864
7.989,0.459,9.884
27.486,6.977,9.35
12.298,-5.646,7.077
18.397,-5.015,8.329
16.258,-2.115,8.369
15.602,3.383,8.486
19.217,10.721,13.743
16.401,13.633,11.551
16.978,4.488,5.563
8.14,1.993,0.325
8.515,6.764,-2.811
10.046,9.472,-0.134
10.489,19.531,11.669
3.424,15.248,7.879
-6.927,-8.099,0.158
13.7,-0.309,-7.836
14.389,-1.103,-4.113
20.725,-2.613,2.637
35.542,9.917,2.917
31.907,4.256,17.145
20.323,-13.217,5.663
21.158,-22.512,-0.711
12.949,-6.97,-3.275
18.21,-0.873,11.123
15.396,-0.22,-4.216
10.814,3.632,-2.077
8.778,-5.503,1.443
5.646,-8.3,4.189
12.145,-4.742,-0.562
7.683,-9.688,4.977
19.959,-1.199,-0.89
6.235,-5.094,-3.871
4.948,-10.484,-8.163
2.476,-17.49,1.448
3.63,-7.491,0.44
4.876,-4.701,0.385
8.226,-4.084,-1.108
7.29,-4.232,-2.144
7.18,-4.271,-2.783
7.458,-6.498,-2.897
7.824,-6.905,-3.079
9.764,-4.804,-3.33
10.489,-1.871,-3.756
10.647,-1.486,-4.618
11.391,-6.051,-5.192
12.97,-7.017,-5.369
14.93,-4.512,-5.465
15.513,-2.302,-4.955
13.375,-3.285,-5.008
10.051,-7.307,-5.603
9.314,-8.281,-5.807
8.922,-6.529,-4.938
9.125,-0.632,-4.692
3.754,-4.388,-6.163
2.639,-9.144,-5.91
0.916,-9.14,-2.74
4.716,-5.941,-2.696
3.129,-3.082,-2.455
1.861,-5.249,-0.311
3.455,-6.029,0.615
3.797,-6.644,1.991
2.39,-7.075,3.438
2.885,-16.75,16.356
0.361,-13.336,6.986
2.627,-5.312,1.79
-1.699,-5.431,9.436
0.658,-6.209,8.819
-0.833,-6.441,9.08
-0.723,-7.46,9.202
-1.244,-8.305,8.542
-2.771,-8.479,8.936
-2.756,-7.211,9.121
-3.668,-7.144,8.214
-2.562,-7.192,6.824
0.191,-4.579,9.731
-0.507,-3.852,11.298
0.385,-5.156,10.819
0.268,-5.524,12.109
0.199,-5.24,11.157
-0.041,-6.807,10.776
-0.711,-6.41,11.281
-1.794,-5.936,10.58
-2.318,-5.359,10.415
-0.426,-6.352,9.795
0.557,-5.924,8.675
-0.952,-4.103,7.319
-0.708,-2.168,8.216
-0.124,-1.974,8.831
-0.584,-2.539,8.448
-1.761,-3.127,9.953
-1.653,-1.613,10.74
-1.337,0.266,10.061
-1.421,-0.081,8.977
-0.967,-2.632,9.197
-0.407,-4.127,8.704
-0.723,-2.773,8.867
-0.823,-0.601,8.183
-0.4,-1.249,7.912
-0.737,-1.842,7.692
-2.385,-1.156,8.577
-2.041,-0.589,9.891
-1.079,-1.081,9.647
-0.345,-2.306,8.573
-0.567,-3.0,8.192
-0.567,-2.041,8.869
-0.541,-1.976,9.032
-1.06,-2.567,8.429
-0.409,-2.146,7.4
-0.053,-3.065,7.498
0.534,-3.237,8.247
0.859,-2.589,8.448
1.675,-2.474,7.869
1.577,-2.486,7.049
2.531,-3.744,5.931
5.079,-4.402,6.697
6.403,-6.833,8.025
9.412,-7.802,7.183
5.859,-2.445,6.316
7.056,2.862,11.291
12.425,-0.857,11.386
20.205,-5.725,5.173
18.566,1.699,8.826
15.638,3.204,11.606
11.635,3.799,12.884
15.303,12.334,10.788
16.715,3.613,1.964
6.075,8.79,3.287
8.199,6.24,-2.204
3.352,16.198,7.257
12.508,6.168,4.182
11.666,8.546,1.639
-7.357,7.379,-0.077
0.859,-1.538,3.582
11.984,-2.548,-0.519
29.802,5.335,4.553
38.102,7.498,9.446
28.972,-12.839,18.696
21.636,-11.984,5.857
21.019,3.309,-2.543
16.526,-7.613,-1.696
24.574,-5.079,-5.838
8.915,-10.197,16.64
12.396,2.003,4.831
9.735,-8.606,0.158
9.321,-10.178,-1.342
6.517,-13.487,0.952
8.472,-11.748,4.675
9.793,-2.673,0.845
10.262,-1.974,-4.697
6.369,-4.012,-3.637
12.03,-1.526,-15.774
7.831,-9.977,1.0
3.687,-7.922,1.797
3.78,-3.933,1.948
7.508,-4.704,-0.304
8.044,-4.18,-1.474
7.905,-3.383,-2.326
8.309,-6.525,-3.275
8.147,-5.749,-4.087
8.771,-2.467,-3.015
10.951,-1.995,-8.467
10.197,-3.23,-4.271
17.813,-5.357,-4.658
13.75,-1.424,-6.053
12.961,0.364,-6.486
11.566,-7.051,-6.182
10.367,-10.281,-7.864
12.295,-5.261,-8.991
14.542,3.852,-7.549
11.36,3.74,-5.462
4.845,-9.872,-6.161
-0.024,-10.156,-8.714
3.354,-1.474,-4.85
4.381,2.735,-2.208
0.565,-0.007,-1.046
3.024,-6.292,-1.895
5.309,-11.671,-1.079
2.371,-10.456,1.065
2.294,-5.697,2.285
6.242,-27.462,1.404
-1.802,-9.214,8.429
2.991,-8.544,1.715
1.282,-6.606,7.896
1.029,-5.594,8.632
1.682,-6.771,9.984
2.85,-9.391,9.022
1.285,-12.14,13.434
-1.586,-12.748,10.685
-3.89,-8.628,11.939
-1.235,-6.838,9.676
-2.268,-5.95,9.518
-2.376,-5.601,8.68
0.005,-7.718,8.326
0.502,-9.032,8.57
-0.165,-8.601,9.065
-2.196,-6.355,9.551
-1.979,-4.74,10.25
-0.871,-4.259,10.843
-0.811,-5.596,10.724
-1.443,-5.079,10.178
-1.445,-4.031,9.889
-1.163,-3.33,10.135
-2.194,-4.761,9.802
-1.471,-6.319,9.518
6.821,4.352,6.214
-1.66,-3.024,9.054
-0.828,-2.725,9.068
-0.993,-4.424,9.006
-1.05,-4.098,8.687
-1.928,-3.127,7.809
-3.831,-3.618,7.762
-1.385,-2.225,8.886
-0.976,-3.077,9.216
-1.352,-2.132,9.085
-1.024,-1.23,8.819
-0.967,-1.079,8.568
-1.895,-1.933,8.506
-1.189,-2.579,8.214
-0.861,-2.455,8.295
-1.766,-2.127,9.199
-1.4,-1.694,8.525
-0.847,-1.653,8.843
-0.95,-2.936,9.276
-0.976,-2.656,9.166
-1.352,-2.467,8.525
-0.435,-2.254,8.687
-1.687,-2.211,8.544
-2.125,-2.826,8.996
-0.519,-2.828,8.235
0.127,-2.917,7.19
-1.263,-3.512,5.752
-1.199,-3.586,6.245
0.438,-2.065,7.462
1.838,-1.89,7.029
0.746,-2.239,7.446
0.935,-1.687,5.989
3.732,-2.177,7.005
8.931,-6.257,6.493
10.85,-13.619,1.529
10.453,2.598,5.742
11.8,1.919,12.898
13.384,-6.292,7.721
13.934,-8.013,10.728
23.002,-1.916,11.922
20.973,4.871,8.96
20.232,-1.108,13.492
20.739,2.476,9.331
12.439,9.759,6.97
10.573,7.549,2.137
4.488,17.188,6.599
17.329,2.357,6.733
5.39,-2.711,6.666
5.051,-1.727,-1.194
12.116,-4.07,-7.072
15.48,-7.525,1.227
28.953,4.039,13.781
22.67,13.398,21.014
24.0,-2.371,6.462
15.025,-11.561,7.876
20.88,-1.503,4.022
18.112,-5.438,3.567
17.483,2.18,6.132
11.898,-6.362,5.558
13.616,-0.067,1.426
12.511,-1.72,-0.433
11.094,-8.343,2.639
5.654,-15.389,-1.419
5.503,-11.654,3.692
9.178,-5.312,1.849
7.723,-0.134,-3.886
8.582,-10.03,-4.053
2.646,-11.549,-0.065
3.646,-5.876,-1.223
7.96,-5.709,-0.423
9.13,-4.225,0.218
8.159,-2.574,-0.66
6.415,-1.342,-3.256
3.261,-5.864,-5.699
4.182,-8.996,-5.111
7.783,-6.225,-5.197
9.594,-1.136,-4.103
9.647,-1.823,-4.792
11.058,-5.17,-6.726
14.183,-3.833,-6.749
17.597,-2.62,-7.137
14.384,-8.675,-3.716
13.891,-7.336,-8.472
13.202,-5.046,-9.585
11.834,0.782,-6.211
9.905,0.409,-5.462
5.544,-9.243,-7.561
3.747,-12.19,-8.369
2.998,-9.522,-7.046
4.065,-2.091,-4.503
3.01,-1.223,-3.285
2.397,-9.525,-1.747
2.653,-13.686,-1.787
3.637,-10.233,-0.036
4.343,-11.054,6.166
6.943,-14.923,4.699
2.357,-6.264,-0.141
-1.299,-10.74,4.737
-1.902,-3.984,6.656
-0.395,-3.055,8.879
1.062,-4.486,10.214
0.73,-8.853,8.721
0.352,-10.688,8.3
0.311,-10.223,5.479
-0.864,-9.594,7.934
-5.285,-7.898,12.504
-1.404,-8.979,8.463
-0.579,-6.804,8.719
-0.201,-7.185,7.063
-2.589,-6.273,8.357
-2.522,-4.943,10.293
-0.873,-4.802,10.865
-0.227,-5.417,10.74
-0.835,-7.025,10.159
-2.455,-7.773,9.69
-2.373,-6.989,9.7
-0.9,-5.642,9.786
-1.141,-4.642,10.025
-1.091,-4.618,9.673
-1.158,-5.682,10.018
-2.773,-5.302,7.075
-1.711,-3.445,8.922
-1.593,-3.955,8.721
-2.129,-3.804,8.515
-2.204,-2.809,9.386
-1.093,-2.517,8.821
-0.024,-2.01,8.628
-0.414,-2.239,8.101
-1.337,-1.349,8.166
-2.297,-0.907,9.348
-2.606,-0.825,10.106
-1.591,-0.579,9.458
-1.364,-1.316,8.611
-1.694,-1.546,8.475
-1.069,-1.163,9.113
-1.366,0.0,8.795
-2.239,0.988,9.044
-2.05,-0.79,9.188
-1.407,-1.967,9.321
-1.641,-1.849,9.176
-1.89,-0.947,9.429
-1.273,-0.928,9.252
-0.562,-2.637,8.716
-0.591,-3.263,8.094
-0.794,-2.259,7.838
-0.376,-0.663,8.853
-0.95,-1.515,8.455
-1.369,-2.127,7.659
-0.385,-3.103,7.769
1.952,-4.031,7.551
4.132,-4.247,7.587
4.182,-4.68,8.135
4.307,-5.544,7.333
2.737,-9.951,11.087
4.455,-2.371,5.261
7.977,-5.266,9.03
12.039,-3.816,10.429
14.865,-1.311,9.245
13.824,-1.058,5.996
11.994,0.845,10.281
11.267,7.441,16.626
12.769,8.364,13.908
10.468,9.652,5.017
14.111,-0.548,2.948
8.379,4.457,5.02
3.921,7.678,-1.555
4.912,16.762,3.163
12.604,14.757,7.85
9.336,8.771,4.996
-5.343,1.747,6.778
0.555,2.479,2.412
2.574,-1.335,4.52
17.526,-5.292,-2.01
48.718,9.168,1.45
31.814,-4.488,7.551
28.204,-1.687,3.067
23.253,1.443,-1.45
19.098,-4.175,-3.053
16.42,-8.695,-2.35
13.879,-1.696,0.933
14.918,-4.137,2.519
12.91,-4.943,2.649
12.434,-7.922,5.314
13.765,-3.22,5.012
13.513,-5.359,4.639
1.993,-12.379,-6.742
4.965,-15.478,-4.694
2.129,-2.505,5.376
10.288,-3.974,-4.974
8.29,-17.112,-1.601
9.355,-5.862,0.139
8.293,-5.759,1.926
8.412,-3.761,-0.158
7.651,-2.964,-1.024
7.228,-3.907,-1.617
6.527,-1.481,-3.73
4.725,-2.718,-5.776
4.642,-5.087,-6.266
8.123,-1.653,-5.412
10.334,1.986,-5.821
9.453,2.022,-5.479
9.118,-2.39,-5.426
10.042,-4.364,-7.161
11.903,-2.646,-8.616
11.087,-3.522,-5.417
10.216,-2.474,-3.283
11.023,-3.134,-7.206
8.077,-5.666,-9.762
7.314,-3.697,-8.293
8.941,-1.727,-8.3
6.436,-6.089,-4.354
4.933,-8.369,-7.285
4.223,-6.075,-6.575
3.828,-2.172,-5.484
0.041,-4.484,-4.591
2.95,-6.692,-3.917
2.216,-5.974,-2.129
3.0,-6.738,-0.72
1.424,-10.709,0.172
1.06,-10.642,-0.132
2.11,-6.328,0.041
1.39,-3.931,1.225
1.311,-6.826,5.417
9.965,-14.341,7.486
3.199,-9.388,3.68
-0.447,-7.632,2.984
-1.067,-6.182,5.745
-0.847,-10.53,7.807
1.448,-10.161,8.192
0.603,-9.238,7.805
1.189,-9.869,7.618
-0.048,-10.298,7.417
0.1,-8.29,2.584
-0.538,-9.377,8.006
-0.845,-8.07,7.285
-1.153,-6.821,8.508
0.852,-2.357,10.881
1.613,-2.048,11.738
0.342,-6.355,9.884
-1.928,-10.135,9.396
-1.249,-9.63,8.192
0.536,-7.666,8.046
-0.428,-7.723,8.207
2.68,-0.613,8.632
-3.082,-6.522,10.659
-0.531,-5.498,9.604
0.139,-5.06,8.386
-0.431,-4.912,7.673
-2.79,-4.778,7.711
-1.653,-2.905,8.178
-0.842,-3.192,8.943
-0.002,-3.297,8.565
-0.658,-3.316,7.781
-1.448,-2.964,8.094
-1.469,-2.74,9.02
-1.663,-2.287,8.817
-1.797,-2.663,9.034
-0.794,-2.493,8.929
-0.624,-2.141,8.343
-0.962,-1.747,8.329
-1.261,-2.316,9.008
-0.888,-1.797,9.015
-1.369,-2.338,9.233
-1.084,-2.577,8.807
-1.148,-2.371,8.57
-1.61,-2.218,8.92
-0.476,-2.443,9.338
-0.479,-2.78,8.695
-1.038,-3.194,8.113
-1.038,-3.058,8.085
-0.122,-3.103,8.331
0.359,-4.67,7.929
-0.089,-5.654,7.194
-0.261,-5.254,7.812
1.055,-3.015,7.529
2.802,-4.252,7.917
3.414,-5.783,7.307
-1.873,-10.59,2.242
5.919,-6.149,5.446
5.969,0.041,9.051
8.726,1.902,10.535
11.231,-5.644,6.357
15.198,-10.702,3.192
12.379,1.464,9.219
15.207,7.12,13.762
15.784,3.883,13.453
12.729,0.648,10.714
8.769,4.211,10.714
9.735,5.991,8.384
12.736,7.541,7.156
3.548,8.963,3.828
8.039,7.922,0.818
7.596,7.271,8.216
10.841,18.918,2.742
3.311,3.493,5.058
-1.45,-6.211,5.17
4.278,1.503,-0.675
18.437,8.982,0.935
32.144,10.855,3.108
25.287,-6.383,11.831
32.919,-18.995,4.756
24.361,3.591,3.929
17.585,-3.563,3.766
10.776,-13.918,3.043
15.145,-7.12,2.464
13.975,3.505,0.103
11.248,3.864,-4.565
12.604,-11.417,4.548
9.836,-7.056,0.677
10.759,-4.989,0.55
8.534,-8.63,-0.529
7.283,-2.637,1.593
8.211,-7.343,-9.563
4.692,-8.455,-6.838
-0.703,-13.824,-2.56
0.28,-11.865,-0.847
5.926,-7.958,1.634
10.676,-3.653,-0.646
8.786,-3.735,-0.926
7.915,-4.082,-2.153
6.649,-6.529,-3.012
7.915,-6.283,-3.11
7.671,-3.122,-2.847
10.023,-2.022,-4.79
9.977,-1.596,-6.934
10.123,-1.838,-7.506
11.827,-0.924,-7.51
16.145,-2.175,-7.362
13.848,-4.512,-7.283
12.181,-3.9,-9.877
9.898,-5.804,-10.64
9.388,-1.904,-7.793
8.857,0.9,-10.14
4.572,-5.489,-8.616
2.304,-9.573,-7.022
3.687,-6.194,-5.032
4.505,-2.098,-3.436
2.378,-2.696,-2.22
0.557,-12.042,-1.486
0.522,-14.25,-1.495
2.371,-8.549,1.572
3.936,-5.221,3.235
2.818,-8.12,2.402
1.376,-11.645,1.302
1.536,-10.824,2.701
1.562,-10.946,9.513
0.603,-11.81,9.8
4.137,-6.692,3.768
-0.907,-5.666,6.266
-0.328,-6.376,7.032
0.675,-7.62,6.934
-0.258,-6.199,7.795
16.148,-4.922,5.56
0.404,-10.164,6.417
0.486,-10.051,1.787
-0.024,-9.956,6.52
-2.254,-8.132,8.479
0.148,-6.685,7.73
-0.916,-9.154,8.02
-1.498,-9.637,8.018
1.242,-5.024,9.807
1.373,-3.268,10.188
-1.163,-5.218,9.499
-1.086,-8.154,9.271
0.579,-8.865,9.104
0.967,-7.058,8.515
-0.534,-2.113,9.331
-2.529,-7.546,7.788
-1.553,-7.795,8.793
0.258,-6.424,9.077
0.73,-5.544,7.661
-1.491,-5.113,7.453
-1.792,-4.144,8.281
-0.498,-4.594,8.625
-0.189,-4.594,8.285
-1.134,-3.496,7.79
-1.577,-2.871,8.348
-0.589,-3.024,8.159
-1.062,-3.213,8.106
-1.239,-2.684,7.967
-1.055,-2.283,7.556
-1.017,-1.895,7.439
-1.038,-2.132,7.343
-1.12,-1.727,7.628
-1.17,-1.651,8.477
-0.72,-1.952,8.247
-0.713,-2.306,6.989
-1.239,-1.61,6.654
-1.067,-2.278,8.073
0.139,-2.546,8.652
0.555,-3.347,7.881
-0.323,-3.529,7.049
-0.756,-2.689,7.819
0.787,-2.881,8.958
2.608,-4.266,8.824
2.486,-6.577,8.805
2.383,-6.094,8.18
2.981,-0.627,9.137
1.72,-2.23,9.92
4.311,-3.572,9.853
5.24,-4.4,10.025
6.922,1.584,11.963
12.681,1.086,8.305
16.765,-0.285,6.13
14.822,2.737,8.953
12.618,3.206,9.604
11.336,8.687,11.472
13.367,2.601,5.388
11.281,5.694,13.073
12.269,7.383,2.036
10.855,9.065,2.163
8.905,8.13,7.905
14.061,19.964,16.913
9.372,14.198,18.088
3.876,9.52,12.587
1.823,-6.209,4.666
9.333,-0.581,-4.199
13.724,0.445,2.766
25.151,10.582,8.58
21.703,7.836,6.91
23.639,-10.331,10.97
23.617,-9.264,14.104
13.312,-3.531,3.701
15.717,5.45,-4.299
18.394,1.672,6.867
9.506,2.273,-5.192
8.159,-0.579,-3.706
6.225,-1.998,-4.675
5.467,-0.962,-4.522
5.036,0.29,-2.488
5.168,-2.311,-3.247
2.795,-4.567,-3.407
1.684,-6.084,-3.953
3.232,-1.759,-4.24
2.402,-1.608,-4.689
1.622,-3.871,-4.689
1.562,-3.077,-5.276
0.553,-1.995,-6.077
-0.311,-3.039,-5.221
0.177,-2.783,-4.833
-0.249,-3.199,-5.556
-0.617,-5.469,-6.565
-0.725,-5.402,-6.245
-0.672,-4.594,-5.699
-0.816,-4.596,-4.804
-0.837,-5.706,-4.852
-0.835,-7.553,-5.273
-0.648,-7.369,-5.434
-0.615,-6.809,-5.565
-0.234,-7.084,-5.417
0.419,-6.962,-5.771
0.713,-7.943,-5.871
0.622,-9.563,-5.85
0.691,-9.429,-5.812
0.653,-8.096,-4.814
1.01,-7.558,-4.438
1.369,-7.484,-3.883
0.797,-8.534,-3.9
0.799,-9.369,-3.682
0.806,-9.132,-3.929
0.873,-8.652,-4.259
0.694,-8.391,-3.988
0.864,-8.19,-3.639
1.294,-8.264,-3.67
1.23,-8.817,-3.713
1.103,-9.606,-3.29
3.192,-10.006,-1.381
4.187,-10.458,-3.053
4.924,-9.762,-3.708
4.859,-8.786,-2.866
4.673,-8.989,-2.101
4.034,-10.546,-1.57
5.388,-9.745,-2.967
5.309,-9.613,-3.072
6.331,-9.472,-1.498
5.893,-8.135,-1.122
4.804,-8.156,-0.553
4.981,-7.369,-0.05
5.266,-7.922,-0.148
4.974,-7.814,0.983
4.986,-5.46,1.182
6.403,-7.666,-1.144
4.39,-7.254,0.723
3.395,-9.915,0.165
5.716,-7.331,5.371
6.235,-9.209,4.606
5.254,-8.199,6.395
4.534,-8.367,7.745
4.802,-7.498,8.302
4.768,-6.582,9.109
4.223,-5.862,10.561
4.288,-6.099,9.568
2.742,-4.902,9.321
1.823,-3.799,9.563
0.313,-4.089,10.695
-1.211,-4.472,10.702
-0.151,-4.78,11.812
-3.022,-4.974,9.106
-3.491,-3.488,9.692
-5.053,-3.775,9.96
-4.735,-5.314,9.46
-6.917,-5.608,9.75
-5.986,-6.697,8.343
-6.694,-8.113,7.283
-7.807,-7.419,7.489
-6.874,-7.13,6.785
-5.716,-7.474,7.336
-4.96,-6.931,6.383
-5.163,-5.39,5.316
-5.044,-5.766,5.271
-4.366,-7.496,4.929
-3.668,-9.274,3.153
-2.469,-10.29,2.318
-1.445,-8.905,2.0
-0.443,-7.446,2.017
1.294,-6.115,2.823
2.522,-5.685,2.917
2.979,-4.154,1.895
2.591,-0.167,-0.246
5.804,3.981,17.65
-0.211,-0.414,11.381
-3.898,-11.408,5.883
-5.699,-17.827,2.074
-6.625,-10.776,4.472
-5.508,-8.156,6.175
-7.453,-2.73,6.613
-10.444,4.426,6.694
-10.683,4.642,7.159
-7.855,-1.053,7.063
-6.491,-5.012,6.781
-5.668,-5.094,7.809
-5.993,-4.247,7.111
-7.084,-5.245,5.462
-9.408,-6.532,4.503
-10.228,-3.565,7.094
-7.817,-1.761,6.771
-7.075,-1.648,6.742
-6.493,-3.118,5.343
-8.508,-4.354,2.876
-9.13,-3.448,4.651
-7.912,-1.481,6.252
-8.247,-1.258,5.974
-7.613,-2.402,6.415
-8.113,-2.979,5.833
-8.57,-2.883,5.182
-7.611,-2.692,4.9
-7.831,-3.168,5.106
-8.003,-3.943,5.405
-7.556,-3.405,5.271
-8.649,-2.658,5.395
-8.415,-2.802,4.945
-8.92,-2.933,4.544
-8.585,-2.668,5.185
-8.522,-2.206,5.058
-8.936,-2.094,3.362
-9.558,-2.665,4.929
-8.209,-2.622,5.156
-8.149,-3.043,4.785
-8.735,-3.156,2.917
-9.405,-2.809,3.955
-8.853,-3.082,4.051
-9.24,-2.522,3.74
-9.214,-2.785,3.326
-9.379,-3.211,3.888
-9.099,-3.378,3.754
-9.31,-3.419,3.852
-8.893,-3.871,3.752
-9.254,-3.787,3.261
-9.365,-3.491,3.845
-8.819,-3.907,2.964
-8.9,-4.218,3.285
-9.049,-4.249,3.225
-9.501,-4.666,3.388
-9.365,-4.666,3.488
-8.582,-4.792,3.182
-8.963,-5.024,3.024
-9.02,-5.941,2.201
-8.707,-6.515,2.357
-7.912,-6.046,2.421
-8.4,-5.678,1.814
-9.008,-6.68,1.675
-8.58,-7.429,1.811
-8.398,-7.776,2.467
-8.405,-9.286,2.984
-14.42,-10.963,1.203
-7.675,-9.372,1.392
-8.015,-9.132,1.84
-8.754,-8.819,1.29
-9.489,-9.307,0.481
-8.948,-9.802,-0.864
-9.065,-10.647,-1.022
-7.259,-10.35,0.483
-5.386,-10.116,0.787
-5.41,-11.822,-1.136
-4.465,-9.494,-3.426
-3.328,-1.682,-1.625
-1.239,2.919,2.744
-1.89,6.515,-1.404
-0.885,14.257,0.983
-4.254,1.653,0.735
-1.684,-30.962,78.39
11.396,-4.479,-5.469
-0.313,14.693,16.829
-14.348,-5.008,8.96
-21.744,-16.719,0.471
-2.321,-28.869,-16.272
-8.4,-16.205,2.048
-3.464,-7.529,2.806
-6.345,-4.91,2.543
-5.67,-5.934,2.531
-4.386,-9.333,0.024
-6.522,-12.489,-3.579
-5.283,-7.919,0.414
-4.625,-5.745,2.385
-5.618,-11.173,-3.213
-5.424,-10.185,-2.249
-5.594,-7.714,0.285
-4.953,-7.546,0.318
-5.051,-9.037,-1.849
-5.946,-10.046,-2.957
-5.498,-8.745,-1.206
-5.278,-7.314,-0.227
-5.395,-8.221,-1.457
-5.345,-9.422,-2.842
-5.412,-8.824,-1.893
-5.053,-8.348,-1.084
-5.008,-8.065,-0.77
-5.199,-8.824,-1.854
-5.39,-9.544,-2.328
-5.436,-9.31,-1.766
-5.039,-8.687,-0.859
-3.558,-7.3,0.359
-4.39,-8.58,-0.328
-5.441,-9.922,-0.67
-4.591,-9.678,0.51
-4.575,-8.57,1.364
-4.625,-8.154,0.402
-4.912,-9.678,1.826
-5.084,-9.68,1.991
-4.187,-9.671,1.993
-5.266,-10.702,4.852
-5.556,-13.772,5.106
-5.02,-11.731,4.945
-4.5,-6.383,5.766
-6.19,1.782,9.199
-8.178,-0.624,11.47
-4.065,-8.336,9.216
-4.603,-7.922,8.35
-5.204,-5.204,6.587
-5.599,-5.663,5.0
-5.661,-6.979,4.783
-3.929,-8.08,4.845
-2.239,-7.08,5.462
-1.292,-6.276,5.319
-1.962,-5.12,4.18
-2.007,-4.871,3.06
-0.687,-3.716,2.172
-0.78,-2.574,1.737
-1.237,-2.735,1.553
-0.373,-0.861,6.285
2.871,3.196,11.202
2.359,-2.096,10.977
0.117,-6.838,9.551
-1.596,-2.723,9.085
-0.495,-2.364,16.602
8.417,-18.454,10.066
1.706,-3.127,4.893
-7.087,-7.113,5.029
-0.727,-9.561,5.876
2.153,-10.587,7.34
0.05,-5.41,8.204
-0.821,-2.428,9.57
-0.83,-2.4,9.214
-1.23,-5.443,8.482
-0.737,-5.486,8.683
-0.754,-6.357,8.022
-0.904,-5.965,7.97
-0.967,-5.96,8.372
-0.897,-5.771,8.434
-0.361,-5.678,8.135
-0.206,-5.606,8.221
-0.581,-5.536,8.355
-0.998,-5.448,8.257
-1.077,-5.821,8.216
-0.766,-6.221,8.051
-3.347,-8.202,8.594
-0.526,-6.793,7.395
-1.553,-7.192,6.898
-0.5,-7.307,7.18
-0.412,-6.637,7.367
-0.746,-5.938,8.018
-1.113,-5.252,8.412
-1.244,-4.747,8.441
-0.285,-5.721,7.927
-1.273,-7.046,7.039
0.416,-7.443,7.434
-1.517,-5.673,7.391
-0.926,-7.439,7.364
-0.854,-6.682,8.142
-0.409,-9.192,7.884
-0.737,-6.113,6.974
-0.49,-5.436,7.393
-0.84,-6.19,7.558
-0.694,-6.888,7.01
-0.821,-6.443,7.068
-1.12,-6.369,7.417
-0.799,-5.68,7.369
-1.349,-5.795,7.503
-0.78,-6.876,7.692
-0.462,-7.539,7.974
-0.555,-7.486,6.912
-0.598,-6.551,7.489
-0.577,-6.304,7.352
-0.986,-6.871,7.214
-1.132,-7.553,7.183
-0.677,-6.977,7.288
-0.691,-7.678,6.47
-0.931,-8.085,6.467
-0.962,-8.065,6.592
-0.67,-7.099,6.642
-0.675,-7.278,6.553
-0.455,-7.974,6.458
-0.797,-8.032,5.924
-1.57,-8.317,6.288
-1.163,-7.656,6.714
-1.129,-7.764,6.745
-1.022,-7.199,6.666
-1.115,-7.716,6.269
-0.976,-7.977,6.45
-0.859,-7.824,6.534
-0.892,-7.52,6.656
-0.979,-7.539,6.228
-1.144,-7.718,6.348
-0.952,-7.852,6.757
-0.909,-7.381,6.888
-0.854,-7.281,6.699
-1.022,-7.671,6.69
-1.172,-7.924,6.733
-0.785,-7.171,7.144
-0.569,-7.13,7.522
-0.495,-6.917,7.238
-0.632,-7.393,7.025
-0.407,-7.706,6.972
-0.713,-6.474,7.788
-0.622,-6.02,7.745
-0.44,-6.158,7.616
-0.804,-5.446,8.195
-1.242,-5.524,8.542
-0.943,-5.075,8.08
-1.388,-5.871,8.324
-1.235,-6.46,7.886
-0.974,-6.462,7.695
-0.878,-6.228,7.96
-1.017,-5.517,8.453
-0.962,-5.273,8.149
-0.701,-5.725,8.226
-0.72,-5.706,8.477
-0.916,-5.706,8.52
-1.242,-5.766,8.314
-0.981,-5.209,8.668
-0.835,-4.79,8.699
-0.464,-4.594,8.879
-0.758,-5.003,8.692
-0.854,-4.797,8.86
-0.88,-4.979,8.716
-0.878,-5.089,8.68
-0.902,-4.871,8.656
-0.857,-4.876,8.62
-1.117,-5.658,8.592
-0.974,-5.773,8.455
-0.828,-5.594,8.317
-0.679,-5.355,8.393
-0.67,-5.733,8.333
-0.904,-5.599,8.338
-1.017,-5.273,8.503
-0.907,-5.467,8.427
-0.998,-5.491,8.51
-0.651,-5.548,8.307
-0.818,-5.41,8.312
-0.785,-5.548,8.376
-0.979,-5.795,8.314
-0.77,-5.687,8.314
-0.926,-5.68,8.41
-0.955,-5.687,8.257
-1.019,-5.74,8.211
-1.416,-6.424,7.963
-0.928,-6.032,8.034
-1.189,-5.914,8.372
-0.735,-6.17,8.113
-1.213,-6.269,7.924
-1.081,-5.862,8.173
-0.876,-5.599,8.221
-0.94,-6.314,7.97
-0.854,-6.534,8.027
-0.919,-5.575,8.376
-0.742,-5.343,8.314
-0.735,-5.008,8.635
-0.857,-5.474,8.204
-1.177,-6.883,7.998
-1.007,-6.867,7.924
-0.797,-6.206,7.881
-0.964,-5.524,8.187
-0.964,-5.347,8.355
-1.014,-5.611,8.245
-0.938,-5.996,8.07
-0.775,-6.158,8.041
-0.792,-6.034,8.096
-0.871,-5.577,7.946
-0.95,-6.249,8.305
-0.995,-6.192,7.967
-0.892,-6.326,7.838
-0.983,-6.345,7.917
-0.892,-6.178,8.003
-0.857,-5.891,8.154
-0.892,-5.792,8.185
-0.9,-5.953,8.125
-1.007,-5.816,8.108
-0.809,-6.099,8.065
-0.778,-5.993,7.953
-1.007,-6.02,8.053
-0.849,-5.926,8.077
-0.825,-5.883,8.058
-0.888,-6.044,8.037
-0.986,-6.197,7.924
-1.103,-6.434,7.838
-1.024,-6.568,7.747
-0.897,-6.568,7.817
-0.847,-6.242,7.9
-0.959,-6.029,7.953
-1.103,-6.235,7.919
-0.971,-6.283,7.905
-0.821,-6.07,8.041
-0.845,-5.902,8.008
-0.818,-5.783,8.104
-0.749,-5.769,8.106
-0.787,-5.824,8.14
-1.043,-6.149,8.027
-0.914,-6.422,7.953
-0.737,-6.125,7.97
-0.806,-5.919,8.154
-0.78,-5.584,8.25
-0.849,-5.62,8.247
-0.931,-6.046,8.092
-0.919,-6.419,7.896
-0.876,-6.295,7.936
-0.957,-6.103,8.08
-0.979,-5.941,8.144
-0.933,-6.199,8.008
-0.806,-6.312,7.9
-0.799,-6.089,7.979
-0.849,-5.649,8.252
-0.995,-5.568,8.274
-1.05,-5.972,8.128
-0.9,-6.245,8.02
-0.924,-6.092,8.032
-0.802,-5.764,8.18
-0.833,-5.702,8.223
-0.723,-5.804,8.046
-0.837,-6.132,7.96
-1.002,-6.355,7.862
-1.101,-6.534,7.785
-1.129,-6.618,7.766
-1.053,-6.321,7.867
-0.907,-6.302,7.905
-0.928,-6.192,7.898
-0.986,-6.328,7.879
-0.983,-6.415,7.754
-0.33,-6.228,8.128
-0.615,-5.611,8.247
-1.053,-5.178,7.529
-0.782,-6.474,8.089
-0.471,-6.46,7.393
-2.35,-6.704,6.527
-0.223,-6.467,7.852
-1.196,-6.996,8.077
-0.892,-6.359,7.862
-0.091,-7.163,7.891
-1.192,-7.64,7.965
0.105,-5.907,7.824
-0.909,-6.376,7.907
-2.137,-6.178,8.376
-2.445,-6.094,8.262
-2.082,-5.584,8.455
-1.376,-4.46,8.599
-1.809,-4.862,8.563
-1.916,-3.852,8.809
-1.503,-5.297,8.836
-1.608,-5.307,8.491
-1.206,-3.646,8.829
0.237,-2.79,9.573
-1.952,-2.318,9.97
-0.718,-0.823,10.508
0.555,-1.916,11.563
-0.354,-2.373,7.872
-0.203,0.323,11.657
-0.933,-1.424,9.266
0.388,-0.397,9.448
-0.045,0.079,9.728
-0.775,1.371,9.822
-1.029,0.086,9.697
-1.352,1.409,9.649
-0.45,0.438,9.324
-0.852,0.371,10.535
-2.407,0.909,8.434
2.098,1.754,8.903
-1.079,1.89,8.094
0.969,2.196,8.781
-0.49,1.024,9.499
-3.196,1.692,10.058
-0.658,4.323,10.597
-0.706,2.055,10.164
-1.012,2.998,10.207
1.684,2.582,8.776
0.115,2.452,9.491
-0.775,1.369,9.477
-0.481,4.101,9.199
0.44,2.873,9.81
0.455,3.917,8.769
1.184,4.175,8.408
2.29,4.931,7.86
0.199,5.465,10.582
0.668,4.809,10.685
0.129,3.048,11.116
-0.045,2.555,10.453
-0.56,1.505,11.745
-0.574,-0.835,10.24
-1.66,0.156,10.178
-1.206,1.632,9.896
-1.192,1.591,9.74
-1.177,1.469,9.75
-1.345,1.704,9.91
-1.28,1.785,9.984
-1.086,2.058,9.826
-1.436,1.854,9.956
-1.141,1.718,9.798
-1.225,1.933,9.735
-1.148,1.988,9.628
-1.192,1.529,10.262
-1.294,1.794,9.922
-1.067,1.596,9.867
-1.44,1.651,9.692
-1.395,1.904,10.049
-0.993,1.904,9.85
-1.029,1.751,9.843
-0.727,1.964,9.86
-1.215,1.893,10.039
-0.921,1.9,10.023
-1.072,1.704,9.948
-1.089,1.613,9.743
-1.297,1.524,9.891
-1.122,1.692,9.874
-1.163,1.684,9.848
-1.223,1.852,9.889
-1.108,1.67,9.903
-1.335,1.799,10.051
-1.072,1.632,9.845
-1.022,1.852,9.621
-1.333,1.584,9.96
-1.297,1.704,9.877
-1.854,1.342,9.372
-1.256,1.833,11.417
-3.505,0.758,9.058
-1.043,0.464,5.8
-1.402,1.735,9.984
-1.33,1.816,9.932
-1.12,-0.423,7.032
-2.105,1.318,9.855
-1.871,1.912,9.941
-0.964,1.708,9.609
-1.646,0.196,9.266
-2.003,1.321,9.936
-1.235,1.833,10.255
-1.577,1.381,9.695
-1.29,2.043,10.164
-1.517,1.725,9.525
-1.548,1.593,9.544
-1.299,2.012,9.836
-1.34,2.065,9.836
-1.436,1.699,9.967
-1.426,1.586,9.822
-1.05,1.821,9.805
-1.287,1.565,9.956
-1.141,1.495,9.817
-1.266,1.835,9.92
-1.33,1.711,9.869
-1.18,1.684,9.972
-1.125,1.964,10.147
-0.931,1.816,11.343
-1.29,2.127,11.183
-1.503,1.462,9.575
-1.409,1.751,9.408
-1.524,1.364,9.92
-1.443,1.708,9.573
-1.385,1.986,9.975
-1.287,1.517,9.932
-1.239,1.56,9.857
-1.302,1.589,9.896
-1.335,1.632,9.877
-1.194,1.737,9.975
-1.333,1.668,9.879
-1.304,1.581,9.786
-1.117,1.558,9.905
-1.335,1.782,9.889
-1.249,1.857,9.896
-1.428,1.651,10.166
-1.201,1.617,9.924
-1.268,1.598,9.831
-1.306,1.79,9.891
-1.206,1.56,9.597
-1.213,1.84,9.932
-0.962,1.625,9.855
-1.225,1.775,9.891
-1.17,1.991,9.738
-1.354,2.376,9.939
-0.904,2.07,9.735
-1.163,1.986,9.903
-1.242,2.072,9.9
-1.156,1.89,9.86
-1.285,1.924,9.812
-1.184,2.077,9.829
-1.163,1.991,9.855
-1.175,1.687,9.886
-1.172,1.663,9.867
-1.218,1.732,9.74
-1.026,1.816,9.75
-1.347,1.955,9.967
-1.388,1.634,9.936
-1.196,1.747,9.771
-1.17,2.07,9.805
-1.184,2.235,9.877
-1.148,1.854,9.967
-1.27,1.845,9.848
-0.73,2.292,9.381
-1.132,2.543,9.664
-1.041,2.287,9.788
-1.153,2.139,9.829
-1.352,2.199,9.934
-1.237,2.156,9.807
-1.474,2.127,9.726
-1.455,1.878,10.168
-1.117,1.912,9.889
-1.194,1.969,9.826
-0.49,2.184,9.266
-1.397,2.493,9.831
-0.883,1.797,9.697
-1.471,1.998,10.054
-0.892,1.988,9.688
-1.314,1.95,9.805
-1.311,1.708,9.786
-1.33,2.07,9.695
-1.127,2.194,9.609
-1.357,2.634,9.386
-0.644,3.462,5.699
-0.799,6.721,4.977
-1.919,-4.668,7.295
-1.156,1.213,10.98
-1.285,1.876,10.073
-1.151,1.869,9.633
-1.462,2.06,9.721
-1.433,2.029,9.8
-1.421,2.029,9.79
-1.113,1.916,9.743
-1.041,1.933,10.003
-1.218,1.952,9.891
-1.409,1.981,9.972
-1.235,1.723,9.889
-1.369,1.799,9.781
-1.067,1.778,9.692
-1.397,1.79,9.81
-1.424,1.974,10.054
-1.113,1.859,9.762
-1.053,2.175,9.977
-1.337,1.914,9.628
-1.352,2.146,10.128
-1.469,1.95,10.216
-0.94,1.615,10.154
-1.337,1.5,9.728
-1.309,1.756,9.891
-1.17,1.381,9.857
-1.536,1.912,9.7
-1.311,1.981,9.824
-1.567,1.864,10.247
-1.323,2.211,10.027
-1.481,1.727,10.02
-1.653,0.675,9.695
-1.586,-0.191,9.857
-2.412,1.175,9.716
-2.318,3.23,11.862
-2.06,1.538,7.23
-3.692,-0.742,16.073
-1.084,0.84,12.781
-1.302,2.17,10.913
-1.993,1.378,9.53
0.443,1.672,12.221
3.039,0.266,15.164
-1.648,0.266,14.188
-2.833,0.191,5.74
-2.519,1.632,9.513
-1.452,0.995,8.865
-1.704,1.089,10.068
3.613,3.933,0.139
-4.347,1.491,14.454
-1.44,0.766,10.551
-0.493,0.22,10.305
-3.115,0.151,8.92
-1.05,1.699,10.917
-1.715,1.436,7.257
-1.103,0.668,8.79
-2.156,1.402,11.063
-2.084,1.943,9.711
-1.194,0.782,9.886
-1.648,0.062,9.518
-1.804,1.007,10.168
-2.0,1.665,10.228
-0.225,1.361,10.008
-1.428,1.098,9.929
-1.873,1.132,10.001
-0.043,0.689,9.707
-2.094,0.88,10.061
-1.699,0.885,10.121
-1.711,0.924,9.795
-1.617,0.273,9.972
-1.495,0.196,9.819
-1.239,0.641,9.932
-1.888,1.187,10.099
-1.452,1.132,10.054
-1.598,0.928,9.979
-1.706,0.665,9.967
-1.491,1.117,10.207
-1.247,0.723,8.185
-3.06,0.577,11.061
-1.639,1.055,9.64
-0.907,2.058,10.2
-1.904,1.242,10.319
-1.751,0.502,9.81
-1.373,0.543,9.149
-1.696,1.306,9.802
-1.668,1.842,9.944
-1.309,1.902,9.709
-1.885,1.325,10.147
-1.699,0.196,9.302
-1.952,0.251,10.013
-1.854,1.115,10.037
-1.725,1.957,9.721
-1.986,2.12,10.08
-1.871,1.668,9.683
-1.983,1.364,10.247
-1.756,1.077,9.857
-1.62,1.739,9.829
-1.658,1.976,9.762
-2.019,2.048,9.829
-1.321,1.546,9.577
-1.469,1.785,9.848
-1.936,2.017,10.233
-1.589,1.981,9.74
-1.682,1.823,9.86
-2.132,1.412,10.463
-2.041,1.998,10.302
-1.223,1.29,10.374
-1.182,1.002,9.522
-1.648,0.639,9.106
-1.44,0.522,9.317
-1.931,0.842,10.448
-2.256,1.452,10.097
-1.457,1.318,9.515
-0.84,1.857,9.668
-1.373,1.634,10.212
-1.625,1.096,9.75
-1.5,0.514,9.697
-1.232,0.799,9.869
-1.397,0.945,10.013
-1.68,0.907,10.075
-1.859,1.158,10.128
-1.431,1.065,9.865
-1.637,1.125,9.893
-1.682,0.555,9.96
-1.431,0.888,9.848
-1.546,1.101,9.845
-1.567,1.002,9.762
-1.849,0.907,9.922
-1.333,0.742,9.805
-1.005,0.904,10.023
-1.352,0.837,9.812
-1.888,0.864,10.09
-1.617,0.617,9.927
-1.428,0.703,9.939
-1.385,0.935,9.934
-1.581,0.979,10.207
-1.397,0.756,10.037
-1.593,0.438,10.149
-1.388,0.684,9.912
-1.481,0.983,9.867
-1.486,1.067,10.164
-1.634,0.869,10.073
-1.543,0.699,9.857
-1.546,0.682,10.07
-1.574,0.859,10.13
-1.543,0.668,9.731
-1.584,0.813,10.147
-1.653,0.964,10.178
-1.524,1.316,9.965
-1.565,1.407,10.307
1.321,0.569,9.642
-0.799,-0.337,9.884
-1.261,-0.77,8.592
-1.263,1.318,10.487
-0.452,1.397,9.41
-1.613,2.003,10.286
-2.491,1.445,10.259
-2.536,0.957,9.841
-2.771,0.115,9.75
-1.591,0.792,9.671
-1.419,0.778,9.822
-1.701,0.691,9.843
-1.723,0.782,10.023
-1.632,1.096,9.857
-3.283,-1.933,9.128
-0.567,3.252,8.922
-1.852,1.857,10.922
-0.55,0.278,9.353
-1.706,0.675,10.039
-2.888,1.17,8.9
-2.682,-0.057,12.829
-1.247,3.443,10.513
-0.368,1.991,11.52
-0.376,-4.555,8.501
-1.359,6.917,9.077
-4.809,0.402,10.992
0.208,0.928,9.621
-2.103,1.06,10.374
-0.359,-0.62,9.819
-0.055,0.457,8.367
-3.295,1.871,10.97
-2.586,0.601,10.008
-0.44,2.661,9.719
-1.577,1.541,10.051
-1.849,1.139,10.008
-1.526,0.735,9.92
-1.759,0.091,9.743
-1.256,1.096,9.829
-1.651,1.29,10.073
-1.66,1.297,9.929
-1.536,1.165,9.85
-1.969,0.919,9.934
-1.428,1.314,9.965
-1.596,1.132,9.936
-1.627,1.373,10.006
-1.72,1.034,9.889
-1.945,0.634,9.939
-1.282,1.074,9.893
-1.517,0.952,9.941
-1.66,1.117,9.958
0.112,2.419,6.352
-3.833,2.031,11.214
-0.546,2.881,9.747
-0.096,-1.163,11.116
-2.079,13.609,5.479
-3.278,-12.693,14.791
-2.314,2.027,11.087
-1.433,1.235,7.934
-1.73,4.283,10.427
-2.192,2.082,10.238
-1.67,2.024,9.862
-1.967,1.187,9.833
-1.895,0.711,9.757
-1.579,0.553,9.841
-1.385,0.933,9.819
-1.759,1.287,9.958
-1.926,1.177,9.807
-1.778,1.156,9.85
-1.392,1.369,9.915
-1.366,1.574,9.805
-1.763,1.797,10.006
-2.098,2.488,11.779
-1.811,1.223,10.197
-1.785,0.636,9.812
-1.682,0.938,9.783
-1.381,1.483,9.484
-1.629,1.948,9.783
-1.96,1.354,9.286
-1.847,1.168,9.563
-1.838,1.366,9.444
-1.462,1.424,10.006
-1.177,1.45,9.764
-1.345,2.062,9.879
-1.558,2.35,9.829
-1.782,1.964,9.79
-1.672,1.615,9.822
-1.567,1.749,9.802
-1.495,1.981,9.755
-1.565,1.773,9.836
-1.773,1.239,9.893
-1.517,1.067,9.884
-5.769,0.888,7.75
-2.199,3.393,9.384
-0.148,3.412,11.666
-0.514,1.876,10.64
-1.62,-0.065,9.219
-0.79,0.038,9.408
-2.18,1.517,9.678
-2.333,2.359,10.197
-1.44,2.239,9.745
-1.29,1.483,9.79
-1.608,1.395,9.893
-1.617,1.538,9.869
-1.381,1.419,9.848
-1.371,1.347,9.822
-1.68,1.646,9.905
-1.629,2.218,9.865
-1.517,2.278,9.881
-1.555,1.675,9.85
-1.574,1.17,9.8
-1.574,1.199,9.762
-1.383,1.902,9.788
-1.5,2.438,9.963
-1.725,2.342,9.932
-2.972,-0.431,9.896
-2.086,1.0,11.152
-2.239,2.79,10.094
-1.586,2.598,10.247
-1.89,1.421,9.924
-1.598,1.983,9.467
-1.392,2.574,9.999
-1.314,1.531,9.886
-1.402,1.349,9.767
-1.713,2.146,10.063
0.349,2.192,9.819
-0.806,1.768,9.836
-2.273,2.287,9.465
-2.247,1.065,9.556
-1.768,0.878,9.845
-1.565,0.852,9.855
-1.148,1.632,9.951
-1.66,1.381,9.793
-1.725,1.019,9.912
-2.275,2.519,12.415
-0.78,3.56,9.81
-0.488,1.371,9.601
-1.412,0.77,10.24
-1.4,1.634,9.869
-3.024,0.261,10.274
-1.148,0.859,9.848
-1.103,3.204,9.762
-1.656,1.419,9.345
-1.739,-0.275,9.991
0.462,1.165,9.633
-2.208,2.79,9.771
-1.823,2.981,10.032
0.335,1.369,9.613
-1.457,0.914,10.233
-0.888,1.962,9.874
-0.935,1.165,10.137
-1.378,1.73,9.977
-1.524,1.663,9.807
-1.139,1.201,9.922
-1.29,1.184,10.025
-0.811,1.414,9.934
-0.773,1.83,10.018
-1.948,1.292,10.106
-1.493,0.995,10.027
-1.093,1.074,9.896
-1.148,0.955,10.073
-1.153,0.821,10.075
-1.967,0.797,10.061
-1.873,1.201,9.941
-1.194,0.72,9.884
-1.282,0.565,10.183
-1.349,0.802,9.951
-1.304,0.859,9.999
-1.385,0.622,9.967
-1.292,0.962,10.025
-1.16,1.091,9.989
-1.069,0.053,14.332
-1.029,0.333,10.214
-0.995,-0.479,10.8
-2.287,0.45,8.419
-1.254,-0.117,10.642
-1.591,1.285,9.776
-0.974,1.249,10.073
-1.328,0.83,10.001
-1.144,1.156,9.826
-1.034,0.435,10.145
-0.79,0.024,10.142
-1.469,0.44,10.008
-1.314,0.646,10.073
-1.318,0.517,10.001
-1.359,0.536,10.085
-1.33,0.603,10.013
-1.491,0.309,9.989
-1.29,0.301,9.874
-1.581,0.498,10.133
-1.392,0.529,10.118
-1.57,0.275,9.915
-1.591,0.141,9.936
-1.488,0.194,10.001
-1.519,0.546,9.843
-1.522,0.519,10.178
-1.479,0.574,9.865
-1.486,0.115,9.936
-1.416,0.684,10.334
-1.51,0.392,10.214
-1.519,0.421,10.018
-0.421,0.574,9.733
-0.928,0.842,10.164
-1.038,0.857,10.094
-1.192,0.493,9.68
-1.373,0.593,9.996
-1.627,0.313,9.996
-1.617,0.567,10.128
-1.426,0.38,10.649
-1.503,0.325,9.838
-1.505,0.117,9.865
-1.424,0.651,10.52
-1.392,0.601,10.192
-1.562,0.378,10.214
-1.613,0.596,10.006
-1.78,0.246,9.822
-0.993,0.598,10.154
-1.469,0.935,10.874
-1.335,0.658,10.051
-1.431,-0.086,9.857
-1.526,0.481,11.128
-2.61,-0.141,11.922
-1.926,1.16,10.925
-1.256,0.244,10.74
-1.541,0.538,9.63
-1.268,0.036,9.633
-2.115,0.584,9.793
-1.426,0.278,9.855
-1.352,0.194,9.951
-1.002,0.56,8.458
-2.579,0.931,12.36
-1.735,0.371,11.298
-2.211,0.72,10.91
-0.773,-0.065,7.517
-1.699,0.278,9.991
-1.706,0.124,9.939
-1.546,0.273,9.752
-1.459,0.33,10.247
-1.122,0.653,13.059
-1.751,1.266,11.058
-1.424,0.569,10.298
-1.529,-0.383,8.58
-1.727,0.653,9.716
-1.385,0.72,10.19
-1.325,0.469,10.006
-1.912,-0.285,9.936
-2.012,0.842,10.374
-3.11,-3.823,14.671
-2.251,-1.306,9.551
-0.797,-0.031,9.814
-0.531,0.01,10.463
-2.493,-0.139,10.475
-0.964,2.405,9.869
-1.72,-1.034,11.269
-1.983,1.613,11.846
-0.55,1.146,11.697
-2.768,-0.077,10.781
-2.713,-0.488,8.123
-0.785,0.837,10.159
0.44,0.29,9.802
-1.129,-0.835,10.18
-1.33,-0.402,0.517
-1.876,2.653,13.016
-1.316,1.211,11.535
-2.304,1.177,10.513
-2.558,-1.794,7.601
-2.548,0.739,10.245
-1.079,0.065,9.63
0.443,1.007,9.972
4.945,1.089,1.266
0.108,4.197,15.6
-2.029,1.692,12.006
-0.737,1.787,10.546
-1.893,0.256,8.96
-1.483,-0.557,10.082
-1.572,1.235,9.427
-1.103,0.857,9.946
0.335,0.469,4.393
-1.113,1.66,11.724
-0.766,2.254,11.501
-1.555,1.718,11.228
-2.579,-0.22,7.515
-0.668,0.223,10.374
-1.077,1.974,9.613
-1.926,1.859,9.97
0.749,0.196,2.895
-1.794,1.809,11.559
-1.747,1.519,11.42
-2.457,0.49,11.343
-0.988,0.187,7.934
0.505,2.515,10.568
-1.553,3.139,9.326
-1.495,0.921,9.781
-1.285,0.517,4.639
-2.187,2.687,12.197
-1.443,2.56,11.291
-2.089,1.615,10.274
-1.352,-0.536,6.611
-1.33,2.326,10.322
-1.503,2.376,8.52
-1.122,1.074,9.704
-1.381,1.091,7.46
-2.23,2.821,10.558
-2.153,2.491,11.262
-1.581,0.507,7.783
-1.622,0.077,9.767
-1.024,1.826,9.652
-1.407,1.893,9.994
-4.869,2.242,6.962
-1.701,3.424,11.035
-1.55,3.297,11.147
-2.261,2.536,11.116
-2.101,0.859,7.4
-1.469,0.512,9.774
-2.548,1.534,9.439
-1.462,2.536,10.128
-1.782,2.553,9.855
-1.921,2.266,9.582
-2.371,1.306,9.539
-1.505,2.211,9.79
-1.565,1.928,9.745
-1.302,2.201,9.278
-1.787,2.955,9.678
-2.268,3.254,10.116
-2.199,2.914,9.965
-1.888,2.594,9.573
-1.239,2.419,9.566
-1.727,0.66,9.326
-1.893,0.833,9.377
-2.165,2.991,10.025
-1.479,3.472,9.872
-1.605,2.737,9.453
-2.488,2.146,9.604
-1.711,2.799,9.704
-1.773,2.103,9.577
-1.62,2.577,9.594
-1.983,2.239,9.563
-1.983,2.158,9.64
-2.062,2.448,9.582
-1.737,2.641,9.525
-2.067,2.424,9.527
-1.893,2.232,9.676
-1.84,2.256,9.745
-1.706,2.139,9.625
-1.665,2.507,9.554
-1.732,2.656,9.566
-1.897,2.462,9.656
-1.991,2.34,9.647
-1.625,2.275,9.642
-1.806,1.96,9.606
-1.864,2.51,9.855
-1.699,2.491,9.728
-1.79,2.491,9.831
-1.57,2.273,9.582
-1.677,2.371,9.568
-1.907,1.912,9.554
-1.919,2.381,9.7
-1.653,2.536,9.735
-1.751,2.46,9.633
-1.689,2.464,9.666
-1.737,2.251,9.628
-1.773,2.11,9.745
-1.694,1.715,9.484
-1.718,2.149,9.711
-1.835,2.333,9.656
-1.668,2.397,9.68
-1.763,2.364,9.692
-1.648,2.077,9.597
-1.821,2.189,9.807
-1.68,2.204,9.664
-1.675,1.986,9.623
-2.256,2.876,8.9
-1.515,2.259,9.434
-1.677,2.4,10.116
-1.694,2.46,10.283
-2.211,1.366,9.429
