-1.641,-0.821,10.116
-0.88,-0.828,9.833
-0.926,-0.648,9.769
-0.775,-0.83,9.743
-1.105,-0.835,9.881
-0.723,-0.768,9.898
-0.718,-0.617,9.91
-1.091,-0.677,9.805
-0.876,-0.861,9.831
-0.644,-1.036,9.845
-1.046,-1.201,9.793
-0.83,-0.95,9.8
-0.962,-1.048,9.872
-1.148,-0.818,9.676
-1.668,-0.742,10.18
-0.746,-0.292,9.874
-1.058,-1.323,9.855
-0.742,-0.962,9.793
-0.658,-1.122,10.288
-1.421,-1.364,9.802
-1.713,-1.28,9.501
-1.993,-1.72,9.812
-1.014,-0.691,9.752
-1.299,-0.802,9.709
-1.122,-1.22,9.822
-0.919,-1.72,9.767
-1.589,-1.715,9.683
-1.335,-1.031,9.819
-1.132,-0.438,9.946
-1.701,-0.754,9.965
-1.194,-1.175,9.618
-1.014,-1.168,9.905
-0.921,-2.251,9.833
-0.835,-1.486,9.979
-1.046,-1.079,9.778
-0.866,-0.739,9.778
-0.916,-0.493,9.85
-0.821,-1.036,9.79
-1.165,-1.498,9.723
-1.026,-1.203,9.805
-0.821,-1.067,9.862
-1.098,-1.053,9.776
-0.861,-1.543,9.836
-1.079,-0.668,9.884
-0.739,-0.778,9.841
-0.77,-0.998,9.908
-0.232,-0.924,9.833
-1.732,-0.823,9.616
-0.986,-0.45,9.786
-1.041,-0.979,9.857
-1.278,-1.077,9.884
-1.06,-0.845,9.86
-0.995,-0.677,9.872
-1.007,-0.933,9.886
-1.328,-1.038,9.692
-1.34,-0.854,9.996
-0.581,-1.129,9.228
-0.512,-0.799,9.788
-0.739,-1.132,9.833
-0.857,-1.227,9.793
-0.766,-0.957,9.81
-0.368,-0.246,9.934
-1.036,-0.579,9.786
-1.357,-1.404,9.798
-0.885,-1.373,9.747
-0.718,-0.782,9.824
-0.821,-0.67,9.877
-0.95,-0.873,9.872
-0.912,-0.849,9.838
-1.012,-0.912,9.819
-0.72,-0.703,9.826
-0.828,-0.816,9.769
-0.703,-1.019,9.867
-0.857,-1.069,9.872
-0.892,-1.065,9.855
-0.799,-0.969,9.781
-0.804,-0.931,9.862
-0.892,-0.895,9.833
-0.821,-0.813,9.841
-0.78,-0.849,9.893
-0.895,-1.046,9.905
-0.976,-0.967,9.831
-0.613,-0.88,9.802
-0.735,-0.62,9.819
-0.816,-0.818,9.869
-0.849,-1.144,9.848
-0.775,-1.067,9.771
-0.792,-0.773,9.848
-0.754,-0.797,9.862
-0.873,-1.093,9.783
-0.902,-1.024,9.833
-0.859,-0.859,9.793
-0.787,-0.773,9.886
-0.787,-0.79,9.814
-0.782,-0.979,9.836
-0.897,-0.981,9.855
-0.871,-0.995,9.767
-0.821,-0.835,9.86
-0.823,-0.677,9.889
-0.579,-0.885,9.891
-1.022,-1.058,9.932
-1.096,-1.074,9.836
-0.921,-1.067,9.798
-0.72,-0.813,9.924
-1.498,-1.237,9.719
-1.002,-1.012,9.948
-0.962,-0.904,9.302
-0.802,-0.852,9.903
-0.802,-0.933,9.922
-0.943,-0.895,9.795
-0.864,-0.821,9.908
-0.959,-1.081,9.752
-0.761,-0.952,9.771
-0.938,-0.823,9.884
-0.888,-0.871,9.814
-1.031,-0.945,9.841
-0.928,-1.005,9.831
-0.957,-1.093,9.81
-0.869,-0.706,9.874
-0.854,-0.914,9.889
-1.017,-1.06,9.783
-0.883,-0.955,9.812
-0.878,-0.66,9.836
-0.799,-0.837,9.848
-0.988,-1.041,9.841
-0.904,-1.127,9.814
-1.019,-0.974,9.798
-0.768,-0.947,9.767
-1.005,-1.069,9.841
-0.823,-1.182,9.798
-0.883,-0.991,9.869
-1.017,-1.022,9.857
-0.926,-1.014,9.781
-0.931,-0.679,9.661
-0.837,-0.962,9.896
-0.993,-0.876,9.886
-0.928,-0.586,9.802
-0.837,-0.538,9.881
-0.888,-0.94,9.848
-0.967,-1.239,9.81
-0.935,-1.247,9.755
-0.967,-1.146,9.843
-0.857,-0.84,9.802
-1.065,-0.983,9.833
-0.852,-1.005,9.719
-0.88,-1.019,9.836
-0.981,-0.916,9.829
-0.914,-0.912,9.75
-0.959,-0.981,9.831
-1.029,-0.933,9.795
-0.926,-1.06,9.795
-0.955,-0.909,9.826
0.56,0.73,4.194
-1.651,-1.838,10.771
-0.852,-0.701,10.286
-1.098,-0.28,9.587
-0.682,-1.132,9.668
-1.194,-1.127,9.824
-1.144,-0.971,9.814
-0.928,-1.055,9.798
-1.062,-1.089,9.723
-1.01,-0.957,9.786
-0.964,-0.727,9.872
-0.983,-0.991,9.783
-0.971,-1.093,9.807
-1.026,-0.983,9.855
-0.924,-0.854,9.802
-0.861,-0.785,9.81
-1.031,-0.861,9.886
-0.95,-0.986,9.867
-0.974,-0.947,9.783
-1.017,-0.859,9.767
-1.019,-0.9,9.771
-0.921,-0.926,9.817
-0.964,-0.959,9.826
-0.924,-0.845,9.867
-0.957,-0.847,9.769
-1.017,-0.794,9.802
-0.864,-0.816,9.831
-1.034,-0.847,9.853
-0.907,-0.845,9.829
-0.957,-0.83,9.798
-0.974,-0.773,9.829
-0.904,-0.785,9.802
-0.952,-0.833,9.812
-0.892,-0.677,9.872
-0.986,-0.706,9.833
-0.964,-0.802,9.788
-0.914,-0.873,9.798
-1.026,-0.89,9.814
-0.983,-0.723,9.836
-1.017,-0.672,9.776
-0.962,-0.737,9.81
-0.823,-0.818,9.886
-0.885,-0.763,9.879
-1.038,-0.895,9.771
-0.912,-0.931,9.812
-0.943,-0.938,9.855
-1.01,-0.967,9.805
-0.976,-1.062,9.793
-0.79,1.507,10.154
-1.33,-0.251,10.554
-0.921,0.524,10.274
-0.555,0.12,9.577
-1.306,-1.024,9.618
-1.0,-1.165,9.982
-1.256,-1.122,9.774
-0.744,-0.983,9.771
-1.038,-0.806,9.941
-0.904,-1.101,9.735
-0.888,-1.223,9.781
-0.768,-1.187,9.711
-1.125,-1.139,9.759
-0.773,-0.691,9.965
-0.847,-0.651,9.833
-1.187,-0.567,9.767
-0.916,-1.17,9.81
-0.914,-0.969,9.889
-0.909,-0.924,9.826
-0.77,-0.294,10.03
-0.744,-0.981,9.573
-1.168,-1.268,9.872
-0.876,-1.749,9.532
-1.203,-1.242,9.774
-0.763,0.261,9.967
-1.01,-0.799,9.848
-0.988,-1.034,9.75
-0.945,-0.703,9.96
-1.18,-0.471,9.893
-0.596,-0.414,9.934
-1.163,-0.766,10.087
-0.524,-1.079,9.628
-1.438,-0.928,9.924
-0.857,-1.29,9.728
-0.957,-1.457,9.654
-0.258,-1.337,9.841
-0.538,-0.581,8.754
-0.636,-0.845,9.719
-1.495,-0.991,9.903
-0.744,-1.041,9.831
-0.622,-1.086,9.855
-1.108,-1.311,9.798
-1.385,-1.223,9.697
-0.689,-0.967,9.819
-0.598,-1.125,9.814
-0.256,-0.921,10.197
-2.105,-1.101,9.374
-0.897,-0.651,9.8
-0.139,-1.146,9.733
-1.366,-1.089,7.666
-0.672,-1.113,9.982
-0.304,-1.019,9.769
-0.316,-1.041,9.764
-0.56,-1.156,9.829
-1.036,-1.139,9.716
-0.342,-1.127,9.819
-0.486,-1.108,9.819
-0.593,-0.658,10.451
0.062,-0.761,9.886
-0.196,-0.983,10.149
0.156,-1.129,9.731
-0.88,-1.16,9.781
-0.33,-1.294,9.824
-0.586,-1.084,9.812
-0.589,-0.885,9.91
-0.598,-0.859,9.872
-0.546,-1.041,9.829
-0.479,-1.223,9.819
-0.524,-1.163,9.812
-0.565,-1.065,9.874
-0.586,-0.809,9.848
-0.517,-0.782,9.869
-0.519,-0.885,9.908
-0.488,-0.931,9.853
-0.541,-0.88,9.944
-0.565,-0.842,9.814
-0.557,-0.828,9.795
-0.514,-0.919,9.831
-0.438,-0.955,9.836
-0.45,-0.957,9.841
-0.546,-0.926,9.891
-0.56,-0.84,9.831
-0.495,-0.857,9.845
-0.488,-0.924,9.85
-0.56,-0.976,9.879
-0.546,-1.043,9.819
-0.512,-1.022,9.855
-0.404,-1.058,9.778
-0.352,-0.806,9.826
-0.51,-0.758,9.893
-0.519,-0.904,9.879
-0.483,-0.979,9.774
-0.536,-0.986,9.774
-0.507,-0.895,9.805
-0.512,-0.624,9.917
-0.462,-0.459,9.872
-0.433,-0.555,9.853
-0.388,-0.88,9.855
-0.598,-1.237,9.881
-0.479,-1.18,9.826
-0.615,-1.007,9.903
-0.813,-0.627,10.463
-0.763,-0.438,10.764
-0.804,-0.565,10.432
-0.313,-0.467,9.836
-0.134,-0.538,9.719
0.356,-0.672,9.877
0.371,-1.11,10.056
0.404,-1.883,9.621
-0.081,-2.314,9.661
-0.01,-1.692,10.09
0.172,-1.747,10.602
-0.002,-1.333,10.735
-0.301,-1.608,10.582
-0.804,-2.103,10.834
-1.407,-2.524,10.568
-1.56,-2.278,10.178
-1.648,-1.39,10.506
-1.938,-1.579,10.475
-1.845,-1.682,10.125
-1.849,-0.354,9.68
-1.56,0.51,9.427
-1.266,0.593,9.259
-0.88,0.711,9.219
-0.703,0.691,9.113
-0.392,0.61,8.592
0.132,0.665,8.331
0.56,1.481,8.608
0.792,2.283,8.484
0.861,2.73,8.661
1.136,2.933,8.503
0.971,3.778,8.544
0.61,4.252,8.467
0.409,4.127,8.254
0.656,4.182,7.929
0.538,4.297,8.039
0.402,4.249,8.302
0.392,4.618,8.522
1.105,5.644,8.532
2.146,13.224,4.603
1.373,9.845,3.893
0.297,5.881,8.654
-0.809,3.125,9.159
-0.208,4.321,9.266
0.433,4.285,9.231
0.701,4.048,8.984
0.39,3.716,8.63
0.01,3.34,8.666
0.297,2.562,8.814
0.44,2.28,9.338
0.306,2.318,9.405
0.371,1.723,8.946
1.227,1.136,8.726
1.596,-0.285,8.455
2.165,-0.866,8.513
1.912,-1.125,9.168
2.163,-1.371,8.707
2.651,-1.261,9.188
4.122,-0.345,9.436
4.103,-0.581,10.101
3.835,-1.495,10.121
3.374,-1.924,7.907
3.775,-1.462,8.97
3.948,-1.653,9.379
-13.973,-2.507,9.621
4.225,-1.192,6.742
4.252,-2.266,5.85
4.386,-2.622,5.694
3.634,-4.893,6.429
5.017,-1.981,11.214
4.637,-4.608,14.348
6.092,-3.321,10.635
7.226,-3.077,11.566
5.472,-4.319,8.898
4.479,-4.996,6.139
2.606,-4.639,6.694
1.842,-4.106,8.757
2.414,-3.598,10.63
3.701,-3.756,10.939
4.35,-5.446,9.044
3.409,-5.52,7.321
2.665,-5.127,6.749
3.462,-4.273,7.771
4.106,-3.199,8.601
4.778,-4.027,8.702
4.584,-2.938,5.831
2.646,-8.652,9.836
0.55,-13.607,14.633
3.536,-3.976,9.467
3.019,-5.489,8.991
2.838,-4.591,7.522
2.417,-4.443,8.608
2.34,-4.493,10.042
2.519,-5.134,10.781
2.912,-4.852,9.805
2.756,-4.661,8.458
2.94,-4.283,8.135
3.718,-3.567,8.757
3.874,-4.56,8.46
3.345,-4.8,7.936
2.172,-3.34,7.494
0.333,-2.027,7.814
0.452,-2.407,10.525
3.962,-4.395,10.822
5.637,-5.627,8.604
3.539,-5.467,6.79
1.646,-3.381,6.568
0.309,-0.412,7.934
-0.323,1.711,8.362
-3.084,2.182,10.008
-4.859,1.857,10.688
-2.878,-0.033,9.879
-2.962,-2.661,9.984
-1.323,-2.426,9.805
-1.165,-1.046,10.209
-2.235,-1.591,10.03
0.407,-3.319,8.719
0.895,-5.692,7.898
3.436,-7.285,6.135
2.677,-7.934,6.017
3.228,-7.991,5.835
5.017,-8.527,5.419
4.883,-8.943,5.161
2.926,-8.008,4.204
3.754,-8.64,4.072
5.67,-10.869,3.125
5.869,-12.633,2.658
4.125,-12.53,2.436
5.398,-10.264,2.732
6.553,-9.398,2.998
7.116,-10.621,1.428
6.565,-12.219,0.995
7.872,-10.793,1.378
8.675,-8.989,2.053
8.087,-9.125,2.247
7.175,-9.034,2.211
7.446,-8.001,2.278
7.563,-7.556,2.077
7.336,-7.293,1.888
7.235,-7.18,1.462
7.23,-6.596,1.519
7.23,-6.438,1.615
7.06,-9.283,3.084
6.264,-11.64,6.697
5.972,-11.448,8.649
8.553,4.797,4.012
6.417,-10.568,-4.096
8.061,-1.974,10.903
8.051,-2.211,-6.261
7.496,-8.518,10.171
8.305,-4.077,3.426
8.795,-3.058,3.122
8.671,-3.314,3.118
8.388,-2.962,3.046
8.01,-2.562,3.163
7.929,-2.512,3.522
8.295,-2.464,3.565
8.24,-2.23,3.529
8.297,-2.062,3.541
8.163,-2.201,3.543
7.824,-2.603,3.653
7.558,-2.95,3.716
7.671,-2.728,3.608
8.008,-2.438,3.441
7.706,-1.971,3.366
7.46,-1.574,3.56
7.766,-1.696,3.45
7.864,-1.943,3.395
7.996,-1.988,3.567
8.065,-1.881,3.84
8.324,-1.684,3.831
8.786,-1.814,3.321
8.582,-1.826,3.007
8.35,-1.66,3.211
8.4,-2.003,3.362
8.513,-1.799,3.63
8.759,-1.536,3.735
8.707,-1.943,3.362
9.013,-2.254,3.153
9.563,-2.199,2.919
9.156,-1.864,3.28
8.783,-1.747,3.388
9.049,-1.385,2.986
9.166,-1.105,3.005
8.91,-0.981,3.345
8.606,-1.548,3.335
8.934,-2.431,2.613
9.422,-3.141,1.895
9.046,-3.266,2.239
9.058,-2.816,2.988
9.197,-2.153,3.663
9.001,-1.792,3.606
8.821,-2.022,3.247
8.74,-1.873,2.799
8.62,-2.278,2.873
8.654,-2.854,3.022
8.656,-3.263,3.086
8.496,-3.165,2.998
8.338,-3.642,2.964
8.692,-3.67,3.058
8.798,-3.163,2.974
8.575,-2.694,2.914
9.02,-2.996,2.893
9.446,-3.039,2.835
9.719,-3.364,2.579
9.783,-3.39,2.507
9.575,-3.589,2.503
9.355,-3.567,2.546
9.231,-3.426,2.761
8.927,-3.163,2.668
8.685,-3.187,2.775
8.977,-3.402,2.744
8.9,-3.323,2.783
9.054,-3.235,3.134
9.326,-2.847,3.397
8.929,-2.701,3.371
8.824,-2.684,3.012
8.998,-2.972,2.742
9.049,-2.462,2.907
8.762,-2.153,3.28
8.441,-2.622,3.369
8.513,-2.972,3.213
8.704,-2.503,3.098
8.644,-2.187,3.065
8.63,-2.108,3.129
8.726,-2.149,3.374
9.058,-2.242,3.405
9.065,-2.199,3.091
8.886,-2.053,3.01
8.96,-2.378,3.338
8.996,-2.421,3.476
8.625,-2.115,3.685
8.585,-1.902,3.665
8.915,-2.067,3.536
8.888,-2.445,3.366
8.563,-2.445,3.429
8.302,-2.125,3.462
8.252,-1.854,3.452
8.367,-2.022,3.551
8.537,-2.35,3.62
8.534,-2.505,3.208
8.594,-2.323,3.144
8.618,-2.326,3.488
8.723,-2.153,3.886
8.419,-2.11,3.895
8.654,-2.196,3.732
9.199,-2.137,3.285
9.199,-2.115,3.039
8.8,-2.046,3.498
8.766,-1.969,3.909
8.943,-1.909,3.893
9.159,-1.84,3.436
8.802,-1.751,3.034
8.503,-1.704,3.192
8.62,-1.845,3.467
8.661,-2.113,3.56
8.776,-2.127,3.405
8.833,-1.957,3.244
9.295,-1.883,3.304
9.427,-1.55,3.665
9.142,-1.622,3.878
8.707,-2.244,3.496
8.274,-2.833,3.122
8.223,-3.45,3.22
8.429,-3.22,3.452
8.13,-2.385,3.665
8.178,-1.78,3.395
8.888,-1.962,3.407
8.675,-2.72,3.417
8.393,-2.885,3.503
7.979,-2.756,3.651
8.099,-2.163,3.744
8.219,-2.225,3.766
8.025,-2.689,3.472
7.907,-3.869,2.917
7.848,-4.527,2.579
8.204,-4.4,3.106
8.348,-3.692,3.718
8.434,-2.835,3.46
8.951,-2.151,2.957
9.061,-1.601,2.699
8.896,-2.094,2.629
9.31,-2.153,2.28
9.786,-1.62,1.72
9.956,-0.318,1.821
9.573,0.232,2.17
9.733,-0.148,2.381
10.03,-0.505,1.754
10.243,-0.28,1.18
10.164,-0.261,1.239
9.824,-0.065,1.864
9.745,-0.632,2.299
8.807,-1.598,2.182
8.386,-1.433,2.378
8.951,-1.608,2.168
9.135,-1.945,2.103
8.963,-2.038,2.577
8.991,-3.45,2.318
9.207,-3.627,2.053
9.142,-3.192,1.811
9.07,-2.818,1.541
8.494,-3.524,2.354
8.573,-4.388,2.646
8.427,-4.331,2.536
8.108,-3.474,1.723
7.896,-3.342,1.069
7.994,-3.737,1.498
8.326,-4.079,1.948
8.266,-4.414,2.079
8.02,-4.922,2.105
8.288,-4.989,1.665
8.604,-5.508,1.361
8.754,-5.675,1.366
8.671,-5.426,1.737
8.333,-5.479,2.084
8.132,-5.9,2.153
7.876,-6.297,1.845
7.939,-6.245,1.486
8.197,-5.694,1.522
8.161,-5.623,1.802
8.175,-5.883,1.842
8.197,-6.326,1.589
8.015,-6.627,1.5
8.018,-6.326,1.742
7.874,-6.273,1.893
7.561,-6.503,2.003
7.362,-6.489,1.96
7.137,-6.448,1.921
7.192,-6.436,1.787
7.293,-6.34,1.627
7.309,-6.338,1.888
7.111,-6.206,1.974
6.833,-6.491,2.046
6.757,-6.278,2.094
6.785,-6.182,1.849
6.838,-6.185,1.648
6.927,-6.259,1.735
6.931,-6.407,1.962
6.824,-6.618,1.974
6.936,-6.56,1.849
7.044,-6.659,1.751
7.18,-6.419,1.713
7.171,-6.498,1.806
7.202,-6.556,1.936
7.314,-6.649,1.838
7.343,-6.584,1.763
7.295,-6.515,1.73
7.178,-6.659,1.694
7.125,-6.766,1.581
7.058,-6.651,1.538
7.187,-6.673,1.55
7.101,-6.721,1.608
7.032,-6.726,1.517
7.039,-6.527,1.366
6.967,-6.436,1.373
7.027,-6.491,1.481
7.046,-6.623,1.629
6.998,-6.692,1.55
6.965,-6.594,1.555
6.857,-6.644,1.555
6.864,-6.682,1.665
6.924,-6.773,1.787
6.962,-6.733,1.718
6.998,-6.871,1.711
7.017,-6.74,1.706
6.967,-6.654,1.749
6.814,-6.644,1.735
7.017,-6.816,1.766
7.254,-6.618,1.644
7.252,-6.508,1.55
7.125,-6.587,1.51
7.056,-6.599,1.553
6.996,-6.742,1.522
6.955,-6.85,1.603
7.008,-6.747,1.689
7.13,-6.587,1.723
7.192,-6.505,1.553
7.209,-6.599,1.424
7.142,-6.62,1.584
7.104,-6.575,1.644
6.998,-6.589,1.715
6.907,-6.611,1.627
6.869,-6.63,1.524
6.826,-6.539,1.62
6.759,-6.422,1.692
6.769,-6.522,1.593
6.86,-6.455,1.481
6.881,-6.757,1.562
6.836,-6.694,1.56
6.747,-6.788,1.55
6.69,-7.034,1.581
6.682,-7.216,1.603
6.668,-6.967,1.613
6.656,-6.769,1.675
6.601,-6.962,1.732
6.599,-7.106,1.653
6.556,-6.95,1.601
6.455,-6.934,1.541
6.489,-6.917,1.596
6.57,-6.903,1.476
6.563,-6.958,1.445
6.604,-7.142,1.395
6.594,-7.02,1.361
6.527,-7.206,1.359
6.462,-7.242,1.438
6.465,-7.261,1.526
6.403,-7.183,1.651
6.462,-7.077,1.634
6.489,-6.979,1.57
6.613,-6.907,1.495
6.761,-7.005,1.596
6.752,-7.025,1.615
6.642,-7.151,1.438
6.584,-7.171,1.371
6.539,-7.326,1.421
6.51,-7.295,1.522
6.604,-7.271,1.452
6.793,-7.046,1.275
6.759,-7.003,1.17
6.623,-7.147,1.218
6.584,-7.364,1.333
6.496,-7.331,1.469
6.393,-7.226,1.488
6.381,-7.171,1.232
6.388,-7.233,1.309
6.47,-7.242,1.431
6.467,-7.307,1.493
6.47,-7.343,1.436
6.393,-7.283,1.404
6.3,-7.271,1.381
6.252,-7.398,1.431
6.197,-7.283,1.507
6.199,-7.18,1.476
6.336,-7.144,1.287
6.455,-7.147,1.196
6.458,-7.183,1.201
6.343,-7.118,1.194
6.383,-7.295,1.077
6.338,-7.41,1.151
6.359,-7.553,1.256
6.276,-7.501,1.244
6.252,-7.362,1.144
6.324,-7.443,1.16
6.312,-7.541,1.139
6.307,-7.651,1.17
6.319,-7.596,1.213
6.108,-7.759,1.314
6.02,-7.738,1.404
6.01,-7.529,1.397
6.005,-7.637,1.359
6.094,-7.486,1.462
6.068,-7.565,1.491
6.185,-7.462,1.29
6.144,-7.467,1.206
6.118,-7.632,1.285
6.144,-7.68,1.354
6.07,-7.651,1.39
5.958,-7.568,1.349
5.946,-7.618,1.297
6.034,-7.496,1.323
6.106,-7.446,1.371
6.072,-7.405,1.371
6.106,-7.324,1.414
6.182,-7.245,1.316
6.163,-7.319,1.239
6.261,-7.199,1.113
6.321,-7.276,1.12
6.379,-7.331,1.201
6.371,-7.517,1.139
6.182,-7.656,1.069
6.175,-7.766,1.23
6.156,-7.848,1.282
6.082,-7.766,1.337
6.005,-7.711,1.376
6.058,-7.429,1.395
6.168,-7.302,1.316
6.242,-7.458,1.182
6.166,-7.498,1.141
6.034,-7.683,1.151
5.962,-7.711,1.18
5.972,-7.671,1.122
5.96,-7.857,1.148
5.96,-7.716,1.067
6.02,-7.546,1.05
5.993,-7.362,1.034
5.96,-7.584,1.065
5.838,-7.642,1.132
5.84,-7.558,1.084
5.869,-7.525,1.141
5.972,-7.484,1.153
5.946,-7.551,1.184
5.764,-7.515,1.206
5.773,-7.642,1.136
5.886,-7.541,1.148
5.965,-7.814,1.103
5.84,-7.907,1.153
5.833,-7.888,1.05
5.847,-7.592,1.103
5.874,-7.537,1.046
5.991,-7.462,1.029
5.958,-7.587,1.139
5.859,-7.702,1.077
5.802,-7.742,1.046
5.694,-7.269,1.031
6.12,-6.606,0.924
5.804,-7.419,1.151
5.824,-8.077,1.239
5.699,-7.642,1.687
5.666,-7.508,1.658
5.096,-7.422,1.546
5.048,-7.448,1.505
5.46,-6.589,1.5
5.637,-6.225,1.615
5.541,-6.56,1.369
5.034,-8.556,1.436
4.91,-8.3,1.603
5.02,-8.209,1.503
5.015,-6.041,1.503
4.421,-7.348,1.749
4.173,-10.432,1.531
4.335,-8.841,1.751
4.515,-7.453,2.029
3.232,-10.018,2.759
2.799,-12.91,2.273
2.273,-16.188,3.575
4.115,-17.495,4.567
4.608,-16.401,4.735
4.867,-15.202,3.878
6.17,-14.334,1.859
6.316,-12.264,0.694
6.793,-10.779,-1.0
7.175,-8.058,-0.811
7.403,-5.154,0.586
7.628,-5.455,0.553
7.321,-5.101,-0.014
7.259,-4.12,-0.562
6.804,-3.706,-0.433
5.534,-3.665,0.349
4.29,-2.74,1.048
4.292,-3.381,0.373
4.814,-2.486,1.129
3.811,-1.467,2.613
3.084,-0.878,2.859
4.503,-0.847,2.579
5.252,-2.003,2.067
4.759,-1.919,2.615
4.24,-0.579,3.929
4.419,-0.175,4.012
4.299,-0.9,3.321
3.84,-1.615,3.201
4.034,-4.321,3.259
5.082,-3.936,4.405
5.431,-4.345,4.902
5.967,-3.307,4.694
6.548,-4.13,3.917
8.951,-5.209,2.72
8.549,-5.699,2.338
8.238,-6.058,1.4
8.202,-5.943,2.175
8.534,-6.637,2.838
8.886,-7.812,2.795
8.853,-9.176,2.67
7.084,-7.101,3.957
7.183,-6.718,4.555
8.386,-7.135,4.398
8.058,-7.001,4.594
7.797,-7.838,3.328
6.379,-8.549,2.799
6.498,-9.149,2.725
7.675,-7.465,3.575
7.618,-6.352,3.809
7.86,-5.594,4.039
7.582,-6.12,2.897
7.075,-6.127,2.218
6.62,-7.34,2.529
6.627,-6.931,2.723
6.898,-6.118,2.964
6.986,-5.96,3.041
6.871,-5.728,2.811
7.087,-5.838,3.144
6.948,-5.886,3.821
7.261,-5.101,4.63
7.506,-4.658,5.312
7.446,-4.465,5.505
7.053,-5.381,5.044
7.242,-5.685,4.764
6.953,-5.773,4.924
6.479,-5.725,5.283
6.802,-5.52,5.871
6.637,-5.278,6.269
6.529,-5.795,5.816
6.321,-5.934,5.733
6.094,-6.06,5.907
5.936,-5.809,5.888
5.52,-5.898,6.29
4.85,-5.704,6.852
4.185,-5.666,7.537
3.211,-5.766,7.965
3.283,-5.242,8.585
2.699,-4.005,9.056
2.072,-3.395,9.25
2.192,-2.5,10.128
1.239,-2.18,10.097
0.797,-1.153,9.79
-0.062,0.05,9.544
-1.007,0.498,10.008
-1.486,1.297,9.857
-1.613,2.677,8.891
-2.22,4.343,9.606
-2.728,3.943,10.262
-2.038,3.429,10.078
-2.522,3.615,10.264
-2.986,3.84,10.02
-3.137,3.371,9.243
-3.283,2.725,8.331
-3.775,1.641,8.362
-5.228,0.536,8.924
-5.056,0.593,8.989
-4.953,0.208,7.671
-5.096,-1.718,6.336
-5.268,-3.094,6.166
-4.67,-3.369,5.493
-4.091,-4.642,3.895
-5.158,-4.527,3.792
-5.534,-5.467,3.644
-4.965,-8.037,2.11
-4.331,-8.032,0.426
-6.515,-12.884,1.739
-7.197,-10.724,5.39
-7.092,-9.379,5.429
-7.104,-7.637,6.718
-7.156,-7.58,3.689
-6.874,-9.967,5.276
-7.431,-6.376,5.658
-6.97,-5.697,7.85
-6.455,-4.345,6.953
-7.266,-8.305,7.47
-7.032,-5.18,7.979
-7.151,-4.711,4.658
-6.173,-5.965,0.328
-6.46,-5.965,0.227
-6.257,-10.068,-1.392
-6.082,-9.41,-2.869
-6.919,-8.195,-4.003
-7.276,-9.293,-6.029
-7.391,-10.546,-5.824
-7.273,-9.956,-6.139
-6.986,-10.884,-6.807
-5.934,-11.121,-7.333
-5.599,-10.695,-7.376
-5.855,-9.927,-7.616
-5.902,-10.317,-7.395
-5.79,-10.886,-7.415
-5.355,-10.853,-7.556
-4.878,-9.74,-7.305
-4.503,-8.553,-5.874
-3.531,-9.051,-5.197
-3.268,-11.293,-5.469
-2.546,-11.114,-4.584
-2.859,-10.259,-3.024
-3.122,-12.154,-2.814
-2.641,-11.999,-2.335
-2.383,-11.214,-3.034
-0.127,-9.204,-3.256
-0.952,-7.537,-0.486
-2.328,-6.867,2.845
-0.976,-6.513,4.613
-0.23,-3.771,7.309
-0.385,-3.972,9.18
0.821,-2.821,10.02
1.223,-1.299,10.948
0.613,-1.924,11.116
0.361,-2.0,11.69
0.581,-0.713,11.903
0.756,-0.086,11.238
1.692,1.091,10.475
1.802,1.919,10.334
1.517,2.139,10.68
0.428,1.524,10.023
0.156,2.22,8.982
0.495,3.01,8.532
-0.653,2.199,9.36
-0.433,2.266,7.764
0.641,5.024,9.116
0.5,6.967,10.616
0.048,5.352,9.793
-1.51,-1.129,8.367
2.677,-1.467,5.149
4.771,1.503,7.984
5.123,3.467,9.441
5.902,2.945,9.532
6.285,3.029,7.374
6.726,4.29,6.625
8.527,5.785,6.982
9.293,5.029,6.615
8.989,2.237,5.733
3.708,-0.361,5.733
-3.108,-3.33,6.18
-5.869,-2.428,8.793
-4.51,-3.338,9.4
-0.534,-1.345,8.427
1.311,-1.101,8.568
0.766,-0.562,9.472
-0.352,-2.522,9.042
0.962,-2.388,10.41
0.529,-1.469,10.336
0.459,-0.51,9.855
-1.962,-1.029,9.357
0.072,-1.345,9.288
-0.531,-1.215,10.051
-0.258,-1.56,9.841
-0.45,-1.546,9.877
0.01,-0.309,10.755
2.395,-2.818,9.166
0.404,-4.634,9.74
1.297,2.127,11.08
0.914,1.677,9.008
0.017,0.852,9.396
0.39,1.194,9.743
0.713,1.072,10.568
0.246,1.536,10.156
2.134,2.168,9.451
1.285,0.799,9.903
0.366,0.627,10.228
1.048,1.416,9.886
0.962,0.203,9.68
1.385,0.648,9.726
1.158,1.426,10.786
1.273,1.936,10.944
1.976,1.818,9.977
2.45,1.132,9.506
1.986,1.39,8.958
1.357,1.711,10.149
1.866,1.464,10.238
2.402,1.715,10.329
2.943,0.873,9.324
2.23,0.983,9.03
1.907,0.703,9.429
2.189,1.467,9.903
2.117,1.589,10.192
2.649,0.888,9.542
2.842,1.156,9.381
2.4,0.735,9.264
3.074,0.689,9.176
3.299,-0.055,9.568
2.639,0.428,9.965
2.689,1.134,9.819
3.199,1.503,9.362
2.881,0.622,9.219
4.352,0.067,9.317
5.295,1.373,9.709
5.374,1.61,9.573
4.84,1.62,9.487
4.295,1.431,9.405
4.742,0.813,8.946
3.718,-0.596,8.061
4.627,-0.543,8.044
4.29,-0.39,8.281
3.582,-0.627,7.769
3.424,-1.086,7.996
2.893,-0.206,8.97
3.854,0.888,9.415
4.084,1.361,8.915
3.335,1.237,8.326
3.22,0.878,9.006
2.761,0.153,9.226
2.835,-0.304,8.424
2.412,-1.333,7.874
1.742,-0.309,8.831
1.333,-0.347,10.011
2.783,-0.763,10.207
3.108,-0.694,9.422
2.706,-1.278,8.192
2.326,-1.055,8.506
2.684,-0.156,9.034
2.737,-0.447,9.051
2.172,-0.313,9.113
2.163,-1.452,9.02
2.17,-1.881,8.589
2.728,-1.852,8.369
3.031,-1.481,8.242
2.806,-1.775,8.144
2.352,-1.378,8.274
2.189,-1.038,8.35
2.524,-0.268,8.731
2.766,-0.359,8.125
2.749,-0.397,8.434
1.412,0.211,8.946
0.974,-0.414,9.527
2.517,-0.73,9.216
2.464,-1.455,8.611
2.34,-0.014,9.147
2.696,0.297,8.747
2.56,0.026,8.857
2.287,-0.053,9.051
2.366,0.246,8.896
2.586,0.524,8.424
2.038,-0.12,8.57
2.204,0.026,8.704
2.797,-0.115,8.503
2.998,0.316,8.135
2.067,-0.062,7.967
1.146,-0.211,8.546
2.077,0.282,8.637
1.971,0.593,8.178
1.388,1.089,8.608
1.412,0.787,8.62
0.605,-1.9,8.905
1.794,-0.608,7.35
1.479,1.182,7.312
0.098,1.129,8.245
-1.57,-1.144,8.96
-1.629,-0.78,7.137
-0.751,1.251,7.699
-2.23,3.149,9.546
-3.543,2.524,9.855
-5.113,4.388,8.197
-6.893,3.06,8.348
-8.149,-0.368,7.673
-8.07,-4.122,4.053
-8.352,-0.67,4.938
-10.767,-1.292,5.833
-13.489,-2.462,4.634
-12.169,-5.118,2.754
-10.721,-5.871,0.825
-12.164,-4.79,2.299
-14.489,-2.149,6.18
-14.21,-6.659,1.658
-18.507,-11.649,2.225
-13.396,-6.068,2.359
-15.202,0.735,5.692
-16.071,4.07,5.682
-19.239,-4.61,0.335
-22.579,-7.963,-1.11
-21.244,-12.087,1.282
-27.584,-8.592,6.357
-22.684,-9.592,6.113
-23.959,-10.367,0.679
-22.421,-14.887,-1.34
-18.827,-7.797,2.699
-14.597,5.182,7.596
-16.471,3.307,6.338
-17.7,-1.199,3.11
-16.604,5.398,3.921
-15.446,1.677,4.902
-14.992,0.928,2.369
-12.128,-0.409,3.493
-10.252,5.737,6.436
-9.676,1.125,5.644
-8.338,2.907,5.713
-6.898,3.369,3.419
-6.797,4.357,4.89
-7.441,2.285,5.041
-7.025,1.345,4.07
-5.367,3.256,6.711
-4.553,2.613,8.195
-2.981,-0.608,6.156
-1.893,0.211,6.197
-3.295,0.837,6.173
-2.888,1.163,5.436
-3.175,1.704,7.539
-3.326,3.254,6.63
-5.13,2.328,5.69
-7.108,1.78,6.565
-5.776,7.202,7.144
-4.816,6.453,6.173
-6.663,2.56,5.051
-8.297,1.51,6.096
-6.338,3.811,7.041
-5.694,3.309,7.628
-6.764,0.653,6.534
-8.915,-0.435,6.867
-9.293,-1.134,6.403
-9.817,-1.924,5.489
-10.92,-2.826,4.9
-11.611,-1.962,4.192
-11.716,0.493,4.053
-10.965,4.965,3.988
-9.891,6.039,4.328
-8.53,3.941,3.563
-8.259,-1.864,6.97
-9.085,-3.711,3.852
-10.156,2.082,4.558
-8.317,4.816,2.79
-5.225,4.713,-0.397
-4.948,2.548,-1.354
-5.168,0.813,-1.526
-5.091,2.85,0.531
-5.606,0.763,3.883
-4.905,0.94,2.149
-6.23,3.67,-2.383
-7.498,5.41,-5.479
-4.594,2.019,-5.118
-20.435,3.158,1.364
-1.526,6.608,7.192
-16.906,16.985,8.608
-16.152,19.387,17.528
-5.426,21.923,16.581
-8.872,7.458,9.314
-4.965,6.797,12.611
-1.706,9.259,8.881
-3.048,11.202,10.015
-1.244,10.506,10.872
1.572,9.379,7.19
-0.457,8.865,8.12
-0.799,8.58,9.326
-0.512,8.422,8.348
0.153,5.613,7.467
-0.668,4.498,9.31
-0.809,4.587,10.401
0.395,3.921,9.333
0.254,1.309,6.328
1.598,2.67,8.111
1.861,3.055,10.334
1.414,2.302,10.221
-0.244,1.778,10.166
0.931,0.014,9.927
0.112,-0.787,10.855
0.861,-0.94,10.468
0.823,0.022,9.853
0.443,0.069,8.881
0.194,1.692,9.333
1.084,-0.167,10.032
1.534,-1.407,9.606
1.675,-1.663,9.417
1.72,-1.28,9.307
1.802,0.072,9.192
1.407,-0.208,9.451
1.194,-1.873,10.094
2.634,-1.995,9.991
2.089,0.423,9.891
2.493,0.938,9.458
1.629,0.828,9.561
1.637,0.069,10.434
2.455,-0.699,9.865
2.199,0.311,9.774
2.452,0.627,9.965
2.017,0.866,10.346
1.543,0.924,9.795
2.005,0.077,9.302
2.735,-0.433,9.264
2.742,0.129,9.52
2.881,0.591,9.121
2.505,-0.45,9.056
2.603,-0.462,9.558
2.615,-0.553,9.537
2.263,-0.49,9.513
2.979,-0.426,9.286
1.622,-0.254,9.054
1.328,-0.29,9.403
2.256,-0.794,9.908
2.333,-0.435,9.721
2.684,0.139,9.216
1.979,0.342,9.601
1.979,0.194,9.613
1.371,-0.313,9.243
1.802,0.45,8.924
1.086,-0.007,9.623
0.371,0.548,10.417
0.708,1.507,9.075
-0.931,3.091,8.221
-2.158,1.266,5.936
-1.067,0.153,5.85
-2.665,0.208,5.304
-3.797,0.825,0.258
-4.9,0.943,-0.543
-8.544,0.388,-0.529
-10.023,4.572,1.457
-14.037,0.397,2.622
-18.76,-4.962,1.316
-18.461,-0.718,7.632
-16.327,1.163,10.369
-17.557,1.66,8.23
-15.93,-7.355,2.553
-15.846,-13.099,-2.05
-15.836,-7.099,-1.811
-13.296,-0.246,0.976
-16.643,-5.34,-0.275
-19.992,-9.465,-0.689
-20.351,-11.147,4.534
-20.835,-2.426,5.359
-20.653,-3.108,3.091
-26.742,-10.094,1.988
-21.423,-8.68,0.811
-20.394,-6.462,-0.598
-20.282,-0.998,2.44
-23.84,-0.16,2.632
-21.615,-3.778,-0.507
-15.592,-6.989,5.206
-15.535,2.531,8.778
-14.667,8.415,12.626
-14.171,2.56,11.604
-12.417,4.223,8.893
-11.702,3.433,9.149
-10.834,-2.373,4.453
-8.987,4.089,4.61
-6.065,4.89,4.721
-7.826,1.538,4.704
-6.986,0.699,5.245
-4.627,2.079,6.419
-5.338,-0.428,7.044
-3.941,-0.352,5.292
-6.539,0.663,5.091
-3.622,2.668,5.462
-3.807,1.665,4.847
-5.254,0.837,5.551
-5.115,0.744,5.936
-4.862,1.938,6.886
-5.417,1.531,6.453
-7.34,1.127,5.642
-7.776,-0.294,4.393
-7.563,0.746,6.111
-5.898,1.488,6.314
-6.233,3.335,5.524
-7.848,0.517,6.558
-8.357,-3.211,9.709
-9.166,-2.993,9.324
-12.365,-1.893,6.874
-13.437,-0.371,4.247
-12.75,1.397,2.46
-11.647,4.077,2.144
-11.214,2.376,3.625
-9.688,-1.625,4.541
-7.367,-0.782,4.572
-9.683,1.983,3.455
-8.982,4.826,1.809
-6.462,3.802,0.292
-4.529,2.158,0.055
-4.747,1.505,-0.78
-6.281,1.546,0.146
-6.522,0.828,0.517
-6.974,1.098,-0.395
-7.647,1.404,-2.881
-8.673,0.581,-4.579
-9.436,-1.909,-3.139
-29.474,-23.995,31.053
-4.933,8.931,4.113
-12.262,14.954,6.056
-10.355,9.999,9.824
-4.871,18.916,9.044
-3.307,17.42,9.556
-2.266,13.36,10.956
2.426,10.958,2.584
-2.103,13.233,10.463
-2.615,11.649,10.812
-0.182,11.515,10.159
0.557,10.202,6.348
-0.34,4.871,5.929
0.955,6.4,9.743
-0.077,7.412,8.374
-1.538,5.216,8.654
-2.486,1.579,8.166
-0.404,2.565,9.635
1.66,3.677,10.023
1.708,3.582,8.92
0.423,0.117,9.575
1.211,-1.924,9.082
1.931,0.301,10.013
1.586,2.005,9.891
1.826,2.44,9.79
0.483,1.759,9.958
0.481,0.306,10.575
0.306,-1.9,10.458
0.866,-1.861,9.735
1.304,0.897,10.271
0.878,1.208,10.212
1.558,-0.73,9.738
2.151,-0.617,9.465
1.983,-1.407,9.135
2.237,-0.593,9.735
1.45,-0.34,9.924
1.498,0.146,9.743
1.904,-0.699,9.164
2.244,-2.012,9.195
1.771,-1.34,9.838
1.804,-0.39,9.857
2.091,-0.191,9.697
2.515,-0.132,9.652
1.747,-0.663,9.606
2.127,-0.742,9.836
2.706,-0.079,9.472
3.469,-0.251,8.412
2.661,-1.266,8.506
2.5,-1.103,9.601
2.383,-0.904,9.814
2.479,-0.854,9.384
2.539,-0.77,9.92
2.89,-0.849,9.731
2.986,-0.256,9.353
2.503,-0.522,8.908
3.256,-0.651,9.417
2.842,-0.854,9.63
2.826,-1.156,9.841
2.369,-1.184,9.81
2.759,-0.495,9.793
3.328,-0.646,10.02
2.94,-0.825,10.14
2.503,-0.768,10.472
2.232,0.275,11.097
2.507,-0.072,10.353
1.361,-0.653,9.872
2.55,-2.06,9.42
2.787,-2.469,10.532
2.515,-1.842,9.991
1.031,-1.103,6.632
-0.548,-0.986,4.01
-0.971,0.254,3.101
-2.565,-3.28,1.849
-1.902,-1.897,0.05
-1.809,1.735,-0.292
-8.738,2.268,-0.34
-13.272,3.098,1.017
-10.692,0.67,2.294
-16.485,-3.027,2.555
-16.846,-1.17,5.02
-13.982,4.383,7.549
-15.817,7.656,9.061
-15.365,-3.0,6.481
-17.437,-9.91,0.79
-16.432,-5.501,1.471
-16.54,0.902,5.35
-18.205,-3.098,2.847
-20.351,-10.183,0.775
-17.882,-9.027,-0.395
-20.117,-9.245,1.737
-19.351,-7.376,3.12
-19.89,-1.158,4.737
-23.605,-5.45,2.094
-21.088,-4.85,2.309
-23.036,-4.481,3.787
-20.832,-2.292,4.821
-18.03,-2.917,3.907
-19.564,0.574,5.056
-17.995,-6.223,7.994
-13.219,2.098,9.453
-12.532,8.19,7.405
-13.465,1.718,7.659
-11.846,5.434,6.711
-11.039,-1.668,4.888
-8.996,-1.254,5.367
-8.254,0.813,5.316
-7.467,1.945,5.359
-5.816,1.926,5.958
-6.443,4.594,9.987
-7.247,2.835,8.417
-4.615,-0.187,5.974
-5.01,1.299,7.202
-4.039,2.266,7.517
-2.797,1.383,5.881
-4.232,-1.751,4.622
-5.295,0.232,6.35
-2.948,2.306,6.314
-3.917,0.67,6.017
-5.331,-1.404,5.233
-6.955,-0.797,7.326
-5.843,1.498,7.728
-6.51,0.227,6.778
-8.884,-1.33,5.144
-10.807,-2.235,5.359
-10.537,-1.168,5.747
-10.779,0.012,5.639
-11.666,0.335,5.568
-11.181,0.723,5.273
-11.85,1.725,4.316
-12.205,3.378,3.029
-12.039,2.577,2.644
-10.19,-0.074,8.216
-11.25,-3.893,2.615
-12.288,1.687,3.319
-9.896,4.8,1.247
-7.027,2.948,-0.397
-6.608,1.684,-0.522
-7.18,1.29,-0.538
-7.407,0.935,0.254
-6.46,-0.301,0.617
-5.847,-1.036,-0.95
-8.008,0.469,-1.907
-9.281,-1.275,-1.84
-7.623,-2.335,-0.368
-13.025,9.07,9.207
-8.257,12.733,4.749
-14.743,16.7,5.151
-11.518,15.48,8.589
-5.532,20.847,10.185
-3.455,14.403,6.429
-2.409,12.987,7.001
-4.819,11.171,21.705
-2.503,11.011,5.379
-3.445,9.551,11.365
-0.371,11.456,9.824
1.218,9.944,7.317
0.057,7.879,6.618
-0.847,9.125,8.159
0.249,7.242,9.178
0.371,2.589,8.238
1.751,2.634,10.133
1.581,7.654,9.568
2.299,5.761,8.649
0.502,1.235,5.84
0.818,0.675,6.955
1.127,-0.246,10.343
2.976,0.294,10.774
1.687,1.335,10.843
1.251,1.878,10.247
2.227,0.457,8.795
0.723,-1.828,9.46
-0.014,-0.95,10.424
0.825,-0.048,10.74
0.495,-0.318,10.346
1.402,0.876,10.255
1.428,1.364,9.24
2.316,-0.364,8.549
1.931,-2.417,8.967
1.335,-2.058,10.156
1.376,-0.569,10.472
1.971,0.311,9.551
1.761,0.926,9.317
1.897,0.761,9.451
2.345,-0.361,9.807
2.22,-0.993,9.688
2.598,-0.11,9.329
2.421,0.4,9.113
1.325,0.024,9.233
1.766,-0.859,9.223
2.302,-1.225,9.14
2.811,-0.95,9.257
2.677,-0.105,9.829
2.46,0.206,9.714
2.153,-0.708,9.829
2.582,-0.438,9.587
2.431,-0.79,9.176
2.402,0.335,9.475
2.486,-0.086,10.326
2.383,-0.675,10.456
2.505,-0.689,10.202
2.543,-0.309,10.075
2.524,0.696,10.238
2.67,0.5,10.401
2.338,-0.081,10.561
2.314,-0.124,11.393
2.405,-0.316,11.058
2.299,-0.787,11.271
2.462,-0.074,10.599
1.455,-0.486,11.374
1.215,-0.306,11.515
1.33,-1.909,10.293
1.981,-2.393,7.632
0.39,-0.165,4.924
-0.727,4.053,5.381
-3.907,1.105,5.149
-5.123,-4.835,1.242
-6.297,-5.481,-2.448
-6.264,4.008,-3.036
-11.75,7.156,0.818
-15.308,0.651,3.376
-14.274,-8.798,-0.089
-15.126,-3.46,1.223
-17.085,6.726,5.608
-15.446,3.759,5.948
-17.191,-9.321,0.435
-16.975,-11.228,-1.115
-15.748,-1.73,-1.285
-15.686,0.196,0.699
-18.473,-6.068,0.589
-20.416,-9.305,0.179
-21.674,-4.584,1.182
-22.253,-6.175,1.146
-24.1,-7.644,2.728
-24.627,-8.812,1.526
-24.414,-2.9,1.117
-20.72,-3.067,0.206
-23.34,-2.201,3.515
-23.521,-1.014,8.319
-20.428,0.239,8.295
-16.576,1.287,7.541
-14.248,2.684,6.568
-17.763,0.309,6.596
-15.234,0.9,7.529
-13.772,-2.333,7.508
-11.432,2.835,10.858
-9.3,1.127,8.135
-8.269,2.969,6.548
-7.924,-1.294,6.065
-7.517,-1.002,8.02
-3.299,2.531,8.707
-3.586,-0.766,5.651
-5.271,-2.103,4.331
-4.711,-0.67,6.582
-2.663,0.919,7.759
-3.199,1.565,6.967
-4.393,-0.146,6.996
-3.845,-1.395,5.213
-5.256,-1.153,7.893
-4.998,0.706,8.85
-6.309,1.974,8.142
-7.372,1.321,6.967
-5.969,-0.88,4.871
-5.816,-0.624,2.649
-7.108,0.342,3.814
-7.692,0.785,7.556
-7.192,-0.172,8.833
-9.324,-1.22,7.654
-11.891,-1.778,6.206
-14.389,0.077,5.276
-14.566,3.046,3.579
-13.626,4.481,1.859
-12.422,2.859,2.503
-10.903,-0.785,5.651
-9.592,-0.036,4.656
-14.073,2.046,3.584
-12.602,3.653,2.62
-9.415,2.979,2.402
-7.805,2.065,1.66
-7.386,1.536,-0.148
-6.869,1.096,-1.199
-5.596,0.486,-0.426
-4.161,1.189,0.88
-4.687,2.084,0.163
-6.647,0.947,-0.67
-6.228,-7.857,-2.723
-9.58,0.273,-0.61
-13.372,14.918,3.706
-11.712,18.554,1.11
-12.987,18.873,6.764
-6.632,20.124,6.838
-2.598,13.59,3.79
-4.087,9.377,5.656
-4.91,12.346,10.133
-6.623,15.791,2.156
-3.022,14.865,7.977
-3.941,11.02,9.752
-1.565,12.118,8.807
-0.275,11.807,6.245
0.364,9.417,7.527
0.318,7.754,7.671
1.39,7.214,6.41
1.605,6.575,7.922
0.165,5.871,6.537
-0.751,5.907,6.898
0.072,1.926,9.321
1.084,0.713,8.221
0.309,0.658,9.79
1.766,2.917,10.999
1.5,1.316,9.274
0.28,0.249,9.283
0.663,1.565,9.281
1.282,-1.096,10.604
1.469,-1.893,10.405
1.904,1.306,10.633
2.22,1.995,9.979
1.28,0.593,9.755
1.964,-1.574,9.31
2.586,-2.405,9.826
1.9,-1.357,10.633
1.876,-0.591,10.381
1.515,0.048,10.19
2.232,-0.976,9.405
2.768,-1.256,9.214
2.364,-0.325,9.381
2.364,0.356,9.743
2.713,0.012,9.676
2.873,-0.304,8.912
3.127,-0.242,8.845
3.003,0.022,8.573
3.039,-0.242,9.192
3.046,0.065,9.656
2.945,-0.074,9.424
2.984,-0.124,9.362
3.077,-0.266,9.644
3.146,-1.134,8.051
1.431,-1.56,7.546
2.11,-1.017,9.733
2.352,-0.397,10.592
3.493,-1.101,9.628
4.027,-1.572,8.592
2.795,-1.156,8.362
2.306,-0.892,8.96
2.041,-1.627,9.274
2.503,-1.235,9.86
2.467,-1.72,9.688
3.517,-2.034,8.656
3.065,-0.165,9.101
2.149,1.727,10.415
2.038,1.586,10.233
2.498,2.144,10.549
2.35,2.641,10.7
1.44,-0.093,9.089
0.663,0.952,9.118
-0.457,1.869,7.857
-2.328,-0.579,5.926
-3.835,-0.766,3.051
-3.972,-0.833,-0.045
-4.565,5.663,-1.359
-10.159,2.749,-0.756
-14.018,-0.77,0.1
-16.171,-5.929,1.833
-15.344,-1.206,4.73
-14.719,6.187,8.029
-14.463,-0.45,5.223
-17.2,-10.542,-0.423
-15.437,-9.092,-0.153
-14.238,-1.517,0.61
-15.695,-3.247,1.27
-17.71,-3.909,0.976
-19.689,-6.039,0.019
-20.935,-12.774,-3.965
-25.983,-11.298,1.852
-21.564,-5.955,3.811
-19.521,-11.47,1.452
-25.682,-13.461,-3.577
-21.045,-8.254,2.866
-21.308,0.572,5.015
-22.16,-3.955,6.099
-22.127,-8.07,3.575
-21.289,-5.316,7.037
-17.227,-3.051,9.716
-12.669,4.247,9.056
-13.451,4.673,9.848
-13.903,0.723,7.891
-11.52,1.507,6.517
-12.618,-3.653,5.082
-7.293,1.725,6.496
-7.221,6.558,6.376
-7.575,2.531,6.462
-6.539,0.943,5.563
-5.568,-1.814,6.235
-3.613,1.323,8.644
-5.321,0.811,8.037
-5.402,-1.27,5.271
-4.46,-2.268,6.568
-3.567,2.436,7.979
-2.692,3.196,8.707
-5.364,-0.268,7.293
-5.91,-0.184,5.364
-4.596,-0.66,6.572
-4.666,0.61,8.427
-4.857,2.199,7.934
-5.733,1.519,6.142
-6.192,-1.416,4.8
-6.953,-4.35,5.178
-8.3,-3.866,5.8
-9.723,-0.476,6.9
-9.891,1.684,7.735
-9.532,1.0,7.094
-11.137,-0.17,5.503
-12.336,0.345,3.589
-13.501,3.417,2.163
-12.374,3.697,3.689
-10.164,3.18,6.348
-8.563,1.067,6.412
-11.798,0.684,6.266
-13.501,3.864,4.094
-10.13,5.261,3.764
-7.692,4.893,2.72
-6.211,4.321,2.333
-7.372,1.931,2.68
-6.142,0.658,1.586
-4.187,1.431,0.675
-3.283,2.606,0.323
-4.362,1.627,-2.187
-5.142,-1.969,-3.795
-7.405,-3.835,-4.615
-9.664,0.242,-1.83
-13.843,24.036,17.126
-12.7,19.679,6.58
-12.068,14.662,12.039
-5.302,18.298,10.314
-0.388,19.27,7.776
-3.199,15.834,8.766
-3.687,9.551,10.427
-2.988,10.097,0.761
1.916,9.599,9.405
3.388,10.728,11.281
2.153,10.377,10.731
-0.309,8.855,4.783
0.299,7.118,7.896
0.191,6.907,6.462
-0.407,5.371,4.264
-0.895,0.534,7.166
0.38,0.644,8.92
0.952,3.661,11.003
1.799,5.17,10.101
1.297,1.775,7.903
0.617,-0.347,8.092
2.046,-0.268,8.752
2.364,0.407,9.087
2.101,1.732,9.144
2.029,-0.002,10.192
0.548,-0.538,11.154
0.9,-0.084,10.329
1.373,-0.208,9.92
0.713,-0.184,10.479
0.72,0.364,10.872
0.706,-0.249,10.228
1.924,-1.5,8.745
1.68,-2.139,8.931
1.723,-1.282,10.422
1.215,-0.988,10.683
1.651,-1.72,9.96
2.005,-1.715,9.465
2.558,-1.448,9.305
2.007,-0.847,9.79
1.677,0.002,10.546
2.041,0.084,9.898
2.249,-0.823,9.589
2.838,-1.873,9.444
2.763,-1.727,9.14
2.711,-0.955,9.154
2.852,-0.483,9.195
2.555,-1.457,9.544
3.039,-1.893,9.642
2.414,-1.658,9.25
2.596,-1.538,8.733
2.077,-1.625,9.216
2.189,-1.345,9.833
2.345,-1.665,10.09
2.986,-1.854,9.783
2.419,-1.723,9.817
1.749,-0.311,9.826
2.421,0.34,9.673
3.259,-0.275,9.266
2.433,-0.83,9.558
1.347,0.325,10.049
1.823,0.766,10.408
1.641,-0.919,9.893
1.397,-1.613,9.929
0.266,-0.811,9.379
0.23,1.141,7.979
1.414,-0.897,5.158
1.931,-0.95,3.967
-0.656,2.091,6.13
-4.694,1.45,6.434
-4.936,-2.182,3.658
-5.154,-2.692,3.28
-5.603,1.864,3.244
-7.092,3.263,2.385
-11.951,3.129,3.874
-12.554,-0.596,3.637
-17.705,-3.103,3.766
-16.805,-5.23,5.417
-15.729,-1.526,6.242
-14.195,-0.476,2.436
-15.836,-9.802,0.9
-13.214,-12.458,2.603
-13.365,-2.95,4.199
-18.949,0.275,5.3
-18.851,-1.136,1.878
-18.751,-4.029,1.83
-22.569,-7.924,-0.481
-24.225,-8.896,2.022
-19.897,-6.62,7.599
-22.945,-3.912,5.479
-21.081,-8.884,-0.062
-18.691,-3.749,0.081
-18.82,-3.268,0.457
-17.215,-2.34,3.196
-17.59,-1.206,6.209
-17.609,2.763,6.601
-15.403,4.046,5.223
-13.43,3.558,8.702
-15.303,2.876,6.448
-13.626,0.136,5.584
-11.267,-2.428,5.158
-7.709,-3.34,3.182
-8.86,0.325,5.012
-6.577,6.73,9.295
-5.914,7.192,9.441
-6.855,3.4,7.312
-5.891,3.467,6.082
-5.558,2.196,7.24
-4.041,-1.866,7.527
-1.869,2.139,8.386
-7.118,0.409,6.63
-3.905,-1.086,5.268
-3.517,-1.433,6.505
-4.055,-1.017,8.324
-4.12,0.203,8.228
-4.311,1.084,7.003
-5.618,1.194,7.587
-5.261,1.333,7.506
-4.656,0.945,7.197
-5.544,1.727,7.577
-6.151,1.749,7.628
-6.369,-0.268,6.376
-6.345,-1.328,4.142
-7.675,-2.455,5.319
-9.499,-2.534,8.475
-10.145,-0.392,9.556
-11.391,2.23,7.381
-12.939,2.981,4.924
-12.319,3.713,3.122
-9.566,5.663,3.192
-9.075,5.132,5.663
-8.508,2.345,10.149
-6.936,0.79,6.685
-10.063,1.062,3.905
-11.963,3.486,3.586
-8.027,4.168,2.515
-5.374,3.467,2.61
-5.694,1.081,3.508
-5.417,2.445,3.469
-3.194,4.18,2.701
-2.022,4.407,0.852
-3.57,2.57,-1.084
-4.747,-0.132,-1.55
-5.453,-0.601,-1.522
-6.537,0.823,-2.895
-6.41,-1.909,-1.814
-10.783,-1.122,9.307
-11.932,5.694,10.807
-10.097,28.079,10.561
-8.563,25.878,18.485
-3.01,19.399,9.671
-6.036,11.032,6.893
-9.075,4.5,9.03
-8.123,12.384,6.659
2.704,8.647,12.444
2.294,9.893,11.822
0.857,10.91,8.376
-0.196,6.278,9.556
-1.57,6.781,9.735
-0.464,6.828,10.365
-1.103,5.376,10.063
-1.074,2.156,9.951
0.677,4.156,7.039
-0.536,3.381,7.118
-0.345,0.651,8.168
2.481,1.065,11.434
2.567,-0.658,8.884
1.287,-1.857,9.333
-0.402,-0.007,9.778
0.835,2.127,11.037
-0.613,0.577,9.298
0.933,-1.467,9.417
0.443,-1.091,10.752
0.859,-0.318,10.688
0.763,-0.232,9.831
0.986,-0.079,9.762
0.852,0.699,10.702
0.737,-0.371,10.501
1.775,-1.72,9.714
2.038,-1.964,10.049
1.385,-1.163,10.874
1.213,0.167,10.922
1.986,-0.347,9.8
2.756,-0.201,9.238
2.007,-0.993,9.563
0.943,-1.144,10.037
1.215,-0.507,10.276
2.464,-0.325,9.197
2.546,-1.189,9.049
1.778,-1.553,10.243
1.924,-1.455,10.602
2.878,-0.895,9.31
3.369,-0.431,8.843
2.266,-0.79,8.604
2.668,-0.907,9.207
2.11,-1.967,9.953
2.842,-2.763,10.31
2.33,-2.381,10.563
2.122,-1.589,9.707
3.108,-2.163,9.178
2.981,-2.424,9.767
1.656,-2.223,10.659
2.304,-2.184,9.664
3.125,-2.294,8.094
2.512,-3.795,8.565
2.842,-3.199,9.778
2.304,-2.333,10.099
3.098,-0.653,9.566
3.07,-1.79,8.702
2.498,-2.969,8.898
2.101,-3.003,8.29
1.842,-1.574,8.704
1.665,-0.849,9.204
1.141,-0.122,8.477
0.49,-2.335,4.273
-0.495,-3.23,3.692
-1.799,-1.172,4.953
-4.474,-1.144,4.67
-0.459,0.866,2.558
-0.469,3.496,-1.895
-7.216,0.268,-1.914
-13.37,-1.512,0.672
-12.049,-0.459,3.548
-15.982,-0.715,4.697
-14.812,-4.505,2.364
-15.81,-2.113,7.439
-14.018,0.459,5.156
-16.018,-5.721,0.679
-15.066,-9.142,3.333
-14.623,-3.869,3.778
-17.731,-8.23,1.792
-17.009,-7.979,2.117
-20.492,-6.907,1.914
-23.021,-13.308,-0.321
-21.588,-13.863,-0.117
-20.631,-7.702,5.565
-24.95,-11.121,3.309
-20.354,-10.499,-1.498
-19.04,-6.974,-3.165
-21.179,-5.967,3.005
-22.883,-8.912,4.651
-22.84,-6.489,7.843
-17.963,1.976,5.879
-16.971,1.17,7.266
-17.066,1.39,6.601
-12.48,3.046,7.388
-13.846,1.914,7.843
-12.403,1.5,8.195
-10.307,3.768,4.23
-7.594,4.28,1.61
-7.776,2.639,2.187
-6.156,1.708,1.196
-4.697,0.593,3.113
-2.716,3.161,6.359
-2.972,2.211,6.678
-4.788,2.053,5.364
-5.022,2.495,3.706
-4.575,3.383,3.615
-3.484,3.256,5.099
-3.012,3.761,5.448
-3.948,2.615,5.41
-5.075,4.433,6.704
-4.694,4.862,8.924
-4.835,2.859,8.972
-5.381,1.208,7.412
-7.051,0.656,7.18
-6.484,0.931,8.001
-6.041,4.778,11.238
-3.823,7.604,10.613
-5.654,2.51,7.204
-7.606,-3.247,5.702
-9.405,-6.855,6.943
-9.941,-2.802,9.444
-9.374,-0.026,9.109
-7.807,2.043,7.541
-7.238,0.935,4.704
-8.046,-1.524,2.56
-9.089,-0.857,2.806
-8.465,1.007,4.634
-7.3,0.897,8.027
-5.206,1.251,7.778
-7.08,0.935,4.713
-10.18,1.426,2.895
-8.233,1.522,2.984
-5.532,1.708,3.854
-4.012,1.22,2.768
-4.716,0.732,-0.041
-6.034,-0.297,-1.153
-3.498,0.045,2.204
-2.352,1.084,3.625
-7.946,3.24,-4.156
-14.281,0.624,-9.625
-17.387,7.666,-6.709
-11.324,16.025,9.056
-23.213,24.299,14.86
-12.712,20.277,15.485
-4.785,18.026,11.539
-3.694,10.649,11.109
-3.955,6.534,12.217
-0.481,10.429,12.621
0.438,8.288,12.023
-1.838,5.84,10.774
-2.689,5.855,10.195
0.074,5.417,9.786
-0.546,3.029,9.769
-1.718,2.251,9.369
-0.706,1.23,9.29
0.28,1.627,9.711
0.22,2.357,10.494
-1.117,0.947,10.264
-1.158,-0.156,9.956
-0.565,-0.457,9.781
-0.007,0.682,9.865
-0.033,0.751,10.178
-0.1,-0.467,10.307
0.842,-0.811,10.53
0.766,-1.39,10.764
1.165,-1.61,11.075
1.919,-1.007,11.437
1.735,-0.354,10.946
0.598,-0.907,11.736
0.864,-2.919,12.226
1.065,-2.651,12.398
2.299,-1.007,11.633
2.876,-1.859,12.228
1.323,-1.213,13.188
1.103,0.215,12.456
3.101,-1.201,11.044
2.936,-0.84,11.527
2.464,-1.034,11.831
1.555,-1.869,10.843
2.914,-2.644,9.922
3.29,-2.271,4.871
3.218,-5.56,6.036
3.866,-3.735,5.333
5.003,-3.809,3.819
-9.812,-15.92,24.033
-0.546,-0.306,15.174
5.065,0.412,12.059
4.685,4.235,10.118
8.908,6.857,2.268
12.221,4.591,0.646
12.379,0.299,0.486
8.884,4.063,2.464
0.33,3.431,1.385
-6.319,-14.906,13.642
-2.893,-3.864,-2.393
3.852,12.205,-1.01
12.281,11.527,2.766
9.934,-12.135,10.08
11.611,2.759,-2.048
9.247,-1.663,7.553
9.199,1.529,4.551
7.912,3.287,5.118
9.491,2.208,4.094
9.104,1.347,3.383
9.671,-0.067,2.921
9.436,1.031,2.644
5.996,2.424,4.596
8.443,2.802,4.151
10.958,1.189,3.252
8.573,0.902,3.017
9.563,1.866,2.486
9.484,2.239,2.713
9.216,2.601,3.283
9.556,1.866,1.701
9.377,0.758,1.95
9.221,3.211,3.036
8.824,2.283,3.065
9.53,2.055,1.203
8.647,1.72,2.821
9.829,4.297,3.108
9.25,3.328,1.134
9.769,1.986,0.184
8.865,1.704,2.711
8.697,2.653,2.376
9.9,0.986,2.608
11.391,4.366,-1.914
11.599,3.316,1.101
8.503,2.57,1.273
8.278,2.438,2.101
9.188,3.003,3.048
10.118,1.203,0.122
9.372,1.34,-0.057
8.9,3.362,1.749
9.453,2.321,0.897
10.391,2.058,-0.28
8.652,4.271,2.172
8.367,2.153,2.472
9.747,2.4,3.077
8.132,4.622,3.508
8.573,1.931,3.022
10.353,0.581,4.462
7.111,5.886,2.842
7.412,3.079,5.053
8.534,4.0,4.551
9.458,-2.747,1.804
8.771,1.311,2.795
9.678,-0.368,2.936
9.348,0.495,3.658
9.211,0.763,5.371
6.161,2.524,5.056
7.649,-0.048,4.185
10.061,-1.725,5.015
8.819,-0.572,4.993
7.668,2.094,5.551
6.62,0.091,6.819
11.001,-1.189,4.874
8.006,-1.526,5.142
8.226,0.498,2.979
9.508,0.23,4.675
7.12,-1.141,7.659
6.532,-0.541,7.156
7.685,0.864,3.658
10.501,1.916,4.689
8.202,-0.742,6.474
6.821,-1.053,7.336
7.218,1.333,5.965
7.781,0.443,5.108
8.149,-1.311,5.376
7.34,-1.998,5.812
8.991,-0.675,6.376
6.721,1.105,7.709
7.049,1.531,7.216
7.869,-0.725,7.352
7.568,-2.149,4.74
7.783,-1.869,4.728
8.168,-1.203,7.355
7.379,0.605,7.482
6.699,2.005,5.493
4.95,1.359,4.548
5.989,-0.861,5.405
7.19,-2.038,8.336
8.293,-1.921,9.951
6.326,-0.455,9.178
4.431,0.17,8.137
-0.189,1.153,7.513
-4.807,2.017,8.269
-3.536,1.359,8.453
-1.471,-2.227,8.465
1.163,-3.23,8.367
2.467,-2.39,8.245
4.491,-0.072,9.601
5.934,-0.38,8.931
5.737,-1.491,7.013
5.812,-2.859,5.044
7.422,-4.704,4.345
8.12,-5.18,4.508
6.905,-4.278,4.788
7.247,-3.508,5.862
9.281,-3.546,6.465
8.905,-3.596,5.166
6.879,-3.421,4.515
6.374,-2.737,5.158
7.817,-4.29,4.744
7.833,-6.084,3.766
7.532,-5.034,4.256
7.293,-4.41,4.9
6.656,-4.438,5.658
6.529,-4.725,6.608
6.874,-5.749,5.596
6.694,-5.9,4.747
6.312,-7.259,4.517
5.388,-6.702,5.065
6.795,-6.135,5.178
7.4,-6.458,4.328
5.792,-5.716,4.034
5.326,-5.95,3.89
6.092,-6.912,4.084
6.694,-7.501,3.409
7.745,-8.769,3.582
6.264,-8.111,2.704
6.204,-7.233,2.737
6.13,-7.592,2.335
5.694,-7.46,2.129
4.331,-8.111,2.359
3.304,-8.482,1.491
3.802,-9.549,0.529
3.926,-9.216,0.443
3.29,-9.527,0.17
2.606,-10.18,-0.187
2.192,-10.372,-0.878
2.699,-11.185,-1.158
2.964,-11.398,-2.005
2.823,-11.348,-2.677
3.213,-11.657,-2.194
3.354,-11.628,-2.151
3.515,-11.216,-1.366
3.216,-11.08,-0.624
3.342,-10.922,-0.029
3.78,-9.929,0.744
3.101,-9.652,1.826
2.751,-9.412,3.048
2.278,-9.338,3.991
2.474,-8.568,4.441
2.964,-8.795,4.608
3.584,-8.721,4.704
2.969,-10.025,3.888
3.464,-10.341,4.237
3.596,-10.015,5.149
3.077,-9.374,6.015
3.455,-8.876,6.101
4.089,-8.726,5.943
4.407,-7.506,6.197
3.582,-7.398,6.864
2.314,-8.757,6.041
3.491,-9.305,5.702
3.285,-8.297,6.766
2.44,-6.592,8.125
2.546,-5.68,8.642
2.28,-4.271,8.589
1.924,-2.979,9.077
0.684,-2.053,9.711
-0.469,-0.433,9.647
-0.66,1.739,9.252
-0.725,3.07,9.369
-1.452,4.302,8.829
-1.249,6.58,7.324
-2.302,6.635,6.836
-4.467,2.984,8.568
-5.78,3.027,10.551
-6.336,0.359,9.621
-5.465,3.271,9.13
-6.537,0.636,9.302
-7.651,-0.132,8.391
-7.769,-2.046,7.661
-8.798,-3.055,8.384
-7.218,-2.862,8.589
-7.766,-3.912,8.941
-7.494,-5.556,7.3
-5.74,-6.575,5.819
-4.943,-8.678,4.541
-4.922,-7.709,7.766
-5.151,-6.17,10.69
-5.601,-6.733,9.855
-3.735,-7.35,8.125
-3.663,-6.484,8.553
-5.639,-8.137,8.975
-4.579,-7.606,10.35
-3.883,-5.692,11.197
-2.938,-2.881,9.226
-2.409,1.615,4.577
-3.084,1.912,-1.878
-5.819,-1.189,-7.546
-7.855,-7.553,-12.621
-9.611,-13.877,-14.269
-8.798,-15.724,-11.683
-8.369,-11.934,-6.225
-7.991,-9.092,-4.24
-8.051,-9.79,-5.091
-6.352,-8.807,-6.793
-5.123,-9.683,-8.522
-6.058,-9.405,-8.742
-6.156,-9.833,-9.733
-6.202,-8.927,-9.599
-5.697,-8.934,-9.226
-4.905,-8.398,-8.896
-5.036,-8.781,-8.853
-4.51,-8.771,-9.97
-4.333,-8.429,-9.783
-3.4,-7.876,-9.7
-3.156,-7.793,-8.08
-2.68,-9.644,-7.807
-2.634,-9.185,-7.441
-2.101,-9.836,-7.364
-1.005,-10.168,-7.02
-1.292,-9.822,-5.292
-1.113,-9.013,-3.156
2.034,-7.809,-1.608
2.452,-6.769,-0.356
2.156,-5.194,2.919
2.378,-2.665,6.84
2.802,0.522,10.36
2.483,0.378,12.094
3.524,0.246,11.853
3.534,0.644,12.14
3.015,-0.146,11.946
3.374,-0.955,10.846
4.189,-1.294,9.298
3.433,1.258,10.204
3.622,2.464,9.396
2.835,1.627,8.637
1.306,0.452,8.08
1.73,3.479,6.95
2.421,6.273,7.953
1.572,6.321,10.204
1.175,4.101,10.204
2.565,3.5,8.403
2.735,2.572,8.699
3.479,0.861,7.039
7.35,0.656,4.967
9.544,3.311,3.582
7.259,3.029,4.221
8.848,7.852,5.424
8.848,6.47,7.781
9.542,-0.356,5.802
1.754,-1.203,8.546
-1.33,-1.168,10.477
-8.144,-3.385,12.317
-6.101,3.67,11.532
-1.584,1.519,8.436
0.735,-0.641,5.984
0.512,-0.89,5.479
-2.117,-1.089,6.804
-1.141,1.838,8.491
-1.503,-1.239,10.702
-2.424,1.931,12.329
1.278,1.605,11.812
-0.048,-1.074,13.322
-0.079,-0.677,11.635
0.112,-1.194,11.831
-0.44,-1.861,12.13
-0.397,0.345,12.26
-0.268,0.916,13.128
-0.897,-0.842,12.65
-1.601,0.017,12.195
-0.017,0.287,10.97
-1.06,-0.904,11.224
-1.316,1.184,10.31
-0.589,0.084,10.57
-1.026,0.306,11.298
0.534,1.57,11.145
-1.069,1.153,10.735
-0.675,0.213,9.467
-0.653,0.364,9.207
-0.873,-0.012,10.479
0.546,1.361,11.312
-0.189,1.395,11.212
0.349,2.45,11.288
-0.471,-0.005,10.932
1.163,0.299,10.209
0.151,-0.215,9.465
-0.347,0.069,9.42
0.144,0.641,9.405
-0.534,1.048,10.331
-0.115,0.964,10.393
-1.395,0.093,8.69
-2.103,1.12,9.288
-0.653,1.541,9.111
0.311,2.412,8.13
-0.354,1.096,6.994
0.605,-0.378,7.374
0.955,0.553,8.659
-0.321,1.699,9.032
-0.967,1.101,8.611
-0.725,0.29,8.738
-0.033,1.089,9.432
0.45,1.9,8.893
-1.146,1.668,7.85
-0.644,0.675,7.247
1.148,1.835,8.23
2.098,1.158,8.972
4.742,3.405,9.594
9.36,6.986,5.931
9.597,2.701,1.309
6.656,-0.557,3.364
-0.232,-0.617,8.793
-4.165,0.376,13.169
-5.761,-1.95,16.925
-5.158,-1.33,18.332
-1.754,-0.249,15.982
-0.646,-0.316,12.037
0.232,-1.002,11.46
-1.782,-0.27,12.453
-2.381,-0.419,11.846
-1.613,0.053,13.504
0.115,1.337,13.097
-0.55,1.146,13.008
-0.01,0.548,11.963
-0.672,-0.763,11.106
-0.294,-0.682,11.37
1.809,0.648,10.743
-0.306,0.656,10.726
-0.172,1.0,9.812
-1.275,0.888,9.927
-1.871,1.201,9.822
-0.321,0.732,9.178
0.373,0.799,9.082
-0.041,0.938,8.74
-0.766,0.574,8.285
-0.818,0.536,8.862
-0.519,-0.122,8.893
0.005,-0.148,8.668
-0.184,1.471,8.257
-0.337,0.869,8.9
-0.323,0.565,10.367
-0.239,0.993,10.25
-0.72,1.132,8.678
-1.17,1.285,8.939
-1.22,0.129,9.64
-0.505,0.536,9.912
-0.242,1.302,9.094
-0.328,1.309,8.618
-0.603,1.364,9.132
-0.67,1.581,9.238
0.218,1.632,8.532
-0.634,1.945,7.915
-1.464,2.16,8.388
-0.12,1.739,8.618
2.701,1.347,8.64
5.69,1.383,9.676
8.041,3.534,9.444
7.561,4.73,7.008
4.981,3.438,6.498
1.773,3.5,7.857
1.543,0.428,9.601
-1.986,-1.787,11.259
-5.496,-1.014,13.267
-6.017,0.38,13.635
-4.639,2.046,12.044
0.656,0.423,9.384
3.06,-1.134,8.326
0.969,0.122,9.886
-0.524,1.998,12.504
-0.419,-0.723,13.489
0.529,-0.84,12.15
0.813,1.11,12.544
0.67,0.443,11.209
0.679,1.476,11.334
0.299,1.61,11.628
1.622,0.182,12.305
1.287,1.242,12.329
-0.512,1.56,11.472
0.347,1.526,10.573
2.062,0.857,10.192
1.888,0.285,10.432
2.105,1.237,10.989
1.694,0.725,9.683
0.998,1.481,10.628
2.4,1.038,9.879
2.314,1.041,9.941
2.278,0.553,9.771
2.352,0.237,8.608
2.352,0.742,9.41
1.778,1.359,9.101
2.663,1.187,8.879
3.129,0.254,9.07
4.209,-0.593,8.518
5.201,1.117,8.687
4.95,1.921,8.673
4.127,2.23,8.824
4.417,1.366,7.702
4.847,1.012,7.632
5.376,1.16,7.951
4.95,0.562,7.86
3.357,-1.668,7.008
2.285,-3.278,7.795
2.988,-0.768,9.544
1.778,-1.555,10.336
2.634,-0.397,10.118
5.106,0.926,8.503
4.029,-1.251,7.735
2.96,0.512,9.814
1.038,-0.629,10.396
1.361,-2.364,9.554
0.715,-2.328,9.065
1.505,-3.101,6.816
0.928,-1.074,8.111
1.967,0.67,8.781
2.83,1.297,9.432
3.072,-0.172,8.783
2.589,0.629,8.278
2.122,-0.639,7.965
2.113,0.45,7.965
2.33,-0.5,8.515
2.462,-0.433,8.611
1.34,-0.105,8.063
1.651,0.1,7.936
1.29,-0.385,8.551
2.917,0.548,8.726
2.833,-0.514,9.429
1.761,-0.883,9.271
1.376,-0.306,8.857
1.83,-0.304,9.046
2.261,-1.012,8.917
1.821,-1.079,9.25
1.593,-1.536,9.501
2.515,-1.337,9.195
2.637,-0.991,8.367
2.294,-1.5,8.458
2.098,-1.084,8.865
2.809,-1.955,8.542
2.46,-1.658,8.484
2.522,-1.785,8.881
1.108,-0.711,9.597
1.213,-0.266,9.006
2.275,-0.464,8.69
2.326,-0.359,9.298
0.845,0.811,10.286
1.548,1.335,9.819
0.675,1.608,9.673
2.213,-0.426,9.037
1.577,-1.603,9.659
0.825,-1.385,8.463
0.83,-0.022,6.501
1.309,1.192,7.106
-0.847,0.919,9.441
-2.239,-0.359,9.121
-2.651,-0.916,6.225
-2.694,0.395,4.539
-3.517,-0.708,4.881
-6.106,0.924,6.154
-9.649,0.019,5.481
-11.657,-7.238,2.23
-10.362,0.031,1.402
-7.867,4.843,2.194
-15.803,-4.95,-0.002
-20.093,-16.229,-2.421
-16.779,1.113,5.52
-18.511,-2.019,6.422
-16.325,-8.412,3.431
-14.832,-4.852,1.543
-18.703,0.127,4.993
-18.365,-5.132,1.014
-21.753,-10.735,1.275
-22.237,-11.035,3.0
-23.557,-7.592,0.416
-18.971,-11.786,-4.764
-24.464,-11.795,-1.842
-15.597,-10.755,-2.481
-23.088,-13.31,1.72
-23.019,-8.922,5.742
-20.892,-2.55,2.938
-15.731,-1.309,2.677
-16.942,8.671,4.95
-15.669,4.646,8.97
-16.715,-2.749,8.195
-15.147,1.61,6.084
-16.114,-1.553,5.536
-13.339,-8.668,2.244
-10.709,-0.065,3.424
-7.675,9.049,4.737
-7.68,5.041,3.929
-5.407,2.378,0.636
-5.558,-0.041,2.158
-3.328,-3.041,3.493
-3.192,0.371,5.163
-4.288,2.854,6.979
-4.508,3.909,7.192
-5.036,3.493,5.393
-2.701,3.67,6.544
-2.897,1.9,7.8
-3.948,0.39,5.347
-5.558,-0.06,5.824
-4.807,1.105,7.517
-3.835,2.192,7.941
-5.539,2.058,7.927
-7.259,-0.744,6.912
-7.506,-1.952,5.948
-8.101,-2.156,4.285
-9.271,1.261,5.35
-8.515,4.666,8.501
-9.266,0.979,9.386
-9.585,1.436,3.244
-11.3,0.012,2.055
-10.539,-2.838,5.106
-10.731,-1.407,6.077
-13.317,2.933,4.649
-13.018,4.103,3.601
-10.357,1.577,2.457
-8.695,-1.548,4.67
-13.437,-0.12,3.725
-13.274,4.804,3.015
-7.776,5.225,2.101
-6.556,4.165,0.756
-6.694,2.668,-0.112
-7.168,2.034,-0.624
-6.788,5.259,0.376
-5.237,6.431,0.029
-5.003,2.45,-4.142
-5.534,-2.79,-5.45
-5.414,-4.477,-2.555
-6.438,8.029,-2.027
-12.126,21.562,9.458
-12.839,8.695,4.582
-18.028,6.24,9.405
-9.379,21.098,11.678
-12.482,19.437,24.199
-3.835,13.119,17.14
-9.666,5.998,13.049
-5.015,8.721,5.06
0.043,10.049,7.467
-0.048,8.824,8.297
-1.127,7.728,8.092
-2.18,7.491,8.939
-1.83,8.341,10.881
-2.546,6.501,9.013
-2.45,2.998,8.546
-1.007,2.196,9.176
-0.337,3.644,10.2
1.258,6.575,9.747
-0.409,4.235,8.376
-0.136,-0.471,9.554
0.639,0.857,10.262
-0.022,1.558,10.501
0.555,0.44,9.422
-0.232,-0.854,10.413
-1.247,-0.117,10.396
-0.842,0.653,9.829
1.871,0.627,8.25
1.184,-0.237,9.444
0.79,1.909,10.128
1.01,1.263,9.833
-6.929,0.242,0.914
-4.977,-0.904,1.407
-5.546,2.656,-2.283
-9.889,2.517,-8.096
-9.104,-0.108,-5.024
-9.269,3.347,8.309
-8.927,13.872,9.326
-11.618,19.784,3.493
-19.555,15.99,7.175
-11.013,21.464,9.365
-3.878,18.306,7.986
-2.084,12.427,10.482
-1.11,4.572,-3.012
-4.161,8.733,10.879
0.256,9.924,6.304
0.479,8.948,7.86
-1.646,9.006,6.092
-2.986,5.522,7.546
-0.811,8.159,7.814
0.359,7.501,8.238
0.634,6.348,10.647
-1.974,6.194,10.47
-1.713,4.587,9.934
0.993,2.378,8.788
1.699,1.213,8.62
0.457,4.922,10.216
-0.086,5.869,11.35
0.943,3.625,11.037
0.163,1.223,9.831
0.313,2.637,9.762
1.067,3.759,9.745
1.548,1.529,9.144
2.713,-1.424,8.903
0.483,1.732,10.972
0.177,2.283,10.128
1.971,1.474,8.453
2.294,0.782,8.453
0.971,1.177,10.616
1.538,0.435,9.822
2.986,0.825,9.104
2.914,1.512,9.288
1.014,1.995,9.293
1.904,1.151,10.257
2.62,0.67,9.685
3.364,0.758,9.118
2.498,1.455,9.377
1.84,1.644,9.628
2.629,0.481,9.365
3.127,1.031,9.771
3.45,2.146,9.549
3.273,2.476,8.506
2.17,0.481,7.869
2.615,-0.991,9.518
3.254,0.644,10.743
3.627,0.268,9.211
3.33,0.206,7.967
2.964,1.555,9.152
2.206,0.294,10.613
2.912,-0.687,11.006
3.716,-0.45,10.061
3.409,0.012,8.046
1.603,1.163,9.353
2.297,-0.175,10.008
2.62,0.002,10.496
2.637,1.56,10.202
3.575,-0.206,8.235
2.792,-0.67,9.577
3.113,-0.244,9.85
2.395,0.517,9.759
1.443,2.015,8.948
0.931,0.892,8.716
1.316,-0.096,8.137
-1.089,0.959,8.345
-1.077,5.223,4.496
-1.555,1.098,1.857
-3.534,-0.493,-0.818
-4.596,-1.433,-8.116
-8.908,1.581,-6.934
-14.717,1.771,-0.323
-17.806,0.074,4.199
-19.777,-5.881,3.125
-17.655,-1.464,6.211
-16.894,9.86,5.895
-18.198,-4.941,-2.438
-21.598,-15.035,-1.323
-15.892,-3.491,3.895
-17.834,1.627,5.958
-21.521,-11.315,-0.883
-27.964,-16.459,0.871
-20.832,-11.86,0.854
-19.167,-5.922,4.295
-23.416,-10.731,1.077
-21.083,-7.776,2.385
-17.078,-4.453,1.771
-21.004,-2.565,3.823
-20.966,0.9,3.283
-18.988,-2.95,4.682
-23.993,-2.969,7.089
-18.861,-2.967,6.548
-18.074,0.306,8.695
-17.961,3.29,9.946
-15.487,0.799,9.049
-13.43,-2.969,6.472
-9.85,-0.993,6.812
-8.319,-0.409,5.347
-6.929,1.426,5.611
-9.178,1.988,8.855
-8.628,2.201,10.233
-6.142,1.754,9.269
-5.601,-0.967,5.252
-4.926,-4.424,6.182
-3.213,-2.096,8.551
-2.582,0.536,6.247
-5.962,-2.663,5.582
-8.041,-3.821,5.886
-7.156,2.187,6.685
-6.314,3.486,6.793
-8.161,0.773,5.223
-8.013,0.502,3.0
-7.173,-0.328,3.118
-7.336,-0.991,4.077
-10.302,-0.947,4.125
-11.417,-0.053,4.326
-11.704,-0.117,4.249
-13.248,-0.517,5.017
-14.477,-0.007,5.852
-14.121,1.34,4.249
-12.059,3.752,2.058
-10.905,3.618,1.668
-10.692,2.06,2.728
-9.472,-1.043,4.424
-10.814,1.273,2.579
-10.006,6.539,1.388
-6.668,6.642,0.517
-5.022,4.661,0.0
-4.991,2.596,-1.012
-5.556,1.096,-1.78
-4.864,-0.414,-1.66
-3.149,1.213,-0.273
-3.56,6.618,-0.507
-7.087,7.807,-3.663
-7.458,-3.558,-2.45
-6.682,-4.929,15.511
-7.462,7.383,10.781
-11.176,15.305,7.419
-21.502,16.408,8.221
-9.396,20.878,9.644
-8.893,12.602,14.269
-0.615,10.992,11.08
-7.642,6.869,11.638
-1.002,9.585,10.31
-0.227,9.08,10.003
0.309,9.494,8.905
-1.467,5.405,9.051
-3.101,5.151,8.85
-4.065,8.556,9.915
-1.469,5.981,8.374
0.51,2.996,5.802
0.72,1.39,7.659
1.718,2.735,8.199
0.309,1.11,7.996
-0.758,0.699,9.673
0.684,2.699,11.161
0.782,3.067,9.917
1.232,0.735,8.458
0.665,-0.663,9.049
0.189,1.146,9.786
0.469,1.471,9.41
1.981,0.318,8.302
1.11,0.646,9.676
0.179,0.723,10.444
2.381,-0.34,8.439
2.158,-0.943,8.068
1.141,-0.938,10.085
1.089,1.211,10.999
2.675,0.912,9.685
2.385,-1.084,9.446
0.979,-1.787,10.135
1.471,0.378,10.52
3.445,0.416,9.171
2.627,-0.141,8.774
1.948,-0.615,9.556
2.275,-1.357,9.877
3.012,-1.376,9.266
2.28,-1.383,9.075
2.756,-1.357,9.74
2.885,-1.68,9.089
2.072,-1.431,9.25
2.641,-1.524,9.116
4.259,-1.658,8.503
3.235,-1.608,9.326
1.873,-1.218,9.991
2.572,-0.833,9.405
2.785,-1.232,9.532
1.981,-1.708,10.003
2.577,-1.754,9.915
3.06,-1.495,9.709
3.347,-1.093,10.171
2.639,-1.416,10.932
2.127,-1.098,10.664
2.503,-0.981,10.46
2.687,0.376,10.566
1.806,-0.163,11.458
2.984,-0.005,11.829
2.306,-0.634,12.195
2.431,0.483,11.566
0.713,0.682,9.745
0.514,-0.782,7.556
0.632,0.036,7.005
-2.184,3.596,7.788
-4.477,3.553,3.479
-3.094,-1.955,-0.225
-2.828,0.337,-2.273
-6.656,3.113,-3.35
-11.358,0.141,-4.374
-13.339,0.694,-0.854
-14.334,2.747,5.319
-18.808,2.44,5.103
-19.837,-8.216,3.512
-14.789,-3.689,1.101
-10.972,4.335,3.598
-18.361,-5.039,2.151
-18.088,0.904,0.572
-19.215,-3.586,0.476
-22.485,-14.08,-0.464
-25.254,-16.399,1.854
-23.488,-5.472,5.733
-20.985,-12.343,-0.313
-20.418,-13.334,0.742
-23.277,-1.838,4.302
-22.076,1.342,9.159
-19.645,0.811,7.532
-25.034,-5.438,5.965
-19.389,-2.579,4.292
-19.988,-2.732,3.354
-17.157,-0.964,4.933
-17.418,1.739,8.434
-17.191,0.414,10.858
-16.009,1.56,9.542
-13.284,-5.769,4.756
-11.367,-7.19,6.568
-8.448,0.311,7.654
-7.214,5.156,10.908
-6.754,3.649,10.334
-7.123,2.694,12.087
-6.197,-0.074,9.381
-5.247,0.77,6.953
-3.017,-0.895,6.508
-3.842,-1.359,5.8
-6.412,-2.634,4.912
-6.852,-1.153,4.979
-4.63,3.132,5.505
-3.22,2.711,5.096
-4.948,0.557,4.752
-7.144,-1.328,2.017
-9.731,-3.168,2.771
-11.3,0.677,5.886
-9.728,5.969,5.596
-10.058,5.902,4.541
-12.176,0.323,4.541
-11.838,-2.096,5.091
-10.776,-0.935,4.558
-11.161,2.254,4.661
-10.721,4.376,4.338
-10.35,5.07,4.11
-9.47,4.24,3.909
-8.898,-0.514,5.402
-8.19,-0.694,3.871
-9.408,1.445,2.778
-9.484,5.436,3.086
-5.85,5.036,3.266
-5.359,3.486,2.637
-6.678,1.94,1.763
-6.678,1.835,1.895
-4.46,2.122,0.632
-4.62,0.081,-0.61
-5.891,-0.869,-0.847
-5.725,-0.49,0.88
-5.256,3.933,1.115
-6.927,6.441,-0.715
-9.377,1.763,-3.728
-12.784,16.042,0.804
-6.257,12.494,3.697
-10.606,15.923,11.429
-10.97,16.456,14.789
-14.487,14.7,17.528
-3.005,11.224,8.515
-3.173,7.171,6.448
-6.745,5.773,9.944
-4.855,7.405,10.554
0.084,9.484,11.207
1.299,10.166,10.401
-1.156,7.714,4.73
2.242,6.328,11.518
-0.333,6.718,9.188
-1.45,5.704,10.123
-0.182,5.302,7.34
0.299,4.292,8.427
-1.211,5.508,6.738
0.189,3.426,9.924
1.223,0.995,8.427
1.457,0.048,12.252
1.706,0.823,12.52
0.744,2.924,11.812
0.426,1.933,10.578
0.333,-0.141,9.546
0.352,0.967,9.099
0.514,1.971,10.712
-0.66,0.514,11.683
2.364,-2.201,10.243
0.871,-1.613,11.037
1.909,0.337,9.709
2.455,1.558,9.439
2.036,1.258,9.472
1.103,0.014,10.712
2.012,-0.404,9.999
1.948,0.562,9.644
2.639,1.017,9.345
2.151,0.467,9.817
2.022,0.081,10.393
1.771,-0.981,10.506
2.223,-0.641,9.977
2.641,0.086,9.034
2.694,-0.407,9.109
2.474,-1.014,9.613
2.036,-1.22,9.575
3.115,-2.103,8.762
3.692,-2.074,8.721
2.692,-1.637,8.424
2.802,-1.742,8.597
3.553,-1.646,8.939
2.74,-1.96,9.185
2.244,-1.467,9.652
2.562,-1.459,9.704
3.364,-2.105,9.324
2.933,-1.337,9.577
2.711,-0.548,9.659
2.61,-0.069,9.479
2.479,-1.335,9.018
2.651,-1.342,9.231
1.68,-0.495,9.999
1.95,-0.026,10.226
2.735,-0.263,10.381
2.716,-2.184,9.944
2.893,-1.924,8.546
0.981,0.163,8.577
0.514,2.347,8.647
-0.598,0.275,9.532
0.215,0.275,7.197
-0.493,3.144,4.589
-4.692,-0.648,2.218
-4.931,-3.804,-0.613
-3.649,2.548,-0.656
-7.405,7.264,3.369
-10.003,0.457,1.376
-14.568,-5.603,-0.818
-12.829,-0.462,2.407
-15.418,1.024,5.398
-15.801,-0.06,3.118
-14.99,-1.072,3.955
-15.652,-4.826,0.794
-17.722,-5.316,-1.392
-18.93,-8.195,-1.12
-17.545,-3.254,3.572
-23.588,-2.751,2.866
-23.234,-11.195,-0.017
-23.524,-9.776,-0.739
-23.854,-10.35,4.491
-22.308,-8.987,3.775
-20.981,-8.257,4.828
-21.827,-2.835,3.285
-22.751,0.34,0.857
-18.808,-6.06,1.936
-18.932,-2.991,7.324
-17.971,-0.859,8.553
-15.848,4.515,8.214
-15.456,2.802,9.857
-16.267,3.153,8.281
-14.178,0.471,10.645
-12.171,3.149,9.759
-9.298,2.39,6.082
-8.111,3.948,6.45
-7.326,4.223,4.754
-5.946,3.474,3.876
-7.781,-2.096,4.39
-5.881,-0.629,8.331
-7.211,0.924,6.871
-2.888,4.01,5.386
-5.321,3.287,5.524
-5.666,1.366,5.596
-5.28,1.873,6.606
-2.859,2.249,8.632
-3.354,2.684,6.864
-4.922,0.301,5.91
-5.723,-1.285,6.027
-5.276,-1.718,7.355
-4.668,-0.723,6.912
-5.962,-1.524,5.264
-7.352,-3.321,3.864
-8.821,-3.967,5.355
-8.159,-0.179,3.893
-8.872,3.29,5.154
-9.305,1.23,8.479
-9.573,-3.412,8.903
-12.02,-3.196,5.754
-14.521,-0.34,2.433
-13.341,2.182,1.285
-11.02,0.919,3.144
-12.138,-2.201,5.898
-10.578,1.318,4.106
-12.81,2.132,2.51
-12.499,2.141,1.782
-9.719,1.849,2.201
-7.056,2.158,1.383
-6.697,1.811,-0.914
-8.202,1.833,-0.402
-6.845,1.995,2.242
-3.929,2.883,1.828
-4.553,5.4,-2.086
-8.448,1.787,-7.436
-6.979,-5.969,-7.065
-5.635,4.232,2.39
-10.57,11.652,11.023
-9.912,17.899,5.28
-20.323,19.409,9.243
-9.79,23.481,12.147
-5.654,17.035,9.207
-3.862,8.183,6.455
-8.587,9.42,3.661
2.625,11.977,14.176
0.014,10.846,11.008
0.818,9.319,9.298
-0.543,9.006,9.692
-0.27,9.003,7.467
-1.093,5.905,9.898
0.754,7.02,8.843
-0.23,2.979,6.989
-0.488,3.895,6.685
-1.239,4.414,8.47
-0.299,3.541,8.625
0.998,1.61,10.372
2.474,3.144,13.41
1.113,2.921,11.58
0.993,0.983,9.853
0.419,-1.294,9.714
1.101,-1.242,10.192
0.263,0.335,10.195
1.756,0.507,9.4
1.436,0.342,9.774
0.718,-2.156,10.85
2.271,-1.206,9.793
2.84,0.591,9.747
2.227,0.469,9.946
1.457,0.091,10.008
1.778,-1.684,9.336
2.649,-1.646,8.917
2.539,-0.591,9.728
1.538,0.534,10.489
2.204,0.77,9.96
2.866,0.1,9.51
4.053,-0.294,9.381
3.084,-0.225,9.231
2.177,-1.074,9.338
2.381,-1.007,9.587
3.153,-0.816,9.522
2.907,-0.837,8.817
2.644,-1.285,9.204
3.051,-2.027,9.353
2.627,-2.108,9.64
2.29,-1.967,9.917
2.83,-2.153,9.111
2.689,-2.371,9.013
2.969,-1.897,8.915
2.677,-1.713,8.97
3.158,-3.383,8.886
3.118,-3.787,8.939
2.716,-2.577,9.025
3.211,-1.845,8.984
3.06,-3.653,9.018
3.543,-3.802,9.532
4.084,-1.907,9.855
3.106,-0.519,10.085
2.505,-1.017,9.927
2.23,-2.034,9.616
2.35,-1.866,8.963
1.213,-1.321,9.171
1.869,-0.299,8.922
1.203,0.457,8.113
1.069,0.27,7.149
-0.139,-0.962,5.721
-1.299,-1.878,2.964
-2.457,-3.936,0.443
-2.524,-0.077,-1.058
-6.821,5.479,0.345
-11.255,-0.06,0.641
-13.36,-2.646,2.979
-14.509,-2.182,4.067
-14.255,6.307,7.348
-14.6,1.864,5.477
-15.253,-4.9,3.201
-15.42,-6.685,1.11
-15.741,-5.151,0.739
-17.246,-5.312,1.065
-17.057,0.502,4.189
-18.72,-5.735,2.62
-16.98,-4.548,-2.943
-24.476,-14.765,-1.641
-24.122,-4.419,5.986
-17.753,-0.402,8.747
-19.952,-2.165,1.72
-26.529,-3.644,-1.883
-17.533,-7.183,-5.02
-24.883,-4.285,1.457
-21.966,-5.955,3.831
-26.507,0.871,6.369
-18.236,-2.376,5.426
-20.146,-2.177,6.264
-16.413,0.282,7.343
-16.655,-2.634,7.776
-14.138,2.424,8.092
-12.54,-2.909,5.962
-9.759,-1.799,9.195
-8.089,3.149,7.953
-5.936,4.134,7.003
-6.343,1.596,7.3
-6.584,0.581,6.405
-4.874,-0.28,5.479
-4.914,-0.23,4.51
-5.314,-0.239,7.953
-4.651,-0.077,6.529
-5.161,-0.242,7.261
-4.878,0.167,7.388
-4.929,-1.692,4.996
-7.63,-0.754,6.204
-7.25,2.335,6.637
-6.087,2.56,6.302
-6.113,0.105,4.199
-5.902,-1.672,3.354
-6.541,-3.718,3.704
-8.228,-4.266,5.108
-10.085,-3.204,6.003
-11.334,-1.873,5.673
-12.918,-1.309,4.833
-13.721,-0.335,4.457
-13.956,1.524,2.902
-13.82,5.111,0.679
-10.913,5.685,1.318
-9.094,2.113,2.845
-9.252,-0.199,5.115
-11.482,-0.354,6.738
-13.111,2.627,3.663
-9.788,2.529,2.811
-8.003,1.163,2.141
-8.209,-0.108,2.495
-7.735,0.83,2.534
-6.084,3.017,0.861
-5.981,3.153,0.431
-5.637,1.151,1.208
-4.118,3.11,1.242
-4.747,3.134,-2.72
-6.838,-0.567,-3.986
-7.319,1.168,-1.117
-4.685,17.384,7.309
-6.876,16.164,5.29
-15.363,13.171,9.192
-14.241,19.313,11.362
-4.053,22.469,9.972
-6.096,11.922,6.58
-2.986,12.346,8.75
-2.737,7.919,15.229
1.192,11.092,4.826
2.036,9.987,6.3
0.869,8.384,5.879
0.706,7.25,5.551
-0.409,9.147,7.259
-2.237,7.577,7.235
-1.995,6.675,6.86
-1.593,2.51,7.278
0.981,2.031,7.209
1.62,0.136,8.302
2.338,2.546,10.14
1.933,5.929,10.173
1.309,1.924,10.393
0.024,0.5,10.58
0.665,0.361,10.389
1.596,0.043,9.259
1.668,-2.041,9.991
3.369,-2.797,10.8
2.184,-1.354,11.604
2.744,-0.067,10.444
2.385,-0.177,9.254
1.806,0.041,9.731
1.725,-0.275,10.314
3.965,-1.282,9.271
2.893,-1.5,10.302
2.359,0.342,10.743
1.617,-0.536,10.353
2.515,-0.452,9.845
2.617,-0.361,9.829
2.4,-0.577,9.855
1.945,-0.792,9.912
2.771,-0.27,9.41
2.641,-0.361,9.173
2.287,-1.596,9.281
2.395,-1.794,9.819
3.084,-1.792,8.537
3.744,-1.414,8.149
3.402,-1.605,8.388
2.199,-1.471,8.943
2.797,-1.342,9.432
3.754,-1.318,8.759
4.247,-1.148,8.534
2.584,-2.206,8.915
1.402,-2.062,9.176
3.187,-1.526,8.709
4.84,-1.141,8.092
2.596,-1.771,9.278
1.816,-1.723,10.204
3.438,-1.885,9.207
4.51,-1.476,8.326
2.555,-3.153,8.396
2.381,-3.031,9.633
3.866,-2.29,9.652
3.704,-0.974,11.152
2.905,-0.591,11.31
3.149,-1.955,10.767
2.73,-1.663,11.19
2.692,-1.744,10.532
3.058,0.768,8.809
0.498,-0.689,7.412
0.349,0.89,5.797
-0.904,2.797,4.512
-4.259,1.172,3.857
-5.522,-1.467,0.378
-4.354,3.469,-4.192
-8.92,4.199,-4.288
-13.023,-0.892,-2.785
-15.068,-7.697,-1.684
-17.234,4.826,4.307
-16.92,8.274,9.972
-18.765,-0.187,5.742
-17.212,-7.137,-0.462
-16.03,-3.555,2.83
-16.162,0.065,2.096
-13.848,4.034,0.991
-20.181,-8.362,2.95
-21.904,-12.846,-0.73
-25.263,-8.664,2.022
-23.782,-8.195,4.218
-28.055,-14.336,0.464
-24.184,-10.288,0.024
-22.775,-4.596,1.345
-20.27,-0.364,6.558
-24.567,-1.845,11.458
-24.557,-2.869,9.369
-23.067,-3.467,7.561
-20.617,-1.854,6.486
-18.921,-5.434,6.941
-15.181,-4.366,6.874
-14.391,0.656,9.355
-13.135,-3.531,8.611
-12.221,0.806,8.178
-8.649,-4.407,5.379
-5.383,-0.397,6.041
-6.668,2.11,7.683
-4.881,1.787,10.104
-3.637,0.857,7.52
-5.223,-2.412,6.082
-5.134,-1.23,8.831
-3.082,2.402,8.513
-3.149,0.746,6.161
-4.859,-0.144,5.223
-4.137,-0.488,6.905
-4.646,-1.809,6.544
-7.951,-1.861,6.625
-7.185,3.505,5.57
-5.627,5.012,5.003
-7.015,1.383,5.883
-7.709,1.302,9.647
-4.477,8.159,9.755
-3.924,10.633,7.235
-7.211,2.862,4.694
-10.156,-1.371,4.697
-10.479,-3.28,4.941
-9.781,-0.878,3.799
-10.972,0.428,4.926
-10.106,5.316,9.18
-8.13,11.121,9.118
-7.472,6.594,6.422
-6.852,1.747,3.697
-7.015,-4.967,4.587
-9.336,-8.671,1.57
-10.932,-2.192,5.072
-7.888,2.397,3.811
-5.52,3.079,2.515
-5.761,0.94,2.117
-5.304,3.773,3.376
-3.366,5.699,3.555
-3.249,2.594,2.0
-4.142,-1.127,0.598
-4.541,-1.593,-0.711
-5.493,0.967,-2.263
-5.587,1.266,-1.256
-5.003,-1.05,0.117
-7.51,1.555,9.176
-9.948,14.731,-0.366
-10.7,14.745,5.742
-17.597,27.208,12.176
-9.788,26.804,17.822
-4.785,19.787,9.676
-4.01,7.541,10.987
-6.094,7.537,13.013
0.239,14.767,5.57
0.684,12.214,7.388
-0.005,11.365,10.764
-1.706,7.307,7.934
-1.44,4.134,6.175
-3.125,5.692,8.589
-2.57,6.812,8.955
-0.608,2.883,7.537
-1.708,1.115,7.087
-1.727,1.785,8.62
0.605,2.335,9.427
0.627,0.409,9.659
0.869,0.562,10.424
-0.225,0.356,9.314
1.512,-1.297,10.975
2.74,-1.136,10.764
0.706,0.191,10.97
0.036,3.053,11.032
0.601,0.605,9.848
0.093,-3.57,10.128
-0.031,-0.756,10.458
0.995,1.957,10.044
1.55,0.802,9.353
1.842,0.794,8.91
0.837,-1.428,9.79
0.778,-2.562,9.099
0.601,-1.16,8.869
0.94,-0.725,9.752
0.273,0.77,11.224
0.603,0.744,11.446
1.45,1.108,9.348
1.878,-0.95,8.829
1.436,-1.203,10.049
-0.074,0.084,11.157
0.242,-0.402,9.85
1.022,-0.584,8.187
1.172,-3.268,7.848
1.062,-1.412,9.57
1.275,-0.404,9.714
1.62,-0.938,9.594
1.017,-1.333,10.015
1.419,0.4,10.243
0.538,0.955,9.841
0.11,-2.371,8.515
1.194,-2.919,9.508
0.347,-0.825,11.453
0.636,1.263,10.305
0.402,1.311,8.36
-0.069,0.313,8.073
-0.689,-1.904,8.12
-1.316,-2.646,6.97
-2.196,0.23,5.843
-2.256,-0.608,4.811
-2.539,-2.67,4.563
-5.821,-3.029,2.103
-9.302,-1.859,2.196
-10.042,-1.146,2.306
-10.348,-0.33,2.457
-12.511,-4.242,0.883
-15.301,-10.958,-2.39
-11.654,-2.539,-0.428
-7.517,1.9,-2.873
-14.181,-4.094,-2.653
-19.306,-8.015,-1.483
-23.009,-2.962,-0.196
-19.76,-11.724,0.825
-22.495,-8.101,2.94
-23.112,1.742,5.601
-21.775,-7.211,2.227
-18.284,-16.399,-1.565
-23.99,-14.396,1.751
-20.878,-7.573,3.697
-20.193,-1.16,2.342
-17.784,-18.205,0.356
-18.509,-16.205,-0.045
-17.011,-8.518,0.833
-17.277,-2.864,1.27
-14.683,-1.505,-1.168
-10.812,-9.819,-2.517
-12.343,-4.034,1.462
-10.592,-1.455,3.503
-10.724,2.907,3.601
-8.955,3.749,3.689
-6.044,4.639,2.153
-6.336,6.237,3.177
-6.962,6.032,2.797
-5.12,6.103,-0.055
-5.644,4.768,-1.069
-5.783,4.209,-1.426
-4.127,4.273,-0.993
-3.61,4.697,-0.579
-2.948,4.46,-0.388
-2.692,5.922,1.007
-2.395,7.391,1.366
-1.859,6.639,0.818
-1.273,6.17,0.349
-1.45,6.304,0.443
-1.634,6.551,0.278
-1.876,6.996,0.414
-1.218,7.972,0.112
-1.062,8.814,0.275
-2.51,8.769,1.115
-2.735,8.556,2.082
-1.869,8.855,2.816
-1.711,8.85,3.474
-2.907,8.867,4.261
-3.804,8.403,4.453
-3.201,9.125,4.323
-2.405,9.68,4.292
-2.038,9.58,4.067
-1.914,9.109,4.115
-1.531,8.776,4.216
-1.306,8.855,4.098
-2.079,8.539,3.972
-2.629,8.166,4.369
-3.007,7.951,4.902
-2.668,8.085,5.551
-2.507,8.137,5.704
-2.022,7.757,5.156
-1.335,7.872,4.874
-1.704,7.173,5.383
-2.534,6.395,6.606
-2.601,6.046,7.783
-1.893,5.943,8.884
-1.579,5.479,8.872
-0.845,5.223,8.338
-1.022,5.221,8.836
-2.043,5.323,9.522
-2.838,4.429,9.353
-1.847,3.46,9.168
-0.864,2.866,8.857
-1.132,2.455,9.044
-2.115,1.574,8.972
-2.634,1.132,8.908
-2.22,0.703,8.8
-1.0,-0.124,8.599
-1.34,-0.146,9.073
-2.335,0.167,9.149
-2.912,-0.146,9.101
-2.969,-0.802,9.479
-3.5,-1.184,10.137
-3.668,-0.251,10.501
-3.041,0.313,10.444
-2.603,0.077,10.57
-2.376,-0.557,10.81
-2.687,-1.249,10.676
-3.06,-2.017,10.154
-3.185,-3.266,9.767
-2.917,-4.01,9.688
-2.632,-4.204,9.446
-2.467,-4.378,8.855
-2.141,-4.965,8.702
-1.952,-5.673,9.147
-1.632,-6.108,9.628
-1.287,-6.029,9.494
-1.751,-6.393,9.173
-2.16,-6.749,9.491
-1.96,-7.331,9.604
-1.55,-7.072,9.235
-1.436,-6.888,8.613
-1.239,-7.276,8.379
-0.316,-7.62,8.635
0.601,-7.544,8.57
0.608,-7.364,8.448
0.378,-7.307,8.175
0.479,-7.668,7.994
1.084,-7.85,7.814
1.617,-7.702,7.443
0.811,-7.427,6.874
0.392,-8.087,7.415
1.33,-8.589,7.604
2.239,-6.9,7.532
1.756,-6.759,6.816
2.182,-6.493,6.441
2.938,-6.348,6.706
3.503,-5.529,6.304
4.103,-4.5,6.039
4.156,-4.579,5.991
4.419,-3.414,7.506
4.242,-3.45,7.73
4.271,-4.457,6.836
4.811,-5.489,6.917
5.41,-5.704,7.305
5.259,-4.297,7.996
4.819,-3.007,8.037
5.041,-3.292,7.63
5.68,-3.572,8.101
6.498,-3.165,7.797
6.01,-2.22,7.642
5.651,-2.833,6.108
6.197,-3.359,5.323
6.503,-2.9,5.524
6.637,-1.467,6.19
6.393,-1.799,5.536
6.544,-0.859,5.302
6.321,-0.342,5.352
6.505,-0.947,5.276
6.79,-1.129,5.493
6.221,-1.0,5.972
5.491,-0.885,6.316
5.969,-0.44,6.525
5.821,-0.457,6.338
5.099,-0.928,6.101
4.579,-1.639,6.108
4.68,-1.742,6.668
4.544,-1.273,6.85
4.713,-1.376,7.092
4.61,-3.065,7.324
5.096,-2.591,7.104
3.969,-3.668,7.3
2.223,-9.656,11.709
2.641,-7.482,15.279
3.744,-6.292,13.111
5.553,-3.091,7.836
7.513,-1.455,2.369
5.852,-1.481,-1.244
7.104,-2.385,1.043
7.762,-3.295,6.671
9.441,0.995,9.731
10.063,-0.321,6.333
9.96,-2.493,5.046
8.75,-2.259,4.883
8.841,-1.955,6.053
8.577,-0.935,6.309
7.25,-0.349,5.524
6.56,-0.694,5.058
7.046,-0.703,5.321
7.663,-0.285,6.108
7.448,-1.474,5.702
7.84,-0.813,5.948
7.9,0.074,6.125
7.783,-0.488,5.962
8.01,-0.854,5.891
7.692,-0.797,5.948
7.728,-0.354,6.051
7.63,-0.529,6.228
8.312,-0.837,6.417
8.998,-1.345,6.546
9.037,-0.735,7.032
8.8,-0.806,7.214
8.879,-0.818,7.436
9.02,-0.49,7.862
9.137,-0.428,7.147
9.726,-0.378,6.876
9.838,-1.089,6.757
10.109,-0.49,6.642
9.561,0.754,7.632
8.496,2.414,8.219
8.458,2.275,7.092
8.975,1.481,5.352
8.245,1.242,4.288
8.29,1.407,4.455
7.714,1.428,4.505
7.616,0.837,4.072
6.738,0.112,4.443
6.515,-1.522,4.383
6.092,-1.727,4.402
5.969,-1.507,4.852
4.544,-0.665,5.584
4.433,-0.28,6.51
3.522,-0.579,6.565
2.594,-0.744,6.666
2.608,-0.821,6.905
2.213,-1.194,7.551
0.813,-1.517,7.62
-0.16,-1.285,7.209
-1.627,-2.007,8.185
-1.134,-3.256,10.355
-1.964,-3.292,11.604
-2.505,-0.883,10.858
-2.522,-0.959,10.25
-2.16,-2.287,9.786
-1.952,-3.517,9.061
-2.594,-4.194,9.068
-3.323,-3.723,9.439
-3.247,-1.361,9.972
-3.0,1.51,10.288
-3.481,0.27,9.707
-3.376,-1.007,9.556
-2.294,-2.299,8.881
-1.838,-3.039,8.69
-1.873,-2.732,8.108
-1.861,-0.818,8.329
-3.271,3.56,15.289
-4.314,-6.434,20.748
-2.663,-4.223,7.063
5.623,-4.292,8.802
0.33,-4.359,8.008
-0.524,-3.118,7.723
-0.632,-1.653,9.159
-0.431,-1.983,11.14
-1.134,-2.232,9.862
0.203,-1.904,9.865
-0.22,-3.017,9.642
-0.505,-2.974,9.448
-0.428,-2.929,9.326
-0.534,-2.536,9.633
-0.433,-2.101,9.752
-0.098,-2.464,9.623
-0.136,-1.95,9.633
-0.187,-1.512,9.695
-0.356,-1.237,9.869
-0.555,-1.096,9.824
-0.464,-0.809,9.922
-0.194,-1.046,10.149
-1.007,-1.113,9.137
-0.727,-3.275,9.451
-0.797,-1.943,9.733
-0.622,-0.967,10.063
0.318,-0.565,9.898
-0.05,-0.416,10.058
-0.294,-0.79,9.862
-0.031,-1.328,9.678
-0.445,-1.541,9.771
-0.371,-1.55,9.841
-0.38,-1.151,9.841
-0.459,-1.048,9.855
-0.565,-0.275,9.281
0.622,-2.153,9.551
0.39,-1.782,9.731
-0.208,-2.108,9.549
-0.352,-0.395,10.156
-0.995,-0.345,10.582
-0.347,0.732,9.81
-0.971,-0.713,9.97
-0.01,-1.239,9.707
0.007,-1.73,9.958
-0.548,-2.074,9.534
-0.744,-1.227,9.805
-0.266,-0.447,9.982
-1.579,-0.115,10.219
0.531,-0.014,9.513
0.206,-0.742,9.515
-1.354,-0.914,10.408
-0.309,-0.794,10.223
0.837,-1.014,9.424
1.05,-0.758,9.812
-0.117,-0.581,9.831
0.498,-0.66,9.755
0.541,-0.802,9.647
0.658,-0.735,9.594
0.069,-0.715,9.805
-0.333,-0.749,9.733
0.089,-0.806,9.915
-0.938,-0.749,10.02
-0.546,-0.809,9.898
-0.215,-0.785,9.965
-0.605,-0.725,9.841
-0.124,-0.737,9.764
-0.163,-0.813,9.922
-0.215,-0.782,9.865
-0.199,-0.555,9.927
-0.048,-0.438,9.649
-0.342,-1.113,9.951
-0.148,-1.086,9.805
-0.457,-1.172,9.793
-0.337,-1.282,9.728
-0.146,-0.895,9.81
-0.428,-0.696,9.853
-0.285,-0.656,9.927
-0.112,-0.916,9.86
-0.309,-0.938,10.011
-0.629,-1.287,9.874
-0.342,-1.321,9.764
-0.23,-1.4,9.893
0.251,-1.127,9.831
-0.074,-0.943,9.826
-0.105,-1.089,9.805
-0.184,-1.414,9.745
-0.12,-1.239,9.848
-0.096,-1.062,9.762
-0.376,-0.933,9.81
-0.481,-1.077,9.857
-0.249,-1.012,9.884
-0.151,-0.794,10.039
-0.057,-0.644,9.912
-0.306,-0.809,9.755
-0.218,-0.979,9.831
-0.208,-0.914,9.812
-0.175,-0.821,9.824
-0.208,-0.739,9.965
-1.05,-0.668,10.269
-0.325,-1.038,9.594
-0.153,-1.239,9.793
-0.364,-1.034,9.747
-0.105,-0.852,9.984
-0.445,-0.629,9.91
-0.189,-0.845,9.857
-0.347,-0.935,9.841
-0.16,-1.23,9.731
-0.098,-1.335,10.145
-0.629,-1.093,9.982
-1.177,-0.878,10.214
-0.074,-0.933,10.018
0.83,-1.347,9.719
-0.244,-1.237,10.142
0.065,-1.325,9.771
-0.534,-1.074,9.85
-0.01,-0.845,9.793
0.613,-1.223,9.4
0.01,-1.431,10.377
0.196,-1.44,9.585
0.519,-1.861,8.345
0.423,-1.069,9.795
2.696,-0.481,11.018
-0.433,-1.062,11.008
-2.902,-1.048,8.92
-3.161,-1.409,9.396
-1.302,-0.742,10.877
0.416,0.378,11.515
-1.223,-0.778,10.252
-3.316,-2.943,8.29
-4.223,-2.653,9.444
0.907,-0.196,10.386
1.637,1.278,9.156
-0.278,1.146,10.243
0.926,0.423,9.314
1.17,-0.857,9.91
0.546,-1.739,9.434
0.148,-2.149,9.817
-0.206,-2.204,9.07
-0.775,-1.785,9.819
0.687,-1.816,9.91
0.151,-1.572,9.759
-0.134,-1.45,9.695
-0.294,-0.904,9.958
0.28,-0.912,9.984
0.282,-1.103,10.121
0.026,-1.335,9.881
0.077,-1.768,9.628
-0.371,-1.878,9.676
0.203,-1.615,9.719
0.462,-1.668,9.81
-0.12,-1.57,9.711
-0.227,-1.421,9.613
-0.251,-1.567,9.757
-0.261,-1.182,10.008
-0.29,-1.041,10.018
0.002,-1.115,9.884
0.0,-1.213,9.685
-0.041,-1.242,9.735
-0.05,-1.361,9.735
0.017,-1.483,9.764
-0.01,-1.282,9.764
-0.507,-1.33,10.075
-0.266,-1.285,9.723
-0.213,-1.043,9.743
-0.522,-0.993,10.042
-0.191,-1.036,9.979
0.005,-1.168,9.776
-0.182,-1.196,9.731
-0.316,-1.084,9.85
-0.017,-1.096,9.833
-0.16,-1.127,9.733
-0.103,-1.251,9.805
-0.187,-1.299,9.924
-0.239,-1.074,9.838
-0.201,-1.153,9.929
0.019,-1.065,9.68
-0.132,-1.151,9.802
-0.194,-1.074,9.889
-0.16,-0.907,9.841
-0.208,-1.014,9.905
0.605,-0.9,9.781
-0.024,-0.854,9.915
-0.156,-0.672,9.733
-0.081,-0.873,9.728
-0.376,-1.002,9.92
0.024,-1.16,10.015
-0.036,-0.976,9.75
-0.05,-0.89,9.661
-0.05,-0.818,9.743
-0.005,-1.029,9.994
-0.139,-1.249,9.896
-0.182,-1.189,9.807
-0.141,-1.148,9.79
-0.041,-1.041,9.802
-0.239,-0.744,9.867
-0.105,-0.699,9.889
-0.591,-0.742,10.023
-0.187,-1.139,9.924
0.057,-1.026,9.788
0.258,-1.089,9.685
0.069,-1.026,9.654
0.146,-1.299,9.867
-0.122,-1.086,9.781
0.038,-1.22,9.781
-0.105,-0.991,9.788
-0.39,-1.005,9.927
0.05,-1.012,9.857
0.007,-1.12,9.805
0.007,-1.0,9.867
0.751,-1.0,9.726
0.562,-1.019,9.826
-1.244,-4.692,11.721
-0.529,3.275,10.843
-0.256,6.637,10.546
0.885,2.562,6.202
-0.72,-2.105,8.915
-0.292,-1.768,9.635
0.129,-1.562,9.774
-0.203,-1.57,9.81
-0.51,-1.759,9.676
-0.632,-1.833,9.709
-0.254,-1.577,9.874
-0.27,-1.282,9.958
-0.103,-1.072,9.833
-0.234,-1.208,9.79
0.017,-1.354,9.8
-1.108,-2.316,9.979
-0.129,-1.244,9.769
-1.158,-1.603,9.601
-1.948,-1.163,10.47
-0.067,-1.531,9.592
-0.567,-1.275,10.149
-1.136,-0.026,10.183
0.067,-0.323,9.757
-0.428,-1.156,9.814
-0.12,-1.242,9.889
-0.691,-0.773,9.508
-0.17,-0.483,9.822
-0.486,-0.684,9.783
0.029,-0.756,9.86
-0.172,-0.962,9.975
-0.012,-0.952,9.74
-0.622,-0.84,9.841
-0.06,-0.598,9.999
-0.191,-0.967,9.917
-0.22,-0.991,9.869
-0.225,-1.354,9.927
-0.17,-1.651,9.656
0.179,-1.33,9.853
-0.388,-1.065,10.264
0.038,-0.931,9.841
0.067,-1.024,9.802
-0.285,-1.404,9.767
-0.467,-1.452,9.843
0.002,-1.18,9.767
-0.06,-1.388,9.786
-0.053,-0.761,9.924
-0.153,-1.187,9.877
-0.163,-1.395,10.001
0.06,-1.28,9.783
-0.033,-1.177,9.91
0.124,-1.089,9.845
-0.596,-1.818,9.697
0.112,-1.328,9.817
-0.479,-0.983,9.872
0.474,-1.18,9.774
0.11,-1.498,9.676
-0.053,-1.646,9.735
0.0,-1.524,9.8
-0.175,-1.239,9.869
-0.175,-1.653,9.714
-0.187,-1.512,9.819
0.275,-1.098,9.778
-0.074,-0.998,9.855
-0.27,-1.739,9.757
-0.273,-2.651,9.723
-0.041,-0.725,9.819
-0.081,-1.325,9.814
-0.136,-1.804,9.704
0.258,-1.51,9.898
0.146,-1.632,9.656
-0.215,-2.101,9.491
0.223,-1.524,9.625
-0.005,-1.581,9.984
-0.079,-1.885,9.991
-0.067,-1.751,9.707
-0.696,-2.321,9.427
-0.189,-1.773,9.723
-0.356,-1.83,10.113
-0.108,-1.79,9.896
-0.122,-1.615,9.716
0.191,-2.227,9.726
-0.012,-2.034,10.011
0.108,-2.096,9.738
-0.555,-2.701,9.542
0.462,-1.67,9.18
0.017,-1.916,10.085
-0.122,-1.625,9.862
-0.299,-2.802,9.666
-0.077,-3.235,9.199
-0.22,-2.732,8.46
-0.141,-3.074,10.066
-0.916,-1.936,9.917
-0.591,-0.751,10.142
-1.156,-0.048,10.063
-0.258,-4.426,9.429
-0.983,-4.264,9.049
-0.723,-4.058,8.673
-0.05,-3.637,9.278
-0.254,-3.096,9.755
-0.49,-2.292,9.793
-0.261,-2.531,9.841
-0.062,-2.933,9.42
0.263,-3.551,9.604
0.182,-3.596,9.238
0.438,-3.201,8.915
0.146,-3.144,9.482
0.05,-2.479,9.676
0.06,-2.553,9.606
0.565,-2.452,9.077
-0.086,-3.23,9.321
0.048,-3.646,9.388
0.112,-4.015,8.888
0.225,-3.551,9.061
0.019,-4.103,9.374
0.033,-3.862,8.989
0.361,-3.711,9.137
0.05,-3.744,9.14
-0.043,-3.883,9.417
0.395,-4.505,8.747
0.249,-4.869,8.544
-0.127,-4.539,8.853
-0.124,-3.491,9.243
-0.127,-3.642,9.537
-0.029,-3.424,9.381
0.44,-3.438,9.336
-0.414,-3.079,9.692
-0.12,-4.051,9.054
-0.294,-4.656,8.982
0.17,-4.108,8.891
0.215,-3.589,9.585
0.108,-2.318,9.522
0.455,-1.818,9.556
5.551,-30.28,14.446
-0.711,1.019,9.965
-0.912,-2.082,9.365
0.282,-0.605,9.692
1.177,-1.345,10.161
0.069,-1.483,9.836
-0.117,-2.974,11.08
0.031,-1.912,9.537
-0.591,-2.924,9.051
-0.081,-2.383,9.393
-0.883,-1.581,10.14
0.658,-1.921,9.977
-0.189,-2.845,9.367
0.476,-2.696,9.652
0.163,-2.78,9.331
0.895,-2.802,9.558
0.177,-2.649,9.35
-0.041,-2.55,9.278
0.613,-2.617,9.57
0.191,-2.058,9.934
0.199,-2.223,9.963
0.158,-2.251,9.731
0.471,-2.306,9.453
0.435,-2.472,9.496
0.297,-2.699,9.228
0.735,-2.22,9.472
0.684,-2.242,9.719
0.246,-1.656,9.912
5.276,-1.797,9.049
0.146,-2.483,9.575
0.062,-2.314,9.558
-1.189,-2.232,9.982
1.28,-2.668,8.36
-1.419,-0.895,10.597
0.081,-1.723,9.731
0.098,-2.034,9.546
0.577,-1.787,10.013
-0.012,-1.835,9.542
0.4,-1.534,9.654
0.34,-1.428,9.611
0.603,-2.388,9.769
0.105,-2.242,9.793
-2.321,-1.768,10.695
-0.78,-2.105,9.759
-0.416,-2.515,9.326
0.309,-1.737,9.755
0.132,-1.376,9.903
-0.345,-1.787,9.927
-0.11,-2.747,9.522
0.184,-2.773,9.432
0.519,-2.187,9.68
0.038,-2.041,9.589
0.476,-1.802,9.879
0.581,-1.95,9.752
0.263,-2.163,9.623
-0.266,-2.158,9.637
0.096,-2.098,9.649
-0.007,-2.548,9.757
-0.105,-1.5,9.743
0.349,-0.696,9.922
0.402,-0.835,9.807
0.333,-1.421,9.889
0.469,-1.897,9.743
0.476,-2.579,9.314
0.141,-2.522,9.697
0.005,-2.105,9.527
0.388,-2.058,9.783
0.591,-1.668,9.829
0.569,-1.888,9.57
0.605,-1.895,9.601
0.292,-1.995,9.611
0.22,-1.629,9.886
0.129,-1.763,9.709
0.467,-2.091,9.671
0.177,-2.12,9.664
0.22,-2.003,9.697
0.043,-1.455,9.85
0.467,-1.95,9.805
0.524,-1.584,9.711
0.254,-1.806,9.731
0.435,-1.782,9.805
0.134,-1.909,9.69
0.304,-2.012,9.721
0.287,-2.158,9.745
0.225,-2.062,9.623
0.39,-2.01,9.695
0.83,-1.986,9.642
0.83,-2.419,9.644
-0.225,-1.981,9.69
-0.146,-1.869,9.599
-0.033,-1.847,9.743
0.562,-1.945,9.625
0.656,-2.44,9.477
0.474,-2.565,9.597
0.66,-2.668,9.568
0.268,-2.773,9.549
0.837,-1.955,9.621
0.395,-1.268,9.822
0.201,-1.113,10.02
0.151,-1.814,9.609
0.656,-2.371,9.585
-0.065,-3.213,9.69
0.345,-2.378,9.733
0.773,-1.95,9.594
0.703,-2.175,9.52
0.144,-2.196,9.79
0.158,-2.091,9.829
0.182,-2.07,9.692
0.337,-2.493,9.621
0.479,-1.617,9.764
0.658,-1.519,9.819
-0.144,-1.371,10.08
-0.086,-1.653,9.97
0.459,-1.244,9.685
0.742,-1.73,9.582
1.046,-1.802,9.692
0.096,-1.462,9.793
0.443,-1.78,9.833
0.103,-1.546,9.853
0.66,-1.507,9.795
0.261,-1.629,9.778
0.423,-1.507,9.853
0.725,-1.304,10.405
-0.184,-2.199,9.008
1.433,-1.761,9.853
-0.361,-1.838,10.116
0.318,-1.321,8.994
0.144,-1.359,10.082
0.605,-1.407,9.817
0.304,-1.44,9.762
-0.05,-1.376,9.91
0.244,-1.704,9.613
1.194,-1.421,9.932
-0.239,-1.601,8.484
0.749,-2.101,10.496
-0.002,-1.814,9.683
0.73,-1.694,9.054
0.878,-1.165,9.527
1.373,-0.852,9.795
-0.141,-1.297,9.499
0.794,-1.495,9.79
0.672,-2.445,9.551
0.321,0.694,9.032
0.335,-1.433,9.802
0.636,-1.05,9.944
1.256,-0.974,9.735
0.304,-1.287,10.128
0.943,-2.371,9.604
0.211,-1.83,9.642
-0.117,-1.125,9.812
-0.244,-1.175,9.91
0.062,-0.409,10.14
0.423,-1.318,10.106
0.275,-1.055,9.654
-1.244,-1.455,10.757
-1.727,-1.78,10.496
-1.617,-1.893,9.427
0.167,-1.34,9.532
-0.883,-1.452,9.778
-1.328,-1.797,9.427
-1.701,-1.388,9.733
-1.146,-1.211,9.874
-0.371,-0.802,9.946
-1.29,-1.206,9.826
-1.299,-0.974,9.594
-1.677,-1.125,9.644
-1.548,-1.165,9.953
-0.708,-0.88,9.745
-0.651,-0.957,9.618
-1.275,-1.213,9.637
-1.397,-1.34,9.869
-1.392,-1.404,9.908
-1.306,-1.503,9.719
-1.68,-1.639,9.589
-1.687,-1.555,9.64
-1.479,-1.201,9.771
-1.584,-1.323,9.807
-1.648,-1.354,9.637
-1.359,-1.311,9.695
-1.199,-1.225,9.841
-1.39,-1.306,9.841
-1.579,-1.294,9.735
-1.529,-1.412,9.592
-1.498,-1.223,9.714
-1.424,-1.268,9.86
-1.486,-1.23,9.869
-1.134,-1.127,9.676
-1.512,-1.304,9.532
-1.467,-1.314,9.74
-1.325,-1.328,9.989
-2.412,-1.11,9.857
-1.16,-0.962,9.711
-1.483,-1.249,9.544
-1.28,-1.268,9.802
-1.531,-1.364,9.838
-1.263,-1.309,9.862
-1.337,-1.206,9.69
-1.407,-1.349,9.697
-1.469,-1.333,9.776
-1.409,-1.381,9.822
-1.258,-1.5,9.812
-1.385,-1.29,9.743
-1.235,-1.115,9.656
-1.215,-1.213,9.822
-1.407,-1.266,9.884
-1.325,-1.321,9.855
-1.306,-1.046,9.79
-1.266,-1.113,9.798
-1.184,-1.218,9.743
-0.787,-0.816,9.838
0.256,-0.081,9.853
-0.732,-0.919,9.886
-1.122,-0.735,10.006
-0.907,-0.512,10.001
-0.876,-0.708,9.838
-0.77,-0.84,9.759
-0.871,-0.935,9.86
-0.51,-0.699,9.558
-1.206,-0.792,10.08
-0.933,-0.9,9.783
-0.811,-0.653,9.774
-0.586,-0.452,9.877
-0.852,-0.802,9.982
-0.959,-0.83,10.02
-0.885,-0.531,9.661
-0.83,-0.368,9.817
-0.809,-0.443,9.96
-0.746,-0.854,9.822
-0.749,-1.019,9.774
-0.715,-0.933,9.805
-0.778,-0.859,9.793
-0.809,-0.72,9.822
-0.854,-0.679,9.841
-0.864,-0.768,9.877
-0.711,-0.735,9.838
-0.785,-0.869,9.865
-0.763,-0.766,9.893
-0.823,-0.708,9.929
-0.766,-0.66,9.812
-0.696,-0.677,9.726
-0.742,-0.648,9.848
-0.715,-0.639,9.841
-0.828,-0.715,9.872
-0.761,-0.694,9.874
-0.809,-0.773,9.862
-0.806,-0.825,9.826
-0.67,-0.656,9.778
-0.811,-0.543,9.884
-0.916,-0.744,9.853
-0.859,-0.878,9.822
-0.744,-0.749,9.833
-0.821,-0.663,9.869
-0.746,-0.706,9.793
-0.763,-0.684,9.855
-0.811,-0.737,9.853
-0.706,-0.802,9.81
-0.01,-1.184,8.996
-1.079,-0.959,10.259
-0.971,-0.847,10.357
-0.699,-0.799,9.855
-0.687,-0.476,9.499
-0.866,-0.699,9.939
-0.818,-0.603,10.085
-0.72,-0.701,9.79
-0.787,-0.725,9.628
-0.785,-0.77,9.908
-0.742,-0.691,9.958
-0.804,-0.665,9.893
-0.73,-0.73,9.709
-0.72,-0.818,9.769
-0.739,-0.849,9.884
-0.849,-0.883,9.948
-1.038,-0.883,9.903
-0.828,-0.806,9.783
-0.857,-0.77,9.798
-0.876,-0.88,9.877
-0.857,-0.955,9.798
-0.761,-0.907,9.764
-0.957,-1.055,9.867
-0.88,-0.962,9.86
-0.914,-0.981,9.819
-0.825,-0.974,9.865
-0.993,-0.969,9.857
-0.88,-1.029,9.819
-0.866,-0.979,9.795
-0.928,-0.974,9.891
-0.921,-0.933,9.81
-0.919,-1.041,9.819
-0.799,-1.012,9.786
-0.852,-1.079,9.819
-0.778,-1.091,9.845
-0.928,-1.175,9.817
-0.751,-1.024,9.862
-0.926,-1.136,9.819
-0.9,-1.16,9.757
-0.713,-1.036,9.831
-0.756,-1.194,9.795
-0.61,-1.144,9.9
-0.711,-1.268,9.795
-0.663,-1.069,9.831
-0.746,-1.256,9.857
-0.797,-1.163,9.776
-0.837,-1.244,9.805
-0.799,-1.4,9.745
-0.586,-1.165,9.786
-0.629,-1.067,9.877
-0.584,-1.024,9.85
-0.61,-0.947,9.893
-0.833,-1.266,9.805
-0.498,-1.005,9.831
-0.749,-1.201,9.838
-0.775,-1.227,9.822
-0.811,-1.213,9.857
-0.39,-0.938,9.826
-0.423,-0.912,9.814
-0.309,-1.014,9.781
-0.634,-1.208,9.862
-0.529,-1.16,9.879
-0.498,-1.168,9.853
-0.507,-1.182,9.86
-0.345,-1.177,9.86
-0.596,-1.321,9.8
-0.352,-1.069,9.881
-0.366,-1.005,9.829
-0.342,-0.955,9.817
-0.345,-0.892,9.776
-0.414,-0.976,9.881
-0.546,-1.113,9.898
-0.306,-0.955,9.836
-0.328,-1.022,9.891
-0.239,-1.017,9.812
-0.335,-1.022,9.79
-0.282,-1.022,9.822
-0.378,-1.122,9.817
-0.299,-1.012,9.824
-0.364,-1.113,9.879
-0.282,-1.048,9.848
-0.352,-1.026,9.836
-0.301,-0.885,9.853
-0.275,-0.869,9.848
-0.285,-0.974,9.833
-0.132,-1.053,9.805
-0.333,-0.969,9.86
-0.246,-0.933,9.896
-0.301,-1.041,9.845
-0.23,-1.024,9.795
-0.127,-0.833,9.889
-0.208,-0.914,9.814
-0.225,-0.888,9.845
-0.254,-0.938,9.845
-0.22,-1.022,9.829
-0.249,-1.005,9.802
-0.199,-0.971,9.824
-0.182,-0.9,9.778
-0.44,-0.715,10.475
-0.098,-0.979,10.094
-0.177,-0.976,9.716
-0.306,-0.79,9.903
-0.239,-0.89,9.81
-0.318,-0.952,9.841
-0.285,-1.086,9.912
-0.249,-1.163,9.769
-0.17,-0.928,9.745
-0.112,-1.127,9.881
-0.045,-1.065,9.812
-0.124,-1.017,9.812
-0.237,-0.873,9.853
-0.273,-0.964,9.908
-0.23,-1.012,9.85
-0.194,-0.988,9.843
-0.156,-1.058,9.817
-0.053,-1.062,9.817
-0.148,-1.122,9.817
-0.187,-1.012,9.826
-0.146,-1.084,9.862
-0.136,-1.108,9.817
-0.055,-1.211,9.807
-0.093,-1.211,9.905
-0.206,-1.218,9.838
-0.124,-1.223,9.798
-0.108,-1.29,9.848
-0.151,-1.357,9.788
-0.16,-1.323,9.776
-0.096,-1.103,9.836
-0.144,-0.995,9.884
-0.12,-1.017,9.874
-0.06,-1.201,9.786
-0.045,-1.168,9.8
-0.024,-1.172,9.879
0.06,-1.122,9.853
-0.01,-1.165,9.824
0.012,-1.208,9.783
-0.065,-1.33,9.862
-0.093,-1.232,9.838
-0.091,-1.175,9.783
-0.189,-1.067,9.879
-0.055,-1.273,9.85
-0.144,-1.359,9.841
0.227,-1.436,9.728
-0.033,-1.51,9.554
0.01,-1.285,9.755
0.06,-0.995,9.822
-0.299,-1.304,9.927
-0.072,-1.474,9.778
-0.098,-1.546,9.793
-0.163,-1.426,9.79
0.167,-1.29,9.896
-0.282,-1.388,9.85
-0.108,-1.34,9.891
0.012,-1.565,9.802
-0.041,-1.505,9.8
-0.086,-1.462,9.826
-0.01,-1.347,9.867
-0.165,-1.285,9.86
-0.112,-1.546,9.817
-0.074,-1.519,9.812
0.048,-1.517,9.747
0.0,-1.464,9.819
-0.254,-1.835,9.774
0.349,-1.768,9.685
-0.055,-2.01,9.637
0.237,-1.919,9.807
-0.775,-1.184,9.975
-0.447,-1.031,9.788
0.73,-1.469,9.743
-0.713,-1.823,9.74
0.462,-1.684,9.731
-0.05,-1.615,9.788
-0.124,-1.452,9.826
-0.105,-1.378,9.841
-0.031,-1.562,9.755
-0.055,-1.828,9.747
-0.017,-1.742,9.793
0.017,-1.637,9.764
-0.072,-1.651,9.802
-0.069,-1.622,9.771
-0.096,-1.574,9.743
-0.022,-1.345,9.85
-0.11,-1.381,9.848
-0.141,-1.445,9.822
-0.036,-1.426,9.853
-0.06,-1.507,9.853
0.024,-1.433,9.769
0.029,-1.359,9.819
-0.041,-1.275,9.848
-0.014,-1.385,9.769
-0.086,-1.467,9.743
-0.084,-1.421,9.802
-0.213,-1.692,9.446
-0.11,-1.589,9.877
0.141,-1.266,9.915
-0.459,-1.531,9.75
-0.129,-1.237,9.86
-0.026,-1.388,9.788
-0.074,-1.388,9.862
0.093,-1.498,9.774
0.017,-1.493,9.757
0.105,-1.412,9.79
-0.038,-1.357,9.843
0.0,-1.433,9.81
-0.022,-1.409,9.817
-0.022,-1.467,9.838
-0.156,-1.388,9.838
-0.033,-1.414,9.778
0.029,-1.467,9.769
0.069,-1.381,9.833
0.014,-1.225,9.862
-0.029,-1.103,9.85
0.108,-1.177,9.805
0.0,-1.17,9.862
-0.074,-1.225,9.836
0.048,-1.227,9.788
-0.002,-1.223,9.8
0.01,-1.316,9.865
-0.029,-1.244,9.81
-0.024,-1.18,9.812
-0.019,-1.254,9.812
0.038,-1.261,9.836
0.16,-1.352,9.436
-0.323,-1.457,10.087
-0.007,-1.249,9.967
0.196,-1.074,9.714
0.005,-1.325,9.8
-0.089,-1.369,9.963
-0.098,-1.524,9.745
-0.077,-1.311,9.778
-0.014,-1.359,9.865
0.129,-1.462,9.635
-0.005,-1.641,9.924
-0.397,-1.448,10.09
-0.024,-1.333,9.869
-0.01,-1.462,9.767
0.0,-1.402,9.788
-0.043,-1.335,9.783
-0.031,-1.347,9.841
-0.072,-1.294,9.848
-0.057,-1.392,9.75
-0.089,-1.364,9.79
-0.029,-1.373,9.802
-0.081,-1.378,9.829
0.026,-1.361,9.755
0.007,-1.349,9.838
-0.062,-1.419,9.798
0.0,-1.44,9.721
-0.045,-1.342,9.807
-0.05,-1.275,9.879
-0.127,-1.287,9.822
-0.093,-1.325,9.738
-0.103,-1.431,9.798
-0.065,-1.436,9.755
-0.223,-1.17,9.786
-0.086,-1.096,9.836
-0.203,-1.302,9.855
-0.081,-1.304,9.788
-0.246,-1.45,9.819
-0.215,-1.61,9.812
-0.151,-1.577,9.79
-0.187,-1.45,9.767
-0.172,-1.359,9.786
-0.117,-1.467,9.79
-0.072,-1.369,9.7
-0.158,-1.33,9.869
-0.246,-1.211,9.752
-0.483,-1.182,10.204
-0.258,-1.33,9.958
-0.163,-1.213,9.814
-0.057,-1.328,9.666
-0.249,-1.103,9.903
-0.069,-1.098,9.819
-0.211,-1.321,9.908
-0.165,-1.215,9.838
-0.033,-1.189,9.812
-0.079,-1.237,9.762
-0.153,-1.268,9.831
-0.1,-1.266,9.853
-0.258,-1.211,9.848
-0.117,-1.18,9.793
-0.098,-1.263,9.802
-0.002,-1.282,9.822
-0.086,-1.325,9.819
-0.105,-1.404,9.755
-0.16,-1.316,9.896
-0.062,-1.22,9.838
-0.148,-1.187,9.891
-0.089,-1.268,9.769
-0.048,-1.278,9.79
-0.153,-1.273,9.819
-0.081,-1.337,9.829
-0.115,-1.321,9.819
-0.089,-1.421,9.769
-0.141,-1.467,9.8
-0.211,-1.464,9.819
-0.141,-1.44,9.759
-0.148,-1.428,9.807
-0.089,-1.371,9.79
-0.146,-1.335,9.81
-0.065,-1.414,9.8
-0.139,-1.383,9.81
-0.038,-1.285,9.826
-0.144,-1.371,9.798
-0.112,-1.325,9.812
-0.12,-1.354,9.812
-0.096,-1.45,9.819
-0.048,-1.491,9.759
-0.089,-1.357,9.788
-0.055,-1.395,9.836
-0.065,-1.311,9.743
-0.117,-1.464,8.963
-1.785,-1.314,10.396
-0.199,-1.184,9.752
-0.163,-1.165,9.668
-0.182,-1.249,9.967
-0.079,-1.648,9.843
-0.029,-1.493,9.661
0.007,-1.299,9.752
-0.215,-1.28,9.9
-0.287,-1.266,9.841
-0.16,-1.469,9.826
-0.081,-1.562,9.781
-0.124,-1.617,9.788
-0.514,-1.548,9.822
0.093,-1.39,9.786
-0.072,-1.617,9.781
-0.019,-1.684,9.719
-0.084,-1.782,9.755
0.012,-1.577,9.475
-0.065,-1.567,9.745
-0.447,-1.57,9.843
-0.065,0.026,9.929
-0.029,-1.105,10.228
0.469,-1.828,9.491
-0.007,-1.596,9.781
0.062,-1.445,9.91
-0.342,-1.093,9.963
-0.132,-1.103,9.714
-1.371,-1.359,9.79
-0.797,-0.665,10.479
-1.041,-1.711,9.793
-0.9,-2.675,9.398
-0.526,-1.491,9.75
-0.823,-0.577,10.113
-1.158,-1.232,9.769
0.311,-1.869,9.379
-1.058,-2.096,9.611
-0.921,-2.431,9.759
-0.581,-1.749,9.625
-0.849,-1.675,9.767
-0.464,-1.708,9.611
-0.534,-1.806,9.7
-0.993,-1.802,9.788
-0.679,-1.567,9.723
-1.007,-1.232,9.788
-0.775,-1.431,9.872
-0.557,-1.436,9.838
-0.45,-1.971,9.69
-1.072,-1.61,9.798
-1.062,-1.603,9.723
-0.725,-1.404,9.81
-0.924,-1.723,9.845
-0.981,-1.625,9.635
-0.132,-1.625,9.666
-0.608,-1.55,9.984
-0.507,-1.715,9.774
-0.857,-1.792,9.755
-0.971,-1.749,9.824
-0.677,-1.9,9.7
-0.768,-1.538,9.771
-0.646,-1.83,9.659
-0.651,-1.675,9.697
-0.651,-1.833,9.762
-0.412,-1.744,9.836
-0.524,-1.66,9.826
-0.053,-1.914,9.594
-0.735,-1.562,9.886
-0.72,-2.015,9.69
-0.39,-1.644,9.719
-0.555,-1.672,9.795
-0.505,-1.73,9.759
-0.61,-2.146,9.585
-0.646,-2.254,9.664
-0.352,-1.759,9.788
-0.455,-1.483,9.889
-0.459,-1.818,9.702
-0.29,-1.933,9.644
-0.569,-2.019,9.747
-0.555,-1.771,9.786
-0.323,-2.086,9.589
-0.318,-1.895,9.738
-0.364,-1.907,9.769
-0.39,-1.955,9.678
-0.266,-1.928,9.719
-0.433,-1.593,9.798
-0.349,-1.663,9.668
-0.364,-1.579,9.795
-0.261,-1.677,9.857
-0.435,-1.526,9.805
-0.388,-1.625,9.802
-0.689,-1.565,9.788
-0.51,-1.558,9.745
-0.242,-1.876,9.805
-0.354,-1.711,9.805
-0.641,-1.871,9.755
-0.56,-1.766,9.79
-0.258,-1.211,9.814
0.081,-1.517,9.74
-0.639,-1.469,9.81
-0.581,-1.739,9.798
-0.23,-2.003,9.649
-0.242,-1.854,9.671
-0.481,-1.797,9.85
-0.502,-1.459,9.881
-0.292,-1.672,9.594
-0.593,-1.787,9.661
-0.536,-1.94,9.707
-0.404,-1.83,9.814
-0.445,-1.684,9.783
-0.311,-1.598,9.836
-0.426,-1.39,9.767
-0.579,-1.864,9.676
-0.746,-1.735,9.721
-0.443,-1.9,9.695
-0.538,-1.739,9.857
-0.766,-1.577,9.822
-1.031,-1.349,9.728
-1.06,-1.464,9.776
-0.892,-1.424,9.786
-0.349,-1.395,9.795
-0.644,-1.613,9.838
-0.926,-1.668,9.757
-0.986,-1.711,9.781
-0.632,-1.711,9.793
-0.689,-1.66,9.757
-0.739,-1.665,9.79
-0.634,-1.617,9.762
-0.675,-1.495,9.762
-0.665,-1.73,9.702
-0.878,-1.735,9.74
-0.766,-1.797,9.752
-0.622,-1.761,9.757
-0.684,-1.677,9.762
-1.048,-1.622,9.833
-0.916,-1.428,9.781
-0.727,-1.637,9.685
-0.603,-1.971,9.728
-0.526,-1.689,9.826
-0.971,-1.519,9.676
-0.878,-1.672,9.795
-0.287,-1.921,9.74
-0.9,-1.871,9.771
-0.967,-1.83,9.767
-1.158,-1.756,9.723
-0.799,-1.445,9.814
-0.316,-1.648,9.793
-0.565,-1.876,9.745
-0.627,-1.144,9.793
-0.144,-1.955,9.75
-0.665,-1.9,9.79
-0.368,-1.96,9.599
-0.567,-1.749,9.721
-0.646,-1.682,9.786
-0.641,-1.842,9.728
-0.569,-1.921,9.716
-0.72,-1.78,9.743
-0.718,-1.392,9.716
-0.751,-1.474,9.848
-0.715,-1.416,9.843
-0.804,-1.316,9.769
-0.658,-1.627,9.666
-0.56,-1.572,9.771
-0.483,-1.598,9.767
-0.883,-1.759,9.798
-0.658,-1.66,9.721
-0.072,-1.775,9.68
-0.06,-1.708,9.666
-0.089,-1.598,9.735
-0.215,-1.782,9.75
-0.318,-1.845,9.714
-0.354,-1.725,9.793
-0.196,-1.486,9.838
1.146,-1.531,8.903
0.024,-1.629,9.714
-0.105,-1.577,9.745
-0.297,-1.512,9.795
-0.218,-1.615,9.771
-0.246,-1.766,9.747
-0.033,-1.759,9.556
-0.206,-1.986,9.688
-0.852,-1.979,10.001
0.407,-1.589,9.869
-0.077,-2.539,9.508
-0.062,-2.562,9.659
0.079,-2.632,9.487
0.242,-1.56,9.621
-0.146,-1.436,9.953
-0.261,-1.419,9.855
-0.184,-1.94,9.671
-0.074,-2.11,9.668
-0.203,-1.723,9.783
-0.412,-1.57,9.843
-0.203,-1.735,9.625
-0.304,-1.79,9.755
-0.091,-1.938,9.683
-0.177,-1.634,9.774
-0.182,-1.608,9.776
-0.117,-1.546,9.807
-0.134,-1.593,9.807
-0.103,-1.787,9.709
-0.105,-1.723,9.726
-0.086,-1.519,9.745
-0.055,-1.641,9.786
-0.11,-1.704,9.757
-0.17,-1.737,9.683
-0.191,-1.656,9.798
-0.048,-1.543,9.833
-0.179,-1.742,9.709
-0.325,-1.763,9.781
-0.096,-1.572,9.769
-0.187,-1.653,9.757
-0.294,-1.608,9.752
-0.112,-1.663,9.731
-0.117,-1.459,9.862
-0.237,-1.56,9.781
0.658,0.792,10.391
-0.512,-1.426,9.817
-0.191,-1.414,9.769
-0.129,-2.574,9.534
0.517,-2.854,9.276
-0.036,-1.469,9.805
0.048,-1.168,10.001
-0.371,-1.567,9.843
-0.22,-1.857,9.714
-0.624,-1.828,9.86
-0.258,-1.637,9.738
-0.196,-1.613,9.79
-0.223,-1.598,9.798
-0.172,-1.849,9.711
-0.215,-1.802,9.745
-0.223,-1.601,9.733
0.435,-1.749,9.671
-0.144,-1.546,9.589
-0.177,-1.971,9.771
-0.311,-1.988,9.867
-0.211,-1.66,9.719
-0.242,-1.66,9.704
-0.249,-1.754,9.747
-0.105,-1.89,9.633
-0.337,-2.043,9.704
-0.347,-1.902,9.721
-0.368,-1.739,9.738
-0.089,-1.651,9.704
-0.304,-1.845,9.738
-0.33,-1.809,9.783
-0.328,-1.833,9.711
-0.254,-1.893,9.731
-0.033,-1.727,9.762
-0.234,-1.833,9.738
-0.313,-1.842,9.7
-0.275,-1.864,9.728
-0.153,-1.715,9.707
-0.28,-1.785,9.752
-0.347,-1.909,9.74
-0.306,-1.833,9.776
-0.301,-1.861,9.716
-0.278,-1.804,9.745
-0.153,-1.806,9.692
-0.223,-1.912,9.711
-0.194,-2.11,9.594
-0.531,-2.208,9.723
-0.428,-2.043,9.625
-1.139,-2.244,9.113
-0.05,-2.747,10.118
-0.483,-1.881,9.664
0.675,-2.751,9.441
-0.239,-2.091,9.841
0.01,-1.122,9.807
0.007,-1.727,9.793
-0.091,-1.735,9.652
0.038,-1.706,9.656
-0.342,-1.768,9.845
-0.275,-1.589,9.786
-0.23,-1.835,9.771
-0.278,-1.809,9.68
-0.323,-1.739,9.807
-0.218,-1.677,9.767
-0.261,-1.651,9.802
-0.136,-1.665,9.793
-0.182,-1.79,9.692
-0.251,-1.833,9.714
-0.273,-1.893,9.702
-0.022,-1.811,9.774
-0.428,-1.706,9.824
-0.196,-1.694,9.776
-0.213,-1.78,9.704
-0.163,-1.534,9.862
-0.196,-1.562,9.786
-0.297,-1.782,9.726
-0.244,-1.933,9.678
-0.311,-1.668,9.75
-0.218,-1.579,9.788
-0.112,-1.668,9.778
-0.251,-1.852,9.666
-0.392,-2.029,9.755
-0.234,-1.864,9.697
-0.203,-1.613,9.802
-0.443,-1.632,9.714
-0.246,-1.811,9.783
-0.227,-1.361,9.975
-0.05,-1.751,9.649
0.457,1.163,9.568
-0.852,-1.325,9.9
0.079,-1.605,9.228
-0.708,-2.22,9.704
-0.007,-2.055,9.841
-0.457,-1.562,9.752
-0.11,-1.646,9.721
-0.182,-2.184,9.503
-0.002,-1.866,9.767
-0.318,-1.857,9.637
-0.16,-1.625,9.833
-0.215,-1.998,9.654
-0.474,-2.06,9.704
-0.605,-1.792,9.678
-0.311,-1.471,9.824
-0.069,-1.61,9.764
-0.376,-1.881,9.613
-0.605,-1.926,9.814
-0.299,-1.682,9.776
-0.153,-1.572,9.764
-0.337,-1.924,9.666
-0.258,-2.007,9.64
-0.239,-2.031,9.731
0.498,-1.849,9.688
-0.632,-1.684,9.786
-0.225,-2.189,9.69
-0.301,-1.818,9.695
-0.333,-1.861,9.767
-0.337,-1.73,9.769
-0.239,-1.797,9.747
-0.471,-2.055,9.573
-0.651,-2.182,9.487
-0.347,-1.799,9.704
-0.256,-1.627,9.798
-0.447,-1.751,9.709
-0.445,-1.799,9.719
-0.361,-1.948,9.676
-0.345,-1.893,9.716
-0.613,-2.201,9.91
-0.476,-1.572,9.745
-0.4,-1.455,9.872
-0.294,-1.371,9.838
-0.493,-1.615,9.762
-0.419,-1.658,9.697
-0.352,-1.651,9.759
-0.323,-1.505,9.783
-0.306,-1.711,9.75
-0.333,-1.849,9.719
-0.306,-1.668,9.75
-0.335,-1.457,9.759
-0.309,-1.488,9.769
-1.093,-3.496,10.36
-0.428,-1.883,10.223
-0.309,-1.211,9.621
-0.043,-2.058,9.647
-0.624,-1.84,9.716
-0.249,-1.491,9.764
-0.452,-1.237,9.96
-0.304,-1.373,9.814
-0.402,-1.766,9.613
-0.361,-1.739,9.776
-0.385,-1.385,9.9
-0.402,-4.713,7.63
-0.318,-1.648,10.566
-0.502,-0.998,9.719
-0.005,-1.639,9.573
-0.328,-2.103,9.757
-0.323,-1.778,9.678
-0.392,-1.416,9.824
-0.471,-1.268,9.807
-0.309,-1.421,9.795
-0.234,-1.546,9.743
-0.371,-1.596,9.676
-0.445,-1.847,9.755
-0.376,-0.859,10.07
-0.601,-1.134,9.857
-0.024,-1.644,9.465
-0.208,-2.015,9.767
-0.553,-1.589,9.695
-0.175,-1.175,9.891
-0.254,-0.821,9.915
-0.287,-1.203,9.769
-0.438,-1.644,9.707
-0.486,-1.61,9.867
-0.955,-1.957,10.326
-0.567,-1.526,10.073
-0.285,-1.335,9.57
0.156,-1.699,9.656
-0.672,-1.804,9.81
-0.199,-1.562,9.695
-0.426,-1.306,9.85
-0.16,-1.352,9.798
-0.378,-1.546,9.721
-1.017,-3.546,10.267
-0.66,-1.577,10.235
-0.364,-1.22,9.625
-0.105,-1.677,9.678
-0.23,-2.23,9.688
-0.404,-1.562,9.805
-0.144,-1.177,9.912
-0.211,-1.026,9.798
-0.306,-1.589,9.716
-0.407,-1.771,9.793
0.096,-2.285,9.152
-0.644,-1.165,10.094
-0.38,-1.297,9.733
-0.167,-1.926,9.613
-0.433,-1.883,9.896
-0.316,-1.646,9.69
-0.318,-1.488,9.793
-0.172,-1.747,9.755
-0.337,-1.715,9.7
-0.507,-1.835,9.628
-0.567,-1.503,9.953
-0.28,-1.45,9.74
-0.203,-1.708,9.621
-0.409,-1.95,9.743
-0.443,-1.763,9.762
-0.404,-1.596,9.793
-0.086,-1.457,9.769
-0.347,-1.464,9.802
-0.567,-1.349,10.027
-0.569,-1.443,10.044
-0.452,-1.199,9.673
0.313,-1.823,9.537
-0.538,-1.974,9.745
-0.201,-1.871,9.704
-0.313,-1.211,9.778
-0.306,-1.203,9.879
-0.139,-1.287,9.8
-0.608,-1.495,10.068
-0.433,-0.555,10.063
-0.708,-1.084,9.922
-0.069,-1.424,9.52
-0.462,-1.981,9.872
0.354,-2.383,9.381
-0.524,-1.591,9.747
-0.258,-1.538,9.929
-0.33,-1.402,9.7
-0.12,-1.639,9.668
-0.531,-1.715,9.735
-0.356,-1.593,9.81
-0.091,-0.447,10.288
-0.921,-0.794,10.042
-0.249,-1.529,9.51
-0.321,-2.259,9.69
0.079,-2.357,9.388
-0.696,-1.715,9.649
-0.067,-1.572,9.939
-0.603,-1.199,9.838
-0.177,-1.842,9.64
-0.534,-1.759,9.733
-0.108,-0.5,10.092
-0.993,-1.256,10.283
-0.244,-1.065,9.491
-0.077,-1.809,9.733
-0.151,-2.462,9.467
-0.474,-1.971,9.647
-0.368,-1.364,10.011
-0.323,-1.459,9.738
-0.467,-1.881,9.68
-0.148,-1.699,9.731
0.005,-3.72,9.025
-1.144,-1.704,10.393
-0.727,-1.196,9.714
-0.438,-1.732,9.74
-0.108,-2.527,9.57
0.445,-2.771,9.341
-1.096,-0.95,9.934
-0.002,-1.232,10.032
-0.11,-1.105,9.757
-0.333,-1.945,9.618
-0.531,-1.507,10.329
-0.938,-0.971,10.24
-0.026,-1.194,9.348
-0.11,-2.452,9.518
-0.098,-2.347,9.405
-0.526,-2.043,9.633
-0.16,-1.4,9.915
-0.459,-1.05,10.011
-0.352,-1.436,9.819
-0.546,-1.866,9.589
0.0,-2.0,9.738
-0.306,-1.67,9.683
-0.603,-1.785,9.826
-0.569,-1.916,9.731
-0.364,-1.861,9.697
-0.285,-1.725,9.747
-0.524,-1.565,9.798
-0.16,-1.287,9.855
-0.227,-1.445,9.805
1.448,-3.015,9.168
2.125,-3.488,9.644
-1.605,-0.519,9.915
