-1.653,-3.4,9.307
-1.491,-3.644,9.243
-1.646,-3.56,9.266
-1.672,-3.551,9.077
-1.314,-3.519,9.192
-1.359,-3.522,9.164
-1.639,-3.596,9.281
-1.62,-3.57,9.097
-1.823,-3.496,9.355
-2.07,-3.716,9.302
-2.318,-3.632,9.41
-1.826,-3.871,9.245
-1.907,-3.747,9.209
-2.027,-3.45,9.197
-1.95,-3.225,9.278
-1.589,-3.345,9.357
-1.589,-3.649,9.161
-1.627,-3.828,9.128
-1.735,-3.596,9.216
-1.725,-3.541,9.159
-1.617,-3.517,9.188
-1.605,-3.452,9.223
-1.771,-3.615,9.221
-1.541,-3.735,9.185
-1.684,-3.536,9.149
-2.036,-3.603,9.216
-1.699,-3.787,9.216
-1.309,-3.4,9.314
-1.455,-3.429,9.19
-1.704,-3.531,9.14
-1.672,-3.723,9.247
-1.436,-3.73,9.211
-1.526,-3.515,9.101
-1.378,-3.699,9.104
-1.505,-3.785,9.046
-1.634,-3.405,9.144
-1.952,-3.055,9.463
-2.247,-3.486,9.513
-1.718,-3.417,8.97
-1.955,-3.63,9.216
-1.826,-3.555,9.101
-1.744,-3.448,9.137
-1.89,-3.307,9.286
-1.732,-3.467,9.295
-1.625,-3.464,9.345
-1.426,-3.333,9.314
-1.493,-3.23,9.283
-1.546,-3.429,9.197
-1.572,-3.347,9.276
-1.718,-3.316,9.286
-1.766,-3.414,9.24
-1.96,-3.352,9.317
-2.038,-3.522,9.238
-1.718,-3.335,9.204
-1.842,-3.263,9.317
-1.749,-3.218,9.321
-1.914,-3.441,9.252
-1.62,-3.371,9.324
-1.687,-3.4,9.317
-1.684,-3.34,9.288
-1.555,-3.237,9.319
-1.522,-3.393,9.288
-1.589,-3.314,9.276
-1.727,-3.419,9.235
-1.723,-3.357,9.324
-1.603,-3.474,9.286
-1.644,-3.333,9.231
-1.579,-3.445,9.235
-1.694,-3.369,9.305
-1.732,-3.335,9.3
-1.684,-3.354,9.338
-1.615,-3.402,9.336
-1.55,-3.448,9.25
-1.663,-3.414,9.235
-1.629,-3.436,9.288
-1.663,-3.431,9.266
-1.61,-3.457,9.283
-1.51,-3.237,9.269
-1.493,-3.273,9.348
-1.608,-3.455,9.302
-1.474,-2.943,9.537
-1.548,-3.484,9.247
-1.431,-3.642,9.211
-1.349,-3.467,9.159
-1.273,-3.385,9.19
-1.357,-3.338,9.283
-1.555,-3.51,9.36
-1.72,-3.326,9.317
-1.598,-3.594,9.226
-2.012,-3.522,9.31
-0.861,-2.127,9.805
-1.749,-3.491,9.125
-1.677,-3.519,9.587
-1.225,-2.926,9.266
-1.629,-3.484,9.233
-1.407,-3.18,9.202
-1.335,-3.374,9.109
-1.754,-3.56,9.247
-1.799,-3.342,9.293
-1.983,-3.56,9.293
-1.957,-3.625,9.197
-1.56,-3.598,9.19
-1.548,-3.45,9.211
-1.512,-3.56,9.166
-1.828,-3.409,9.228
-1.713,-3.601,9.209
-1.646,-3.517,9.293
-1.579,-3.409,9.219
-1.591,-3.409,9.192
-1.593,-3.309,9.204
-1.749,-3.395,9.333
-1.723,-3.481,9.216
-1.761,-3.508,9.233
-1.763,-3.491,9.228
-1.548,-3.445,9.214
-1.524,-3.438,9.209
-1.68,-3.481,9.338
-1.637,-3.56,9.207
-1.522,-3.462,9.228
-1.555,-3.445,9.18
-1.794,-3.51,9.209
-1.617,-3.421,9.195
-1.68,-3.476,9.228
-1.988,-3.503,9.192
-1.632,-3.541,9.262
-1.639,-3.409,9.271
-1.605,-3.496,9.235
-1.919,-3.558,9.228
-1.847,-3.467,9.199
-1.574,-3.488,9.243
-1.18,-2.818,9.056
-1.474,-3.656,9.405
-2.28,-3.565,9.18
-1.723,-3.469,9.324
-1.459,-3.211,9.369
-1.421,-3.402,9.199
-1.589,-3.522,9.034
-1.849,-3.555,9.018
-1.651,-3.577,9.156
-1.531,-3.433,9.388
-1.653,-3.536,9.183
-1.512,-3.441,9.18
-1.622,-3.517,9.147
-1.687,-3.517,9.178
-1.572,-3.417,9.3
-1.416,-3.608,9.065
-1.876,-3.472,9.252
-1.694,-3.46,9.216
-1.694,-3.555,9.257
-1.591,-3.51,9.161
-1.591,-3.519,9.24
-1.601,-3.479,9.252
-1.658,-3.496,9.247
-1.72,-3.431,9.197
-1.615,-3.421,9.245
-1.562,-3.433,9.214
-1.632,-3.417,9.207
-1.646,-3.555,9.228
-1.543,-3.543,9.281
-1.641,-3.431,9.207
-1.625,-3.472,9.156
-1.625,-3.488,9.24
-1.651,-3.512,9.173
-1.598,-3.498,9.216
-1.637,-3.503,9.269
-1.653,-3.519,9.259
-1.61,-3.515,9.147
-1.613,-3.503,9.156
-1.684,-3.496,9.199
-1.603,-3.527,9.176
-1.648,-3.594,9.197
-1.682,-3.572,9.195
-1.476,-3.491,9.202
-1.531,-3.438,9.24
-1.711,-3.551,9.197
-1.778,-3.565,9.221
-1.68,-3.51,9.154
-1.577,-3.424,9.228
-1.782,-3.708,9.178
-1.651,-3.527,9.226
-1.792,-3.814,9.085
-1.756,-3.661,9.171
-1.395,-3.529,9.142
-1.263,-3.335,9.152
-1.074,-3.259,9.271
-1.129,-3.024,9.594
-1.957,-3.783,9.515
-2.012,-3.484,9.276
-1.687,-3.642,9.384
-1.876,-3.263,9.063
-1.656,-3.567,9.025
-1.787,-3.764,9.171
-1.311,-3.395,9.621
-1.538,-3.405,9.185
-1.715,-3.508,9.216
-1.912,-4.003,9.049
-1.409,-3.462,9.132
-1.747,-3.481,9.207
-2.158,-3.582,9.223
-1.627,-3.24,9.238
-1.833,-3.371,9.274
-1.668,-3.728,9.106
-1.503,-3.716,9.19
-1.445,-3.551,9.262
-1.739,-3.247,9.295
-1.407,-3.479,9.266
-1.835,-3.486,9.156
-1.665,-3.4,9.293
-1.617,-3.333,9.379
-1.694,-3.443,9.154
-1.9,-3.61,9.216
-1.802,-3.481,9.245
-1.581,-3.476,9.221
-1.512,-3.378,9.231
-1.869,-3.395,9.188
-1.646,-3.493,9.135
-1.787,-3.613,9.211
-1.656,-3.462,9.233
-1.524,-3.371,9.192
-1.847,-3.555,9.159
-1.694,-3.46,9.221
-1.718,-3.479,9.226
-1.754,-3.601,9.211
-1.579,-3.419,9.247
-1.682,-3.407,9.202
-0.766,-3.039,9.295
-1.756,-3.553,9.501
-1.916,-3.62,9.152
-1.919,-3.548,9.302
-1.524,-3.168,9.132
-1.823,-3.567,9.214
-1.586,-3.515,9.161
-1.56,-3.455,9.197
-1.751,-3.579,9.238
-1.658,-3.424,9.18
-1.761,-3.484,9.147
-1.646,-3.505,9.197
-1.701,-3.503,9.226
-1.639,-3.412,9.195
-1.79,-3.436,9.233
-1.761,-3.543,9.238
-1.692,-3.543,9.164
-1.632,-3.347,9.204
-1.464,-3.45,9.178
-1.507,-3.62,9.054
-1.653,-3.443,9.24
-1.699,-3.536,9.281
-1.83,-3.273,9.326
-1.797,-3.625,9.223
-1.416,-3.56,9.094
-1.593,-3.438,9.171
-1.57,-3.534,9.262
-1.598,-3.512,9.216
-1.658,-3.594,9.238
-1.687,-3.5,9.207
-1.436,-3.606,9.156
-1.706,-3.295,9.245
-1.665,-3.299,9.348
-1.414,-3.551,9.254
-1.347,-3.866,9.185
-1.663,-3.618,9.123
-1.436,-3.658,9.259
-1.558,-3.673,9.219
-1.581,-3.541,9.281
-1.385,-3.555,9.183
-1.318,-3.814,9.154
-1.287,-3.771,9.209
-1.464,-3.61,9.288
-1.402,-3.539,9.209
-1.29,-3.481,9.197
-1.168,-3.639,9.161
-1.23,-3.567,9.221
-1.581,-3.914,9.274
-1.567,-3.988,9.121
-1.431,-3.917,8.843
-1.4,-3.658,9.24
-1.349,-3.208,9.293
-1.294,-3.395,9.231
-1.419,-3.649,9.262
-1.701,-3.809,9.278
-1.768,-3.907,9.104
-1.605,-3.766,9.202
-1.476,-3.577,8.848
-0.768,-2.747,10.154
-1.692,-3.57,9.621
-2.062,-3.539,9.259
-1.672,-3.577,9.317
-1.696,-3.115,9.044
-1.431,-3.431,9.259
-1.747,-3.536,9.245
-1.916,-3.565,9.235
-1.665,-3.524,9.329
-1.704,-3.448,9.3
-1.61,-3.46,9.173
-1.653,-3.505,9.159
-1.713,-3.62,9.18
-1.598,-3.443,9.293
-1.625,-3.402,9.18
-1.725,-3.388,9.264
-1.73,-3.493,9.18
-1.744,-3.508,9.18
-1.754,-3.524,9.231
-1.57,-3.469,9.219
-1.715,-3.397,9.204
-1.677,-3.452,9.192
-1.739,-3.474,9.183
-1.73,-3.441,9.269
-1.756,-3.479,9.274
-1.766,-3.46,9.202
-1.715,-3.441,9.195
-1.627,-3.5,9.252
-1.763,-3.467,9.219
-1.701,-3.424,9.262
-1.617,-3.35,9.276
-1.684,-3.625,9.164
-1.682,-3.874,9.063
-1.562,-3.393,9.276
-1.742,-3.457,9.29
-1.718,-3.575,9.197
-1.385,-3.68,9.166
-1.529,-3.596,9.106
-1.467,-3.737,8.893
-1.438,-3.668,9.24
-1.333,-3.529,9.29
-1.596,-3.656,9.274
-1.479,-3.857,9.14
-1.397,-3.874,9.075
-1.424,-3.833,9.006
-1.297,-3.886,9.149
-1.428,-3.335,9.168
-1.357,-3.697,9.197
-1.299,-3.953,9.051
-1.404,-4.029,8.994
-1.342,-3.945,8.998
-1.213,-3.692,9.264
-1.046,-3.821,9.109
-0.995,-3.723,9.094
-1.201,-3.737,9.197
-1.498,-4.003,9.159
-1.163,-3.986,8.982
-1.199,-4.0,9.221
-1.479,-3.646,9.015
-1.591,-2.924,9.195
-1.462,-3.737,9.697
-1.242,-2.864,9.491
-2.606,-4.213,9.377
-1.333,-3.864,9.176
-1.68,-3.596,9.209
-1.785,-3.699,9.037
-1.672,-3.527,9.152
-1.797,-3.531,8.994
-2.756,-3.366,9.173
-1.696,-3.407,9.357
-1.692,-3.469,9.197
-1.998,-3.622,9.123
-1.366,-3.534,9.161
-1.926,-3.637,9.082
-1.653,-3.57,9.128
-1.759,-3.565,9.207
-1.675,-3.603,9.207
-1.68,-3.558,9.173
-1.694,-3.558,9.113
-1.687,-3.57,9.202
-1.668,-3.57,9.228
-1.713,-3.589,9.202
-1.782,-3.582,9.216
-1.785,-3.625,9.176
-1.665,-3.536,9.128
-1.682,-3.575,9.121
-1.79,-3.517,9.211
-1.699,-3.608,9.183
-1.696,-3.51,9.207
-1.56,-3.443,9.238
-1.735,-3.603,9.123
-1.622,-3.577,9.123
-1.639,-3.508,9.204
-1.747,-3.51,9.238
-1.759,-3.56,9.271
-1.608,-3.496,9.216
-1.603,-3.464,9.226
-1.579,-3.493,9.192
-1.713,-3.582,9.171
-1.931,-3.642,9.195
-1.536,-3.5,9.185
-1.581,-3.594,9.207
-1.581,-3.558,9.211
-1.744,-3.357,9.19
-1.715,-3.51,9.128
-1.912,-3.594,9.24
-1.646,-3.575,9.254
-1.579,-3.479,9.243
-1.555,-3.515,9.226
-1.684,-3.488,9.161
-1.715,-3.45,9.171
-1.538,-3.479,9.082
-1.751,-3.508,9.152
-1.668,-3.663,9.226
-1.687,-3.584,9.137
-1.706,-3.455,9.228
-1.672,-3.613,9.188
-1.684,-3.546,9.173
-1.706,-3.56,9.228
-1.684,-3.579,9.149
-1.699,-3.613,9.202
-1.718,-3.539,9.168
-1.663,-3.594,9.178
-1.694,-3.589,9.161
-1.672,-3.606,9.197
-1.704,-3.539,9.161
-1.723,-3.577,9.18
-1.704,-3.618,9.171
-1.694,-3.579,9.135
-1.658,-3.601,9.168
-1.72,-3.589,9.106
-1.672,-3.57,9.207
-1.684,-3.584,9.264
-1.73,-3.512,9.159
-1.742,-3.61,9.202
-1.704,-3.539,9.214
-1.689,-3.627,9.109
-1.699,-3.598,9.185
-1.658,-3.601,9.132
-1.689,-3.62,9.207
-1.653,-3.577,9.161
-1.747,-3.563,9.171
-1.708,-3.567,9.199
-1.718,-3.56,9.173
-1.706,-3.539,9.223
-1.689,-3.625,9.223
-1.687,-3.56,9.18
-1.718,-3.558,9.219
-1.663,-3.438,9.13
-2.407,-8.508,14.262
-0.452,-0.591,1.12
-0.172,-3.273,0.727
-0.656,-0.048,3.893
-1.4,-2.735,9.173
-1.706,-3.584,9.379
-1.689,-3.527,9.113
-1.727,-3.608,9.159
-1.675,-3.622,9.142
-1.696,-3.615,9.164
-1.759,-3.522,9.216
-1.771,-3.551,9.233
-1.732,-3.634,9.159
-1.668,-3.522,9.221
-1.706,-3.546,9.185
-1.775,-3.56,9.183
-1.715,-3.529,9.183
-1.715,-3.618,9.176
-1.747,-3.598,9.188
-1.735,-3.584,9.195
-1.644,-3.613,9.106
-1.675,-3.651,9.099
-1.68,-3.625,9.202
-1.759,-3.517,9.283
-1.9,-3.524,9.317
-1.811,-3.811,9.463
-1.718,-3.639,8.893
-1.445,-3.795,9.044
-1.842,-3.56,9.501
-1.881,-3.979,9.35
-2.196,-4.197,9.343
-2.163,-5.233,9.582
-2.407,-6.386,9.065
-2.115,-6.879,9.283
-1.869,-5.85,8.833
-0.091,-5.352,8.666
-0.467,-5.491,10.609
3.216,-3.689,7.771
-2.318,-6.831,8.522
-0.593,-4.223,9.64
0.72,-3.962,9.977
1.043,-6.216,9.384
1.957,-4.465,10.664
1.347,-3.342,11.025
1.696,-6.017,10.479
0.062,-6.017,11.496
-0.88,-2.723,11.437
-0.543,-9.338,12.685
0.615,0.828,4.716
0.534,-3.067,4.929
1.203,2.747,6.891
0.766,-0.909,9.635
0.663,-1.105,10.286
1.127,-0.581,9.192
1.275,-0.959,8.125
1.369,-0.562,8.022
1.967,-0.641,8.443
1.919,-0.615,8.833
2.326,-0.866,9.097
2.661,-1.062,9.52
3.096,-0.636,9.721
3.936,-0.153,9.893
4.421,0.383,10.09
4.881,1.072,9.972
5.74,1.79,9.513
7.039,2.05,8.759
8.125,1.182,7.943
8.403,1.311,7.699
8.23,1.653,7.462
8.515,2.503,7.07
7.254,0.947,6.462
6.776,1.464,6.431
5.8,1.242,6.194
5.39,0.751,6.391
4.646,1.998,6.204
4.249,2.83,3.747
3.838,2.534,6.362
3.665,2.929,6.087
3.125,3.984,5.453
3.041,3.869,4.933
3.122,4.816,4.256
3.653,6.041,4.345
2.689,7.678,5.589
3.041,8.07,4.84
2.704,9.633,4.271
1.943,7.283,4.989
3.039,6.998,4.453
3.902,6.946,4.103
3.862,7.111,4.216
3.594,7.924,3.972
4.938,6.477,3.618
4.625,6.271,4.797
4.764,5.79,4.761
4.675,5.039,5.764
4.68,7.762,6.584
4.864,7.711,6.62
4.979,6.941,6.266
5.0,6.297,5.424
4.209,6.785,5.178
3.895,6.505,4.893
4.809,6.068,4.656
4.259,6.615,4.73
4.711,7.228,4.615
5.974,8.568,-0.093
3.68,7.675,11.472
3.967,10.367,11.192
5.938,15.781,3.687
4.907,4.591,-3.027
3.441,0.677,9.135
6.292,15.714,8.113
4.039,8.276,6.881
4.816,8.094,2.216
4.649,7.886,3.417
4.646,8.278,3.448
4.567,8.027,3.024
4.314,8.058,2.804
4.548,7.745,2.579
4.496,7.96,2.586
4.534,8.312,2.701
4.455,7.757,2.751
4.505,8.116,2.756
4.46,7.276,2.57
4.551,7.752,2.335
4.754,7.8,2.639
4.699,7.759,3.132
4.632,8.058,3.235
4.555,8.565,2.94
4.733,8.262,2.914
4.625,7.879,2.881
4.567,7.967,2.778
4.95,8.391,2.787
5.424,7.604,2.936
5.17,7.96,2.608
4.838,7.764,2.038
4.469,7.23,2.012
4.319,7.69,2.206
4.292,7.587,2.515
4.022,7.64,3.041
4.082,8.24,3.508
4.163,8.542,3.185
4.17,7.706,3.912
4.63,8.484,3.953
4.465,8.161,3.39
4.747,7.848,2.957
4.84,7.919,2.617
4.804,7.367,2.658
4.362,7.74,3.206
4.599,7.403,3.051
4.666,7.405,3.271
4.577,7.403,3.764
4.462,7.271,4.077
4.357,7.214,4.144
4.288,6.962,3.996
4.436,6.912,3.749
4.565,6.848,4.103
4.591,6.778,4.39
4.73,7.168,4.735
4.795,7.159,5.099
4.926,7.154,5.101
4.759,6.647,4.771
5.123,6.857,4.747
4.795,6.613,4.383
4.855,6.558,4.599
4.61,6.29,4.855
4.663,5.893,4.941
4.845,6.295,5.331
5.032,6.867,5.527
5.072,7.005,5.795
5.261,7.183,6.17
5.383,7.221,6.374
5.666,7.044,6.216
6.127,6.79,6.173
6.192,6.398,6.379
5.938,5.821,6.12
5.91,5.857,5.833
5.601,6.01,5.632
5.053,6.144,5.491
4.68,6.072,5.01
4.357,6.34,4.838
3.988,6.702,4.661
3.747,6.29,4.268
3.771,6.025,4.321
4.031,5.984,4.402
4.338,5.675,4.687
4.723,5.201,4.977
5.024,4.869,5.328
5.213,5.371,5.788
4.969,5.804,5.819
5.45,6.015,6.094
5.52,6.642,6.489
5.34,7.022,6.441
5.278,6.661,6.283
5.158,5.922,6.142
5.056,5.78,5.864
4.867,5.771,5.603
4.634,5.859,5.252
4.929,6.115,5.386
5.163,5.888,5.728
5.237,6.225,6.137
5.431,6.247,6.336
5.615,6.431,6.316
5.754,6.285,5.867
5.761,5.941,5.357
5.35,5.8,5.163
5.173,6.276,5.118
5.087,6.331,4.948
4.905,6.455,5.221
4.752,5.955,5.989
4.809,5.075,6.18
4.991,5.034,6.118
5.13,4.876,6.036
5.192,5.087,5.857
5.233,5.893,5.797
5.548,6.927,5.78
5.572,7.46,5.424
5.489,6.97,5.012
5.883,6.3,4.761
5.769,6.07,4.697
5.508,5.754,5.075
5.503,5.62,5.443
5.721,5.271,5.556
5.134,4.981,5.472
5.134,4.773,5.347
4.821,5.333,5.63
4.847,5.381,6.295
5.044,5.333,6.254
5.187,5.087,6.51
5.603,5.113,6.931
6.285,4.328,6.594
5.902,3.254,5.857
5.742,3.065,7.448
5.642,2.862,7.886
5.682,0.467,7.163
6.199,-0.682,5.101
6.79,-2.869,3.326
6.527,-5.266,4.357
5.017,-6.398,6.029
4.797,-2.515,7.168
3.646,-2.414,7.395
6.036,-3.366,6.096
6.481,-4.096,3.682
6.936,-5.637,3.943
6.278,-3.077,5.656
5.536,-3.5,8.204
5.809,-7.673,5.769
6.824,-6.257,2.239
7.343,-7.443,0.211
6.479,-5.752,0.407
6.254,-4.417,2.419
6.733,-3.663,1.826
6.333,-4.469,3.106
4.673,-4.929,3.711
5.831,-4.077,2.137
4.74,-2.065,1.84
2.811,-0.675,2.594
1.799,-1.349,1.61
3.125,-1.172,2.168
3.811,-1.948,1.761
3.043,-3.46,2.012
2.237,-4.443,3.249
0.086,-3.177,7.718
-1.45,-8.661,10.795
-3.953,-11.779,12.384
-2.577,-7.817,11.676
0.555,-8.668,9.685
0.23,-9.125,10.764
-1.089,-7.857,13.061
-2.472,-5.692,14.037
1.407,-2.838,18.49
-9.321,-13.176,9.747
2.038,-2.311,9.286
0.871,-2.462,11.346
-1.302,-0.471,9.001
0.677,0.479,8.343
-0.38,-0.955,7.376
-0.206,-0.541,7.702
-1.725,-1.534,7.29
-2.873,-2.684,7.412
-4.266,-2.419,7.821
-5.371,4.831,8.142
-6.505,4.811,5.926
-6.221,3.9,9.451
-8.57,3.572,7.946
-7.819,4.182,4.12
-9.96,6.156,3.833
-12.449,9.592,5.599
-10.587,5.644,5.4
-12.085,4.015,5.646
-10.379,6.206,5.051
-10.279,4.723,3.921
-11.819,3.467,2.376
-12.159,2.196,5.225
-11.645,0.931,6.73
-12.508,2.419,5.204
-12.609,0.758,5.245
-13.145,-4.522,7.812
-13.023,-2.902,8.664
-10.788,-0.254,10.618
-8.879,1.854,9.566
-7.635,2.108,7.494
-8.774,6.19,7.929
-10.719,4.893,4.532
-16.114,9.738,6.479
-8.57,2.266,7.525
-7.034,3.256,4.902
-6.304,-4.084,3.141
-3.455,-13.944,1.175
-4.299,-15.937,4.857
-7.982,-12.963,8.123
-7.537,-16.913,4.723
-3.23,-11.542,3.247
-6.348,-11.561,3.515
-7.587,-9.19,2.661
-7.513,-10.664,0.888
-6.092,-9.881,0.158
-6.467,-6.407,0.443
-6.618,-6.472,-0.761
-6.776,-6.984,-1.785
-5.221,-10.046,-0.39
-4.618,-9.429,0.136
-4.584,-8.441,2.292
-4.197,-9.384,3.065
-5.312,-9.845,4.194
-5.637,-9.903,1.041
-4.709,-13.82,1.373
-4.29,-15.202,3.357
-2.711,-8.915,2.438
-3.649,-10.066,3.213
-5.056,-14.377,2.108
-1.627,-5.295,3.208
-3.888,-8.163,2.271
-2.455,-7.994,0.746
-1.668,-7.857,3.062
1.148,-6.056,1.299
0.189,-6.668,2.859
2.053,-7.297,3.18
3.421,-4.357,6.269
3.278,-2.531,9.444
2.96,0.208,10.262
3.663,0.629,11.116
1.967,5.027,12.685
2.589,5.524,12.245
1.969,1.61,10.238
4.491,1.876,9.745
3.917,6.214,9.774
-0.093,0.854,6.74
4.075,-2.596,4.156
5.922,-3.168,5.012
3.469,1.706,6.292
2.929,5.675,9.589
5.28,3.39,11.353
1.127,3.555,8.424
9.941,-5.204,13.439
10.152,-8.037,10.063
8.568,3.584,10.702
12.992,4.697,11.231
14.028,0.05,9.661
16.808,1.165,6.934
11.264,-0.423,7.218
7.683,-3.579,10.721
-1.632,0.668,11.456
-9.542,-6.144,11.114
-9.006,-14.982,5.005
-4.407,-4.582,4.187
4.965,-5.874,5.63
0.017,-0.833,8.943
-0.825,-0.17,11.145
-1.436,-6.876,8.333
-0.847,-0.737,7.06
1.258,-9.884,6.34
1.62,-10.164,6.032
-0.806,-6.726,10.133
2.292,-3.309,10.472
-1.01,-8.917,9.793
-3.266,-9.92,10.271
-3.067,-6.094,9.527
0.232,-13.465,8.881
-1.644,-9.412,12.611
-1.983,0.476,13.43
0.682,-3.89,13.662
1.117,-10.085,13.241
1.378,-5.532,13.334
-0.124,-2.969,13.418
2.017,-8.53,12.102
0.455,-7.996,12.217
0.9,-1.55,13.848
1.818,-5.757,14.212
0.888,-7.127,12.511
1.861,-3.175,10.489
4.271,-4.496,10.549
2.964,-1.316,9.644
0.548,-3.201,11.121
4.35,-4.819,9.121
4.723,-3.0,7.008
3.484,-0.921,7.441
4.869,-1.581,5.56
5.529,-3.431,4.319
3.512,-1.553,2.472
4.278,-2.826,1.486
2.62,-3.881,0.172
0.536,0.366,2.194
2.486,2.067,4.467
2.524,0.502,3.886
2.211,-0.464,4.536
2.108,1.074,4.852
3.268,0.94,3.048
2.18,-0.641,3.546
0.959,-1.754,4.11
1.206,-1.239,5.434
0.397,-1.689,7.269
-0.388,-2.137,7.714
2.491,0.347,7.163
5.17,-0.189,6.702
5.491,-4.508,6.278
0.474,-4.701,10.348
7.06,-3.802,5.907
0.014,-1.538,7.924
-6.704,-13.748,10.75
-4.199,-1.074,16.315
-10.142,0.495,16.499
-5.639,-2.986,14.236
-3.072,-1.96,14.707
-3.905,2.476,13.365
-3.874,1.962,12.963
-3.67,0.799,14.064
-2.579,-0.617,13.748
-2.684,-0.194,13.453
-3.735,0.194,14.533
-2.273,0.323,13.614
-0.392,-0.33,13.65
-1.431,-1.522,13.616
-0.727,-1.902,12.851
-2.187,-3.316,12.53
-2.23,-3.146,12.343
-1.347,-2.515,12.774
-0.792,-2.845,12.008
-0.553,-3.393,10.984
-0.089,-2.45,11.63
-0.067,-3.484,11.008
0.275,-2.885,10.35
-0.163,-3.886,9.826
-0.11,-1.519,9.975
0.206,-1.005,8.056
0.084,-0.794,7.819
-0.84,-0.483,8.556
0.098,1.34,7.812
0.144,-1.481,5.163
0.402,-1.955,4.52
0.227,-0.703,6.003
1.641,1.007,7.407
1.493,1.28,8.721
0.67,0.981,8.551
0.751,1.955,9.664
0.94,1.56,8.116
3.362,1.153,8.013
5.321,-0.842,8.51
5.462,0.077,10.159
2.584,0.022,9.812
2.397,-0.804,8.68
1.596,-0.914,9.544
2.294,-1.579,10.86
2.383,-1.608,11.31
3.57,-1.524,10.011
2.862,-0.613,10.496
0.462,-2.156,10.898
0.27,1.512,11.743
2.744,-0.785,11.657
4.948,-0.407,10.116
1.089,-1.567,12.085
1.723,-0.656,10.649
2.271,-2.259,9.068
1.565,-1.515,8.326
1.194,-2.84,8.374
1.376,-1.644,9.391
4.668,0.758,7.513
3.598,1.601,6.618
3.651,0.086,6.982
3.115,0.873,5.142
2.821,0.818,3.33
-0.507,2.531,6.611
-4.579,1.986,4.031
-2.723,0.172,3.68
-8.453,-0.505,4.577
-2.806,-2.254,4.761
1.328,-2.586,10.336
-2.617,-0.613,5.924
-5.29,-1.718,8.539
-3.601,-0.462,11.75
-4.268,-5.431,5.735
-4.201,-4.12,9.075
-1.971,-1.287,4.022
-8.274,-5.312,7.879
-4.347,-2.323,6.491
-3.63,-2.041,9.697
-8.326,2.436,8.551
-5.876,0.83,7.343
-3.5,-2.919,3.302
-7.245,-0.691,3.175
-5.938,-1.565,2.194
-6.527,4.907,4.206
-8.089,8.376,1.493
-12.681,5.867,1.67
-16.351,5.371,3.905
-18.275,7.166,3.598
72.447,-72.404,-17.971
-27.708,1.058,-1.27
-25.11,-3.706,0.907
-25.457,-10.951,-4.515
-22.904,-6.221,-5.637
-22.115,-12.195,-5.28
-27.673,-17.294,-4.632
-29.41,-24.06,-3.689
-25.572,-22.509,1.744
-29.149,-7.819,-2.385
-31.721,-9.152,1.263
-15.786,-2.421,-1.067
-46.215,31.872,-1.108
-16.27,-0.988,5.087
-29.673,15.76,9.472
-21.483,13.059,5.278
-23.213,-3.823,5.661
-12.956,7.766,1.407
-13.044,8.57,2.661
-13.183,4.266,-5.857
-15.399,6.986,-1.433
-41.547,78.357,20.691
-22.526,-31.589,-44.992
-31.23,-15.753,-2.024
-19.741,-6.659,-4.24
-8.783,14.631,12.944
-12.654,10.195,22.603
-12.812,10.661,14.561
-20.04,1.474,19.387
-13.032,-14.451,8.896
-22.11,-14.81,6.166
-27.646,-2.591,3.701
-17.267,-18.136,6.321
-20.074,-4.223,-0.778
-19.705,-5.288,-2.036
-20.945,-6.907,-3.642
-16.954,-8.061,-1.309
-19.511,-9.838,-0.541
-18.815,-10.609,-3.424
-21.033,-6.3,-8.434
-21.014,-6.314,-12.65
-21.99,1.213,-4.84
-6.513,10.903,-0.27
-21.564,-1.053,-2.524
-22.722,3.405,-8.269
-51.062,13.255,11.405
-51.617,56.056,19.693
-18.968,12.662,-2.857
2.61,5.067,-5.642
-6.568,-9.91,9.7
-8.805,-6.223,17.523
-1.902,5.149,19.739
-5.048,2.249,28.732
-2.653,9.444,19.358
1.215,5.809,11.867
-7.455,1.833,15.372
-1.055,10.417,13.848
1.735,9.314,12.327
0.849,3.584,8.955
-0.548,3.881,9.439
-1.426,2.113,9.427
-2.809,1.83,11.92
0.318,0.627,6.173
0.885,2.196,6.962
-1.117,3.424,9.082
-1.617,0.892,11.011
-1.665,1.297,11.169
-0.421,2.529,9.19
-0.763,-0.412,8.929
-0.266,0.498,9.647
-1.95,-4.187,8.601
-1.548,-0.866,8.183
0.505,-0.861,10.154
0.084,0.605,10.319
-2.744,0.273,7.544
-0.766,0.062,7.759
-0.859,-4.998,5.941
-2.007,-3.548,4.297
-1.589,-2.137,5.905
0.141,-0.737,6.86
-1.828,-4.077,5.56
-2.352,-10.996,1.574
-3.517,-6.008,1.361
-4.292,0.694,2.675
-5.704,-3.366,3.998
-2.768,1.546,3.744
-7.247,2.677,6.398
-11.056,2.029,4.838
-11.221,0.589,1.531
-10.367,3.086,3.323
-15.616,7.546,7.345
-16.554,8.118,7.723
-20.007,8.589,7.891
-13.671,7.324,7.364
-14.97,-0.44,4.053
-18.531,-5.969,0.534
-26.601,2.242,-0.074
-22.198,-10.35,-5.242
-26.658,-21.17,-9.515
-16.868,-15.848,-5.072
-21.258,-18.813,-3.438
-20.77,-16.767,-1.526
-27.864,-27.196,6.565
-24.799,-3.699,0.493
-24.644,3.352,3.362
-21.741,19.416,0.005
-18.722,9.132,-1.022
-34.267,-1.955,-1.349
-29.618,10.286,4.486
-23.344,9.398,6.982
-19.232,20.258,12.941
-16.688,8.795,2.984
-15.719,6.35,-1.644
-24.184,6.486,-9.36
-31.525,1.306,-1.077
-14.248,2.905,-0.969
-14.774,0.254,-2.172
-18.693,2.373,3.603
-17.38,1.998,10.329
-17.657,0.797,15.423
-28.505,-16.033,12.666
-10.695,1.096,12.573
-15.289,0.562,12.2
-31.427,-7.587,4.02
-23.859,-20.54,-5.955
-27.039,-6.582,-6.403
-25.385,-3.584,-6.85
-23.969,-3.859,-4.768
-21.438,-5.422,-11.125
-18.887,-5.85,-3.005
-19.832,-12.544,-8.283
-22.021,-7.415,-3.01
-26.507,-0.589,-3.457
-15.566,8.771,-10.238
-12.291,3.603,-7.474
-16.856,7.68,-4.079
-23.801,13.973,-4.156
-35.233,22.086,-8.412
-43.48,-7.79,43.284
-11.642,45.433,9.96
-10.42,-0.73,-5.977
-2.283,-5.182,16.408
-13.915,1.969,16.695
-5.4,7.936,23.533
-3.981,7.271,26.546
1.067,9.91,21.438
5.73,9.295,3.436
-8.35,11.738,21.739
-2.883,5.783,16.298
-0.55,1.5,13.226
1.27,1.158,12.183
0.373,1.522,12.317
-1.409,4.522,12.291
-2.378,2.172,10.032
-2.548,0.813,10.669
-0.096,0.5,7.986
-0.866,1.072,5.764
-1.672,2.842,6.903
-0.857,0.431,8.795
-0.957,-0.656,9.977
-1.641,-0.55,8.963
-1.067,-1.538,7.647
-1.223,-3.005,9.434
-1.613,-2.244,8.173
-2.172,-1.581,8.448
-0.596,0.864,8.764
-0.091,2.184,6.697
-1.794,1.007,8.539
-0.907,-0.067,10.621
-2.074,-0.593,10.841
-2.596,-3.237,8.202
-1.335,-2.268,4.888
-3.589,-3.17,4.273
-3.326,-1.493,4.496
-4.125,-3.103,8.073
-3.417,-1.495,9.47
-2.23,-2.859,7.089
-1.034,-5.426,5.646
-2.864,-3.22,5.072
-5.158,-1.323,6.637
-4.965,-0.782,2.747
-6.477,-2.285,0.902
-9.384,-2.074,-0.227
-11.767,-0.636,-1.823
-15.009,7.041,0.457
-13.114,6.668,1.086
-13.968,7.379,2.534
-15.408,10.415,1.711
-18.586,12.166,3.972
-19.406,8.463,4.457
-18.399,-2.94,2.204
-21.643,-8.757,-0.615
-16.095,-21.294,-7.69
-22.801,-26.05,-5.118
-27.704,-22.983,1.802
-28.854,-17.727,12.228
-21.519,-16.669,4.725
-16.624,-4.926,3.567
-30.915,-19.636,-0.443
-21.703,-0.904,-3.524
-4.127,20.119,-0.816
-13.566,21.772,2.371
-16.7,8.74,-2.503
-27.464,4.345,8.482
-24.66,2.993,11.367
-15.975,9.927,9.343
-24.629,2.249,-2.517
-14.387,4.52,-8.065
-16.48,0.211,-12.15
-28.577,-4.783,-15.301
-28.254,-6.278,-8.479
-18.026,6.151,-7.797
-4.036,-4.024,-13.997
-14.162,8.465,1.098
-10.834,5.012,0.464
-16.121,-7.429,10.537
-8.647,11.078,12.054
-14.14,-2.964,-2.881
-4.331,-3.307,9.41
-18.734,4.977,9.429
-4.493,-16.533,-0.991
-23.067,-4.917,0.345
-21.217,-1.455,1.871
-17.624,-2.074,3.385
-17.286,-4.809,0.861
-16.604,-7.041,-0.007
-17.444,-7.147,1.134
-18.437,-6.065,1.254
-17.846,-4.591,-1.026
-16.059,-3.125,-2.419
-19.059,-3.759,-4.977
-17.688,-1.692,-5.864
-12.111,6.855,-0.742
-10.841,15.284,5.855
-19.334,-4.075,-7.852
-28.685,-6.245,-17.289
-22.852,8.922,0.909
-16.753,-8.515,63.882
-6.771,32.211,4.388
-2.704,0.749,-3.165
-2.558,-6.814,5.697
-1.206,6.934,-1.505
-13.035,20.057,22.533
1.498,14.281,20.772
0.665,6.077,20.325
-0.694,12.523,20.957
-3.086,12.76,18.191
-2.445,11.03,17.308
-0.72,4.802,15.317
1.536,4.713,10.915
-0.187,4.61,11.441
-0.916,4.661,11.334
1.311,4.835,10.594
1.048,3.165,8.781
-0.476,2.797,7.773
0.687,3.201,7.089
1.574,2.933,6.749
2.342,3.268,4.96
2.699,2.835,3.809
3.163,3.972,5.603
3.098,6.374,3.333
1.462,4.558,2.283
-0.847,1.311,2.239
-3.192,-1.041,3.041
-4.273,-0.172,3.429
-1.804,-1.771,5.309
-4.821,-4.098,7.285
-1.452,-0.818,7.116
-0.653,1.515,7.324
-5.144,-0.103,9.597
-4.278,1.459,10.415
-1.0,1.443,9.089
-4.804,-2.328,6.063
-5.441,-2.027,6.245
-3.972,1.153,7.462
-5.319,5.123,6.881
-7.259,2.919,9.793
-5.735,-4.615,5.075
-4.823,-3.893,5.3
-12.949,8.62,2.914
-11.405,13.178,4.902
-11.279,11.862,5.572
-15.293,3.811,3.9
-17.629,6.087,3.704
-18.136,9.661,5.118
-19.131,5.788,5.237
-19.291,0.414,-0.658
-17.14,-9.192,-7.613
-19.059,-15.566,-9.848
-22.684,-15.542,-6.623
-21.428,-12.042,-4.407
-30.156,-11.822,-0.254
-20.693,-13.236,-1.187
-23.538,-17.183,3.563
-24.821,-12.36,2.912
-21.976,2.443,-4.398
-22.505,4.036,-7.381
-16.975,14.066,0.471
-13.418,17.167,0.967
-20.746,12.695,8.742
-21.457,11.276,5.902
-14.611,9.767,3.259
-18.595,8.953,0.653
-18.669,3.029,-4.053
-22.663,2.204,-6.582
-21.457,-3.689,-7.307
-19.746,-3.256,-5.01
-22.983,11.102,7.86
-4.488,7.919,-8.352
-9.365,1.452,-3.802
-12.592,6.13,6.584
-18.988,-4.493,13.281
-14.87,-4.323,12.233
-16.049,-5.12,11.968
-7.19,1.948,10.331
-14.437,-3.326,9.221
-27.689,-0.931,9.027
-20.268,-6.364,2.005
-20.248,-9.537,1.089
-23.179,-4.431,1.177
-22.014,-1.163,1.708
-22.148,-2.117,-1.347
-18.971,0.455,-2.55
-20.349,-1.493,1.438
-17.26,-2.795,-3.086
-15.92,-3.469,-6.941
-13.889,0.043,-8.163
-8.455,7.285,-8.64
-11.37,-2.893,-11.267
-21.562,-6.955,-11.389
-19.557,22.763,-7.206
-32.558,15.674,-2.783
-42.1,65.088,28.761
-11.846,37.752,1.01
-18.141,15.59,-1.457
-5.685,-13.975,18.681
-6.529,-3.637,15.25
-1.347,28.359,23.806
-3.103,13.128,20.107
3.043,11.181,9.683
0.06,13.518,14.966
-0.127,13.159,18.691
-2.378,9.967,16.018
-0.045,8.422,14.47
-0.134,5.852,12.829
-0.663,3.012,8.884
-2.792,4.522,11.102
-1.495,5.237,9.814
-0.189,3.338,8.271
0.354,3.113,9.558
0.325,1.713,7.584
1.349,3.668,4.878
1.938,2.232,5.039
1.371,1.67,5.022
3.594,2.95,4.209
3.665,3.493,5.178
2.256,2.828,5.46
0.266,4.388,1.931
-2.503,4.058,1.708
-4.613,-3.098,4.493
-0.498,0.318,-0.49
-3.055,-3.455,3.12
-2.96,0.481,7.728
-5.503,0.22,10.752
-0.553,-0.603,4.57
-2.127,-2.972,4.783
0.014,-2.711,7.415
-4.587,-0.557,9.188
-5.429,-2.405,4.407
-4.244,-4.912,6.766
-6.4,1.072,8.099
-4.673,1.251,7.716
-5.197,2.4,9.881
-8.058,1.024,8.597
-5.355,1.306,5.261
-5.221,1.172,4.041
-8.946,0.165,3.704
-9.324,1.428,5.134
-11.384,3.618,3.017
-11.716,0.584,1.689
-12.985,4.804,4.347
-15.202,7.929,4.089
-17.863,5.4,2.247
-25.218,-6.931,-0.895
-20.765,-2.082,-2.218
-21.172,-3.795,-4.893
-25.792,-16.344,-2.668
-28.407,-17.672,-2.89
-25.433,-19.712,0.668
-25.665,-12.147,5.515
-28.268,-20.469,4.319
-20.602,-11.358,-4.436
-19.21,-11.228,-2.546
9.546,-3.73,-11.951
-7.022,18.016,-0.739
-17.459,18.236,3.34
-28.12,5.912,7.041
-13.726,5.587,10.85
-16.408,-6.154,7.989
-15.956,6.23,7.611
-15.238,-2.012,-0.782
-16.528,-1.651,1.086
-18.763,-0.608,-3.96
-14.927,-4.792,-8.987
-10.207,-0.103,-14.092
-8.757,6.264,-13.272
-16.145,3.732,-8.879
-3.577,8.039,-9.544
-8.185,3.347,-7.762
-12.501,5.343,-1.117
-13.097,7.953,3.307
-15.671,5.766,1.519
-9.64,-6.393,12.413
-7.317,-3.089,9.812
-0.78,1.476,14.233
-11.013,0.546,14.195
-9.228,-8.565,10.216
-21.576,-8.008,4.445
-20.978,-2.656,1.55
-19.318,-0.127,0.679
-17.478,1.608,1.675
-17.629,-0.842,2.184
-21.095,-7.02,6.776
-20.248,-6.685,4.589
-21.586,-2.924,0.428
-19.071,-7.69,18.885
-15.755,-3.886,-4.491
-12.501,-4.405,-8.367
-13.14,-3.955,-9.757
-14.387,-1.445,-4.747
-11.288,7.525,0.969
-11.152,2.756,-1.089
-22.641,-3.283,-2.065
-40.504,6.584,6.319
-42.629,42.267,20.65
-6.228,48.636,10.692
-0.246,1.096,-5.254
-3.9,-4.453,6.568
-2.153,-6.742,7.156
-5.106,10.283,17.15
-4.936,7.06,22.117
-1.725,10.293,13.319
-3.407,9.862,14.851
-4.711,8.891,15.171
-1.902,9.836,11.707
0.053,12.406,8.802
0.596,9.022,9.214
-2.637,7.8,9.982
-1.562,5.127,9.812
-1.706,3.895,8.632
-1.629,4.725,6.838
-1.242,4.85,6.522
-0.668,5.144,9.118
-3.433,2.795,7.769
-2.864,3.706,9.109
-1.328,4.204,8.577
-2.232,3.421,8.262
-2.177,2.385,7.994
0.313,3.268,7.75
-0.237,2.424,7.687
-0.581,1.881,8.563
-1.194,0.778,8.25
-0.94,0.34,7.678
0.038,1.751,8.07
-1.026,1.629,7.441
-2.18,0.313,6.958
-1.266,3.926,7.73
-3.204,1.17,8.305
-1.782,1.376,6.757
-3.417,-5.003,2.881
-2.127,-5.625,3.802
-5.424,-2.68,4.773
-7.405,-2.584,5.692
-6.046,-1.593,5.73
-5.008,1.67,3.828
-6.594,-1.833,2.972
-9.458,3.534,1.55
-10.178,6.793,3.5
-9.767,8.314,3.531
-11.456,6.41,2.955
-13.76,5.862,0.749
-12.697,6.534,3.22
-16.674,7.575,5.62
-19.803,-1.404,3.804
-17.526,-0.77,-1.725
-20.619,-3.472,-1.046
-23.969,-7.156,-6.106
-20.564,-17.25,-3.909
-24.734,-27.043,-1.206
-25.129,-16.789,3.012
-29.036,-16.478,4.74
-14.863,-16.447,6.357
-26.115,-8.683,3.12
-31.726,-12.693,2.428
-18.387,4.706,-2.967
-12.205,14.659,-1.491
-19.6,15.26,4.154
-15.207,9.924,2.247
-20.26,3.017,6.209
-19.366,0.892,5.52
-15.76,5.673,2.79
-15.53,4.651,1.692
-17.597,1.438,-2.541
-16.176,-2.318,-7.489
-19.492,0.601,-9.152
-19.729,-1.144,-7.056
-14.793,2.991,-5.895
-12.245,5.737,-6.714
-9.073,10.647,-2.649
-11.178,5.13,-4.41
-10.523,1.534,4.666
-14.15,-1.804,9.927
-12.236,-7.735,14.7
-14.044,0.971,7.766
-11.767,4.981,12.403
-17.597,1.995,11.293
-15.123,-5.661,3.869
-25.814,-9.037,2.12
-21.753,-3.503,-0.316
-19.035,-4.591,-0.632
-20.313,-8.793,1.409
-22.586,-9.137,0.223
-16.447,-6.984,-0.072
-20.038,-6.852,-1.577
-20.971,-4.96,-1.955
-21.189,-3.634,-3.144
-20.169,-4.314,-7.398
-16.547,-2.251,-9.869
-14.372,3.57,-7.75
-15.387,2.027,-6.017
-17.734,-2.311,-8.494
-26.61,15.863,-10.171
-49.802,2.795,75.431
-29.613,67.533,19.555
-3.579,1.83,-11.913
-2.062,4.106,-3.249
-2.163,-5.481,6.946
4.034,0.359,15.478
-3.378,-5.893,20.732
-2.318,6.862,19.935
0.081,11.91,20.117
-5.285,8.666,20.057
-3.17,3.443,15.047
-2.247,5.474,18.629
-3.311,6.682,15.066
-0.139,6.015,14.061
1.62,2.725,13.193
-2.275,3.515,14.779
-2.017,5.924,13.798
0.136,-0.639,5.883
0.895,1.998,8.345
0.792,2.632,8.161
1.888,4.041,7.479
0.802,5.168,9.377
0.189,4.244,8.008
2.01,1.687,6.336
3.589,4.52,3.752
4.374,5.051,2.01
-0.675,0.72,4.122
-3.73,2.208,5.134
-3.204,1.113,4.759
-2.96,0.799,5.479
0.412,0.359,4.864
-2.828,-0.378,5.479
-1.433,2.436,4.709
-3.457,1.869,7.202
-5.338,-0.129,7.74
-3.096,0.802,4.68
-5.501,1.18,4.029
-3.237,-2.933,2.883
-5.111,2.653,5.338
-6.991,2.639,6.857
-8.398,4.173,8.338
-5.754,5.859,7.015
-7.915,3.62,8.53
-7.24,1.648,6.082
-7.57,-1.165,1.615
-11.001,1.749,0.89
-11.434,5.029,0.952
-10.922,9.92,2.598
-13.865,5.666,3.06
-18.064,9.097,3.572
-18.007,4.323,3.584
-19.87,2.55,6.441
-20.732,5.328,3.886
-22.418,-3.352,1.402
-18.368,-2.094,-1.893
-21.794,-9.4,-0.371
-23.565,-16.073,-1.584
-19.71,-22.095,4.374
-23.397,-12.709,6.441
-19.631,-9.716,1.012
-20.61,-7.955,2.919
-24.282,-14.088,1.565
-17.186,7.474,-5.883
-16.176,6.716,-5.07
-9.927,11.659,-0.223
-13.992,-0.392,10.944
-34.623,4.733,6.525
-21.49,2.608,2.783
-14.336,0.531,5.276
-25.555,0.084,1.617
-18.782,-2.622,-0.723
-14.485,3.352,-0.163
-15.621,4.106,-4.728
-16.081,6.788,-8.455
-13.233,2.483,-9.494
-9.934,0.464,-9.441
-8.824,6.994,-7.924
-11.587,6.998,-3.615
-11.36,5.926,2.055
-9.683,2.895,2.558
-11.59,0.699,4.503
-9.494,3.005,6.594
-8.463,1.773,8.108
-17.564,-6.484,10.537
-11.611,-4.115,13.178
-17.169,-6.092,7.051
-13.954,-5.168,5.211
-18.803,-8.204,4.984
-17.777,-4.122,2.543
-13.568,-5.089,1.51
-13.851,-6.415,2.027
-14.698,-5.991,2.479
-11.819,-5.907,-1.395
-13.346,-6.879,-0.979
-15.573,-5.941,-3.254
-16.253,-6.797,-4.948
-14.616,-7.106,-7.147
-16.009,-4.17,-5.321
-15.717,-2.141,-1.751
-18.425,-4.713,0.675
-22.076,-4.46,0.404
-26.347,3.567,38.004
-25.299,49.127,19.346
-12.324,31.249,-7.84
-9.587,11.638,-3.196
-2.924,-5.319,7.458
-2.227,0.184,11.874
-2.507,5.192,16.363
-5.941,11.023,22.146
-4.149,12.697,20.894
7.065,15.195,-27.596
-6.644,1.998,18.174
0.555,7.919,13.358
-0.476,1.345,12.197
-1.232,2.637,10.996
-3.56,2.244,11.547
-3.196,0.11,9.956
0.072,2.385,9.137
-1.383,1.797,9.027
-1.57,-3.759,8.709
-0.519,-4.232,6.723
-0.38,-2.701,7.898
-1.294,-2.366,8.424
-1.244,-0.792,8.489
-1.56,-0.445,8.422
-2.227,-2.07,9.302
-1.39,1.115,8.953
-0.746,-0.335,8.85
-1.089,-1.675,9.257
-1.172,0.05,7.671
-0.179,-2.316,7.843
-0.301,-2.5,8.183
-2.814,-2.354,9.609
-2.239,-1.704,8.788
-1.034,-1.139,7.723
-2.182,-4.749,7.395
-1.117,-3.175,5.615
-0.754,-0.768,5.163
-2.302,-5.103,5.448
-2.373,-7.235,4.28
-4.008,-4.651,3.771
-4.065,-4.426,4.087
-6.163,-3.876,5.675
-6.436,-2.292,5.395
-5.742,-0.333,5.508
-9.132,0.151,5.383
-9.238,2.488,5.859
-8.4,3.338,5.833
-9.36,4.216,4.316
-11.011,7.187,6.319
-10.884,4.8,5.912
-13.499,7.96,5.627
-12.941,6.056,6.036
-12.874,6.692,6.611
-15.537,4.984,7.285
-14.92,3.713,6.379
-14.468,4.828,5.752
-14.135,5.986,4.345
-16.597,4.933,0.663
-16.782,1.448,-0.318
-17.573,-3.488,-2.419
-15.738,-4.139,-2.424
-18.401,-6.766,-2.84
-27.273,-1.543,-3.23
-18.509,-8.96,-3.642
-15.308,-6.192,-0.481
-15.982,0.069,0.356
-12.968,-4.146,1.211
-10.822,-2.797,-3.981
-10.69,-10.726,1.926
-14.731,-2.799,3.388
-17.432,0.605,6.206
-14.796,-0.153,3.919
-11.771,4.74,3.677
-9.422,2.448,5.544
-9.786,4.728,2.878
-10.671,3.467,4.811
-8.367,5.192,3.381
-10.523,5.697,2.237
-10.968,5.493,0.56
-10.805,7.781,0.998
-8.309,8.843,-0.462
-8.482,5.063,-1.369
-7.996,5.178,0.311
-8.027,5.075,1.5
-7.721,5.225,2.005
-7.52,4.161,0.806
-8.18,3.565,0.986
-8.771,1.895,1.852
-7.826,3.354,2.33
-6.178,4.912,3.338
-5.376,5.67,4.314
-5.134,6.259,4.252
-4.132,6.651,3.713
-3.579,2.668,3.5
-4.567,1.089,3.929
-5.247,2.201,3.976
-4.144,1.172,3.874
-3.35,1.337,4.441
-3.448,1.768,4.761
-3.469,0.108,4.015
-5.07,-1.854,3.405
-4.046,-5.256,1.151
-1.524,-7.144,1.369
-1.699,-3.747,4.96
-1.668,-1.608,7.843
-2.483,0.038,7.183
-3.213,3.115,9.046
-2.505,1.821,10.575
-2.395,-3.165,7.795
-1.952,-2.539,8.175
-2.11,-2.558,9.286
-3.677,-2.244,10.515
-4.766,-3.012,8.341
-7.367,-9.577,6.089
-4.094,-10.176,4.953
-5.625,-14.71,6.242
-2.594,-18.574,8.427
-8.817,-9.599,9.302
-11.403,-16.085,10.113
-9.424,-10.853,13.413
-12.999,-14.415,4.864
-11.769,-13.53,6.426
-13.477,-14.138,4.996
-15.82,-20.617,2.931
-15.162,-18.294,2.397
-17.361,-13.564,-0.687
-15.992,-13.324,-1.101
-11.676,-11.147,-1.464
-12.018,-9.573,-1.486
-7.194,-10.968,-0.665
-5.335,-6.644,0.782
-2.381,-4.012,0.38
-0.773,-2.902,-0.73
1.522,-3.754,-0.045
2.283,-2.519,1.754
1.751,-0.184,3.548
3.06,-1.983,4.486
6.403,-0.967,4.106
8.908,-0.505,-3.297
7.336,-5.601,-9.532
7.793,-6.075,-8.671
4.45,-1.4,-3.668
1.081,0.632,1.584
2.153,-1.227,1.658
3.39,1.57,5.859
9.18,1.278,9.9
7.422,-6.149,8.022
10.298,-3.67,7.829
6.927,-8.735,13.111
4.244,-15.557,8.738
9.18,-6.915,7.644
7.486,0.993,8.47
9.326,-5.529,7.431
11.731,-4.792,6.558
11.291,-6.649,6.307
13.317,-1.857,5.51
13.839,-8.324,4.075
13.731,-9.726,3.369
12.398,-6.225,2.692
11.86,0.105,2.402
9.336,-0.278,2.859
-5.635,-8.14,5.084
-9.305,-4.819,5.067
-3.029,-6.369,11.281
-1.199,-9.96,9.566
3.811,-7.12,10.207
-3.225,-8.02,13.152
-2.218,-6.123,13.056
-0.122,-7.728,11.085
-0.931,-11.561,7.606
-0.256,-8.936,10.18
-2.747,-8.297,7.955
-0.778,-6.544,9.417
-1.115,-5.934,11.295
-0.904,-8.608,10.068
0.787,-3.173,15.454
1.177,-8.664,14.119
-0.993,-10.85,14.123
-0.512,-7.534,11.807
2.259,-5.711,13.774
-0.242,-8.336,14.367
0.452,-5.771,13.743
1.366,-6.694,14.066
3.35,-6.558,14.066
1.328,-2.751,13.69
2.596,-5.785,8.503
2.292,-8.271,6.022
3.634,-3.345,8.601
3.732,-3.618,7.034
5.19,-1.225,7.661
8.778,2.967,4.749
4.158,-0.847,1.232
2.041,1.438,-0.354
-0.883,4.06,-1.933
0.572,-0.522,-5.06
6.084,1.615,-0.924
3.586,3.663,2.364
3.941,1.541,3.017
0.407,0.935,1.928
1.455,-0.754,4.744
2.629,-0.397,4.299
1.337,-2.747,5.4
1.18,-5.96,5.718
3.902,-0.579,7.218
6.237,0.177,10.13
4.821,-7.254,4.106
3.086,-5.048,7.18
0.34,8.453,11.563
-3.462,-1.613,8.235
-8.675,-12.159,15.43
-3.56,-0.172,18.078
-4.362,-3.926,16.554
-6.501,-3.862,17.703
-3.185,-7.051,16.018
-3.45,-1.761,18.196
-0.005,-5.637,11.408
-1.16,-5.594,13.269
0.608,-5.477,10.365
-0.758,-7.029,10.75
-0.88,-4.357,13.15
-0.88,-7.003,11.879
-0.811,-6.46,11.425
0.364,-6.735,10.953
-0.72,-5.615,12.226
-0.28,-5.91,12.09
0.526,-5.472,12.15
-0.56,-4.529,12.367
0.763,-5.022,12.303
0.062,-5.017,12.422
-1.163,-6.204,11.427
2.134,-4.728,11.468
2.328,-2.297,11.362
0.435,-2.845,10.491
1.512,-2.567,8.654
1.17,-3.534,8.087
1.66,-4.474,8.372
2.476,-0.218,7.013
2.653,2.249,4.218
-0.313,0.11,6.68
3.883,2.024,2.038
2.594,1.292,3.682
2.103,-0.613,4.936
2.89,0.345,5.553
4.582,1.969,6.747
3.259,2.129,7.125
2.211,0.433,6.97
3.771,-1.014,6.759
4.716,-1.002,7.881
4.06,1.244,8.412
5.252,0.687,7.967
5.115,-0.148,8.673
2.421,-1.878,10.563
1.888,1.177,12.54
3.22,1.163,12.008
3.003,1.428,9.967
3.065,1.579,9.377
2.364,0.921,10.446
3.503,1.18,11.367
3.795,1.469,12.279
2.806,-2.074,12.059
1.806,-1.771,10.97
2.474,-1.969,8.46
2.565,-0.536,8.829
0.909,0.002,7.852
2.34,0.768,4.637
2.278,-0.727,5.524
2.053,2.127,6.637
2.33,2.206,3.725
4.417,2.455,5.63
2.83,1.543,5.489
1.792,1.637,1.232
0.132,2.0,1.828
-2.34,-2.323,3.328
-5.668,-1.244,3.366
-3.73,-1.928,5.713
-3.469,-3.472,5.879
-6.651,-4.359,11.111
-2.962,0.739,9.912
-2.847,0.766,10.623
-0.227,-4.78,5.931
6.675,-11.006,4.041
-6.508,-2.053,6.426
-3.63,-1.053,9.185
-5.008,-1.756,9.891
-5.027,2.68,8.216
-7.74,-0.333,9.506
-6.608,-2.062,4.933
-5.477,-1.794,6.726
-6.369,-3.575,4.95
-5.515,-1.749,5.252
-5.754,0.431,6.95
-6.436,0.44,6.206
-8.905,4.78,6.47
-11.197,5.934,3.807
-9.977,-0.268,2.842
-10.135,-1.337,-1.33
-15.219,1.646,0.249
-17.839,10.03,1.199
-18.466,8.982,0.234
-22.521,1.993,-2.689
-28.252,-6.95,-3.405
-25.811,-7.745,-3.125
-21.725,-12.985,-3.778
-23.849,-10.415,-4.398
-26.672,-4.197,-5.67
-34.771,-12.812,-6.642
-32.896,-14.561,-8.556
-22.995,-15.748,2.015
-17.236,-9.398,-2.048
-17.791,-8.094,1.041
-27.103,-3.965,4.634
-21.289,2.357,2.098
-15.93,12.683,4.331
-12.018,2.615,4.01
-19.356,-3.108,4.457
-14.882,4.838,6.374
-13.276,4.496,2.845
-16.662,2.445,-3.907
-8.745,0.301,-8.049
-9.613,2.682,-8.781
-8.446,6.058,-7.881
-11.164,4.354,-8.929
-9.633,4.936,-5.699
-11.721,8.75,3.548
-10.003,5.029,6.63
-21.385,-4.127,6.132
-14.384,-8.219,6.242
-12.334,11.831,9.601
-13.513,4.488,7.592
-14.394,3.015,7.486
-20.732,5.687,3.247
-19.899,-5.156,0.947
-19.358,-6.702,-0.861
-19.093,-4.788,-0.569
-20.727,-4.948,1.163
-18.7,-6.924,0.514
-18.074,-4.371,-1.648
-18.349,-5.835,1.29
-17.92,-3.311,-0.146
-18.258,-3.618,-4.68
-15.315,-2.866,-7.936
-13.707,-1.079,-10.774
-10.424,-2.558,-9.01
-12.142,-2.036,-4.687
-16.018,0.816,-1.297
-16.729,14.308,-3.826
-19.772,11.554,-17.399
-29.496,2.175,36.97
-64.793,47.469,24.385
1.113,9.623,-4.57
-12.097,6.761,5.082
-0.249,-6.721,10.365
-12.815,6.941,18.822
1.543,12.193,14.544
0.593,10.401,20.023
1.431,8.539,18.217
2.036,8.939,3.029
-3.57,6.505,17.851
-2.01,6.697,12.729
0.962,7.8,11.855
-0.986,5.056,9.85
-1.462,2.62,11.616
-2.388,1.373,11.202
-2.146,2.345,9.566
-0.407,2.629,8.489
-1.101,2.658,7.393
-2.043,3.395,9.58
-0.967,2.761,9.802
0.105,3.362,8.702
-0.835,2.517,8.953
-0.361,1.165,10.063
-1.134,0.864,9.726
-0.553,1.275,8.448
-0.902,0.435,7.029
-0.94,-0.218,6.448
-0.816,0.16,6.08
-2.859,-1.907,7.027
-1.821,-1.692,7.821
-1.579,-1.974,7.252
-0.962,-2.732,7.458
-1.574,-1.94,7.991
-0.955,-2.29,7.154
-1.567,-2.407,8.214
-1.352,-2.268,6.266
-1.136,-5.201,7.522
-1.735,-3.718,6.022
-2.239,-3.108,6.06
-1.617,-2.122,6.651
-2.737,-0.378,7.364
-3.783,-1.699,6.989
-3.364,-1.177,5.752
-3.701,-1.878,4.701
-4.237,-4.228,2.646
-4.658,-5.417,-1.66
-10.276,0.825,0.847
-11.142,11.841,3.708
-9.558,6.092,5.532
-11.437,6.312,3.998
-16.791,10.956,7.773
-17.93,11.348,7.888
-16.913,4.675,0.825
-19.021,-11.482,-0.895
-24.971,-6.022,-3.307
-17.31,-10.917,-4.627
-22.859,-12.42,-5.888
-21.445,-19.098,-1.993
-24.495,-13.654,-1.467
-27.385,-20.272,1.012
-33.381,-23.402,-1.105
-29.785,-6.924,-0.761
-28.572,3.39,0.299
-31.187,7.592,3.67
-23.036,14.518,6.182
-20.655,3.46,11.736
-14.174,3.543,6.893
-20.038,-0.534,1.239
-17.447,0.562,2.333
-19.624,-2.204,0.089
-16.313,-1.912,-2.089
-13.418,4.936,-5.302
-16.808,0.794,-7.577
-16.054,-0.084,-2.137
-17.82,3.546,-0.845
-9.073,8.274,-2.539
-12.059,-1.732,1.723
-12.59,0.12,9.905
-10.393,2.517,10.066
-16.817,-5.991,12.391
-6.343,-7.671,9.298
-10.372,-1.838,10.214
-10.398,4.149,12.482
-25.055,3.082,11.2
-24.179,-8.29,4.599
-24.189,-2.168,1.349
-22.373,-2.347,-1.249
-22.234,-5.412,-3.481
-19.373,-3.886,-5.149
-19.832,-4.292,-1.517
-20.471,-5.632,3.584
-19.794,-3.067,-0.974
-18.885,-3.998,-2.653
-18.528,-5.847,-5.938
-17.746,-1.534,-11.219
-12.195,-2.919,-4.134
-14.733,7.45,-6.245
-16.516,4.553,-10.762
-19.368,4.398,-14.052
-31.053,13.367,-11.647
-41.899,70.438,5.981
-22.473,42.205,1.744
1.048,1.799,5.309
-3.618,-5.742,7.64
-9.006,5.125,14.138
-5.498,16.442,23.852
-2.268,12.807,21.593
7.517,7.539,8.965
-6.57,10.489,15.968
-4.618,8.85,17.057
4.986,8.341,20.667
-2.199,10.276,17.547
-3.223,8.14,13.882
0.081,4.247,12.346
-0.304,2.472,8.489
-2.103,3.754,11.171
0.589,5.611,10.463
0.096,3.237,9.872
-1.553,2.646,9.022
0.294,3.352,7.223
1.017,2.969,7.374
1.392,1.967,6.242
1.203,3.094,4.481
2.584,3.031,5.223
0.452,1.68,4.737
0.548,1.306,3.716
3.455,0.361,2.29
3.161,1.053,3.534
-0.045,-0.306,5.457
-3.005,1.136,6.431
-3.347,-0.974,4.405
-1.0,0.093,5.733
-0.108,1.742,4.955
-2.0,-0.828,2.998
-4.108,-3.441,5.379
-1.644,-5.01,5.106
-3.653,3.807,6.472
-6.173,-1.086,6.836
-4.35,-3.393,8.716
-6.182,-3.385,7.293
-4.055,-2.204,6.12
-6.807,-3.29,8.494
-5.089,0.024,7.041
-6.285,5.388,7.269
-6.541,3.201,5.331
-7.922,3.11,4.689
-10.171,3.95,6.527
-7.568,-1.046,6.319
-9.288,-4.187,3.699
-12.709,-2.536,0.464
-18.342,-1.878,0.679
-19.193,-0.17,6.156
-20.062,5.099,3.938
-18.564,3.658,2.017
-18.418,1.543,1.5
-24.065,-2.086,0.026
-21.818,-3.208,-1.96
-20.949,-7.601,-3.096
-26.45,-16.047,-3.732
-27.091,-7.448,-5.792
-24.431,-2.184,-5.752
-20.473,-12.432,-5.405
-37.824,-21.119,-5.166
-21.241,-3.689,-3.823
-13.963,-0.081,5.367
-13.604,5.678,6.558
-17.511,6.281,7.826
-21.464,-7.455,9.47
-15.021,-0.184,5.412
-11.726,2.259,2.713
-5.127,0.242,-0.112
-14.76,-5.146,-6.582
-12.788,-1.275,-3.697
-13.803,4.957,-4.986
-17.294,7.596,-5.84
-12.606,5.233,-9.207
-10.616,4.232,-11.262
-11.927,5.563,-3.661
-14.805,6.331,0.285
-12.071,1.519,6.149
-7.161,0.971,10.647
-14.535,8.434,10.113
-21.263,0.615,12.001
-6.666,5.142,7.041
-11.094,-2.838,7.305
-20.069,-0.869,8.156
-19.968,-5.06,5.158
-14.516,-4.414,3.627
-18.351,-0.132,2.278
-18.949,2.263,1.077
-17.585,-1.515,0.754
-18.873,-4.225,-1.586
-16.313,-1.974,-2.158
-15.26,-2.763,-0.091
-19.437,-2.773,1.381
-19.976,-3.893,0.29
-16.052,-0.144,-5.4
-13.808,3.108,-6.075
-11.42,6.245,-3.902
-10.379,6.359,-2.16
-9.592,7.087,-1.153
-15.353,6.711,-4.957
-18.334,15.341,-7.876
-15.894,12.408,-10.535
-31.589,-32.36,78.39
-11.362,30.58,12.051
5.596,-6.596,1.237
-4.668,-6.328,1.924
-2.072,14.865,15.155
-6.034,19.26,19.971
-7.206,13.709,23.141
-6.965,7.671,17.009
1.919,6.682,12.796
-5.706,11.774,15.32
-1.596,8.644,14.628
-3.417,7.13,16.762
-1.51,5.321,15.781
-1.263,4.467,12.583
-0.909,3.663,9.412
-0.493,4.584,8.302
-1.893,3.883,8.317
-1.28,1.349,7.132
0.385,0.464,7.206
2.137,2.797,6.967
1.936,1.864,6.903
0.971,1.495,6.532
1.029,2.373,6.063
0.782,4.283,5.005
0.4,5.316,5.402
-0.352,3.527,5.663
0.416,2.424,4.034
2.034,-0.373,3.445
-1.101,-0.624,4.247
-2.029,-0.821,6.118
-3.096,0.687,6.51
-2.208,-0.278,5.902
-2.419,-0.057,4.941
-2.926,-1.615,6.927
-3.311,-0.699,5.62
-3.553,-3.235,6.209
-4.603,-4.402,6.898
-3.842,0.208,7.027
-5.606,-2.29,7.343
-5.771,-5.204,5.776
-5.465,-3.919,5.74
-5.95,-3.601,4.687
-4.247,-3.022,4.098
-7.781,-0.29,5.347
-6.644,2.311,6.113
-8.163,4.252,6.082
-9.958,2.149,5.4
-10.178,1.768,7.494
-12.276,6.704,7.771
-12.803,1.165,0.28
-13.063,2.266,-5.328
-20.93,-7.565,-2.988
-21.839,-4.354,0.62
-20.992,-1.524,2.926
-22.244,2.113,4.479
-23.332,8.041,2.601
-23.385,-6.13,-2.034
-21.938,-10.865,-5.498
-23.888,-10.786,-6.185
-22.335,-4.029,-6.613
-21.502,-4.962,-6.424
-18.868,-8.845,-6.831
-23.572,-8.58,-6.802
-20.72,-5.185,-2.156
-14.463,9.941,1.34
-13.709,10.008,3.256
-18.169,4.297,4.668
-21.947,-0.577,5.907
-17.227,-4.307,-0.572
-21.1,-4.065,2.464
-15.738,-4.711,-1.33
-10.544,-6.326,-2.086
-15.238,-1.969,-5.352
-13.769,1.67,-4.567
-10.862,3.177,-7.592
-7.848,14.044,-6.06
-7.891,10.982,-5.283
-10.982,13.119,-0.361
-12.35,9.982,1.933
-12.606,3.596,1.058
-15.624,2.684,0.792
-15.903,-9.178,7.044
-9.525,-11.106,4.065
-14.233,-1.172,7.766
-8.769,-0.775,5.606
-16.552,-6.379,4.709
-17.798,-3.914,3.271
-20.064,-2.684,3.732
-18.109,0.031,2.94
-18.222,1.18,3.115
-15.719,-0.412,1.404
-14.269,-4.311,-0.1
-15.432,-6.273,0.438
-14.623,-3.924,8.709
-15.92,1.309,-2.677
-14.133,-1.275,-5.843
-10.221,-2.627,-7.51
-10.556,1.687,-5.577
-8.152,12.016,-2.967
-8.367,3.938,-6.06
-14.277,-2.079,-5.778
-18.827,0.768,-8.4
-17.731,16.31,-13.891
-15.506,-11.571,78.39
-28.273,37.066,11.13
-2.706,-1.62,4.29
-8.125,-2.754,-4.472
1.294,-1.517,3.795
-4.467,6.855,21.44
-5.434,4.926,27.168
-7.027,9.994,24.206
-0.141,0.072,11.987
-9.68,7.795,19.361
-4.087,7.884,12.087
-2.297,6.704,10.511
-0.057,4.304,10.145
-1.268,2.866,11.087
-1.45,3.17,11.023
-2.976,2.172,11.834
-2.936,0.012,10.379
-2.61,-0.553,9.905
-2.527,-1.282,8.898
-1.505,-0.993,8.195
-0.471,1.311,9.061
-1.22,-0.567,8.9
-1.787,-0.01,8.845
-2.192,-0.316,8.498
-2.065,1.153,7.539
-1.306,1.627,7.654
-1.991,-0.67,8.74
-1.89,-2.101,7.862
-1.541,-1.098,8.704
-1.622,-0.543,8.632
-1.381,-2.833,7.477
-1.287,-2.505,8.647
-0.818,-2.976,7.795
-1.902,-2.144,9.185
-1.29,-2.048,7.273
-2.287,-3.278,7.57
-1.634,-3.015,7.319
-2.199,-3.041,7.697
-1.589,-3.196,7.714
-1.914,-4.517,7.259
-1.706,-5.106,6.52
-2.05,-2.981,6.682
-2.759,-3.378,7.116
-2.431,-4.441,6.331
-2.0,-4.515,5.19
-4.101,-7.101,3.151
-6.371,-2.653,4.907
-5.874,-0.452,4.469
-4.931,-4.687,3.094
-5.804,0.56,2.007
-8.125,8.034,3.342
-11.149,5.096,2.555
-10.487,5.321,-1.258
-12.487,7.003,0.641
-13.097,6.726,1.747
-16.085,5.883,2.835
-18.679,2.206,1.321
-19.935,5.223,2.534
-17.286,0.95,2.249
-16.975,-7.218,-1.967
-19.32,-11.968,-2.665
-18.454,-10.819,-5.948
-12.37,-16.908,-4.429
-23.517,-17.53,1.132
-23.866,-12.956,5.163
-20.763,-16.406,4.354
-19.765,-11.915,-1.517
-20.528,-11.413,0.629
-13.908,-1.581,-1.05
-20.356,-1.558,0.959
-21.674,6.546,1.309
-21.574,9.467,-1.34
-14.865,3.027,4.536
-12.764,-1.754,2.792
-14.808,-2.67,0.443
-10.451,2.218,-4.098
-15.92,2.512,-2.354
-15.769,-0.95,-6.855
-12.54,1.971,-7.998
-16.595,0.194,-8.089
-21.014,13.662,-5.474
-11.946,-0.371,-5.704
-9.231,2.333,-3.285
-12.934,5.022,1.268
-13.221,7.766,3.694
-16.337,1.974,1.187
-16.392,-1.869,-1.526
-16.356,-9.979,-0.112
-7.199,-1.995,7.506
-8.183,-0.093,8.501
-15.088,4.335,9.972
-22.107,-8.783,8.226
-23.265,-2.763,2.893
-20.612,-1.247,-2.39
-19.394,-1.548,-5.838
-16.092,-1.448,-5.254
-15.09,-1.641,-1.419
-13.98,-2.85,0.49
-14.284,-3.575,3.842
-15.521,-4.8,3.402
-14.827,-4.017,-0.12
-14.308,-2.981,-5.302
-12.293,-2.027,-8.47
-7.941,3.187,-9.235
-7.934,3.957,-6.149
-16.463,-3.158,-8.455
-22.229,-8.032,-15.915
-40.715,4.139,-2.943
1.73,70.172,9.697
-11.764,21.323,-4.914
-8.393,14.98,-1.723
-2.101,7.819,6.113
-6.888,11.054,7.651
-4.13,9.379,21.796
-5.206,7.376,24.739
8.527,8.977,9.793
-5.225,9.965,16.655
-9.35,12.13,19.571
-2.756,11.133,15.612
1.641,11.783,15.212
-1.869,6.111,13.15
0.479,6.111,11.838
-0.285,2.012,11.286
-2.208,3.082,11.882
-1.376,1.821,11.166
-0.024,0.347,10.848
-0.065,1.634,8.915
0.079,1.206,7.994
0.053,0.421,9.506
1.282,-0.328,7.032
2.105,0.017,4.776
0.421,1.797,3.625
2.297,1.376,6.101
3.385,3.622,3.967
3.089,5.149,4.156
2.086,4.467,2.751
1.359,2.048,3.519
-1.799,3.326,5.668
-2.73,4.113,4.807
-2.522,0.364,6.108
-3.531,0.156,3.941
-3.302,-1.481,0.175
-2.744,-3.634,4.433
-4.96,-5.283,6.17
-5.221,-1.172,8.039
-3.575,-0.711,12.274
-4.768,1.024,10.905
-5.682,0.476,8.771
-3.967,-1.931,6.47
-4.905,-2.517,7.752
-6.931,-0.538,8.778
-4.218,1.732,8.319
-5.144,-0.395,7.125
-6.355,0.809,7.314
-7.561,-1.352,4.91
-6.754,-2.019,5.0
-7.972,-4.546,5.089
-10.149,0.318,6.711
-9.721,2.689,5.8
-11.154,1.129,5.682
-13.726,1.247,4.754
-12.707,-1.577,7.307
-15.394,4.448,7.185
-16.1,3.058,4.878
-16.978,2.689,1.895
-19.868,0.947,-0.182
-23.017,-4.989,0.28
-23.978,-4.84,-1.201
-22.665,-8.465,-4.204
-18.954,-10.032,-5.333
-26.792,-13.126,-6.589
-23.892,-17.894,-0.632
-14.846,-12.173,1.342
-24.282,-1.924,-0.038
-22.493,-9.46,-0.821
-17.114,-2.144,0.069
-10.401,11.152,-0.067
-8.589,4.0,2.897
-19.691,-4.886,4.094
-9.377,4.161,2.472
-12.781,-0.11,3.34
-15.494,-3.082,-0.098
-8.154,3.941,0.56
-17.078,-1.641,-3.914
-10.982,-0.742,-4.35
-13.15,0.306,-6.45
-10.128,2.847,-8.419
-12.705,2.823,-5.843
-10.424,3.35,-7.584
-9.266,6.039,-4.058
-9.008,5.888,-4.448
-8.037,6.883,-1.763
-7.465,3.993,3.299
-9.046,1.211,5.536
-8.094,5.424,4.223
-11.69,-5.422,9.116
-11.834,-6.017,8.542
-12.061,-2.871,9.491
-5.173,-4.761,10.075
-14.994,-8.941,8.405
-22.194,-8.324,7.245
-19.578,-4.766,5.113
-16.296,-2.706,3.053
-14.836,-3.833,3.354
-15.19,-4.228,4.608
-13.049,-4.34,3.048
-13.528,-3.9,3.321
-13.281,-6.915,1.189
-15.504,-7.577,1.373
-17.217,-4.206,-0.991
-15.509,-3.921,-2.596
-12.027,-3.505,-7.013
-10.994,-5.486,-6.749
-12.135,4.984,-3.847
-9.345,10.192,-2.751
-8.099,7.462,-5.709
-18.059,-2.723,-8.862
-26.055,11.114,-11.807
-30.013,-1.596,20.593
-33.07,34.207,15.736
-5.52,6.663,7.333
-9.149,5.041,8.152
0.0,7.118,9.082
1.474,12.508,16.207
-11.669,13.061,22.261
1.701,2.615,19.789
-5.335,11.774,16.289
-5.127,7.427,17.925
-0.589,3.661,14.367
-3.048,4.587,16.31
-0.689,5.343,15.925
-2.673,3.981,13.831
-1.644,0.266,11.688
-2.409,-0.596,10.917
0.074,3.185,10.092
0.601,3.144,10.03
0.79,-0.045,6.276
1.01,-0.373,5.737
-0.268,1.158,6.288
1.536,-0.108,4.721
0.653,-0.522,3.45
2.67,0.124,2.149
4.182,0.833,2.637
0.668,-0.11,6.168
1.096,3.694,5.577
-3.522,3.397,6.493
-2.625,2.933,5.292
-2.83,-0.672,6.838
-3.474,1.486,5.96
-2.098,0.543,5.424
-3.531,-1.639,6.711
-4.589,-1.859,7.068
-2.278,0.115,4.541
-6.223,1.665,6.029
-5.819,-0.055,7.197
-4.213,1.034,7.108
-6.962,-2.412,7.106
-6.237,-2.658,7.199
-5.852,-1.177,6.34
-6.225,0.208,5.132
-7.412,2.969,4.522
-7.695,4.905,4.713
-10.161,5.981,4.398
-8.549,3.055,4.85
-12.133,2.582,4.488
-14.186,1.046,5.247
-14.071,3.204,3.527
-16.518,1.038,1.017
-17.215,1.9,-0.251
-19.815,1.122,-1.503
-21.153,-1.763,-0.624
-26.617,-5.039,1.29
-24.952,-6.362,0.928
-21.813,-5.041,0.156
-19.777,-9.451,0.316
-25.548,-13.906,2.153
-32.774,-4.323,0.873
-21.208,-3.366,-0.356
-24.036,-9.652,-1.974
-15.49,0.007,-3.345
-17.968,6.424,-3.108
-9.709,9.601,0.05
-25.955,11.434,3.505
-10.898,2.589,11.075
-16.738,-5.833,5.546
-17.578,2.137,2.287
-16.148,-1.144,-4.558
-15.344,-1.833,-2.4
-12.255,-0.84,-4.606
-12.867,-2.467,-9.386
-17.27,2.498,-4.776
-11.865,8.13,-5.613
-8.379,5.058,-3.852
-10.312,9.537,-3.792
-7.618,9.86,-1.684
-12.879,0.821,1.05
-14.678,6.776,7.929
-19.236,-5.149,5.45
-13.023,3.548,-0.026
-5.62,-3.263,7.685
-8.948,-0.72,10.575
-20.095,1.225,14.147
-17.633,-4.608,7.812
-14.341,-8.219,4.91
-15.446,-9.432,4.151
-18.375,-6.324,3.201
-19.679,-5.103,2.426
-19.2,-5.687,-0.409
-17.31,-5.292,1.742
-16.279,-4.709,0.428
-18.921,-5.795,0.512
-14.013,-0.306,-6.764
-14.968,3.73,-8.869
-13.724,3.723,-6.058
-14.31,0.778,-2.254
-23.722,5.19,-1.842
-37.597,-22.28,15.485
-39.719,34.484,26.677
2.34,16.782,3.065
-3.685,2.821,4.283
-4.058,-5.907,8.317
2.962,-4.867,13.621
-8.996,13.52,23.194
-12.446,11.549,23.064
6.462,-0.29,13.279
-6.568,6.678,18.684
-2.01,5.316,13.748
-4.223,4.596,12.348
-5.225,5.35,12.252
-2.495,2.385,10.738
-3.223,0.115,12.834
-3.572,0.156,12.563
-3.914,1.084,9.64
-3.129,0.644,8.013
-1.443,1.565,8.408
-1.713,-0.933,7.238
-0.412,-0.869,7.68
0.325,0.684,7.903
-1.373,-0.347,7.9
-1.108,-0.888,8.013
-1.888,-2.204,7.855
-2.129,-2.251,8.503
-1.794,-2.675,8.41
-1.742,-2.108,8.101
-1.926,-0.536,8.963
-2.634,0.333,10.329
-2.34,-0.541,10.343
-2.094,-1.287,9.097
-1.318,-3.539,8.013
-0.945,-3.307,8.144
-1.438,-3.931,7.922
-1.579,-3.938,6.936
-1.479,-5.022,4.288
-2.371,-4.206,4.852
-2.945,-3.972,5.352
-1.909,-3.639,6.343
-1.457,-3.354,6.735
-1.223,-1.656,7.644
-3.342,-1.273,6.087
-4.087,-3.708,2.689
-4.871,-5.307,5.268
-5.072,-3.783,3.519
-4.955,-2.986,3.752
-6.295,1.627,3.682
-9.833,-0.007,2.507
-12.08,3.429,3.34
-14.499,6.161,5.797
-14.308,4.206,4.087
-14.568,3.06,-0.251
-13.765,6.675,-0.459
-19.255,6.314,2.407
-19.346,4.933,3.034
-21.294,-3.601,1.9
-19.571,-4.754,-4.354
-18.258,-14.15,-7.226
-16.947,-16.277,-7.479
-19.732,-19.208,-2.823
-19.411,-13.765,-2.405
-25.005,-12.846,-1.955
-9.068,-13.418,-2.742
-27.211,-10.764,-3.297
-14.15,0.845,0.67
-18.162,9.678,-1.014
-19.186,-2.9,1.66
-27.29,0.696,4.218
-18.789,8.886,7.238
-14.461,2.725,1.483
-14.085,6.754,4.756
-20.014,4.766,1.785
-15.478,-1.151,-3.78
-18.638,-5.41,-5.024
-14.667,0.534,-3.883
-9.633,2.141,-6.912
-7.443,7.235,-10.934
-11.319,9.534,-9.491
-13.075,3.319,-6.551
-7.269,6.431,-5.898
-10.257,1.505,-3.096
-8.69,4.185,1.328
-14.954,-1.196,6.405
-16.875,0.191,6.388
-14.183,-5.838,7.58
-9.771,-8.187,13.597
-14.631,-3.158,6.604
-15.662,-3.991,6.769
-18.562,-4.658,4.003
-17.521,-6.604,2.424
-18.231,-0.203,3.182
-18.842,2.955,3.835
-19.066,0.127,2.871
-18.511,-2.539,1.883
-18.961,-2.007,2.105
-18.667,-2.462,0.641
-18.188,-0.876,-1.022
-15.769,-1.914,-1.704
-15.219,-0.593,-7.163
-13.788,-0.668,-8.24
-13.111,-1.821,-8.675
-12.26,1.172,-8.015
-16.078,4.357,-5.211
-16.648,2.79,-8.929
-21.796,12.42,-25.467
-78.39,-1.158,72.871
-25.538,50.536,6.807
0.108,8.936,-3.285
-0.627,10.618,-0.182
-4.723,5.288,12.24
-11.958,11.121,17.657
-12.743,5.101,25.158
-6.733,4.663,23.313
-9.063,2.381,8.18
-2.149,12.745,14.789
-0.414,10.41,12.657
-5.288,4.833,10.948
-1.732,5.599,11.372
-1.163,4.441,10.826
-3.481,4.692,11.642
-3.364,2.936,9.24
-2.543,3.311,8.769
-1.605,0.33,8.484
-2.249,1.921,7.718
-1.861,0.12,7.068
0.136,-0.242,6.642
-0.536,1.902,8.63
-0.608,0.557,8.319
-2.419,1.127,7.994
-1.818,0.758,7.869
-1.68,0.146,8.037
-1.622,-0.986,8.685
-1.821,-2.263,8.345
-2.16,-1.244,7.738
-1.847,-2.369,7.367
-2.555,-1.534,9.092
-3.206,-1.704,8.931
-3.254,-1.235,8.254
-3.199,-1.316,8.996
-1.967,-1.196,7.233
-2.314,-0.392,6.771
-2.216,-1.766,5.3
-3.72,-4.862,5.065
-3.405,-4.421,5.173
-3.424,-6.793,4.474
-3.72,-6.922,4.539
-3.682,-4.706,5.991
-5.685,-4.048,5.209
-5.335,-2.225,4.713
-5.91,-1.237,3.972
-5.237,0.256,3.668
-7.202,-1.565,4.436
-7.986,-3.189,3.17
-9.07,-0.05,2.316
-9.211,1.366,4.601
-9.967,2.208,3.948
-11.216,-0.675,3.273
-11.051,2.871,2.55
-12.248,4.835,3.146
-14.133,6.577,3.359
-15.719,4.249,1.979
-15.071,0.457,2.105
-15.963,-1.17,0.56
-15.97,-1.591,1.94
-18.734,-0.601,1.144
-18.456,-4.677,-2.115
-17.705,-8.63,-1.823
-19.5,-11.836,-2.361
-23.66,-11.657,-3.993
-20.21,-13.298,-1.208
-21.409,-5.95,-2.61
-18.535,-14.198,-3.61
-17.662,-6.565,-0.806
-15.03,-7.348,-0.852
-12.695,-2.244,0.012
-9.688,4.043,-0.869
-8.951,-5.237,2.041
-11.542,1.634,3.388
-14.32,-3.378,4.354
-12.066,-6.376,3.555
-13.599,-2.907,0.677
-12.975,-5.242,0.127
-10.362,-3.685,-1.146
-10.422,-1.598,-3.4
-7.419,0.373,-4.218
-9.142,1.311,-5.245
-9.659,4.029,-8.982
-9.183,2.663,-10.41
-6.328,2.852,-11.434
-7.532,3.225,-11.219
-6.627,4.955,-11.082
-5.527,6.127,-10.204
-6.58,7.996,-10.996
-7.596,6.752,-9.056
-7.68,6.553,-6.991
-7.36,5.271,-3.582
-5.635,6.654,-2.115
-8.19,7.393,1.873
-5.599,3.888,3.359
-4.594,-4.098,4.158
-4.536,-3.558,7.017
-5.206,-3.493,7.872
-4.587,-5.156,8.618
-4.424,-4.63,6.773
-4.182,-6.917,5.503
-6.206,-1.407,8.384
-11.513,5.079,11.511
-10.592,7.546,10.91
-8.714,3.955,10.348
-8.723,-1.318,9.164
-7.644,-4.658,7.628
-9.422,-4.914,9.19
-10.274,-0.876,10.338
-11.049,-0.694,7.419
-11.602,-2.622,5.357
-11.166,-2.192,7.216
-11.295,-0.933,6.752
-10.877,-1.01,6.249
-10.446,-2.768,8.142
-11.293,-2.577,9.946
-11.444,-1.957,9.178
-10.432,-1.641,8.649
-10.458,-2.443,9.647
-8.881,-2.701,9.099
-7.939,-2.208,9.515
-7.261,-2.266,9.166
-5.503,-2.347,7.891
-5.103,-2.72,7.814
-5.283,-2.283,7.996
-4.886,-0.88,7.472
-4.417,-1.684,7.477
-4.369,-1.833,7.501
-4.036,-1.78,7.467
-3.85,-1.744,7.037
-4.421,-1.861,6.929
-4.402,-1.495,6.96
-4.108,-1.244,5.857
-5.213,-2.127,6.967
-6.807,-3.297,8.297
-7.23,-2.486,8.058
-7.577,-1.165,6.508
-7.836,0.22,6.281
-8.745,0.979,9.616
-9.577,0.797,9.424
-8.386,1.182,6.723
-8.264,1.553,6.364
-7.974,3.694,9.197
-7.218,2.74,9.774
-9.022,0.445,9.537
-9.829,2.914,9.262
-9.472,4.682,9.544
-9.676,3.039,10.2
-8.475,2.163,9.489
-7.171,1.407,7.951
-6.431,1.775,8.092
-5.326,1.392,7.678
-5.871,0.67,8.345
-4.843,2.139,9.247
-4.304,2.259,8.061
-3.859,2.249,4.199
-2.586,4.134,2.931
-4.823,9.068,9.223
-4.867,5.721,9.408
-4.161,2.979,8.362
-4.283,0.146,7.685
-4.441,1.869,6.458
-3.912,4.381,6.355
-4.725,6.513,11.812
-7.417,8.333,16.085
-4.933,4.912,13.796
-4.5,-1.409,8.161
-3.79,1.376,8.082
-3.261,4.639,7.293
-3.496,2.644,6.151
-2.902,5.314,10.855
-6.06,1.806,13.889
-5.101,-0.569,11.511
-5.491,-0.672,8.58
-3.579,3.443,6.656
-2.83,5.749,6.556
-2.964,4.553,6.4
-3.129,3.732,7.364
-3.914,3.766,8.063
-3.909,4.962,8.778
-3.871,3.481,9.451
-2.924,4.491,8.776
-2.783,3.39,8.652
-2.962,4.527,9.149
-3.96,2.153,9.42
-4.453,2.043,10.006
-4.35,1.407,10.219
-4.29,1.471,9.02
-3.072,4.158,7.706
-3.374,1.445,8.285
-2.086,2.517,8.204
-2.828,1.177,7.278
-2.598,2.043,8.001
-3.656,3.551,9.128
-4.474,7.044,10.695
-4.512,4.922,9.264
-3.814,-0.019,7.769
-5.364,3.082,10.298
-5.486,-1.258,9.534
-3.455,0.809,9.173
-3.857,2.46,8.795
-3.84,2.606,8.888
-3.106,3.235,9.077
-2.498,2.811,9.274
-2.773,3.369,9.264
-2.539,0.983,9.697
-2.57,0.737,9.848
-2.589,0.297,9.788
-2.522,0.16,9.609
-1.995,0.342,9.848
-2.084,0.423,9.884
-2.467,0.562,9.776
-2.503,0.273,9.917
-2.105,0.359,9.903
-1.995,0.223,9.688
-2.321,0.273,9.69
-2.208,0.184,9.731
-1.993,0.172,9.824
-2.512,-0.182,9.69
-2.651,-0.031,9.697
-2.113,-0.033,9.68
-2.156,0.189,9.635
-2.218,0.474,10.025
-2.541,0.428,9.853
-2.105,0.514,10.159
-2.005,0.579,9.74
-2.23,0.66,9.924
-2.149,0.574,9.996
-1.96,0.479,9.841
-1.952,0.964,9.939
-2.16,0.895,9.853
-1.976,0.737,9.735
-1.696,0.735,9.678
-1.677,0.694,9.647
-1.766,0.699,9.92
-2.153,0.555,9.884
-2.534,0.294,9.786
-2.266,0.251,9.649
-2.11,0.273,9.606
-2.17,0.452,9.711
-1.483,0.077,9.802
-2.168,0.615,9.642
-1.687,0.282,9.924
-2.012,0.766,10.039
-1.495,0.907,9.944
-1.797,0.598,9.752
-1.558,0.278,9.69
-1.775,0.129,9.853
-2.208,0.349,10.214
-2.486,-0.112,9.75
-2.216,0.084,9.793
-1.89,0.526,9.814
-1.718,0.663,9.987
-1.699,0.703,9.855
-1.816,0.895,9.814
-1.895,0.517,9.812
-1.814,0.4,9.841
-1.799,0.435,9.884
-1.799,0.45,9.92
-2.074,0.39,9.805
-1.589,0.541,9.948
-1.5,0.593,9.924
-1.73,0.526,9.8
-1.861,0.349,9.762
-1.983,0.428,9.9
-1.797,0.163,9.941
-1.854,0.048,9.644
-1.945,0.285,9.771
-1.976,0.514,9.903
-1.751,0.431,10.003
-1.61,0.483,10.018
-1.701,0.512,9.967
-1.682,0.534,9.762
-1.548,0.617,9.836
-1.708,0.385,9.767
-1.897,0.146,9.877
-1.737,0.196,9.929
-1.737,0.38,9.948
-1.699,0.404,9.853
-1.648,0.352,9.86
-1.684,0.364,9.776
-1.835,0.395,9.85
-1.771,0.29,9.769
-1.797,0.368,9.795
-1.622,0.641,9.893
-1.842,0.553,9.948
-1.785,0.45,9.798
-1.916,0.622,9.869
-1.976,0.818,9.74
-1.873,0.857,9.898
-1.89,0.715,9.824
-1.759,0.665,9.874
-1.945,0.708,9.838
-2.005,0.608,9.912
-1.881,0.462,9.822
-1.933,0.526,9.778
-1.768,0.718,9.795
-1.567,1.046,9.867
-1.665,1.069,9.881
-1.732,0.857,9.731
-2.129,0.613,9.776
-1.993,0.519,9.917
-2.206,0.412,9.793
-1.895,0.469,9.733
-1.962,0.486,9.711
-1.771,0.577,9.9
-1.835,0.617,9.886
-1.706,0.538,9.812
-1.711,0.737,9.822
-1.785,0.756,9.845
-1.723,0.785,9.994
-1.723,0.546,9.85
-1.737,0.526,9.805
-1.943,0.608,9.757
-1.967,0.792,9.908
-1.586,0.761,9.891
-1.562,0.636,9.831
-1.945,0.546,9.805
-1.756,0.514,9.843
-1.756,0.488,9.872
-1.95,0.416,9.812
-1.981,0.505,9.86
-1.83,0.548,9.996
-1.802,0.548,9.912
-1.613,0.598,9.81
-1.931,0.732,9.802
-1.869,0.546,9.822
-1.933,0.29,9.75
-1.948,0.428,9.91
-1.912,0.447,9.874
-1.706,0.426,9.819
-1.656,0.586,9.831
-1.869,0.395,9.793
-1.699,0.431,9.774
-1.828,0.569,9.867
-1.799,0.483,9.805
-1.677,0.486,9.817
-1.768,0.421,9.884
-1.797,0.294,9.867
-1.878,0.203,9.898
-1.759,0.359,9.886
-2.055,0.39,9.9
-1.95,0.218,9.879
-1.759,0.158,9.747
-1.754,0.206,9.774
-1.773,0.354,9.778
-1.893,0.567,9.912
-2.067,0.481,9.893
-1.912,0.239,9.774
-1.804,0.268,9.831
-1.823,0.538,9.848
-1.96,0.526,9.836
-1.885,0.4,9.8
-1.811,0.323,9.939
-2.034,0.266,9.886
-2.012,0.127,9.757
-1.859,0.239,9.836
-1.838,0.321,9.805
-1.794,0.5,9.788
-1.94,0.347,9.884
-1.955,0.304,9.865
-1.943,0.364,9.855
-1.881,0.328,9.822
-1.814,0.22,9.747
-1.931,0.311,9.881
-1.983,0.249,9.86
-1.916,0.223,9.836
-1.993,0.352,9.807
-1.842,0.385,9.824
-1.861,0.287,9.826
-1.926,0.301,9.79
-1.945,0.349,9.769
-1.907,0.38,9.817
-1.847,0.304,9.889
-1.766,0.22,9.867
-1.699,0.426,9.891
-1.782,0.29,9.752
-1.866,0.184,9.81
-1.878,0.055,9.927
-1.857,-0.127,9.927
-1.809,0.1,9.862
-1.617,0.392,9.841
-1.9,0.9,9.934
-4.596,-7.233,9.386
1.101,9.513,7.69
1.354,10.257,7.269
-1.971,-1.347,10.006
-1.799,0.077,9.838
-1.876,0.337,9.759
-1.991,0.342,9.788
-2.129,0.38,9.81
-1.806,0.127,9.795
-1.816,0.426,9.948
-1.78,0.574,9.862
-1.869,0.581,9.812
-1.916,0.505,9.812
-2.038,0.203,9.57
-2.242,0.177,9.707
-2.053,0.182,9.831
-2.077,0.378,9.936
-1.833,0.493,9.877
-1.816,0.787,9.673
-1.548,0.677,9.877
-2.235,-0.048,9.714
-2.567,-0.144,9.616
-2.062,0.345,9.869
-1.821,0.902,9.927
-1.486,0.935,9.833
-1.354,0.758,9.723
-2.242,0.536,9.661
-2.668,0.598,9.656
-2.574,0.794,9.647
-2.826,0.632,9.841
-2.129,0.912,9.965
-1.928,0.483,9.836
-2.125,0.486,9.606
-2.39,0.95,9.664
-1.974,0.792,9.771
-2.062,0.711,9.786
-2.35,0.653,9.707
-2.498,0.455,9.666
-2.515,0.433,9.673
-2.22,0.498,9.762
-1.912,0.55,9.79
-1.794,0.689,9.805
-2.196,0.376,9.707
-2.5,0.866,9.719
-2.275,1.215,9.941
-0.656,1.412,10.336
-2.094,0.557,9.836
-1.983,1.038,9.774
-1.964,0.924,9.601
-2.888,0.739,9.833
-1.766,0.864,9.783
-2.225,0.012,9.743
-2.108,1.05,9.783
-1.914,0.792,9.707
-2.05,1.079,9.75
-2.728,0.871,9.678
-2.158,0.756,9.917
-2.359,0.479,9.769
-2.251,1.041,9.606
-2.342,1.048,9.884
-2.314,0.644,9.915
-2.562,0.514,9.688
-2.491,0.818,9.499
-2.043,1.079,9.494
-2.316,0.938,9.85
-2.254,0.785,9.994
-1.967,0.849,9.664
-2.5,1.184,9.432
-2.503,1.34,9.745
-2.534,0.467,9.893
-2.62,0.543,9.733
-2.488,0.792,9.549
-2.651,1.263,9.546
-2.708,1.292,9.659
-2.584,0.873,9.812
-2.553,0.711,9.733
-2.806,0.823,9.647
-2.385,0.919,9.609
-2.464,1.247,9.597
-2.318,1.034,9.716
-2.873,0.622,9.745
-2.424,0.725,9.716
-2.515,1.555,9.479
-1.861,1.366,9.644
-2.364,0.725,9.762
-2.235,0.49,9.731
-2.622,1.053,9.621
-2.259,1.347,9.589
-2.156,0.986,9.738
-2.149,0.749,9.793
-2.01,1.16,9.764
-2.627,1.117,9.594
-4.393,-1.01,9.767
-2.007,-0.201,9.92
-4.297,-2.555,9.752
-1.084,3.263,9.807
-2.606,0.749,9.566
-2.787,0.041,9.814
-2.175,1.146,9.826
-2.57,0.818,9.692
-2.45,0.742,9.635
-2.668,0.864,9.795
-2.326,1.218,9.723
-2.151,1.134,9.656
-2.242,1.132,9.633
-2.33,0.854,9.733
-2.321,0.45,9.817
-2.273,0.751,9.755
-1.993,1.347,9.731
-2.022,1.311,9.707
-2.555,0.993,9.719
-2.505,0.723,9.678
-2.283,0.433,9.683
-2.28,1.203,9.726
-2.153,1.136,9.676
-2.263,0.979,9.747
-2.213,0.914,9.783
-2.519,0.802,9.625
-2.268,0.864,9.695
-2.299,0.806,9.704
-2.33,0.675,9.755
-2.263,1.189,9.673
-2.637,0.598,9.747
-2.505,1.079,9.69
-2.208,1.034,9.661
-2.29,1.067,9.64
-2.182,1.194,9.637
-2.402,1.072,9.64
-2.682,0.646,9.776
-2.414,0.711,9.656
-2.354,1.146,9.633
-2.216,1.225,9.702
-2.105,1.103,9.709
-2.019,1.108,9.824
-2.342,0.991,9.592
-1.957,0.847,9.735
-2.74,1.125,9.776
-1.794,0.904,9.58
-2.283,0.912,9.752
-2.144,0.586,9.733
-2.364,0.859,9.633
-2.232,0.983,9.733
-2.01,1.024,9.771
-2.055,0.861,9.75
-2.388,0.871,9.676
-2.72,0.603,9.659
-2.208,0.782,9.688
-1.881,1.156,9.802
-1.108,2.5,9.577
-2.127,0.971,9.759
-2.668,0.852,9.812
-2.256,0.636,9.716
-1.957,1.026,9.757
-1.878,0.385,9.097
-2.285,0.976,9.874
-1.632,1.512,9.764
-0.62,1.928,9.185
-1.809,1.237,10.188
-2.704,-0.036,10.188
-3.254,-0.708,9.197
-1.022,1.56,8.888
-1.641,1.821,9.343
-1.381,1.72,9.673
-2.019,1.122,9.704
-3.208,-0.074,10.061
-3.055,0.895,9.685
-2.476,1.11,9.321
-2.237,-0.05,9.728
-2.785,-0.093,9.831
-3.196,-0.763,9.924
-2.687,0.055,9.683
-2.405,0.732,9.566
-2.723,0.443,9.898
-2.529,-0.866,9.807
-2.634,1.818,11.975
-4.357,0.5,9.271
-2.912,0.373,9.822
-2.254,-1.438,9.831
-1.902,-0.55,9.618
-1.55,0.699,9.7
-1.66,0.885,9.491
-2.546,-0.873,9.774
-4.28,1.081,10.061
-1.991,-4.639,9.975
-2.103,-0.943,10.276
-1.347,0.062,10.023
-2.479,1.644,9.489
-2.596,1.041,9.855
-2.098,-0.134,9.735
-2.414,0.177,9.719
-1.983,0.445,9.745
-1.869,1.065,9.843
-2.091,0.737,9.85
-2.101,0.378,9.841
-2.302,0.361,9.776
-2.038,0.536,9.661
-2.223,0.696,9.747
-2.163,0.656,9.805
-2.242,0.419,9.733
-2.199,0.921,9.671
-2.07,1.026,9.688
-2.294,0.689,9.771
-2.342,0.526,9.798
-2.388,0.567,9.68
-2.175,0.644,9.778
-2.003,0.854,9.69
-2.644,0.869,9.786
-2.641,0.474,9.865
-2.419,-0.029,9.879
-1.971,0.354,9.841
-2.168,0.787,9.64
-2.239,0.964,9.582
-2.424,0.06,9.872
-2.826,-1.744,10.087
-1.589,0.627,9.606
-2.481,1.804,9.838
-2.428,1.486,9.613
-1.981,1.105,9.678
-1.924,-0.196,9.9
-2.223,-0.244,9.714
-2.302,0.45,9.872
-2.151,0.947,9.704
-2.266,1.201,9.68
-2.259,1.134,9.606
-1.883,0.811,9.755
-1.943,-0.06,9.788
-2.426,-0.364,9.884
-2.4,0.493,9.774
-2.347,1.12,9.743
-2.117,0.806,9.644
-2.082,0.297,9.841
-2.287,0.086,9.848
-2.328,0.56,9.755
-2.438,0.84,9.64
-2.254,1.089,9.7
-2.043,0.845,9.721
-2.038,0.45,9.745
-2.096,0.471,9.838
-2.414,0.634,9.58
-2.517,1.113,9.582
-2.263,0.488,9.805
-2.098,0.356,9.833
-2.117,0.615,9.697
-2.467,0.782,9.666
-2.455,0.976,9.534
-2.448,0.854,9.733
-2.16,0.278,9.915
-2.168,-0.014,9.81
-2.077,0.804,9.293
-2.809,1.67,9.714
-2.785,0.536,9.654
-1.991,0.093,9.81
-1.921,-0.201,9.822
-2.12,0.706,9.836
-2.211,1.357,9.606
-2.926,0.256,9.542
-2.177,0.732,9.805
-1.694,0.294,9.869
-2.168,0.775,9.688
-2.35,0.498,9.661
-2.467,-0.227,9.886
-2.467,-0.055,9.92
-2.381,1.024,9.642
-2.371,1.416,9.63
-2.098,0.715,9.836
-2.23,0.368,9.793
-2.405,0.335,9.692
-2.495,0.67,9.781
-2.369,0.715,9.597
-2.244,0.512,9.642
-2.172,0.27,9.764
-2.328,0.742,9.656
-2.338,0.682,9.609
-2.22,0.306,9.786
-2.201,0.33,9.721
-2.517,0.622,9.666
-2.462,1.144,9.534
-2.134,1.352,9.664
-2.323,0.244,9.793
-2.352,0.562,9.611
-2.543,0.739,9.7
-2.204,0.581,9.795
-2.376,0.435,9.759
-2.39,1.227,9.762
-2.395,0.617,9.836
-2.156,0.421,9.841
-2.369,0.78,9.688
-2.275,1.553,9.616
-1.842,1.369,9.7
-2.036,0.385,9.829
-2.22,0.495,9.577
-2.548,0.694,9.652
-2.591,0.144,9.683
-2.718,0.761,9.92
-2.151,0.696,9.924
-2.268,0.495,9.86
-2.51,0.835,9.281
-2.723,0.931,9.527
-2.338,0.05,9.798
-2.34,0.031,9.759
-2.491,0.653,9.726
-2.601,1.314,9.621
-2.539,0.361,9.767
-2.438,-0.124,9.833
-2.361,0.373,9.625
-2.297,1.536,9.711
-2.321,0.768,9.778
-2.56,0.096,9.853
-2.627,-0.218,9.621
-2.29,0.792,9.759
-2.091,0.919,9.757
-2.316,0.983,9.723
-2.12,0.751,9.872
-1.952,0.256,9.745
-2.137,0.677,9.652
-2.412,0.467,9.814
-2.283,0.421,9.695
-2.254,0.555,9.793
-2.345,0.79,9.642
-2.07,0.414,9.649
-2.146,0.555,9.714
-2.053,0.17,9.836
-2.419,0.543,9.874
-2.216,0.481,9.81
-2.096,0.524,9.721
-2.601,0.529,9.673
-2.582,0.813,9.633
-2.23,0.835,9.721
-2.45,0.761,9.896
-2.376,0.892,9.769
-2.472,1.258,9.723
-2.67,1.438,9.69
-2.45,0.768,9.769
-2.036,-0.148,9.841
-1.955,-0.077,9.671
-2.043,0.103,9.769
-2.235,-0.079,9.74
-2.323,-0.172,9.695
-2.503,0.184,9.673
-2.462,0.146,9.709
-2.16,0.73,9.767
-2.137,0.423,9.697
-2.304,0.62,9.874
-2.163,0.495,9.723
-2.046,0.325,9.573
-3.5,0.735,10.13
-2.232,1.72,10.121
-2.108,2.065,9.92
-2.287,-0.481,9.778
-2.366,-1.83,9.348
-3.003,-0.61,9.534
-2.79,0.61,9.707
-2.613,0.799,9.86
-2.158,1.05,9.661
-2.345,0.031,9.778
-2.287,-0.129,9.63
-2.517,-0.086,9.719
-2.297,0.182,9.599
-2.316,0.225,9.656
-2.297,0.531,9.826
-2.381,0.179,9.702
-2.522,-0.067,9.896
-2.421,0.139,9.743
-2.397,0.383,9.625
-2.18,1.072,9.702
-1.804,0.758,9.889
-2.182,0.115,9.934
-2.553,-0.072,9.491
-2.991,-0.22,9.731
-2.519,0.091,9.774
-2.304,0.0,9.946
-2.261,0.246,9.707
-2.299,0.318,9.491
-2.493,0.543,9.647
-2.565,0.921,9.812
-2.299,0.488,9.848
-2.467,0.05,9.771
-2.433,0.555,9.747
-2.266,1.026,9.623
-2.46,1.192,9.678
-2.72,1.282,9.477
-3.084,0.909,9.458
-2.821,0.495,9.652
-2.29,0.435,9.841
-2.608,1.208,9.994
-2.582,0.83,9.743
-2.292,1.038,9.723
-2.299,0.258,9.671
-3.017,-0.041,9.436
-2.326,0.849,9.86
-2.23,0.699,9.64
-2.426,0.744,9.711
-2.407,0.304,9.692
-2.328,0.397,9.721
-2.172,0.665,9.793
-2.297,0.428,9.747
-2.476,0.703,9.68
-2.684,0.636,9.577
-2.39,0.562,9.757
-1.9,0.103,9.793
-2.278,0.414,9.831
-2.213,0.342,9.762
-2.785,0.639,9.628
-2.117,0.873,9.764
-1.617,1.306,9.704
-1.936,0.524,9.886
-1.737,0.548,9.738
-2.316,0.577,9.719
-2.22,0.507,9.728
-2.003,0.498,9.783
-2.177,0.457,9.68
-2.242,0.371,9.735
-2.184,0.519,9.688
-2.22,0.608,9.74
-2.06,0.569,9.735
-2.153,0.77,9.771
-1.983,0.395,9.776
-2.067,0.443,9.9
-2.244,0.562,9.709
-2.103,0.5,9.726
-2.084,0.431,9.771
-2.223,0.586,9.74
-2.175,0.546,9.747
-2.287,0.555,9.807
-2.29,0.38,9.719
-2.098,0.388,9.75
-2.323,0.555,9.735
-2.065,0.746,9.788
-1.974,0.601,9.79
-2.321,0.51,9.824
-2.311,0.648,9.656
-2.141,0.962,9.697
-2.318,0.842,9.745
-2.383,0.467,9.843
-2.704,1.053,10.011
-2.56,1.101,9.714
-2.211,0.787,9.649
-1.921,0.134,9.601
-2.283,0.385,9.824
-2.153,0.51,9.831
-2.139,0.935,9.69
-2.139,0.79,9.652
-2.12,0.876,9.683
-2.196,0.813,9.8
-1.51,0.139,8.343
-2.617,1.325,9.905
-2.369,0.67,9.609
-2.065,0.584,9.692
-2.225,0.694,9.798
-2.256,0.593,9.74
-2.096,0.634,9.826
-2.16,0.627,9.75
-2.395,0.818,9.676
-2.68,1.036,9.743
-2.61,1.079,9.788
-2.419,0.61,9.642
-1.72,0.301,9.616
-2.292,0.603,9.745
-2.16,0.792,9.709
-2.079,0.746,9.695
-2.12,0.672,9.704
-2.208,0.462,9.52
-2.577,0.928,9.831
-2.464,1.055,9.845
-2.268,0.512,9.604
-2.359,0.498,9.733
-2.271,0.622,9.822
-1.95,0.373,9.721
-1.938,0.689,9.589
-1.759,0.718,8.795
-2.634,1.024,9.879
-2.634,0.792,9.829
-2.541,0.632,9.723
-2.058,0.103,9.604
-2.232,0.72,9.81
-2.015,0.648,9.68
-2.096,0.77,9.692
-2.225,0.802,9.668
-2.352,0.179,9.185
-2.818,0.804,9.9
-2.546,1.007,9.903
-2.601,0.706,9.661
-2.055,0.163,9.35
-2.259,0.56,9.704
-2.206,0.529,9.774
-2.046,0.77,9.824
-2.335,1.45,9.601
-2.35,1.247,9.721
-2.74,1.56,9.927
-2.878,0.828,10.078
-2.261,0.031,9.644
-2.125,0.546,9.527
-1.981,1.397,9.781
-1.897,0.806,9.774
-1.986,0.892,9.728
-2.294,0.684,9.654
-2.876,1.177,9.769
-2.797,0.914,9.623
-2.72,0.988,9.824
-2.417,0.479,9.616
-1.969,0.519,9.563
-2.196,0.617,9.664
-2.074,0.806,9.757
-2.113,0.866,9.735
-2.34,0.945,9.716
-1.933,-0.098,8.599
-2.976,1.05,9.994
-2.486,0.782,9.654
-1.993,0.318,9.298
-2.232,0.993,9.676
-2.034,0.687,9.64
-1.881,0.904,9.819
-2.278,0.778,9.63
-2.524,0.991,9.709
-3.103,0.974,9.75
-3.039,0.543,9.869
-2.428,0.715,9.74
-1.708,0.562,9.513
-2.058,1.352,9.711
-2.129,0.598,9.735
-1.993,0.493,9.752
-2.132,0.663,9.671
-1.806,0.907,8.908
-2.845,1.091,9.855
-2.665,1.136,9.788
-2.271,1.017,9.597
-2.35,0.897,9.635
-2.113,1.074,9.731
-1.924,0.392,9.769
-2.019,0.756,9.611
-2.239,1.163,9.601
-1.814,0.679,9.231
-2.897,0.885,9.934
-2.608,0.933,9.716
-2.44,0.967,9.625
-2.704,0.919,9.673
-2.239,0.959,9.843
-1.914,0.782,9.86
-1.969,1.081,9.695
-2.397,1.251,9.556
-2.687,0.816,9.812
-2.699,0.77,9.905
-2.543,1.079,9.697
-2.287,0.967,9.525
-2.35,1.017,9.69
-2.046,0.388,9.771
-1.704,0.668,9.697
-2.328,0.938,9.575
-2.512,1.165,9.74
-2.866,0.337,10.161
-2.424,0.022,9.549
-2.321,1.266,9.542
-2.598,1.797,9.448
-2.45,1.538,9.482
-2.486,1.395,9.654
-2.211,1.139,9.69
-1.96,1.184,9.673
-2.017,1.237,9.609
-1.816,0.847,9.798
-2.431,0.292,9.869
-3.048,0.677,9.582
-2.96,1.244,9.522
-2.917,0.613,9.826
-2.369,0.818,9.824
-2.46,0.699,9.51
-3.067,1.318,9.63
-2.44,0.529,9.444
-2.251,0.328,9.774
-1.974,1.139,9.781
-2.294,1.153,9.647
-2.483,0.816,9.642
-2.177,0.756,9.592
-2.768,0.498,10.178
-2.5,0.988,9.74
-2.641,0.849,9.554
-2.393,0.888,9.762
-2.445,0.866,9.642
-2.426,0.778,9.611
-2.357,1.005,9.652
-2.598,0.924,9.666
-2.56,0.818,9.704
-2.5,0.787,9.613
-2.522,0.883,9.709
-2.278,0.287,9.637
-2.606,1.323,9.802
-2.405,0.907,9.537
-2.491,1.065,9.561
