-0.117,2.165,9.793
-0.115,2.053,9.877
-0.223,1.902,9.872
-0.199,1.648,9.417
-0.184,1.651,9.317
-0.189,2.115,9.666
-0.036,2.696,10.044
-0.024,3.094,10.044
-0.05,3.144,9.805
0.002,2.713,9.444
-0.105,2.407,9.487
-0.141,2.187,9.609
-0.124,2.058,9.716
-0.227,2.129,9.692
-0.199,2.345,9.735
-0.139,2.512,9.819
-0.11,2.483,9.728
-0.093,2.565,9.647
-0.242,2.472,9.577
-0.203,2.318,9.661
-0.179,2.244,9.731
-0.153,2.251,9.723
-0.06,2.168,9.743
-0.091,2.232,9.7
0.007,2.261,9.714
0.098,2.28,9.508
-0.179,2.237,9.683
-0.079,2.39,9.709
-0.254,2.467,9.774
-0.179,2.529,9.642
-0.266,2.55,9.635
-0.045,2.445,9.611
-0.062,2.417,9.7
-0.007,2.407,9.597
-0.045,2.342,9.714
-0.084,2.055,9.68
-0.048,2.299,9.566
0.019,2.388,9.656
0.038,2.328,9.609
-0.211,2.481,9.833
0.182,2.405,9.539
0.014,2.443,9.577
-0.069,2.45,9.587
-0.065,2.366,9.759
-0.232,2.443,9.862
-0.237,2.326,9.75
0.033,2.381,9.671
-0.022,2.452,9.616
0.285,2.345,9.499
0.134,2.34,9.623
0.029,2.273,9.771
0.055,2.225,9.788
-0.024,2.18,9.613
0.134,2.385,9.606
0.139,2.369,9.707
0.048,2.352,9.731
0.124,2.218,9.58
0.115,2.357,9.652
0.022,2.335,9.704
0.05,2.271,9.757
0.117,2.393,9.692
0.089,2.364,9.642
-0.433,2.44,9.855
0.462,2.232,9.554
0.215,2.431,9.771
0.268,2.737,9.845
-0.007,2.562,9.755
0.069,2.067,9.671
0.098,2.117,9.63
0.416,2.278,9.537
0.366,2.395,9.721
0.045,2.445,9.795
0.191,2.304,9.678
0.218,2.218,9.69
0.313,2.261,9.685
0.244,2.479,9.671
0.199,2.369,9.668
0.194,2.294,9.685
0.244,2.263,9.726
0.412,2.553,9.692
0.285,2.397,9.647
0.373,2.261,9.573
0.49,2.278,9.609
0.531,2.357,9.599
0.364,2.326,9.635
0.153,2.244,9.774
0.031,2.086,9.776
0.098,2.242,9.731
0.297,2.651,9.654
-0.129,2.127,9.848
-0.086,1.988,9.807
0.017,1.936,9.793
-0.029,2.007,9.656
-0.029,1.84,9.812
-0.029,1.89,9.805
-0.06,1.998,9.812
0.036,2.036,9.831
0.086,2.017,9.767
0.024,2.146,9.812
0.041,2.062,9.819
-0.134,2.072,9.776
-0.199,2.053,9.819
-0.089,2.05,9.85
0.151,2.28,9.735
-0.148,2.239,9.776
0.029,2.455,9.637
0.407,2.357,9.587
0.239,2.122,9.671
0.239,2.285,9.659
0.055,2.409,9.719
0.304,2.455,9.63
0.412,2.23,9.644
0.347,2.223,9.7
0.196,2.283,9.69
0.447,2.539,9.685
0.337,2.531,9.659
0.227,2.464,9.74
0.294,2.306,9.637
0.364,2.318,9.652
0.4,2.385,9.635
0.502,2.323,9.647
0.462,2.297,9.635
0.409,2.323,9.707
0.522,2.271,9.697
0.629,2.211,9.654
0.763,2.266,9.628
0.479,2.122,9.683
0.732,2.141,9.747
0.668,2.194,9.733
0.519,2.656,9.721
0.924,3.141,9.508
0.361,2.754,9.606
0.093,2.436,9.611
0.115,2.216,9.738
-0.187,2.483,9.879
0.184,2.297,9.688
0.208,2.364,9.623
0.122,2.615,9.633
0.189,2.617,9.618
0.227,2.723,9.587
0.292,2.639,9.616
0.215,2.708,9.609
0.239,2.689,9.525
0.175,2.637,9.57
0.201,2.428,9.53
0.012,2.548,9.597
0.069,2.493,9.656
0.187,2.443,9.57
0.081,2.46,9.673
0.112,2.421,9.625
0.069,2.445,9.714
-0.002,2.467,9.678
-0.084,2.472,9.721
0.007,2.311,9.723
0.038,2.318,9.683
-0.022,2.436,9.599
-0.007,2.426,9.642
0.017,2.424,9.652
0.043,2.402,9.647
0.029,2.302,9.688
0.134,2.283,9.666
-0.093,2.29,9.711
-0.232,2.311,9.695
-0.146,2.302,9.644
0.05,2.338,9.692
-0.062,2.412,9.625
0.002,2.488,9.778
-0.074,2.424,9.769
-0.045,2.433,9.685
0.933,2.187,9.731
-0.459,1.933,9.917
0.033,2.149,9.695
-0.139,2.278,9.695
-0.182,2.409,9.723
-0.084,2.462,9.692
-0.074,2.476,9.747
0.005,2.412,9.604
-0.043,2.294,9.64
-0.325,2.266,9.74
-0.108,2.328,9.685
-0.002,2.28,9.673
-0.139,2.438,9.704
-0.127,2.476,9.738
-0.122,2.39,9.824
-0.079,2.235,9.85
0.057,2.192,9.688
0.132,2.321,9.518
0.089,2.584,9.482
0.012,2.725,9.518
0.065,2.369,9.491
0.005,2.278,9.597
-0.036,2.335,9.688
-0.242,2.4,9.831
0.184,2.383,9.767
0.122,2.515,9.719
0.244,2.503,9.594
0.225,2.567,9.508
0.103,2.517,9.671
0.062,2.443,9.707
0.017,2.364,9.637
-0.057,2.424,9.63
-0.026,2.452,9.685
0.029,2.527,9.654
0.05,2.548,9.633
0.115,2.474,9.577
0.16,2.476,9.546
0.072,2.45,9.601
-0.022,2.467,9.728
0.01,2.385,9.805
-0.007,2.414,9.644
0.045,2.383,9.678
0.093,2.414,9.633
0.132,2.438,9.711
0.191,2.407,9.757
0.16,2.4,9.843
0.11,2.397,9.781
-0.333,6.357,10.429
-0.321,3.039,9.31
1.108,1.756,9.183
-0.062,2.598,9.367
-0.117,2.574,9.549
0.158,2.577,9.625
0.067,2.74,9.68
0.096,2.594,9.661
0.024,2.455,9.802
0.148,2.299,9.917
0.179,2.206,9.881
0.057,2.11,9.786
0.069,1.931,9.664
-0.019,1.881,9.719
0.0,1.957,9.755
-0.081,2.144,9.802
-0.081,2.294,9.723
-0.062,2.376,9.826
0.1,2.433,9.728
0.136,2.472,9.625
0.098,2.469,9.484
0.084,2.479,9.491
0.108,2.417,9.52
0.084,2.342,9.57
0.072,2.304,9.702
0.079,2.244,9.721
0.105,2.086,9.807
0.024,2.12,9.759
0.002,2.065,9.709
0.024,2.103,9.829
0.06,2.041,9.788
0.091,2.108,9.745
0.041,2.149,9.747
0.1,2.206,9.695
0.139,2.249,9.666
0.093,2.345,9.664
0.062,2.342,9.656
-0.041,2.359,9.707
-0.041,2.266,9.692
0.005,2.199,9.659
0.05,2.211,9.661
0.089,2.321,9.659
0.084,2.338,9.644
0.031,2.275,9.664
0.019,2.16,9.668
0.019,2.096,9.68
0.065,2.117,9.618
0.134,2.156,9.781
0.093,2.268,9.783
0.136,2.323,9.745
0.055,2.359,9.711
0.122,2.34,9.656
-0.012,2.388,9.68
-0.007,2.426,9.695
0.167,2.251,9.685
-0.746,4.599,10.142
-0.012,2.426,9.903
0.261,2.483,9.714
-0.28,2.242,9.58
0.179,2.206,9.64
-0.041,2.407,9.738
0.007,2.218,9.633
0.05,2.251,9.656
0.06,2.266,9.716
0.0,2.292,9.704
0.055,2.333,9.678
0.012,2.259,9.719
0.007,2.227,9.685
0.129,2.149,9.697
0.213,2.218,9.7
0.048,2.318,9.685
0.158,2.39,9.635
0.108,2.294,9.647
0.017,2.361,9.774
0.05,2.448,9.752
-0.002,2.507,9.702
0.041,2.364,9.592
0.053,2.383,9.475
0.05,2.45,9.58
-0.103,2.541,9.704
0.158,2.546,9.592
0.196,2.393,9.656
-0.108,2.357,9.582
-0.01,2.376,9.604
0.17,2.338,9.633
-0.077,2.613,9.716
0.333,2.687,9.537
0.299,2.608,9.525
0.077,2.716,9.63
0.069,3.144,9.649
0.354,2.555,9.477
0.077,2.553,9.702
-0.022,2.536,9.664
0.306,2.469,9.822
0.043,2.541,9.726
0.148,2.596,9.539
0.335,2.517,9.439
0.388,2.5,9.467
0.27,2.596,9.609
0.359,2.462,9.678
0.495,2.206,9.649
0.261,2.515,9.714
0.615,2.314,9.64
-0.201,2.704,9.711
0.199,2.61,9.496
0.084,2.713,9.728
0.175,2.596,9.525
0.048,2.687,9.637
-0.022,2.775,9.599
0.278,2.448,9.501
0.364,2.443,9.534
0.34,2.665,9.532
0.44,2.558,9.527
0.175,2.515,9.688
0.426,2.603,9.587
0.66,2.421,9.678
0.234,2.467,9.678
0.397,2.361,9.549
0.519,2.424,9.616
0.392,2.318,9.647
0.524,2.515,9.63
0.419,2.732,9.661
0.433,2.524,9.597
0.474,2.491,9.606
-0.024,2.629,8.632
0.668,2.306,9.532
0.584,2.192,9.561
0.629,2.385,9.649
0.644,2.419,9.716
0.601,2.455,9.735
0.713,2.34,9.649
0.617,2.275,9.589
0.445,2.05,9.549
0.682,2.35,9.537
0.833,2.617,9.489
0.811,2.359,9.599
0.541,2.503,9.42
-0.359,3.778,9.647
0.196,3.421,9.865
0.213,3.96,9.692
0.323,3.342,9.53
0.333,3.053,9.451
0.414,2.866,9.333
0.66,3.187,9.348
-0.328,3.177,9.467
1.244,2.598,9.223
7.314,3.792,7.427
-0.646,4.039,9.434
1.481,3.027,9.41
0.529,3.412,9.183
1.029,3.436,8.955
0.871,3.752,8.893
0.828,4.072,8.96
0.691,4.498,9.056
0.584,4.778,9.25
0.634,4.606,9.298
0.694,4.266,9.199
0.758,3.744,9.192
0.732,3.577,9.35
0.95,3.512,9.372
0.701,2.888,8.656
1.06,2.929,8.733
0.895,3.972,9.436
1.053,3.546,9.625
0.828,3.484,9.362
0.914,3.742,9.274
0.914,3.957,9.176
0.878,3.972,9.144
0.364,3.266,9.094
0.66,3.397,9.221
0.804,3.323,9.13
0.778,3.479,9.192
0.821,3.263,9.333
0.696,3.388,9.46
0.811,3.182,9.484
0.689,3.266,9.429
0.866,3.33,9.298
0.892,3.429,9.197
0.696,3.642,9.156
0.804,3.74,9.195
0.627,3.701,9.271
0.787,3.575,9.214
0.713,3.649,9.281
0.871,3.505,9.223
0.713,3.491,9.188
0.596,3.718,9.214
0.821,3.57,9.185
0.799,3.498,9.197
0.732,3.598,9.276
0.708,3.357,9.367
0.871,3.263,9.451
0.869,3.273,9.295
0.916,3.161,9.235
0.857,3.342,9.219
0.66,3.369,9.281
0.61,3.438,9.298
0.488,3.653,9.329
0.553,3.814,9.266
0.804,4.024,9.197
0.957,3.376,9.264
0.617,3.436,9.58
0.799,3.029,9.386
0.72,3.232,9.281
0.66,3.204,9.171
0.557,3.333,9.324
0.675,3.656,9.326
0.629,3.531,9.305
0.366,3.405,9.137
0.557,3.345,9.132
0.83,3.177,9.31
0.718,3.089,9.475
0.751,2.957,9.444
0.557,3.18,9.455
0.761,3.039,9.357
-0.203,3.405,9.554
0.589,3.125,9.331
-0.658,3.744,9.176
0.89,2.835,9.07
2.333,3.658,9.061
0.356,3.053,9.319
0.529,3.12,9.388
0.371,2.814,9.463
0.304,2.524,9.642
0.124,1.45,10.125
1.17,6.285,5.357
1.689,10.613,7.264
2.503,10.934,-0.227
-1.136,0.459,10.118
0.622,2.9,8.994
0.517,2.725,9.362
-0.356,3.196,10.13
0.148,3.287,10.288
0.172,2.613,10.274
0.019,2.486,10.018
0.5,2.242,9.917
-0.029,1.914,9.46
-1.395,3.283,9.781
-0.129,3.486,9.951
0.285,2.206,9.537
-0.531,2.974,9.515
0.105,3.101,9.501
0.187,3.402,9.302
0.596,3.74,9.228
0.246,3.986,9.085
0.022,3.838,9.13
-0.682,3.536,9.283
-0.373,3.644,9.118
1.06,3.649,9.214
0.323,3.819,9.286
0.031,4.024,9.223
0.206,4.041,9.077
0.44,4.089,8.924
0.912,4.354,9.015
0.179,4.407,9.087
0.275,4.529,8.711
0.16,4.682,8.781
0.471,4.855,8.85
0.12,4.878,8.781
-0.041,4.754,8.539
0.175,4.895,8.355
0.249,5.352,8.503
0.263,5.544,8.448
0.194,5.524,8.436
0.333,5.333,8.319
0.273,5.309,8.297
0.352,5.46,8.199
0.189,5.448,8.199
0.4,5.704,8.152
0.38,5.931,8.039
0.574,6.063,8.135
0.885,7.517,6.587
0.213,7.728,12.188
0.804,13.513,8.891
1.294,10.618,2.826
0.679,5.496,8.386
0.723,5.29,7.951
0.526,5.493,8.013
0.479,5.618,8.075
0.479,5.737,7.974
0.648,5.831,7.924
0.428,6.003,8.132
0.534,5.893,8.015
0.567,5.907,7.955
0.617,5.702,7.903
0.591,5.697,7.922
0.548,5.926,8.092
0.49,5.979,8.116
0.459,5.702,8.219
0.323,5.579,8.219
0.356,5.685,8.183
0.459,5.855,8.096
0.603,6.051,7.919
0.778,5.922,7.704
0.694,5.776,7.692
0.665,5.761,7.735
0.725,5.816,7.594
0.79,5.905,7.699
0.67,6.161,7.773
0.684,6.498,7.647
0.754,6.369,7.486
0.766,6.292,7.41
0.687,6.546,7.46
0.641,6.919,7.376
0.636,6.761,7.218
0.675,6.761,7.233
0.646,6.718,7.058
0.756,6.513,7.017
0.864,6.74,6.91
1.005,6.826,6.776
0.904,6.922,6.671
1.067,7.137,6.671
1.022,7.216,6.594
1.06,7.328,6.388
1.029,7.659,6.352
1.019,7.647,6.352
0.998,7.319,6.345
1.098,7.348,6.362
1.0,7.486,6.326
1.261,7.185,6.106
1.225,7.36,5.958
1.196,7.455,6.068
1.364,7.001,6.18
1.072,7.386,6.242
1.103,7.551,6.19
0.751,5.319,7.565
-0.175,1.558,12.618
-0.505,-2.074,12.879
0.517,10.207,12.877
2.625,10.441,-3.223
-0.402,0.232,16.081
3.053,17.815,-2.259
1.206,3.761,7.905
2.357,8.324,4.479
1.39,7.604,6.269
1.55,6.187,5.702
1.732,7.577,5.986
1.378,7.931,6.173
1.627,7.644,5.986
1.39,7.376,5.821
1.311,7.754,6.185
1.443,7.625,6.309
1.345,7.573,6.281
1.421,7.58,6.328
1.507,7.558,6.381
1.426,7.498,6.374
1.476,7.486,6.403
1.658,8.486,6.135
2.053,7.919,6.029
1.57,7.675,6.075
1.503,7.927,6.225
1.321,6.627,5.886
2.012,7.57,5.857
1.622,7.721,6.015
2.017,7.156,5.888
1.627,7.314,6.276
1.555,7.97,6.891
1.538,7.101,5.704
1.847,7.721,5.912
1.498,7.819,6.273
1.414,7.644,6.379
1.498,7.372,6.235
1.404,7.259,6.338
1.62,7.336,6.316
1.469,7.716,6.321
1.706,7.699,6.281
1.598,7.352,6.434
1.529,6.749,5.998
1.711,7.295,5.862
1.359,7.714,5.776
1.464,8.034,6.336
1.433,7.08,6.398
1.759,6.991,6.321
1.768,7.056,6.374
1.309,8.147,6.498
1.775,6.828,5.835
1.706,8.166,6.489
1.483,7.297,5.948
1.9,7.173,6.077
1.421,7.931,6.221
1.771,7.183,5.795
1.572,7.886,6.302
1.249,7.47,6.472
1.414,7.982,6.331
1.34,7.546,6.022
1.665,7.467,6.005
1.689,7.261,6.048
1.57,7.668,5.958
1.627,7.604,6.048
1.639,7.85,5.967
1.409,7.965,5.812
1.471,7.907,5.857
1.696,7.441,5.929
1.725,7.149,5.981
2.012,7.295,5.924
1.964,7.417,5.797
2.082,7.503,5.864
1.842,7.343,5.881
1.981,7.391,5.821
1.766,7.484,5.852
1.816,7.482,5.79
1.711,7.821,5.869
1.732,7.888,5.898
1.756,7.994,6.013
1.663,7.685,5.931
1.665,7.896,6.029
1.675,7.747,5.996
1.756,7.745,5.886
1.778,7.628,5.84
1.778,7.651,5.833
1.629,7.558,5.828
1.948,7.568,5.821
1.881,7.651,5.788
2.015,7.601,5.871
1.873,7.611,5.835
1.881,7.663,5.893
1.926,7.618,5.886
1.9,7.417,5.845
1.761,7.386,5.881
1.684,7.477,5.862
1.601,7.582,5.979
1.696,7.62,5.922
1.553,7.721,6.075
1.593,7.718,6.075
1.57,7.654,5.958
1.663,7.632,6.151
1.479,7.556,6.151
1.579,7.596,5.958
1.668,7.561,5.996
1.608,7.699,5.9
1.739,7.733,5.797
1.651,7.812,5.838
1.639,7.64,5.828
1.55,7.601,6.036
1.596,7.663,6.156
1.648,7.584,6.029
1.694,7.482,6.041
1.766,7.331,5.996
1.735,7.381,5.926
1.699,7.537,5.902
1.675,7.647,5.783
1.792,7.699,5.776
1.701,7.582,5.922
1.732,7.608,5.857
1.622,7.651,5.977
1.546,7.594,6.161
1.637,7.592,5.941
1.641,7.537,5.938
1.632,7.616,6.058
1.574,7.764,5.969
1.581,7.656,5.888
1.543,7.666,5.907
1.608,7.544,5.79
1.507,7.809,5.934
1.445,7.888,5.922
1.522,7.742,5.936
1.491,7.795,5.828
1.505,7.778,5.91
1.414,7.596,5.864
1.419,7.702,5.938
1.373,7.596,6.113
1.371,7.395,6.06
1.515,7.728,5.934
1.495,7.79,5.931
1.565,7.812,5.905
1.39,7.666,5.891
1.4,7.546,5.881
1.421,7.797,5.862
1.471,7.855,5.991
1.529,7.549,5.95
1.424,7.718,6.125
1.342,7.584,6.08
1.381,7.723,6.053
1.426,7.893,5.948
1.581,7.57,5.934
1.653,7.561,5.857
0.909,7.584,6.135
1.778,7.963,5.898
1.163,7.881,6.005
1.39,7.824,6.123
1.584,7.261,5.924
1.45,6.998,6.175
1.426,7.199,6.336
1.603,7.319,6.4
1.467,7.35,6.592
1.239,7.398,7.314
1.397,7.362,6.477
1.275,7.671,6.161
1.359,7.64,6.099
1.412,7.51,6.065
1.589,7.273,6.163
1.543,7.525,6.149
1.503,7.532,6.125
1.409,7.594,6.259
1.297,7.551,6.173
1.328,7.47,6.271
1.419,7.434,6.252
1.371,7.489,6.113
1.503,7.659,6.07
1.562,7.381,6.204
1.196,7.551,6.221
1.285,7.642,6.194
1.598,7.367,6.156
1.323,7.508,6.233
1.486,7.362,6.237
1.354,7.345,6.297
1.534,7.467,6.24
1.522,7.439,6.185
1.498,7.651,6.113
1.498,7.781,6.23
1.457,7.441,6.209
1.34,7.532,5.96
1.627,7.515,6.099
1.402,7.498,6.24
1.498,7.386,6.264
1.431,7.362,6.187
1.376,7.395,6.271
1.433,7.477,6.264
1.579,7.314,6.281
1.512,7.333,6.247
1.519,7.352,6.202
1.354,7.522,6.273
1.314,7.424,6.23
1.481,7.534,6.156
1.57,7.479,5.996
1.44,7.699,6.132
1.421,7.539,5.977
1.471,7.678,6.092
1.445,7.527,6.046
1.517,7.503,6.044
1.524,7.661,6.082
1.522,7.529,6.001
1.483,7.642,6.034
1.448,7.745,5.922
1.476,7.685,5.946
1.526,7.625,6.084
1.438,7.589,5.986
1.426,7.632,6.01
1.467,7.742,5.953
1.601,7.695,5.962
1.534,7.553,5.929
1.534,7.541,5.979
1.491,7.546,5.979
1.491,7.685,6.048
1.395,7.8,6.072
1.486,7.618,6.101
1.333,7.697,6.099
1.541,7.549,5.914
1.428,7.63,5.888
1.404,7.793,6.101
1.357,7.608,6.094
1.586,7.324,6.027
1.404,7.544,6.101
1.55,7.558,6.103
1.603,7.635,5.979
1.627,7.601,5.895
1.34,7.642,5.96
1.349,7.618,5.969
1.381,7.704,6.048
1.515,7.673,6.051
1.515,7.632,6.135
1.519,7.628,6.12
1.541,7.642,6.08
1.558,7.931,6.151
1.603,8.458,6.02
1.543,8.096,6.197
1.079,7.027,6.553
1.089,6.242,6.484
1.414,6.398,6.388
1.469,7.025,6.733
1.579,7.046,6.728
1.627,6.979,6.623
1.634,7.003,6.527
1.507,7.001,6.505
1.512,7.197,6.352
1.483,7.529,6.283
1.586,7.474,6.228
1.639,7.317,6.218
1.526,7.453,6.498
1.471,7.307,6.393
1.546,7.644,6.359
1.273,7.3,6.525
1.426,7.142,6.539
1.361,7.06,6.419
1.615,7.068,6.455
1.448,7.185,6.503
1.51,7.383,6.46
1.51,7.376,6.34
1.464,7.417,6.355
1.436,7.407,6.216
1.481,7.431,6.216
1.512,7.45,6.19
1.491,7.462,6.3
1.467,7.417,6.345
1.498,7.305,6.369
1.448,7.357,6.357
1.483,7.395,6.381
1.404,7.278,6.441
1.44,7.283,6.374
1.491,7.355,6.338
1.505,7.417,6.319
1.531,7.467,6.23
1.586,7.403,6.218
1.598,7.343,6.235
1.534,7.412,6.266
1.452,7.448,6.292
1.608,7.415,6.426
1.354,7.726,6.276
1.577,7.96,6.166
1.443,7.439,6.551
1.51,6.783,6.395
1.522,7.06,6.314
1.565,7.281,6.484
1.591,7.226,6.477
1.483,7.269,6.453
1.512,7.147,6.443
1.407,7.319,6.4
1.424,7.508,6.292
1.479,7.539,6.273
1.491,7.419,6.225
1.517,7.537,6.245
1.505,7.393,6.383
1.419,7.369,6.4
1.452,7.25,6.429
1.45,7.293,6.415
1.491,7.293,6.434
1.51,7.355,6.321
1.45,7.386,6.328
1.548,7.388,6.407
1.481,7.352,6.359
1.62,7.561,6.302
1.445,7.501,6.376
1.443,7.546,6.321
1.517,7.24,6.204
1.804,7.197,6.032
1.491,7.63,6.209
1.835,7.173,6.041
1.625,7.549,6.132
1.804,7.19,6.149
1.66,7.075,6.228
1.634,7.261,6.3
1.665,7.472,6.223
1.581,7.769,6.197
1.567,7.814,6.158
1.495,7.58,6.094
1.459,7.35,6.13
1.495,7.348,6.182
1.567,7.52,6.285
1.548,7.472,6.4
1.629,7.4,6.364
1.675,7.223,6.3
1.651,7.309,6.257
1.529,7.3,6.161
1.723,7.422,6.158
1.68,7.4,6.204
1.653,7.489,6.092
1.706,7.424,6.13
1.735,7.448,6.261
1.646,7.407,6.182
1.546,7.434,6.178
1.546,7.436,6.187
1.615,7.465,6.197
1.627,7.467,6.17
1.684,7.534,6.127
1.646,7.544,6.202
1.613,7.494,6.228
1.505,7.537,6.324
1.598,7.302,6.249
1.641,7.302,6.202
1.603,7.407,6.209
1.548,7.525,6.187
1.519,7.486,6.106
1.579,7.458,6.108
1.648,7.431,6.154
1.658,7.434,6.211
1.84,7.309,6.3
1.665,7.656,6.051
1.517,7.606,6.285
1.493,7.364,6.247
1.4,7.637,6.127
1.67,7.616,6.029
1.711,7.575,6.314
1.615,7.264,6.295
1.756,7.288,6.151
1.574,7.345,6.23
1.579,7.46,6.302
1.565,7.465,6.276
1.407,7.589,6.223
1.553,7.474,6.12
1.505,7.393,6.316
1.488,7.357,6.362
1.641,7.276,6.343
1.57,7.309,6.302
1.739,7.35,6.307
1.744,7.278,6.348
1.548,7.374,6.247
1.57,7.295,6.295
1.553,7.264,6.259
1.768,7.333,6.178
1.821,7.465,6.175
1.83,7.489,6.187
1.723,7.467,6.17
1.622,7.355,6.214
1.553,7.147,6.309
1.596,7.285,6.218
1.663,7.362,6.216
1.629,7.489,6.326
1.608,7.453,6.453
1.424,7.419,6.465
1.448,7.508,6.333
1.534,7.582,6.359
1.641,7.46,6.175
1.646,7.386,6.35
1.689,7.261,6.211
1.754,7.226,6.182
1.742,7.218,6.23
1.653,7.163,6.254
1.794,7.187,6.295
1.713,7.343,6.376
1.625,7.338,6.462
1.524,7.333,6.537
1.538,7.398,6.412
1.526,7.383,6.345
1.639,7.383,6.307
1.617,7.312,6.257
1.644,7.403,6.3
1.613,7.446,6.345
1.653,7.288,6.297
1.754,7.238,6.245
1.771,7.218,6.216
1.823,7.288,6.221
1.689,7.233,6.249
1.704,7.297,6.144
1.598,7.415,6.34
1.505,7.431,6.441
1.531,7.388,6.386
1.538,7.403,6.328
1.483,7.443,6.434
1.57,7.379,6.359
1.581,7.46,6.237
1.68,7.448,6.285
1.708,7.345,6.288
1.759,7.139,6.025
1.78,7.252,6.12
1.715,7.364,6.173
1.718,7.376,6.13
1.658,7.321,6.056
1.543,7.36,6.149
1.546,7.539,6.154
1.541,7.642,6.142
1.56,7.649,6.147
1.613,7.668,6.058
1.598,7.702,6.01
1.637,7.75,5.847
1.639,7.888,5.773
1.646,7.862,5.785
1.608,7.9,5.802
1.625,7.742,5.778
1.723,7.594,5.591
1.833,7.699,5.673
1.864,7.759,5.769
1.849,7.733,5.737
1.79,7.843,5.716
1.744,8.049,5.579
1.802,8.099,5.41
1.818,8.135,5.426
1.715,8.364,5.347
1.699,8.341,5.326
1.689,8.549,5.472
1.749,8.611,5.407
1.735,8.903,5.871
1.304,9.611,6.328
1.098,9.953,6.965
0.94,10.374,7.539
1.026,10.161,7.996
1.103,9.987,8.046
0.725,8.742,7.979
0.768,8.238,7.092
0.292,7.142,6.611
-0.053,4.993,4.221
-1.694,2.546,3.309
-3.601,3.328,3.639
-3.548,4.632,5.955
5.981,-0.529,1.682
4.685,-1.428,1.323
5.63,-1.799,0.883
8.924,-0.589,1.184
9.161,1.385,2.309
8.4,1.854,3.022
8.336,1.928,2.414
8.843,2.381,2.366
9.42,2.653,2.828
9.869,2.015,3.196
9.817,1.476,3.199
9.865,2.306,3.479
9.429,3.941,4.323
8.948,5.065,5.704
8.597,5.462,6.45
8.175,5.517,6.915
8.034,5.106,7.379
8.029,5.319,7.881
7.357,4.788,9.077
7.008,4.383,8.807
7.247,4.756,7.63
7.259,2.795,8.156
6.52,1.55,9.79
6.364,3.998,10.279
6.441,2.919,8.733
6.637,1.163,8.049
6.257,0.969,7.75
6.627,0.907,7.448
6.982,-0.316,7.618
7.187,-0.476,7.125
7.352,-0.364,6.745
7.281,-0.816,6.812
6.726,-1.641,7.221
7.187,-0.16,7.558
7.094,0.988,6.941
6.91,0.737,7.13
6.424,0.967,7.606
6.429,0.234,8.14
6.529,0.45,7.802
6.233,0.416,8.515
6.656,-0.632,6.936
6.309,-0.127,8.032
6.666,-0.546,7.869
6.343,0.249,8.484
6.087,-0.388,8.465
6.4,-0.213,7.699
7.046,-0.83,6.534
7.374,-1.115,6.34
7.005,-0.179,6.424
6.819,0.629,7.029
6.809,0.213,6.915
6.759,0.73,7.082
6.615,1.081,7.436
6.515,0.768,7.594
6.419,1.73,7.922
6.094,1.95,7.929
6.044,1.754,7.577
5.871,1.759,7.431
5.654,2.275,7.826
5.39,2.007,7.788
5.63,1.723,7.319
4.974,0.864,7.228
5.127,0.9,6.931
5.259,1.347,7.573
5.383,1.314,7.319
5.419,1.223,7.51
5.539,1.744,7.584
5.826,1.859,7.271
5.914,2.23,7.015
6.288,2.474,6.694
6.362,2.663,7.319
6.209,2.06,7.118
6.211,2.043,6.97
6.034,2.156,7.264
6.01,2.469,7.077
6.017,3.158,7.482
6.013,3.914,7.807
5.924,3.534,7.599
6.125,3.213,7.338
5.661,2.905,8.01
5.716,3.132,8.24
5.649,2.565,7.884
5.613,2.704,7.747
5.369,2.625,8.058
5.3,2.426,7.458
5.323,2.948,6.989
5.304,3.797,7.137
5.206,4.06,6.826
5.096,4.572,6.47
5.266,4.594,6.288
5.211,4.718,6.441
5.173,3.4,6.548
5.067,3.558,6.685
4.977,4.457,6.776
5.044,4.802,7.135
4.728,5.568,7.398
5.091,5.438,6.862
5.288,4.412,6.271
5.237,4.505,6.565
5.158,4.388,6.848
4.977,4.058,7.18
5.034,3.905,6.941
5.132,4.039,6.938
4.967,4.158,7.056
5.12,4.048,6.977
5.051,4.331,7.063
4.881,4.699,7.029
4.709,5.02,7.096
4.613,4.831,7.07
4.544,4.302,6.917
4.582,4.393,6.424
4.532,4.534,6.558
4.754,4.075,7.015
4.766,4.273,7.36
4.785,3.945,6.948
4.723,4.433,6.651
4.5,4.685,7.077
4.634,4.546,6.828
4.596,4.438,6.429
4.206,5.46,6.395
4.295,5.07,6.264
4.055,4.637,6.716
4.34,3.969,6.565
4.941,3.103,6.197
5.146,1.907,6.613
4.855,0.713,7.388
4.804,0.766,7.771
5.252,0.665,7.632
5.572,0.758,7.108
5.486,0.699,6.938
5.426,0.809,6.709
5.78,0.333,6.879
5.465,-0.479,6.685
5.087,-1.038,6.91
5.654,-2.271,6.63
5.072,-1.838,6.158
6.343,-2.929,5.969
5.723,-3.278,6.501
5.891,-3.283,7.096
5.063,-2.881,7.606
7.08,-4.101,6.917
6.723,-4.754,6.797
7.312,-5.173,7.336
6.879,-5.321,7.539
6.498,-4.622,7.608
6.07,-4.465,7.149
5.895,-5.041,6.982
5.85,-5.134,6.929
6.273,-5.599,6.874
6.412,-5.589,6.903
6.477,-5.852,7.008
6.565,-5.785,6.671
6.587,-7.022,6.352
6.907,-7.23,6.312
7.24,-6.948,6.726
7.025,-7.06,7.005
7.063,-6.881,7.166
7.273,-6.816,6.943
7.29,-6.584,6.855
7.278,-6.434,6.687
7.137,-6.053,6.735
7.159,-6.044,6.56
7.273,-5.874,6.333
7.307,-5.929,6.3
7.151,-5.673,6.283
7.202,-5.044,6.477
7.075,-5.034,6.051
7.305,-5.455,5.02
7.797,-6.099,6.429
7.58,-5.747,5.386
7.333,-4.898,4.761
7.501,-4.484,4.383
7.494,-3.175,4.754
7.003,-2.096,5.273
6.709,-1.603,5.19
6.359,-1.113,5.776
6.173,-0.732,6.324
6.395,0.1,6.455
7.08,0.306,6.06
7.051,1.247,6.082
6.651,2.531,5.883
6.068,3.065,5.618
5.943,2.967,5.737
6.175,3.991,5.453
6.324,1.964,5.307
6.161,3.921,5.749
6.345,5.615,5.778
6.611,4.869,4.809
5.367,5.757,5.737
5.513,5.058,6.17
5.137,5.278,6.953
5.012,5.197,6.915
4.912,5.314,6.147
5.381,5.07,5.015
5.498,5.364,4.582
5.237,4.273,5.678
5.063,3.522,5.455
4.776,5.345,5.455
4.599,6.869,6.379
4.213,7.465,6.62
4.163,7.23,6.326
4.46,5.859,5.821
4.486,4.622,5.221
4.718,5.627,5.137
4.426,5.261,5.422
4.524,5.867,5.51
4.644,5.675,4.943
4.51,6.252,4.733
4.436,6.738,4.637
4.402,7.216,4.61
4.467,7.261,4.445
4.417,7.419,3.909
4.165,7.132,4.087
4.314,7.659,4.608
4.192,7.427,4.575
4.089,7.637,4.127
3.924,7.982,3.443
3.68,8.01,3.182
3.771,8.147,3.211
3.575,8.049,3.644
3.426,7.893,3.266
3.438,7.745,3.634
3.62,7.522,3.682
3.642,7.797,3.811
3.67,7.62,3.689
3.871,7.855,3.524
3.845,7.764,3.261
3.857,7.752,3.316
3.761,8.108,3.589
3.759,8.01,3.72
3.792,8.209,3.699
3.862,8.142,3.661
3.924,8.12,3.747
3.898,8.259,3.931
3.924,8.19,3.84
3.965,8.211,3.921
4.113,7.824,3.905
4.096,8.053,3.78
4.031,8.113,3.773
3.962,8.336,3.649
3.905,8.415,3.67
3.831,8.558,3.546
3.878,8.506,3.309
3.826,8.412,3.211
3.874,8.183,3.11
3.862,7.936,3.096
3.718,7.951,2.979
3.783,8.209,2.931
3.685,8.233,2.749
3.575,8.644,3.043
3.381,8.51,3.017
3.697,8.003,2.503
3.67,7.663,1.883
3.534,8.106,2.089
3.689,8.542,2.089
3.467,8.987,2.182
3.397,9.458,2.495
3.747,8.733,2.438
3.618,8.613,2.969
3.541,9.147,3.333
3.687,8.305,2.857
3.831,8.561,2.964
4.02,8.69,2.608
3.876,9.283,2.656
4.022,9.262,2.806
4.314,8.57,2.756
4.046,8.845,2.845
4.091,8.675,3.01
3.948,8.259,3.115
3.845,8.362,3.311
3.577,8.159,3.146
3.479,8.178,3.051
3.352,8.568,3.194
3.488,7.805,2.943
3.385,7.783,3.271
3.505,8.838,3.429
3.637,8.209,3.151
3.878,7.872,2.546
3.673,7.709,2.438
3.878,6.73,2.821
4.163,6.905,3.189
4.067,6.809,3.656
3.874,7.852,4.35
3.555,8.195,5.137
3.953,7.654,5.551
4.221,7.18,5.95
4.122,5.651,5.623
4.115,5.441,6.149
4.0,5.211,6.357
4.838,6.407,6.367
5.192,5.876,6.355
5.283,4.51,6.276
6.02,4.902,6.589
5.453,3.792,6.824
5.4,4.627,6.871
5.355,5.032,7.539
4.508,5.23,7.221
4.041,5.747,7.613
3.541,6.405,6.826
3.512,6.955,6.501
3.907,6.627,6.225
4.12,6.96,6.182
4.563,6.12,5.713
4.57,6.783,5.687
4.354,6.907,5.453
4.283,7.245,5.338
4.335,7.147,5.91
4.347,7.611,6.187
4.572,7.759,5.658
4.682,7.773,4.424
4.125,6.412,5.804
3.744,6.546,6.697
3.854,6.472,6.35
4.668,7.027,5.534
4.247,6.687,6.443
4.412,7.534,7.003
4.642,6.199,6.924
4.759,5.69,6.702
4.632,5.709,7.58
4.371,4.73,6.639
4.18,3.909,5.484
4.144,4.055,5.446
4.371,3.074,6.328
4.876,2.78,6.771
4.725,1.787,6.436
4.603,-0.184,5.991
4.4,-0.718,5.041
4.156,-1.129,4.783
3.634,-1.531,5.658
3.18,-1.799,6.338
2.976,-1.916,7.161
2.981,-3.182,7.723
3.187,-3.972,8.561
3.917,-4.079,9.604
4.089,-3.78,9.341
5.134,-4.328,8.513
5.773,-5.465,8.604
7.692,-5.407,8.388
5.965,-7.252,9.032
6.867,-8.087,11.295
7.314,-6.103,8.635
8.221,-6.233,7.41
9.199,-5.661,5.386
10.829,-4.615,5.194
8.427,-5.158,5.627
10.269,-5.022,5.467
9.946,-4.187,5.742
8.57,-3.498,6.02
8.769,-3.079,5.704
7.118,-2.515,5.835
7.594,-2.876,5.977
7.144,-2.024,5.914
6.924,-0.873,6.008
7.273,-0.22,5.867
7.003,0.287,6.185
7.12,0.397,6.154
6.759,0.857,5.847
7.293,1.471,5.627
7.173,2.16,5.63
7.541,2.893,5.213
7.391,3.775,5.264
7.34,4.122,5.546
7.352,4.003,5.472
7.106,4.625,5.089
6.898,3.847,4.529
6.678,3.9,3.936
6.441,4.486,4.003
5.596,4.28,3.333
4.826,6.441,3.766
4.587,5.19,4.455
3.608,6.429,4.378
3.699,7.594,4.252
5.347,7.582,4.06
3.333,6.618,2.615
2.723,4.651,0.098
2.775,6.632,0.459
2.342,5.611,-0.108
1.464,4.101,-2.223
2.019,4.249,-3.496
0.469,0.299,-4.881
0.335,7.704,-6.532
-1.773,7.558,-6.197
-6.376,2.436,-7.221
-4.17,3.249,-9.293
-4.0,7.307,-9.362
-7.302,7.637,-9.996
-8.128,7.974,-7.819
-1.318,13.028,-10.726
1.258,13.315,-9.731
3.63,11.224,-6.735
1.002,9.941,-6.984
4.206,11.96,-8.384
4.627,12.343,-15.578
8.264,17.004,-14.377
6.962,3.577,-18.265
7.269,3.024,-11.506
6.599,14.903,-13.738
-5.527,0.012,-12.853
-13.442,-7.939,-9.982
-7.462,9.238,-10.743
-3.134,-5.108,-13.743
-4.668,0.639,-9.841
-0.909,-2.854,-9.738
-0.955,-0.907,-12.169
-2.407,-0.828,-11.219
-2.957,-0.589,-9.561
-1.261,1.148,-8.728
-0.026,2.098,-8.482
-2.972,4.539,-8.266
-0.17,-0.045,-9.455
-3.821,-0.368,-9.755
0.141,0.758,-8.022
-0.773,2.074,-8.96
-1.857,3.249,-5.041
0.852,-3.79,-8.704
-2.766,3.079,-8.326
-1.744,-0.022,-9.893
1.046,2.749,-7.663
-2.151,-2.728,-9.408
1.022,1.692,-8.589
-1.517,1.402,-7.618
-0.311,-1.175,-9.475
-3.455,0.234,-6.711
0.577,1.029,-10.209
-2.141,2.921,-10.039
-0.689,0.043,-10.216
-1.694,1.225,-9.417
-0.94,0.847,-10.539
-0.998,0.971,-9.589
-2.842,0.376,-9.637
-1.763,0.297,-10.515
-1.201,1.089,-9.369
-1.132,-1.062,-10.357
-1.481,2.663,-8.826
-1.998,-0.802,-10.147
-1.615,0.517,-9.695
-1.448,0.067,-10.176
0.007,1.464,-9.956
-3.048,-1.187,-9.635
-1.677,0.201,-10.963
-2.091,0.287,-10.645
-0.433,-0.388,-10.896
-2.663,1.103,-9.781
-1.481,-0.328,-10.858
-2.189,0.687,-10.448
-1.512,0.766,-11.204
-0.869,-1.122,-12.322
-0.701,0.569,-10.905
-2.189,-0.792,-11.288
-0.711,0.014,-11.228
-0.986,0.151,-11.331
-0.883,-0.541,-11.324
-0.742,0.189,-11.508
-0.22,0.072,-11.547
0.189,-0.94,-11.582
0.031,-0.057,-11.224
-0.581,-0.333,-10.305
0.601,-0.428,-10.484
0.718,-0.622,-10.264
0.897,-1.555,-9.97
1.634,0.223,-9.539
2.036,-0.148,-9.621
2.074,-0.045,-9.668
3.122,-0.16,-9.731
4.862,-0.124,-9.721
5.706,0.912,-9.558
5.859,1.225,-9.123
5.57,1.235,-8.726
5.099,1.309,-9.135
2.833,0.426,-9.233
3.326,0.093,-9.171
1.273,-1.012,-9.496
0.299,-0.323,-8.637
1.27,-0.51,-8.613
1.979,0.651,-8.685
3.436,0.263,-8.915
2.61,0.323,-8.637
2.802,0.256,-8.778
2.83,0.129,-9.331
2.649,-0.749,-9.647
2.452,0.328,-9.539
2.373,-1.634,-9.458
3.062,-0.05,-9.532
3.0,-0.644,-8.893
3.194,-0.218,-8.498
2.943,0.225,-7.852
2.704,0.184,-8.156
2.964,-0.73,-8.46
3.249,0.395,-7.974
3.462,-0.215,-8.144
3.675,-0.486,-7.948
2.366,0.129,-7.64
2.988,-0.148,-7.776
2.773,-0.364,-7.884
2.952,-0.127,-7.604
3.134,0.412,-7.348
2.871,0.679,-7.338
2.641,0.069,-7.556
1.68,-0.177,-7.85
2.086,-0.014,-7.592
2.046,-0.4,-7.805
2.22,-0.773,-7.817
1.672,-0.392,-8.29
2.55,-0.924,-8.594
1.732,-0.44,-9.003
1.945,-0.534,-9.314
1.213,-0.366,-9.644
1.524,-0.416,-9.771
1.443,-0.486,-9.635
1.203,0.041,-9.491
1.275,0.538,-9.824
1.692,-0.096,-10.671
1.5,1.814,-10.987
0.505,-0.904,-10.573
0.854,0.467,-9.932
0.534,1.048,-10.02
0.73,-1.022,-9.556
1.048,-1.069,-9.621
0.888,-1.51,-10.633
1.505,-1.16,-10.793
1.333,-0.768,-10.633
1.074,-0.928,-10.905
1.445,-1.089,-10.951
1.909,-0.888,-10.575
1.883,-0.88,-9.695
2.227,-1.258,-9.345
1.943,-1.129,-9.68
2.684,0.22,-9.52
3.352,-1.247,-9.795
3.563,1.342,-10.008
5.658,-0.67,-10.417
5.144,1.536,-10.456
3.723,0.249,-9.171
3.402,-0.632,-9.929
3.764,-1.232,-10.661
1.687,0.553,-9.819
0.507,-1.019,-10.267
-0.455,-1.268,-11.561
-0.215,-2.873,-12.437
-2.694,-1.18,-11.551
-3.357,0.414,-9.91
-1.199,0.639,-10.862
-1.27,1.093,-11.958
-2.883,0.567,-11.137
-3.838,-3.307,-10.946
-4.469,-5.06,-10.604
-5.692,-4.776,-9.281
-5.56,-2.629,-8.35
-5.694,-5.814,-7.958
-6.417,-6.692,-7.706
-7.333,-8.484,-6.833
-8.367,-9.573,-5.431
-8.831,-11.075,-4.256
-8.489,-11.334,-2.976
-8.197,-9.819,-2.211
-7.994,-14.159,-2.4
-10.19,-15.056,-2.598
-7.797,-19.129,-0.486
-1.986,-16.389,-0.512
-4.555,-19.772,1.247
1.687,-14.351,1.364
1.383,-11.937,2.079
3.969,-12.157,2.986
3.783,-11.736,3.089
4.237,-11.709,2.522
3.814,-8.903,1.019
3.618,-6.252,3.338
3.634,-7.553,3.534
1.737,-5.668,5.182
0.866,-3.443,5.213
1.101,-6.376,4.524
-1.34,-7.718,6.309
-3.723,-4.443,7.328
-4.158,-8.058,8.075
-4.663,-10.307,8.838
-4.151,-8.565,8.91
-4.491,-9.018,8.742
-5.125,-10.417,9.405
-5.347,-9.02,9.183
-4.816,-8.618,9.02
-4.252,-8.288,8.824
-3.95,-7.137,9.566
-4.407,-6.025,9.317
-3.426,-6.053,8.68
-4.309,-4.902,8.805
-3.06,-5.745,9.054
-3.469,-4.969,10.362
-4.855,-3.196,11.501
-4.051,-2.55,11.197
-4.534,-2.885,10.896
-4.472,-4.113,10.556
-5.412,-4.268,10.503
-4.536,-3.603,10.326
-3.771,-5.063,8.723
-4.228,-2.895,10.034
-3.29,-2.369,9.757
-4.096,-0.895,10.353
-3.933,0.057,9.673
-3.129,0.818,9.35
-3.565,1.065,9.439
-3.455,0.763,8.766
-3.491,-1.134,8.781
-3.644,-1.646,8.546
-3.876,-0.505,8.63
-3.704,0.505,9.508
-4.52,1.778,10.391
-4.754,2.806,9.936
-5.797,3.936,12.621
-4.675,5.986,13.626
-5.692,7.649,13.918
-6.577,7.278,14.573
-7.001,5.912,15.045
-6.276,5.668,14.427
-5.893,5.946,14.415
-6.084,6.455,13.336
-5.316,5.213,12.863
-5.491,4.991,12.161
-4.764,4.402,10.999
-3.857,3.606,9.058
-3.909,2.689,7.85
-3.089,2.261,5.323
-1.806,1.574,4.843
-1.141,2.091,3.426
0.246,1.885,3.077
0.718,1.29,1.811
0.926,-0.435,1.438
0.402,1.074,0.804
0.294,1.735,0.196
0.072,1.227,-0.727
-1.091,0.407,-1.383
-1.562,0.053,-1.806
-1.433,-0.392,-2.084
-1.579,-0.543,-1.859
-3.156,-1.354,-1.426
-5.402,-1.768,-0.811
-8.085,-2.062,-0.581
-11.408,-0.971,-1.414
-13.678,0.196,-2.919
-15.315,0.66,-8.958
-13.556,2.213,-11.987
-20.5,2.091,-13.69
-16.219,10.812,-35.618
15.808,-25.424,-14.092
-5.419,33.132,-14.427
-18.157,21.024,-9.86
-2.156,6.398,-12.274
-5.431,11.133,-16.174
-1.725,7.367,-15.75
-2.275,10.7,-16.081
3.871,10.403,-15.179
-0.9,2.491,-15.54
-0.007,5.666,-13.975
-1.44,4.936,-13.554
-0.366,6.01,-12.391
0.299,4.656,-12.238
-0.306,4.211,-11.987
1.022,4.244,-11.621
0.909,2.83,-10.901
1.448,2.486,-9.8
1.275,1.534,-8.185
1.407,1.036,-7.51
0.823,0.828,-7.563
0.55,-0.103,-6.759
-0.318,-2.055,-6.094
-1.098,-3.007,-5.197
-0.524,-4.496,-5.953
-0.49,-4.95,-7.173
0.007,-5.357,-6.472
-0.921,-6.699,-6.678
-0.732,-5.895,-6.099
0.005,-7.077,-6.182
-0.823,-8.876,-6.936
0.371,-9.077,-7.242
0.498,-12.482,-8.166
0.112,-6.438,-5.876
-1.18,-8.238,-4.374
-1.572,-8.451,-2.223
-0.189,-7.092,-2.027
-1.072,-8.006,-2.44
-0.737,-8.821,-2.976
-2.661,-9.465,-3.055
-2.199,-10.152,-4.0
-3.797,-10.355,-5.204
-3.185,-12.018,-6.429
-4.84,-13.054,-5.859
-5.769,-12.343,-5.197
-6.359,-12.489,-6.618
-6.929,-14.506,-6.132
-9.274,-12.994,-3.043
-9.659,-14.214,-0.931
-10.432,-14.066,2.165
-8.649,-13.53,4.41
-10.231,-19.89,2.799
-9.144,-22.21,1.713
-7.675,-20.538,3.055
-3.328,-13.791,3.316
1.213,-12.106,3.017
2.79,-7.769,4.127
1.519,-7.403,2.428
4.902,-6.051,0.95
5.316,-7.762,2.924
3.582,-3.594,1.146
4.57,-2.417,1.787
2.866,-1.297,1.302
-5.503,-4.725,7.91
-6.202,-3.673,8.484
-7.355,-7.448,11.367
-11.032,-9.896,12.554
-8.623,-9.585,14.927
-10.525,-10.661,13.831
-9.137,-11.504,15.911
-7.785,-5.123,14.755
-7.297,-8.384,14.052
-7.259,-7.561,11.889
-4.142,-6.826,10.238
-5.039,-7.381,8.647
-4.596,-4.168,9.463
-4.876,-4.283,9.532
-3.663,-1.077,9.415
-3.965,-0.519,10.444
-4.024,-0.402,10.503
-3.775,-0.309,11.025
-4.244,0.019,10.477
-4.936,-1.141,9.92
-4.902,-2.371,9.812
-3.45,-2.302,9.807
-3.845,0.366,9.893
-3.555,1.711,9.805
-3.816,0.684,9.841
-5.288,0.56,9.64
-3.208,0.904,8.503
-3.716,0.194,8.24
-2.218,0.196,8.08
-2.876,1.196,8.168
-3.17,1.459,7.826
-2.055,1.591,7.907
-2.381,2.16,8.518
-1.531,1.897,10.118
-1.146,1.256,10.85
-3.699,2.905,13.018
-4.024,3.003,12.793
-3.933,4.697,13.839
-5.271,7.599,15.001
-5.481,8.259,14.437
-6.209,9.156,14.566
-6.821,9.405,14.143
-6.615,7.494,12.949
-6.211,5.369,12.166
-6.008,4.472,11.736
-5.343,3.895,10.724
-4.139,3.546,10.441
-4.544,4.52,9.46
-4.328,3.563,8.431
-3.685,3.61,7.405
-2.998,3.632,6.728
-1.957,3.189,5.752
-1.95,2.94,4.314
-2.62,2.115,3.168
-2.795,1.577,2.249
-3.108,0.462,1.067
-3.984,0.857,-0.242
-4.402,0.026,-1.335
-4.0,-0.148,-2.027
-3.304,-0.648,-2.921
-3.342,0.057,-3.115
-4.601,0.502,-2.735
-6.623,0.321,-2.137
-9.616,0.084,-2.242
-12.987,0.234,-3.431
-16.949,0.845,-4.615
-21.181,2.077,-7.082
-23.215,4.895,-10.549
-17.399,27.814,-31.092
26.256,-32.429,2.122
-9.061,22.38,-12.501
-18.499,28.709,-6.831
2.35,15.186,-13.02
-4.785,8.216,12.975
-5.235,7.154,12.554
-5.479,6.197,11.898
-4.902,5.197,11.609
-4.326,5.079,11.377
-3.4,4.108,10.657
-3.314,2.905,10.3
-3.352,2.33,9.424
-2.778,3.017,8.372
-2.326,1.902,6.101
-1.84,1.593,3.902
-1.455,0.979,1.455
-0.593,4.417,0.156
-0.617,2.62,-1.591
-0.813,0.311,-1.955
-1.515,-0.349,-2.06
-1.5,0.115,-2.302
-1.713,-0.019,-2.586
-2.259,-0.49,-2.979
-2.955,-0.895,-3.07
-3.943,-1.529,-2.974
-5.182,-1.744,-2.981
-7.013,-1.318,-3.328
-9.068,-1.022,-3.57
-10.872,2.285,-7.604
-9.056,2.596,-11.267
-12.19,-2.95,-11.111
-17.15,-0.234,-14.092
-14.494,11.441,-26.864
24.407,-16.114,1.596
-12.994,17.698,-16.782
-6.278,25.074,-10.805
-0.581,11.989,-14.135
-4.11,9.865,-18.322
1.273,7.348,-16.217
-1.696,10.293,-17.566
-3.429,6.692,-10.814
4.898,4.814,-16.399
1.046,4.867,-14.688
-0.223,4.864,-11.542
-0.598,6.161,-11.355
0.395,3.842,-10.487
2.06,3.677,-9.967
1.818,2.761,-8.475
2.187,1.608,-7.843
2.364,0.251,-7.996
2.227,-0.225,-7.867
1.57,-1.936,-7.204
1.33,-1.79,-6.572
0.991,-2.684,-5.481
0.301,-3.352,-4.393
-0.297,-5.505,-4.656
-0.919,-6.163,-5.034
-0.079,-6.271,-5.34
-0.342,-5.993,-5.692
0.543,-6.51,-5.967
-0.112,-6.314,-5.879
0.189,-6.723,-6.56
0.002,-7.666,-6.501
0.679,-9.278,-7.867
0.955,-11.999,-8.728
0.83,-8.159,-6.295
-0.761,-9.104,-4.749
-0.644,-8.635,-2.156
-0.29,-7.324,-0.438
0.33,-8.065,-1.156
-0.414,-9.589,-1.687
-0.093,-9.833,-2.608
-0.38,-10.142,-3.831
-1.385,-10.661,-3.517
-2.57,-10.479,-3.213
-2.51,-9.747,-3.725
-4.132,-11.451,-3.608
-4.74,-11.513,-3.517
-4.175,-11.061,-4.146
-6.07,-14.312,-3.567
-6.96,-14.722,-2.675
-7.19,-15.98,-1.814
-6.283,-12.855,-1.117
-6.281,-16.459,-0.677
-8.695,-17.686,0.562
-8.862,-20.184,-0.16
-6.592,-18.7,2.627
-2.723,-16.444,2.617
-1.735,-13.836,2.527
0.543,-8.187,0.624
4.967,-10.13,-0.689
6.355,-6.326,-1.05
5.795,-6.113,0.304
2.28,-0.995,0.581
7.793,-0.493,1.778
4.642,-4.407,0.531
4.508,-2.333,1.577
-3.653,-5.615,5.213
-3.575,-6.362,7.331
-9.405,-8.888,11.312
-7.951,-6.178,14.745
-13.851,-10.877,12.073
-9.544,-12.087,11.097
-10.841,-5.271,13.224
-8.795,-7.302,14.016
-3.45,-8.314,11.824
-6.919,-12.114,9.415
-5.914,-6.446,9.312
-4.031,0.105,9.726
-4.008,1.024,11.465
-4.752,1.184,11.465
-3.464,-0.842,10.156
-4.197,-2.582,9.874
-5.474,-0.093,10.826
-4.259,2.421,10.635
-4.311,1.857,10.86
-4.823,0.002,10.975
-3.955,-2.5,9.848
-3.536,-0.799,8.841
-3.603,1.871,8.75
-3.972,2.433,9.939
-4.467,3.371,10.281
-4.615,3.369,9.977
-5.056,2.256,9.499
-6.044,2.716,8.831
-3.778,3.385,8.163
-4.034,3.618,7.716
-4.338,4.479,7.759
-3.457,3.768,7.462
-5.331,4.288,7.345
-3.807,4.371,6.618
-3.96,5.661,8.006
-4.314,4.943,8.345
-4.57,5.144,8.558
-4.4,6.139,9.329
-4.488,8.108,9.975
-4.01,10.238,10.413
-3.062,12.087,9.654
-5.879,14.236,11.688
-5.862,13.647,11.941
-5.682,12.719,11.219
-6.998,14.827,12.819
-7.099,13.786,11.769
-6.9,14.248,11.764
-7.948,12.999,11.58
-7.888,11.066,10.762
-8.087,9.996,10.817
-7.596,8.242,9.295
-7.123,6.814,8.199
-7.704,8.173,7.082
-8.731,6.955,4.936
-9.197,4.603,3.929
-10.128,2.584,2.163
-10.355,1.06,0.859
-11.539,-0.361,-0.95
-11.829,-0.79,-0.5
-12.099,-2.352,-0.684
-12.769,-3.503,-1.792
-13.303,-4.429,-3.644
-13.769,-2.979,-4.285
-16.796,-2.926,-4.85
-21.923,-2.483,-5.826
-25.282,0.163,-13.977
-23.158,-1.086,-17.66
-22.395,2.974,-20.65
-22.186,11.37,-27.175
16.628,-7.855,-56.245
-13.171,14.98,-23.435
-8.867,24.309,-16.829
0.947,8.525,-14.939
-3.397,8.463,-18.55
-2.01,8.613,-20.172
-1.278,9.573,-16.837
-0.675,5.364,-14.939
0.412,6.039,-17.119
-0.581,3.625,-13.75
0.165,3.161,-11.508
-0.835,4.311,-8.537
0.536,2.732,-6.733
1.153,2.134,-6.517
2.06,0.524,-7.228
1.318,-1.94,-7.202
1.885,-1.988,-6.429
0.909,-3.199,-6.084
1.282,-4.314,-5.716
0.84,-4.888,-4.993
0.079,-6.659,-5.245
0.184,-6.316,-5.513
0.268,-5.62,-7.515
-0.416,-2.797,-9.886
-0.569,-6.383,-13.231
-0.139,-5.9,-8.774
-2.479,-1.397,-7.039
-0.593,-7.494,-9.343
-0.112,-6.47,-11.671
-0.703,-6.359,-8.266
-2.232,-8.032,-5.491
-1.608,-6.833,-3.278
-0.766,-10.03,-2.967
0.285,-7.379,-2.388
0.433,-10.499,-3.084
0.225,-8.893,-3.981
-1.321,-11.446,-3.61
-1.113,-12.896,-4.651
-1.782,-11.736,-4.852
-2.763,-13.97,-5.9
-1.993,-11.812,-6.403
-2.632,-14.779,-7.175
-4.276,-14.111,-8.463
-4.742,-15.741,-6.934
-4.742,-16.124,-5.902
-7.084,-18.724,-5.273
-5.283,-22.296,-5.027
-5.845,-20.184,-2.873
-6.922,-23.148,-1.105
-7.364,-16.729,0.847
-4.029,-18.325,-0.273
-0.955,-12.568,-0.184
2.302,-8.197,2.407
4.639,-3.838,1.519
7.656,-1.428,2.835
6.9,-0.488,1.962
7.058,-0.782,2.713
8.723,4.498,2.098
5.01,2.591,2.306
4.122,-1.342,4.094
1.646,-1.29,6.465
-3.931,-5.175,6.106
-1.325,-3.603,8.3
0.273,-3.156,9.259
-3.419,-6.58,10.111
-6.647,-11.891,7.675
-3.73,-12.437,6.876
-0.426,-14.178,6.568
-3.718,-13.489,8.094
-4.938,-12.781,8.632
-2.847,-11.733,8.228
-0.225,-11.999,8.104
-3.01,-10.726,7.831
-2.342,-11.803,8.075
-3.543,-11.307,8.565
-2.797,-9.439,8.664
-1.395,-9.128,7.683
-3.828,-10.145,7.175
-3.457,-10.848,6.661
-2.417,-10.791,6.108
-2.799,-10.527,6.532
-2.211,-8.496,6.974
-1.778,-9.015,6.982
-2.254,-9.042,7.216
-2.675,-9.116,7.891
-1.881,-6.833,7.893
-1.323,-5.316,8.204
-1.038,-5.769,8.515
-1.395,-5.472,8.489
-1.359,-4.855,8.625
-1.151,-2.955,9.173
-1.713,-2.586,9.063
-2.273,-3.089,8.946
-4.606,-3.108,9.42
-0.27,-3.022,9.137
-0.957,-3.582,9.879
-1.732,-2.692,10.212
-1.297,-2.464,9.891
-1.567,-2.591,9.609
-1.921,-2.34,9.853
-2.074,-1.747,9.908
-1.629,-1.345,9.065
-1.723,-1.144,8.448
-2.804,-0.349,8.644
-3.766,0.825,9.286
-2.589,4.503,10.549
-3.412,5.13,11.475
-4.034,6.235,12.243
-3.986,8.429,13.767
-5.314,9.152,13.269
-3.933,10.453,14.016
-5.489,11.209,14.214
-7.089,13.583,14.03
-7.604,13.386,12.085
-7.831,12.58,13.709
-8.719,12.865,14.36
-8.759,10.726,13.43
-9.142,7.539,12.662
-8.52,6.967,11.702
-8.364,6.651,10.917
-8.809,5.328,10.003
-8.515,3.345,7.19
-8.427,3.249,5.788
-8.798,2.287,3.108
-9.307,0.857,1.017
-9.738,-0.512,-0.163
-10.233,-2.323,-0.608
-10.752,-2.565,-2.515
-11.726,-2.44,-1.704
-13.274,-1.89,-1.369
-15.87,-0.17,-1.337
-18.954,0.084,-3.682
-22.189,-1.132,-4.718
-24.404,3.412,-16.193
-18.72,-4.175,-21.909
-19.066,-6.058,-21.191
-21.964,2.395,-17.597
25.474,71.914,-78.376
-0.593,-2.299,-27.046
-9.522,32.637,-15.293
-4.713,15.023,-9.994
-3.72,3.405,-17.727
-4.374,7.733,-21.304
-1.847,9.659,-20.033
-5.591,6.254,-18.418
-0.644,3.484,-17.526
-1.024,5.319,-15.734
-0.23,4.8,-13.071
-0.751,5.194,-12.073
-0.361,3.326,-10.59
0.907,1.907,-9.958
1.256,2.9,-8.735
1.371,1.239,-8.152
1.634,-0.199,-7.52
3.196,-1.091,-6.63
1.378,-2.606,-6.113
0.766,-2.244,-5.584
0.735,-3.869,-4.448
-0.297,-3.79,-3.907
-0.328,-5.74,-3.247
-1.129,-6.371,-3.074
-0.505,-7.312,-4.02
0.938,-7.549,-5.204
-0.055,-10.661,-6.967
0.656,-7.632,-5.541
-0.892,-5.173,-3.455
-1.036,-9.841,-3.85
0.536,-6.407,-3.357
0.223,-5.893,-0.656
1.448,-7.015,-0.531
0.926,-9.312,-0.955
-0.723,-9.688,-1.658
-0.498,-11.585,-2.67
-1.258,-11.879,-4.053
-1.05,-11.492,-4.943
-1.136,-13.855,-5.579
-1.567,-12.063,-5.635
-3.787,-13.052,-5.922
-4.369,-12.987,-6.376
-4.945,-13.707,-5.046
-6.369,-15.466,-4.756
-7.331,-15.872,-3.84
-7.211,-14.882,-3.031
-7.915,-12.853,-0.737
-10.348,-17.487,0.397
-10.276,-18.925,0.419
-9.266,-19.014,1.242
-6.793,-19.724,2.323
-5.96,-14.736,5.288
-0.285,-10.015,4.326
5.505,-5.075,3.058
5.742,-4.917,-0.938
4.821,-3.103,-1.732
3.682,-3.72,0.775
3.058,0.225,1.749
1.531,-4.137,2.986
3.187,1.579,1.9
-1.498,-2.515,4.828
-2.249,-8.575,7.831
-7.398,-11.104,9.159
-10.491,-14.6,11.788
-10.657,-11.056,14.162
-10.604,-9.482,15.86
-6.855,-11.618,11.169
-10.238,-8.977,11.824
-9.161,-6.979,11.702
-4.993,-5.314,10.606
-7.175,-4.673,9.276
-7.197,-5.785,8.965
-5.893,-3.603,8.876
-4.115,0.842,9.589
-3.125,0.074,9.755
-4.455,0.581,10.41
-5.515,1.68,10.31
-5.579,2.742,10.657
-4.357,3.328,11.032
-5.319,1.55,11.104
-5.206,0.103,10.707
-4.555,-0.352,10.621
-4.359,0.991,10.714
-3.847,3.976,11.173
-5.008,1.842,11.056
-4.79,0.852,10.965
-4.618,0.385,10.099
-5.424,2.472,10.281
-6.259,2.759,9.934
-4.907,2.591,9.252
-6.539,3.153,9.649
-5.881,3.405,9.317
-2.562,2.321,7.991
-4.276,-0.605,8.996
-4.477,0.624,10.204
-3.589,1.211,10.649
-4.438,0.105,11.07
-6.276,1.086,13.197
-6.953,1.828,14.255
-5.797,6.039,15.985
-10.795,10.826,16.772
-9.051,11.872,15.291
-11.36,12.415,15.317
-12.054,11.676,13.174
-11.504,9.46,11.518
-10.798,7.336,10.432
-9.542,4.443,8.721
-8.876,2.938,7.037
-7.692,3.055,6.137
-6.56,3.101,5.773
-6.371,5.891,5.103
-6.903,5.773,3.319
-6.477,2.622,0.9
-4.747,1.948,-0.29
-3.811,2.07,-0.258
-4.587,2.696,-1.065
-6.022,2.639,-1.328
-7.209,2.261,-1.931
-8.247,2.632,-2.249
-9.269,1.814,-3.5
-10.044,1.203,-4.29
-11.666,1.381,-4.8
-14.394,2.242,-4.881
-17.334,3.062,-5.321
-20.684,3.304,-8.283
-22.127,4.079,-12.822
-17.138,22.978,-24.337
41.643,10.346,-20.177
-17.664,18.31,-2.146
-14.576,28.338,-3.409
-0.383,13.269,-10.896
-5.694,14.755,-11.889
-3.005,14.568,-15.09
-1.581,16.284,-15.298
-4.084,11.209,-16.906
1.833,15.631,-16.798
-0.581,12.793,-12.58
-0.421,5.845,-10.582
-2.749,5.491,-10.319
-2.658,4.594,-10.31
-1.579,4.579,-11.169
-1.5,4.78,-10.3
-0.581,4.311,-11.807
-0.057,3.582,-12.169
0.493,2.706,-11.812
0.5,3.031,-10.58
1.182,3.448,-9.996
1.172,3.228,-9.097
2.582,1.292,-9.257
3.232,0.541,-9.142
3.924,0.916,-9.128
3.053,-0.019,-8.396
2.677,-1.129,-7.759
2.371,-2.364,-7.85
2.015,-2.952,-7.575
0.538,-3.003,-6.417
-0.557,-4.663,-5.757
-0.732,-5.802,-5.613
-0.512,-5.395,-6.187
-0.246,-4.462,-7.754
-0.426,-3.656,-9.262
0.935,-3.981,-10.056
0.902,-5.843,-11.807
0.447,-7.592,-13.03
0.033,-6.008,-11.329
0.873,-5.931,-10.367
0.55,-5.036,-10.276
-0.048,-5.206,-9.941
-1.27,-4.424,-7.127
-0.117,-5.206,-7.467
0.371,-8.168,-7.541
-0.701,-7.953,-7.584
-1.605,-8.728,-6.606
-2.448,-9.374,-6.092
-2.582,-9.771,-6.62
-3.677,-11.42,-7.728
-5.223,-12.767,-5.986
-4.575,-10.652,-5.34
-5.658,-15.846,-6.8
-5.596,-16.092,-6.307
-8.297,-14.851,-2.342
-7.101,-17.585,-2.024
-7.773,-19.636,-0.28
-6.742,-17.655,2.656
-4.546,-17.987,3.359
-4.01,-14.856,3.625
2.086,-10.001,4.517
3.601,-5.417,-0.543
6.295,-2.072,-2.105
6.316,-0.495,-1.632
4.541,2.378,1.299
3.596,1.577,1.641
0.342,-3.615,3.996
-3.266,-3.589,6.331
-8.336,-5.886,7.965
-12.532,-8.003,11.047
-20.081,-10.953,10.171
-18.633,-8.599,15.762
-16.205,-4.608,17.157
-15.056,-10.087,15.53
-12.755,-7.762,14.664
-8.47,-5.161,13.958
-9.405,-3.309,12.968
-7.69,1.079,11.834
-6.685,0.029,12.65
-7.194,0.11,11.829
-7.898,-1.859,10.515
-6.18,-3.381,9.317
-5.78,-3.941,9.475
-5.063,-1.629,9.644
-4.039,0.127,9.757
-4.075,0.553,9.243
-6.998,-1.83,8.046
-4.098,-0.876,8.173
-4.02,1.464,7.532
-4.694,1.235,7.608
-5.335,0.275,7.668
-5.034,-0.096,7.496
-3.962,0.904,8.79
-4.914,0.758,9.9
-5.855,3.06,10.755
-5.285,7.482,9.948
-9.116,6.13,9.228
-7.388,-0.426,8.144
-8.707,-0.768,6.656
-9.513,7.082,7.139
-10.702,15.652,8.922
-12.056,12.422,8.092
-12.54,7.094,5.651
-12.994,4.347,4.036
-13.465,8.073,5.252
-12.068,8.872,3.632
-13.147,5.371,1.727
-13.453,1.637,1.495
-13.659,3.084,3.285
-13.633,5.041,5.675
-14.456,6.893,4.709
-14.918,4.299,1.828
-15.085,2.373,-1.409
-13.812,4.084,-3.311
-11.59,5.472,-4.445
-10.099,4.517,-4.615
-8.125,3.096,-4.113
-7.824,2.472,-3.218
-9.542,2.163,-1.811
-11.197,3.259,-1.084
-12.126,3.84,-2.584
-11.561,3.965,-4.63
-11.259,3.426,-6.214
-12.238,1.988,-5.02
-11.972,1.601,-1.814
-13.473,5.95,0.873
-21.208,25.081,28.936
-13.298,12.406,18.66
-2.378,18.755,15.968
-8.635,12.908,6.048
-1.433,9.63,4.311
-0.536,7.185,6.601
-8.063,5.594,11.003
-0.048,7.563,7.333
1.314,6.563,10.86
-2.519,2.515,11.035
0.268,3.783,11.331
1.421,6.589,12.87
0.522,3.244,11.678
-0.555,4.149,12.307
-0.67,2.795,10.922
-1.263,3.316,10.623
-1.287,2.938,9.903
-1.682,0.88,8.467
-0.443,1.172,8.843
0.352,0.45,9.195
-0.201,-0.246,10.465
-0.94,-0.845,10.702
-0.407,-2.792,8.515
0.337,-3.728,7.704
1.005,-2.95,8.692
-0.39,-2.957,9.314
-0.703,-1.751,10.113
-0.005,-2.84,10.298
0.215,-4.878,8.613
-0.014,-5.895,8.465
-0.306,-6.156,8.326
0.091,-4.625,7.752
-0.744,-2.328,7.936
-1.182,0.78,7.967
-1.33,1.689,7.527
-0.909,1.608,6.257
-2.196,1.579,4.051
-1.806,6.69,4.599
-4.264,8.355,5.168
-5.388,9.286,6.3
-3.512,6.812,4.292
-4.766,5.278,3.512
-5.201,7.45,2.498
-5.405,8.355,3.519
-6.611,5.161,3.302
-8.522,8.604,1.766
-7.221,3.536,-0.557
-9.451,6.697,1.433
-9.18,9.475,1.775
-11.032,7.458,2.83
-12.252,7.163,1.914
-9.52,3.732,0.739
-13.669,-0.055,-0.955
-15.516,-1.742,1.309
-15.923,-3.941,0.103
-16.164,-7.972,0.852
-19.767,-7.998,3.086
-24.462,-8.733,2.993
-18.133,-10.901,3.156
-24.45,-10.343,3.354
-21.966,-6.596,2.539
-22.423,-11.212,2.024
-23.847,-6.249,4.649
-21.746,-3.802,6.013
-18.665,-2.34,2.141
-14.32,4.536,2.716
-12.573,10.941,1.23
-12.855,7.9,-2.395
-18.42,4.505,-6.111
-19.009,4.654,-3.11
-15.482,4.677,-0.323
-16.011,5.941,-0.38
-18.208,3.933,-1.967
-17.983,-0.859,1.163
-17.396,1.261,-0.675
-17.499,0.177,1.96
-13.812,-1.086,1.503
-10.922,-0.83,-1.278
-11.678,-1.168,-1.55
-11.506,-1.952,-3.486
-6.108,-1.916,-5.209
-6.276,-2.594,-5.379
-7.202,-1.084,-5.053
-5.611,0.644,-4.797
-4.345,0.464,-6.096
-2.385,0.397,-7.838
-1.902,0.935,-6.608
-3.108,2.137,-6.852
-2.859,2.869,-8.379
-1.665,2.828,-8.759
-1.653,3.73,-7.742
-0.579,3.888,-6.367
-1.584,4.529,-5.503
-0.414,5.398,-4.465
-0.632,6.489,-4.548
-0.208,8.233,-4.579
1.696,7.501,-4.615
2.503,7.958,-3.766
2.725,8.247,-2.474
1.648,9.087,-1.404
1.711,9.546,-1.273
2.287,10.097,-1.208
2.555,10.532,-1.938
2.512,9.176,-2.074
3.156,7.336,-1.208
4.383,5.914,1.062
5.95,4.103,2.512
6.525,5.302,3.156
5.917,7.893,2.433
6.666,2.45,2.677
7.357,3.811,3.759
8.625,2.682,2.493
7.558,0.048,2.979
5.835,-0.62,4.374
3.988,0.727,5.984
2.539,1.168,6.893
0.364,1.079,8.297
0.412,2.61,8.857
-0.775,2.998,8.4
-2.263,5.099,8.233
-2.737,5.821,7.058
-3.094,6.86,6.417
-4.618,8.063,6.259
-6.001,8.891,6.032
-6.13,9.049,7.778
-7.23,8.542,7.596
-6.797,8.02,7.149
-6.584,6.651,6.517
-5.869,8.661,4.905
-4.539,10.209,2.785
-4.146,12.286,0.598
-4.5,14.621,-2.455
-1.684,16.705,-6.029
-3.271,13.595,-9.259
-5.111,15.927,-10.491
-1.68,13.047,-10.123
-2.553,9.01,-9.637
-0.328,9.958,-12.226
-0.727,-0.656,-11.307
-0.459,2.376,-9.534
1.347,-3.019,-10.104
2.474,-2.115,-8.008
2.895,-4.563,-10.458
3.443,-3.304,-8.958
2.766,-5.615,-8.611
2.658,-5.831,-6.9
3.498,-6.462,-5.876
3.823,-5.888,-4.881
3.876,-6.092,-4.187
5.032,-6.498,-4.582
4.436,-7.537,-5.206
5.065,-7.718,-5.783
5.161,-7.345,-5.118
4.78,-6.907,-4.532
4.579,-7.166,-3.275
5.29,-7.161,-2.584
5.35,-6.86,-1.531
5.591,-8.278,-2.003
5.718,-6.087,-2.448
7.752,-4.034,-1.976
9.109,-6.702,-2.144
8.386,-8.697,1.838
8.458,-4.402,3.144
8.678,-0.287,2.07
9.18,2.07,0.402
9.594,2.826,0.17
9.776,4.369,-0.22
11.781,3.718,-2.617
12.65,4.11,-3.723
11.36,6.106,-4.218
9.374,4.579,-2.366
7.613,7.594,-2.902
7.568,8.013,-2.857
5.13,5.795,-3.756
6.441,0.232,-7.561
5.687,4.835,-5.79
3.223,0.749,-6.575
1.146,2.18,-7.23
0.146,-1.237,-8.776
1.608,-1.053,-9.877
-0.084,1.443,-11.571
1.541,6.319,-12.834
2.254,5.008,-9.542
5.984,9.757,-6.094
8.092,7.4,-10.204
8.606,9.465,-9.716
0.352,4.996,-13.47
-2.931,17.492,-23.462
3.63,2.139,-17.727
5.075,0.38,-18.727
-0.115,-4.943,-16.549
-2.156,2.828,-7.618
-5.986,-3.163,-6.328
-11.716,-0.447,-7.041
-7.455,-1.357,-6.383
-5.895,-11.398,-10.826
0.167,-0.821,-11.367
-1.967,-6.625,-11.831
-0.921,-0.01,-9.733
-3.134,-4.642,-10.527
-1.421,-3.06,-9.601
-1.584,-3.268,-8.431
0.715,-3.503,-8.25
-2.113,-1.526,-8.192
0.806,-0.94,-9.24
-1.708,-2.364,-8.116
0.845,-3.067,-9.671
-1.18,-0.811,-9.302
-0.33,-2.373,-9.798
-0.002,-1.421,-9.549
0.041,-2.991,-10.015
-1.055,-2.519,-10.101
-0.768,-2.917,-9.527
0.179,-2.141,-9.501
-0.835,-1.701,-9.039
-0.175,-2.29,-9.503
0.593,-1.73,-10.178
0.053,-0.995,-10.42
-0.301,-2.347,-10.826
-0.579,-1.56,-9.865
-0.285,-2.44,-10.197
0.388,-1.325,-10.494
-0.127,0.756,-10.511
0.282,-2.189,-9.996
-0.244,-1.39,-9.42
0.067,-2.086,-9.506
-0.005,-0.737,-9.802
-0.593,-0.519,-10.025
0.124,-1.215,-9.561
0.84,-0.519,-10.245
1.022,-0.136,-10.231
-0.38,-0.914,-9.824
-0.423,-0.909,-9.74
0.215,-1.244,-9.889
-0.325,0.072,-9.738
0.175,-0.11,-9.881
-0.249,-0.816,-9.793
0.959,-0.012,-10.259
0.371,0.309,-9.644
0.395,-0.782,-9.278
-0.529,-0.94,-8.958
-0.414,-0.349,-9.271
0.919,-0.337,-10.166
0.756,1.158,-10.417
0.321,0.39,-9.534
0.708,0.141,-9.781
0.278,0.395,-10.02
0.711,0.557,-10.2
0.036,0.546,-9.573
1.378,3.653,-7.29
-1.471,-5.185,-9.53
1.412,2.558,-9.42
0.493,0.361,-9.262
0.074,0.579,-8.994
1.321,0.254,-9.451
1.347,0.266,-9.568
1.127,0.775,-9.673
-0.05,-3.328,-11.456
-0.502,-1.325,-9.984
1.806,0.639,-10.188
0.266,-0.306,-10.058
1.254,0.234,-10.166
0.201,-0.189,-9.661
0.962,-0.634,-9.891
1.763,2.897,-9.532
0.849,-1.94,-9.874
0.452,-1.711,-9.046
1.376,0.175,-9.077
1.646,0.998,-9.369
1.084,0.062,-9.683
1.948,0.416,-9.841
0.696,-0.388,-9.51
0.967,0.514,-9.604
1.835,0.715,-9.939
1.079,1.134,-9.642
1.873,-0.211,-10.204
1.369,0.469,-10.427
1.414,0.311,-9.879
1.318,0.309,-9.118
1.634,0.146,-9.568
1.634,0.974,-9.367
1.402,0.62,-9.312
2.091,0.88,-9.604
1.94,-0.263,-9.755
1.426,0.385,-9.465
1.218,-0.34,-9.477
1.771,0.739,-8.723
1.493,0.16,-8.427
1.579,-0.072,-8.608
2.443,0.593,-8.824
1.658,-0.505,-9.621
1.792,1.381,-9.905
1.081,2.852,-9.348
2.361,-0.139,-9.254
3.084,3.582,-7.372
0.196,2.682,-9.264
2.232,-4.283,-11.642
2.163,-0.139,-9.604
1.043,-3.043,-9.07
2.524,-2.797,-8.838
1.981,-2.613,-8.525
2.218,-0.926,-8.888
1.873,0.909,-9.173
1.665,0.297,-8.924
3.216,-0.354,-8.336
2.802,-1.476,-7.752
2.455,-0.888,-8.635
2.541,-1.184,-7.819
2.574,-3.263,-6.4
3.417,-3.359,-7.276
3.929,-6.276,-9.676
3.905,-4.838,-9.805
2.845,-2.964,-9.321
1.33,-2.62,-9.965
1.395,-4.776,-12.324
-1.971,-2.577,-10.743
-4.484,-3.381,-9.432
-5.824,-5.623,-9.618
-4.773,-7.202,-9.922
-4.599,-7.106,-8.376
-5.123,-9.396,-6.984
-5.017,-9.908,-7.202
-4.378,-10.716,-7.403
-4.986,-10.331,-6.297
-6.374,-14.501,-6.398
-7.527,-16.571,-6.553
-7.544,-18.346,-5.448
-8.896,-19.59,-2.756
-10.503,-20.196,-0.084
-4.288,-17.913,3.022
-3.141,-17.133,5.297
0.565,-15.545,7.73
2.156,-13.375,5.57
3.687,-12.178,4.139
3.615,-10.546,4.876
2.795,-9.64,5.486
3.536,-5.737,4.515
2.775,-3.053,2.16
3.101,-4.807,2.51
-2.462,-4.639,4.211
-2.976,-3.369,6.46
-3.874,-7.139,9.802
-8.415,-4.579,12.059
-4.922,-6.711,11.934
-2.742,-4.692,12.238
-6.57,-5.302,12.523
-2.804,-6.359,12.863
-6.013,-6.336,12.848
-6.891,-9.561,11.066
-7.065,-8.388,10.537
-4.362,-8.484,9.659
-4.912,-9.164,7.68
-4.905,-9.513,6.843
-3.957,-5.807,7.946
-4.582,-4.421,9.152
-4.374,-4.417,9.089
-3.498,-5.56,8.707
-3.374,-3.531,8.843
-3.067,-3.139,9.499
-4.357,-3.015,9.752
-4.505,-2.115,10.238
-5.687,-1.579,10.501
-2.407,-2.828,10.185
-4.216,-2.007,11.319
-4.288,-1.555,10.929
-3.713,0.469,10.322
-4.058,0.072,9.774
-4.742,-0.629,8.924
-3.802,0.072,8.4
-3.618,0.433,8.527
-3.022,0.007,8.369
-2.271,0.811,8.415
-2.46,0.888,8.343
-1.165,2.562,7.821
-2.653,3.007,8.312
-2.806,3.149,9.183
-3.285,3.5,10.011
-4.644,4.335,10.633
-4.926,4.364,10.465
-4.694,6.316,12.224
-5.352,8.647,12.339
-4.627,8.979,12.977
-5.285,8.979,14.202
-6.472,9.575,13.796
-5.835,8.695,13.3
-5.699,7.982,13.087
-5.335,6.656,12.396
-5.264,6.706,11.929
-5.364,7.104,12.169
-4.847,6.271,11.262
-4.359,3.907,10.312
-3.941,3.031,9.621
-3.429,3.098,8.295
-3.304,2.443,7.362
-2.505,1.428,6.367
-2.223,1.328,5.379
-1.672,1.567,4.438
-1.424,1.694,2.548
-1.904,2.409,0.88
-1.883,0.825,-0.708
-2.464,-0.019,-1.66
-2.972,-0.112,-2.306
-3.857,0.711,-2.85
-4.326,-0.529,-3.194
-4.941,-1.395,-2.507
-6.367,-2.33,-2.022
-8.443,-2.531,-2.644
-11.379,-2.474,-4.627
-14.506,-0.967,-6.816
-14.145,3.68,-19.054
-11.499,-3.29,-18.007
-18.126,-0.412,-13.442
-19.368,17.499,-34.991
18.988,-35.396,-16.315
-9.865,37.209,-16.916
-6.888,22.335,-11.334
-4.091,4.249,-16.126
-3.57,11.011,-17.734
-1.172,11.13,-15.317
-1.921,9.286,-17.085
0.543,10.518,-15.853
-0.613,2.689,-16.643
-0.404,6.455,-14.626
-0.385,4.314,-12.669
0.208,4.847,-11.824
0.598,4.575,-10.987
1.55,4.326,-11.496
1.797,4.24,-11.173
2.527,2.84,-9.508
2.871,2.608,-8.522
3.357,0.947,-8.022
2.737,1.409,-7.307
1.864,-0.902,-7.19
0.622,-2.149,-6.3
-0.572,-3.57,-6.321
-0.278,-4.13,-5.919
-0.091,-4.766,-5.192
0.163,-5.058,-5.553
1.072,-5.57,-5.991
1.196,-6.9,-5.661
-0.732,-5.948,-5.395
0.057,-7.087,-5.766
-0.873,-6.63,-5.965
0.852,-7.058,-6.438
-0.29,-10.314,-7.699
0.49,-6.8,-7.087
-0.06,-5.912,-5.099
-0.555,-8.4,-5.831
-1.06,-8.08,-7.034
-0.572,-10.587,-8.362
-0.141,-9.496,-8.034
-1.321,-9.18,-8.29
-1.553,-9.039,-6.261
-2.424,-10.214,-7.144
2.354,0.943,-8.551
2.55,-0.002,-7.807
2.259,-0.242,-7.824
2.45,-1.768,-7.34
0.797,-0.562,-6.666
0.751,-2.292,-5.747
-0.27,-3.924,-4.192
-0.292,-5.113,-3.498
0.287,-6.168,-3.07
-0.656,-6.864,-3.926
0.151,-6.814,-4.331
0.423,-6.185,-5.29
0.309,-6.984,-5.835
-0.187,-9.192,-6.278
-0.041,-10.508,-6.974
1.294,-11.537,-7.453
1.16,-7.73,-5.553
-0.581,-8.302,-3.144
0.0,-9.898,-3.07
-0.51,-10.161,-2.237
-0.191,-9.685,-2.137
-0.828,-9.573,-1.928
0.311,-9.444,-1.974
-0.44,-9.18,-1.715
-1.11,-9.735,-2.507
-1.878,-11.489,-3.283
-2.153,-12.051,-4.292
-3.79,-12.996,-5.029
-4.67,-12.858,-4.917
-4.766,-13.107,-4.924
-6.108,-12.834,-4.797
-6.84,-13.829,-3.192
-6.218,-12.042,-1.859
-7.419,-12.083,-1.641
-6.797,-12.121,-0.885
-6.785,-17.267,0.356
-6.637,-18.564,0.325
-7.745,-20.715,2.613
-4.421,-18.918,4.223
-4.395,-16.966,4.465
-0.397,-14.822,2.943
2.572,-11.173,1.981
5.749,-9.293,1.663
4.252,-4.833,1.409
4.462,-4.759,0.773
4.457,-1.304,-0.591
8.254,-4.704,-0.474
2.828,-0.079,0.763
-2.51,-4.876,4.558
-6.754,-6.848,7.357
-7.824,-7.553,9.14
-9.097,-8.266,12.269
-11.731,-8.656,11.48
-12.781,-8.544,11.882
-11.398,-9.094,14.243
-9.798,-4.173,16.064
-4.689,-2.993,15.083
-4.536,-4.079,13.185
-5.443,-3.079,12.863
-5.938,-2.603,10.697
-4.639,-4.259,8.903
-4.68,-1.919,9.582
-4.505,1.735,10.984
-4.721,1.4,10.855
-3.421,0.866,11.075
-3.431,-0.342,11.255
-3.859,0.476,11.19
-3.065,3.067,10.731
-5.529,0.751,10.456
-5.024,0.031,10.587
-2.364,1.498,10.836
-6.053,2.091,10.987
-5.603,1.924,11.204
-6.35,1.189,10.68
-5.024,2.182,9.738
-3.601,2.397,9.668
-4.618,2.754,9.518
-5.321,2.036,10.255
-5.23,4.199,11.039
-3.993,5.01,10.872
-5.163,7.671,13.518
-5.295,10.499,12.432
-6.51,10.207,11.968
-6.814,9.616,12.15
-7.154,9.178,10.956
-6.426,9.42,10.934
-6.836,11.425,11.604
-6.319,8.331,10.53
-5.579,5.419,9.745
-5.639,6.197,9.532
-4.658,6.426,8.558
-4.445,5.233,7.168
-4.326,4.053,5.369
-3.749,2.007,3.316
-2.991,4.125,1.907
-3.098,3.225,0.584
-4.031,1.907,-0.22
-4.244,1.22,-1.345
-4.845,-1.433,-2.548
-4.895,-1.771,-2.818
-5.515,-1.689,-2.682
-6.237,-2.251,-2.361
-7.929,-1.943,-1.883
-10.446,-1.785,-2.543
-13.233,-2.728,-4.417
-15.994,-2.218,-6.678
-18.117,-0.11,-10.195
-15.822,2.754,-18.184
-17.504,1.141,-19.035
-15.978,9.465,-41.7
16.985,-16.851,-8.606
-10.791,24.096,-19.054
-12.788,26.957,-9.977
-0.584,8.833,-14.145
-3.835,8.546,-19.224
-0.947,9.896,-18.854
-0.287,10.886,-16.356
-4.077,2.354,-12.731
-0.371,6.369,-15.927
0.378,5.788,-15.155
-0.251,6.161,-13.69
-0.991,6.958,-13.171
-0.419,5.4,-12.645
-0.208,4.362,-12.391
0.304,3.252,-10.747
1.584,3.321,-8.807
0.818,3.524,-6.793
2.17,2.232,-6.778
1.821,1.471,-7.041
1.409,-0.144,-7.427
1.895,-1.904,-7.544
1.5,-2.51,-6.501
0.105,-3.584,-5.795
-0.256,-5.206,-5.254
-0.639,-5.462,-4.283
-0.196,-5.302,-4.185
-0.84,-6.013,-4.701
0.218,-5.907,-4.998
-0.1,-7.348,-5.764
0.301,-7.726,-5.486
-0.66,-9.039,-5.539
0.629,-9.178,-4.917
0.505,-11.374,-5.005
0.921,-9.594,-3.785
-0.55,-7.668,-3.062
-0.349,-8.424,-2.515
-0.483,-9.723,-2.673
-0.184,-9.86,-3.764
-0.383,-10.25,-3.409
-1.223,-10.599,-4.192
-1.235,-9.123,-4.596
-1.873,-9.652,-4.127
-1.481,-10.709,-4.29
-2.299,-12.305,-4.711
-2.962,-12.248,-5.13
-4.89,-14.372,-4.639
-4.788,-11.975,-3.907
-5.661,-13.437,-3.838
-6.903,-13.824,-3.139
-6.498,-13.851,-2.108
-6.288,-13.774,-1.503
-5.508,-15.183,-2.192
-4.46,-16.71,-4.276
-7.465,-22.442,-4.084
-6.919,-20.892,0.361
-4.756,-14.81,1.596
0.457,-12.157,2.297
2.95,-7.422,0.251
4.883,-9.467,3.199
4.852,-9.513,3.431
3.297,-3.362,3.761
5.922,0.708,0.95
5.103,-0.725,-0.074
2.079,-1.28,1.713
-2.335,-3.137,6.426
-2.261,-4.522,9.707
-6.795,-9.245,11.312
-8.678,-8.297,12.245
-13.729,-5.699,14.126
-14.602,-3.615,18.791
-15.006,-1.538,19.366
-10.963,-4.465,16.98
-10.463,-3.56,14.439
-5.962,-0.349,13.396
-6.056,0.873,11.879
-8.264,-1.581,10.092
-8.352,-2.4,9.307
-5.95,-1.278,7.924
-4.768,1.852,9.623
-3.819,0.876,9.661
-2.232,0.51,10.037
-3.161,2.766,9.833
-2.89,-0.014,8.8
-3.816,-0.646,9.767
-3.78,0.151,10.001
-4.106,1.622,10.434
-3.297,2.625,9.987
-3.584,2.201,9.922
-4.134,1.151,9.333
-4.8,-0.656,9.106
-3.4,0.902,9.13
-3.039,2.022,9.872
-3.591,4.252,10.956
-4.254,3.048,10.59
-4.567,4.177,10.642
-7.082,3.268,12.422
-4.094,6.331,12.939
-5.919,7.651,13.389
-5.821,9.199,13.796
-7.364,9.594,14.157
-7.592,9.8,13.09
-7.656,9.274,13.176
-8.214,8.448,13.248
-7.388,6.034,11.618
-6.295,5.656,11.98
-6.553,6.611,10.977
-5.084,5.343,9.065
-5.142,3.677,8.254
-4.41,4.122,7.553
-4.07,5.718,5.606
-5.922,5.635,4.486
-5.792,3.708,2.419
-4.496,0.83,1.151
-3.548,0.378,-0.495
-3.775,0.282,-1.366
-4.438,0.45,-1.971
-4.871,0.12,-2.804
-4.986,-1.261,-3.694
-5.958,-1.232,-3.723
-6.924,-0.974,-3.811
-8.675,-1.01,-4.697
-10.85,-2.417,-5.091
-13.709,-2.873,-5.501
-17.361,-1.251,-7.156
-19.502,1.835,-10.058
-15.724,11.106,-20.167
-14.21,11.133,-27.9
30.941,-2.716,-6.419
-15.401,14.023,-12.322
-9.805,27.046,-6.816
0.675,16.325,-13.19
-5.331,11.448,-13.709
-4.599,12.712,-16.707
-3.486,13.274,-14.092
-3.783,5.723,-13.64
1.077,11.501,-14.186
-1.605,8.941,-12.985
-0.244,3.768,-11.791
-1.651,4.503,-10.982
-0.632,4.828,-10.413
0.811,4.343,-10.867
0.816,4.445,-10.877
1.354,2.505,-11.592
1.646,3.266,-10.692
2.804,1.893,-10.728
3.163,2.627,-10.099
2.744,1.89,-9.178
2.555,0.368,-9.448
2.651,-0.208,-9.109
1.287,-0.964,-8.297
0.567,-1.333,-6.857
-0.811,-2.103,-6.283
-0.328,-2.687,-6.367
0.017,-4.285,-6.998
0.01,-4.603,-6.972
-0.002,-4.965,-8.3
0.388,-5.005,-8.53
0.919,-4.218,-8.987
0.476,-3.156,-10.35
1.163,-7.295,-11.429
0.383,-5.18,-9.022
-1.029,-3.479,-7.886
-0.163,-4.644,-7.898
-0.036,-4.682,-8.288
0.136,-7.039,-8.321
-1.184,-7.288,-7.317
-1.763,-9.81,-7.391
-0.56,-8.51,-7.072
-1.859,-8.716,-7.072
-2.027,-9.329,-6.271
-2.481,-10.582,-6.359
-2.132,-11.638,-6.07
-3.036,-11.047,-5.489
-3.522,-9.472,-5.426
-3.675,-11.989,-5.685
-5.783,-12.286,-5.759
-7.197,-14.745,-3.704
-6.613,-12.975,-2.06
-7.003,-15.64,-0.727
-5.704,-20.327,-1.883
-5.371,-19.43,-0.746
-1.223,-21.863,-0.943
-4.747,-19.791,2.531
3.943,-11.822,3.22
4.871,-11.178,5.654
10.094,-4.919,3.357
5.596,-3.658,5.161
8.092,1.431,2.189
9.489,-6.328,2.972
3.053,-3.921,3.388
0.517,-1.555,4.835
-1.058,-1.708,6.678
-8.108,-5.881,8.728
-8.3,-3.718,12.817
-10.027,-6.532,12.47
-6.539,-8.563,14.394
-8.771,-10.152,12.286
-10.125,-12.071,15.353
-8.731,-5.747,16.272
-4.075,-9.453,12.13
-8.886,-7.941,12.128
-3.754,-5.728,12.336
-4.331,-1.101,12.953
-4.113,-3.74,10.329
-2.407,-4.677,9.168
-2.94,-2.787,10.759
-5.797,-0.522,11.171
-3.378,-0.445,10.625
-4.457,-0.739,11.128
-3.28,0.73,10.869
-4.572,0.854,11.173
-2.979,-0.194,10.678
-4.878,-0.969,10.087
-6.898,-0.926,10.118
-4.23,1.909,11.027
-3.941,3.046,10.257
-4.567,3.235,9.826
-3.529,2.735,9.599
-4.204,3.268,9.159
-4.051,3.503,8.707
-3.969,2.763,9.321
-3.467,4.036,9.484
-4.232,5.134,9.204
-3.792,2.835,9.597
-4.622,7.278,11.975
-4.259,8.135,12.53
-5.142,11.133,12.951
-6.635,11.913,12.913
-6.103,10.561,11.719
-6.515,10.544,11.905
-6.314,9.384,12.379
-5.713,8.398,12.013
-5.67,8.776,12.118
-5.398,7.171,11.169
-4.57,4.936,10.554
-5.405,6.072,9.774
-4.599,6.898,6.144
-4.749,3.921,4.465
-5.036,3.005,0.665
-4.862,3.163,-0.457
-4.144,3.783,-0.297
-4.445,1.768,-0.483
-5.008,-1.292,-2.196
-5.0,-0.423,-3.022
-5.481,0.943,-3.28
-5.783,-0.086,-3.196
-6.491,-0.799,-2.78
-8.369,-2.479,-2.816
-11.054,-2.766,-3.402
-13.745,-2.184,-5.766
-6.252,6.529,10.336
-5.331,9.747,13.054
-6.075,10.302,13.188
-5.979,8.707,11.59
-8.477,9.688,14.245
-8.388,8.094,13.209
-7.898,6.922,11.645
-8.032,7.936,12.013
-7.51,8.099,10.324
-6.417,6.218,9.07
-5.835,5.883,8.367
-5.824,5.816,7.259
-4.512,4.548,6.594
-3.515,4.45,5.144
-3.893,4.17,3.503
-4.244,5.252,2.285
-4.24,2.417,0.706
-3.962,-0.079,-1.247
-4.407,0.342,-1.916
-4.469,1.074,-2.431
-4.785,1.412,-2.653
-4.572,0.22,-3.096
-5.359,-0.316,-3.376
-7.379,-1.239,-3.192
-9.719,-1.866,-3.732
-12.178,-1.68,-5.094
-14.219,-1.318,-6.515
-17.583,-0.045,-7.924
-21.019,4.254,-12.367
-13.564,12.657,-20.54
37.989,78.376,-53.993
1.39,-24.117,-24.208
-12.415,40.475,-8.436
-5.56,19.954,-11.13
-2.797,9.872,-13.415
-4.603,13.059,-16.554
-5.012,12.989,-15.88
-3.204,13.348,-14.714
-0.333,8.943,-11.872
-1.304,10.03,-14.645
0.026,5.996,-11.755
-2.192,3.61,-10.908
-1.72,5.594,-11.032
-0.318,5.419,-10.958
0.754,3.744,-11.173
0.266,2.249,-11.269
1.266,2.73,-11.616
1.979,2.125,-11.212
2.024,1.345,-10.305
2.254,0.847,-9.764
2.895,0.699,-9.355
3.452,-0.627,-9.448
3.407,-0.435,-8.599
2.828,-0.902,-8.073
3.065,-0.586,-7.649
2.428,-1.474,-7.206
0.995,-3.101,-6.273
0.447,-2.756,-6.166
-0.251,-3.969,-5.589
0.538,-5.577,-5.654
-0.17,-5.651,-7.376
-0.065,-5.666,-7.998
0.402,-4.343,-9.049
-0.146,-4.737,-9.214
0.51,-4.78,-11.659
1.476,-8.951,-11.788
-0.703,-5.039,-9.307
-0.505,-5.477,-7.515
0.445,-5.981,-7.893
0.132,-6.773,-8.163
0.074,-7.216,-6.424
-0.464,-6.135,-3.991
-0.653,-7.611,-3.213
-1.507,-9.226,-4.283
-1.948,-10.152,-5.02
-2.204,-12.322,-5.386
-2.062,-11.738,-5.256
-3.945,-12.339,-5.364
-4.766,-11.542,-4.113
-4.122,-8.778,-3.067
-4.297,-10.683,-2.266
-4.156,-9.855,-2.481
-4.771,-9.18,-2.673
-5.41,-11.716,-5.056
-6.781,-21.983,-7.534
-10.657,-26.151,-3.381
-10.936,-24.751,1.955
-9.276,-22.933,7.051
-4.082,-17.131,6.673
0.048,-14.265,5.792
2.364,-12.075,6.608
5.204,-2.031,2.991
9.144,-3.228,-0.543
5.111,-0.675,-1.304
10.097,3.34,-1.617
1.811,2.56,0.153
-2.771,6.316,3.4
-3.632,5.584,8.659
-5.938,1.641,12.726
-14.698,-8.14,15.786
-15.853,-12.956,16.638
-20.311,-12.339,18.349
-21.954,-7.587,20.49
-14.463,-3.792,17.777
-7.51,-7.199,16.126
-8.817,-4.838,12.796
-6.118,-1.9,11.094
-6.216,0.787,11.606
-6.881,-0.689,9.817
-3.57,1.4,8.896
-4.352,2.716,10.13
-5.967,2.364,10.29
-5.156,0.914,8.702
-3.608,3.328,9.396
-2.493,5.711,9.403
-5.015,3.909,9.209
-4.63,2.816,9.451
-6.278,0.809,8.491
-3.342,1.775,7.345
-4.352,4.132,8.271
-3.663,3.194,7.027
-4.63,5.752,7.544
-5.536,6.127,6.871
-5.39,5.3,7.85
-4.204,5.788,8.35
-5.29,6.084,9.013
-3.756,10.324,11.645
-6.199,10.511,12.626
-6.328,9.219,12.264
-11.85,18.231,14.442
-9.604,17.535,12.822
-9.824,19.069,13.796
-12.475,20.588,13.879
-13.42,16.482,10.735
-12.654,16.049,9.855
-13.3,16.681,7.783
-13.59,11.137,5.898
-13.776,9.022,5.876
-13.284,7.608,4.407
-12.769,5.721,3.493
-13.453,2.584,2.584
-13.669,-1.096,0.73
-13.87,-1.256,-0.469
-15.128,-2.094,-0.263
-16.04,-2.67,-1.17
-17.148,-1.495,-1.704
-19.595,-2.297,-4.182
-20.71,-2.558,-5.572
-23.227,-3.067,-5.187
-28.661,-1.931,-5.637
-27.402,1.098,-23.117
-20.435,-1.237,-32.376
-24.744,7.029,-22.581
-28.199,14.834,-32.936
44.208,14.025,-18.253
-7.45,26.34,-29.46
-11.202,23.684,-10.948
-2.632,3.881,-12.219
1.883,12.999,-17.573
1.66,9.032,-20.648
-3.098,10.566,-15.899
1.778,2.436,-17.174
2.239,3.211,-16.037
0.605,4.78,-11.305
1.294,3.003,-8.991
1.448,3.141,-7.039
0.864,-0.199,-5.635
0.026,-2.665,-4.173
-2.452,-5.431,-4.996
-2.472,-5.816,-7.592
1.208,-3.677,-10.824
3.168,-9.786,-13.004
-1.151,1.208,-8.556
-2.606,-2.354,-10.81
-2.464,-0.775,-10.489
-4.823,-2.775,-5.838
-4.096,-5.115,-3.998
-2.675,-6.881,-5.158
-0.024,-8.285,-5.807
0.261,-8.941,-6.544
-1.684,-10.494,-5.694
-1.125,-9.833,-4.154
-1.01,-11.733,-4.383
-1.742,-14.08,-6.099
-3.173,-15.033,-7.747
-2.55,-13.518,-8.671
-2.964,-18.026,-9.759
-5.879,-19.581,-10.858
-7.496,-23.689,-11.439
-10.633,-20.756,-4.216
-13.324,-24.258,3.424
-8.606,-25.074,6.082
-9.245,-18.456,8.063
-8.015,-23.978,6.391
-6.089,-17.346,4.331
-1.842,-7.345,-0.055
5.62,-3.933,0.873
4.369,-0.971,-1.067
5.864,4.553,-2.665
5.938,-0.739,0.928
4.979,2.153,1.431
1.519,0.364,1.019
-0.746,-3.321,2.814
-3.462,-3.409,5.264
-7.984,-1.302,11.331
1.684,-8.539,10.137
-9.099,-10.496,11.405
-5.969,-15.571,11.977
-1.467,-15.112,9.192
-3.103,-15.894,9.702
-4.862,-13.946,10.544
-1.498,-13.475,8.599
-1.701,-13.351,6.395
-2.297,-13.949,5.079
0.165,-12.494,5.242
-0.986,-11.07,5.051
-1.232,-11.556,5.615
-1.369,-11.214,5.154
-0.677,-10.525,4.589
-2.105,-8.467,4.965
-0.249,-9.128,4.182
-0.378,-9.467,3.998
0.115,-10.123,3.797
0.502,-9.051,3.225
0.613,-9.171,2.871
0.842,-10.058,2.495
1.471,-9.86,2.208
1.711,-8.709,2.531
1.402,-7.558,2.314
1.931,-7.484,2.818
1.778,-6.74,3.407
1.847,-6.826,4.0
1.562,-6.281,4.455
1.345,-6.938,4.644
1.067,-6.845,4.843
1.395,-6.281,5.757
1.125,-7.132,5.39
0.488,-8.187,5.288
0.873,-8.79,5.29
1.002,-7.156,6.321
1.187,-6.592,6.73
0.9,-6.202,7.326
1.158,-6.108,6.95
0.526,-6.221,7.29
0.124,-7.104,6.766
0.352,-7.374,6.489
0.541,-7.517,6.546
0.754,-6.752,7.125
0.187,-7.52,6.845
0.483,-8.582,6.357
0.51,-8.4,6.278
0.294,-8.063,7.317
-0.368,-6.041,8.553
-0.924,-5.381,9.587
-1.048,-4.998,9.833
-0.679,-5.223,9.805
-0.605,-4.685,9.869
-0.883,-4.01,9.726
-0.62,-4.333,9.51
-1.074,-5.233,9.357
-0.737,-5.371,9.219
-0.584,-5.082,9.159
-0.352,-4.194,9.192
-0.854,-4.5,9.305
-0.775,-4.843,9.245
-0.888,-4.744,9.089
-1.316,-4.563,9.003
-0.758,-4.232,9.032
-0.857,-4.354,8.853
-0.988,-4.488,9.02
-0.668,-4.271,8.977
-0.531,-3.976,8.886
-0.811,-4.067,8.953
-0.957,-3.728,9.073
-0.864,-3.816,8.922
-1.158,-3.831,8.953
-0.77,-3.967,8.776
-0.79,-3.876,9.075
-0.976,-3.842,9.31
-1.258,-3.85,9.312
-1.06,-3.986,9.202
-0.926,-4.261,8.587
-1.256,-4.309,8.297
-1.349,-3.328,8.635
-1.139,-1.632,9.204
-1.27,-0.498,9.47
-1.443,-1.012,9.429
-1.182,-1.555,9.211
-1.23,-1.897,8.951
-1.189,-1.694,8.826
-0.723,-2.072,8.829
-1.041,-2.658,9.262
-1.189,-2.852,9.271
-1.881,-2.749,9.534
-1.464,-2.653,9.491
-1.517,-2.199,9.432
-1.871,-2.534,9.362
-1.292,-2.503,9.475
-0.971,-2.888,9.338
-1.081,-3.917,9.042
-1.239,-4.343,8.759
-1.57,-4.852,9.044
-1.634,-5.603,9.111
-0.912,-6.08,8.867
-1.086,-6.022,9.085
-1.244,-5.881,9.104
-0.957,-5.8,9.037
-0.746,-5.84,8.821
-0.696,-5.23,8.879
-0.735,-5.692,8.503
-0.818,-6.606,8.525
-1.136,-6.941,6.513
-0.878,-8.484,3.658
0.208,-9.199,1.232
0.431,-10.625,-1.091
0.567,-11.164,-2.263
0.921,-10.563,-2.577
1.66,-10.917,-4.737
2.17,-10.874,-5.934
2.785,-10.14,-6.008
2.854,-9.549,-5.776
3.259,-8.85,-5.283
3.859,-8.187,-5.233
3.981,-7.412,-4.967
4.838,-6.68,-4.51
4.594,-6.07,-4.008
5.048,-5.359,-3.754
5.044,-5.946,-3.108
4.156,-5.649,-2.053
4.027,-5.024,-0.995
3.761,-4.654,0.146
3.869,-5.333,0.665
3.17,-6.281,1.39
2.306,-5.582,2.146
2.33,-3.531,2.914
2.096,-2.881,4.242
-0.246,-2.955,5.134
-0.323,-1.079,5.4
0.043,0.553,7.637
-0.988,1.048,8.853
-1.321,1.323,10.037
-3.242,-0.713,11.958
-4.534,-1.452,12.295
-4.654,-2.929,11.013
-3.708,-3.519,9.353
-4.953,-2.641,9.338
-4.579,-4.512,8.281
-5.761,-5.85,7.132
-6.199,-4.331,7.386
-5.814,-9.298,4.565
-4.474,-8.386,4.838
-5.879,-4.809,6.788
-6.448,-6.563,5.584
-5.498,-5.974,6.302
-7.123,-5.484,6.702
-5.606,-12.367,4.91
-3.005,-3.402,5.568
-6.412,-1.361,3.878
-6.19,-9.188,1.931
-5.723,-6.95,3.146
-9.929,0.601,2.816
-10.348,-6.161,1.768
-11.391,-12.896,1.579
-11.018,-6.142,1.873
-10.578,-2.73,2.402
-10.616,-6.508,1.445
-10.606,-7.565,0.031
-8.735,-6.309,0.234
-8.903,-6.958,1.409
-8.991,-5.646,2.383
-8.912,-5.804,1.739
-9.245,-5.39,0.916
-9.455,-5.28,0.191
-10.511,-4.867,-1.407
-10.733,-5.364,-4.5
-10.661,-6.704,-5.816
-10.987,-8.391,-5.386
-10.549,-8.018,-5.046
-9.932,-8.168,-5.125
-10.302,-7.917,-4.725
-9.735,-7.745,-4.474
-9.46,-6.589,-3.345
-9.613,-6.606,-3.472
-9.85,-6.685,-4.039
-10.058,-4.685,-4.012
-10.056,-4.331,-5.489
-10.697,-5.678,-4.369
-9.939,-4.835,-4.201
-9.121,-3.433,-5.003
-8.967,-3.51,-5.587
-8.534,-3.307,-6.225
-8.479,-2.299,-6.541
-8.13,-2.838,-6.962
-7.793,-2.756,-7.173
-6.721,-2.701,-7.336
-6.276,-3.015,-7.79
-6.173,-3.103,-8.214
-6.194,-3.807,-8.515
-6.405,-4.704,-8.532
-5.644,-5.3,-8.056
-6.24,-6.912,-7.194
-5.199,-5.747,-7.45
-4.654,-6.527,-7.094
-5.032,-7.4,-6.386
-4.735,-8.36,-6.06
-4.043,-8.826,-5.843
-4.328,-8.384,-5.429
-3.852,-8.443,-5.096
-4.012,-8.544,-4.412
-2.996,-8.618,-3.773
-2.859,-7.398,-3.223
-2.728,-6.508,-1.617
-2.543,-8.326,-1.067
-1.574,-9.341,-0.246
-1.421,-7.285,1.885
-1.381,-7.065,3.462
-1.546,-7.862,3.783
-1.897,-8.544,3.761
-1.493,-8.264,4.67
-1.869,-9.054,4.838
-0.639,-7.324,5.63
-1.467,-6.917,7.118
-2.127,-7.214,7.687
-1.9,-6.936,8.029
-2.16,-6.843,8.446
-2.101,-6.371,8.716
-1.782,-6.874,7.998
-2.086,-6.572,7.479
-1.962,-4.771,7.324
-0.605,-2.649,6.97
0.191,0.615,8.678
-0.069,2.285,10.298
-0.285,3.051,11.367
-0.617,2.345,11.487
-0.507,1.077,11.317
0.065,0.048,11.027
-0.383,-0.048,11.267
-0.313,0.297,11.221
-0.223,0.179,11.245
-0.39,0.292,11.283
-0.309,0.622,10.917
-0.213,0.672,10.259
0.122,0.469,9.97
0.084,0.586,9.936
0.402,0.16,9.616
0.921,0.05,9.408
0.928,-0.048,9.487
1.558,0.366,8.929
2.684,-0.117,9.099
3.067,-1.294,9.197
3.084,-0.854,9.568
2.634,-0.83,9.874
2.988,-1.558,9.298
2.945,-1.629,9.118
3.326,-1.601,8.975
3.041,-1.936,9.336
3.393,-1.823,9.353
4.008,-1.203,9.434
4.189,-1.115,9.405
4.278,-1.476,9.135
4.768,-1.242,9.592
5.041,-0.888,9.774
4.213,-0.9,9.836
4.957,-0.749,9.666
4.637,-0.804,9.549
4.955,-0.33,8.826
4.857,0.524,8.819
5.06,0.156,8.597
4.642,-1.218,8.185
4.955,0.895,8.518
5.764,1.936,8.252
6.151,2.357,8.302
5.965,2.072,8.319
6.003,2.905,8.037
6.032,3.364,7.443
5.845,3.24,7.556
6.309,3.283,7.943
5.546,4.012,7.388
4.766,4.905,7.139
5.125,4.374,6.718
3.866,4.639,6.843
2.876,4.273,6.771
2.421,4.122,6.532
2.196,4.505,6.364
1.907,3.68,6.005
1.12,2.208,5.154
1.223,1.232,4.321
1.395,1.323,4.694
1.529,3.201,7.434
0.175,8.077,14.133
-1.438,2.443,10.056
2.402,-0.273,7.398
4.716,-3.048,6.197
6.481,-2.74,8.075
6.161,-2.227,6.871
5.658,-4.563,6.845
5.414,-0.998,7.448
6.254,0.5,8.08
6.649,0.706,7.872
6.582,-3.144,6.726
6.367,-2.893,6.74
6.714,-3.582,6.52
6.613,-2.452,6.776
6.57,-1.507,7.015
6.443,-1.821,7.039
6.297,-2.041,7.139
6.446,-2.038,7.017
6.357,-1.936,7.063
6.142,-2.354,7.108
6.228,-2.108,7.068
6.876,-3.091,6.199
6.704,-2.275,6.412
6.613,-2.168,6.517
6.891,-2.113,6.647
7.037,-2.113,6.596
7.025,-2.436,6.314
6.814,-2.558,6.443
7.015,-2.464,6.393
7.087,-2.728,6.259
6.881,-2.433,6.276
6.814,-2.608,6.415
6.723,-2.187,6.565
6.934,-2.39,6.529
7.261,-2.816,6.281
7.18,-2.809,6.216
7.06,-2.921,6.199
6.982,-2.835,6.225
6.704,-2.723,6.316
6.62,-2.933,6.508
6.596,-2.364,6.57
6.654,-2.12,6.094
6.651,-2.663,6.673
7.137,-2.388,6.709
7.25,-2.574,6.553
6.582,-2.783,6.606
6.472,-2.546,6.489
6.386,-2.438,6.773
6.467,-2.125,6.874
6.819,-2.127,6.833
6.773,-2.347,6.728
6.398,-2.156,6.761
6.395,-2.182,6.874
6.424,-2.201,6.996
6.333,-2.22,6.967
6.417,-2.132,6.943
6.233,-1.916,7.068
6.051,-1.799,7.266
5.955,-1.909,7.233
6.237,-1.845,7.154
6.237,-1.73,7.12
6.276,-1.881,7.139
6.448,-1.919,7.257
6.431,-1.842,7.221
6.527,-1.962,7.149
6.376,-1.948,7.151
6.307,-1.802,7.206
6.376,-1.893,7.168
6.304,-2.003,7.194
6.324,-1.981,7.089
6.343,-2.11,7.068
6.371,-2.043,6.996
6.599,-2.149,7.049
6.551,-2.086,6.996
6.288,-1.955,7.147
6.281,-1.952,7.209
6.295,-1.902,7.096
6.362,-2.038,7.051
6.426,-2.07,7.07
6.391,-2.139,7.017
6.446,-2.115,7.051
6.503,-2.103,7.037
6.503,-2.084,6.927
6.309,-2.046,7.032
6.443,-2.06,7.13
6.35,-2.046,7.075
6.398,-2.067,7.041
6.431,-2.036,7.104
6.415,-2.117,7.039
6.462,-2.134,7.02
6.46,-2.223,6.941
6.541,-2.261,6.96
6.632,-2.364,6.876
6.546,-2.283,6.831
6.345,-2.254,6.984
6.348,-2.23,6.931
6.479,-2.184,6.977
6.477,-2.259,6.843
6.443,-2.306,6.826
6.381,-2.402,6.85
6.546,-2.431,6.797
6.589,-2.304,6.824
6.56,-2.271,6.864
6.513,-2.457,6.819
6.56,-2.574,6.704
6.769,-2.512,6.685
6.627,-2.424,6.781
6.522,-2.29,6.814
6.596,-2.297,6.733
6.673,-2.51,6.673
6.659,-2.56,6.594
6.716,-2.567,6.697
6.702,-2.505,6.678
6.733,-2.438,6.704
6.671,-2.486,6.651
6.666,-2.388,6.73
6.627,-2.314,6.781
6.582,-2.479,6.723
6.541,-2.426,6.659
6.625,-2.402,6.649
6.68,-2.421,6.752
6.728,-2.385,6.718
6.716,-2.364,6.699
6.644,-2.283,6.728
6.627,-2.254,6.848
6.728,-2.34,6.752
6.393,-2.108,6.938
6.498,-2.074,6.941
6.596,-2.149,6.912
6.45,-2.034,6.867
6.429,-2.019,6.941
6.331,-1.936,6.953
6.309,-1.895,6.996
6.613,-1.883,7.027
6.666,-1.981,6.938
6.376,-2.036,6.903
6.376,-1.907,6.974
6.477,-1.931,6.979
6.489,-1.909,7.051
6.604,-1.881,7.022
6.529,-1.94,6.905
6.438,-1.933,6.917
6.503,-1.845,6.919
6.515,-1.797,6.898
6.467,-1.869,6.845
6.577,-1.991,6.9
6.613,-1.926,6.831
6.754,-1.893,6.831
6.723,-1.847,6.831
6.654,-1.809,6.776
6.558,-1.759,6.833
6.649,-1.653,6.8
6.927,-1.763,6.836
6.893,-1.9,6.733
6.864,-1.9,6.639
6.886,-1.979,6.687
6.891,-1.928,6.673
6.891,-1.909,6.627
6.766,-1.852,6.625
6.879,-1.854,6.63
6.972,-1.888,6.635
6.867,-1.778,6.709
6.745,-1.744,6.666
6.778,-1.61,6.687
6.91,-1.668,6.723
6.855,-1.646,6.685
6.994,-1.651,6.594
6.953,-1.617,6.601
6.958,-1.608,6.623
6.936,-1.61,6.632
6.979,-1.589,6.627
6.943,-1.596,6.716
6.905,-1.627,6.517
6.864,-1.483,6.551
6.907,-1.558,6.895
7.027,-1.526,6.462
7.01,-1.589,6.548
6.927,-1.548,6.575
6.912,-1.55,6.651
6.962,-1.558,6.637
7.034,-1.526,6.613
7.063,-1.581,6.649
7.017,-1.672,6.462
7.027,-1.558,6.503
7.041,-1.62,6.711
6.984,-1.634,6.369
6.946,-1.625,6.522
6.986,-1.601,6.489
7.01,-1.574,6.501
7.051,-1.541,6.426
7.108,-1.572,6.537
7.171,-1.605,6.465
7.092,-1.601,6.419
7.027,-1.605,6.4
7.058,-1.565,6.426
6.96,-1.495,6.486
7.094,-1.517,6.484
7.25,-1.512,6.477
7.194,-1.498,6.486
7.19,-1.515,6.446
7.118,-1.467,6.395
7.08,-1.474,6.424
7.216,-1.464,6.367
7.309,-1.517,6.379
7.242,-1.467,6.367
7.271,-1.488,6.348
7.159,-1.462,6.429
7.223,-1.467,6.496
7.142,-1.383,6.438
7.173,-1.479,6.493
7.154,-1.488,6.446
7.135,-1.546,6.477
7.238,-1.543,6.415
7.192,-1.536,6.431
7.044,-1.507,6.434
6.994,-1.464,6.407
6.972,-1.488,6.405
6.848,-1.455,6.426
6.931,-1.438,6.522
7.082,-1.543,6.575
7.123,-1.524,6.465
7.06,-1.558,6.51
7.077,-1.507,6.489
7.175,-1.512,6.615
7.25,-1.567,6.541
7.101,-1.598,6.496
6.953,-1.562,6.548
7.001,-1.476,6.548
7.175,-1.546,6.68
7.238,-1.665,6.577
7.075,-1.632,6.647
7.053,-1.639,6.589
6.862,-1.512,6.632
6.905,-1.546,6.816
7.005,-1.627,6.73
6.998,-1.718,6.733
6.895,-1.754,6.642
6.891,-1.818,6.8
6.864,-1.814,6.927
6.773,-1.787,6.893
6.682,-1.668,6.934
6.527,-1.668,7.049
6.52,-1.713,7.118
6.558,-1.971,7.178
6.525,-2.029,7.149
6.395,-1.816,7.087
6.376,-1.888,7.096
6.228,-1.742,7.281
6.338,-2.027,7.398
6.053,-2.06,7.281
5.742,-2.053,7.264
5.572,-2.065,7.532
5.613,-1.967,7.659
5.759,-2.149,7.668
5.438,-2.263,7.51
5.223,-2.005,7.675
5.292,-2.134,7.826
5.338,-2.393,7.678
5.149,-2.259,7.663
5.024,-2.218,7.843
5.242,-2.187,7.955
5.285,-2.239,7.922
5.321,-2.316,7.891
5.173,-2.304,7.881
5.194,-2.316,7.982
5.331,-2.309,8.003
5.407,-2.323,7.953
5.178,-2.268,8.006
5.199,-2.34,7.896
5.123,-2.244,8.015
5.41,-2.44,7.931
5.388,-2.617,7.812
5.151,-2.553,7.905
5.041,-2.393,7.912
5.182,-2.204,7.948
5.29,-2.467,8.092
5.467,-2.479,8.077
5.441,-2.67,7.867
5.211,-2.589,7.826
4.95,-2.469,7.776
4.893,-2.574,8.065
5.118,-2.723,7.934
5.319,-2.847,7.848
5.359,-3.027,7.716
5.24,-2.991,7.752
5.003,-2.838,7.824
4.96,-2.711,7.9
4.914,-2.821,7.946
5.091,-2.847,7.934
5.003,-2.732,7.869
4.943,-2.826,7.912
5.084,-2.751,7.986
5.111,-2.814,7.845
5.044,-2.931,7.845
5.056,-2.969,7.831
5.206,-2.919,7.857
4.974,-2.96,7.747
4.953,-3.077,7.754
5.02,-2.984,7.702
5.058,-3.0,7.675
5.065,-2.964,7.795
4.933,-2.778,7.797
5.087,-2.921,7.769
5.108,-2.869,7.848
5.345,-3.065,7.668
5.331,-3.228,7.515
5.355,-3.173,7.611
5.45,-3.101,7.685
5.362,-2.964,7.666
5.453,-3.051,7.685
5.402,-3.091,7.446
5.321,-2.85,7.558
5.472,-2.809,7.695
5.654,-2.95,7.728
5.74,-3.139,7.455
5.644,-3.134,7.348
5.579,-2.991,7.479
5.587,-2.864,7.656
5.658,-2.888,7.561
5.589,-2.785,7.46
5.606,-2.871,7.563
5.668,-2.857,7.522
5.608,-2.862,7.391
5.534,-2.804,7.479
5.661,-2.759,7.501
5.596,-2.718,7.57
5.57,-2.728,7.458
5.623,-2.759,7.608
5.632,-2.775,7.525
5.699,-2.792,7.403
5.606,-2.873,7.362
5.551,-2.802,7.484
5.675,-2.795,7.494
5.709,-2.768,7.446
5.63,-2.787,7.496
5.702,-2.756,7.419
5.644,-2.802,7.331
5.675,-2.792,7.417
5.819,-2.718,7.575
5.859,-2.749,7.391
5.84,-2.804,7.331
5.611,-2.737,7.273
5.393,-2.735,7.441
5.702,-2.866,7.383
6.041,-2.67,7.34
5.864,-2.818,7.307
5.546,-2.684,7.321
5.541,-2.704,7.355
5.91,-2.665,7.233
6.19,-2.723,7.309
6.008,-2.613,7.338
5.783,-2.696,7.338
5.919,-2.692,7.302
6.123,-2.696,7.185
6.166,-2.775,7.228
6.453,-2.701,7.154
6.029,-2.601,7.367
5.745,-2.78,7.419
5.902,-2.854,7.151
6.036,-2.763,7.096
6.137,-2.842,7.108
5.859,-2.838,7.228
6.065,-2.51,7.467
6.302,-2.615,7.369
6.147,-3.062,7.223
5.769,-2.986,7.022
5.709,-2.783,7.266
5.852,-2.479,7.369
5.883,-2.625,7.34
5.749,-2.905,7.147
5.575,-2.902,7.127
5.699,-2.713,7.29
5.905,-2.629,7.455
6.068,-2.996,7.271
5.802,-2.682,7.209
5.821,-2.632,7.386
5.941,-2.512,7.221
5.9,-2.596,7.202
5.991,-2.407,7.3
6.089,-2.134,7.376
6.022,-2.165,7.422
5.929,-2.297,7.302
6.063,-2.491,7.376
6.063,-2.35,7.376
6.142,-2.204,7.345
5.85,-2.12,7.388
5.692,-2.208,7.417
5.826,-2.182,7.252
5.886,-2.266,7.266
5.934,-2.18,7.312
6.194,-1.979,7.398
6.247,-1.96,7.441
6.068,-2.125,7.3
6.01,-2.113,7.333
6.168,-2.027,7.252
6.075,-1.971,7.18
6.103,-2.103,7.427
6.4,-2.015,7.307
6.345,-2.113,7.254
6.245,-2.237,7.23
6.19,-2.271,7.269
6.501,-2.12,7.144
6.426,-1.933,7.247
6.331,-1.993,7.261
6.376,-1.981,7.261
6.288,-1.72,7.032
6.158,-1.663,7.106
6.52,-1.653,7.149
6.415,-1.747,7.194
6.395,-1.816,7.039
6.35,-1.914,7.202
6.386,-1.689,7.276
6.51,-1.407,7.159
6.405,-1.414,7.039
6.175,-1.751,7.041
6.426,-1.486,7.199
6.537,-1.4,7.101
6.331,-1.462,7.245
6.615,-1.433,7.029
6.508,-1.345,6.948
6.534,-1.376,6.986
6.871,-1.467,6.948
6.694,-1.232,7.211
6.814,-1.113,7.101
6.735,-1.127,7.017
6.742,-0.988,6.79
6.541,-0.866,7.044
6.486,-0.885,7.044
6.692,-1.115,6.907
7.008,-1.084,6.709
7.001,-1.151,6.883
6.769,-1.091,7.029
6.702,-1.299,6.974
6.738,-1.103,7.094
6.723,-1.031,7.295
6.852,-0.986,6.924
6.814,-1.06,7.108
6.726,-0.892,6.984
6.883,-0.947,6.965
6.895,-0.809,6.989
6.84,-0.682,6.9
6.702,-0.897,7.049
6.644,-0.931,6.871
6.544,-0.967,6.953
6.604,-0.713,7.127
6.637,-0.691,7.312
6.709,-0.947,7.113
6.948,-1.306,7.183
5.52,-3.309,9.786
3.723,-8.987,13.91
6.314,0.586,10.161
7.611,0.907,6.52
6.415,-1.263,7.223
5.996,-1.129,7.321
6.06,-1.318,7.436
6.546,-0.813,7.319
6.237,-0.737,7.271
6.23,-0.849,7.204
6.178,-1.158,7.573
6.235,-1.273,7.269
6.288,-1.122,7.214
5.969,-1.213,7.379
5.879,-1.158,7.393
6.182,-1.225,7.486
6.333,-1.218,7.4
6.216,-1.371,7.29
6.056,-1.481,7.453
6.29,-1.438,7.405
6.608,-1.493,7.235
6.668,-1.469,7.297
6.283,-1.598,7.443
5.761,-1.581,7.458
6.135,-1.132,7.348
6.431,-1.735,7.439
6.606,-1.902,7.187
6.092,-2.263,7.156
6.048,-2.117,7.383
5.254,-2.084,6.903
6.41,-2.483,7.515
6.388,-1.983,7.156
5.934,-2.132,7.309
6.3,-2.06,7.302
6.204,-1.881,7.333
5.843,-1.409,7.477
5.847,-1.871,7.221
6.092,-2.596,7.101
6.149,-2.711,7.032
6.249,-2.395,7.23
6.374,-2.141,7.336
5.802,-1.696,7.506
6.044,-2.196,7.302
6.3,-2.431,7.137
6.29,-2.256,7.3
5.953,-1.849,7.405
6.072,-1.773,7.563
6.266,-1.943,7.47
6.199,-1.945,7.36
6.192,-2.347,7.305
5.984,-2.433,7.228
5.989,-2.474,7.362
5.785,-1.928,7.386
6.008,-1.701,7.477
5.993,-1.742,7.558
5.795,-1.926,7.486
5.95,-2.216,7.326
5.814,-2.359,7.285
5.646,-3.878,7.642
6.046,-2.213,7.606
6.343,-2.613,7.692
6.013,-1.823,7.348
5.902,-1.928,7.462
5.658,-1.646,7.403
5.716,-1.794,7.587
5.785,-2.177,7.386
5.498,-1.591,7.302
5.776,-2.017,7.247
5.864,-2.699,7.135
6.434,-2.562,6.785
6.493,-3.275,6.833
6.546,-1.988,7.467
6.331,-1.567,7.778
6.199,-1.828,7.568
6.044,-2.216,7.388
6.118,-2.294,7.197
6.228,-2.263,7.159
6.029,-2.084,7.101
6.115,-1.893,7.41
6.194,-1.938,7.386
6.12,-1.967,7.23
5.979,-2.201,7.259
6.225,-2.141,7.261
6.259,-2.07,7.269
6.08,-1.938,7.417
6.089,-1.933,7.436
6.137,-2.01,7.226
6.216,-2.259,7.223
5.955,-2.048,7.23
6.13,-2.065,7.376
6.168,-1.809,7.453
6.041,-1.718,7.474
6.005,-1.845,7.381
5.936,-1.869,7.245
5.958,-1.94,7.259
6.041,-2.153,7.29
6.245,-2.237,7.293
5.991,-1.943,7.376
6.022,-1.919,7.216
6.168,-2.005,7.154
6.139,-1.895,7.317
6.288,-1.847,7.491
6.036,-1.727,7.604
6.115,-1.663,7.443
10.015,-1.39,8.515
6.79,-1.73,7.273
5.343,-0.474,7.788
6.103,-1.73,7.247
5.967,-1.601,7.278
5.852,-2.668,7.288
6.46,-2.182,7.419
6.312,-1.811,7.441
6.264,-1.842,7.439
6.237,-1.988,7.283
5.958,-1.725,7.269
5.919,-1.847,7.453
6.149,-1.529,7.584
6.053,-1.61,7.455
5.845,-1.888,7.431
5.833,-1.838,7.266
5.974,-1.696,7.544
5.989,-1.481,7.644
5.948,-1.62,7.539
5.931,-1.838,7.372
5.891,-1.44,7.594
8.857,-3.761,8.805
6.654,-0.682,7.63
5.974,-1.421,7.613
5.752,-3.125,7.118
6.075,-0.876,7.412
6.592,-2.108,7.29
6.032,-2.115,7.367
6.149,-1.66,7.498
6.127,-1.861,7.367
6.017,-1.912,7.412
5.879,-1.778,7.328
5.843,-1.637,7.395
6.221,-1.648,7.613
6.276,-1.754,7.326
5.977,-1.749,7.283
5.914,-1.692,7.379
5.969,-1.632,7.458
6.12,-1.354,7.623
6.199,-1.558,7.477
6.058,-1.823,7.484
5.981,-1.524,7.494
6.108,-1.713,7.283
5.929,-1.871,7.46
6.23,-1.708,7.381
6.096,-1.591,7.388
6.113,-1.347,7.582
6.4,-1.713,7.398
6.211,-1.861,7.259
6.053,-1.586,7.271
6.233,-1.61,7.307
6.271,-1.773,7.336
6.187,-1.629,7.331
6.135,-1.632,7.36
6.281,-1.479,7.439
6.283,-1.61,7.324
6.359,-1.778,7.35
8.276,-1.515,7.491
6.412,-0.73,7.295
6.166,-1.455,7.573
6.154,-1.543,7.271
6.135,-1.893,7.127
6.084,-1.692,7.194
6.19,-1.632,7.259
6.218,-1.383,7.324
6.35,-1.471,7.317
6.182,-1.895,7.269
6.369,-2.007,7.154
6.233,-1.804,6.888
6.082,-1.366,7.092
6.103,-1.383,7.312
6.553,-1.718,7.302
6.587,-1.608,7.427
6.386,-1.314,7.563
6.321,-1.5,7.127
6.345,-1.617,7.084
6.333,-1.622,7.137
6.367,-1.337,7.312
6.58,-1.605,7.333
6.491,-1.919,7.013
6.654,-1.62,7.156
6.548,-1.677,7.01
6.568,-1.809,7.032
6.35,-1.129,6.876
6.532,-1.318,6.723
6.458,-1.787,6.759
6.517,-1.622,6.946
6.793,-1.115,7.077
6.912,-1.483,7.168
6.247,-1.275,7.199
6.46,-1.763,6.998
7.254,-1.871,6.879
7.015,-1.711,6.915
7.072,-2.156,6.671
5.666,-1.247,7.005
5.548,-0.869,7.314
7.058,-1.534,7.18
6.615,-1.581,6.989
5.737,-3.797,5.668
5.69,-1.014,7.261
5.424,0.268,8.144
6.599,0.636,7.458
7.216,-0.433,7.769
6.833,-0.648,7.455
6.797,-0.935,7.159
6.204,-0.668,7.221
6.292,-0.981,7.235
7.498,-1.074,6.807
7.003,-1.026,6.984
7.139,-1.56,6.661
6.661,-1.581,6.807
6.783,-2.785,6.649
6.596,-2.625,6.364
6.91,-2.586,6.517
7.013,-2.433,6.599
5.699,0.22,7.096
6.173,-1.464,7.357
6.214,-0.902,7.544
6.489,-1.517,7.266
6.395,-1.648,7.06
6.283,-1.931,6.781
6.178,-1.584,7.171
6.491,-1.445,7.494
6.412,-1.567,7.395
6.264,-1.622,7.104
6.297,-2.271,7.001
6.214,-1.945,7.01
6.395,-1.62,7.419
6.376,-1.299,7.541
6.338,-1.488,7.558
6.108,-2.472,7.307
7.072,-1.979,7.434
6.034,-0.998,7.584
6.68,0.172,6.403
5.678,-2.084,7.305
6.125,-1.873,7.482
5.412,-1.148,8.192
6.065,-0.644,7.659
6.008,-2.216,7.278
5.859,-1.419,7.709
5.902,-2.247,7.549
6.058,-1.251,7.771
5.826,-0.919,7.872
6.139,-1.431,7.778
5.852,-1.78,7.467
5.816,-1.993,7.391
5.874,-1.967,7.369
5.881,-1.459,7.455
5.745,-1.51,7.824
5.931,-1.61,7.929
5.847,-1.517,7.529
5.876,-1.519,7.625
5.891,-1.771,7.675
5.905,-1.756,7.651
5.96,-1.653,7.501
5.807,-1.718,7.632
5.85,-1.653,7.711
5.771,-1.608,7.647
5.941,-1.785,7.661
5.898,-1.761,7.75
5.902,-1.744,7.52
5.821,-1.689,7.503
5.682,-1.809,7.644
5.8,-1.663,7.738
5.96,-1.459,7.673
5.864,-1.761,7.587
5.85,-1.778,7.508
5.788,-2.06,7.386
6.022,-1.682,7.587
5.565,-1.809,7.785
6.111,-1.689,7.589
4.792,-2.378,7.022
6.388,-2.101,7.747
5.745,-1.744,7.795
5.766,-1.893,7.419
5.883,-1.763,7.374
5.967,-1.565,7.412
6.058,-1.452,7.654
6.101,-1.684,7.649
6.048,-1.572,7.553
5.867,-1.771,7.367
5.924,-1.814,7.515
6.046,-1.723,7.529
6.044,-1.637,7.221
6.118,-1.651,7.577
6.118,-1.995,7.659
6.075,-1.754,7.482
6.328,-1.62,7.439
6.051,-2.019,7.407
5.989,-2.003,7.462
6.065,-1.56,7.372
6.075,-1.464,7.467
5.962,-1.603,7.551
5.996,-1.778,7.446
6.027,-1.739,7.443
6.058,-1.57,7.496
6.228,-1.639,7.608
6.202,-1.641,7.599
6.072,-1.852,7.549
5.912,-1.665,7.46
5.912,-1.51,7.594
5.826,-1.574,7.608
6.005,-1.608,7.587
6.041,-1.756,7.45
5.869,-1.68,7.644
5.869,-1.72,7.532
5.886,-1.617,7.623
5.797,-1.658,7.537
5.737,-1.718,7.51
5.785,-1.515,7.549
5.869,-1.601,7.546
6.008,-1.565,7.649
5.969,-1.57,7.599
5.989,-1.503,7.695
6.013,-1.598,7.699
6.056,-1.505,7.534
3.919,0.61,6.869
5.977,-3.208,7.582
6.072,-0.682,8.003
6.333,-1.237,7.647
5.716,-2.33,7.479
5.986,-1.239,7.608
6.139,-1.5,7.453
5.766,-1.682,7.675
5.989,-1.804,7.527
5.902,-1.84,7.69
5.828,-1.605,7.529
5.869,-1.689,7.62
5.711,-1.409,7.678
5.85,-1.261,7.673
5.627,-1.804,7.651
5.847,-1.581,7.527
5.785,-1.531,7.613
5.635,-1.108,7.699
5.678,-1.11,7.735
5.769,-1.337,7.915
5.898,-1.555,7.69
5.953,-1.503,7.678
5.785,-1.476,7.716
5.855,-1.445,7.817
5.876,-1.627,7.647
5.855,-1.529,7.58
5.993,-1.366,7.699
5.996,-1.507,7.62
5.79,-1.373,7.515
5.888,-1.0,7.716
5.922,-1.39,7.788
5.95,-1.558,7.541
5.936,-1.51,7.611
6.027,-1.223,7.771
5.869,-0.95,7.86
5.871,-1.156,7.668
5.902,-0.864,7.656
4.252,-0.883,6.855
6.345,-1.369,7.829
5.847,-0.591,7.73
5.67,-1.505,7.47
6.089,-0.45,7.795
6.048,-0.574,7.893
6.08,-0.732,7.852
6.089,-0.809,7.64
5.996,-0.754,7.534
5.735,-0.591,7.649
5.819,-0.569,7.836
6.046,-0.648,7.807
6.013,-0.703,7.685
5.977,-0.581,7.812
5.989,-0.536,7.862
5.917,-0.519,7.773
5.824,-0.38,7.637
5.723,-0.419,7.905
5.831,-0.653,7.728
5.914,-0.613,7.704
5.986,-0.428,7.824
5.754,-0.711,7.812
5.795,-0.701,7.74
5.773,-0.617,7.663
5.84,-0.553,7.706
5.749,-0.608,7.79
5.902,-0.837,7.833
5.977,-1.046,7.721
5.965,-0.933,7.762
5.886,-0.644,7.838
6.017,-0.658,7.888
5.852,-0.974,7.69
5.847,-0.864,7.575
5.924,-0.916,7.594
5.977,-1.022,7.594
5.993,-0.782,7.666
5.979,-0.981,7.711
5.986,-0.921,7.709
6.029,-0.847,7.661
5.943,-0.648,7.709
5.898,-0.701,7.678
5.924,-0.84,7.661
5.907,-1.005,7.575
6.008,-0.94,7.625
6.063,-0.773,7.661
6.084,-1.062,7.647
6.096,-0.668,7.805
6.19,-0.624,7.723
6.063,-0.668,7.577
7.288,-1.61,8.041
6.245,-1.244,7.608
6.18,-0.778,7.805
5.254,0.163,7.623
6.103,-1.311,7.41
6.154,-0.778,7.62
6.242,-1.089,7.494
6.23,-1.103,7.532
6.194,-0.672,7.589
6.218,-0.811,7.47
4.553,-2.498,7.06
6.027,-0.746,7.888
6.044,-1.024,7.599
6.185,-0.909,7.494
6.383,-0.811,7.405
6.139,-0.854,7.541
6.048,-0.699,7.618
6.228,-0.641,7.506
6.371,-0.938,7.474
7.118,-0.677,7.788
5.962,-0.981,7.687
6.01,-0.782,7.503
6.056,-1.115,7.568
6.364,-0.88,7.4
6.209,-0.967,7.496
6.214,-0.828,7.661
6.285,-0.787,7.4
4.536,-1.5,6.505
6.269,-0.77,7.939
6.087,-0.601,8.003
6.802,0.306,7.209
6.144,-1.18,7.35
6.132,-0.94,7.501
6.135,-0.761,7.69
5.965,-0.479,7.613
5.986,-0.983,7.455
7.199,-1.206,8.08
5.85,-1.017,7.97
5.938,-0.565,7.831
5.871,-1.78,7.51
6.393,-0.778,7.427
6.108,-1.024,7.63
6.017,-0.72,7.661
5.792,-0.38,7.659
5.661,-1.493,7.486
2.763,-2.811,6.673
5.924,-1.433,8.333
5.891,-0.854,8.032
5.721,-1.488,7.36
6.214,-0.926,7.439
6.139,-1.077,7.534
6.077,-1.017,7.58
6.068,-0.613,7.616
6.027,-1.206,7.556
7.123,-1.053,7.848
5.745,-1.483,7.771
6.783,0.036,7.183
6.092,-1.665,7.245
6.271,-1.122,7.472
6.266,-1.105,7.616
6.013,-0.866,7.649
6.082,-1.392,7.391
6.202,-1.33,7.355
6.778,-0.792,7.372
5.78,-0.708,8.065
6.053,-1.68,7.317
6.039,-1.096,7.424
6.142,-1.196,7.419
6.089,-0.995,7.458
6.041,-1.05,7.668
6.154,-1.476,7.455
6.41,-1.156,6.738
6.386,-0.849,7.769
6.182,-0.122,7.848
6.132,-1.153,7.321
6.135,-1.148,7.503
6.151,-1.223,7.415
5.974,-1.086,7.472
6.254,-1.144,7.41
6.292,-1.196,7.319
5.78,0.495,5.893
5.888,-2.089,8.142
5.826,-0.376,7.826
6.393,-1.361,7.391
6.048,-1.325,7.441
6.218,-1.117,7.477
6.302,-1.366,7.52
6.154,-1.177,7.541
6.103,-1.376,7.527
6.06,-1.125,7.45
6.092,-1.349,7.422
5.993,-1.421,7.407
6.726,-2.677,8.056
5.986,-1.811,7.637
6.484,-1.208,7.142
6.051,-1.349,7.393
6.111,-1.043,7.532
6.003,-0.94,7.654
6.156,-0.979,7.62
5.931,-1.019,7.544
5.996,-1.421,7.51
6.118,-1.17,7.443
6.125,-1.5,7.419
6.338,-1.081,7.852
6.082,-1.029,7.484
6.19,-1.531,7.297
6.027,-1.187,7.556
6.058,-1.055,7.608
6.048,-0.909,7.62
6.132,-1.014,7.74
6.115,-1.309,7.625
5.984,-1.503,7.434
5.95,-1.479,7.453
5.967,-1.323,7.654
6.001,-1.012,7.513
6.139,-1.101,7.671
6.056,-1.392,7.711
6.132,-1.333,7.51
6.01,-1.199,7.589
5.943,-1.069,7.699
6.149,-0.959,7.671
5.993,-1.347,7.462
5.95,-1.376,7.362
6.008,-1.352,7.446
6.101,-1.177,7.479
6.063,-1.373,7.553
6.07,-1.337,7.584
6.075,-1.206,7.529
6.058,-1.354,7.448
6.008,-1.476,7.355
6.197,-1.203,7.654
6.369,-1.122,7.74
6.096,-1.357,7.534
5.977,-1.534,7.367
6.053,-1.201,7.532
6.092,-1.218,7.522
6.082,-1.404,7.4
6.027,-1.488,7.51
6.108,-1.18,7.613
6.158,-1.144,7.616
5.902,-1.414,7.45
6.022,-1.323,7.522
6.032,-1.208,7.486
5.838,-1.0,7.718
6.257,-1.615,7.661
6.039,-1.342,7.57
6.099,-1.503,7.506
