1.495,2.172,9.295
1.943,1.775,9.082
1.955,2.07,9.142
1.823,2.165,9.367
2.235,2.531,9.637
2.443,2.639,9.429
2.562,3.094,9.539
2.125,3.079,9.506
1.66,2.438,9.266
1.718,2.658,9.266
2.132,2.424,9.18
3.62,3.263,9.051
1.9,1.845,9.123
2.249,2.57,9.266
-0.01,2.139,9.467
1.833,2.184,9.465
2.897,2.945,9.515
1.78,2.438,9.403
2.247,2.663,9.324
2.053,2.795,9.235
1.617,3.795,9.24
2.218,1.955,8.922
1.964,3.019,9.599
2.283,2.326,9.472
1.96,2.172,9.444
2.141,2.931,9.314
2.323,2.591,9.231
2.151,2.759,9.247
2.096,2.369,9.3
1.979,2.67,9.448
1.967,2.809,9.417
1.754,2.357,8.951
2.622,3.689,9.197
1.866,2.919,9.57
1.974,2.304,9.549
1.613,1.904,9.889
2.132,1.292,9.29
2.338,3.177,9.128
1.881,2.979,8.843
2.005,2.515,9.341
2.826,1.263,9.764
2.055,2.438,9.987
1.742,1.581,9.642
1.663,2.443,9.647
2.05,1.244,9.183
2.091,2.168,9.276
1.931,2.732,9.594
2.223,1.644,9.518
2.55,1.589,9.247
1.969,2.333,9.391
1.888,2.201,9.391
1.479,1.672,9.424
1.914,1.924,9.384
1.909,2.713,9.487
1.955,1.904,9.329
3.57,2.503,9.69
1.359,3.098,9.508
2.318,3.718,9.764
2.634,2.706,9.288
3.192,2.354,9.116
3.201,2.713,8.967
3.153,3.094,9.262
2.407,2.495,9.659
1.077,1.974,9.683
1.536,2.364,9.47
2.326,1.912,8.888
2.11,2.467,9.049
2.22,2.23,9.089
2.268,1.94,9.219
1.921,2.467,9.508
2.144,2.725,9.597
2.034,2.455,9.336
1.957,1.888,9.226
2.531,2.4,9.113
2.359,2.433,9.147
2.038,2.546,9.429
1.871,2.211,9.604
2.227,2.263,9.467
2.022,2.546,9.539
2.232,2.256,9.336
2.168,2.094,9.398
1.828,2.211,9.582
2.225,2.371,9.499
2.285,2.062,9.386
2.129,2.199,9.415
2.347,2.065,9.295
1.629,2.105,9.47
2.065,2.287,9.594
2.192,2.603,9.503
2.311,2.216,9.302
2.168,2.369,9.47
2.239,2.098,9.484
2.005,2.393,9.412
2.35,2.196,9.271
1.981,2.326,9.432
2.041,2.428,9.601
2.259,2.187,9.654
2.172,1.995,9.501
2.153,2.261,9.388
2.318,2.302,9.283
1.893,1.976,9.424
2.306,2.065,9.429
2.137,2.402,9.432
1.986,2.227,9.479
1.809,1.804,9.475
2.536,2.266,9.305
2.35,2.302,9.166
1.57,2.285,9.46
1.782,1.993,9.195
3.139,2.053,9.254
2.546,2.251,9.616
2.919,3.634,9.013
2.572,3.445,8.967
3.242,2.833,9.264
2.761,2.744,9.506
2.601,3.237,9.587
3.438,2.716,9.283
1.964,1.969,9.58
1.098,0.935,9.776
2.098,1.117,8.927
1.584,4.146,9.18
1.818,0.349,9.288
2.651,1.321,9.077
1.983,2.902,9.654
2.261,2.005,9.362
2.046,2.661,9.429
2.041,3.077,9.69
1.948,2.079,9.094
2.005,2.292,9.192
1.909,2.677,9.386
2.0,2.594,9.4
2.036,2.661,9.534
1.909,3.029,9.396
1.909,2.83,9.25
2.242,2.984,9.149
1.969,3.199,9.156
1.627,3.218,9.266
2.196,3.256,9.369
1.876,3.196,9.503
2.318,2.986,9.381
1.538,2.239,9.424
4.627,6.113,9.343
0.452,0.916,9.372
1.543,4.419,9.494
1.361,2.479,9.372
1.653,2.117,9.331
1.857,2.448,9.29
2.33,2.294,9.094
2.352,2.756,9.166
1.818,2.888,9.197
1.816,2.845,9.381
2.393,2.859,9.573
2.12,2.83,9.542
1.711,3.053,8.465
1.778,3.725,9.436
1.964,2.795,9.13
1.895,2.957,9.348
2.493,3.419,9.778
2.409,2.208,9.132
1.206,2.251,9.166
2.905,0.794,8.329
1.761,1.548,9.144
1.672,3.565,9.692
1.699,2.239,9.499
2.038,2.235,9.446
2.101,2.524,9.231
1.864,2.673,9.183
1.715,2.778,9.132
1.799,2.996,9.286
1.888,2.921,9.403
2.256,3.524,9.499
2.206,3.649,9.235
1.94,3.146,9.252
1.759,3.07,9.276
1.861,3.046,9.113
1.84,3.082,9.132
2.213,3.051,9.357
2.194,2.926,9.312
2.015,2.534,9.259
1.785,2.448,9.178
1.759,2.519,9.123
2.046,2.919,9.343
1.974,2.838,9.188
2.031,2.759,9.271
1.615,2.907,9.283
1.895,2.94,9.302
1.5,3.007,8.994
2.448,3.661,9.482
1.859,4.859,9.841
2.507,3.73,9.965
1.952,1.323,8.931
1.589,2.541,9.233
1.584,1.94,8.795
2.113,2.046,9.274
1.888,2.708,9.786
1.902,2.342,9.769
1.893,2.165,9.618
2.019,2.06,9.298
2.062,2.235,9.118
1.385,2.201,9.125
1.955,2.172,9.173
2.158,2.73,9.503
2.531,3.058,9.422
2.366,3.113,9.432
2.0,2.998,9.264
1.864,3.0,9.254
1.885,2.584,9.31
2.062,2.519,9.317
1.931,2.469,9.369
2.007,2.553,9.412
2.048,2.314,9.305
2.237,2.428,9.573
2.012,2.328,9.52
2.015,2.077,9.386
1.909,1.988,9.132
2.184,2.323,9.338
2.06,2.687,9.29
2.067,2.933,9.343
1.34,2.436,9.226
1.751,1.933,7.558
1.881,3.467,9.74
2.309,3.62,9.999
2.311,2.895,9.833
1.433,1.629,8.931
2.022,2.826,8.946
1.567,2.522,9.032
1.641,2.637,9.381
2.06,2.651,9.453
2.244,2.606,9.467
2.235,2.936,9.336
2.132,2.692,9.214
2.003,2.79,9.243
2.012,2.725,9.36
1.933,2.723,9.427
2.338,2.895,9.391
1.962,2.606,9.238
1.771,2.543,9.243
1.747,2.696,9.403
1.857,2.802,9.403
1.998,2.629,9.269
2.01,2.663,9.116
2.065,2.759,9.19
1.928,2.637,9.295
1.964,2.873,9.377
1.904,2.921,9.293
1.924,2.546,9.245
1.928,2.737,9.298
1.9,2.761,9.405
1.945,2.716,9.357
2.048,2.802,9.345
2.113,3.113,9.377
2.015,2.811,9.238
1.883,2.759,9.197
1.936,2.895,9.266
1.957,2.692,9.199
1.938,2.838,9.329
1.983,2.771,9.319
2.036,2.469,9.061
1.921,2.718,9.113
2.211,2.933,9.231
1.656,4.295,8.793
1.562,4.276,9.695
2.388,4.259,10.092
1.775,0.952,8.632
1.971,1.407,8.764
1.012,4.823,10.001
2.17,2.39,9.164
1.94,2.574,9.589
1.955,2.871,9.594
1.821,2.151,9.494
2.125,2.294,9.321
2.223,2.297,9.046
1.73,2.536,9.283
1.809,2.866,9.434
1.983,2.826,9.405
1.888,2.723,9.231
1.912,2.94,9.192
2.182,2.991,9.231
2.031,3.161,9.374
2.22,3.252,9.403
1.893,3.029,9.302
1.771,2.869,9.262
1.993,2.689,9.24
1.936,2.732,9.417
2.017,2.405,9.25
1.847,2.5,9.348
1.983,2.503,9.278
2.345,2.809,9.271
2.015,2.83,9.319
1.857,2.596,9.226
1.861,2.589,9.238
2.027,2.818,9.317
2.012,2.924,9.396
1.632,2.778,9.276
2.017,2.838,9.14
0.067,3.304,8.333
1.928,3.826,9.721
2.373,3.175,10.006
2.294,2.175,9.618
0.397,1.481,9.025
3.036,2.239,8.685
2.017,3.065,8.752
2.122,3.094,9.36
1.971,3.163,9.633
1.897,3.216,9.487
1.866,3.0,9.154
1.931,3.005,9.042
2.079,3.163,9.204
1.948,3.201,9.353
1.866,2.957,9.377
1.974,2.929,9.238
1.89,2.873,9.195
1.861,2.85,9.121
1.991,2.919,9.228
1.936,2.912,9.278
1.914,2.914,9.238
1.948,2.917,9.223
1.928,2.981,9.233
1.883,3.084,9.233
1.967,3.062,9.216
2.074,3.084,9.271
2.012,3.027,9.204
1.907,3.053,9.262
1.979,2.862,9.195
1.893,2.826,9.324
1.988,2.924,9.307
1.957,2.948,9.226
1.895,3.06,9.233
1.859,2.988,9.209
1.993,2.897,9.202
2.103,3.307,9.302
1.94,3.039,9.128
1.785,3.005,9.111
1.871,2.96,9.257
1.888,3.096,9.312
1.904,3.208,9.305
2.036,3.089,9.207
2.0,3.096,9.183
1.768,2.871,9.24
1.952,2.804,9.204
2.12,2.938,9.204
2.012,2.962,9.283
2.065,3.041,9.243
1.83,2.792,8.994
1.895,2.919,9.097
1.567,3.199,9.063
1.823,3.225,9.171
1.641,2.816,9.089
3.393,1.857,10.286
1.936,4.455,9.912
3.182,4.689,10.597
0.026,2.596,9.57
1.61,1.627,8.52
1.727,2.206,8.266
1.845,2.972,8.86
1.845,3.082,9.57
2.065,1.888,9.254
1.857,2.67,8.74
2.206,6.338,10.233
3.397,4.204,10.18
1.311,2.06,8.628
1.211,2.524,8.754
1.345,2.921,8.625
1.68,3.957,9.049
1.615,3.185,9.51
1.952,1.79,8.836
3.737,1.586,13.305
2.273,6.874,10.764
3.108,4.01,10.336
1.024,2.005,8.219
1.072,1.754,8.319
0.773,2.309,8.221
1.495,3.531,8.867
2.51,3.106,9.424
2.137,2.493,9.314
3.996,1.797,12.324
2.912,8.041,11.094
2.775,2.974,9.496
1.268,1.282,8.266
1.031,3.027,8.726
1.794,2.826,8.527
1.849,3.407,8.972
1.448,2.905,9.211
1.854,2.658,9.314
2.637,3.567,11.901
3.067,7.529,10.927
2.608,2.381,9.331
1.019,1.491,8.197
1.213,2.744,8.288
1.948,3.826,8.735
1.577,4.151,9.695
1.658,1.871,9.209
2.883,0.517,7.592
2.996,5.95,10.185
2.814,5.096,10.168
1.113,0.964,8.582
1.146,1.814,8.132
1.316,3.402,8.534
1.792,4.328,9.58
1.725,2.615,9.317
0.029,-1.526,4.268
2.924,6.316,10.061
3.476,6.481,10.714
2.409,1.981,8.912
0.34,1.081,8.027
0.502,2.153,8.228
2.072,4.419,9.176
1.471,3.189,9.293
2.428,1.546,9.211
2.737,2.101,12.961
3.799,7.197,10.905
2.833,2.988,9.64
-0.134,0.694,8.132
0.577,1.888,8.085
2.134,3.998,8.884
1.876,3.687,9.125
1.962,2.778,9.353
2.677,4.421,10.515
3.352,7.479,11.061
2.806,3.618,9.695
-0.316,0.998,8.113
0.689,1.407,7.74
2.333,4.579,9.152
1.591,2.876,8.881
2.278,2.053,9.18
3.287,3.247,11.463
3.173,7.919,11.219
3.019,2.735,9.171
-0.045,-0.026,7.654
1.261,3.146,8.271
2.12,4.721,9.377
1.507,2.804,8.857
2.177,1.689,8.91
3.01,5.082,9.094
3.354,7.9,11.434
2.615,2.361,9.156
-0.412,0.208,7.577
1.56,2.852,7.9
2.144,5.24,9.207
1.139,3.28,9.049
1.457,1.876,8.343
3.491,5.309,10.08
3.512,7.974,11.456
2.591,2.397,9.233
1.115,-0.033,7.809
0.593,1.641,7.788
2.359,3.627,8.683
1.553,3.634,9.52
2.034,3.553,10.092
2.187,3.005,9.568
2.225,3.819,9.221
1.62,3.637,8.611
1.838,3.328,8.623
1.933,3.819,9.252
1.806,3.632,9.465
2.079,3.591,9.245
1.665,3.448,8.994
1.593,3.065,8.774
1.701,3.467,9.068
1.651,3.582,9.345
1.79,3.278,9.235
1.713,3.204,9.216
1.859,3.199,9.054
1.988,3.572,9.118
1.897,3.613,9.247
1.938,3.491,9.379
2.024,3.323,8.967
1.804,3.048,8.97
1.857,3.512,9.08
1.847,3.677,9.171
1.761,3.359,9.24
1.78,3.438,9.243
1.864,3.278,9.109
1.692,2.931,9.044
1.751,2.888,8.9
1.773,2.866,8.814
0.933,2.548,9.262
2.491,5.95,8.931
3.065,4.316,10.573
-1.285,3.0,10.558
2.129,2.326,8.85
1.591,2.991,8.594
1.993,2.775,8.367
1.986,2.634,8.714
2.024,3.385,9.367
