2.543,7.228,5.654
1.524,6.572,6.242
0.943,6.716,6.979
2.244,5.888,5.984
3.563,7.685,6.795
3.005,8.673,6.101
2.232,7.852,5.979
1.816,7.831,6.673
0.488,7.281,6.828
0.278,7.127,6.41
2.151,6.687,5.637
3.505,6.534,5.733
2.402,7.379,6.627
3.125,7.905,6.314
3.29,8.152,6.068
1.227,8.518,7.561
0.663,8.484,6.493
0.443,7.991,6.398
1.007,6.367,5.74
1.184,5.417,5.876
2.457,6.333,5.486
2.12,9.01,6.17
2.189,7.388,6.022
1.629,7.427,5.924
2.524,6.96,6.328
2.259,6.893,6.802
1.675,6.989,6.888
1.589,7.13,6.814
1.912,6.331,6.41
1.971,6.709,6.783
1.943,6.687,6.783
2.378,6.931,6.647
1.967,7.35,6.505
1.498,7.226,6.553
1.505,7.12,6.692
1.601,6.857,6.62
1.864,7.12,6.568
2.175,6.848,6.34
1.605,7.132,6.625
1.711,7.367,6.771
1.861,6.828,6.539
1.692,6.967,6.69
1.682,6.946,6.728
1.816,6.948,6.79
2.421,6.479,6.352
2.024,7.223,6.627
1.302,7.144,6.69
1.706,6.95,6.508
1.84,6.661,6.436
1.672,6.625,6.324
2.094,7.147,6.757
1.51,7.017,6.589
1.907,7.082,6.651
1.718,7.506,6.84
2.06,6.766,6.225
1.964,7.259,6.443
1.852,7.295,6.465
1.897,7.293,6.515
1.632,7.594,6.757
2.067,7.625,6.783
2.11,6.709,6.498
1.838,6.383,6.307
2.003,6.816,6.527
0.694,7.25,6.843
1.258,6.776,6.912
3.12,7.065,6.218
2.567,7.403,6.462
1.414,6.321,6.422
1.885,7.261,6.474
2.395,8.285,6.185
1.759,7.709,6.769
0.799,7.831,7.395
2.22,6.027,5.711
3.474,8.305,5.965
2.254,6.773,6.175
2.694,5.187,6.661
3.321,5.924,6.848
2.132,7.099,6.84
0.627,8.386,6.632
1.622,7.706,7.118
1.665,7.075,6.852
1.857,6.484,5.742
2.263,6.927,6.276
2.467,7.022,6.802
1.555,8.654,6.819
1.321,8.075,6.467
1.943,6.393,5.919
2.393,5.769,6.013
1.857,7.678,6.733
1.849,7.565,6.733
1.459,6.946,6.74
2.256,6.247,6.656
1.993,6.285,6.601
2.079,6.539,6.776
1.637,7.029,6.793
2.079,7.307,6.757
1.845,7.168,6.694
1.749,6.642,6.386
1.706,6.893,6.544
1.885,7.139,6.663
2.029,7.142,6.56
1.766,7.723,6.649
1.637,7.08,6.671
1.835,6.537,6.501
1.842,6.742,6.56
2.108,6.599,6.539
2.048,6.912,6.893
1.625,6.958,6.776
1.742,7.005,6.606
1.644,6.86,6.374
2.077,7.211,6.505
1.916,7.467,6.604
1.943,7.187,6.364
1.711,7.118,6.34
1.802,6.948,6.508
1.919,6.991,6.584
1.821,7.137,6.675
1.395,7.563,6.678
1.335,7.388,6.56
1.869,7.017,6.522
2.165,6.972,6.422
2.567,6.735,6.438
1.751,7.3,6.56
1.596,7.305,6.804
1.751,6.97,6.716
1.969,6.525,6.606
2.275,6.647,6.443
1.893,6.771,6.577
1.878,6.97,6.726
1.792,7.168,6.711
1.888,7.08,6.678
1.601,7.092,6.735
1.663,7.178,6.781
2.077,6.807,6.304
1.864,6.838,6.647
1.962,6.946,6.565
2.05,6.984,6.632
1.706,6.886,6.611
1.459,7.101,6.871
1.775,6.943,6.84
2.213,6.654,6.527
2.024,7.173,6.625
2.05,6.97,6.503
1.799,6.721,6.537
1.519,7.556,6.771
1.971,7.068,6.757
2.017,6.618,6.647
2.175,6.687,6.718
1.72,7.003,6.852
1.304,7.13,6.84
1.402,7.075,6.735
2.785,2.974,5.862
3.173,6.302,7.549
2.46,7.324,7.116
2.151,6.754,6.917
1.141,6.91,6.778
0.849,6.419,6.484
1.864,6.929,6.661
1.991,7.297,6.919
1.773,7.441,6.886
1.785,6.649,6.149
1.665,7.175,6.426
1.931,6.888,6.62
2.182,6.694,6.809
2.251,6.747,7.053
1.94,6.783,6.927
1.957,6.556,6.594
1.809,6.671,6.836
1.986,6.455,6.855
2.153,6.587,6.809
1.919,6.761,6.757
1.835,6.79,6.8
1.771,6.857,6.836
1.66,6.742,6.924
1.816,6.86,6.867
1.797,7.147,6.982
1.792,7.364,6.953
1.967,7.211,6.838
2.094,6.694,6.785
1.916,6.544,6.484
1.864,7.209,6.783
2.189,6.977,6.699
2.292,6.644,6.613
2.591,5.912,6.47
2.211,6.304,6.694
1.835,6.776,6.879
1.943,6.848,7.096
2.094,6.795,6.994
2.378,6.47,6.876
2.251,6.438,6.757
2.266,6.728,6.735
2.015,6.783,6.738
2.244,6.871,6.604
2.342,6.62,6.584
2.149,6.582,6.831
1.885,6.647,7.013
1.928,6.73,7.13
1.943,6.874,7.206
1.995,6.742,7.089
1.936,6.86,7.118
2.019,6.319,6.984
2.096,6.137,6.852
2.256,6.336,7.058
2.0,6.871,7.101
2.067,6.572,6.91
2.149,6.194,6.804
2.323,6.237,6.934
1.007,6.316,5.496
3.668,8.168,8.527
2.098,6.319,7.259
1.699,5.922,6.443
1.641,7.383,7.34
1.971,6.659,7.199
2.328,6.118,7.096
2.242,6.678,7.13
2.003,6.831,6.816
1.878,7.037,6.721
2.395,6.245,6.726
2.589,5.678,6.73
2.359,6.132,7.022
1.771,7.044,7.278
1.969,7.013,7.221
2.211,6.376,6.931
2.5,5.79,6.886
2.304,6.036,7.039
2.062,6.615,7.302
2.216,6.57,7.096
2.369,6.611,7.003
2.335,6.393,7.063
2.079,6.156,6.972
2.012,6.558,7.072
2.113,6.778,7.039
2.184,6.95,7.022
2.287,6.211,6.915
2.369,5.986,6.967
2.165,6.434,7.108
2.105,6.62,7.077
2.177,6.651,6.972
2.254,6.438,7.154
2.352,5.831,6.927
2.151,6.3,7.187
2.103,6.575,7.149
2.318,6.316,6.979
2.082,6.599,7.037
2.082,6.831,7.135
2.031,6.649,7.027
2.242,6.467,6.821
2.395,6.455,6.816
2.357,6.395,6.824
1.778,6.886,7.135
1.952,6.735,7.132
2.187,6.388,6.979
2.55,6.173,6.785
2.44,6.369,6.855
1.943,6.814,7.238
2.038,6.383,7.017
2.223,6.391,7.022
2.038,7.168,7.144
2.06,6.728,6.862
2.302,6.106,6.788
2.357,6.158,6.886
2.266,6.336,6.917
2.285,6.254,6.917
2.168,6.376,6.972
2.242,6.91,7.084
2.194,6.934,6.994
2.139,6.52,7.049
2.204,6.103,6.895
2.345,6.048,6.922
2.115,6.922,7.161
2.022,8.123,7.254
2.216,6.649,6.525
3.993,4.821,8.453
2.45,7.467,7.427
1.914,6.477,6.96
2.091,6.534,7.216
1.759,6.01,6.517
2.505,7.07,7.259
1.931,6.843,7.111
1.79,6.577,6.922
1.761,7.104,7.013
2.144,7.104,6.802
2.493,7.276,6.781
2.735,5.998,6.331
2.395,6.084,6.515
2.223,6.639,6.809
1.878,6.644,6.95
2.137,6.883,7.125
2.244,6.532,6.996
2.342,6.209,7.022
2.345,6.321,7.013
2.062,6.714,7.068
2.285,6.623,6.967
2.242,6.314,6.836
2.541,6.34,6.857
2.137,6.568,6.84
2.259,6.836,7.017
2.058,6.479,6.807
2.192,6.359,6.869
2.271,6.424,6.807
2.108,6.747,6.886
2.058,7.017,6.948
2.847,6.848,6.761
2.524,6.572,6.891
1.665,6.558,6.553
1.802,6.821,6.678
2.639,6.673,6.974
2.369,6.697,6.958
2.498,6.383,6.671
2.046,6.513,6.752
2.175,6.886,7.178
2.137,7.015,6.632
2.304,6.474,7.001
2.189,5.797,6.714
2.627,6.393,6.431
2.428,5.912,6.922
1.328,7.228,7.833
2.103,8.266,7.515
2.668,6.127,6.962
2.481,4.95,6.103
2.823,5.914,6.558
2.28,6.568,6.761
1.651,7.261,7.283
1.486,7.546,7.352
2.409,6.185,6.694
2.919,5.711,6.123
2.493,6.527,6.58
1.459,7.752,6.733
1.086,8.527,7.302
3.089,7.436,6.946
2.795,5.673,6.56
2.594,4.989,5.991
2.72,5.725,6.23
2.673,6.84,6.415
1.639,7.561,6.637
1.34,7.532,6.556
1.168,8.417,7.087
1.132,8.219,6.659
1.684,7.742,6.127
2.409,7.118,6.158
2.474,7.197,6.053
2.211,8.841,6.881
0.689,7.573,6.491
2.041,7.506,5.797
3.787,6.773,6.704
3.402,5.706,6.766
2.536,5.713,6.139
2.979,6.704,7.003
2.732,5.338,7.517
1.78,4.907,6.481
3.108,4.237,6.474
6.194,7.812,7.015
4.685,10.96,8.805
-3.668,9.546,7.618
-0.713,9.924,6.809
3.704,4.237,4.627
3.043,5.125,5.637
2.364,7.039,6.613
1.139,7.955,6.802
1.503,8.319,6.816
2.357,7.415,6.546
2.115,6.264,6.178
2.16,6.546,6.455
2.244,6.924,6.589
2.321,7.116,6.656
2.227,7.017,6.706
2.235,6.606,6.761
2.275,6.328,6.68
2.17,6.613,6.8
2.137,6.819,6.838
2.117,6.718,6.821
2.16,6.632,6.68
2.182,6.795,6.687
2.127,6.867,6.721
2.146,6.869,6.666
2.187,6.802,6.541
2.22,6.776,6.611
2.189,6.783,6.525
2.084,6.905,6.568
2.082,7.041,6.618
2.015,7.202,6.62
2.091,7.082,6.606
2.089,6.503,6.534
4.359,7.831,7.226
1.912,6.563,6.917
2.713,5.73,5.69
2.249,6.869,6.618
1.73,7.367,6.592
1.981,6.836,6.218
2.015,7.412,6.072
2.122,9.092,7.556
1.33,5.323,4.967
2.768,6.532,6.163
1.62,7.041,6.517
2.699,6.403,6.02
2.503,7.381,6.309
1.421,7.348,5.556
1.96,6.704,6.214
1.515,6.45,5.79
1.699,7.797,5.651
1.302,8.589,5.847
2.67,7.723,4.979
3.089,7.178,4.898
2.213,7.453,4.551
1.235,8.484,4.563
1.278,9.728,4.589
2.988,6.895,4.199
2.689,7.589,4.393
0.689,7.589,3.426
1.091,7.709,3.409
1.462,9.762,3.043
1.699,9.7,3.158
3.268,9.333,3.295
1.16,8.68,2.51
-0.057,8.379,2.168
0.06,7.939,1.845
0.505,9.003,2.132
1.467,14.585,2.517
-2.043,11.946,5.213
1.105,9.549,1.175
0.481,8.597,0.17
0.498,8.556,0.242
0.624,9.855,-0.129
-0.421,11.013,-0.648
-0.713,13.353,0.325
-1.091,12.422,0.194
-0.301,7.864,-1.931
0.261,7.063,-1.692
-1.476,10.18,-0.412
-1.957,12.999,0.239
-1.158,9.216,-0.268
-1.247,8.975,-2.297
-0.849,8.975,-1.857
-1.139,8.532,-1.275
-1.694,10.972,-0.371
-0.933,9.676,-0.084
-0.579,9.35,-0.773
-1.266,9.822,-2.304
0.376,8.094,-2.94
-0.742,8.163,-2.699
-2.089,11.231,-1.01
-2.488,12.331,-0.689
-1.436,9.503,-2.562
-1.715,7.257,-3.072
-2.015,8.252,-2.091
-1.046,8.912,-2.134
-2.811,7.45,-0.409
-1.05,2.773,-2.244
0.469,10.764,-9.771
-1.175,1.565,-8.905
-2.11,7.013,0.73
-1.615,10.391,-1.522
-1.055,9.711,-2.015
-0.682,8.415,-2.393
-1.194,9.121,-1.938
-1.275,9.92,-1.67
-2.175,9.209,-1.646
-1.304,9.274,-1.567
-1.352,9.159,-1.706
-0.665,7.618,-2.708
-1.084,9.47,-2.539
-2.082,10.865,-2.393
-2.055,10.326,-3.252
-2.065,9.714,-3.077
-1.694,8.678,-3.376
-1.811,8.764,-2.285
-2.17,9.573,-3.369
0.254,10.881,-3.067
-1.596,9.082,-2.998
-1.323,8.467,-2.524
-1.187,9.061,-1.921
-1.294,9.711,-2.05
-1.239,10.078,-1.675
-1.543,9.094,-2.137
-1.213,9.281,-2.0
-0.926,8.972,-2.125
-1.361,9.276,-1.823
-1.27,9.558,-1.974
-1.404,9.747,-2.455
-1.081,9.302,-2.952
-0.696,9.417,-2.388
-1.249,10.128,-1.983
-1.725,9.515,-1.823
-1.574,9.188,-1.768
-1.175,8.953,-2.428
-1.213,9.762,-2.314
-1.488,10.106,-2.117
-1.187,9.702,-1.845
-1.244,8.467,-2.333
-0.778,8.769,-2.254
-1.292,9.515,-1.916
-0.912,10.185,-1.847
-1.67,9.585,-2.448
-1.168,9.506,-1.979
-1.916,5.804,0.452
-1.515,11.8,5.292
-2.33,10.58,6.281
-0.675,15.104,0.156
-1.287,7.867,0.203
-1.278,10.489,-1.96
-0.648,9.357,-1.553
-0.72,8.747,-1.806
-0.67,9.915,-1.928
-1.993,8.946,-1.976
-1.701,9.243,-2.029
-1.464,9.463,-1.957
-0.455,9.4,-1.883
-0.933,9.561,-2.29
-1.543,9.628,-2.165
-1.696,9.671,-2.46
-0.926,9.365,-1.854
-1.127,9.25,-1.993
-1.256,9.092,-2.378
-1.687,9.207,-2.515
-1.316,9.609,-2.373
-0.751,9.956,-2.361
-0.84,10.013,-2.637
-1.079,9.247,-2.266
-1.648,8.611,-2.196
-1.629,9.609,-2.481
-1.213,10.082,-2.507
-1.948,9.546,-2.952
-1.828,8.699,-3.173
-1.665,9.03,-3.314
-2.235,9.585,-3.213
-2.591,9.877,-3.228
-2.244,9.051,-3.199
-1.694,9.551,-3.185
-1.407,9.558,-2.539
-1.144,8.805,-2.993
-0.766,8.472,-2.912
-1.139,8.874,-2.354
-0.938,9.652,-1.68
-1.16,10.434,-1.424
-1.136,9.503,-1.747
-0.758,8.419,-2.304
-0.562,9.061,-2.115
-0.859,9.762,-1.546
-1.053,9.676,-1.471
-1.067,9.647,-1.983
-1.534,9.168,-2.426
-1.175,9.168,-2.931
-1.438,9.817,-2.457
-1.323,10.116,-1.971
-1.043,9.089,-2.479
-1.304,8.979,-2.859
-1.404,9.568,-2.639
-1.153,9.568,-2.275
-1.225,9.412,-2.323
-1.132,9.455,-2.038
-0.706,9.195,-2.096
-1.06,7.637,-1.818
0.488,16.191,-5.271
-2.766,10.149,5.166
-1.053,16.092,3.572
1.39,15.872,-7.675
-1.749,0.117,-6.661
-2.816,11.154,6.106
0.292,18.019,-6.12
-1.058,11.183,-0.385
-0.931,9.597,-2.677
-1.086,9.661,-2.421
-1.074,9.659,-2.4
-1.311,9.853,-2.184
-1.005,9.341,-2.108
-0.77,9.154,-1.881
-0.94,9.35,-1.971
-0.574,9.568,-1.605
-0.828,9.728,-2.139
-0.904,8.92,-2.33
-1.359,9.496,-1.608
-1.325,10.03,-2.122
-1.273,9.778,-2.35
-0.88,9.733,-2.261
-0.943,9.25,-2.206
-1.01,9.219,-2.091
-1.177,9.192,-2.134
-1.074,9.582,-2.034
-0.9,9.798,-1.945
-0.907,9.417,-2.022
-0.871,9.245,-1.878
-1.048,9.566,-1.663
-0.376,9.678,-1.675
-0.897,9.771,-2.091
-0.756,9.534,-2.098
-0.79,8.881,-2.333
-1.12,9.183,-2.259
-1.275,9.848,-1.964
-1.168,9.455,-2.12
-0.682,9.58,-2.251
-0.993,9.439,-2.323
-1.043,9.74,-1.94
-0.849,9.47,-1.878
-0.926,9.467,-2.079
-1.048,9.487,-2.055
-0.9,9.324,-2.067
-0.526,9.24,-2.115
-1.5,9.762,-1.732
-0.991,10.051,-1.646
-0.766,9.64,-2.029
-1.211,9.204,-2.175
-1.481,9.365,-2.115
-1.273,9.573,-1.921
-0.907,9.056,-2.469
-0.524,9.393,-2.426
-0.983,10.042,-2.153
-1.321,10.422,-1.402
-1.12,9.298,-2.038
-0.373,8.86,-3.086
-0.598,9.29,-1.871
-0.706,9.551,-1.419
-0.802,9.259,-1.177
-0.768,9.587,-1.495
-0.495,9.556,-1.881
0.232,9.386,-2.378
-0.433,9.171,-2.579
-0.629,10.338,-2.034
-0.895,9.759,-2.0
-0.761,9.14,-2.11
-0.77,9.379,-2.184
-0.83,9.57,-2.189
-1.022,9.719,-2.232
-1.354,9.422,-2.294
-1.036,9.429,-2.165
-0.914,9.542,-2.0
-0.825,9.312,-2.249
-0.763,9.369,-2.33
-0.433,9.733,-2.146
-0.746,9.85,-1.696
-0.589,9.891,-1.744
-0.83,9.113,-1.61
-0.246,9.31,-1.869
-0.278,9.692,-1.534
-0.739,9.628,-1.431
-0.605,9.707,-1.29
-0.821,9.467,-1.854
-0.78,9.807,-2.196
-0.663,9.951,-2.16
-0.677,9.073,-2.333
-0.684,9.051,-2.237
-0.77,9.807,-1.902
-1.007,9.862,-1.871
-0.522,9.518,-2.105
-0.689,9.391,-2.096
-0.962,9.434,-1.677
-0.928,9.673,-1.445
-0.112,9.35,-1.675
-0.201,9.3,-2.082
-0.675,9.917,-1.775
-0.474,10.271,-2.433
-1.237,9.073,-3.041
-1.192,9.51,-2.326
-0.27,10.401,-0.95
-1.491,9.317,-1.251
0.005,8.582,-1.457
0.282,9.13,-1.486
-0.823,10.267,-1.448
-0.991,9.353,-1.804
-0.333,10.3,-1.318
-0.318,9.649,-1.096
-0.672,8.934,-1.361
-0.596,9.499,-1.29
-0.703,9.735,-1.316
-0.589,10.085,-1.311
-0.498,9.884,-1.342
-0.385,9.29,-1.431
-0.708,9.317,-1.383
-0.895,9.609,-1.548
-0.723,10.168,-1.505
-0.498,9.379,-1.751
-0.421,10.137,-1.28
-0.926,9.53,-1.239
-0.622,9.259,-1.493
-0.581,9.642,-1.402
-0.4,9.745,-1.309
-0.62,9.783,-1.117
-0.373,9.396,-1.158
-0.665,9.592,-1.101
-0.849,9.314,-0.981
-0.689,9.192,-1.694
-0.27,10.003,-1.713
-0.66,10.058,-1.656
-0.536,9.824,-1.538
-1.177,8.57,-2.07
-0.122,10.178,-1.038
-0.644,9.74,-1.168
-0.88,9.183,-1.297
-0.459,9.613,-1.316
-0.572,10.039,-1.043
-0.256,9.884,-1.06
-0.557,9.513,-1.213
-0.708,9.293,-1.294
-0.622,9.616,-1.304
-0.345,9.951,-1.412
-0.462,9.774,-1.445
-0.443,9.673,-1.258
-0.706,9.678,-1.268
-0.809,9.429,-1.459
-0.696,9.69,-1.352
-0.452,10.073,-1.203
-0.493,9.697,-1.266
-0.557,9.333,-1.457
-0.452,9.472,-1.345
-0.694,9.726,-1.388
-0.356,10.001,-1.125
-0.486,9.551,-1.366
-0.512,9.573,-1.342
-0.608,9.711,-1.335
-0.481,9.762,-1.242
-0.553,9.661,-1.268
-0.361,9.57,-1.16
-0.51,9.711,-1.141
-0.799,9.353,-1.503
-0.519,9.927,-1.392
-0.352,9.975,-1.337
-0.557,9.592,-1.328
-0.345,9.64,-1.036
-0.634,9.494,-1.034
-0.586,9.31,-1.251
-0.55,9.774,-1.086
-0.507,10.054,-1.16
-0.352,9.647,-1.189
-0.416,9.503,-1.132
-0.725,9.472,-1.261
-0.632,9.905,-0.943
-0.505,9.831,-1.093
-0.34,9.69,-1.012
-0.356,9.802,-0.943
-0.687,9.333,-1.347
-0.62,9.527,-1.239
-0.531,9.874,-1.017
-0.601,9.74,-1.165
-0.586,9.74,-1.232
-0.524,9.814,-1.16
-0.615,9.494,-1.127
-0.39,9.451,-1.029
-0.62,9.642,-1.005
-0.701,9.812,-0.919
-0.335,9.692,-0.947
-0.567,9.556,-1.089
-0.703,10.027,-1.16
-0.979,9.733,-1.354
-0.519,9.204,-1.55
-0.285,9.721,-1.589
-0.438,9.774,-1.323
-0.297,9.85,-0.486
-0.423,9.642,-0.579
0.34,9.556,-0.431
0.481,9.501,-0.493
-0.275,10.111,0.502
-0.699,9.422,-0.873
-1.727,9.506,-0.371
1.404,11.609,1.237
-0.9,9.929,-1.156
-1.459,9.281,-1.433
-1.541,9.623,-1.675
-1.328,9.513,-1.699
-1.436,9.912,-3.704
-0.746,10.032,-2.254
-0.682,9.776,-2.027
-0.775,10.168,-1.108
-0.467,9.625,-0.967
0.122,9.597,-6.156
-0.526,9.077,-0.689
0.182,9.609,-0.718
-0.66,9.735,-0.828
-0.148,9.802,-0.845
-0.505,9.171,-0.962
-0.189,9.561,-1.213
-0.744,9.958,-1.385
-0.725,10.123,-1.196
-0.555,9.944,-0.998
-0.629,9.489,-1.029
-0.735,9.159,-1.096
-0.534,9.465,-1.304
-0.644,10.049,-1.117
-0.476,9.979,-0.88
-0.388,9.733,-0.95
-0.538,9.142,-1.084
-0.732,9.633,-1.215
-0.56,10.025,-0.952
-0.55,9.972,-1.002
-0.522,9.728,-1.053
-0.56,9.508,-1.251
-0.476,9.554,-1.187
-0.679,9.566,-1.017
-0.629,9.695,-0.892
-0.49,9.762,-0.947
-0.512,9.865,-1.069
-0.538,9.757,-1.096
-0.421,9.807,-0.931
-0.699,9.506,-1.084
-0.467,9.539,-1.012
-0.388,9.506,-0.991
-0.703,9.697,-1.091
-0.723,9.733,-0.991
-0.802,9.762,-0.656
-0.328,9.685,-0.792
-0.402,9.432,-1.299
-0.117,9.767,-1.089
-0.029,10.649,-1.644
-3.653,9.065,-1.347
0.589,10.556,0.45
-0.345,9.755,-0.773
-0.414,9.63,-0.639
-0.273,9.01,-1.043
-0.514,9.726,-0.73
-0.658,9.96,-0.67
-0.644,9.802,-0.675
-0.455,9.898,-0.95
-0.49,9.889,-0.94
-0.225,9.735,-0.725
-0.481,9.247,-0.818
-0.538,9.668,-0.665
-0.266,9.999,-0.813
-0.4,9.759,-0.849
-0.234,9.513,-0.912
-0.861,9.733,-1.055
-0.687,9.982,-0.835
-0.39,9.872,-0.904
-0.337,9.704,-0.849
-0.423,9.544,-0.663
-0.423,9.764,-0.519
-0.589,9.8,-0.715
-0.285,9.755,-0.849
-0.136,9.817,-0.593
-0.407,9.893,-0.682
-0.543,9.451,-0.72
-0.301,9.489,-0.641
-0.333,9.8,-0.342
-0.153,9.561,-0.342
0.077,9.551,-0.031
-0.337,9.396,-0.313
-0.062,9.881,0.0
-0.574,9.807,-1.203
-0.412,9.398,-0.266
0.124,10.226,-0.483
-1.244,9.752,-0.158
-0.091,10.518,-0.335
-0.167,9.164,-1.0
-0.227,9.652,-0.792
-0.388,9.924,-0.522
-0.392,9.884,-0.29
-0.541,9.63,-0.301
-0.132,9.525,-0.22
-0.629,9.81,-0.373
-0.321,10.087,-0.416
-0.538,9.611,-0.818
-0.256,9.566,-0.548
-0.337,9.92,-0.321
-0.526,9.819,-0.464
-0.182,9.704,-0.524
-0.172,9.776,-0.541
-0.258,9.805,-0.266
-0.313,9.745,-0.278
-0.132,9.561,-0.189
-0.318,9.683,-0.139
-0.239,9.771,-0.242
-0.304,9.633,-0.502
-0.335,9.824,-0.581
-0.172,9.884,-0.337
-0.225,9.513,-0.476
-0.029,9.738,-0.335
-0.251,10.056,-0.191
-0.263,9.788,-0.313
0.196,8.848,0.321
-0.553,10.288,-0.821
0.234,10.561,-1.474
-0.227,10.233,-0.653
-0.354,9.381,-0.337
0.28,9.613,0.012
-0.464,9.353,0.167
-0.227,9.613,0.06
0.158,9.695,-0.057
0.062,9.587,-0.191
0.091,9.688,0.115
-0.048,9.8,0.124
0.045,9.8,-0.146
0.084,9.678,-0.256
0.062,9.783,-0.132
-0.057,9.795,-0.005
-0.026,9.975,-0.158
-0.062,9.824,-0.172
0.141,9.465,-0.373
0.112,9.953,-0.187
-0.213,9.853,-0.048
-0.156,9.606,-0.077
0.124,9.575,-0.158
0.036,9.757,0.017
-0.06,9.924,0.012
0.199,9.944,0.012
-0.041,9.589,-0.074
-0.048,9.551,-0.246
0.057,9.798,0.079
0.05,9.793,0.151
0.06,9.666,0.127
0.084,9.649,0.122
0.158,9.908,0.261
0.306,9.929,-0.014
0.256,9.996,-0.108
0.388,9.723,-0.201
0.098,9.424,0.007
0.809,9.829,0.598
-0.325,10.384,0.754
0.469,9.587,0.66
-0.065,9.391,0.447
-0.555,9.635,0.294
-0.768,9.331,-0.136
-0.414,8.917,-0.23
-0.321,9.654,0.158
-0.036,10.35,1.144
-0.337,10.03,1.438
-0.378,9.228,0.325
0.665,9.697,-0.66
0.246,10.843,-0.541
0.328,10.302,-0.754
0.055,10.463,-0.115
0.723,10.752,0.802
-0.44,10.001,0.646
-0.397,9.355,0.397
0.608,8.8,0.914
-0.077,8.427,1.534
-0.321,9.506,1.486
-0.892,10.111,1.651
0.261,10.178,0.758
0.665,9.647,0.321
0.134,10.116,0.663
0.754,9.022,-0.141
0.785,8.53,0.368
0.766,10.25,1.024
0.536,9.173,0.837
0.933,9.575,0.876
2.082,8.958,1.026
1.034,10.159,2.438
0.526,10.444,2.335
0.945,10.491,1.309
1.517,8.745,0.371
-0.428,10.903,-0.108
-0.402,11.255,-0.653
-0.983,9.295,-1.06
-0.218,8.975,-0.684
-0.395,9.391,0.345
-0.005,9.898,1.014
0.237,8.735,0.971
1.335,9.116,1.732
0.766,10.353,1.988
0.06,9.786,1.225
0.641,9.585,0.39
0.49,9.64,0.519
1.206,10.015,0.132
0.342,10.63,0.395
-0.057,10.063,0.124
1.043,9.08,0.033
0.512,9.79,0.66
-0.23,10.118,0.78
0.045,8.888,0.739
1.261,9.247,-0.29
0.538,10.511,-0.05
0.658,10.417,0.251
0.328,9.891,0.254
0.711,9.176,0.431
1.115,9.747,0.574
0.213,10.19,0.864
0.294,10.013,0.962
0.452,9.355,0.627
0.639,9.752,0.39
0.017,10.14,0.4
0.148,10.133,0.409
0.043,9.807,0.524
0.447,9.4,0.388
0.455,9.46,0.792
0.514,9.972,0.837
0.512,9.999,0.766
0.318,9.439,0.467
0.665,9.532,0.33
0.957,9.999,0.452
1.065,9.984,0.718
0.742,9.58,1.158
0.706,8.996,1.034
0.933,9.324,0.818
1.424,9.843,1.323
0.617,10.369,0.787
-0.447,10.489,0.871
-0.146,8.252,0.007
-0.081,9.534,0.476
0.148,10.408,1.105
-0.165,10.219,1.005
-0.443,9.475,0.488
-0.129,9.52,0.299
-0.223,9.91,0.304
0.201,10.164,0.12
0.541,10.018,-0.538
-0.098,10.183,0.132
0.526,10.513,1.366
-0.311,10.176,1.273
0.691,8.728,0.378
0.352,8.393,1.213
0.053,9.01,1.869
0.029,9.68,2.031
0.132,9.451,1.297
0.904,9.723,0.443
0.742,9.896,0.065
0.605,9.037,0.613
0.598,9.668,1.036
0.266,10.293,1.55
0.249,10.678,0.952
0.636,10.235,0.093
0.617,10.903,-0.074
-0.904,10.295,-0.043
-0.981,8.649,-0.146
0.335,8.946,0.412
0.634,9.635,1.44
0.732,9.743,2.177
1.206,9.027,2.115
0.835,8.943,1.395
0.665,9.02,1.457
0.28,10.161,1.407
-0.045,10.424,1.199
0.031,9.549,0.38
-0.077,9.326,0.026
-0.033,9.74,0.179
0.179,10.319,1.05
0.89,9.814,0.964
0.986,9.47,1.4
0.608,9.857,1.347
0.799,9.716,1.163
0.809,9.472,0.804
0.438,9.367,0.986
0.395,9.711,0.907
0.51,9.702,0.811
0.572,9.812,0.699
1.002,9.573,0.763
0.785,9.764,1.072
0.663,10.049,1.11
0.555,9.637,1.038
0.237,9.197,0.742
0.713,9.642,0.825
0.656,10.166,1.022
0.445,10.008,1.086
0.043,9.527,0.852
0.452,9.173,0.44
0.464,9.759,0.799
0.234,9.755,1.067
0.388,9.774,0.971
0.366,9.912,0.754
0.507,9.793,0.627
0.476,9.898,0.732
0.373,9.714,0.847
0.419,9.661,0.89
0.471,9.582,0.871
0.883,9.716,0.967
0.512,9.723,1.043
0.505,9.733,1.247
0.395,9.348,0.971
0.433,9.609,0.912
0.519,9.788,0.904
0.361,9.886,0.914
0.349,9.855,0.744
0.364,9.606,0.636
0.469,9.704,0.876
0.531,9.831,1.182
0.385,9.496,1.103
0.208,9.671,0.811
0.347,9.798,1.328
0.608,9.805,0.89
0.802,10.075,1.199
0.366,9.707,1.16
0.096,9.489,0.706
0.194,9.829,0.986
0.268,11.946,2.51
0.026,10.542,1.134
0.593,8.235,1.189
1.352,9.312,1.742
0.49,9.991,1.5
1.158,9.408,1.708
0.608,9.946,2.151
0.813,9.429,1.799
1.077,9.446,1.424
0.586,9.85,1.515
0.67,9.654,1.883
0.682,9.348,1.782
0.727,9.35,1.555
0.675,9.984,1.907
0.371,9.355,1.861
0.555,9.52,1.512
0.333,9.824,1.66
0.404,9.86,1.603
0.479,9.79,1.567
0.749,9.664,1.572
0.534,9.762,1.668
0.531,9.68,1.814
0.49,9.496,1.759
0.541,9.501,1.842
0.531,9.604,1.957
0.51,9.499,2.103
0.445,9.647,1.991
0.423,9.331,1.962
0.457,9.51,1.885
0.354,9.7,2.072
0.438,9.666,2.003
0.522,9.487,2.046
0.38,9.618,2.189
0.404,9.539,2.182
0.364,9.812,2.067
0.39,9.716,2.05
0.62,9.412,2.299
0.476,9.388,2.192
0.471,9.477,2.483
0.538,9.451,2.283
0.507,9.566,2.218
0.79,9.185,2.407
0.653,9.405,2.546
0.34,9.238,2.316
0.435,9.623,2.177
0.486,9.642,2.0
0.376,9.688,2.105
0.304,9.58,1.983
0.335,9.637,2.031
0.517,9.499,2.094
0.4,9.532,1.9
0.459,9.786,2.029
0.498,9.42,2.012
0.586,9.642,1.79
0.507,9.668,2.23
0.636,9.573,2.089
0.464,9.654,2.07
0.67,9.589,1.916
0.364,9.652,2.031
0.438,9.711,2.115
0.254,9.781,1.885
0.378,9.494,1.955
0.373,9.57,2.034
0.258,9.795,2.17
0.347,9.616,1.936
0.495,9.106,1.763
0.407,9.19,2.259
0.335,9.731,2.424
0.428,9.534,2.417
0.763,9.745,2.536
0.687,9.872,2.01
0.938,10.29,1.948
0.766,10.798,2.268
0.766,11.032,2.996
0.17,10.374,2.555
0.167,11.111,3.314
-0.141,10.377,3.704
0.057,9.31,3.787
0.359,8.836,3.874
0.134,9.142,4.027
0.208,10.245,4.28
0.27,10.14,4.173
0.481,9.644,4.139
1.11,9.262,4.728
1.493,8.178,5.405
1.381,7.037,6.596
0.684,6.639,7.687
2.283,6.158,6.828
3.854,5.225,6.486
4.776,4.051,6.572
4.477,4.529,7.946
3.584,5.747,9.556
3.637,6.087,9.616
4.369,5.345,8.094
5.347,4.194,7.738
4.814,3.177,7.697
4.302,3.706,8.843
0.921,5.292,10.456
7.441,6.211,11.197
4.713,0.924,8.331
5.871,-1.0,5.484
6.209,1.694,6.517
5.048,3.893,8.104
4.127,5.484,8.142
3.876,6.034,7.675
4.405,4.386,6.4
3.73,3.481,5.446
3.187,4.756,4.831
3.144,5.625,4.414
3.481,6.474,4.103
3.304,6.699,4.029
2.804,7.704,3.984
2.682,8.013,3.756
3.242,7.771,3.034
3.285,8.838,2.991
3.098,9.427,3.381
2.883,8.565,3.601
2.304,8.51,3.424
2.74,9.393,3.441
3.058,9.168,3.455
2.771,8.29,3.871
1.852,8.032,3.756
2.421,8.412,3.72
3.297,9.286,4.398
3.338,8.475,4.56
2.182,7.094,3.864
2.613,5.627,4.192
3.584,5.809,3.804
4.62,7.52,5.003
4.67,7.692,5.053
3.972,6.259,4.445
4.421,4.747,4.41
5.326,5.527,4.431
5.984,5.874,5.005
6.127,5.802,5.096
5.12,5.06,4.898
5.017,5.199,5.589
5.919,5.637,5.493
6.237,5.955,5.749
5.958,5.998,5.766
5.993,5.455,5.879
5.969,5.053,6.252
7.273,5.12,6.675
6.532,4.548,5.941
6.489,4.807,6.135
5.981,7.221,8.307
5.706,6.532,7.465
6.269,5.259,6.108
6.082,4.199,5.199
7.02,4.108,6.348
7.058,4.039,6.113
6.97,4.087,6.714
6.415,3.831,6.848
6.426,5.199,7.037
6.723,5.182,6.292
7.087,5.046,6.297
6.651,3.998,6.776
6.733,4.051,6.273
5.845,4.424,7.096
5.347,4.469,7.343
6.345,4.378,6.534
6.199,2.553,6.996
6.02,1.902,6.434
6.017,3.058,7.041
5.958,2.936,7.3
6.489,4.005,6.053
6.508,4.146,7.178
6.481,4.127,6.455
6.587,3.249,7.25
6.857,2.443,7.467
6.082,2.472,8.046
6.08,2.96,8.104
6.302,2.486,7.625
6.295,1.455,6.671
6.74,2.175,6.359
5.687,4.462,6.994
4.965,4.998,7.206
5.656,3.658,5.694
7.113,2.74,4.354
7.663,3.517,4.89
6.642,4.28,5.685
5.443,4.079,5.474
5.591,3.268,5.048
6.84,3.862,6.003
5.725,5.225,4.809
4.694,7.147,5.668
4.84,4.84,6.034
5.718,1.522,5.264
7.194,0.691,5.024
6.625,3.321,5.84
6.247,3.809,6.934
7.032,2.823,6.259
7.9,1.914,5.529
7.338,2.845,6.369
6.434,3.28,7.575
6.86,2.962,7.106
6.9,1.909,6.91
6.13,1.742,7.812
5.52,1.34,7.8
7.764,0.668,6.336
7.278,3.603,6.962
6.697,6.599,7.649
6.003,6.013,7.374
6.934,3.938,6.855
6.477,2.378,7.8
6.206,2.129,7.333
6.34,3.302,6.632
4.893,4.194,7.003
5.678,4.218,6.881
4.615,6.065,7.462
4.058,5.826,7.163
3.653,4.488,7.802
4.663,4.424,7.446
4.457,4.508,7.534
3.797,4.448,8.539
3.893,1.646,7.039
5.615,-0.23,5.745
5.924,1.835,6.563
5.032,3.902,7.618
4.45,2.211,6.02
6.115,-0.249,5.099
6.58,2.854,8.269
5.046,5.015,9.86
4.541,3.579,9.709
5.57,1.756,8.628
6.07,1.282,8.034
5.56,3.522,9.556
5.297,4.831,10.721
4.845,3.019,11.058
5.953,0.254,9.594
6.721,1.065,9.75
5.477,3.22,10.602
5.548,3.9,10.604
4.646,2.479,10.858
5.151,0.22,9.24
5.845,1.436,8.836
4.933,3.723,9.049
4.642,4.008,8.8
4.065,1.981,8.613
4.689,0.895,7.513
4.852,3.34,8.029
3.799,5.036,8.443
3.79,4.62,7.948
4.048,3.491,7.139
4.922,2.766,6.336
4.859,4.486,7.02
3.967,5.23,7.63
4.189,4.5,7.556
4.015,2.519,7.238
5.015,1.074,6.685
5.41,2.85,7.285
4.362,4.4,8.049
4.618,5.503,7.218
5.003,4.445,6.563
5.905,3.546,5.874
5.467,5.185,6.678
5.235,4.874,7.324
5.618,2.996,7.281
5.046,1.902,7.857
6.02,0.687,6.757
6.62,2.041,7.12
5.907,3.682,8.094
6.08,4.833,8.862
6.125,5.663,9.331
5.431,3.976,8.551
6.453,2.61,7.773
7.276,3.249,6.79
5.881,5.419,7.697
5.539,6.434,8.324
4.914,4.52,8.168
5.749,1.747,6.328
6.812,0.708,5.039
5.747,2.718,5.713
5.063,5.111,7.037
4.783,5.084,6.276
4.457,3.656,6.429
4.477,1.962,5.606
4.524,2.783,5.051
4.546,4.436,5.276
4.433,6.718,5.783
4.082,8.288,6.726
3.907,7.403,4.783
4.529,9.381,3.699
4.297,11.319,4.924
4.256,11.659,4.486
4.61,10.982,5.455
3.663,8.238,7.18
4.29,5.713,7.472
5.099,3.584,6.513
4.917,4.335,6.613
3.814,3.653,7.003
3.292,2.498,5.819
3.51,4.369,2.936
1.665,7.025,-0.294
-0.684,8.972,2.28
-4.154,9.231,5.541
-3.412,10.855,6.001
-2.921,10.317,3.254
-3.948,10.027,1.689
-5.209,9.101,3.433
-4.747,10.901,7.044
-3.728,12.032,7.058
-3.292,12.702,5.871
-2.823,13.248,5.62
-3.228,11.712,5.431
-2.23,7.199,4.886
-0.94,6.185,4.094
-0.433,5.926,3.792
0.385,6.292,3.852
0.703,6.281,4.376
1.148,6.352,4.96
1.816,6.692,6.01
2.716,6.903,6.434
2.838,6.795,7.386
2.914,7.69,7.448
2.61,7.075,7.132
1.916,6.034,6.395
1.342,5.926,6.077
1.436,7.529,6.776
1.893,8.372,6.905
1.948,7.706,6.814
1.637,5.644,6.374
2.091,4.505,6.649
1.881,4.847,7.79
1.749,5.273,8.513
2.223,5.969,7.85
3.051,6.099,7.058
3.486,5.871,6.137
3.704,7.376,5.063
9.585,7.728,5.218
6.211,6.175,6.426
0.742,7.314,9.487
3.527,6.584,8.281
3.397,6.584,9.465
3.819,3.175,6.501
4.421,4.412,7.295
4.108,5.161,8.106
3.546,6.747,9.19
3.819,5.539,8.118
3.637,5.17,7.199
4.857,4.548,6.898
3.539,5.469,7.032
3.106,5.646,8.085
2.366,5.431,7.838
3.804,4.118,6.57
4.374,5.8,6.757
4.022,6.005,7.206
3.426,4.974,7.721
3.321,4.687,7.802
3.993,5.247,8.608
2.986,5.067,7.515
3.414,3.156,6.73
4.175,2.94,6.816
3.979,4.35,7.159
4.41,5.118,7.448
2.804,4.744,8.216
2.663,4.055,7.446
4.28,3.407,6.168
3.881,5.709,7.934
3.866,6.477,7.324
2.802,4.546,9.034
5.252,5.046,7.204
6.084,4.718,6.718
5.522,5.331,6.85
6.032,7.324,7.281
0.584,4.8,7.254
3.175,6.426,7.989
4.62,4.697,7.443
3.144,4.455,7.199
2.541,3.752,7.532
3.61,4.235,7.965
4.57,4.924,8.142
3.955,6.18,7.08
3.144,4.091,8.46
3.811,4.043,7.781
3.933,3.201,7.776
3.51,3.771,8.039
3.807,4.402,7.898
3.656,4.682,7.654
3.931,4.826,7.872
4.029,4.579,7.692
5.831,4.012,5.869
4.945,4.977,6.546
4.902,4.244,7.242
4.962,4.412,5.68
4.613,4.398,5.91
4.304,3.809,6.314
2.933,3.555,9.135
3.759,1.258,6.623
4.694,1.962,7.245
3.448,3.058,8.649
4.345,2.895,7.879
4.599,2.931,8.044
5.28,2.617,8.183
5.371,3.448,8.604
5.615,3.795,8.601
5.565,3.969,8.491
5.649,3.472,8.317
5.515,3.725,7.974
5.343,3.443,7.525
5.462,4.503,7.486
4.943,4.101,6.804
5.283,5.209,6.962
5.046,5.486,8.061
4.039,5.532,8.285
4.163,4.656,8.352
4.082,3.094,7.898
4.048,2.629,8.003
4.627,2.366,8.085
4.374,2.673,7.537
4.941,3.417,7.24
4.371,4.357,7.544
4.804,4.309,7.049
4.673,4.333,6.675
4.838,4.304,6.663
4.759,4.515,7.793
4.773,3.491,7.192
4.522,3.89,7.513
4.56,3.062,7.36
4.941,1.924,7.364
4.771,2.522,7.833
4.558,2.787,8.245
4.276,3.4,7.824
4.474,4.015,7.556
4.309,4.39,7.383
4.386,4.553,7.888
4.68,4.689,8.991
4.637,3.62,8.436
4.977,3.658,8.675
4.871,3.311,8.704
4.881,3.457,9.01
4.802,3.826,8.819
4.809,4.043,8.616
5.108,3.426,8.051
5.252,3.335,7.422
4.634,3.469,7.446
4.622,2.713,7.513
4.807,2.955,6.828
4.577,3.986,7.795
4.419,4.046,7.58
4.802,3.268,7.293
4.996,2.287,7.367
4.883,1.84,7.618
4.773,1.907,8.068
4.73,2.56,8.039
4.847,2.878,7.482
5.168,3.338,7.431
4.969,3.457,7.462
4.957,3.452,7.604
5.072,3.17,7.369
5.41,3.285,7.522
5.402,3.216,7.996
5.383,2.938,8.326
5.345,2.893,8.57
5.379,3.031,8.692
5.379,3.376,8.719
5.283,3.058,8.585
5.213,2.833,8.357
4.998,3.216,8.216
5.056,3.22,7.907
5.163,3.146,7.604
4.986,3.027,7.623
4.783,3.074,7.776
4.74,2.783,7.51
4.721,2.668,7.489
4.347,3.582,7.757
4.984,3.237,7.561
5.063,3.185,7.503
4.91,4.388,7.596
4.855,3.723,7.52
5.3,2.216,7.084
5.292,1.586,7.302
5.209,2.029,7.372
5.259,2.12,6.948
5.486,2.235,6.68
5.568,2.5,7.171
5.271,3.725,7.324
4.914,3.725,7.168
5.254,3.79,7.443
5.254,3.558,7.924
5.304,2.797,7.967
5.379,2.699,7.939
5.321,3.208,8.061
5.288,3.196,7.436
5.78,1.677,7.73
5.778,1.641,8.056
5.446,1.885,8.57
5.747,1.814,8.085
5.656,1.605,7.974
5.515,1.601,7.824
5.563,1.689,7.62
5.419,2.23,7.534
5.276,2.907,7.692
4.912,2.562,7.805
4.912,1.771,7.742
5.005,2.062,7.852
4.991,2.945,8.226
4.9,2.694,8.288
5.259,2.4,7.929
5.235,1.778,7.74
5.424,1.077,7.271
5.345,1.196,7.915
4.855,1.641,8.355
5.154,2.4,8.302
5.034,2.83,8.274
5.182,2.637,8.003
5.522,1.842,7.656
5.268,2.39,7.75
5.283,2.747,7.805
5.113,2.531,7.74
5.209,2.117,7.45
5.216,2.132,7.214
5.206,2.649,7.383
5.111,2.706,7.364
5.256,2.9,7.422
5.237,3.031,7.223
5.29,3.259,7.238
5.096,3.283,7.161
5.015,3.118,7.336
4.821,2.539,7.62
4.948,1.952,7.702
3.831,2.309,7.429
4.036,1.598,8.116
5.036,0.562,7.537
4.017,-0.189,8.556
4.493,-1.323,8.939
4.472,-0.959,8.922
4.943,-1.218,8.077
4.91,-2.149,7.506
4.85,-2.536,8.283
4.343,-2.677,8.984
4.73,-2.716,8.936
4.814,-2.972,8.675
4.701,-2.378,8.943
5.146,-2.089,8.96
4.524,-2.558,9.075
4.357,-0.658,9.384
4.216,-0.9,9.042
3.333,-2.024,8.171
4.539,-4.421,7.68
5.627,-4.28,7.453
5.486,-2.369,7.776
4.577,-2.74,7.328
4.859,-2.615,7.257
4.754,-3.926,7.575
5.108,-2.603,7.666
4.582,-1.706,8.489
4.232,-3.421,8.02
4.797,-4.584,7.604
4.675,-3.886,7.85
3.936,-2.168,8.764
4.094,-3.39,8.575
4.254,-4.048,7.831
4.503,-4.57,7.678
4.788,-3.57,7.982
4.821,-2.976,8.458
4.948,-2.893,8.374
5.103,-4.302,7.479
5.347,-4.532,7.228
5.479,-4.331,7.139
5.412,-2.998,7.46
5.237,-2.759,8.029
4.876,-2.352,8.534
4.783,-1.876,9.68
5.661,-1.768,9.4
6.537,-3.811,7.228
6.572,-2.936,6.553
5.316,0.38,8.032
4.472,2.799,9.747
3.838,2.129,10.305
3.61,-1.182,9.491
3.476,-3.749,8.685
3.754,-4.663,7.427
4.087,-5.015,6.443
4.319,-5.39,6.178
4.469,-5.051,6.407
4.515,-4.283,6.953
4.242,-4.658,6.991
4.11,-5.343,6.525
4.223,-5.922,6.515
4.096,-6.001,6.513
4.005,-5.436,6.938
4.027,-5.178,8.044
3.493,-5.283,7.604
3.575,-6.127,7.118
3.393,-6.187,7.233
3.319,-4.984,7.573
2.747,-5.383,8.061
2.364,-6.426,7.601
2.127,-6.833,7.194
1.333,-6.127,7.965
0.613,-4.776,8.137
0.577,-4.589,7.281
0.017,-5.764,7.307
-0.761,-6.211,7.881
-1.292,-4.91,8.879
-1.139,-1.562,9.379
-1.055,-0.72,9.759
-2.407,-4.366,9.3
-2.529,-4.175,9.25
-1.818,-0.005,11.678
-3.24,-0.426,13.154
-3.531,-3.429,11.41
-4.084,-3.106,12.027
-4.883,-2.062,12.559
-4.498,-0.223,12.518
-4.003,-2.022,11.348
-4.709,-2.412,9.855
-4.204,-2.137,10.716
-3.682,-0.914,10.312
-3.682,0.634,10.018
-3.551,0.691,10.652
-2.912,1.345,10.245
-3.024,1.763,9.58
-3.065,1.625,9.458
-2.988,0.29,9.214
-2.984,-1.459,8.867
-2.74,-2.323,8.336
-2.885,-3.173,7.848
-2.479,-3.797,7.814
-2.192,-4.388,7.673
-2.091,-4.644,7.4
-1.869,-4.063,7.465
-2.536,-3.718,7.496
-3.596,-4.228,7.807
-4.053,-4.292,7.974
-3.543,-3.543,7.343
-3.125,-2.766,6.788
-3.421,-2.926,6.673
-3.754,-1.895,7.496
-3.701,-0.636,7.85
-3.902,-1.06,7.484
-5.058,-2.07,8.312
-3.651,-3.263,6.242
-4.931,-2.632,8.008
-4.376,-1.828,8.491
-4.613,-1.904,8.525
-5.197,-2.512,9.379
-4.804,-3.055,8.101
-4.67,-1.392,8.448
-5.185,-0.423,9.02
-5.101,-0.677,9.101
-5.213,-1.177,8.876
-5.137,-1.546,9.326
-5.62,-2.285,9.266
-5.367,-2.543,9.283
-6.273,-2.809,9.539
-6.958,-2.917,9.566
-6.644,-2.007,10.489
-6.151,-1.593,10.53
-6.106,-1.069,10.164
-6.154,-0.474,10.532
-5.577,-0.538,10.496
-5.771,-0.718,10.176
-5.412,-0.871,9.637
-6.309,-0.84,10.044
-6.142,-0.49,10.563
-6.025,-0.519,10.489
-5.68,-0.048,10.558
-6.127,0.053,10.704
-6.075,0.026,10.527
-6.491,-0.301,10.527
-6.204,-1.091,9.444
-5.785,-1.211,9.257
-4.354,-0.737,9.774
-3.639,-0.11,10.891
-3.888,0.744,10.867
-2.818,0.337,10.7
-2.239,0.218,11.035
-1.335,-0.507,11.305
-0.897,-0.11,11.121
-0.318,0.297,11.783
0.062,0.742,11.946
1.622,0.524,11.556
3.108,0.455,11.477
4.161,1.048,11.353
5.953,1.29,11.992
4.718,1.163,12.016
7.515,1.498,8.881
8.357,1.117,10.269
10.628,0.409,4.984
10.42,4.218,4.701
5.426,-1.33,1.802
2.907,-0.541,4.68
-3.438,0.309,8.896
-5.515,-0.421,5.343
-9.441,-2.873,13.066
-4.823,0.644,10.03
-0.191,2.713,11.453
-0.845,1.328,10.032
-1.773,0.141,9.47
-1.9,2.182,6.91
-5.625,0.971,9.317
-4.788,-1.194,12.047
-1.007,-0.735,9.656
-4.256,-0.919,8.477
-3.065,2.139,6.804
-6.008,0.553,10.951
-3.211,-2.967,11.566
-4.46,-1.474,9.688
-2.627,2.062,10.999
-1.718,2.345,9.649
-4.278,1.491,11.831
-1.601,1.818,11.082
-2.005,1.895,11.618
-2.964,0.543,10.011
-1.859,0.536,10.635
-3.271,-0.687,10.707
-3.051,-1.692,11.85
-2.967,0.445,11.228
-3.61,1.799,11.511
-3.163,2.555,12.879
-2.684,-0.613,11.764
-3.18,-2.065,12.135
-2.57,-1.034,11.19
-1.225,-0.048,12.075
-1.644,0.991,12.343
-1.603,-0.931,11.638
-1.357,-1.5,11.48
-1.543,-0.287,10.922
-1.995,0.048,9.886
-1.79,-0.306,10.757
-1.567,-0.794,10.525
0.05,0.682,11.303
-1.897,0.251,11.188
-2.125,0.237,9.922
-0.577,0.318,9.276
-0.56,0.318,8.728
-1.385,-0.455,8.503
-0.921,1.964,9.594
-1.299,2.792,10.312
-0.995,1.333,7.611
-0.447,-0.136,5.891
-0.146,-1.94,6.501
-0.335,0.694,7.051
-2.012,2.395,7.647
-1.486,3.237,8.386
-0.952,-1.136,6.005
0.273,-0.711,4.271
0.043,0.742,4.843
-0.299,1.639,4.618
-0.158,-0.452,5.35
-2.034,-2.744,6.149
-0.869,-0.227,7.462
2.754,-0.414,6.874
6.185,1.56,6.946
3.268,1.014,8.348
0.469,1.244,8.613
2.115,3.005,9.525
2.979,0.388,9.922
3.153,-0.761,11.013
-2.285,-4.46,11.417
-7.261,-3.508,10.982
-8.52,-2.35,11.279
-4.579,0.031,14.808
-4.699,-0.132,13.274
1.692,0.23,13.042
-2.661,-0.912,13.82
-4.436,1.201,13.166
-5.034,1.57,13.377
-3.206,0.459,12.461
-1.648,1.622,13.422
-3.881,3.699,14.336
-3.125,2.701,14.466
-1.242,1.742,13.513
-3.421,1.983,12.86
-3.17,1.775,12.406
-2.512,1.455,12.432
-2.476,0.964,12.628
-2.175,-0.065,11.331
-2.012,1.431,11.85
-1.991,0.976,11.771
-2.546,2.34,12.382
-1.864,2.964,12.267
-2.055,1.337,11.312
-1.505,1.227,11.185
-0.974,1.113,11.917
-0.455,1.725,12.25
-0.354,0.495,10.867
-0.888,-0.546,10.056
-0.11,-1.431,8.424
0.34,-0.806,8.757
-0.483,-0.778,9.755
-0.022,0.474,10.015
-0.079,-0.388,9.183
0.311,-0.455,9.166
0.299,-1.0,8.568
1.019,-0.211,8.934
0.739,0.84,10.063
0.869,0.469,9.972
1.385,-0.23,9.747
1.5,0.124,9.295
1.345,0.16,9.283
1.677,1.16,9.111
1.546,0.849,8.915
1.904,1.254,8.891
0.737,1.476,9.491
-0.251,-0.093,10.145
-0.144,-2.034,7.434
-1.196,6.166,4.077
0.428,21.933,-6.525
0.519,10.008,-15.241
2.275,-1.651,-11.721
-1.591,-7.939,-7.199
-9.341,-10.606,-0.624
-15.446,-6.472,-1.708
-12.353,-3.613,2.933
-8.58,1.098,6.589
-9.025,-9.96,1.751
-11.166,-30.142,-1.06
-13.755,-21.119,3.775
-10.011,-10.795,10.223
-12.968,-11.884,6.773
-15.612,-21.373,5.247
-20.796,-20.495,6.618
-23.62,-23.488,8.429
-23.876,-19.27,7.525
-24.761,-14.133,6.553
-37.645,-10.647,9.585
-40.435,-11.343,11.98
-36.03,-3.541,17.258
-34.259,-0.974,18.062
-33.817,-3.531,7.862
-36.099,3.527,13.078
-27.309,15.265,4.323
-14.583,14.104,5.479
-18.21,6.101,5.194
-17.255,0.127,13.501
-31.24,-1.019,17.944
-44.437,-4.666,17.066
-34.558,-22.026,15.992
-18.636,-13.571,19.588
-19.523,-18.27,16.061
-29.876,-4.254,24.983
-38.343,-2.22,21.739
-40.375,-0.859,19.734
-39.841,4.637,10.173
-53.276,14.049,6.587
-56.879,4.622,0.615
-57.46,-7.9,-4.144
-50.515,-5.656,-9.597
-44.916,4.567,-12.963
-41.71,-0.45,-10.64
-43.428,2.251,-15.353
-35.106,0.672,-17.674
-30.903,5.395,-18.284
-23.904,13.956,-15.016
-33.262,-2.103,-30.747
-31.656,47.378,-39.083
-3.433,56.025,-8.649
-12.872,6.606,-16.231
-2.022,10.673,-7.104
-3.929,18.526,7.702
1.644,9.125,-0.048
7.194,13.114,5.505
-0.536,7.077,8.886
-1.983,5.764,11.451
-1.924,11.271,9.36
-2.464,17.428,9.917
-7.783,3.244,6.886
-14.748,0.151,11.14
-10.326,8.649,13.214
-5.644,1.383,12.898
1.299,-12.535,10.448
0.56,-11.386,13.363
-1.122,-0.77,12.458
-4.362,9.111,13.664
-3.823,7.869,15.633
-1.031,2.534,15.566
-2.139,-0.94,13.604
-1.617,0.526,13.568
-3.055,1.06,13.707
-4.587,-3.24,14.236
-3.909,-6.651,12.946
-0.299,-4.74,12.647
-0.746,-1.766,13.946
-3.094,-3.034,14.901
-3.027,-3.505,14.927
-1.493,-4.486,13.997
-1.687,-3.476,12.566
-2.168,-0.093,11.109
-1.876,0.679,10.86
-2.048,0.144,10.324
-2.649,-0.187,9.812
-3.969,-1.756,8.254
-4.407,-4.479,5.383
-2.893,-4.354,-9.369
-8.69,2.907,-4.252
-15.049,19.93,-2.043
-11.807,5.022,-9.965
-5.733,-7.36,-11.384
-4.936,-1.395,-6.333
-5.73,0.184,-1.847
-4.912,5.134,6.166
-9.85,-6.407,2.483
-10.587,-9.654,3.06
-9.989,-17.344,0.488
-6.907,-17.748,1.572
-18.861,-8.223,12.879
-24.5,-24.44,13.375
-22.868,-17.667,12.913
-17.772,-13.358,8.424
-18.727,-18.691,10.654
-21.588,-18.521,13.666
-25.407,-13.887,12.195
-24.313,-13.53,9.896
-27.084,4.177,10.343
-30.218,-10.123,7.405
-30.455,-2.235,3.314
-25.273,1.759,5.623
-24.5,1.491,5.015
-24.804,1.44,2.361
-24.459,9.692,2.62
-22.698,9.781,0.746
-19.263,3.285,-0.553
-16.253,0.735,3.955
-18.906,3.0,9.101
-16.219,16.604,12.286
-14.506,7.352,9.857
-27.007,5.615,9.269
-36.891,-0.849,14.166
-19.971,-10.446,-8.276
-19.545,-4.087,5.312
-22.088,-23.536,14.171
-23.273,-26.613,24.533
-29.948,21.868,27.07
-39.808,11.676,12.59
-38.142,14.64,6.292
-44.512,7.135,-2.031
-50.67,6.972,-0.469
-49.031,2.0,-4.929
-38.865,11.518,-0.634
-33.994,4.448,-1.113
-39.741,-13.492,-2.218
-43.215,7.525,4.228
-31.321,17.743,6.013
-25.416,23.182,-0.335
-20.234,10.678,3.615
-18.48,3.225,-0.919
-29.125,17.925,23.129
-31.309,21.318,35.937
-11.771,50.072,-5.402
-2.996,19.956,1.598
0.766,-6.077,6.735
9.625,1.177,11.293
2.39,4.405,13.595
-1.203,-1.735,14.667
-0.464,-0.134,12.487
-1.687,3.493,14.446
-4.709,4.194,13.272
-9.685,1.294,14.451
-13.741,-1.369,11.982
-8.872,-2.405,12.573
2.031,-1.828,9.487
0.668,-5.934,11.846
-2.95,-8.338,16.004
-3.991,-2.873,17.624
-2.608,-1.263,15.542
-0.402,-0.321,13.489
-2.763,-0.239,14.389
-3.519,-0.261,16.676
-3.67,-1.311,18.696
-3.486,-2.55,15.762
-2.115,-2.859,13.669
-1.486,-4.07,12.717
-2.285,-3.687,14.375
-2.708,-2.615,14.908
-2.67,-2.682,13.487
-0.596,-2.972,9.678
-0.62,-2.89,9.03
-0.763,-0.081,9.829
-1.249,0.943,8.874
-2.129,0.758,8.276
-2.342,1.017,9.391
-3.352,1.055,8.341
-2.816,0.869,-1.871
-4.189,2.56,-3.67
-8.018,6.326,-5.646
-9.211,9.587,-7.986
-6.359,4.744,-6.551
-4.591,-9.757,-4.505
-3.72,-7.216,-0.668
-7.919,4.764,1.306
-6.383,5.474,2.969
-7.453,0.251,2.225
-10.903,-9.929,0.797
-14.946,-18.239,2.991
-18.148,-22.497,5.623
-18.66,-21.567,8.764
-12.161,-4.488,8.597
-16.549,-12.451,13.827
-19.77,-15.128,15.65
-22.878,-6.594,10.264
-19.028,-13.274,7.608
-28.816,-10.446,7.235
-27.268,-7.374,10.125
-31.659,-6.735,7.972
-31.374,-1.737,10.783
-30.242,-2.436,7.685
-29.477,1.381,4.4
-28.823,-0.577,4.527
-31.223,4.024,1.823
-23.191,3.991,2.608
-19.875,13.602,-0.462
-18.105,15.222,3.914
-10.702,3.101,8.374
-18.736,0.785,18.124
-14.736,7.998,16.837
-18.679,17.16,13.343
-31.01,29.398,11.039
-45.464,-4.61,3.598
-17.428,-15.729,-2.979
-20.339,-16.243,8.029
-14.772,-26.146,17.423
-20.705,-10.958,21.158
-36.578,34.872,23.643
-47.66,24.672,10.525
-45.844,13.425,-1.0
-50.854,1.232,-2.409
-54.276,3.012,4.488
-52.108,-6.836,-2.158
-50.723,4.084,-6.003
-42.818,12.006,-21.339
-35.953,7.001,-13.315
-42.626,-5.491,-5.673
-34.891,-3.273,-20.708
-21.95,3.543,-17.097
-32.678,-16.549,-50.084
-5.563,23.277,-28.622
-14.021,-3.168,-19.035
-7.211,-0.952,-23.364
3.201,11.226,-10.326
1.371,14.281,-7.151
-2.921,16.016,4.383
-1.744,6.972,6.424
0.522,8.431,4.886
0.311,12.214,4.347
0.254,13.334,6.072
-4.874,13.654,5.761
-10.58,12.513,5.754
-9.063,11.977,5.012
-10.147,10.02,13.104
-3.225,6.503,7.738
-1.936,1.089,16.356
-2.708,-1.771,14.04
-2.204,5.575,12.094
-2.888,15.301,12.774
-6.802,9.183,14.614
-5.405,-5.376,15.222
-0.61,-2.22,14.578
-1.608,6.649,17.021
-2.658,5.792,16.906
-4.264,-0.335,14.717
-2.606,-5.132,13.006
0.026,-1.986,14.231
-2.909,-0.457,13.98
-3.163,0.033,11.87
-0.983,-2.699,11.532
-1.869,-2.474,9.539
-2.4,-2.218,8.656
-1.73,-2.35,8.632
-1.763,-1.888,7.982
-1.467,-3.134,6.008
-4.041,-4.823,0.945
-2.077,-6.106,-12.183
-9.635,-5.17,-4.594
-18.157,-3.596,-1.878
-18.408,6.601,-1.955
-5.4,5.989,-2.378
-0.206,5.582,-4.656
1.845,2.144,1.218
-2.17,1.383,3.675
-4.627,5.608,3.0
-6.477,3.854,2.177
-8.46,-1.766,3.223
-8.281,-8.527,1.909
-17.495,-19.791,2.787
-24.876,-34.152,3.577
-18.401,-26.376,9.377
-19.543,-15.772,14.121
-26.33,-8.288,11.374
-22.643,-20.799,6.175
-24.041,-10.432,8.628
-33.912,-12.551,8.503
-31.85,-10.592,8.831
-29.079,-6.233,8.477
-25.936,3.909,8.647
-29.553,4.343,5.608
-15.463,8.135,3.366
-24.062,-1.565,1.244
-24.732,2.806,2.914
-21.083,6.149,-0.036
-21.792,8.003,-1.531
-17.851,13.111,-1.026
-17.691,1.914,7.986
-9.611,3.323,16.724
-16.923,8.245,15.403
-17.815,10.98,16.834
-33.597,26.833,11.027
-38.396,1.699,2.881
-19.648,-19.16,-0.175
-8.501,-26.206,14.458
-15.442,-21.148,18.631
-22.875,11.697,11.877
-39.48,17.583,17.636
-39.746,14.829,8.678
-44.844,14.171,0.134
-50.402,13.394,-2.204
-49.089,10.2,2.56
-45.313,8.453,2.287
-47.526,15.774,-1.751
-42.925,13.707,-7.769
-38.607,0.151,-8.463
-41.978,1.395,-6.929
-34.563,30.948,-8.91
-15.75,11.535,-7.697
-21.373,-2.232,-12.664
-34.511,7.754,-15.506
-24.467,61.417,-17.255
-7.455,32.817,-14.068
-10.879,13.123,-2.629
-6.826,8.585,-3.393
0.325,11.475,0.445
3.491,19.942,2.878
0.433,11.554,4.398
-3.553,5.867,9.659
-6.752,3.484,12.35
1.029,8.929,8.398
-2.094,15.676,13.382
-0.857,9.513,8.419
-14.652,7.807,12.161
-14.64,7.874,18.215
-6.254,5.249,9.733
-0.672,1.046,9.714
-1.916,-4.572,12.963
-1.311,-5.996,11.776
-4.142,2.754,14.243
-5.41,8.537,16.576
-6.398,8.235,16.657
-5.453,2.749,14.231
-2.632,-0.486,13.303
-4.204,1.28,15.691
-4.469,5.828,16.643
-4.362,3.988,16.614
-4.735,-0.112,15.011
-4.024,-2.811,12.858
-2.402,-0.916,12.362
-2.213,1.51,13.013
-3.196,0.522,13.666
-2.17,-0.057,12.528
-2.541,-0.459,9.898
-1.349,1.278,9.656
-2.483,1.916,9.41
-1.653,2.541,10.223
-2.211,1.22,9.164
-1.055,1.462,9.731
-2.622,3.524,9.467
-1.692,3.78,8.948
-2.558,3.342,8.132
-3.28,1.333,6.348
-1.194,-1.409,-7.867
-6.97,-1.524,-4.747
-12.891,7.644,-5.615
-12.104,4.864,-5.651
-2.005,4.572,-9.156
-3.163,-3.5,-6.936
-4.29,-2.644,0.409
-5.802,7.745,6.728
-9.735,0.591,5.271
-10.724,-11.87,3.584
-12.044,-11.255,1.464
-13.798,-23.325,6.606
-12.59,-12.283,8.032
-11.951,-16.348,8.46
-16.782,-16.42,14.678
-21.674,-20.732,13.714
-16.203,-10.398,11.338
-18.959,-2.175,9.838
-26.617,-13.248,8.8
-34.147,-4.91,4.706
-23.287,-15.671,7.427
-31.443,-6.632,10.549
-23.328,1.543,10.791
-26.651,4.821,8.195
-23.155,0.237,7.266
-18.315,3.39,2.053
-19.358,3.72,2.412
-21.933,4.867,-2.73
-19.665,4.953,-3.082
-14.198,4.809,-1.794
-14.676,6.565,1.089
-10.757,9.372,6.151
-12.504,10.757,12.389
-7.563,13.824,13.219
-19.507,9.161,14.602
-19.612,28.168,15.621
-31.982,5.551,2.754
-21.548,-0.629,-4.295
-12.872,-12.343,5.137
-9.405,-31.56,13.626
-13.284,-5.498,58.034
-31.032,14.781,28.828
-38.073,15.1,14.963
-36.609,14.741,4.627
-38.035,14.997,-2.641
-39.449,15.162,-3.335
-42.145,8.324,2.582
-40.279,6.486,2.742
-41.152,18.167,-1.156
-37.554,12.401,-5.618
-36.862,-2.237,-4.493
-41.42,6.357,-1.888
-25.816,21.966,-1.555
-18.614,13.176,-3.974
-20.758,12.867,-7.376
-32.329,8.051,-5.285
-40.561,62.083,-12.245
-8.386,24.507,-4.642
-4.075,14.867,-4.661
-4.022,11.807,-1.34
-3.584,12.343,3.498
-3.938,10.913,7.405
-0.895,6.18,7.764
-2.194,4.278,12.157
-0.737,7.508,11.149
0.361,8.254,6.965
-0.05,10.503,5.503
4.855,8.075,7.714
-10.896,8.013,13.152
-11.76,6.214,14.707
-11.582,1.443,14.667
-4.718,0.845,12.664
-0.026,-2.137,9.738
-0.28,-5.613,11.056
-1.058,-5.28,11.544
-0.811,1.091,12.039
-2.821,3.35,14.243
-2.917,2.663,15.478
-3.462,-2.359,14.358
-2.086,-5.381,12.176
-1.445,-5.434,13.071
-1.488,-0.703,14.406
-2.778,0.005,14.97
-3.663,-3.807,14.236
-3.175,-5.867,14.367
-1.771,-4.902,13.133
-3.668,-0.979,12.051
-3.519,-3.218,12.819
-3.039,-3.988,12.432
-2.488,-4.098,12.329
-1.682,-2.517,11.142
-2.74,-3.385,11.559
-2.048,-3.079,11.697
-2.35,-2.617,11.535
-1.522,-2.541,11.803
-1.079,-2.967,11.659
-1.206,-2.134,11.243
-0.806,-0.526,11.571
-1.268,-0.352,10.74
-0.378,-0.057,10.678
-1.385,0.617,10.642
-1.787,1.299,10.037
-2.34,2.172,10.29
-2.806,2.165,10.164
-2.053,3.534,9.063
-1.512,2.409,8.927
-1.96,0.79,6.615
2.113,8.977,-6.491
-3.426,2.873,-11.099
-13.798,-10.96,-8.74
-14.547,-10.972,-7.326
-7.773,-5.914,-3.199
-8.25,2.187,-4.816
-3.426,11.575,-4.575
0.22,18.885,5.156
0.134,14.755,7.185
-1.395,-7.915,6.8
0.495,-1.998,4.67
-2.802,3.785,3.649
-10.97,-14.322,4.962
-19.777,-24.148,8.183
-19.291,-21.813,7.917
-8.209,-21.289,9.735
-13.207,-1.852,5.024
-21.153,-12.475,4.991
-31.666,-22.012,0.026
-28.52,-7.242,9.156
-30.888,-4.8,7.809
-30.534,-7.508,10.798
-35.767,-4.905,11.803
-28.852,-5.902,11.039
-27.333,-0.373,8.711
-20.696,-0.653,7.532
-21.062,5.338,8.247
-15.691,5.666,5.575
-18.035,0.897,2.306
-15.138,2.285,1.553
-13.829,2.711,-0.27
-13.757,2.213,-2.735
-11.018,6.828,-4.034
-15.224,7.044,-4.175
-9.606,12.087,-4.213
-5.792,14.499,-0.352
-5.737,5.371,2.83
-16.99,2.821,7.427
-18.631,12.906,9.862
-27.24,13.812,-2.294
-15.679,-9.963,-1.469
-4.773,-11.693,5.996
-13.932,-24.806,13.396
-15.71,-30.309,23.354
-15.958,-0.691,26.897
-32.206,14.714,23.895
-33.063,15.279,15.973
-35.645,10.984,10.592
-40.301,7.017,5.381
-47.617,5.883,10.25
-43.698,13.633,-2.232
-43.416,17.2,0.256
-40.293,1.692,-4.553
-40.537,-3.043,3.773
-43.499,-0.656,-1.634
-37.37,22.038,-11.056
-25.443,23.153,-16.578
-18.825,5.422,-11.348
-20.141,-7.259,-11.25
-29.469,11.611,-3.304
-24.17,44.09,11.348
-4.833,52.163,-11.401
-11.36,10.149,-8.783
-6.364,5.072,-1.29
-4.228,4.747,0.732
-4.606,10.817,4.35
-1.077,13.042,2.261
2.005,10.896,10.314
1.16,11.417,9.664
-1.084,7.419,11.733
0.907,7.821,8.723
-0.218,9.278,9.994
7.826,-5.764,4.192
-18.363,-1.4,11.039
-4.661,0.976,10.838
-1.086,6.333,9.872
-5.501,6.077,6.869
-6.819,5.123,11.441
-3.268,2.859,12.016
-4.412,2.687,11.037
-2.656,1.416,12.398
-2.438,-0.033,12.166
-3.768,-3.187,12.346
-5.008,1.206,12.47
-5.572,5.376,12.92
-5.96,3.95,15.545
-3.034,0.115,14.568
-3.486,1.062,14.284
-5.721,5.484,15.87
-6.228,3.85,14.085
-3.768,0.256,14.04
-2.869,-1.598,13.068
-3.881,-0.316,13.085
-4.266,-0.622,13.322
-3.792,-2.993,12.963
-2.89,-2.448,12.685
-3.644,-2.041,12.264
-4.077,-1.811,11.669
-3.515,-1.955,12.681
-3.921,-1.208,12.145
-2.883,-1.816,12.398
-2.799,-0.584,11.673
-2.338,-1.402,10.793
-3.079,-1.519,10.202
-2.57,-0.373,11.972
-2.711,-1.28,11.147
-2.658,-0.684,10.472
-2.003,0.187,9.735
-2.462,1.117,9.865
-1.854,1.309,9.917
-2.144,0.83,9.499
-2.17,0.713,8.75
-2.359,1.51,9.616
-2.582,2.617,10.302
-2.259,2.158,8.991
-1.68,1.938,8.295
-1.55,-0.742,0.739
0.488,-3.077,-9.496
-7.486,1.414,-6.135
-11.908,12.324,-5.85
-8.96,4.048,-5.658
1.103,1.96,-6.056
0.495,-0.4,-2.792
-2.094,2.582,1.823
-3.833,4.95,6.149
-6.168,3.524,8.156
-8.317,-6.424,6.864
-10.747,-6.989,2.11
-12.288,-10.381,-3.254
-13.142,-19.598,4.151
-14.133,-26.184,12.15
-13.64,-23.029,11.118
-11.745,-13.04,12.929
-11.549,-1.419,12.542
-17.038,-15.935,7.056
-26.077,-19.143,0.026
-27.106,-15.679,2.787
-25.304,-0.031,8.396
-28.165,-2.338,7.443
-30.888,-11.197,8.451
-22.543,-3.041,16.183
-31.249,-9.319,13.291
-19.133,-2.149,13.075
-21.605,-2.673,9.393
-18.112,-0.988,5.759
-14.987,-0.756,-0.127
-11.453,6.529,0.766
-9.922,4.62,-3.335
-13.379,3.429,-5.441
-12.616,0.866,-6.247
-13.712,4.838,-7.642
-10.173,15.882,-5.283
-14.958,5.69,-2.163
-6.127,8.611,5.9
-2.483,3.661,11.106
-20.813,10.846,21.471
-27.397,4.984,9.434
-25.754,-3.866,-2.577
-12.798,3.909,-8.553
-17.717,-12.528,6.694
-12.288,-24.955,26.529
-10.166,-17.097,26.438
-21.655,2.192,22.323
-30.991,17.361,21.131
-35.214,11.104,13.743
-39.973,15.305,9.054
-40.073,14.8,3.22
-40.112,11.535,2.692
-39.164,9.142,1.881
-39.839,-0.548,-2.921
-41.494,8.128,-2.07
-44.026,9.726,-3.242
-37.083,9.092,-5.807
-26.926,3.761,-13.262
-21.471,7.771,-16.705
-18.265,9.161,-12.209
-20.241,-0.498,-9.207
-26.983,19.552,-1.096
-16.782,68.602,-0.962
-11.31,18.988,-5.747
-12.008,8.331,-4.221
-2.766,11.52,1.78
-2.275,12.863,2.318
-5.357,13.784,11.661
3.5,7.283,5.4
1.933,10.848,2.409
-4.132,5.424,10.489
-1.062,16.719,8.245
-6.123,14.714,4.472
-4.654,11.566,5.395
-14.43,1.105,11.585
-11.216,8.525,12.999
-9.295,7.285,12.181
-5.252,5.847,8.896
-2.486,-0.096,10.465
-2.108,-5.448,8.221
-3.094,-5.06,9.723
-3.402,0.768,13.047
-2.979,4.412,13.212
-2.412,5.395,11.159
-5.091,0.885,10.951
-3.125,-0.007,11.786
-3.252,0.316,12.764
-3.955,2.725,14.733
-5.69,3.85,16.315
-5.077,3.252,13.535
-4.077,1.689,12.305
-3.524,0.852,13.176
-3.756,-0.34,13.894
-4.165,-0.622,14.066
-4.555,0.452,14.231
-4.467,0.038,13.245
-3.546,-1.036,12.63
-3.929,-1.873,12.197
-3.084,-1.653,12.291
-4.247,0.979,12.86
-3.917,-0.019,12.697
-3.699,-1.129,12.69
-4.182,-1.017,11.929
-2.658,0.816,12.19
-2.962,0.825,11.286
-2.357,1.672,11.149
-3.213,1.708,10.613
-2.797,2.428,10.733
-3.577,2.512,9.061
-2.601,3.642,8.742
-2.558,4.302,9.908
-2.405,4.642,9.305
-2.476,4.149,9.343
-2.584,3.929,7.668
-1.89,3.381,6.996
-2.323,4.335,6.539
-1.534,0.644,6.056
-1.165,-1.215,-5.254
-3.424,-4.9,-7.829
-8.513,-0.672,-9.415
-9.745,8.094,-4.718
-10.556,1.687,-1.747
-1.73,-4.493,-2.302
0.019,-2.864,0.835
-0.048,3.519,1.531
-4.106,4.082,3.24
-7.829,-6.151,4.498
-10.078,-12.812,3.388
-11.346,-13.188,6.142
-13.166,-18.765,7.106
-13.896,-22.677,12.937
-16.834,-14.492,17.105
-13.772,-1.404,12.41
-14.631,-6.819,9.671
-24.275,-6.802,4.046
-22.622,-9.345,7.087
-27.957,-8.111,7.613
-22.098,-7.884,7.534
-27.912,-5.692,11.025
-28.876,-2.094,7.434
-22.832,-3.192,10.013
-25.44,-3.474,11.87
-24.086,-0.45,7.903
-14.896,2.452,3.357
-14.786,6.142,2.33
-15.954,4.347,0.72
-14.688,3.338,-5.268
-13.011,5.981,-3.969
-12.212,0.957,-5.376
-13.963,2.931,-8.285
-13.487,5.486,-8.207
-7.446,17.629,-5.051
-2.981,13.231,-0.349
-15.628,-0.816,2.381
-23.189,9.991,11.346
-15.822,5.548,0.778
-15.547,9.546,-0.699
-12.827,-10.147,3.965
-3.895,-19.483,-4.874
-5.914,-22.421,22.244
-9.982,-10.015,25.615
-26.093,18.026,29.496
-26.622,5.527,15.411
-25.495,1.617,11.405
-33.259,6.082,11.228
-37.552,11.932,9.479
-41.16,13.937,10.104
-37.389,12.298,5.723
-35.097,6.025,0.179
-35.068,0.546,-0.39
-38.922,-1.227,0.151
-46.153,4.156,1.278
-41.384,15.092,1.407
-34.74,23.672,-8.829
-14.111,16.193,-19.404
-26.404,-2.421,-10.688
-38.305,35.415,21.973
-12.032,58.489,-9.31
-13.769,37.456,3.534
-1.579,5.912,-2.462
-8.431,3.211,2.376
-8.018,9.592,2.316
-3.35,11.64,9.621
1.151,12.37,12.19
-2.902,4.699,11.243
-0.505,8.972,12.805
-1.294,9.01,14.499
-5.089,11.745,8.699
-8.939,8.912,12.834
-13.114,1.189,11.748
-10.731,8.226,9.649
-13.477,4.792,11.96
-7.123,2.993,13.03
-4.948,-1.988,10.468
-2.16,-3.919,10.09
-2.385,-4.486,9.721
-3.551,-3.902,12.008
-4.831,0.337,13.066
-5.613,0.452,13.501
-6.501,0.189,14.107
-5.568,1.677,16.626
-4.821,1.897,17.31
-4.414,-0.696,15.231
-4.28,-3.108,13.736
-4.075,-3.094,12.695
-4.933,-2.306,12.863
-5.582,-0.993,13.824
-5.469,0.182,13.686
-7.391,-0.763,12.92
-4.383,-3.842,11.788
-3.673,-2.333,11.85
-3.596,-1.302,11.807
-4.67,-0.256,12.26
-4.661,-0.364,12.528
-4.156,-2.682,11.216
-4.043,-1.503,10.556
-3.864,-0.955,9.266
-3.519,0.931,9.164
-3.984,0.617,9.838
-3.46,0.969,8.458
-3.472,0.825,8.587
-3.687,0.749,8.762
-4.096,1.675,7.654
-3.725,0.031,6.123
-5.288,-0.943,5.134
-4.778,-3.189,-1.235
-5.355,-3.845,-3.632
-7.305,-0.089,-2.773
-7.687,1.232,-1.325
-5.639,-0.837,-1.665
-5.386,-8.845,-3.589
-0.39,-3.718,1.232
-3.208,11.779,0.924
-6.496,2.218,3.079
-8.788,-5.111,4.826
-9.345,-2.622,3.917
-11.659,-3.017,0.376
-11.544,-10.724,0.103
-16.698,-16.095,3.718
-23.124,-24.074,7.159
-24.33,-6.228,9.501
-20.811,-7.541,6.357
-21.514,-10.109,6.089
-29.166,-17.231,9.905
-27.854,-16.442,8.415
-29.785,-15.42,8.594
-27.048,-7.47,15.344
-22.227,-2.395,14.932
-23.301,-3.594,7.281
-19.93,-0.869,4.091
-20.406,-3.589,4.431
-16.485,-1.361,4.874
-16.057,1.0,3.393
-12.54,4.831,-1.314
-15.628,4.972,-1.826
-15.269,6.082,-3.414
-11.59,3.565,-5.312
-12.214,3.555,-6.046
-7.269,12.312,-6.709
-5.096,21.368,-1.727
-9.819,5.809,1.299
-23.584,6.252,2.335
-21.751,-8.41,-1.053
-20.102,3.708,-7.144
-4.106,-7.087,-10.877
-1.637,-18.157,2.586
-0.096,-43.454,8.924
-8.355,-19.593,21.617
-19.945,1.799,23.866
-23.777,3.668,18.241
-21.17,1.974,16.308
-24.144,2.297,14.547
-29.326,4.627,12.348
-35.838,8.417,8.518
-35.463,7.087,3.419
-36.111,12.31,0.522
-32.106,11.786,-3.524
-31.79,11.037,8.666
-36.128,7.415,3.091
-33.106,14.573,-4.622
-26.457,21.696,-4.993
-24.959,12.322,-10.908
-19.674,5.807,-11.609
-18.844,1.125,-7.19
-14.714,15.028,-6.18
-24.234,31.082,-7.082
-8.759,16.908,-17.947
-5.295,7.558,-11.422
-2.665,1.156,-7.64
-5.312,10.075,-4.661
-9.494,12.932,4.288
-10.989,10.843,3.723
-5.431,7.654,3.33
-3.816,6.982,3.914
-7.285,3.45,7.094
-12.652,7.187,9.243
-9.924,3.421,2.986
-7.439,2.285,5.812
-11.209,5.015,7.407
-7.027,4.996,3.56
-9.286,3.338,7.675
-10.401,0.811,6.316
-11.472,-1.428,4.24
-10.678,-2.486,4.933
-10.664,-1.986,7.604
-10.051,-2.761,8.975
-8.735,-4.225,9.597
-9.893,-5.144,9.479
-8.412,-7.403,8.343
-9.31,-8.199,8.989
-9.544,-7.616,8.798
-8.63,-8.355,8.101
-10.676,-7.721,10.518
-11.408,-6.795,10.609
-9.709,-7.226,10.456
-10.204,-6.34,8.802
-10.214,-5.654,9.209
-10.618,-5.778,5.673
-13.028,-5.063,7.422
-14.03,-6.429,6.221
-13.334,-6.228,5.785
-12.767,-4.261,4.675
-12.281,-4.244,4.67
-11.949,-3.395,2.818
-10.645,-1.448,3.96
-9.908,-3.084,3.125
-11.181,-4.388,1.775
-10.286,-5.146,1.948
-7.963,-5.556,0.766
-8.891,-4.744,0.177
-10.245,-4.106,-0.045
-10.219,-3.412,-0.084
-9.896,-4.505,0.141
-9.991,-4.156,0.268
-8.934,-2.847,0.586
-8.85,-2.292,0.431
-9.223,-1.9,0.242
-9.611,-1.378,0.323
-9.14,-0.732,0.34
-9.13,-0.849,0.287
-9.02,-0.78,0.191
-9.621,-0.988,0.019
-9.728,-0.818,0.33
-9.386,-0.718,0.636
-8.855,0.134,0.297
-9.317,0.361,0.675
-9.551,-0.177,0.924
-9.649,-0.727,0.857
-9.549,-0.462,1.079
-9.19,-0.177,1.457
-9.305,-0.526,1.302
-9.877,-0.562,1.251
-9.831,0.34,1.574
-9.424,0.086,1.835
-9.221,-0.464,2.292
-9.104,-1.51,2.428
-9.278,-1.658,2.373
-9.396,-0.364,3.364
-9.412,-0.156,3.761
-9.073,-1.201,2.981
-8.357,-2.16,1.809
-7.788,-1.971,1.993
-8.027,-1.531,2.352
-7.513,-1.572,2.125
-8.063,-2.603,2.254
-9.274,-2.261,2.761
-9.69,-1.536,2.708
-8.943,-1.12,1.684
-8.513,-0.622,2.256
-9.573,-2.108,3.232
-9.719,-2.029,3.555
-9.487,-1.282,3.058
-9.92,-1.706,2.098
-9.81,-0.983,1.68
-9.116,-1.467,2.089
-8.183,-1.445,2.223
-9.977,-3.158,1.05
-8.642,-3.519,0.617
-9.166,-4.228,1.208
-8.642,-3.503,2.565
-8.948,-4.46,2.732
-8.776,-5.946,1.737
-10.116,-6.319,2.924
-8.47,-5.989,2.211
-10.24,-6.041,4.027
-9.032,-8.668,3.024
-9.214,-9.685,2.433
-8.503,-9.171,3.988
-7.996,-10.039,2.239
-9.171,-10.831,2.783
-10.755,-9.14,2.476
-9.656,-9.798,2.137
-7.738,-10.391,0.979
-8.082,-11.707,1.448
-6.68,-11.664,1.562
-6.761,-9.532,2.223
-5.51,-11.099,0.462
-4.144,-12.001,-0.033
-2.35,-13.698,0.749
-2.495,-14.169,2.751
-1.644,-13.824,2.227
-2.44,-13.791,1.648
-1.148,-11.714,0.845
0.041,-9.659,0.864
0.713,-4.809,2.407
2.512,-5.788,6.62
4.075,-5.388,6.84
4.417,-1.993,7.788
4.426,-0.148,8.709
3.491,-3.019,8.498
5.769,-2.766,7.125
4.347,-4.477,7.484
3.579,-2.105,7.592
6.661,0.246,6.95
8.939,0.053,3.878
10.731,-1.431,3.661
5.221,-4.491,3.134
4.972,-2.481,3.809
-4.12,-3.345,7.939
-11.834,-11.159,11.585
-6.938,-7.135,11.963
-2.632,-4.268,8.563
-0.39,-7.216,4.649
1.782,-11.922,2.704
0.321,-8.965,4.89
0.026,-8.989,5.934
-0.538,-8.274,7.565
-0.227,-7.561,8.015
-3.613,-8.235,9.348
-1.177,-7.771,9.812
-0.055,-6.575,8.441
1.084,-5.536,9.408
0.206,-8.637,8.4
0.199,-8.269,7.314
0.184,-5.981,7.178
-1.218,-5.797,7.324
-1.067,-6.807,7.431
-0.79,-6.814,6.594
-0.842,-5.477,8.723
-1.278,-5.524,9.872
-1.586,-4.541,9.939
-2.105,-6.178,10.018
-1.881,-5.079,9.654
-1.208,-4.053,9.049
-1.591,-5.742,10.111
-1.699,-5.357,10.558
-1.706,-3.976,10.444
-1.134,-1.759,11.056
-1.488,-3.067,11.556
-0.804,-3.122,11.884
-1.718,-3.589,11.224
-0.522,-4.838,11.458
-0.904,-4.393,10.96
-0.864,-3.941,10.865
-0.718,-2.469,11.054
-2.244,-2.981,9.886
-1.531,-3.51,9.343
-2.354,-4.02,7.683
-1.727,-2.95,7.12
-1.814,-2.976,6.692
-2.153,-2.364,6.644
-2.096,-2.783,5.022
-0.869,-3.455,4.206
-0.093,-3.103,3.831
-0.933,-2.12,3.768
-1.385,-1.51,4.532
-0.632,-1.548,5.601
-1.278,-2.586,7.458
-1.507,-2.589,9.097
-1.091,-2.079,9.977
-1.73,-1.519,11.365
0.359,-0.251,9.984
2.113,0.799,10.793
2.388,0.029,10.343
1.414,-0.483,10.501
0.837,-1.172,9.68
-0.093,-2.376,9.329
-0.514,-2.716,8.606
-2.436,-3.785,10.57
-6.072,-3.469,12.276
-5.766,-2.323,12.391
-5.252,0.419,12.638
-3.177,-1.711,12.202
-2.716,-3.938,12.138
-1.811,-4.677,12.104
-2.507,-3.902,12.508
-2.129,-2.862,13.461
-2.95,-2.175,12.511
-3.314,-1.826,12.815
-3.426,-2.699,12.705
-1.383,-4.364,12.123
-2.189,-4.366,12.31
-1.285,-3.917,12.659
-1.952,-3.948,11.231
-1.672,-3.826,11.008
-2.168,-2.938,10.946
-1.034,-3.084,10.08
-1.151,-2.531,10.676
-1.014,-3.263,10.264
-1.522,-2.806,9.838
-1.132,-2.283,10.544
-0.83,-1.459,10.439
-0.938,-1.732,9.872
-0.134,-1.861,10.661
-0.818,-2.352,10.087
-0.258,-1.838,10.027
-0.242,-2.06,9.731
-0.029,-0.955,8.128
0.512,-0.931,7.826
1.404,-1.05,7.271
0.184,-1.44,5.972
-0.287,-0.089,2.23
-0.416,4.589,-1.354
-0.311,4.838,-3.582
-3.371,1.017,-3.218
-8.144,3.881,1.031
-11.669,3.378,-2.73
-5.123,0.002,-5.728
-3.106,2.902,-4.728
-6.68,0.596,1.493
-8.869,-4.902,3.752
-12.398,-11.322,2.199
-14.597,-14.021,-0.246
-16.317,-19.985,1.005
-18.523,-24.624,2.909
-23.265,-15.461,11.044
-19.028,-19.301,11.937
-16.133,-17.069,10.52
-16.554,-8.47,7.831
-19.691,-23.38,10.312
-31.173,-11.315,10.578
-28.859,-9.266,11.858
-28.534,-12.508,10.348
-28.326,-2.572,7.295
-25.613,-1.316,10.137
-28.823,-1.428,9.757
-24.129,-0.127,7.453
-23.39,-2.373,7.218
-22.15,-3.833,4.953
-23.794,1.538,4.027
-19.272,8.183,1.555
-15.738,7.785,1.263
-10.68,10.006,0.629
-11.202,-5.544,0.589
-19.882,5.381,8.099
-33.951,7.721,8.805
-33.24,-9.745,-4.008
-7.862,-14.384,-6.364
-11.24,-35.484,20.045
-16.578,-35.099,32.352
-22.521,-13.568,28.197
-28.572,6.45,23.754
-32.393,11.769,18.088
-32.613,10.889,12.427
-42.236,9.554,4.747
-44.696,8.594,0.742
-40.377,11.59,-7.161
-42.564,11.348,-2.306
-39.021,6.151,-1.952
-42.48,6.647,1.024
-43.028,5.572,-2.467
-40.157,-2.376,-6.778
-43.657,14.982,-9.369
-28.854,31.465,-10.391
-17.313,18.246,-9.958
-15.65,16.212,4.838
-19.112,19.911,13.602
-21.478,38.133,-6.221
-12.252,14.745,-4.225
-4.505,15.167,-1.091
-4.491,10.874,-0.684
-4.883,9.865,-1.878
-3.029,8.278,-0.744
-4.041,3.177,11.224
1.108,8.058,7.611
-2.005,11.173,9.434
2.127,7.324,7.3
-7.302,8.943,12.456
6.793,0.95,8.168
-9.015,2.426,15.286
-9.534,9.616,9.46
-8.747,3.579,14.312
-9.142,0.794,14.37
-2.651,-2.115,12.427
-1.933,-2.653,11.525
-2.828,0.026,11.448
-4.288,5.18,12.779
-4.457,5.845,14.279
-5.352,3.711,15.657
-3.67,1.632,15.64
-3.426,3.074,14.497
-3.835,4.668,14.344
-4.74,2.117,14.052
-3.551,-0.565,14.418
-3.436,0.172,14.451
-4.618,1.72,14.667
-3.653,2.716,13.965
-3.567,0.364,13.408
-3.665,-1.828,12.011
-3.024,-2.486,11.724
-1.94,-1.529,11.058
-2.448,0.605,11.188
-2.979,0.414,11.585
-2.608,-0.225,11.604
-2.649,-0.337,10.628
-0.847,0.541,10.298
-2.261,2.062,10.008
-0.928,2.318,10.465
-0.199,2.077,9.683
-1.677,1.139,8.379
-1.704,0.5,7.238
-1.692,-1.993,5.809
-2.615,-2.543,-4.749
-3.546,-5.517,-8.549
-7.91,2.304,-4.692
-9.654,13.135,-8.147
-6.711,6.687,-6.477
-5.178,-2.105,-1.632
-3.962,-6.491,-1.426
-4.718,3.5,3.572
-6.594,6.656,8.436
-8.063,2.692,4.015
-9.656,-1.359,1.285
-10.769,-8.594,-0.098
-15.997,-18.877,4.534
-20.858,-30.694,14.432
-20.748,-20.354,17.282
-22.696,-3.441,15.533
-10.733,-3.656,9.989
-10.518,-16.265,5.984
-23.459,-16.703,7.163
-25.101,-4.005,8.116
-25.378,-13.097,11.102
-26.122,-10.858,8.455
-23.99,-1.139,7.41
-29.087,-1.316,9.254
-22.519,9.044,6.115
-24.124,4.13,5.072
-20.26,1.771,2.263
-17.992,-1.079,4.347
-18.736,1.967,2.256
-15.207,2.929,-0.151
-18.571,6.453,-0.223
-14.616,11.427,-1.354
-9.711,9.953,-0.828
-7.967,9.374,2.701
-9.924,2.385,7.276
-25.333,0.242,12.463
-22.119,8.35,6.154
-26.294,3.541,-3.252
-13.063,-14.023,1.864
-7.68,-37.451,22.16
-7.273,-21.048,19.827
-16.624,0.467,26.952
-32.599,15.238,22.371
-31.029,11.353,18.296
-34.814,10.872,10.456
-41.554,10.594,1.852
-41.212,11.489,1.833
-42.911,11.011,6.053
-41.272,4.063,-2.285
-44.248,9.549,3.319
-43.968,10.195,4.024
-41.791,5.675,-1.251
-37.102,-0.167,-6.833
-31.589,1.168,-10.365
-33.231,5.481,-11.035
-29.527,7.321,-14.853
-34.338,23.622,17.581
-11.159,41.363,11.058
-21.823,40.758,-6.101
-6.666,19.911,0.479
-7.632,14.844,2.512
-6.656,8.549,2.574
-3.881,9.747,4.62
-0.39,5.402,8.355
-3.835,6.264,8.226
6.237,5.079,14.549
0.668,5.862,12.355
2.96,6.438,13.267
9.508,19.196,7.843
-14.396,8.506,12.841
-10.427,5.436,13.506
-10.776,4.307,12.504
-7.477,3.094,12.64
-3.699,0.653,15.145
-1.232,-2.711,13.494
-1.548,0.474,12.549
-3.204,5.472,14.789
-5.044,8.204,15.602
-5.821,0.998,14.198
-2.094,-2.778,13.724
-1.928,-1.644,16.384
-4.572,0.148,16.365
-3.476,0.27,13.915
-2.486,-2.553,13.348
-1.775,-2.491,13.03
-3.402,-0.66,13.695
-3.603,0.261,12.872
-4.221,-0.522,11.654
-2.347,0.041,11.518
-2.627,1.189,11.106
-1.916,1.689,9.475
-2.467,2.448,8.666
-3.11,1.833,7.809
-3.402,2.469,8.647
-3.101,1.359,8.257
-4.414,-3.273,-2.113
-6.204,-6.434,-10.106
-9.482,-0.555,-8.376
-10.743,10.707,-4.852
-5.17,5.953,-3.512
-2.95,-6.46,-2.565
-2.113,-7.659,-0.823
-2.103,0.938,5.084
-0.983,15.518,5.584
-5.883,4.838,0.78
-9.099,-6.788,0.615
-14.3,-12.202,-0.182
-19.404,-16.748,2.309
-21.837,-23.227,9.975
-18.303,-24.933,14.391
-19.997,-10.779,15.478
-19.263,-8.065,13.245
-14.944,-13.992,7.616
-21.22,-13.714,9.577
-31.321,-3.969,10.951
-27.723,-10.712,6.697
-32.903,-5.108,2.694
-28.73,-0.376,4.969
-25.522,1.002,4.785
-22.993,6.62,6.802
-22.473,2.857,2.278
-18.846,2.792,2.615
-22.741,2.945,3.998
-19.564,3.917,2.041
-24.017,6.204,-1.94
-13.398,9.018,2.474
-13.154,11.709,2.936
-10.666,12.965,5.871
-8.154,3.474,4.474
-19.605,-2.125,8.903
-15.659,9.054,3.658
-27.134,8.75,-1.971
-15.107,-6.599,-4.859
-11.597,-21.447,11.953
-5.871,-36.145,7.355
-9.585,-9.599,24.818
-33.568,27.594,32.776
-29.453,10.779,18.461
-33.487,5.778,10.661
-38.968,7.082,4.065
-42.172,12.362,0.983
-42.545,15.317,-1.357
-37.255,11.999,-3.472
-37.229,6.496,-2.273
-40.315,3.953,1.708
-40.547,6.331,0.991
-38.65,6.431,-5.39
-33.362,10.869,-10.944
-22.177,15.478,-18.583
-17.607,10.714,-13.47
-19.849,17.971,-1.842
-31.596,17.516,18.983
-8.056,47.316,-4.065
-12.169,15.927,-4.84
-4.003,7.649,1.543
-1.814,12.451,-2.254
-3.177,12.827,5.666
-0.964,13.822,2.713
-4.955,3.56,5.627
2.101,2.122,8.101
-0.67,2.01,10.008
-1.479,6.436,10.951
1.376,18.698,5.871
-5.62,12.449,4.321
-12.334,4.979,18.107
-11.511,0.328,12.867
-8.943,-2.84,9.963
-5.178,-3.187,12.511
-4.366,-0.5,11.92
-2.345,1.581,11.477
-3.919,7.51,12.743
-5.058,7.238,15.676
-6.154,-0.84,14.15
-4.192,-2.058,14.54
-4.512,2.95,16.53
-4.601,4.8,17.313
-5.039,1.713,16.951
-5.235,-2.019,16.138
-3.697,-0.321,15.317
-4.388,-0.51,13.882
-3.797,-1.139,12.894
-4.146,-2.457,12.145
-3.237,-1.692,12.886
-3.151,-0.512,12.676
-2.797,0.613,12.19
-3.005,0.531,11.776
-2.55,-0.696,10.058
-2.574,-0.579,9.439
-2.292,0.723,9.659
-2.144,1.23,10.733
-1.751,1.711,10.771
-2.199,1.019,9.499
-2.129,0.347,8.917
-1.029,-0.132,8.343
-2.261,0.658,6.958
-3.082,-0.17,7.072
-3.326,-1.692,4.599
-2.847,0.019,-3.778
-3.019,1.589,-5.288
-8.972,-2.237,-3.936
-9.176,-0.756,-4.28
-8.723,0.739,-3.732
-4.852,-0.66,-1.94
-2.462,-0.699,-0.201
1.397,7.718,0.849
-4.168,10.264,5.429
-5.788,2.096,5.637
-7.046,-10.499,1.759
-9.03,-9.573,-1.534
-14.291,-14.664,4.232
-17.77,-20.646,9.786
-14.657,-24.388,13.532
-15.112,-6.608,12.731
-20.277,-7.489,9.444
-25.553,-18.705,8.443
-27.496,-12.676,9.125
-26.048,-11.841,12.721
-29.857,-7.558,10.86
-29.414,-6.075,9.652
-27.213,-4.125,6.532
-25.182,5.575,10.771
-20.043,4.682,7.506
-20.425,5.216,5.297
-18.55,1.098,2.548
-20.155,1.433,0.256
-15.549,3.0,0.495
-14.966,0.127,-0.045
-16.002,4.048,-1.964
-18.406,8.465,0.971
-12.63,12.243,-0.208
-9.333,9.436,4.761
-9.216,1.077,8.814
-14.755,6.297,14.848
-16.002,7.046,8.63
-22.768,11.566,4.223
-21.622,0.854,-4.328
-9.176,-21.952,5.094
-12.657,-33.166,14.143
-20.153,-21.447,28.022
-23.364,-7.582,27.507
-23.136,6.991,22.78
-37.415,13.248,16.829
-37.329,17.301,9.628
-39.458,13.595,0.378
-42.777,10.994,0.95
-42.399,7.238,1.826
-39.827,2.823,-1.955
-44.413,-0.383,-0.333
-45.179,13.523,1.113
-37.004,15.116,-2.878
-28.926,5.702,-13.389
-29.242,-1.718,-15.841
-30.548,6.69,-9.79
-30.759,38.588,23.639
-25.708,60.647,1.677
-8.113,35.532,-6.503
-6.51,7.824,-2.706
-7.565,14.202,-2.436
-8.601,12.793,4.02
-4.512,14.176,5.864
-3.185,6.606,10.362
-3.613,5.668,8.266
0.947,6.594,4.206
0.395,12.621,4.199
0.79,8.781,13.535
-2.017,10.491,14.109
-12.025,5.297,15.023
-12.851,3.866,16.576
-10.379,0.924,10.07
-5.833,-2.692,11.482
-1.948,-3.689,11.834
-1.182,-5.077,11.611
-0.129,-2.086,10.52
-1.416,3.086,11.08
-2.881,4.307,14.669
-5.41,3.141,15.724
-4.852,-1.95,15.518
-2.529,-2.56,14.48
-2.498,-0.115,13.738
-2.606,1.139,14.779
-3.158,0.323,14.367
-3.278,-1.072,14.281
-2.73,-2.129,13.8
-2.783,-2.153,13.415
-2.33,-1.086,13.19
-2.328,-0.926,12.52
-2.44,-0.423,11.994
-1.931,0.452,11.554
-1.811,0.203,11.408
-1.333,0.665,10.858
-1.601,0.395,10.13
-1.974,0.479,10.602
-1.866,1.019,9.623
-1.311,1.16,7.527
-1.108,1.459,7.178
-1.392,0.955,6.848
-1.759,-0.467,5.149
-1.51,-0.017,0.376
-3.804,0.727,-2.455
-6.082,4.924,-0.916
-5.611,-0.22,-5.828
-7.838,-2.85,-4.249
-5.398,0.727,-3.606
-3.323,1.017,-1.079
-1.61,-0.601,1.873
-1.335,3.637,4.209
-6.103,3.555,3.567
-6.41,-3.163,2.163
-8.348,-10.996,-0.756
-13.453,-14.92,4.587
-18.59,-17.664,10.307
-18.921,-18.638,14.169
-12.35,-17.679,12.585
-10.688,-11.212,13.944
-20.653,-7.336,11.59
-19.641,-8.836,6.013
-25.347,-15.657,11.972
-31.185,-4.089,11.176
-22.076,-4.998,10.3
-22.39,-3.969,8.187
-23.6,-8.525,11.606
-24.818,2.175,8.501
-21.897,4.036,7.812
-20.72,-3.426,4.455
-19.119,-1.878,2.914
-17.569,0.462,0.658
-15.839,4.168,0.696
-13.657,6.178,-2.393
-18.741,3.118,-3.216
-13.422,7.714,-6.41
-12.635,10.846,0.297
-7.9,11.03,2.929
-12.992,8.893,6.345
-16.887,3.749,5.568
-20.533,-2.833,4.462
-19.959,6.388,2.046
-10.726,-17.038,1.591
-6.391,-20.349,13.226
-18.516,-41.27,25.402
-19.186,-17.167,25.663
-22.241,11.716,20.77
-35.365,16.755,24.098
-34.932,9.912,11.657
-39.896,12.422,4.362
-40.38,13.757,2.692
-44.945,12.839,1.988
-37.75,5.682,-3.752
-41.786,3.388,-0.345
-45.741,5.601,2.072
-46.062,11.149,3.103
-37.248,13.013,-2.428
-24.883,10.666,-13.934
-23.519,6.434,-16.124
-31.852,-4.067,-13.683
-30.728,27.251,15.423
-9.348,49.974,5.993
-4.632,44.705,-4.893
-4.524,8.132,-5.56
-7.118,5.888,-6.367
-7.934,9.711,1.464
-1.94,15.872,7.228
-3.613,10.494,8.841
-1.041,7.202,9.999
3.376,2.993,7.51
-4.043,10.769,13.434
1.421,5.572,14.284
-0.871,11.078,10.209
-6.314,8.731,8.501
-11.676,5.304,9.183
-10.235,5.218,13.954
-11.822,3.338,12.185
-4.453,1.29,10.283
-2.979,-2.371,11.508
-1.065,-1.093,11.381
-3.019,-2.673,11.606
-3.68,-1.125,12.164
-1.974,3.285,11.456
-3.859,6.649,14.009
-5.266,3.309,14.016
-4.366,-1.768,13.047
-1.895,-2.594,14.662
-2.756,-0.462,14.559
-3.263,1.024,14.04
-3.431,-1.019,13.669
-4.637,-3.704,13.87
-3.316,-3.077,14.152
-3.543,0.077,13.482
-3.608,-0.39,13.138
-3.362,-1.723,13.262
-3.228,-2.962,12.788
-3.065,-2.45,12.592
-2.615,-0.866,12.317
-2.866,0.854,13.611
-2.809,-0.931,12.75
-2.361,-1.916,11.384
-2.972,-0.845,9.767
-2.472,1.34,10.097
-1.861,1.737,9.757
-2.285,1.443,10.109
-2.273,1.778,10.52
-1.433,2.936,9.362
-0.979,3.764,9.525
-1.352,3.689,8.716
-0.421,3.524,7.029
-0.883,0.924,4.742
-0.636,-0.481,2.213
-1.392,-3.156,-4.029
-2.919,-1.828,-7.898
-5.869,7.757,-6.501
-9.845,7.19,-0.971
-9.149,3.058,-0.763
-5.237,-3.431,-0.947
-2.369,-2.835,2.254
-3.72,2.024,0.026
-3.493,5.852,1.979
-7.718,3.673,2.412
-10.535,-3.448,3.438
-9.19,-13.162,1.419
-15.743,-19.617,4.022
-14.456,-19.514,11.671
-19.157,-17.834,11.642
-16.033,-16.602,15.853
-16.717,-14.571,16.413
-13.035,-4.362,11.819
-18.822,-11.195,11.269
-20.543,1.991,12.422
-31.139,1.529,8.508
-29.462,-5.163,6.446
-32.393,1.223,9.896
-22.261,1.412,9.333
-20.897,7.223,8.154
-23.361,2.72,4.383
-19.16,2.72,6.156
-15.236,0.366,4.254
-17.018,-0.469,2.373
-16.191,1.476,0.727
-16.604,3.699,-0.414
-15.707,9.463,-1.424
-14.714,8.154,-1.792
-13.915,9.589,-1.555
-3.993,16.794,-3.534
-3.57,9.13,2.673
-14.999,-1.397,7.34
-20.921,3.637,12.769
-22.052,5.857,7.137
-15.777,-2.661,4.917
-2.821,-10.446,-3.704
-10.101,-29.316,20.071
-5.331,-20.287,-3.457
-14.585,-4.108,30.221
-27.677,17.306,27.945
-33.678,11.884,16.987
-35.482,12.475,8.276
-38.104,8.472,1.22
-37.633,9.386,1.06
-41.045,8.058,2.12
-39.683,7.678,-2.926
-41.317,12.26,-0.457
-39.408,9.113,2.608
-36.705,4.472,2.105
-36.437,1.806,-5.958
-29.618,5.869,-13.963
-26.519,8.403,-12.75
-32.07,1.156,-4.472
-30.498,31.903,17.133
-17.401,49.993,-8.534
-9.568,25.703,-8.735
-0.28,13.073,-1.223
-8.384,8.989,2.424
-7.773,12.236,4.259
-4.039,12.025,5.613
-4.01,3.553,9.444
6.922,9.862,9.144
-1.897,2.235,10.183
1.17,7.699,13.19
-1.622,9.833,13.408
1.455,11.326,10.886
-4.359,8.314,4.591
-13.664,2.493,10.011
-9.314,2.199,10.023
-9.549,-0.002,11.63
-4.575,3.711,11.058
-2.637,1.017,12.31
-3.24,-0.196,12.528
-1.201,4.742,11.508
-4.309,7.096,13.375
-5.754,5.723,13.674
-4.776,2.249,13.133
-4.228,-0.67,14.817
-2.56,1.062,15.748
-3.909,3.792,16.356
-4.582,3.254,16.43
-4.247,1.247,15.985
-3.742,1.603,15.023
-4.055,1.419,14.396
-3.11,1.187,14.396
-2.641,1.483,14.375
-3.412,0.629,12.87
-3.244,-0.572,11.628
-2.883,-0.469,10.535
-1.239,-0.048,11.183
-2.182,0.684,11.372
-2.68,0.797,11.152
-3.098,0.754,11.159
-2.227,0.134,10.551
-1.622,1.134,10.336
-1.5,1.448,10.245
-1.751,1.598,10.085
-1.584,1.546,8.888
-2.378,0.682,9.587
-1.347,0.904,7.62
-0.368,2.428,6.539
0.356,3.333,6.168
-1.491,1.249,4.771
-1.244,-1.916,-2.407
-3.098,-3.72,-8.101
-4.386,6.738,-5.52
-5.69,13.896,-6.094
-8.257,-2.108,-2.031
-5.201,-17.234,-3.347
-1.565,0.622,-1.608
-1.266,15.502,0.909
-8.479,5.472,4.412
-10.927,-9.539,3.747
-11.709,-11.401,0.727
-16.025,-16.81,4.0
-17.471,-18.76,10.35
-12.705,-15.722,14.887
-20.299,-16.231,12.736
-18.339,-13.877,13.066
-16.327,-14.056,14.439
-16.87,-6.075,10.81
-21.153,-9.884,8.154
-29.862,-8.68,9.269
-18.557,-4.945,13.174
-25.409,-7.556,6.97
-25.821,-1.433,7.35
-20.291,-0.574,7.97
-20.665,1.175,9.984
-18.787,-1.321,8.924
-17.356,2.594,7.711
-19.595,1.632,5.852
-16.344,6.06,2.62
-15.092,7.575,1.488
-15.686,6.135,-0.014
-15.863,3.519,-2.527
-16.389,7.678,-1.507
-4.845,13.42,0.275
-0.878,11.506,2.177
-17.832,2.352,7.754
-24.88,-11.121,9.348
-27.29,3.761,2.948
-16.7,-6.094,-0.402
-8.113,-10.034,0.232
-16.932,-27.455,18.019
-19.138,-24.6,32.431
-21.976,-11.968,26.182
-22.782,8.362,16.406
-36.164,17.329,14.15
-35.64,17.444,10.85
-37.752,10.192,2.328
-37.52,11.542,3.316
-39.463,12.532,2.094
-35.204,7.398,-3.493
-36.264,0.232,-2.211
-39.078,-2.373,0.184
-40.135,4.115,1.168
-35.836,6.783,-3.627
-27.201,0.44,-14.006
-30.017,-0.715,-16.521
-29.256,7.163,-10.867
-36.317,43.176,1.974
-52.517,73.632,-30.785
-15.279,17.858,-9.609
-4.299,11.621,-7.879
-8.183,16.042,0.495
-7.044,13.164,5.723
-4.826,8.235,3.687
1.168,7.257,5.429
-1.177,9.432,6.623
-2.117,7.173,11.927
-3.637,6.087,15.671
-1.227,12.688,10.824
0.938,7.525,6.627
-17.571,14.174,12.819
-14.059,8.644,8.745
-9.857,5.838,11.484
-4.383,2.704,8.568
0.979,2.07,10.958
-1.148,-0.488,10.137
-4.417,-0.567,10.477
-2.783,2.907,10.932
-4.677,4.898,12.269
-5.24,3.924,13.647
-4.948,0.435,13.257
-2.498,-0.196,13.494
-3.718,3.024,15.133
-5.469,3.409,16.803
-4.67,1.625,15.662
-3.467,-0.079,15.509
-3.462,0.01,14.406
-4.089,2.225,14.999
-4.594,1.608,14.549
-4.307,0.792,13.595
-3.302,-0.706,12.106
-2.926,-0.002,11.96
-3.639,0.581,11.365
-3.79,-0.16,10.592
-3.098,0.653,11.36
-3.206,0.802,12.128
-2.845,1.675,10.539
-2.574,1.12,10.515
-1.866,0.773,10.609
-1.57,0.849,10.704
-1.483,1.96,9.609
-1.294,2.338,9.109
-1.046,2.294,8.551
-1.512,3.488,9.948
-1.024,1.859,7.436
-4.108,-3.68,3.551
-1.629,-5.515,-10.963
-3.802,2.613,-8.561
-10.539,17.114,-3.287
-6.168,10.92,-8.539
-6.17,-8.001,-2.735
-1.022,-8.831,-3.007
-5.955,-5.429,0.519
-2.036,11.48,5.589
-3.804,10.066,3.005
-8.8,-0.443,2.78
-12.939,-11.685,-0.531
-13.887,-15.557,3.78
-16.284,-19.069,9.633
-20.306,-24.053,18.385
-19.968,-12.824,15.602
-15.884,-1.28,17.777
-17.004,-14.872,15.492
-22.186,-10.219,5.79
-15.071,-7.06,6.632
-25.845,-4.881,6.247
-27.161,-4.577,7.781
-22.191,-6.584,11.774
-28.287,-1.378,12.836
-19.179,2.617,8.998
-22.11,1.613,12.023
-21.983,1.804,7.139
-16.951,-0.019,3.811
-14.934,1.591,3.95
-15.877,1.4,3.871
-13.908,3.326,0.811
-17.353,6.661,-2.476
-14.911,8.606,-3.948
-13.116,9.924,-6.101
-8.659,11.829,-2.015
-3.744,8.573,1.117
-12.676,1.665,9.52
-13.193,1.66,14.288
-20.988,5.627,9.245
-17.327,-0.687,3.905
-18.243,-11.489,-5.314
-11.894,-21.115,1.797
-29.268,25.445,27.699
-25.144,4.948,17.241
-27.952,1.177,14.774
-36.334,4.756,7.943
-40.882,8.998,7.675
-41.236,9.144,8.903
-36.795,14.391,3.926
-38.631,8.544,3.182
-39.717,4.115,5.481
-41.858,6.111,5.197
-39.174,9.881,-1.672
-29.044,7.271,-15.054
-25.115,1.06,-17.14
-25.751,1.017,-10.403
-34.865,5.367,-9.343
-42.387,50.038,24.222
-18.088,46.103,-3.804
-10.714,19.811,-7.716
-4.115,13.776,-1.192
-6.003,13.879,-0.132
-0.428,17.655,3.996
-2.342,13.016,6.314
7.922,3.319,19.119
-6.627,-0.352,10.594
-6.034,2.972,9.707
-0.883,8.412,10.336
2.522,11.841,12.094
-1.074,12.733,3.409
-12.408,0.624,18.021
-13.442,5.96,15.458
-8.29,4.012,10.724
-2.539,2.572,13.561
-0.416,-0.223,10.848
-3.354,-3.649,12.183
-3.067,0.376,8.881
-3.582,5.29,13.133
-5.175,5.333,14.604
-4.929,4.436,14.525
-5.57,2.187,14.903
-4.142,4.61,15.32
-4.266,3.962,14.578
-4.29,1.28,14.489
-4.972,-3.694,13.229
-3.625,-3.838,13.642
-3.62,-0.163,13.686
-4.082,1.225,13.932
-4.206,0.553,13.774
-3.883,-1.5,12.748
-3.627,-2.728,11.281
-3.326,-0.285,11.578
-3.22,-0.675,11.697
-3.017,-1.79,11.549
-2.304,-3.347,11.432
-2.266,-0.345,12.492
-2.96,2.768,13.107
-3.917,2.096,12.027
-2.775,1.201,10.951
-1.849,1.002,8.833
-0.947,1.924,8.211
-0.785,3.419,8.276
-1.627,3.642,7.479
-1.481,3.345,7.247
-1.849,-4.082,2.357
-0.445,-3.464,-8.987
-3.539,5.228,-5.78
-6.192,10.944,-2.893
-8.039,6.046,-5.075
-4.859,-3.297,-3.584
0.096,-2.168,-1.986
-3.615,2.043,4.773
-3.697,0.115,1.158
-5.613,0.474,3.68
-8.417,-0.983,2.196
-11.771,-10.58,3.933
-13.109,-19.215,3.835
-17.25,-18.377,7.778
-19.306,-14.525,11.999
-17.375,-17.87,15.021
-19.313,-10.621,17.456
-13.564,-8.116,9.594
-14.064,-0.746,7.482
-22.902,-6.816,3.115
-22.78,2.378,10.314
-25.139,-6.608,9.577
-22.866,-10.063,7.723
-25.366,-3.106,7.092
-31.154,5.769,7.939
-25.369,3.953,9.429
-23.464,-2.972,2.299
-22.794,-2.17,4.266
-19.102,6.324,6.68
-21.56,3.101,4.398
-16.432,3.632,3.225
-14.597,8.422,2.622
-12.731,8.841,-2.615
-12.92,4.481,-3.199
-10.125,10.027,-5.323
-7.465,15.19,-0.828
-6.663,8.731,0.835
-21.1,1.558,4.087
-22.562,1.211,5.297
-23.175,9.862,-3.153
-14.604,-8.352,-0.804
-6.965,-20.646,0.565
-7.604,-45.368,18.368
-12.114,-11.743,30.97
-23.588,14.511,31.283
-30.209,5.017,16.576
-25.471,-0.486,13.066
-31.293,4.201,11.157
-37.092,12.697,7.577
-38.855,15.722,5.07
-40.463,11.96,3.319
-35.408,5.713,1.089
-35.752,4.606,-0.553
-36.64,3.821,-1.759
-37.87,1.919,-2.888
-37.465,5.74,-2.091
-31.242,11.185,-6.331
-23.122,8.252,-13.901
-23.931,-2.479,-14.394
-39.961,-11.166,0.031
-36.159,44.768,45.117
-6.73,53.864,-10.049
-6.175,15.834,-12.348
-2.371,12.54,-12.001
-0.019,9.489,-1.835
-1.436,15.272,1.584
-1.481,10.027,6.111
-1.031,4.711,7.69
-3.316,1.567,9.702
-4.764,4.414,12.487
-7.778,5.704,12.114
-7.706,9.625,12.657
-6.312,13.386,7.288
-16.265,2.51,6.84
-8.881,1.574,13.616
-6.819,8.527,8.281
-6.235,2.39,9.594
-7.738,-1.742,8.936
-6.431,0.06,9.491
-4.876,2.955,10.42
-5.747,1.55,11.044
-5.343,-0.395,12.147
-6.151,-0.909,11.786
-6.63,-1.68,11.822
-6.044,-0.11,12.413
-4.807,0.476,11.114
-4.718,-0.45,11.563
-5.283,-0.608,12.066
-5.819,-0.378,11.953
-6.694,-0.378,11.652
-6.163,-2.122,11.19
-5.993,-2.495,11.279
-6.292,-0.395,10.96
-6.254,0.931,11.109
-6.147,-0.347,11.305
-6.479,-1.859,10.508
-5.922,-1.175,10.594
-6.013,-0.153,11.116
-5.917,-1.046,10.073
-5.804,-0.706,10.087
-5.941,-0.62,10.243
-6.008,1.053,10.587
-5.891,0.974,10.702
-5.436,-0.227,10.082
-5.627,-0.907,10.192
-5.187,-0.452,10.07
-5.599,0.517,9.786
-5.362,1.012,9.771
-5.309,0.299,9.386
-4.582,0.129,9.613
-4.677,0.242,9.539
-4.462,0.294,9.357
-4.278,0.096,9.384
-4.374,-0.261,9.073
-4.175,-0.349,9.231
-4.307,0.964,10.03
-4.242,1.031,9.664
-3.259,0.802,9.446
-3.326,0.22,8.934
-3.106,-0.505,9.125
-3.795,-1.261,8.611
-3.797,-1.318,8.716
-3.749,-1.261,8.628
-3.048,-0.124,8.68
-1.658,-1.507,8.053
-2.393,-2.211,8.321
-2.783,-2.988,7.34
-2.809,-3.053,6.312
-2.467,-2.247,6.151
-3.716,-1.371,6.295
-3.61,-3.656,4.553
-4.642,-4.534,3.249
-5.28,-3.804,2.271
-6.328,-2.153,1.948
-5.402,1.579,0.842
-7.984,2.216,3.005
-9.238,-1.627,2.905
-10.506,-3.488,1.321
-9.831,-2.105,2.06
-8.649,-1.261,2.83
-9.91,-3.122,5.182
-14.992,-7.202,5.771
-14.387,-5.764,6.852
-13.394,-2.821,7.005
-11.963,-4.718,7.587
-14.547,-8.649,6.297
-14.781,-9.293,6.994
-16.191,-0.921,8.948
-13.879,-3.603,6.436
-14.456,-3.223,7.673
-14.946,-6.202,3.33
-13.044,-5.553,4.503
-15.04,-1.988,5.623
-13.202,-5.85,4.003
-13.458,-8.52,6.175
-12.774,-6.907,5.247
-16.595,-5.568,6.35
-15.143,-2.878,4.455
-11.559,-5.295,5.149
-13.872,-5.18,1.701
-12.86,-5.072,2.806
-12.408,-6.319,3.015
-12.944,-2.536,2.929
-11.058,0.215,2.692
-10.724,0.715,1.9
-9.355,1.835,-1.175
-9.965,0.672,1.491
-10.59,0.536,1.835
-10.642,0.187,2.223
-11.303,1.201,1.646
-12.518,1.345,1.302
-11.822,2.194,2.244
-11.248,3.307,1.998
-10.69,3.919,2.89
-10.496,3.467,2.888
-10.92,3.156,4.213
-10.154,1.909,4.663
-10.759,1.292,5.67
-10.527,-0.026,5.414
-9.621,-1.907,5.278
-8.62,-2.297,5.797
-8.484,-1.761,6.541
-8.417,0.254,6.596
-6.788,0.345,7.824
-7.034,1.184,7.632
-7.317,0.077,8.128
-6.769,-0.519,7.716
-7.063,-2.086,9.183
-4.826,-2.531,7.931
-3.476,-2.814,9.377
-3.632,-3.208,9.049
-3.847,-4.343,8.635
-3.036,-4.778,8.173
-2.285,-3.756,8.838
-1.656,-2.653,8.314
-0.852,-4.484,6.101
-0.493,-4.015,5.8
0.359,-2.168,4.78
0.859,-0.593,4.989
1.242,-1.081,4.996
3.457,-4.989,4.094
1.893,-2.804,6.582
2.07,-1.369,6.749
3.058,-2.586,5.802
2.617,-2.857,6.716
2.914,-1.601,7.462
3.608,-1.737,7.896
3.646,-2.149,9.79
2.61,-1.364,11.257
2.5,-0.153,11.358
2.294,0.404,11.276
3.11,0.744,10.14
2.773,0.325,8.522
2.457,1.299,7.02
2.364,2.108,7.965
2.302,1.684,9.489
1.409,1.378,10.867
0.739,2.428,11.396
0.636,3.828,10.47
0.955,3.254,9.209
1.261,2.692,8.049
1.247,2.424,8.044
1.471,2.692,8.144
1.239,4.206,7.484
0.254,4.601,6.771
-0.407,3.031,6.711
0.12,5.379,7.446
0.706,5.185,9.499
1.038,4.634,8.348
0.873,5.335,8.161
1.17,5.958,7.836
1.641,5.312,8.714
2.012,2.85,9.551
2.23,1.637,9.367
1.682,3.881,9.927
1.428,5.819,10.649
1.967,5.95,10.104
2.873,4.034,9.587
3.498,3.304,8.853
3.811,4.8,9.07
4.457,3.89,8.788
4.524,2.625,8.132
4.221,1.878,7.465
3.603,1.715,6.558
3.512,1.495,5.568
4.067,2.067,5.804
4.134,2.926,5.032
3.953,2.335,4.347
4.024,1.747,4.821
2.981,-0.041,14.308
4.663,-7.163,26.211
3.646,0.565,7.374
6.216,1.007,4.606
4.56,-3.596,8.675
3.821,-4.546,7.879
5.96,-3.441,7.127
6.8,-3.668,6.139
3.938,-3.017,4.857
8.549,-4.721,4.354
5.692,-5.792,6.539
6.015,-5.522,6.297
6.283,-3.321,6.943
6.099,-2.84,7.338
6.211,-2.797,7.649
6.367,-2.893,7.345
6.443,-2.637,7.623
5.52,-2.462,7.829
5.436,-2.83,7.613
5.326,-2.84,7.398
5.465,-2.615,7.489
5.419,-3.039,7.221
5.139,-3.163,7.355
5.17,-3.768,7.613
5.309,-3.089,8.096
5.429,-2.515,8.101
5.381,-2.991,7.668
5.321,-3.082,7.594
5.115,-3.603,7.84
5.046,-3.462,7.829
5.216,-2.991,7.733
5.434,-2.919,7.843
5.242,-3.213,7.778
5.082,-3.139,7.752
5.108,-2.936,7.721
5.096,-3.067,7.73
4.835,-3.06,7.893
4.575,-2.974,8.106
4.654,-2.809,8.125
4.802,-2.436,8.092
4.986,-2.596,7.934
4.926,-2.945,8.027
4.821,-2.876,7.888
4.926,-2.957,7.771
5.256,-2.806,7.764
5.108,-2.914,7.831
4.953,-3.141,7.855
4.907,-2.957,7.778
4.957,-2.756,7.848
5.357,-3.165,8.032
5.12,-2.854,7.943
5.216,-2.505,8.082
5.67,-2.407,8.338
5.197,-2.553,8.032
4.835,-2.223,8.293
5.07,-2.369,8.451
5.015,-2.108,8.324
4.979,-2.012,8.47
4.847,-2.019,8.465
4.673,-2.204,8.321
5.216,-2.364,7.943
5.103,-2.043,7.996
5.161,-2.17,7.931
5.142,-2.505,8.044
5.067,-2.613,8.044
5.39,-2.661,8.9
5.288,-3.053,8.293
5.345,-2.524,8.35
4.984,-2.268,8.58
5.06,-2.259,8.094
5.256,-2.881,8.329
5.17,-1.823,8.173
5.362,-1.988,8.699
5.048,-2.381,8.403
4.314,-3.366,7.369
4.115,-3.452,7.915
4.998,-2.34,8.4
5.484,-3.0,8.096
4.553,-2.35,9.027
4.68,-2.326,8.336
4.307,-2.347,8.13
4.754,-1.924,7.97
4.783,-1.96,8.049
4.656,-2.364,8.142
5.13,-2.531,7.453
4.811,-2.012,8.362
5.118,-2.539,8.283
5.008,-2.309,8.774
4.67,-2.259,8.384
4.78,-2.266,8.403
4.759,-2.247,8.362
4.945,-2.314,8.144
8.692,-4.266,9.24
5.005,-5.608,6.056
4.278,-1.936,11.295
3.357,-2.184,8.262
4.67,-1.694,7.896
3.51,-2.292,7.477
2.062,-0.847,8.769
3.378,-0.988,9.135
3.74,-0.816,8.18
4.802,-1.287,9.355
4.5,-0.301,9.298
5.692,-0.691,9.515
4.639,-1.043,9.633
4.048,-1.16,9.077
5.328,-1.409,9.097
4.433,-0.534,8.376
4.668,-0.883,8.731
5.747,-2.546,7.917
5.28,-2.153,7.931
5.371,-1.869,8.085
4.567,-2.218,7.699
4.902,-2.723,8.24
5.441,-3.316,7.965
5.503,-2.94,8.417
5.216,-2.62,8.604
4.52,-1.926,8.089
4.835,-0.933,8.405
4.63,-1.986,8.632
4.785,-1.995,8.496
5.223,-2.467,8.154
3.369,-1.67,8.46
4.646,-1.718,8.183
5.577,-2.297,7.683
5.01,-1.814,8.664
4.467,-1.29,9.168
4.182,-4.34,7.884
4.563,-1.091,8.362
4.845,-2.105,8.137
5.271,-2.428,8.063
5.443,-2.299,8.013
4.706,-2.117,8.058
5.02,-2.005,8.259
5.146,-2.261,8.101
4.352,-1.871,8.262
4.867,-2.553,8.309
4.895,-2.175,7.972
5.419,-2.268,7.986
4.984,-1.794,8.113
5.41,-2.012,8.008
4.957,-2.342,8.285
4.91,-2.094,8.57
5.142,-2.204,8.094
5.307,-1.778,8.285
4.151,-1.778,7.967
4.823,-1.84,8.448
5.091,-2.024,8.563
5.065,-1.787,8.393
4.11,-1.462,8.403
5.338,-1.976,8.295
4.57,-1.651,7.857
5.702,-1.854,7.819
5.62,-2.079,7.953
5.936,-1.888,7.907
5.706,-1.849,7.647
6.106,-2.079,7.549
5.386,-2.493,8.008
4.996,-2.519,8.108
4.89,-2.371,8.269
5.015,-2.038,8.3
4.646,-1.988,8.312
4.283,-1.751,8.802
2.5,-0.615,11.183
5.032,-3.378,9.606
4.448,-1.952,8.187
4.206,-1.826,8.58
4.876,-1.818,8.417
5.35,-2.359,7.984
5.95,-2.914,8.041
5.168,-2.321,7.398
4.996,-2.06,8.053
4.699,-1.29,8.049
4.417,-2.149,8.96
5.357,-1.4,8.274
5.814,-2.768,8.092
5.139,-2.608,7.723
4.491,-1.658,7.967
4.969,-0.62,8.728
5.446,-2.094,7.496
5.335,-2.467,7.934
5.209,-3.005,7.501
4.874,-2.641,7.85
5.075,-1.964,8.113
4.96,-2.153,7.972
4.857,-2.175,8.245
4.345,-2.84,8.254
4.713,-2.469,8.185
5.063,-1.684,8.252
5.661,-1.802,8.034
5.044,-2.259,7.941
4.998,-2.639,8.08
5.28,-2.584,7.833
5.52,-2.165,7.687
5.362,-1.794,7.934
5.419,-1.981,7.821
5.292,-2.606,7.943
4.902,-2.431,8.178
4.886,-2.177,7.84
5.132,-1.108,8.692
4.749,-2.017,8.238
4.656,-1.921,8.798
4.89,-2.294,8.305
5.168,-2.677,9.001
5.824,-1.146,8.829
4.376,-3.388,8.888
4.845,-1.51,8.099
5.649,-3.677,12.822
4.62,-3.582,5.457
7.218,-4.536,8.384
5.63,-2.921,8.963
5.685,-1.878,10.989
4.84,-3.395,8.163
5.608,-3.57,7.996
5.422,-1.794,7.695
5.132,-2.842,7.355
4.273,-1.967,8.36
5.225,-2.158,8.094
5.01,-2.472,8.123
5.249,-2.283,7.977
4.878,-2.419,8.006
4.9,-2.467,7.833
4.96,-2.878,7.893
5.237,-3.12,7.783
5.161,-3.311,7.726
5.536,-2.948,7.671
5.13,-2.553,7.848
5.082,-2.866,7.838
4.905,-2.964,7.891
4.811,-3.086,8.027
5.304,-2.917,7.881
5.101,-2.45,8.053
4.948,-2.572,8.039
4.809,-2.759,8.192
5.646,-3.189,8.465
3.84,-2.967,8.362
4.785,-2.548,8.364
5.838,-2.596,7.455
5.079,-2.117,7.896
4.874,-2.405,8.199
5.027,-2.515,8.12
5.056,-2.527,8.178
4.948,-2.105,8.297
5.271,-2.359,8.199
5.316,-2.505,7.931
4.816,-3.043,8.013
5.008,-3.323,7.606
5.115,-3.838,8.159
5.247,-3.082,7.491
5.137,-2.96,7.773
4.646,-2.555,8.173
4.831,-2.577,8.073
5.194,-2.766,8.216
5.022,-2.239,8.288
4.491,-2.424,8.077
4.522,-2.61,8.18
4.634,-2.687,8.144
4.567,-2.457,8.276
4.902,-2.302,8.209
4.96,-2.431,8.101
4.852,-2.481,8.13
5.044,-2.986,8.175
4.852,-2.821,8.089
4.876,-2.684,8.087
4.821,-2.763,8.18
4.814,-2.905,8.13
4.831,-2.818,8.266
5.713,-2.175,7.829
5.599,-2.117,7.998
5.67,-2.342,7.833
5.156,-1.747,7.826
5.158,-2.44,7.872
4.902,-2.656,7.896
5.132,-2.35,7.867
4.488,-2.189,7.986
2.658,-2.036,9.448
5.575,-3.9,9.546
4.883,-1.897,8.434
4.252,-1.471,8.197
4.677,-2.512,8.405
5.503,-3.031,8.659
4.627,-1.802,8.178
5.45,-2.158,7.752
4.634,-2.548,8.809
3.553,-3.225,9.281
3.869,-3.211,9.214
6.242,-1.215,7.116
5.78,-1.955,7.692
4.974,-2.44,7.697
6.108,-3.287,7.348
5.989,-2.754,6.379
6.015,-2.5,7.498
4.658,-1.579,7.474
4.728,-1.526,7.994
4.601,-1.835,8.027
4.699,-1.826,8.546
4.78,-1.314,8.908
3.744,-1.247,9.192
4.52,-1.436,9.35
4.374,-1.426,8.977
3.74,-1.682,8.975
4.599,-1.816,8.632
3.898,-1.318,8.896
4.297,-1.718,8.793
4.826,-1.852,8.319
5.754,-1.727,8.018
4.646,-2.182,8.472
4.845,-2.263,8.118
4.634,-2.395,8.391
4.206,-1.816,8.475
5.175,-2.28,8.14
4.941,-2.565,7.941
4.859,-2.754,8.104
4.632,-2.584,8.293
5.103,-1.756,8.257
5.319,-2.299,8.175
4.788,-2.414,8.027
4.742,-2.562,8.068
5.314,-2.658,8.015
5.221,-2.464,8.01
5.256,-2.225,7.881
4.414,-1.94,8.252
5.137,-2.684,7.699
5.625,-2.862,7.951
5.347,-2.73,7.874
5.431,-2.857,7.45
6.493,-3.254,7.721
5.505,-2.625,7.285
4.723,-2.859,8.295
5.737,-2.371,7.678
5.209,-3.043,7.783
5.115,-2.795,7.675
5.649,-3.139,6.967
5.79,-3.223,7.647
5.072,-2.438,7.726
5.283,-2.842,7.75
5.527,-3.11,7.716
5.637,-2.991,7.496
5.242,-2.85,7.632
5.556,-3.024,7.651
5.821,-2.586,7.419
5.888,-2.275,7.534
4.187,-1.084,9.317
5.469,-2.744,7.85
5.362,-2.617,7.726
5.656,-2.814,7.592
5.788,-2.373,7.436
5.804,-2.646,7.517
5.369,-2.768,7.616
5.221,-2.584,7.699
5.632,-2.948,7.563
5.769,-2.641,7.644
5.345,-2.55,7.599
5.118,-2.682,7.582
5.417,-2.811,7.74
5.63,-2.704,7.934
5.498,-2.833,7.819
5.288,-2.677,7.659
5.419,-2.756,7.845
5.501,-2.783,7.618
5.491,-2.716,7.577
5.185,-2.584,7.9
5.051,-2.417,7.982
5.553,-2.158,7.726
5.491,-2.579,7.776
5.367,-2.732,7.553
5.527,-2.857,7.529
5.74,-2.713,7.714
5.429,-2.629,7.673
5.68,-2.629,7.797
5.733,-3.027,7.666
5.484,-2.699,7.84
5.668,-2.682,7.716
5.764,-2.22,7.431
6.008,-2.428,7.671
6.192,-2.364,6.302
5.06,-0.598,7.869
6.115,-0.869,8.094
5.646,-2.06,7.223
5.84,-1.495,7.474
5.8,-2.852,7.529
5.757,-2.847,7.515
5.792,-2.795,7.666
4.953,-2.574,7.745
5.216,-2.828,7.86
5.276,-2.909,7.824
5.374,-2.644,7.843
5.472,-2.89,8.077
5.888,-2.972,7.754
5.307,-2.541,7.819
5.24,-2.44,7.845
5.596,-2.328,7.762
5.422,-2.498,7.862
5.486,-2.314,7.845
5.735,-2.673,7.742
5.393,-2.498,7.525
5.568,-2.472,7.46
5.601,-2.498,7.683
5.625,-2.158,7.723
5.333,-2.196,7.812
5.501,-2.644,7.599
5.62,-2.826,7.582
5.278,-2.737,7.809
5.338,-2.596,7.766
5.448,-2.309,7.47
5.359,-2.775,7.977
5.405,-2.862,7.711
5.218,-2.622,7.74
5.802,-2.558,8.089
5.426,-2.701,7.855
5.335,-2.517,7.604
5.216,-2.464,7.96
5.094,-2.443,7.695
5.278,-2.601,8.14
5.398,-2.565,7.867
5.62,-2.378,7.613
5.699,-2.072,7.458
5.268,-2.524,7.623
5.295,-2.677,7.855
4.9,-2.606,7.989
5.178,-2.854,7.769
5.067,-2.682,7.427
6.202,-2.718,7.953
5.639,-2.649,7.855
4.582,-2.708,8.08
4.835,-1.948,7.898
5.154,-2.694,7.867
4.945,-2.462,8.08
5.376,-2.373,7.802
6.381,-1.737,7.431
5.527,-2.505,7.659
6.029,-2.376,7.611
5.568,-2.684,7.68
5.663,-2.646,7.517
5.57,-2.29,7.544
4.857,-2.548,7.891
5.613,-2.527,7.613
5.582,-2.806,7.855
5.522,-2.797,7.85
5.201,-1.893,7.75
5.532,-2.555,7.436
5.575,-2.577,7.599
5.723,-2.491,7.695
5.359,-2.483,7.783
5.268,-2.378,7.726
5.481,-2.749,7.721
6.127,-2.149,7.754
5.302,-2.239,7.305
5.969,-1.849,7.606
6.745,-2.515,7.053
6.348,-2.773,7.137
5.661,-2.79,6.738
6.383,2.256,9.575
5.276,-6.206,9.623
5.711,-1.297,12.161
5.357,-5.307,5.891
5.513,-2.773,7.326
5.268,-2.405,7.879
5.347,-2.385,7.919
5.431,-2.364,7.874
5.568,-2.512,7.561
5.62,-2.687,7.647
5.697,-2.72,7.577
5.484,-2.589,7.683
5.599,-2.498,7.64
5.654,-1.991,7.539
6.147,-2.371,7.537
5.831,-2.464,7.479
5.393,-2.354,7.874
5.335,-2.218,7.869
5.34,-1.849,7.805
5.835,-2.012,7.683
5.816,-2.18,7.687
5.713,-2.105,7.489
5.764,-1.912,7.611
5.852,-2.046,7.383
6.096,-2.467,7.295
6.051,-2.452,7.194
6.07,-2.536,7.058
6.379,-2.565,7.261
0.505,-1.818,7.963
5.259,-1.873,8.163
5.01,-2.244,8.288
4.814,-2.105,8.381
4.776,-2.338,8.336
5.852,-1.663,12.685
5.584,-2.005,8.029
5.642,-1.739,7.931
4.89,-1.311,8.288
5.23,-1.325,8.515
4.814,-1.091,8.455
4.838,-1.29,8.486
5.285,-1.512,8.302
4.948,-1.388,7.982
4.79,-1.421,8.314
5.374,-2.098,8.063
5.168,-2.163,7.917
5.441,-2.409,7.817
5.161,-2.328,7.891
5.13,-1.957,8.056
5.522,-2.019,8.092
5.223,-1.907,8.089
5.166,-2.024,8.061
5.039,-1.787,7.953
4.785,-1.357,8.281
5.168,-1.771,8.171
5.036,-2.012,8.13
5.089,-2.024,8.132
5.271,-1.785,8.108
5.481,-1.522,7.884
5.235,-1.766,7.922
5.28,-1.921,8.075
5.091,-2.084,8.132
5.02,-1.931,8.207
5.089,-1.842,8.223
5.316,-1.842,8.022
5.197,-1.979,7.965
5.113,-2.216,8.065
5.338,-2.125,7.821
5.125,-1.608,8.185
5.414,-1.713,8.125
4.945,-1.866,8.068
5.099,-2.139,8.082
4.945,-2.39,8.202
4.989,-2.273,8.161
5.79,-2.955,8.135
4.582,-1.943,7.943
5.735,-2.565,8.082
4.642,-2.263,8.307
4.933,-1.558,8.092
5.431,-1.912,8.238
4.972,-2.139,8.398
5.003,-1.677,7.328
5.381,-2.476,7.819
5.134,-3.137,7.697
5.546,-3.225,7.852
5.826,-2.972,7.317
5.812,-2.907,6.905
5.556,-3.055,7.424
5.235,-3.165,7.781
5.419,-2.84,7.977
4.936,-2.957,8.108
5.556,-2.393,7.336
5.357,-2.519,7.972
5.13,-2.622,7.884
5.41,-2.153,7.96
5.256,-2.452,7.907
5.23,-2.62,7.85
5.256,-2.988,7.663
5.17,-2.73,7.663
5.335,-2.62,7.927
5.651,-2.318,7.584
5.254,-2.318,7.443
5.539,-2.828,7.439
5.316,-3.031,7.695
5.412,-3.137,7.711
3.811,-3.488,7.884
5.687,-3.498,7.336
3.742,-3.888,7.029
10.092,-4.666,10.221
3.962,-3.096,7.642
5.919,-2.653,7.41
5.747,-2.795,6.864
4.57,-4.417,7.123
5.295,-2.371,7.711
5.709,-2.177,7.558
5.256,-2.864,7.692
5.424,-3.725,7.383
5.259,-3.436,7.278
5.206,-3.35,7.448
5.541,-2.835,7.91
5.637,-4.223,7.017
5.718,-3.957,7.053
5.484,-4.721,6.422
5.637,-4.503,6.74
5.579,-4.381,6.706
5.402,-4.477,6.714
6.115,-3.732,6.682
5.235,-4.297,7.154
5.553,-3.78,6.962
5.675,-3.474,7.192
5.905,-3.149,7.137
5.735,-3.771,7.149
5.352,-4.017,7.216
5.62,-3.792,7.154
5.723,-3.553,7.053
5.663,-3.68,7.113
5.539,-3.842,6.881
5.575,-3.965,7.077
5.845,-3.95,6.788
5.914,-3.503,6.888
6.092,-3.364,6.9
5.824,-3.883,6.891
5.912,-3.632,6.886
5.594,-2.122,6.965
5.771,-2.335,6.946
5.797,-4.759,6.694
5.642,-4.85,6.855
5.63,-3.287,7.027
6.168,-3.474,6.644
6.111,-3.204,8.338
7.498,-3.319,7.104
6.874,-4.5,7.084
5.599,-4.232,6.522
5.142,-3.165,6.496
5.46,-4.297,7.625
6.635,-3.469,7.037
6.261,-4.393,6.505
6.462,-3.051,6.888
4.96,-2.972,9.063
5.608,-2.316,8.582
5.441,-3.921,6.032
6.79,-1.601,8.647
6.4,-4.108,7.307
6.044,-6.302,5.067
4.4,-1.388,4.972
6.039,-2.907,7.247
6.147,-3.173,7.211
5.534,-3.833,7.805
5.663,-2.718,7.695
5.118,-2.972,8.154
6.048,-2.55,7.218
5.795,-4.182,6.869
6.082,-3.895,6.828
5.867,-3.173,6.95
7.328,-4.211,6.34
6.135,-3.505,6.879
6.065,-3.134,6.833
5.869,-3.393,7.271
7.486,-3.512,7.063
5.233,-3.902,6.733
4.857,-2.397,6.481
5.611,-3.108,6.943
5.941,-2.428,7.484
5.764,-3.988,6.989
6.058,-3.553,7.166
5.623,-3.019,7.352
5.929,-2.859,7.333
6.092,-3.144,7.293
5.491,-3.371,7.305
5.233,-3.342,7.671
5.307,-3.129,7.592
6.063,-2.933,7.058
6.127,-3.012,7.238
5.757,-2.988,7.034
5.646,-3.668,7.273
5.335,-3.319,7.305
5.95,-3.118,7.151
5.053,-2.833,7.47
5.606,-3.082,7.685
6.013,-2.945,7.386
5.316,-3.199,7.247
5.161,-3.072,7.728
5.362,-2.527,7.644
5.9,-2.802,7.381
6.075,-2.673,7.254
5.838,-3.816,7.204
5.929,-2.866,7.084
5.572,-1.95,6.891
6.369,-1.653,7.324
4.316,-4.663,8.721
6.063,-4.587,6.879
6.278,-4.254,6.199
7.211,-3.512,6.08
6.541,-2.55,7.044
5.728,-3.955,8.446
4.455,-2.917,8.032
5.278,-2.07,7.905
4.656,-2.326,7.941
4.113,-2.256,8.632
4.4,-1.302,8.092
6.838,-1.936,7.367
5.759,-3.024,7.266
5.704,-3.161,7.307
5.56,-3.656,7.183
5.127,-3.12,7.388
5.261,-2.797,7.46
5.374,-3.175,7.762
5.534,-3.089,7.709
5.589,-2.486,7.886
5.56,-2.732,7.675
6.319,-2.39,7.541
5.0,-2.629,7.649
5.168,-2.859,7.477
5.376,-2.771,7.642
4.943,-2.759,8.075
5.757,-2.414,8.106
5.776,-2.584,7.534
5.749,-3.027,7.075
5.539,-3.419,7.159
5.422,-3.345,7.453
5.355,-3.129,7.312
5.556,-2.795,7.458
5.328,-3.098,7.496
5.493,-3.364,7.398
5.333,-3.252,7.446
5.331,-2.689,7.709
5.462,-2.89,7.692
5.347,-3.378,7.501
5.462,-3.79,7.374
5.053,-3.924,7.573
5.187,-2.572,7.864
5.182,-2.316,8.003
5.06,-2.603,8.089
5.17,-2.632,8.113
4.938,-2.428,8.094
5.249,-1.211,8.216
5.008,-1.156,8.386
5.247,-1.79,8.207
5.01,-2.881,8.027
5.328,-3.34,7.592
5.06,-2.976,7.446
5.123,-2.641,7.831
5.481,-2.385,7.879
5.213,-2.562,7.831
5.283,-2.565,7.757
5.192,-2.866,7.848
4.831,-2.232,8.07
5.297,-1.821,8.123
5.17,-2.237,8.099
4.945,-2.653,8.068
4.89,-2.838,8.049
4.929,-2.522,8.647
5.079,-2.991,7.86
5.333,-1.998,7.936
5.233,-2.237,8.001
5.02,-2.627,8.068
4.689,-2.711,8.192
4.898,-2.804,8.082
5.888,-1.711,8.876
4.907,-2.33,7.819
4.783,-2.878,7.919
4.699,-3.575,7.994
5.888,-4.637,9.544
5.582,-2.44,7.934
4.175,-2.838,7.288
5.218,-2.835,8.3
5.087,-2.708,7.986
4.871,-2.512,8.305
4.802,2.072,8.235
9.317,-12.023,11.666
5.419,-6.099,9.073
4.852,-3.484,7.943
5.443,-3.149,8.398
5.434,-3.015,7.515
5.67,-3.096,7.663
4.823,-3.73,7.273
4.563,-3.493,7.9
4.544,-3.395,7.972
4.881,-3.12,7.85
4.955,-3.055,7.912
4.9,-3.074,7.986
5.225,-3.113,7.797
4.804,-2.759,8.061
4.383,-2.321,8.41
4.91,-2.498,8.166
4.862,-2.139,8.312
4.441,-1.751,8.575
4.821,-1.926,8.408
4.986,-2.278,8.226
4.919,-2.67,8.149
5.513,-2.498,8.376
4.625,-4.115,7.951
4.477,-3.022,8.123
3.95,-3.266,7.764
4.144,-2.476,8.183
4.551,-9.688,9.144
3.149,-4.811,7.077
4.484,-1.857,8.809
4.378,-2.486,8.274
5.024,-2.127,8.357
4.979,-2.543,8.166
4.615,-2.608,8.168
4.668,-2.814,8.058
4.931,-3.005,7.706
5.374,-2.929,7.558
5.199,-3.534,7.623
5.261,-3.943,7.498
5.211,-3.467,7.494
5.178,-2.962,7.766
5.017,-2.187,8.171
4.823,-1.761,8.491
4.383,-1.823,8.719
4.249,-1.778,8.793
4.685,-2.0,8.422
5.108,-2.094,8.254
5.089,-1.943,8.149
4.886,-2.256,8.175
5.053,-2.613,7.984
5.003,-2.689,7.807
5.19,-2.751,7.628
5.579,-2.89,7.465
5.489,-3.646,7.364
5.072,-4.11,7.41
5.225,-3.261,7.498
4.998,-2.61,7.721
5.632,-2.405,7.896
6.015,-5.24,12.228
4.005,-3.326,7.986
4.876,-3.464,8.118
4.07,-3.259,8.058
5.223,-1.651,8.283
4.953,-2.216,8.367
4.601,-2.029,8.479
4.718,-1.924,8.362
4.773,-2.192,8.307
4.962,-1.782,8.271
4.742,-2.488,8.149
4.809,-3.01,8.07
4.998,-3.297,7.891
5.29,-3.012,7.833
5.166,-3.027,7.848
4.742,-2.909,7.958
4.558,-2.761,8.166
4.735,-2.617,8.152
4.893,-2.433,8.106
4.713,-2.462,8.297
4.584,-2.431,8.343
4.666,-2.467,8.312
4.919,-2.639,8.233
5.015,-2.472,8.247
4.742,-2.395,8.24
4.532,-2.464,8.317
4.453,-2.373,8.341
4.637,-2.663,8.312
4.831,-2.5,8.178
4.948,-2.462,8.161
4.878,-2.594,8.061
4.852,-2.806,8.065
4.929,-2.94,7.991
4.78,-2.785,8.111
4.828,-2.883,8.039
5.032,-2.701,8.022
5.149,-2.902,7.915
5.034,-3.034,7.855
4.89,-3.003,7.953
4.859,-3.153,8.046
4.618,-3.287,8.12
4.328,-0.761,5.056
5.374,-2.814,8.393
5.56,-3.208,8.034
4.79,-2.539,8.104
4.393,-2.07,8.259
4.898,-3.125,9.087
4.161,-1.266,8.439
4.989,-2.407,8.857
4.888,-2.567,8.384
4.926,-2.101,8.262
4.749,-2.996,8.039
4.816,-3.46,7.989
4.953,-3.407,7.723
5.233,-3.369,7.558
5.017,-3.634,7.364
5.118,-3.551,7.589
5.067,-3.859,7.651
5.01,-3.594,7.79
5.084,-2.859,7.848
4.912,-2.553,8.056
5.12,-2.488,8.075
5.084,-2.591,8.032
5.206,-2.668,7.924
4.632,-2.742,8.128
4.811,-2.586,8.142
5.187,-2.737,7.965
5.046,-2.981,7.874
5.089,-2.749,7.797
5.051,-2.687,7.888
4.9,-2.718,8.049
4.902,-2.909,7.85
4.984,-3.043,7.797
5.245,-2.601,7.776
5.3,-3.125,7.857
6.149,-5.565,11.114
5.096,-3.503,7.293
5.467,-3.582,7.515
4.469,-2.395,7.673
5.465,-2.464,8.051
4.795,-2.527,8.25
4.979,-2.414,8.034
5.12,-2.639,7.907
5.235,-2.842,7.809
5.285,-2.768,7.709
5.276,-3.115,7.592
5.438,-3.223,7.482
5.419,-3.529,7.372
5.469,-3.503,7.412
5.218,-3.393,7.568
5.199,-3.196,7.613
5.256,-3.134,7.606
5.256,-3.278,7.673
5.271,-3.29,7.814
5.01,-3.015,7.965
5.06,-2.582,8.053
5.024,-2.426,8.075
4.967,-2.594,8.08
4.931,-2.625,8.104
5.201,-2.479,7.848
5.01,-2.591,7.924
4.984,-2.639,7.958
4.998,-3.034,7.881
4.933,-3.216,7.943
4.907,-3.151,7.905
5.17,-2.428,7.984
5.209,-2.46,7.922
5.134,-3.125,7.769
5.099,-3.206,7.8
5.271,-2.988,7.829
5.225,-2.617,7.936
5.484,-2.474,7.8
5.197,-2.519,7.8
4.953,-2.926,7.886
5.003,-3.039,7.948
5.003,-2.728,7.963
5.259,-2.206,8.108
5.29,-2.409,7.867
4.996,-2.905,7.917
4.876,-2.895,7.984
4.96,-2.668,8.041
4.991,-2.488,7.989
5.223,-2.283,7.982
5.108,-2.828,7.869
5.245,-3.046,7.766
4.905,-3.137,7.922
4.857,-2.921,7.812
5.022,-2.931,7.776
5.309,-2.716,7.8
5.175,-2.639,7.888
5.046,-2.988,7.984
5.118,-2.974,7.941
5.513,-2.677,7.764
4.984,-1.983,8.101
5.632,-4.644,11.027
4.555,-3.153,8.044
4.649,-2.4,8.027
4.852,-2.617,8.092
4.809,-2.041,8.209
5.123,-1.775,8.187
5.005,-2.371,8.07
4.809,-2.328,7.872
5.213,-3.18,7.919
6.848,-5.429,11.587
4.821,-3.316,7.427
4.737,-1.474,7.486
5.24,-2.486,7.635
4.369,-2.287,8.197
6.036,-2.584,7.733
4.945,-2.586,7.812
5.192,-2.847,7.817
6.154,-4.254,7.644
5.977,-4.24,7.833
3.704,-2.797,7.453
4.89,-2.082,8.515
5.524,-1.452,8.056
5.986,-2.201,7.934
5.45,-3.086,7.84
3.503,-1.952,7.924
7.049,-4.61,13.461
5.56,-2.893,8.408
6.158,-2.907,7.18
4.125,-3.673,7.998
4.675,-1.132,8.152
6.072,-1.94,7.896
4.587,-2.163,8.006
4.924,-2.555,7.912
7.601,-4.699,14.322
5.572,-3.888,7.848
4.919,-2.211,7.314
4.539,-2.275,8.274
5.462,-1.842,7.958
5.991,-2.431,7.829
4.967,-2.617,7.788
4.991,-2.613,7.69
4.764,-4.819,11.413
6.639,-2.546,8.092
6.08,-3.565,7.333
3.699,-3.85,7.771
5.012,-2.086,7.893
5.931,-2.321,7.8
4.955,-2.146,7.817
4.594,-2.524,7.912
2.541,-3.792,4.354
5.974,-2.428,8.494
6.824,-2.778,7.046
2.842,-1.823,7.74
5.635,-1.931,8.331
5.84,-3.06,7.584
5.151,-3.012,7.86
5.096,-2.531,7.549
-0.376,0.313,-5.362
5.749,-2.436,8.776
6.608,-3.804,7.288
3.106,-2.637,8.001
4.584,-1.79,8.118
6.532,-2.381,7.601
5.651,-3.441,7.769
5.967,-4.575,7.57
6.967,-5.678,13.891
5.601,-3.371,7.826
6.419,-3.177,7.154
2.888,-1.89,7.19
5.024,-2.62,7.943
6.479,-2.926,7.422
5.673,-2.89,7.785
3.912,-2.866,7.728
5.115,-2.924,7.907
6.96,-5.651,10.951
6.654,-3.898,7.297
4.223,-2.371,6.922
4.634,-2.383,7.474
5.821,-2.555,7.656
5.4,-2.847,7.781
4.118,-2.531,7.704
5.532,-3.11,7.68
7.864,-3.931,13.528
6.927,-3.338,7.855
4.883,-4.0,6.943
4.299,-2.498,7.699
5.127,-1.893,8.073
6.094,-2.237,7.752
4.582,-2.732,7.829
5.474,-2.984,7.577
8.872,-4.187,19.88
5.891,-3.156,7.97
5.472,-3.429,6.883
5.556,-2.364,6.965
4.546,-2.637,7.829
5.032,-2.629,8.056
5.489,-2.742,7.757
5.52,-2.598,7.742
5.166,-3.039,7.795
5.508,-3.039,7.79
5.12,-3.407,7.795
5.046,-3.043,7.745
4.783,-2.766,7.989
5.302,-2.172,7.943
4.91,-2.634,8.025
5.142,-2.773,7.836
5.316,-2.972,7.637
5.364,-2.842,7.546
5.319,-2.964,7.702
5.544,-2.919,7.697
5.398,-2.948,7.584
5.182,-2.926,7.79
5.187,-2.732,7.671
5.051,-3.029,7.754
5.053,-3.302,7.769
5.259,-3.452,7.678
5.142,-3.036,7.754
4.864,-2.682,7.936
4.967,-2.555,8.049
4.993,-2.842,7.998
5.005,-3.125,7.986
5.242,-2.919,7.915
5.221,-2.414,7.654
4.888,-2.708,7.91
4.744,-3.065,8.073
4.828,-2.747,8.094
4.996,-2.914,7.979
4.816,-2.754,8.063
4.953,-2.84,7.943
4.864,-2.902,8.008
4.544,-3.003,7.979
4.118,0.854,5.907
4.493,-2.651,8.867
