-1.158,-0.608,9.963
-1.278,-0.581,9.994
-1.022,-0.486,9.982
-0.979,-0.553,9.956
-1.01,-0.586,9.932
-0.974,-0.581,9.893
-0.981,-0.481,9.829
-1.349,-0.5,10.109
-0.888,-0.775,9.762
-0.761,-0.605,9.812
-1.579,-1.349,10.02
-1.357,-1.342,10.209
-0.916,-0.813,9.75
-0.581,-1.404,9.647
-1.412,-0.77,10.109
-1.309,-0.904,10.283
-0.775,-0.426,10.027
-0.78,-0.383,10.034
-0.773,-0.285,9.977
-0.727,-0.266,9.984
-0.912,-0.268,10.011
-0.526,-0.335,9.989
-0.572,-0.081,9.917
-1.005,-0.373,10.03
-1.428,-0.797,10.07
-0.572,-0.873,9.97
-0.093,-0.806,9.759
-0.502,-0.854,9.623
-1.251,-0.718,10.02
-1.11,-0.51,9.97
-1.136,-0.414,9.987
-0.876,-0.316,10.025
-0.244,-0.263,9.793
-0.981,-0.366,10.044
-1.572,-0.232,10.164
-0.177,1.026,9.575
-0.9,-0.184,9.778
-1.096,-0.376,10.061
-1.342,-0.419,10.051
-1.153,-0.431,9.884
-1.139,-0.593,9.819
-0.955,-1.192,9.889
-1.67,-0.175,10.121
-0.797,-0.488,9.838
-1.225,-0.29,10.032
-1.448,-0.452,10.097
-1.12,-0.443,9.944
-1.127,-0.548,9.881
-0.854,-0.414,9.75
-0.995,-0.4,9.862
-1.347,-0.586,10.075
-1.251,-0.543,10.006
-1.115,-0.526,9.944
-1.158,-0.593,9.944
-0.708,-0.28,9.661
-1.261,-0.44,10.042
-1.27,-0.553,10.034
-1.146,-0.55,9.953
-1.048,-0.601,9.929
-1.11,-0.538,9.862
-1.093,-0.49,9.932
-1.058,-0.505,9.829
-1.067,-0.536,9.965
-1.122,-0.557,10.006
-1.175,-0.522,9.944
-1.058,-0.44,10.03
-0.763,-0.373,9.644
-0.969,-0.378,9.812
-0.799,-0.476,9.807
-1.254,-1.017,9.912
-2.022,0.074,10.475
-0.842,-0.524,10.109
-1.156,-0.55,10.003
-0.483,-0.711,9.759
-1.534,-0.335,10.08
-0.701,-0.447,9.786
-1.022,-0.476,9.86
-1.266,-0.73,9.999
-1.077,-0.62,9.915
-1.031,-0.584,9.877
-1.151,-0.653,9.951
-1.242,-0.656,10.025
-1.081,-0.601,9.917
-1.038,-0.617,9.886
-1.058,-0.646,9.893
-1.127,-0.601,9.944
-1.043,-0.581,9.924
-1.093,-0.689,9.912
-0.974,-0.562,9.896
-1.077,-0.629,9.924
-1.05,-0.646,9.9
-1.194,-0.66,9.874
-1.201,-0.816,9.896
-1.079,-0.811,9.908
-1.125,-0.849,9.898
-1.139,-0.835,9.877
-1.192,-0.682,9.927
-1.144,-0.471,9.857
-1.134,-0.495,9.967
-1.105,-0.593,9.948
-1.091,-0.634,9.879
-1.019,-0.672,9.865
-1.026,-0.476,9.951
-1.041,-0.452,9.953
-1.122,-0.534,9.932
-1.175,-0.684,9.848
-1.127,-0.646,9.848
-1.05,-0.502,9.884
-2.0,0.251,9.633
-1.309,-0.459,10.692
-1.247,-0.294,9.879
-1.67,-0.455,9.74
-1.376,-1.177,10.001
-0.823,-0.531,9.752
-1.077,-0.562,9.889
-1.129,-0.443,9.963
-1.127,-0.524,9.975
-1.101,-0.641,9.865
-1.067,-0.682,9.831
-1.235,-0.708,9.956
-1.139,-0.675,9.836
-1.208,-0.73,9.855
-1.18,-0.766,9.908
-1.206,-0.778,9.944
-1.153,-0.62,9.874
-1.273,-0.488,9.946
-1.005,-0.325,9.9
-1.055,-0.476,9.9
-1.005,-0.507,9.872
-0.952,-0.481,9.817
-1.18,-0.541,9.934
-1.318,-0.574,10.018
-0.991,-0.488,9.869
-1.404,-0.651,9.991
-0.94,-0.572,9.793
-1.132,-0.656,9.855
-1.18,-0.763,9.944
-1.223,-0.675,9.853
-1.258,-0.675,9.972
-1.017,-0.646,9.848
-1.294,-0.663,9.927
-1.122,-0.598,9.91
-1.165,-0.651,9.905
-0.943,-0.553,9.836
-1.218,-0.538,9.944
-0.859,-0.49,9.75
-1.215,-0.605,9.872
-2.711,0.093,10.793
-0.378,-0.78,9.912
-2.043,-0.376,9.967
-1.007,-0.73,9.848
-1.237,-0.687,9.853
-1.053,-0.675,9.826
-0.828,-0.115,9.822
-1.347,-0.723,9.956
-1.538,-0.845,10.056
-1.268,-0.861,9.889
-0.615,-0.127,9.798
-1.756,-0.462,9.903
-1.971,-0.873,10.156
-1.146,-0.624,9.838
-0.983,-0.682,9.731
-1.28,-0.914,9.79
-1.816,-0.983,10.123
-1.395,-0.414,9.877
-0.084,0.711,10.429
-1.904,-1.103,10.226
-1.706,-0.964,10.027
-0.534,-0.383,9.697
-1.605,-0.794,10.075
-1.467,-0.806,9.92
-0.916,-0.385,9.685
-1.902,-1.601,10.161
-1.936,-0.928,10.023
-1.136,-0.081,9.793
-0.534,-0.739,9.479
-1.294,-0.488,9.795
-1.12,-1.79,9.733
-1.768,0.701,9.953
-2.156,-0.486,10.056
-1.751,0.345,9.999
-1.828,-0.5,10.257
-1.845,-0.883,9.874
-1.644,-0.981,9.912
-1.524,-0.593,9.625
-1.184,-0.955,10.037
-1.534,-0.452,9.764
-1.672,-0.617,9.633
-1.519,-0.859,10.149
-1.067,-0.751,9.984
-0.895,-0.409,9.824
-1.672,-0.486,10.013
-1.397,-0.864,9.867
-1.27,-1.589,9.853
-1.251,-1.318,9.542
-1.268,-1.464,9.434
-1.83,-1.854,9.908
-1.715,-1.452,9.857
-1.818,-0.629,10.023
-1.936,-1.546,10.231
-1.964,-0.309,9.676
-3.027,0.325,10.405
1.292,-0.624,8.967
-1.838,-0.246,10.023
-2.11,-1.225,10.056
-1.416,-1.531,9.723
-1.218,-0.751,9.793
-1.409,-0.792,9.805
-1.543,-0.586,9.881
-1.412,-0.459,9.9
-1.438,-0.66,9.886
-1.598,-0.971,9.79
-1.641,-0.964,9.795
-1.488,-0.737,9.8
-1.419,-0.455,9.848
-1.469,-0.529,9.905
-1.488,-0.548,9.879
-1.471,-0.653,9.865
-1.62,-0.749,9.908
-1.524,-0.646,9.836
-1.402,-0.469,9.877
-1.512,-0.624,9.886
-1.526,-0.778,9.838
-1.579,-0.797,9.838
-1.522,-0.751,9.86
-1.486,-0.536,9.814
-1.428,-0.562,9.889
-1.548,-0.593,9.843
-1.553,-0.684,9.831
-1.548,-0.651,9.855
-1.562,-0.84,9.831
-1.522,-0.811,9.822
-1.581,-0.768,9.824
-1.646,-0.636,9.857
-1.45,-0.287,9.924
-1.397,-0.356,9.934
-1.706,-0.799,9.85
-1.646,-0.897,9.807
-1.555,-0.577,9.826
-1.455,-0.668,10.075
-1.553,-0.691,9.75
-1.802,-0.732,9.869
-1.79,-0.412,9.728
-1.742,0.012,9.857
-1.421,0.122,9.948
-1.591,-0.249,9.987
-1.864,-0.84,9.728
-1.861,-0.689,9.719
-1.586,-0.244,9.836
-1.414,-0.043,9.886
-1.706,-0.227,9.877
-1.723,-0.445,9.85
-1.725,-0.402,9.833
-1.637,-0.316,9.924
-1.613,-0.122,9.836
-1.526,-0.227,9.857
-1.651,-0.524,9.939
-1.782,-0.601,9.788
-1.692,-0.538,9.798
-1.591,-0.242,9.872
-1.656,-0.342,9.889
-1.581,-0.51,9.836
-1.799,-0.505,9.824
-1.78,-0.328,9.802
-1.522,-0.038,9.85
-1.421,-0.223,9.872
-1.718,-0.713,9.924
-1.914,-0.787,9.728
-1.835,-0.313,9.795
-1.548,0.256,9.917
-1.5,0.132,9.984
-1.907,-0.4,9.85
-1.878,-0.646,9.704
-1.711,-0.268,9.829
-1.584,-0.1,9.927
-1.833,-0.22,9.903
-1.904,-0.299,9.805
-1.768,-0.057,9.781
-1.665,0.158,9.896
-1.522,0.0,9.934
-1.761,-0.366,9.826
-1.861,-0.675,9.735
-1.605,-0.455,9.822
-1.701,-0.146,9.896
-1.732,-0.273,9.795
-1.634,-0.074,9.848
-1.756,-0.036,9.836
-1.866,-0.17,9.879
-1.718,0.115,9.845
-2.055,-1.28,11.671
-2.656,2.493,13.788
-2.419,-2.144,14.87
-2.816,6.343,13.36
-2.206,-0.057,10.764
-1.854,0.208,10.092
-1.67,0.536,9.944
-1.507,0.4,9.877
-2.012,0.112,9.975
-1.811,-0.069,9.702
-1.735,0.079,9.819
-1.457,-0.213,9.896
-1.904,-0.337,9.833
-1.859,-0.534,9.676
-1.768,0.031,9.778
-1.72,0.175,9.91
-1.493,0.124,9.812
-1.802,-0.165,9.924
-1.948,-0.318,9.709
-1.83,0.096,9.807
-1.682,0.258,9.898
-1.861,0.089,10.023
-1.902,-0.103,9.649
-1.986,-0.127,9.745
-1.675,0.201,9.824
-1.512,0.132,9.917
-2.098,-0.526,10.111
-1.936,-0.457,9.628
-1.916,-0.105,9.755
-1.479,-0.057,9.898
-1.682,-0.359,10.061
-2.113,-0.859,9.661
-2.141,-0.632,9.568
-1.955,0.316,9.673
-1.768,0.639,9.908
-1.866,0.682,10.001
-2.132,0.179,9.853
-2.316,-0.127,9.628
-1.974,0.12,9.767
-1.759,0.165,9.831
-2.23,-0.158,9.934
-2.156,0.031,9.656
-1.857,0.29,9.64
-1.859,0.356,9.893
-2.01,0.208,9.92
-1.981,-0.208,9.764
-2.256,-0.471,9.609
-2.306,1.125,9.683
-1.991,-5.486,11.874
-0.395,-2.632,5.467
-1.213,-8.534,7.97
-2.048,3.598,8.027
-2.153,1.184,9.192
-1.806,0.656,9.812
-2.043,0.514,9.826
-2.299,-0.002,9.721
-2.239,-0.177,9.616
-2.153,0.409,9.836
-2.151,0.529,9.767
-1.983,0.754,9.965
-1.964,0.304,9.898
-2.338,-0.366,9.857
-2.323,-0.11,9.563
-2.189,0.167,9.984
-2.799,0.78,10.133
-2.091,1.467,9.738
-2.132,0.768,9.288
-2.632,0.821,10.152
-2.527,1.625,10.372
-1.981,1.895,10.164
-1.436,1.9,9.649
-1.486,1.402,9.752
-2.027,0.651,9.865
-2.223,0.16,9.731
-2.17,0.493,9.877
-2.151,1.567,9.963
-2.472,1.675,10.271
-2.314,1.136,10.702
-2.529,-0.194,9.532
-2.601,0.256,9.355
-2.519,1.663,9.752
-2.259,1.938,9.671
-2.299,1.742,9.044
-2.156,1.924,8.47
-2.275,1.744,8.415
-2.409,1.426,8.568
-2.68,1.275,8.283
-2.488,2.177,8.62
-2.314,2.775,8.929
-2.196,2.888,8.951
-2.216,2.488,8.893
-2.318,1.835,9.147
-2.424,1.632,9.188
-2.306,2.0,9.092
-1.823,2.541,8.544
-2.019,2.567,8.702
-2.73,1.833,9.412
-2.969,1.366,9.774
-2.795,1.117,10.049
-3.268,0.833,11.025
-4.189,1.696,12.48
-4.689,0.232,11.207
-3.938,0.864,10.453
-1.663,2.596,4.948
-3.366,6.235,13.202
-2.505,9.508,9.946
-0.679,1.766,1.888
-0.88,-11.702,6.589
-3.986,4.132,15.135
-1.885,6.874,5.584
-3.417,4.015,13.219
-3.529,1.658,11.465
-3.393,2.074,9.733
-2.517,1.845,8.707
-3.302,1.715,9.073
-1.967,1.931,9.204
-2.316,1.383,9.338
-2.017,0.431,10.389
-0.402,1.866,10.91
-1.225,-0.725,10.161
-2.9,-3.407,8.467
-2.548,-5.874,6.383
-5.154,-3.005,13.389
-0.811,-0.744,-2.735
-1.945,10.03,10.432
-0.421,5.544,4.993
0.392,1.732,11.822
-3.646,2.72,10.508
-3.787,-0.974,9.659
-1.421,2.134,10.549
-1.818,-1.543,8.616
-1.773,-7.336,9.783
-1.715,0.77,13.645
-2.352,1.909,11.233
-0.653,-0.139,7.86
-1.617,5.101,12.731
-2.811,4.288,9.207
-5.596,-2.28,8.159
-0.723,1.955,9.838
0.234,3.527,11.307
-1.83,0.182,11.922
-1.849,-1.069,11.97
-2.158,-2.94,12.171
-3.115,-4.431,10.692
-2.936,-4.388,10.233
-0.534,-4.089,10.145
0.11,-5.099,11.303
0.476,-6.144,10.295
1.263,-5.496,10.436
2.294,-4.967,8.786
2.462,-3.716,8.204
2.792,-2.034,7.379
2.223,-2.378,6.321
1.534,-3.053,5.017
1.175,-3.29,3.505
0.701,-2.278,3.469
-0.134,-1.328,4.087
-0.813,-1.543,5.099
-1.483,-2.16,5.216
-2.417,-2.716,4.883
-2.558,-3.185,4.431
-3.697,-4.558,5.383
-6.187,-6.123,6.288
-6.903,-5.534,5.917
-7.522,-4.85,7.788
-9.58,-6.824,8.278
-10.147,-8.338,7.364
-10.496,-5.314,7.659
-9.625,-4.024,8.159
-8.953,-4.024,7.75
-8.238,-5.603,8.281
-8.369,-6.563,7.917
-5.936,-4.433,8.013
-3.764,-4.953,9.022
-4.697,-6.034,7.745
-2.854,-6.118,8.113
-4.142,-5.733,7.979
-2.665,-4.627,8.472
-1.223,-5.914,8.281
-1.806,-5.51,7.187
-1.89,-7.202,6.766
1.529,-1.637,9.855
-0.737,-7.118,6.123
0.151,-7.721,4.761
-0.318,-9.19,4.343
-1.014,-8.632,6.235
-0.301,-7.477,7.139
0.414,-8.171,7.278
-0.294,-7.706,8.101
-1.431,-7.702,8.527
-0.232,-7.769,7.819
-0.524,-6.202,9.013
-0.304,-6.185,9.374
-2.177,-6.302,10.073
-1.153,-6.252,8.998
-2.546,-6.671,10.135
-2.558,-4.232,9.405
-4.118,-1.302,8.252
-7.039,0.014,9.951
-8.477,2.914,12.044
-7.661,5.252,13.729
-9.659,4.017,13.985
-9.592,4.584,13.142
-9.556,3.106,11.97
-6.137,0.756,9.896
-5.948,0.033,9.042
-5.156,3.5,9.762
-4.163,2.924,7.039
-5.247,0.084,6.393
-6.63,0.775,6.575
-6.173,-3.443,3.783
-7.283,-2.01,3.515
-7.953,-3.924,3.823
-8.034,-5.209,5.654
-5.991,-5.943,4.496
-7.317,-4.84,2.464
-6.716,-7.116,3.845
-4.223,-7.45,3.395
-5.134,-9.647,5.453
-3.256,-11.865,3.268
-1.034,-9.384,2.113
-2.811,-5.635,-0.964
-4.029,-11.142,-1.718
-6.096,-14.454,-1.125
-5.972,-8.233,-2.938
-6.668,-10.625,-1.646
-5.369,-9.654,-1.493
-6.01,-9.396,0.495
-5.938,-6.218,-1.964
-6.8,-7.245,-2.701
-8.388,-7.857,-3.926
-5.838,-7.709,-4.168
-4.347,-11.618,-6.008
-5.977,-11.338,-7.044
-3.436,-10.472,-6.194
-5.728,-8.711,-7.345
-4.912,-9.391,-8.288
-5.149,-9.692,-8.79
-4.532,-9.061,-8.998
-2.718,-9.054,-10.247
-2.562,-8.893,-9.293
-3.51,-8.073,-8.635
-1.574,-9.537,-9.91
-1.038,-9.877,-9.039
-1.969,-7.781,-9.549
-1.859,-6.565,-8.57
-0.883,-7.606,-9.295
-2.005,-10.226,-8.917
-1.084,-9.692,-9.01
-1.196,-9.96,-8.618
0.278,-10.635,-8.07
1.182,-10.312,-7.436
0.969,-9.97,-5.261
-0.813,-10.329,-5.144
-0.804,-11.487,-2.912
3.156,-9.649,-2.029
3.723,-5.759,-1.524
-4.795,-6.235,4.74
0.811,-3.414,6.824
-0.732,-4.642,8.608
-0.043,-3.857,9.946
0.057,-3.127,10.592
0.83,-2.763,11.499
0.263,-3.835,11.367
1.593,-2.428,11.2
0.79,7.398,13.152
-2.046,4.577,9.176
-2.129,-2.673,11.085
-0.629,-6.211,9.061
0.079,-7.704,7.86
-0.902,-1.201,12.135
-2.756,-1.625,10.389
-2.017,0.651,10.85
-1.113,-2.701,9.64
0.091,-5.197,6.582
14.188,2.644,8.649
3.512,-8.836,5.635
2.0,8.86,4.788
12.807,15.604,21.117
9.991,3.742,13.47
7.955,-1.067,10.023
8.542,11.066,6.644
4.247,-1.242,3.711
4.938,1.27,6.099
-2.218,-3.68,3.213
-7.293,-1.538,2.792
-10.987,-7.022,5.089
-8.343,-3.744,5.491
2.931,-0.816,9.58
0.287,-1.402,7.977
-2.878,-8.343,3.651
0.79,-7.984,6.156
-2.768,-3.61,9.539
-1.211,-10.116,7.159
-1.51,-5.642,9.288
-1.316,-5.453,9.623
-1.938,-6.589,10.401
-1.749,-6.237,9.29
-2.383,-5.156,10.204
-3.086,-6.072,10.649
-2.304,-5.675,9.755
-1.445,-5.213,9.568
-0.73,-6.728,8.766
-1.811,-4.407,9.881
-1.565,-5.448,8.673
-0.864,-5.867,8.467
-1.715,-6.359,8.396
-1.653,-6.283,9.283
-0.093,-4.764,10.113
-1.519,-4.744,9.484
-1.919,-5.838,8.975
-0.84,-5.57,8.405
-1.498,-4.56,8.836
-2.469,-6.47,8.053
-1.249,-4.149,10.061
-1.282,-5.254,8.742
-3.084,-6.247,8.97
-0.244,-4.197,8.776
-2.357,-5.297,8.302
-2.897,-4.532,7.716
-1.041,-4.541,8.226
-1.086,-4.264,8.683
-1.72,-4.596,9.365
-2.366,-2.881,8.431
-1.694,-4.228,6.826
-1.979,-5.792,7.618
-1.184,-3.575,8.333
-2.058,-2.536,9.25
-2.036,-2.242,8.723
-2.309,-4.118,7.508
-1.893,-4.221,7.747
-1.983,-3.228,9.161
-1.072,-2.718,9.513
-1.634,-2.187,9.439
-1.967,-2.28,9.116
-2.72,-2.802,9.51
-2.55,-3.627,8.405
-2.842,-2.768,8.685
-2.594,-2.048,8.951
-3.084,-1.842,9.207
-2.862,-2.192,9.377
-2.034,-2.132,9.042
-0.909,-2.584,8.518
0.227,-2.285,8.707
0.766,-0.988,9.623
1.62,-0.534,10.324
2.225,0.768,10.726
3.936,1.122,9.68
2.584,-0.476,8.86
-0.191,-5.01,6.553
-5.716,-8.965,7.058
-5.199,-6.68,9.956
-3.252,-5.666,10.334
-1.325,-5.276,10.977
-2.474,-5.036,11.408
-0.541,-4.299,11.905
-0.742,-2.527,12.305
-2.742,-3.953,12.561
-2.177,-3.376,12.401
-1.122,-2.62,11.582
-0.287,-2.347,10.728
-1.01,-3.905,9.721
-1.668,-3.417,10.692
-1.407,-2.527,11.171
0.246,-4.29,9.458
-1.022,-4.362,8.735
-0.95,-3.496,9.274
-0.835,-4.666,9.731
-0.842,-4.158,9.463
-1.22,-4.012,8.376
-1.206,-3.577,6.802
-0.852,-4.079,7.386
-1.115,-4.103,8.558
-2.653,-4.57,10.24
-1.522,-3.766,9.9
-2.125,-3.522,9.977
-1.866,-3.252,9.592
-1.56,-3.381,9.357
-1.05,-2.857,9.403
-1.488,-2.859,8.69
0.01,-3.101,7.893
-0.763,-2.517,9.489
-2.33,-2.787,10.274
-2.519,-2.962,9.348
-1.369,-2.495,8.522
-0.596,-2.811,8.821
-1.359,-2.773,10.111
-2.314,-2.574,9.597
-1.627,-2.194,8.867
-0.644,-2.711,9.396
-1.34,-3.089,9.786
-1.412,-2.859,10.011
-1.325,-2.677,9.544
-1.651,-2.436,8.647
-0.017,-1.117,8.594
0.481,-1.436,8.463
1.256,0.955,8.649
-2.768,-0.529,10.764
-3.565,-2.78,9.589
-3.362,-4.321,10.168
0.531,-2.775,10.02
2.998,-1.928,10.188
4.029,0.802,11.408
2.696,-0.553,10.695
5.056,-2.144,7.357
5.95,0.091,7.001
0.79,-1.187,6.269
-0.141,-6.371,4.12
-6.403,-11.748,6.07
-7.163,-10.3,9.221
-1.782,-6.874,8.113
3.563,-4.783,8.778
-0.06,-1.103,10.078
-1.759,-0.514,12.353
-1.072,-6.168,11.341
0.639,-7.718,11.243
0.629,-8.939,10.073
1.077,-6.393,9.977
-0.952,-5.056,11.858
-2.11,-5.108,11.738
-0.031,-7.161,10.757
-0.352,-5.472,9.924
0.586,-5.015,8.321
-0.431,-5.678,9.36
-0.292,-4.398,10.759
0.567,-3.795,10.685
0.184,-4.369,9.884
1.914,-4.898,8.778
1.412,-3.208,9.817
-0.335,-3.304,9.671
1.445,-1.763,8.74
1.95,-3.012,7.642
1.325,-4.252,5.969
1.12,-3.759,6.304
1.565,-2.704,6.001
2.778,-2.417,5.357
3.235,-2.077,5.125
3.85,-2.586,4.307
3.9,-5.0,4.919
0.672,-4.192,7.953
-1.081,-3.405,8.68
0.833,-1.751,8.931
1.23,-2.412,7.553
0.723,-3.393,7.671
0.682,-3.902,8.195
-1.187,-2.608,9.257
-1.682,-2.814,9.106
-0.971,-0.627,8.975
-1.658,-0.553,8.463
-1.266,-1.44,8.149
0.445,-3.211,7.326
-0.306,-4.498,7.144
0.11,-5.383,7.386
1.029,-2.842,7.934
-0.373,-1.029,9.398
-1.936,-2.122,9.424
0.261,-3.682,8.601
0.541,-3.295,8.25
-2.318,-1.285,10.386
0.244,-0.644,9.601
-1.577,-3.687,10.255
-0.792,-5.407,9.216
-0.94,-2.125,9.939
1.558,-0.347,9.814
0.536,-0.352,11.793
-0.589,-3.845,9.939
0.165,-5.309,9.044
-0.232,-3.938,9.575
0.407,-2.972,10.039
-0.479,-3.795,9.544
-1.593,-5.053,9.589
0.136,-4.008,9.915
0.746,-2.646,9.101
0.754,-3.598,8.912
-0.613,-5.479,8.91
-0.605,-5.187,9.281
0.148,-4.362,10.039
1.275,-3.328,9.831
0.457,-3.921,9.185
-0.495,-6.783,8.068
0.0,-7.345,7.534
0.739,-5.644,6.845
3.369,-6.613,6.273
2.067,-6.481,5.113
-1.125,-4.883,5.201
-2.811,-2.567,5.359
-3.036,-1.359,4.689
-4.283,-1.68,5.209
-8.484,1.325,5.845
-9.19,3.11,2.01
-6.635,-7.228,-3.799
-6.281,-10.386,-5.144
-7.367,11.554,-2.594
-9.924,7.185,0.519
-17.784,-6.903,-1.62
-19.007,1.876,0.395
-18.162,-2.661,0.691
-23.313,5.288,2.792
-20.074,2.606,1.194
-21.701,-2.787,-4.5
-15.329,-19.078,-6.178
-18.612,-4.28,-1.426
-20.959,-0.096,-4.448
-22.036,0.23,-8.515
-20.703,-10.099,-9.685
-31.381,-1.79,-12.384
-23.734,-2.735,-5.929
-28.398,-5.261,-3.613
-23.005,-4.713,-4.895
-24.266,0.443,-6.438
-27.507,4.527,-4.18
-20.88,-9.056,-9.293
-20.452,-1.519,-6.204
-16.703,-5.658,-0.136
-13.075,3.955,1.797
-15.097,7.4,3.144
-14.714,-2.371,1.735
-10.697,1.883,2.543
-12.243,0.878,1.407
-8.994,-2.45,1.5
-9.664,3.196,4.209
-6.218,3.34,2.141
-6.197,7.587,3.402
-7.046,4.144,4.371
-7.506,1.373,5.469
-7.723,-1.16,5.821
-5.658,-2.407,3.189
-7.845,-1.373,2.893
-7.527,-1.83,2.479
-7.123,1.794,6.106
-5.965,2.598,3.62
-7.194,0.677,1.498
-8.099,-0.84,5.469
-8.853,2.811,7.47
-8.951,4.555,5.048
-9.31,2.857,3.773
-9.154,2.311,2.194
-9.044,-2.208,2.232
-10.807,-1.644,2.373
-10.728,0.864,5.247
-11.051,-2.689,5.637
-13.286,-5.479,0.522
-16.284,-3.149,-2.438
-18.145,0.239,-3.019
-14.865,2.708,-2.213
-12.035,5.926,-1.864
-12.14,4.639,-0.194
-13.298,1.814,0.211
-14.174,-5.967,2.275
-14.284,0.053,0.266
-13.308,4.254,-1.718
-10.429,5.323,-4.185
-8.479,6.278,-5.292
-8.431,4.146,-4.869
-7.723,0.596,-1.359
-6.214,4.642,-2.419
-5.228,12.171,-4.862
-4.91,8.419,-7.623
-2.809,0.275,-8.106
-1.409,-0.376,-5.072
-15.466,0.493,32.917
-28.579,17.837,9.743
0.727,10.29,4.259
-21.064,8.678,13.279
-22.567,23.088,15.99
3.17,22.069,14.994
-0.234,13.367,10.697
-6.934,7.979,18.48
-3.957,7.307,11.518
-4.23,9.391,14.82
-3.591,7.929,13.04
-1.814,8.061,9.838
3.252,7.826,9.831
-2.05,5.333,7.934
-2.885,2.653,9.903
-2.842,6.539,11.13
1.945,5.302,9.874
2.304,0.696,6.922
0.177,-3.594,8.226
-1.23,-0.077,9.35
-0.273,3.115,9.054
2.206,-3.481,8.86
4.252,-6.422,8.281
2.273,-2.397,10.386
-0.156,1.354,10.97
-0.297,0.557,10.245
-0.297,-0.828,10.19
0.045,-1.605,9.384
-2.527,-1.251,9.917
-4.134,0.278,11.783
-2.139,-3.737,11.396
0.383,-2.61,8.802
1.558,-2.158,8.013
-0.622,-1.914,8.14
-2.574,-1.883,9.343
-0.498,-3.22,8.862
0.215,-3.319,8.475
0.12,-3.062,8.754
0.263,-2.596,9.283
0.498,-3.56,9.034
0.699,-2.242,9.666
-0.498,-2.491,9.621
-0.409,-2.46,9.606
-0.036,-3.467,10.111
1.108,-3.017,9.676
0.799,-2.649,9.518
0.873,-3.242,8.843
2.199,-3.546,8.857
1.263,-3.261,9.068
0.254,-3.866,9.321
-0.577,-4.596,9.731
-0.014,-3.996,9.74
2.029,-4.209,8.786
2.409,-2.948,9.18
-0.947,-4.589,10.472
-0.624,-4.754,9.209
1.297,-2.536,9.355
1.835,-2.383,9.644
-0.799,-3.948,10.276
-0.998,-3.78,10.417
-0.761,-2.771,10.527
1.237,-2.864,8.309
1.438,-1.993,9.575
-0.306,-2.905,10.259
-1.531,-3.019,9.678
0.746,-2.55,8.977
2.342,-0.945,8.647
2.651,-2.227,7.18
1.366,-5.321,4.204
-1.129,-6.197,2.845
-1.206,-2.984,2.512
-1.117,0.636,1.751
-5.084,-0.495,1.727
-12.138,-1.589,2.885
-5.448,1.967,-1.01
-3.024,4.292,-3.68
-19.066,7.931,-2.041
-19.588,2.613,-2.895
-15.444,1.414,-3.208
-19.849,-1.471,-3.596
-20.201,-1.981,-1.189
-15.466,-1.256,-4.512
-19.567,-9.685,-8.781
-23.976,2.027,0.407
-17.648,-3.283,-6.132
-23.878,-2.412,-6.998
-20.562,-7.69,-4.051
-19.2,-4.606,-9.121
-20.241,-2.263,-12.664
-24.572,-6.879,-8.312
-26.692,1.682,-7.271
-23.608,-13.164,-6.788
-25.871,-2.529,-10.377
-27.328,0.474,-8.29
-19.844,-4.335,-1.208
-16.471,4.766,0.787
-25.227,-1.392,3.359
-19.291,0.507,4.173
-14.882,8.221,0.935
-15.401,3.211,3.031
-11.865,2.706,2.275
-12.745,2.383,2.553
-12.824,-0.435,2.244
-7.781,1.404,3.768
-10.099,-1.907,2.85
-7.302,-2.651,3.153
-6.575,-0.199,4.804
-7.075,1.859,9.664
-6.407,4.316,11.02
-6.893,1.325,7.884
-10.728,-0.77,1.876
-8.853,-0.246,4.091
-5.087,-0.775,4.28
-5.046,1.651,3.673
-7.13,2.113,3.716
-8.02,1.696,2.077
-8.927,1.184,5.62
-7.9,2.931,7.383
-7.36,1.33,4.319
-8.085,-1.34,1.749
-9.477,-2.735,1.046
-10.578,-3.041,1.309
-11.259,-2.326,3.811
-11.757,-0.991,4.343
-13.87,-0.203,0.072
-13.908,0.842,-1.536
-15.25,-1.61,-1.323
-14.413,-0.278,-1.61
-14.277,3.35,-1.483
-14.506,5.046,0.172
-13.769,3.948,1.101
-12.197,-2.871,-2.354
-15.016,2.613,-1.18
-13.451,5.266,-0.845
-10.448,5.883,-0.371
-8.018,4.924,-1.256
-6.936,4.261,-2.802
-6.235,4.115,-3.531
-6.398,4.072,-1.574
-5.139,4.57,-1.273
-5.39,4.845,-3.395
-8.455,3.548,-2.969
-5.563,0.079,-1.263
-1.677,0.208,-1.842
-5.668,3.936,2.847
-27.711,1.503,10.317
-1.448,16.43,-0.883
-9.137,11.298,13.999
-14.827,17.834,16.267
-2.067,13.506,10.537
0.278,14.255,2.718
-2.9,9.101,13.587
-2.921,11.532,12.791
-0.869,9.678,6.381
-3.912,4.532,5.472
-0.684,8.963,10.226
1.83,11.367,8.64
-0.919,5.063,8.372
-0.323,4.532,11.535
-0.057,6.214,7.69
-0.663,2.029,8.946
2.428,0.026,8.987
0.935,-1.132,10.609
-0.115,1.969,10.731
-0.139,4.024,10.188
0.577,2.402,11.659
2.206,-0.969,9.771
1.632,-3.519,8.798
-0.124,-1.912,10.116
-0.024,0.519,11.358
-0.579,-0.957,11.042
-2.306,-3.055,9.798
-4.12,-3.486,10.652
-1.306,-1.804,9.616
-1.337,0.546,10.408
-0.842,-1.524,10.092
0.117,-2.495,9.625
-0.211,-4.8,8.19
-0.861,-3.194,9.592
-0.921,-1.175,10.511
-0.979,-3.153,10.697
-0.469,-3.984,8.041
1.462,-2.553,9.003
0.878,-1.849,9.7
-0.483,-1.866,9.594
-0.79,-2.074,9.35
-0.122,-2.893,8.793
1.069,-2.357,8.738
1.361,-2.089,8.824
0.72,-3.199,8.659
1.964,-1.852,9.238
0.27,-2.629,9.269
0.543,-2.397,9.403
-0.385,-3.414,9.331
1.172,-3.129,9.381
0.22,-4.35,9.807
0.141,-3.323,10.29
0.196,-2.627,10.487
1.653,-2.668,9.814
0.715,-3.78,9.592
0.057,-4.515,9.549
0.316,-3.792,9.111
1.244,-2.998,9.898
0.019,-4.201,9.302
-1.381,-3.929,9.778
-0.476,-3.263,9.381
2.003,-2.826,9.109
2.562,-3.625,8.553
1.845,-5.931,7.513
0.479,-6.795,6.675
0.005,-4.864,5.843
0.833,0.053,4.991
0.945,1.9,3.768
-2.17,-1.835,0.105
-5.804,-4.101,-2.682
-9.709,-0.656,1.34
-8.661,10.377,0.876
-11.872,4.929,-0.883
-14.853,-1.462,-1.974
-14.442,1.165,-4.087
-17.767,0.383,-3.452
-13.748,6.123,-0.596
-22.165,5.18,-5.01
-15.167,-10.908,-13.583
-24.172,-3.204,-4.701
-17.851,3.838,-5.352
-20.37,0.292,-3.486
-18.873,2.553,-8.051
-16.688,-1.333,-13.157
-39.47,-13.178,-12.008
-27.797,-10.094,-8.79
-18.617,-11.082,-2.792
-17.846,-2.4,-4.24
-33.81,-6.266,-8.757
-15.411,-1.928,-5.635
-30.343,-0.617,6.379
-19.679,-3.637,4.642
-21.076,0.414,3.823
-15.576,-3.912,4.57
-20.275,6.41,2.723
-14.463,2.33,7.228
-14.025,3.433,2.436
-12.097,1.058,0.23
-12.248,-2.826,-0.156
-9.635,-2.302,-0.191
-7.479,0.002,3.24
-8.209,4.216,6.948
-10.628,6.886,8.001
-7.319,5.254,6.173
-5.335,-0.323,3.821
-6.364,-3.697,4.221
-6.027,-2.457,4.795
-5.233,2.945,4.383
-5.503,2.012,4.278
-7.216,2.077,3.589
-7.666,-1.314,3.986
-6.97,0.0,2.823
-8.788,1.981,4.496
-9.13,4.749,4.575
-8.195,3.881,2.395
-8.051,2.187,3.137
-8.242,0.139,5.434
-9.14,1.548,3.907
-9.348,3.283,2.787
-9.319,1.814,5.285
-9.037,0.672,4.603
-9.889,-0.522,2.89
-11.31,-2.18,3.333
-12.441,-1.048,1.747
-12.487,-0.842,-0.345
-12.91,1.694,-0.345
-13.645,4.943,0.62
-11.437,6.348,1.44
-8.101,1.125,3.397
-8.013,-0.703,-0.026
-11.551,2.486,0.751
-10.889,4.845,1.311
-7.508,3.819,0.902
-5.381,3.125,-0.254
-4.993,5.685,-1.938
-6.785,4.876,0.557
-5.048,0.883,-0.622
-3.17,2.998,-3.244
-4.998,7.211,-4.034
-6.501,3.23,-3.524
-4.914,-4.302,-2.464
-4.17,2.06,-1.058
-8.12,11.374,5.091
-18.88,14.332,6.63
-12.441,4.575,11.791
-12.602,6.867,14.009
-23.256,12.365,4.56
1.373,11.288,13.006
-0.27,13.865,9.991
-6.123,11.999,17.657
-4.67,6.486,10.625
-2.763,4.656,11.886
-1.06,6.072,10.585
5.201,8.484,-14.104
-0.06,6.96,12.291
-2.546,5.182,12.195
-0.656,4.907,11.09
-1.251,3.173,8.699
-0.033,0.146,8.309
-0.086,-0.773,8.786
0.636,-1.715,10.434
1.625,-0.639,10.147
0.926,-1.766,9.671
0.983,-2.206,11.051
0.002,-4.075,6.912
0.847,-3.254,8.53
0.045,-0.569,9.465
1.814,-1.476,10.154
-0.39,-2.838,9.747
-4.115,-2.888,10.436
-1.225,-3.768,10.161
-0.538,-0.926,10.008
-1.491,-3.876,9.676
1.354,-4.632,8.783
0.182,-4.165,9.03
1.024,-2.462,10.252
0.361,-2.022,11.018
0.103,-2.57,10.518
-0.225,-2.663,9.637
1.333,-1.766,8.912
0.758,-3.168,8.821
0.153,-2.694,9.049
0.802,-3.464,8.967
1.455,-2.818,8.558
0.383,-3.543,9.044
0.397,-3.579,9.266
1.371,-3.149,9.276
2.345,-3.754,8.073
1.677,-3.687,8.132
0.888,-4.668,8.001
0.895,-5.156,7.829
1.335,-4.398,8.64
1.337,-4.709,9.479
1.584,-5.168,8.668
1.668,-4.795,8.441
1.455,-3.5,9.188
0.976,-4.441,9.68
1.668,-4.864,8.427
1.005,-5.316,8.23
2.017,-5.034,8.479
0.806,-5.249,9.444
-0.593,-5.682,9.008
0.392,-4.914,8.606
2.529,-4.366,7.704
3.484,-5.441,7.166
2.127,-5.544,7.108
0.802,-4.23,6.671
1.125,-2.522,5.096
1.845,-3.653,3.905
-0.237,-4.295,3.519
-2.723,-2.177,5.218
-4.524,2.096,4.819
-7.171,1.354,2.409
-9.008,-5.158,-1.359
-7.805,-0.56,-6.362
-11.341,8.386,-2.74
-16.064,-0.117,-6.044
-15.497,-1.424,-8.453
-17.358,-0.639,-3.031
-24.629,0.746,-3.244
-17.04,1.89,-1.842
-18.791,-13.401,-3.45
-16.71,4.096,-7.946
-13.532,3.488,-1.871
-20.947,0.909,-8.896
-21.452,-5.883,-4.043
-20.117,-2.905,-12.327
-26.072,-13.497,-14.844
-24.723,-18.353,-11.245
-23.44,2.505,-3.153
-22.397,0.813,-8.02
-21.734,0.656,-9.594
-25.199,-7.692,-3.828
-23.919,-0.294,-1.187
-24.033,4.436,-0.502
-20.524,-2.696,-0.852
-18.607,-4.453,-2.091
-13.913,-2.168,-2.275
-16.451,-0.526,1.854
-10.417,-2.239,5.857
-14.238,-2.905,7.319
-8.563,0.297,7.953
-9.18,2.034,6.828
-7.501,5.34,4.491
-5.376,2.486,1.144
-7.706,-4.754,1.309
-6.869,-0.569,6.168
-8.125,-2.053,7.35
-6.632,-1.299,4.225
-7.436,0.574,3.933
-7.974,1.0,2.881
-5.795,0.048,2.574
-5.642,0.352,3.448
-7.06,1.933,3.151
-8.221,2.606,3.737
-6.627,4.862,7.125
-5.23,4.477,4.895
-6.429,0.555,1.519
-7.771,-0.246,2.438
-7.288,3.874,5.867
-5.871,5.56,5.331
-5.721,2.62,1.78
-7.809,1.467,-0.845
-10.721,2.562,0.821
-14.059,5.608,4.165
-12.463,6.51,7.573
-10.917,1.194,6.034
-13.044,-0.727,-1.323
-15.542,3.22,-3.309
-12.934,4.527,0.201
-9.499,3.208,3.268
-9.336,2.955,4.177
-11.704,2.062,3.34
-11.207,-4.828,1.29
-10.771,-0.146,-0.735
-11.633,3.242,1.531
-11.537,4.835,2.35
-8.381,2.986,0.962
-5.914,1.84,-0.488
-7.934,3.144,-0.433
-8.063,5.981,0.725
-3.797,7.515,-1.282
-3.019,4.376,-2.455
-4.677,-0.347,-3.177
-6.101,-5.07,-1.78
-5.869,5.721,-3.307
-8.065,14.466,4.706
-24.995,3.235,20.279
-8.283,11.212,2.206
-16.234,12.996,9.877
-14.992,16.693,16.892
-5.268,14.119,12.523
-1.706,11.556,12.563
-1.199,6.553,10.941
0.55,12.702,8.888
-2.649,13.288,9.613
-3.969,8.032,11.271
-6.548,8.319,11.377
-0.895,6.721,9.211
1.414,5.402,11.508
1.089,6.099,9.81
2.495,6.958,8.927
-0.557,6.135,6.4
-1.247,1.448,8.754
0.167,-0.95,9.611
0.5,3.118,9.9
1.893,6.008,8.683
2.658,-0.613,7.778
2.302,-3.979,8.542
0.412,-3.474,8.135
0.062,-3.436,8.561
-0.163,-0.603,9.738
1.706,-2.373,11.827
-1.687,-2.495,11.573
-4.259,-4.61,10.86
-0.096,-2.799,8.738
-0.215,0.548,10.154
-0.17,-1.577,10.238
-0.443,-4.4,9.482
0.644,-4.481,9.513
0.713,-1.067,11.092
-1.046,-1.402,9.676
-0.926,-1.696,9.219
-0.402,-0.481,9.908
-0.127,-0.802,9.001
0.933,-2.668,8.905
1.718,-2.89,9.427
1.364,-3.68,8.506
0.859,-3.232,8.996
0.105,-2.39,9.264
-0.005,-1.919,9.039
1.608,-1.814,9.915
0.818,-3.364,10.042
1.302,-4.02,8.635
1.515,-3.383,8.446
-0.713,-3.73,9.582
1.146,-3.285,9.508
0.739,-4.931,10.042
0.567,-5.067,10.389
1.694,-2.44,9.979
0.928,-1.581,9.958
1.522,-3.886,9.386
1.392,-5.579,9.822
0.371,-6.068,8.924
0.732,-4.67,9.089
1.378,-4.431,8.324
0.84,-5.328,8.379
1.4,-5.012,8.058
-0.115,-4.998,8.824
1.802,-4.529,7.388
0.835,-4.402,6.419
1.763,-4.847,8.276
2.105,-4.981,10.264
0.964,-5.283,10.216
-0.007,-4.029,10.405
0.306,-1.778,10.369
1.644,-1.629,9.41
2.67,-3.005,9.123
1.034,-4.575,5.393
-2.488,-4.376,3.591
-3.95,1.979,3.874
-2.455,5.484,2.706
-1.993,-1.029,-2.582
-5.161,-5.912,-11.157
-8.238,3.206,-10.245
-7.884,11.243,-1.421
-22.899,-0.146,-3.73
-26.424,1.699,0.828
-21.27,-1.081,1.78
-21.959,0.239,-0.151
-15.171,1.345,-0.435
-22.703,-1.991,-5.041
-18.645,2.227,-0.785
-11.437,8.494,-4.924
-19.126,3.204,-9.185
-23.608,-8.527,-12.879
-28.615,-5.814,-8.087
-31.757,-3.469,-4.536
-23.139,1.239,-9.051
-18.475,0.581,-15.726
-27.443,-0.83,-9.345
-22.091,-3.01,-0.005
-23.593,3.965,1.481
-19.574,7.541,-1.692
-30.84,-2.998,-2.101
-23.253,-4.737,4.455
-18.387,4.477,6.271
-12.65,2.046,7.005
-13.36,4.9,7.259
-12.676,1.524,3.369
-12.449,-2.673,3.933
-9.472,-0.589,2.359
-8.027,-2.536,-0.081
-5.376,-0.857,0.9
-9.549,-0.77,7.671
-11.7,3.594,8.618
-8.592,2.373,9.527
-7.687,3.275,5.331
-6.541,4.376,2.854
-5.517,2.797,3.716
-5.321,2.634,5.541
-4.656,5.795,4.314
-4.912,1.129,1.572
-6.295,-1.799,3.28
-7.183,0.983,5.517
-7.654,2.015,4.137
-8.63,-0.34,1.914
-10.111,0.615,6.711
-8.068,7.305,7.778
-5.422,5.57,4.642
-5.113,0.103,1.462
-7.826,-2.766,1.488
-10.331,-2.909,2.491
-9.302,-2.024,2.149
-8.36,-0.613,1.203
-9.257,1.012,0.447
-10.956,-0.83,1.95
-12.547,-3.847,1.069
-14.123,-0.833,0.074
-13.654,5.352,1.113
-11.815,6.223,3.905
-11.259,2.775,2.984
-11.159,-5.027,-0.634
-14.454,-1.369,0.333
-14.367,3.706,1.218
-11.597,4.855,0.572
-8.534,5.19,-0.816
-6.187,5.407,-2.816
-7.577,2.704,-1.51
-7.718,5.221,0.431
-5.087,9.211,1.215
-2.622,5.804,-0.12
-2.792,-1.139,-3.244
-4.912,-5.735,-5.134
-7.18,-1.122,-3.235
-14.566,0.294,-1.031
-21.098,14.291,13.489
-3.072,16.418,6.565
-13.803,10.465,12.578
-15.013,11.815,14.245
-6.441,10.446,10.389
1.924,9.845,12.415
8.714,15.202,12.379
-1.95,9.738,13.099
-5.673,7.075,11.269
-3.584,5.859,13.04
-1.491,7.24,10.779
0.849,7.85,9.9
2.242,3.921,9.678
3.031,5.446,6.345
-0.273,6.015,9.984
-1.938,3.326,9.235
-1.682,-2.352,9.353
-0.402,-2.239,10.544
0.395,3.484,9.544
1.263,-0.158,8.987
0.964,-1.665,7.934
0.481,-4.28,9.283
1.325,-3.893,9.735
1.725,-1.646,9.843
1.349,0.629,9.965
-0.615,1.56,10.164
-1.553,1.823,10.14
-1.936,0.988,9.118
-2.357,-1.464,9.252
0.275,-4.902,9.963
-3.027,-5.702,10.061
-1.067,-1.833,10.145
0.337,-0.89,10.587
-1.072,-3.01,10.19
-0.325,-3.374,9.726
-0.024,-3.759,9.374
1.144,-2.893,10.25
-0.057,-1.474,11.307
-1.404,-1.971,11.518
-0.9,-2.787,10.121
0.103,-1.936,9.298
0.27,-1.361,9.338
1.589,-1.797,8.979
-0.423,-2.962,9.326
0.179,-1.806,9.807
0.983,-1.665,9.515
1.096,-2.378,9.168
1.4,-3.185,9.027
0.06,-4.462,9.278
-0.495,-4.307,9.434
0.742,-2.828,9.128
1.95,-3.065,8.977
0.914,-4.455,8.838
-0.079,-5.211,9.58
0.474,-4.4,9.369
1.146,-3.101,9.86
1.299,-3.582,9.235
0.426,-4.804,8.97
0.194,-4.39,9.628
0.053,-2.806,10.764
-0.414,-2.78,10.795
0.83,-3.438,9.223
1.921,-5.044,7.838
2.34,-6.223,6.771
2.067,-5.434,6.953
1.345,-4.606,6.642
1.053,-1.78,4.89
0.048,-1.653,5.237
-2.201,-2.132,5.754
-4.297,0.821,4.649
-4.108,1.562,4.108
-4.486,-3.005,-1.651
-9.13,-7.788,-7.125
-10.207,5.505,-6.044
-7.185,16.231,-0.787
-13.767,-2.555,-7.831
-31.924,-0.201,-2.606
-24.081,8.747,4.072
-21.423,2.385,-1.287
-20.461,-13.31,-7.972
-13.006,1.311,-4.252
-18.662,2.357,-1.503
-17.719,-2.558,-4.895
-23.565,-13.087,-10.338
-24.897,-3.426,-8.709
-18.246,-2.883,-5.632
-29.18,-9.57,-8.443
-30.187,-3.699,-10.338
-21.634,-1.857,-13.181
-21.416,-5.01,-6.716
-23.861,-7.077,-5.704
-17.535,-5.505,1.773
-25.725,4.759,-4.01
-23.237,-0.282,1.622
-19.169,-3.862,0.359
-18.643,1.261,7.838
-18.514,-0.019,5.103
-13.982,3.859,6.927
-12.35,-0.041,3.914
-11.843,-0.675,4.587
-7.192,5.747,3.086
-5.785,2.687,2.96
-7.867,4.795,5.589
-10.429,4.17,7.319
-10.951,-0.67,4.228
-5.723,-3.381,1.723
-7.151,-1.218,1.469
-8.003,-0.746,4.194
-4.302,3.333,4.835
-3.869,3.438,2.232
-5.725,-0.029,4.565
-6.336,1.0,3.921
-5.759,2.168,4.606
-5.417,3.563,4.632
-5.587,1.632,4.192
-6.446,0.28,2.405
-7.898,-0.435,3.285
-9.379,-1.713,3.591
-11.181,-2.137,4.036
-12.044,3.697,3.881
-11.614,5.807,5.345
-12.712,0.589,5.065
-13.894,-3.752,1.84
-13.707,-2.036,-0.242
-14.056,0.979,-0.062
-14.487,1.849,-0.213
-14.535,4.146,-1.017
-12.858,4.974,0.854
-10.963,3.68,3.646
-9.738,-4.474,0.895
-14.681,-0.457,0.493
-14.561,4.945,-1.237
-9.566,4.448,-1.751
-7.374,3.498,-3.06
-8.235,3.352,-3.512
-8.073,5.058,-3.247
-6.34,4.154,-1.072
-4.656,2.955,-2.271
-4.831,6.812,-6.431
-6.309,6.336,-10.458
-5.955,-5.134,-6.096
-16.523,-10.776,4.637
-32.027,18.492,10.8
0.768,27.17,10.271
-7.972,18.124,18.078
-12.384,16.291,14.111
-9.238,10.42,11.341
-0.89,8.154,13.76
-0.77,13.786,11.338
-0.938,12.231,14.126
-0.914,9.125,11.578
-3.761,7.391,13.686
-1.086,7.273,13.197
0.421,4.627,7.62
0.842,2.409,4.838
2.9,1.634,6.223
1.981,2.385,5.345
1.18,1.931,6.716
1.785,-1.708,6.041
1.73,-4.405,9.573
0.306,-3.146,10.379
-0.486,1.275,10.898
-0.495,0.342,11.202
0.234,-1.617,9.058
0.9,-5.118,9.085
0.435,-1.67,8.996
1.168,0.474,11.487
0.773,-0.885,10.221
0.498,-0.531,9.51
-1.696,-0.112,9.558
0.505,-1.211,8.07
-1.488,-2.792,9.676
-4.058,0.258,10.532
-1.046,-3.096,9.144
0.964,-3.57,7.805
-1.33,-3.192,9.152
-1.505,-1.799,9.735
-0.201,-0.756,9.513
0.356,-2.23,8.747
1.144,-4.232,7.91
-1.381,-3.926,9.209
-2.845,-4.031,9.214
0.23,-1.869,8.692
0.584,-1.531,10.235
-1.12,-3.378,10.618
-2.866,-4.359,9.857
-0.833,-3.058,9.259
1.002,-2.294,8.216
0.833,-2.402,8.757
-0.438,-3.747,9.867
-3.393,-4.063,9.656
-2.251,-4.06,8.786
0.457,-3.871,7.599
-0.029,-4.017,8.565
-1.043,-3.378,9.69
-1.73,-2.259,9.826
-1.069,-3.33,8.369
0.194,-5.237,6.458
-1.139,-5.168,4.931
-2.818,-1.952,5.206
-3.405,1.811,5.419
-2.591,0.964,4.17
-4.149,-3.275,2.629
-7.721,-6.041,-0.337
-9.51,-4.158,-1.617
-10.159,0.809,-3.673
-11.987,-5.838,-8.297
-13.817,-7.697,-6.56
-12.24,-0.672,-1.038
-9.948,7.783,-4.651
-13.937,4.56,-9.307
-17.925,-8.056,-7.936
-19.078,3.283,-4.575
-26.225,-1.735,-5.615
-24.9,-14.14,-10.623
-26.17,-6.202,-11.676
-17.645,-2.431,-5.725
-18.04,0.361,-3.598
-29.644,-4.481,-10.314
-24.596,-9.912,-12.262
-33.532,-6.994,-6.623
-37.118,-10.436,-1.141
-12.554,-1.335,-5.642
-34.192,-17.911,-4.673
-10.941,-2.141,-2.194
-17.679,4.981,-4.441
-10.075,-3.773,-0.78
-13.453,-0.938,-0.292
-10.783,2.364,0.61
-10.386,5.419,-0.098
-13.128,4.945,1.146
-9.336,7.783,1.89
-6.977,6.604,-1.715
-6.553,6.304,-3.429
-5.807,4.869,-4.477
-3.816,5.395,-6.06
-3.323,6.297,-4.512
-4.754,2.555,-2.352
-3.472,1.17,-0.285
-2.481,-2.156,-0.467
-1.017,-1.459,-2.531
0.548,1.835,-2.584
1.737,3.919,-0.127
-1.742,7.419,-1.823
-5.089,8.666,-1.73
-3.665,7.951,-1.885
-2.804,6.915,-1.282
-3.632,7.656,-1.778
-4.859,9.027,-2.402
-5.847,7.541,-2.366
-7.07,6.225,-3.45
-5.977,7.214,-3.881
-5.192,8.18,-3.854
-6.233,8.998,-2.749
-6.726,12.255,-2.687
-6.123,11.362,-2.194
-3.723,10.078,-3.606
-2.115,11.728,-4.663
-0.933,12.874,-6.312
-1.725,13.607,-5.015
0.636,14.243,-4.266
1.275,15.813,-2.79
-1.22,16.315,-2.629
-2.771,15.552,-3.948
-3.747,13.513,-3.354
-4.462,11.992,-2.05
-3.491,10.283,-0.038
-1.328,9.018,0.428
-1.024,7.663,0.033
-3.783,6.728,1.163
-2.854,8.228,1.995
-0.273,5.946,0.957
5.804,8.47,-1.653
5.716,13.82,-2.249
-2.101,6.352,1.814
-1.443,4.807,0.39
1.144,7.338,0.857
6.173,11.477,7.613
4.807,5.761,6.946
5.644,10.192,8.163
27.603,-3.0,-3.285
5.541,7.319,1.01
9.293,6.927,5.314
9.243,4.173,1.541
5.388,-1.105,1.268
3.586,-5.3,7.955
6.288,-4.13,7.252
6.051,-4.374,2.938
-0.201,-4.814,-1.146
-1.723,-4.579,1.847
3.314,0.084,8.668
-2.594,3.95,10.972
-2.866,5.917,7.343
-7.264,0.66,7.008
-10.09,-3.173,3.953
-5.891,1.141,-0.347
-4.335,5.111,-4.876
-4.029,2.153,0.916
-6.132,1.873,1.182
-4.981,-1.352,-3.084
-10.027,7.51,-9.063
-4.225,8.183,-10.448
-2.227,-1.017,-16.679
-5.101,-3.862,-21.725
-2.984,1.16,-24.033
-0.175,2.137,-24.244
-5.022,-1.895,-24.404
-4.802,-3.907,-25.636
-3.189,-6.407,-25.916
-0.947,-6.515,-24.658
0.392,-1.144,-21.05
-4.089,-0.175,-18.296
-5.673,0.127,-15.676
-2.323,-0.988,-15.624
2.306,-2.555,-18.229
-0.347,-2.318,-16.171
-2.251,-5.639,-15.882
-2.701,-6.558,-15.176
-1.895,-3.584,-14.111
-2.23,-3.319,-12.74
-4.309,-7.482,-13.107
-5.721,-10.867,-10.329
-4.924,-9.967,-9.176
-4.371,-2.417,-11.7
-5.91,-13.556,-1.211
-5.802,-17.018,-5.316
-5.467,-15.092,-4.01
-1.711,-10.523,-3.496
-1.053,-11.185,0.189
3.433,-9.52,8.719
7.202,-8.032,-6.857
-2.541,-9.348,-1.603
-1.464,-10.743,-1.955
-0.526,-10.41,-3.909
-0.995,-7.01,-6.642
0.792,-3.857,-11.111
1.4,-9.032,-5.02
1.538,-10.776,-8.077
4.0,-6.175,-17.753
1.012,-0.041,-13.413
4.414,1.938,-14.054
4.302,3.278,-5.553
8.606,4.142,2.572
3.764,-6.895,0.615
5.058,-1.347,-4.503
6.778,6.982,-5.792
7.41,3.991,-10.92
10.073,4.8,-13.487
2.261,6.422,-7.785
6.678,5.125,-1.177
7.266,12.953,1.378
5.524,31.881,8.135
9.243,-10.47,-8.056
17.901,-13.654,-18.619
2.828,-7.34,-0.794
3.374,-9.123,0.0
6.97,6.127,11.731
19.284,0.103,-1.704
8.948,2.562,-3.017
13.319,-1.455,2.204
12.092,2.091,0.541
13.669,6.099,1.84
15.82,-3.512,0.522
18.16,-3.443,-1.287
8.826,-4.589,-3.189
3.067,-5.702,-4.656
-1.113,-8.771,-4.859
-1.388,-9.656,-3.907
0.818,-8.948,-4.579
-0.146,-8.745,-3.67
0.318,-11.128,-1.483
2.053,-10.594,0.55
3.259,-9.977,1.203
2.993,-9.977,1.598
2.294,-6.18,3.914
2.893,-8.008,2.28
3.637,-8.128,2.725
4.347,-8.814,0.55
3.311,-6.065,2.493
2.294,-9.8,2.5
2.838,-6.996,3.991
2.51,-10.274,3.388
1.768,-8.068,3.816
3.062,-8.424,3.838
2.969,-8.453,3.89
2.194,-8.594,4.496
2.644,-9.683,4.589
1.971,-8.094,4.431
1.534,-9.64,4.01
0.234,-8.037,5.125
1.273,-7.484,5.13
0.935,-8.69,4.876
0.591,-6.883,5.481
1.768,-4.713,6.651
1.558,-5.977,7.099
-0.79,-6.312,5.534
-0.089,-7.479,4.744
-0.514,-11.688,7.132
-2.883,-1.488,8.484
2.177,-7.893,6.955
-0.947,-7.159,7.539
1.689,0.672,10.401
-1.196,-6.048,6.718
0.517,-11.59,5.656
0.679,-14.032,5.326
2.826,-9.278,6.163
0.179,-10.86,6.807
1.725,-10.551,6.228
-0.854,-8.405,8.417
0.928,-6.381,9.451
-1.615,-5.39,8.171
-0.323,-7.706,9.915
0.601,-7.498,8.348
0.605,-5.953,8.324
1.337,-4.61,9.441
-0.479,-6.56,7.934
0.165,-7.522,8.18
-0.567,-7.056,9.123
0.924,-4.823,8.319
0.78,-5.067,8.628
-0.445,-5.343,8.843
-0.105,-5.979,8.532
1.957,-5.046,9.269
-0.007,-5.855,9.276
-0.196,-4.194,10.389
1.675,-4.663,8.783
0.907,-3.603,9.051
0.304,-4.266,8.671
-0.435,-5.312,8.699
-0.086,-4.369,9.546
1.574,-4.419,9.326
3.278,-4.108,8.51
2.89,-2.885,8.953
0.591,-2.448,8.599
1.933,-2.275,8.513
3.962,-2.689,8.374
4.431,-2.263,8.319
4.429,-1.046,8.314
5.146,-1.969,9.733
3.005,-3.926,8.384
0.534,-2.582,9.02
2.165,-0.995,7.429
5.056,-3.72,5.436
3.527,-5.321,6.986
0.203,-4.697,7.711
-0.445,-4.587,9.886
0.562,-3.909,6.022
0.979,-2.239,7.137
-2.18,-0.648,8.8
4.027,0.019,8.838
1.383,-6.453,9.25
-0.22,-3.828,9.467
-2.292,-3.594,10.209
1.943,0.959,9.85
1.321,-1.567,10.893
-3.048,-3.017,9.195
-0.531,-5.742,9.927
-3.749,-6.094,9.984
-1.531,-3.685,9.566
2.12,-2.742,8.388
-1.474,-5.056,7.831
-2.579,-3.295,9.434
-0.818,-3.84,8.817
-0.005,-3.601,9.13
-1.802,-5.359,8.668
-0.77,-3.766,9.829
-1.134,-3.173,8.888
-1.223,-3.551,9.458
-0.758,-3.431,9.723
-0.505,-4.62,8.642
0.376,-3.661,9.168
-0.572,-5.101,10.393
-1.964,-5.501,11.037
-0.646,-3.261,10.365
0.347,-2.885,9.781
-0.368,-2.146,10.006
-1.462,-2.924,10.489
-2.192,-4.297,10.209
-0.88,-2.974,10.097
0.388,-2.524,9.317
-0.124,-3.876,9.219
-1.294,-4.819,9.355
-0.828,-4.41,8.747
0.5,-3.74,8.207
0.797,-4.821,9.025
-0.653,-4.792,9.42
-2.18,-3.785,9.104
-0.773,-3.113,8.384
1.077,-4.053,8.343
1.029,-4.816,7.874
-1.361,-5.816,7.412
-1.385,-5.206,6.596
0.73,-3.381,5.591
1.158,-3.701,5.575
-0.318,-5.015,3.589
-2.658,-4.39,1.591
-4.029,-1.904,0.94
-5.23,0.749,0.464
-7.123,-0.275,-0.017
-7.788,-3.909,-4.546
-7.429,-2.969,-5.809
-10.099,5.63,-1.242
-16.482,5.163,3.022
-18.102,0.447,3.476
-17.856,2.199,0.574
-12.69,-1.192,-7.84
-21.399,-15.372,-4.472
-14.229,-6.209,-6.391
-20.574,4.828,-5.926
-15.205,-6.288,-9.841
-18.064,-10.733,-6.295
-17.023,-8.599,-7.575
-18.988,-0.246,-8.412
-31.364,-9.362,-6.922
-23.739,-3.759,-11.298
-28.237,-5.491,-12.551
-31.056,-7.683,-8.678
-28.606,-8.089,-9.436
-23.986,0.983,2.919
-13.214,-5.34,-1.448
-24.9,-2.519,-2.239
-19.756,-5.79,-1.495
-18.679,-6.084,2.548
-17.49,-0.239,6.29
-13.925,3.397,4.63
-15.059,2.227,3.084
-10.078,4.711,3.467
-11.102,1.787,1.491
-9.582,0.864,0.273
-8.085,4.376,1.701
-7.247,5.522,0.244
-5.737,3.295,1.247
-6.912,0.079,3.431
-6.903,-1.261,6.343
-5.749,1.476,6.529
-2.773,5.039,3.352
-2.39,3.232,1.56
-4.541,1.357,3.359
-5.91,1.127,2.606
-7.568,2.158,3.639
-7.039,0.665,4.644
-7.525,3.594,8.498
-6.369,6.288,8.087
-6.615,6.242,4.78
-8.319,4.075,6.273
-7.192,5.264,8.314
-5.788,1.302,4.941
-8.752,-0.567,2.89
-8.905,2.275,4.46
-7.843,1.773,6.74
-7.544,1.18,4.862
-8.403,0.897,1.239
-9.8,-0.356,1.29
-11.764,-3.194,3.479
-13.604,-5.625,3.472
-13.174,0.438,0.979
-11.092,7.616,2.85
-9.884,4.412,5.185
-10.314,-2.675,2.345
-13.793,-1.84,-0.617
-13.042,2.038,0.244
-9.972,2.048,1.893
-9.912,-6.092,3.665
-14.93,0.584,1.203
-13.422,3.225,-1.782
-11.051,5.637,-0.404
-7.697,5.792,0.744
-6.467,3.464,1.029
-6.156,3.141,-1.388
-5.405,4.149,-3.464
-4.673,3.649,-3.481
-3.129,6.644,-0.22
-2.835,15.135,-5.058
-5.493,5.419,-13.049
-2.35,-12.695,-9.348
-11.398,-15.427,10.829
-24.656,29.374,2.07
-11.437,13.932,13.59
-18.626,19.679,14.102
-8.979,18.906,11.946
0.45,21.916,11.523
-0.483,12.676,11.236
-3.146,9.628,11.123
-5.065,7.029,12.58
-4.472,7.879,12.559
-2.082,4.996,9.276
1.505,6.788,8.642
4.079,6.048,9.532
0.148,6.34,9.056
0.589,6.115,12.248
0.438,0.656,9.637
1.251,0.0,8.187
-0.78,2.101,11.315
0.641,5.295,12.906
-1.258,1.129,9.692
0.869,-2.043,8.721
1.136,-2.515,8.613
0.802,-1.225,9.001
1.883,-0.29,8.965
2.629,0.957,9.317
0.962,-1.426,9.412
-0.658,-3.046,9.042
-2.924,-3.498,10.058
-4.529,-3.953,10.676
-0.055,-0.239,9.673
-0.201,-2.015,9.561
-1.354,-4.364,9.728
-1.024,-4.139,9.743
0.029,-0.553,10.422
-1.115,-2.074,9.996
-1.428,-2.744,9.898
0.065,-2.682,9.819
1.613,-2.125,9.767
-1.046,-3.524,10.331
-0.05,-3.302,9.982
0.081,-1.613,10.123
0.112,-3.237,9.257
1.235,-2.644,9.061
0.199,-3.778,9.412
1.33,-3.823,8.927
1.333,-3.613,9.03
1.744,-3.993,9.116
1.565,-4.843,8.369
0.187,-4.512,8.805
0.663,-4.187,8.611
0.837,-4.041,9.101
1.285,-3.381,9.606
0.364,-4.412,9.305
0.577,-4.498,8.702
1.814,-2.553,8.826
0.428,-3.63,9.932
-0.959,-4.878,10.101
1.048,-2.833,9.556
2.184,-2.72,8.738
0.086,-3.912,9.18
-0.744,-4.29,9.544
0.06,-3.697,9.508
0.622,-2.749,9.819
1.225,-2.809,9.475
2.058,-4.357,9.125
0.983,-4.541,9.087
-0.569,-3.917,8.446
0.469,-3.22,7.79
1.601,-2.553,7.704
0.754,-2.096,6.166
-1.285,-2.144,3.84
-3.62,-2.584,4.232
-3.527,-2.428,3.993
-1.809,-0.223,2.95
-3.905,2.644,2.103
-10.401,0.959,-2.826
-8.623,3.467,-3.441
-8.771,1.916,-4.098
-14.387,0.921,-4.938
-17.102,4.759,-1.924
-19.38,3.074,-0.9
-15.64,-1.914,-4.39
-26.833,-3.694,-2.094
-20.543,-3.438,-7.472
-19.153,-1.182,-2.914
-18.787,-11.626,-9.637
-24.572,1.598,-10.013
-24.926,7.269,-6.704
-31.632,-8.673,-12.678
-23.074,-6.285,-12.269
-24.036,-7.941,-10.532
-19.937,-5.534,-5.553
-26.553,-8.111,-7.575
-33.161,6.434,-5.663
-18.03,-2.924,-1.806
-25.211,-7.017,-9.388
-24.667,-6.548,-0.739
-20.617,5.74,6.795
-15.882,2.455,8.283
-16.401,4.634,6.752
-16.315,-0.67,1.22
-15.435,-0.206,1.543
-12.197,-0.687,1.354
-11.035,0.127,3.481
-6.431,3.536,5.608
-7.168,3.642,5.556
-4.328,3.936,6.314
-5.163,2.421,5.328
-5.642,1.392,4.998
-5.594,-0.739,2.895
-8.568,-2.254,1.452
-7.706,-0.983,3.933
-6.604,1.108,4.232
-6.577,1.787,4.469
-6.644,1.369,5.283
-7.111,1.785,3.912
-7.84,0.282,5.414
-7.884,2.598,5.847
-8.963,2.617,5.297
-9.058,0.354,2.151
-10.039,-3.393,-0.531
-13.65,-3.783,-0.345
-16.825,-1.804,2.505
-16.966,2.089,2.304
-14.815,2.397,5.245
-15.097,-2.199,3.206
-16.143,-2.333,-1.591
-17.193,0.246,-4.756
-15.64,3.598,-6.178
-12.104,4.711,-3.5
-11.872,1.414,1.17
-15.631,-3.907,-4.486
-17.64,4.098,-5.579
-12.841,8.405,-5.469
-9.577,7.317,-3.68
-8.434,4.675,-2.486
-6.97,5.321,-4.034
-6.422,6.491,-4.407
-6.572,5.993,-1.821
-6.02,2.393,-1.921
-4.984,4.343,-6.714
-5.902,6.41,-5.718
-5.469,0.024,-1.512
-1.854,-0.196,2.909
-33.168,6.843,19.677
-4.742,14.332,-1.869
-13.721,16.387,8.13
-15.042,17.387,12.207
-5.831,15.267,10.365
-3.402,11.506,8.544
-1.605,8.053,13.171
4.07,15.655,7.216
3.663,14.135,6.087
-2.56,11.305,9.008
-5.958,9.542,7.663
-3.374,8.285,10.42
-1.062,6.804,8.886
-1.27,5.702,10.13
1.323,6.984,11.271
0.323,6.197,6.738
-0.495,2.969,9.257
1.108,2.524,6.671
1.816,3.546,9.769
1.89,2.263,9.606
0.687,0.981,9.188
1.132,0.06,9.855
1.83,-3.357,9.216
1.424,-3.962,8.943
-1.192,-2.177,11.149
-1.94,1.909,10.252
1.581,1.538,10.013
4.278,-3.079,6.984
0.376,-3.814,8.853
-3.907,-3.476,9.458
-3.967,-3.986,9.554
0.931,-3.24,8.4
0.397,-3.541,8.656
-1.148,-4.95,8.305
1.531,-3.785,8.281
0.744,-3.503,8.865
-2.227,-4.567,10.276
-0.483,-4.381,9.728
2.271,-2.919,9.216
1.653,-3.029,9.357
-1.529,-5.185,9.683
0.184,-4.855,9.408
1.335,-4.575,9.527
1.708,-3.864,9.022
0.907,-3.206,9.762
0.335,-3.527,8.943
0.995,-3.764,7.864
1.072,-5.072,7.592
1.665,-5.955,8.716
0.825,-5.998,8.958
0.352,-4.728,9.288
0.555,-4.551,8.537
1.177,-4.639,8.752
1.081,-4.957,8.951
0.584,-5.67,8.417
1.237,-5.462,8.731
0.476,-5.876,8.912
0.993,-5.178,9.776
0.479,-4.673,9.783
1.074,-5.623,8.699
1.369,-4.857,7.974
0.479,-4.429,8.786
-0.117,-4.321,8.585
0.428,-4.087,9.197
0.28,-3.668,10.386
0.306,-3.232,10.214
0.249,-2.732,9.446
0.952,-4.369,7.517
2.218,-5.965,7.056
1.792,-5.17,7.549
0.816,-0.876,6.455
-0.136,4.082,3.933
-2.306,1.916,3.886
-5.19,-1.464,1.168
-7.065,-1.462,1.687
-6.467,0.646,1.354
-8.051,3.591,-4.264
-10.996,6.958,-3.759
-14.509,5.443,-0.538
-19.98,5.127,-0.431
-23.179,2.359,-1.737
-18.731,0.431,-4.278
-17.509,0.878,-6.845
-17.294,-4.685,-7.733
-17.155,-6.85,-6.927
-21.347,-4.682,1.768
-23.596,0.902,2.254
-19.633,-2.713,-7.919
-19.562,-2.376,-15.951
-23.476,-12.822,-7.111
-28.433,-0.699,-8.51
-14.915,-6.881,-1.385
-25.239,-0.278,-12.085
-19.492,-14.344,-7.288
-25.443,4.18,-11.578
-18.665,-6.113,1.871
-25.258,2.043,3.287
-24.586,0.318,2.505
-20.136,2.507,4.761
-18.574,0.94,3.003
-16.193,3.113,5.991
-16.774,0.112,2.639
-13.645,-4.096,0.964
-9.795,-3.802,1.44
-9.343,2.479,3.335
-10.274,1.823,4.39
-7.879,2.503,5.261
-9.314,-0.373,5.685
-10.133,-1.002,5.788
-8.994,-2.168,6.917
-4.694,4.402,5.529
-5.807,4.673,2.651
-7.656,3.118,2.184
-3.393,4.087,5.338
-6.005,2.043,8.293
-7.539,3.613,4.34
-5.898,2.168,1.168
-5.831,-0.445,2.455
-8.173,0.529,6.319
-7.185,2.251,3.96
-6.211,-2.668,0.699
-9.783,-5.058,1.974
-13.499,-0.098,5.256
-11.898,5.517,4.996
-9.042,4.383,3.988
-9.695,1.653,2.328
-11.082,-0.122,0.4
-11.707,-3.646,2.9
-15.03,-0.912,2.766
-13.772,2.972,0.433
-12.731,4.95,-0.522
-11.92,5.503,-0.041
-11.374,3.804,0.758
-12.2,-2.56,3.149
-15.15,-0.084,-1.39
-12.257,5.936,-0.715
-9.709,6.855,-0.026
-7.884,5.874,-0.179
-7.07,3.773,-1.498
-8.156,1.735,-0.251
-7.907,4.319,1.397
-5.505,7.946,0.361
-3.491,7.123,-1.476
-3.371,3.764,-4.376
-3.835,-0.175,-7.149
-5.056,-1.318,-7.69
-3.601,5.477,-4.718
-1.538,6.068,-1.017
-22.536,10.166,23.627
-12.784,13.616,-0.022
-7.082,20.885,12.441
-14.14,20.524,17.727
-7.467,14.099,12.001
-4.465,14.363,12.025
-2.359,13.805,9.702
4.113,15.659,14.473
2.189,12.7,12.487
-2.316,7.876,7.977
-3.39,8.396,10.18
-0.802,8.142,10.637
0.392,8.221,10.372
-0.055,5.048,6.572
-2.476,2.041,8.527
0.239,4.453,7.704
2.436,2.976,9.728
2.572,2.232,9.668
1.809,-1.718,6.453
0.955,-3.565,8.649
-0.244,0.816,11.793
0.311,-0.431,10.204
0.629,-2.491,9.764
1.687,-3.137,7.85
0.79,-0.603,8.982
-2.129,-0.313,8.802
0.577,-0.105,9.723
1.215,-3.529,8.417
-1.318,-3.792,9.63
-4.699,-4.828,11.324
1.17,-2.098,8.905
1.476,-1.45,8.953
-0.486,-3.692,9.898
0.644,-4.316,9.415
1.168,-4.486,8.951
0.713,-3.383,9.111
-1.29,-3.74,10.252
0.773,-3.414,9.922
1.325,-3.29,9.18
0.873,-2.792,9.52
0.694,-4.02,10.396
0.498,-4.711,9.824
0.639,-3.79,9.475
0.524,-2.649,9.329
1.859,-2.105,9.238
1.127,-3.385,9.288
-0.163,-3.73,10.214
0.007,-3.28,9.568
1.105,-1.419,9.501
0.711,-2.323,9.295
-0.002,-3.876,9.365
0.256,-4.615,9.424
1.232,-3.017,9.692
1.407,-2.385,9.886
0.1,-3.33,9.9
0.163,-3.472,9.826
0.385,-3.134,9.824
0.845,-2.405,10.64
-0.115,-4.328,9.951
0.689,-3.835,9.86
0.584,-2.519,10.58
0.988,-2.572,10.968
-0.093,-3.845,10.135
-0.282,-3.996,9.7
1.625,-3.811,8.187
3.888,-4.907,7.57
2.771,-5.946,7.257
1.136,-6.101,6.376
0.33,-4.62,4.412
-0.617,-0.395,4.005
-3.046,2.802,6.142
-4.412,2.141,3.62
-1.761,-1.153,-0.007
-3.919,-3.768,-0.041
-10.8,-0.191,-4.878
-9.544,13.102,-1.993
-13.786,7.147,-0.928
-24.112,-3.936,-4.969
-16.992,-2.034,-6.431
-19.2,9.867,1.242
-14.339,10.774,-1.263
-25.835,-13.621,-11.494
-12.772,-10.535,-3.708
-19.064,4.893,0.043
-19.483,-4.414,-7.501
-11.592,-5.383,-9.231
-27.285,2.405,-8.262
-22.959,0.242,-11.283
-24.321,-10.791,-13.707
-23.445,-7.379,-9.434
-21.347,1.414,-6.589
-19.698,-5.637,-7.654
-23.117,3.091,-4.189
-30.118,-11.788,-5.197
-21.507,5.044,1.677
-21.016,4.548,0.443
-17.2,5.465,1.797
-17.846,-2.354,7.288
-16.121,1.584,7.326
-15.655,-6.441,3.304
-14.198,4.232,8.939
-10.195,3.46,6.362
-7.721,3.302,7.139
-11.908,2.768,0.476
-9.75,-0.672,3.46
-8.542,-2.127,4.625
-8.697,-0.916,5.62
-9.52,1.407,6.697
-8.039,2.266,3.448
-4.84,2.089,3.098
-5.134,3.594,6.113
-4.756,3.969,5.505
-4.972,-0.172,0.912
-5.608,-2.51,0.208
-7.194,-1.842,3.761
-7.45,2.137,8.876
-5.941,6.522,6.632
-5.642,4.979,4.151
-6.395,1.038,1.457
-5.527,-3.931,3.412
-7.644,-3.412,4.299
-12.585,1.239,4.168
-11.044,5.096,4.359
-8.652,3.756,3.924
-9.422,-3.773,1.572
-12.745,-5.938,-1.57
-14.494,0.581,-1.656
-12.827,3.165,2.61
-11.879,2.024,5.137
-13.262,4.242,3.438
-12.092,5.41,1.323
-10.133,3.773,0.115
-9.64,-4.694,1.455
-13.585,-1.273,0.596
-14.576,2.182,2.084
-11.303,4.582,2.227
-8.207,3.168,2.328
-7.271,1.196,0.254
-10.044,3.376,3.687
-8.68,6.508,5.716
-5.402,7.171,2.254
-3.118,5.508,-1.565
-3.127,3.68,-3.862
-4.331,1.45,-4.18
-3.869,-0.593,-3.019
-3.218,8.451,2.065
-2.747,13.949,3.252
-4.228,2.665,1.998
-18.767,-0.045,9.479
-6.292,9.896,3.976
-15.829,14.384,9.996
-17.81,13.719,16.363
-13.683,9.819,10.329
-2.976,17.09,16.779
-0.347,9.003,11.37
-0.624,9.932,11.432
-2.79,9.116,11.092
-1.081,10.872,9.738
-1.988,7.697,10.992
-2.598,6.379,9.618
-1.376,7.446,11.836
-0.211,6.259,8.281
-1.172,5.764,9.202
0.859,3.912,8.659
1.11,2.627,5.103
0.136,0.096,9.793
-0.395,-2.718,6.941
1.247,-2.828,9.472
-0.483,-1.397,10.202
0.854,-2.773,11.396
1.895,-2.438,9.79
0.627,-4.031,10.173
0.026,-4.089,8.699
-0.49,-2.778,8.742
-0.531,-1.455,10.511
-1.782,-4.17,10.369
-0.964,-5.099,9.783
1.038,-4.553,8.637
-0.84,-2.01,9.46
0.727,-1.33,8.994
1.125,-3.842,9.79
1.29,-4.56,9.503
0.38,-3.326,9.644
0.057,-1.787,9.953
-0.301,-1.299,10.91
0.356,-2.251,8.994
0.584,-3.103,9.08
1.931,-4.252,8.513
1.266,-3.689,8.728
0.928,-2.974,9.305
1.18,-3.632,8.431
1.079,-3.151,8.809
1.39,-4.378,9.264
1.069,-5.044,9.599
0.921,-3.553,9.415
1.333,-2.828,9.331
0.538,-4.35,9.532
0.1,-5.78,9.266
0.749,-4.524,8.979
1.464,-3.546,9.032
1.742,-4.792,9.099
-0.136,-5.709,9.589
1.055,-4.8,9.075
2.091,-4.134,8.623
1.299,-4.063,9.214
1.117,-5.515,8.553
0.95,-5.52,9.085
1.28,-5.07,8.982
1.378,-4.725,9.068
1.132,-4.759,9.362
0.409,-4.618,10.185
0.756,-4.433,9.611
0.778,-4.785,8.903
1.194,-4.508,9.185
1.969,-5.07,9.089
1.773,-5.953,8.826
0.787,-5.618,7.896
0.725,-5.216,7.702
0.945,-3.888,5.843
1.672,-1.84,4.168
0.385,-0.835,3.472
-2.644,0.273,2.409
-5.039,-1.921,1.213
-3.567,-4.06,0.601
-2.101,2.929,-2.003
-8.807,7.951,-5.472
-12.767,5.106,-5.364
-15.693,1.806,-1.376
-17.097,3.893,-5.824
-24.433,-1.505,-3.689
-18.04,2.754,-0.955
-19.779,1.199,0.084
-21.158,-5.9,-5.898
-22.021,-4.85,-12.288
-17.475,-9.527,-7.087
-26.534,-7.056,-9.321
-20.775,-14.26,-5.938
-25.708,2.242,-9.302
-23.825,-10.891,-14.358
-29.321,-2.962,-11.922
-22.945,-5.125,-11.291
-25.68,-2.077,-10.329
-25.156,-5.02,-8.352
-24.821,-4.249,-6.34
-15.116,-3.512,1.034
-20.37,-0.469,7.625
-22.512,-1.845,3.881
-20.612,6.905,3.263
-20.217,3.541,1.689
-16.81,1.27,5.96
-15.947,-2.072,1.074
-13.288,-2.428,-1.928
-6.776,-4.254,1.45
-8.092,4.125,3.486
-5.649,1.314,2.857
-9.697,1.562,5.831
-6.716,1.471,5.843
-7.087,1.452,3.022
-8.91,-0.763,3.352
-7.582,1.383,3.835
-7.003,5.929,6.094
-4.118,4.577,3.445
-4.649,0.974,2.857
-8.113,0.61,4.431
-9.073,1.45,5.489
-8.786,1.349,3.606
-7.221,2.041,1.933
-6.065,1.558,1.311
-6.938,1.687,1.785
-6.898,2.311,3.948
-7.513,-1.122,4.445
-11.185,-4.103,2.589
-12.599,0.022,0.179
-11.192,6.379,0.591
-10.341,2.204,3.316
-11.508,-2.373,2.287
-14.059,0.213,1.431
-14.176,5.723,1.739
-12.047,7.616,1.084
-10.561,4.654,0.495
-10.893,-2.673,1.323
-14.178,-4.783,-0.9
-17.217,2.512,1.529
-12.858,8.41,2.433
-8.214,6.314,2.113
-5.814,3.129,1.139
-5.922,1.914,0.481
-6.338,3.185,1.053
-4.51,5.479,-0.349
-2.428,4.524,-1.962
-1.845,2.517,-3.651
-3.256,4.29,-2.677
-3.914,6.285,-2.603
-2.881,6.216,-3.831
-0.916,2.242,-4.381
-17.195,-7.831,-3.586
-31.271,8.443,16.375
-3.443,24.483,11.001
-18.511,13.564,14.987
-18.947,12.324,14.846
-4.304,13.018,12.851
4.139,17.564,13.776
4.053,13.063,7.539
0.825,11.279,9.137
-3.883,9.286,8.065
-3.036,7.575,9.176
0.605,7.13,11.704
1.694,8.364,12.748
1.512,6.412,10.252
-1.471,4.235,9.345
-2.692,4.436,9.688
-0.177,1.536,7.092
2.302,-1.153,6.077
1.84,-1.826,8.675
1.445,-2.806,10.47
0.849,-4.285,10.444
-0.022,-1.881,10.843
-0.098,-1.237,10.908
0.136,-1.787,10.279
0.849,-1.926,8.752
-1.058,-3.46,8.972
-0.797,-3.464,9.369
-0.237,-4.79,8.664
-0.074,-3.534,8.965
-0.187,-3.168,8.912
-0.273,-2.4,8.888
1.031,-3.249,8.544
0.397,-3.912,8.36
0.342,-3.864,8.585
0.756,-3.304,9.305
-0.359,-3.895,9.711
0.22,-3.359,8.865
0.431,-3.177,9.123
0.897,-2.615,8.912
0.823,-4.087,8.314
0.646,-4.075,8.857
2.129,-4.041,9.252
1.18,-4.046,10.068
1.955,-3.424,9.881
1.381,-3.158,9.243
0.847,-4.039,8.917
1.321,-4.321,9.501
1.658,-5.089,8.821
0.907,-4.716,9.262
0.488,-6.022,8.774
1.452,-5.776,8.154
2.239,-4.766,8.436
1.763,-4.472,8.635
1.495,-5.106,9.326
1.144,-6.663,9.106
1.663,-6.35,8.845
1.581,-4.555,9.082
1.692,-4.989,8.644
1.072,-6.077,9.118
0.672,-6.089,8.915
0.742,-4.989,8.723
1.431,-4.776,8.664
1.297,-5.182,9.01
1.352,-5.85,8.405
1.39,-5.735,7.541
1.275,-5.685,6.84
2.44,-6.967,6.584
3.031,-6.254,5.967
2.266,-4.003,5.151
0.211,-1.091,4.919
-3.024,-1.203,4.362
-3.905,-3.074,3.857
-3.273,-2.716,3.079
-2.964,1.553,-1.254
-8.233,-0.002,-5.924
-12.53,0.538,-4.065
-8.451,5.733,-2.797
-13.358,0.189,-5.584
-22.179,-7.19,-7.623
-17.2,-2.17,-4.596
-19.057,7.625,-1.18
-26.653,-5.087,-3.857
-18.569,-3.85,-3.189
-20.485,0.792,1.136
-15.561,1.404,-2.467
-23.301,-15.387,-4.981
-22.005,-2.713,-9.41
-19.354,-9.254,-11.597
-26.522,-8.941,-14.966
-21.911,-10.582,-11.917
-16.506,-10.463,-8.747
-20.976,2.079,-8.546
-25.177,-2.44,-4.599
-26.912,3.642,-4.558
-23.108,0.29,-5.79
-26.388,-6.029,4.108
-26.256,-0.17,3.01
-19.612,2.919,1.584
-19.026,1.543,6.704
-10.573,0.471,3.823
-22.052,2.335,-3.101
-10.245,-4.534,-1.747
-9.755,0.725,-2.12
-10.475,-6.281,-0.804
-5.936,4.622,1.878
-5.094,5.056,3.653
-9.994,-2.902,4.232
-8.683,1.768,5.206
-9.417,0.081,3.211
-9.556,2.144,4.759
-3.493,1.371,7.163
-4.01,2.333,6.682
-3.242,2.211,9.097
-4.804,-0.045,5.725
-7.07,-1.483,4.041
-8.36,-1.735,4.405
-8.14,2.354,8.058
-5.864,8.266,8.362
-4.699,5.024,5.448
-6.032,-2.031,2.376
-7.204,-5.558,-0.261
-7.927,-5.548,1.531
-9.673,0.397,2.67
-10.539,1.723,4.359
-11.149,-0.242,3.488
-11.463,-1.247,1.268
-13.855,-2.275,-0.479
-16.748,-0.778,-0.926
-17.607,3.72,0.639
-17.073,9.173,1.711
-14.418,9.166,1.108
-12.035,6.094,0.608
-13.628,-3.831,7.283
-14.695,-1.031,0.062
-15.865,6.096,2.438
-11.2,8.948,1.888
-7.175,6.556,0.213
-5.108,5.087,0.01
-4.354,4.108,0.572
-3.986,3.96,-1.158
-3.436,3.955,-3.17
-3.254,3.417,-2.11
-4.034,0.378,-1.641
-5.697,-0.184,-2.675
-5.749,3.732,-4.759
-4.524,5.144,-3.869
-3.917,6.881,0.952
-16.083,19.526,9.704
-14.915,19.136,8.202
-5.216,11.929,11.556
-13.181,13.698,13.571
-4.682,10.68,9.69
-3.417,11.685,10.843
-1.505,8.711,12.75
-2.342,13.525,14.681
-2.44,23.732,6.513
0.246,12.788,8.632
-4.756,6.113,6.97
-4.113,6.161,8.463
-2.548,6.809,11.824
1.285,6.084,8.486
3.503,6.113,11.879
1.055,3.249,10.092
-0.644,2.718,10.128
-0.443,3.342,8.934
-0.22,1.821,7.599
1.761,0.471,8.723
1.019,-2.687,8.379
2.716,-0.845,12.894
0.811,0.373,11.788
-0.199,-0.325,11.114
1.242,-1.938,8.675
-0.002,-3.039,8.967
-3.809,-3.067,10.726
-1.663,-5.51,9.269
0.199,-4.041,9.881
-0.313,-2.991,10.259
-1.026,-2.809,9.448
-0.402,-2.17,8.707
0.23,-2.591,9.087
1.835,-2.814,8.85
0.689,-3.575,9.362
0.409,-3.979,9.247
0.89,-2.038,9.546
-0.103,-2.754,9.14
-0.103,-2.517,8.781
0.055,-3.218,8.472
0.459,-3.137,8.838
0.632,-2.833,8.891
1.043,-3.452,8.393
1.273,-4.228,8.9
1.763,-3.397,8.891
1.172,-3.773,9.341
1.258,-4.39,8.735
1.579,-4.393,8.489
2.086,-4.388,8.479
2.094,-5.044,8.441
0.857,-5.819,9.147
0.306,-5.938,9.302
0.658,-5.256,8.979
2.132,-4.053,8.573
1.081,-5.139,7.965
0.402,-4.912,8.288
1.251,-4.572,8.778
1.775,-4.914,8.857
1.201,-5.192,8.774
1.019,-4.883,8.781
1.328,-4.802,8.424
1.876,-5.221,8.166
0.758,-6.285,8.788
1.007,-5.362,9.329
0.488,-4.95,9.254
0.1,-4.479,8.63
0.859,-5.166,7.716
3.192,-5.876,7.221
2.615,-4.833,6.111
0.723,-4.857,6.881
0.218,-3.481,4.632
0.163,-2.809,4.319
-1.424,-2.845,5.02
-3.299,-1.388,4.642
-4.591,0.036,4.362
-6.45,-0.309,3.407
-8.214,-1.424,0.658
-8.561,2.5,-1.79
-12.181,4.8,0.766
-14.975,-0.036,-3.577
-14.556,0.912,-2.962
-17.509,3.579,-6.003
-19.059,0.069,-0.28
-21.662,2.254,-1.737
-15.58,-0.579,-5.943
-25.194,-3.737,-6.173
-16.169,-4.103,-7.001
-15.865,-1.589,0.495
-21.847,-0.129,-2.359
-22.335,-1.538,-8.075
-24.605,-8.652,-6.632
-23.701,-4.682,-11.939
-25.244,-11.611,-10.982
-20.023,-2.596,-13.185
-21.725,-7.046,-15.14
-21.519,-1.72,-7.305
-21.682,-1.433,-4.701
-19.992,2.194,0.115
-26.543,6.065,5.06
-19.925,-1.524,6.742
-18.358,2.472,5.919
-18.808,-2.244,7.108
-16.396,0.242,3.902
-15.076,-2.876,2.828
-10.623,-1.034,4.024
-10.401,-0.749,2.35
-6.783,2.883,5.541
-7.699,-1.287,4.606
-8.64,2.728,4.701
-7.498,2.328,4.948
-10.099,0.433,3.63
-8.996,-1.16,6.053
-5.551,1.395,2.4
-9.472,6.57,2.062
-5.886,3.278,4.862
-6.374,4.048,5.323
-6.075,3.668,4.582
-4.522,0.883,1.27
-5.773,-1.718,0.526
-7.271,-2.754,4.677
-9.604,0.213,8.221
-7.785,3.742,5.579
-5.881,1.876,1.024
-8.25,-3.094,-0.792
-12.736,-3.254,-2.414
-13.65,1.452,-0.041
-11.544,3.146,3.948
-10.941,0.914,3.744
-13.642,-2.857,1.778
-17.43,-3.488,-1.534
-18.736,2.18,-3.572
-15.545,6.036,-1.213
-13.501,3.735,1.503
-15.997,-3.625,1.577
-19.121,2.771,-3.826
-14.298,7.687,-3.594
-10.281,7.807,-2.675
-8.226,7.312,-2.838
-6.793,7.355,-3.125
-6.525,6.529,-3.4
-6.271,5.0,-3.886
-5.556,3.003,-4.288
-5.046,2.582,-2.909
-5.367,3.208,-2.933
-5.577,2.467,-3.941
-3.354,1.335,-6.18
-4.615,-3.627,-4.797
-14.083,19.064,15.942
-11.693,14.001,4.766
2.283,34.896,8.252
-3.393,23.426,15.301
-10.599,19.031,11.891
-7.68,14.597,8.178
-6.149,6.278,8.221
-3.469,10.032,9.302
-1.16,9.467,14.623
0.677,9.451,7.039
3.493,8.731,10.063
4.362,7.183,11.932
-0.792,6.639,3.354
-4.527,6.058,10.499
-2.634,5.876,9.975
0.835,0.479,7.517
0.885,0.849,9.7
1.428,0.739,9.81
1.201,0.902,9.367
0.029,-0.773,9.807
0.211,-1.871,10.212
0.723,-1.797,10.432
-0.507,0.163,9.735
1.402,0.787,10.006
1.955,-0.569,8.381
1.352,-1.196,9.099
-1.364,-1.96,10.209
-8.917,-4.134,12.8
0.653,-3.118,9.223
1.45,-2.498,10.173
-1.893,-4.041,10.341
-0.531,-2.505,10.145
0.194,-2.407,9.601
0.445,-2.378,10.31
-0.249,-3.371,10.156
-0.866,-3.519,9.458
-0.232,-3.189,9.455
0.278,-2.436,9.465
0.278,-3.953,8.422
-0.213,-4.733,9.025
1.247,-3.706,8.585
1.56,-2.357,8.575
-0.218,-2.869,8.996
0.194,-4.008,8.582
0.557,-5.228,8.333
1.072,-4.008,8.9
0.976,-4.505,8.884
2.151,-4.814,9.307
0.914,-3.905,9.295
-0.275,-3.371,9.855
0.811,-4.008,8.185
1.62,-4.498,8.888
1.56,-4.802,8.848
0.95,-4.405,9.7
1.981,-3.637,8.412
0.093,-4.036,8.276
0.603,-4.601,8.314
1.268,-5.606,8.553
1.321,-6.568,8.635
0.794,-6.259,8.843
1.696,-5.544,8.154
1.256,-5.974,7.391
1.249,-5.044,7.714
1.156,-5.522,8.266
1.436,-5.914,8.357
2.345,-6.819,8.257
1.019,-6.417,8.422
0.397,-5.154,8.02
1.888,-5.266,6.417
3.503,-6.627,6.455
2.716,-5.319,6.19
1.203,-2.582,5.024
-1.553,-0.732,4.591
-4.486,-0.613,2.806
-8.195,-3.383,1.421
-5.407,0.356,-1.278
-2.452,3.644,-3.338
-9.936,1.782,-6.307
-14.65,3.519,-4.668
-17.806,6.919,-1.436
-20.918,0.318,-4.503
-22.619,-2.314,-3.043
-21.918,6.551,4.826
-27.885,1.79,-2.931
-16.882,-5.51,-9.611
-23.225,-7.697,-1.424
-16.442,5.754,-0.153
-21.641,2.952,-5.706
-24.141,-17.669,-17.317
-23.624,-1.443,-5.204
-30.048,3.699,-10.063
-20.39,-10.484,-3.668
-22.184,-6.412,-9.807
-19.456,-2.476,-4.587
-27.723,-2.184,-4.077
-24.794,6.479,-10.877
-18.203,-1.739,-5.795
-20.524,-12.47,-4.505
-26.928,-3.486,-0.404
-14.729,0.754,4.905
-12.944,2.172,13.607
-13.523,4.316,8.034
-12.379,-2.998,7.939
-9.654,5.123,6.797
-6.548,0.866,0.986
-5.048,-0.361,0.608
-5.259,3.5,2.474
-5.967,2.754,2.053
-3.01,7.02,3.919
-2.938,8.266,7.415
-4.572,6.697,5.814
-4.082,3.053,3.668
-3.369,1.4,2.495
-3.189,1.864,2.85
-4.371,2.718,2.852
-3.701,4.847,5.335
-2.632,4.5,5.898
-3.314,3.39,7.654
-5.264,7.139,7.843
-5.285,7.352,6.297
-2.694,4.07,3.692
-0.869,1.237,4.926
-2.192,3.835,6.364
-5.328,6.417,7.807
-6.381,5.28,6.505
-4.771,3.826,5.869
-3.402,2.818,7.06
-3.462,2.878,7.998
-5.225,3.531,8.175
-6.742,2.974,7.436
-6.86,1.682,6.182
-6.941,3.034,10.056
-5.737,8.001,11.525
-5.225,4.941,9.467
-7.084,-0.096,5.568
-9.068,-2.646,5.161
-9.068,-0.156,9.032
-6.3,4.034,10.329
-5.173,2.857,9.432
-6.147,0.342,6.984
-6.773,-2.01,6.654
-6.333,-2.835,7.197
-6.594,-0.718,8.269
-6.62,2.031,9.216
-7.793,0.581,8.518
-8.18,-0.251,6.163
-6.367,1.136,5.582
-4.532,3.132,5.649
-4.771,2.677,6.166
-5.68,4.072,6.075
-4.831,3.421,7.101
-4.95,-2.101,7.472
-8.455,-5.225,6.441
-9.032,3.086,6.003
-6.986,4.343,8.841
-7.317,-1.945,7.601
-9.534,-1.285,5.539
-9.709,5.448,5.386
-7.3,7.623,6.283
-5.752,5.967,6.709
-6.443,4.364,6.589
-6.871,4.871,6.496
-4.871,0.141,6.649
-5.407,-3.924,6.154
-9.211,0.06,6.166
-9.673,6.316,7.575
-5.788,7.269,6.766
-3.95,3.682,4.886
-6.443,3.283,5.108
-7.501,6.601,6.539
-4.345,7.721,6.065
-2.137,4.857,4.63
-3.658,1.756,5.953
-7.156,3.534,9.156
-5.515,7.108,8.25
-2.041,6.197,4.381
-1.156,3.749,5.029
-2.443,5.285,7.704
-4.199,5.546,9.441
-2.512,4.869,6.503
0.33,3.007,2.23
0.273,-0.194,5.496
-2.943,3.976,9.793
-3.991,8.451,10.714
-1.603,5.395,7.9
-2.292,-4.065,7.056
-9.022,-8.338,6.922
0.802,12.642,13.812
6.001,18.078,20.253
-27.137,7.037,6.69
-9.85,21.969,20.327
15.822,26.979,26.091
-1.002,2.0,7.034
-0.871,-1.45,11.618
0.567,4.517,12.769
5.527,4.06,8.125
6.706,-0.194,4.259
5.563,-0.086,1.448
5.414,-0.045,1.517
-0.852,0.627,5.252
3.744,-11.444,9.377
2.345,-14.839,-0.754
0.244,-3.323,12.051
4.075,5.591,11.236
3.658,4.024,10.216
5.771,4.62,9.637
5.642,0.9,10.369
6.001,-1.687,7.352
8.63,-1.904,5.34
6.149,2.876,8.58
6.001,3.244,10.223
5.067,-0.866,8.211
4.838,-1.28,7.881
6.936,0.947,8.527
7.336,0.624,8.003
5.965,0.711,6.84
6.297,1.208,6.654
7.082,0.935,6.216
6.915,0.464,6.745
6.788,0.727,8.166
6.807,0.574,6.941
7.699,1.914,6.398
6.484,1.852,6.465
7.407,2.127,7.546
7.352,-1.55,6.773
8.147,0.081,6.123
8.003,1.452,6.261
7.455,0.859,7.57
6.075,-1.352,7.549
6.946,1.548,5.087
9.429,3.508,3.735
8.996,1.5,6.046
6.929,-0.991,7.824
6.735,0.045,6.924
7.551,2.665,5.785
7.874,3.127,6.092
7.082,0.656,6.582
7.173,0.237,5.63
8.068,2.17,4.989
8.527,1.196,6.034
7.429,-1.354,7.099
4.986,0.656,7.127
7.051,3.881,4.335
9.432,3.582,4.13
8.446,0.665,6.359
6.403,-1.397,7.996
6.553,-0.981,8.104
7.611,1.139,7.072
7.754,1.62,6.848
6.867,0.9,7.611
6.092,1.165,8.506
7.154,0.658,8.336
5.357,1.172,10.802
7.845,2.964,8.14
8.422,3.347,6.862
6.675,2.84,7.541
5.489,3.383,10.891
6.242,4.441,10.96
6.979,5.02,9.86
7.709,6.601,10.683
7.632,7.147,9.745
8.396,6.584,8.283
8.111,5.654,6.941
8.783,5.778,6.639
10.518,5.759,5.103
12.487,5.864,4.563
10.795,5.024,4.168
7.551,4.132,3.5
6.077,2.292,3.089
5.745,2.007,3.759
4.965,1.381,3.998
3.864,0.297,3.936
3.407,-0.201,4.192
2.737,0.397,4.237
1.103,-0.017,4.716
-0.505,-2.457,5.723
-1.507,-3.247,6.948
-2.263,-0.158,7.211
-2.567,0.392,8.087
-4.177,-3.816,9.896
-6.022,-4.673,8.702
-5.022,0.916,7.309
-3.058,4.125,8.594
-3.701,1.294,13.578
-5.027,-1.565,10.35
-3.761,-2.828,8.142
-1.232,-0.06,7.747
-0.371,-0.134,9.051
-2.158,-2.847,8.551
-4.441,-1.175,9.269
-3.082,4.008,10.475
-2.067,-1.256,12.982
-3.876,-4.283,7.168
-5.063,-1.914,11.743
-2.237,3.28,14.303
0.153,2.01,15.262
-0.586,-1.019,13.494
-1.371,-3.185,9.857
-0.658,-3.369,8.238
0.22,-2.218,7.685
0.392,-2.73,6.891
0.146,-3.646,7.087
-0.256,-2.129,8.927
-1.383,-0.045,11.642
-1.943,0.151,12.214
-2.024,-1.627,11.121
-2.053,-2.311,10.695
-1.861,-1.656,9.7
-1.335,-1.416,9.336
-0.833,-1.811,9.63
-1.282,-1.976,10.178
-0.797,-3.998,9.893
-0.825,-4.206,9.635
-0.931,-3.278,9.889
-0.624,-1.976,9.716
-0.584,-2.003,9.534
-1.177,-2.55,9.7
-1.483,-2.572,10.046
-1.122,-1.297,10.2
-0.603,-0.462,9.893
-0.507,-0.837,9.475
-1.134,-1.656,9.716
-1.742,-2.393,9.841
-1.404,-2.18,9.786
-0.912,-2.01,9.745
-1.199,-1.708,9.647
-1.526,-2.108,9.714
-1.385,-2.237,9.944
-1.113,-1.838,9.85
-0.694,-1.747,9.695
-0.608,-2.053,9.735
-0.775,-1.931,9.826
-0.943,-1.098,9.867
-1.11,-1.168,10.032
-1.337,-1.967,10.202
-1.218,-2.436,9.903
-0.775,-2.56,9.673
-0.754,-2.149,9.577
-0.842,-0.959,9.728
-0.928,-0.51,10.121
-1.613,-0.615,10.178
-1.919,-0.624,9.867
-1.23,-0.27,9.941
-0.615,-1.385,9.8
-1.163,-2.567,9.877
-1.328,-1.811,9.728
-0.687,-0.84,9.889
-0.316,-0.924,10.161
-0.641,-1.907,10.118
-1.33,-2.163,9.532
-1.029,-0.732,9.551
-0.534,-0.543,10.006
-0.828,-0.806,10.156
-1.428,-1.022,10.046
-1.522,-0.962,9.836
-1.11,-1.11,9.764
-0.828,-1.002,9.891
-0.737,-1.306,9.879
-0.804,-1.371,9.716
-0.924,-1.558,9.855
-0.912,-1.586,9.994
-0.44,-0.995,10.066
-0.1,-1.213,9.989
-0.345,-1.536,9.9
-1.168,-2.007,9.802
-1.369,-1.964,9.848
-0.854,-1.256,9.927
-0.569,-1.481,10.023
-0.959,-2.373,9.833
-1.136,-2.543,9.642
-0.66,-2.297,9.644
-0.361,-1.584,9.798
-0.285,-0.845,9.92
-0.333,-1.019,9.97
-0.45,-1.101,10.023
-0.854,-1.428,9.984
-1.077,-1.864,9.829
-0.139,-4.606,9.365
-1.192,-3.01,9.934
-2.208,-2.728,9.946
-0.5,-0.957,9.338
1.459,3.115,11.14
-0.402,0.096,11.214
0.089,-2.945,9.881
0.091,-1.995,9.688
-0.359,-2.909,9.659
-0.282,-3.397,9.542
0.502,-3.34,9.963
-0.029,-3.256,9.46
-0.086,-3.012,9.405
-0.019,-2.763,8.738
-0.182,-3.194,9.613
-1.069,1.5,9.621
-1.584,-1.192,11.482
-1.857,0.206,9.946
-0.878,-0.596,9.659
0.644,-0.627,9.238
1.414,0.297,9.479
-1.692,0.45,10.305
-2.907,-0.703,11.054
-2.723,-0.603,11.829
-1.794,-0.952,10.362
-0.557,-0.347,8.104
0.215,-0.299,9.381
-5.584,0.474,8.551
2.505,0.285,10.669
-4.063,0.144,9.731
0.981,0.294,10.329
-0.871,0.835,9.79
-1.529,0.737,9.549
-1.488,2.113,9.446
-0.644,-0.057,10.008
-1.589,-0.636,10.728
-1.701,0.857,10.094
-1.969,0.45,9.499
-1.943,-0.007,9.936
-2.354,-0.1,10.197
-0.596,0.416,10.281
-2.39,-0.797,8.972
0.601,0.505,10.061
-0.423,0.388,11.444
1.232,0.124,9.231
0.943,1.151,10.613
0.301,0.471,10.288
0.203,0.964,10.176
0.407,2.467,9.812
5.788,-5.536,15.083
2.617,-8.003,7.616
0.089,-0.01,9.561
-0.555,-2.924,10.271
-1.699,0.715,10.97
-3.328,2.299,10.913
-1.464,0.66,11.484
-1.974,-0.261,5.941
-4.933,4.388,11.748
-0.699,1.443,8.929
2.405,-1.072,10.08
0.33,-1.182,9.726
-2.038,-0.481,10.034
-1.948,-1.617,9.848
-0.419,-2.417,9.85
0.201,-1.859,9.379
-0.12,-0.713,9.8
-0.845,-0.4,10.149
-1.278,-0.385,10.183
-1.22,-0.182,10.185
-0.859,-0.112,10.001
-0.526,-0.4,10.039
-0.201,-0.981,9.989
0.031,-0.988,9.841
-0.167,-1.304,9.702
-0.725,-1.924,10.008
-0.976,-1.471,10.044
-0.754,-0.49,9.891
-0.469,-0.773,9.989
-0.177,-2.005,9.597
-0.294,-2.929,9.872
-2.151,-3.457,10.109
-1.101,-1.01,10.202
0.684,0.534,9.929
0.05,0.83,10.137
-1.12,0.754,9.707
-1.189,0.732,9.929
-0.61,-0.122,9.898
-0.691,-0.519,9.728
-1.132,0.17,9.822
-1.323,0.514,10.204
-1.122,0.388,9.982
-1.022,-0.024,9.979
-1.113,0.627,9.944
-1.469,0.23,10.247
-1.641,0.586,10.013
-1.182,0.821,10.058
-0.376,0.744,9.757
-0.916,-0.423,9.987
-1.208,0.4,9.924
-1.668,-0.66,9.838
-1.493,-0.333,9.829
-0.687,1.108,10.343
-1.196,3.29,10.133
-1.304,2.175,10.247
-1.634,2.165,10.212
-0.926,1.675,10.042
-2.048,3.098,9.735
-0.916,1.826,9.929
-1.914,1.483,8.204
-0.569,1.211,8.987
-0.694,-5.824,10.147
0.069,-0.823,9.831
0.572,-2.249,9.63
0.455,-2.4,9.79
-0.368,-1.254,10.302
-1.287,0.416,10.185
-1.211,0.505,10.288
-0.481,0.385,10.025
0.017,0.124,9.872
-0.313,-1.292,9.836
-0.546,-2.799,9.836
-0.189,-2.608,9.805
0.22,-1.613,9.848
-0.11,-0.892,10.087
-0.507,-0.368,10.073
-0.455,-0.177,9.831
-0.167,-0.029,9.944
-0.301,0.16,10.058
-0.725,-0.017,9.991
-0.354,-1.074,9.843
-0.419,-1.574,9.781
-0.285,-1.79,9.716
-0.182,-2.407,10.034
-0.586,-2.577,10.001
-0.679,-2.603,9.841
-0.158,-2.189,9.68
0.574,-1.385,9.07
0.179,-1.56,10.468
0.397,-2.024,9.403
-0.871,-2.759,9.709
-0.517,-2.555,9.845
0.546,-2.017,9.69
-1.247,-2.326,9.762
0.201,-2.141,9.472
0.615,-1.684,9.29
-0.335,-2.01,9.642
-0.182,-2.426,10.977
-0.019,-3.051,8.769
-0.27,-2.957,9.618
0.132,-2.713,9.422
-0.864,-2.582,9.367
-1.196,-2.259,10.092
-0.991,-2.189,9.999
0.146,-3.33,9.58
0.033,-2.512,9.417
-1.249,-2.68,10.185
-0.187,-2.706,9.967
0.483,-2.266,9.398
-0.163,-2.974,9.099
0.297,-2.775,9.678
-2.194,-2.034,9.982
-0.603,-2.536,10.109
-0.878,-3.414,10.403
-0.153,-2.713,9.539
-0.337,-2.285,9.604
-0.172,-2.361,9.688
-0.708,-2.45,10.044
-0.223,-2.256,9.934
0.498,-1.562,9.733
-0.053,-1.694,10.164
-0.414,-2.503,10.326
-0.356,-2.208,10.302
-1.656,-2.302,10.633
-0.701,-2.094,9.353
0.337,-1.361,8.984
1.273,-1.067,10.183
0.225,-2.493,9.769
1.526,-2.034,9.733
0.981,-2.172,8.173
0.1,-1.653,9.566
-0.39,-2.754,10.293
0.292,-2.445,9.824
-0.165,-2.909,9.286
-1.402,-2.809,9.57
-1.026,-3.328,9.841
-1.388,-3.708,9.656
-0.435,-3.108,9.429
0.703,-2.531,9.075
-0.321,-2.893,9.463
-0.809,-3.744,9.532
-0.151,-3.826,8.79
-0.534,-3.912,9.199
-1.785,-3.601,9.42
-0.991,-3.73,9.654
-1.361,-3.735,9.697
-1.596,-2.876,9.07
-1.395,-2.728,9.377
-1.799,-2.828,9.819
-1.369,-3.129,9.522
-0.835,-4.5,9.336
-2.692,-2.902,8.379
-0.325,-2.467,9.252
-1.814,-1.278,9.446
-2.83,-2.689,9.254
-2.371,-1.725,9.575
-1.782,-2.505,9.74
-2.644,-2.318,10.039
-1.849,-2.692,9.398
-2.639,-0.541,9.704
-1.01,-1.448,10.101
-2.132,-2.058,9.496
-1.799,-1.964,9.475
-2.177,-2.723,9.324
-2.05,-3.725,9.522
-2.034,-5.072,10.204
-3.881,-5.288,9.738
2.354,-2.761,8.384
2.003,-4.168,8.226
-0.813,-3.926,9.379
-2.704,-4.098,9.731
-1.306,-3.85,9.274
-0.273,-3.062,9.063
-0.763,-3.132,9.388
-1.357,-3.819,9.542
-1.019,-3.881,9.235
-0.725,-3.673,9.082
-0.919,-3.505,9.276
-0.945,-3.45,9.42
-0.849,-3.649,9.305
-0.95,-3.642,9.159
-1.103,-3.692,9.293
-1.081,-3.744,9.319
-1.096,-3.575,9.214
-1.921,-4.646,10.195
-0.471,-3.156,8.948
-0.847,-3.749,8.936
-0.766,-3.929,9.484
-1.043,-4.187,9.345
-1.074,-3.168,9.097
-0.983,-2.866,9.338
-1.103,-3.027,9.525
-1.658,-2.864,9.707
-1.739,-2.68,9.489
-0.498,-3.57,9.207
-0.835,-4.204,9.219
-1.589,-3.079,9.616
-1.718,-2.548,9.652
-1.103,-2.57,9.762
-0.481,-2.806,9.214
-1.419,-2.704,9.618
-2.472,-2.467,9.934
-1.175,-3.048,9.692
-1.048,-2.268,9.46
-1.421,-0.579,9.697
-1.39,-1.414,9.953
-1.598,-2.682,10.166
-1.457,-2.297,9.767
-1.529,-2.012,9.611
-0.94,-1.658,9.702
-0.603,-1.072,9.515
-1.476,-1.72,9.853
-1.381,-2.105,9.769
-1.39,-1.005,9.499
-2.232,-0.981,10.094
-1.617,-1.802,10.087
-0.847,-1.452,9.621
-0.94,-1.66,9.676
-0.799,-1.464,9.74
-1.515,-1.555,9.764
-1.885,-1.409,9.8
-1.747,-1.548,9.855
-1.476,-1.383,9.668
-1.493,-1.392,9.819
-1.381,-1.881,9.685
-2.086,-2.235,9.755
-1.708,-2.077,9.7
-1.828,-2.05,9.704
-1.759,-1.866,9.757
-1.849,-1.948,9.759
-1.782,-2.192,9.767
-1.993,-1.871,9.81
-1.838,-0.967,9.752
-0.794,-1.737,9.061
-1.438,-1.646,8.927
-1.895,1.507,9.941
-0.036,1.146,9.46
-2.172,1.656,9.924
-2.419,2.306,9.714
-2.048,4.058,9.659
-2.046,3.799,9.025
-3.003,3.424,8.149
-2.125,4.606,7.175
-0.67,5.469,6.592
-1.314,5.027,6.247
-1.658,6.812,7.721
-0.897,7.029,7.419
-0.057,7.814,5.747
-1.761,8.132,7.01
-2.105,7.845,7.702
-1.998,7.529,7.872
-3.249,6.173,6.635
-2.426,7.407,6.092
-1.349,7.912,6.718
-0.213,8.549,5.816
0.002,7.752,6.766
-1.936,8.13,7.496
-1.742,8.874,6.584
-2.469,7.989,6.721
-3.228,7.285,5.833
-2.637,7.683,5.893
-0.998,8.475,5.953
-0.787,8.056,5.493
-1.646,7.501,6.027
-1.759,7.429,6.132
-1.522,7.692,6.051
-1.617,8.087,5.773
-1.981,7.625,5.816
-1.548,7.649,5.864
-1.768,7.41,6.039
-2.381,7.415,6.075
-1.653,8.077,5.462
-2.67,7.924,6.084
-0.124,7.967,5.252
-1.069,7.852,5.804
-2.845,7.386,5.79
-1.998,7.931,5.749
-1.314,7.666,5.522
-1.11,8.032,5.508
-1.084,8.367,5.489
-1.871,8.3,5.414
-1.495,8.013,5.149
-1.132,8.405,5.369
-1.919,7.795,5.522
-1.57,7.553,5.355
-1.794,8.592,5.764
-2.426,7.951,5.541
-1.493,8.439,5.412
-1.282,8.331,5.491
-2.297,7.762,5.807
-1.684,7.668,5.651
-1.704,7.599,5.766
-1.833,7.702,5.833
-2.115,7.539,5.785
-1.931,7.417,5.778
-2.663,7.118,6.151
-2.079,7.391,5.922
-2.041,8.001,5.835
-2.517,7.651,5.929
-2.211,8.537,6.376
-0.483,8.604,6.415
-1.952,6.962,6.149
-2.012,7.242,6.321
-1.359,7.848,5.905
-2.254,7.754,6.168
-2.134,7.161,7.333
-1.203,7.228,6.233
-1.89,7.027,6.57
-2.082,6.824,6.309
-1.534,6.237,6.374
-2.67,7.718,5.974
-0.687,8.297,5.85
-2.11,7.458,6.398
-1.677,7.082,6.328
-1.617,7.331,6.407
-1.704,7.273,6.312
-1.079,7.068,6.656
-1.598,7.448,6.395
-1.72,7.216,6.403
-1.816,7.41,6.321
-1.682,7.582,6.393
-1.885,7.261,6.386
-1.687,7.398,6.41
-1.778,7.563,6.371
-1.684,7.3,6.443
-1.727,6.934,6.479
-1.983,6.883,5.891
-1.988,8.238,6.604
-1.94,7.089,6.527
-1.739,7.288,6.534
-2.05,7.139,6.522
-1.766,7.242,6.529
-1.842,7.261,6.565
-1.893,7.175,6.644
-1.756,7.149,6.508
-1.751,7.175,6.592
-1.816,7.02,6.592
-1.804,7.087,6.673
-1.744,7.068,6.709
-1.704,6.749,6.8
-1.538,6.912,6.876
-1.596,6.773,6.85
-1.787,6.663,6.95
-1.574,6.706,6.915
-1.797,6.702,6.936
-1.948,6.934,6.886
-1.634,6.953,6.745
-1.83,7.029,6.929
-1.651,6.903,6.845
-1.818,6.97,6.831
-1.665,7.029,6.953
-1.483,6.91,6.867
-1.625,6.864,6.962
-1.531,6.821,6.824
-1.543,6.994,6.831
-1.622,6.848,6.919
-1.505,7.025,6.848
-1.73,7.178,6.883
-1.756,6.826,6.905
-1.431,5.998,6.871
-0.775,6.848,6.843
-1.359,6.955,6.972
-1.352,7.23,6.816
-1.62,6.678,6.761
-1.536,7.226,7.144
-1.517,7.209,6.91
-1.861,7.352,6.924
-1.711,6.778,7.003
-1.27,6.907,6.876
-1.622,6.793,7.068
-1.885,6.666,6.941
-1.701,6.687,7.046
-2.105,7.678,7.443
-1.574,6.489,6.941
-1.5,6.704,7.02
-1.916,6.582,7.015
-2.06,6.623,7.063
-1.742,6.824,6.917
-1.897,6.714,6.979
-1.943,6.74,7.094
-1.782,6.764,6.965
-1.718,6.8,6.96
-1.778,6.893,6.979
-1.794,6.773,7.072
-1.572,6.637,7.051
-1.522,6.508,7.041
-1.818,6.522,7.111
-1.921,6.592,7.199
-1.89,6.539,7.058
-2.094,6.56,7.632
-1.596,6.735,6.994
-1.732,6.723,7.202
-1.979,6.539,6.974
-1.814,6.893,7.137
-2.003,6.651,7.118
-1.699,6.496,6.998
-1.536,6.742,7.142
-2.043,6.281,7.345
-1.761,6.505,7.197
-1.694,6.489,7.25
-2.407,6.324,7.273
-2.347,6.57,7.297
-1.838,6.484,7.06
-1.629,6.257,7.166
-1.132,6.709,7.135
-1.663,6.118,7.206
-2.151,7.092,7.415
-1.201,6.716,7.168
-1.165,6.62,7.104
-1.581,6.723,7.273
-1.665,6.252,7.247
-1.443,6.86,7.233
-1.543,6.582,7.254
-1.416,6.766,6.747
-1.72,6.436,7.135
-1.852,6.876,7.211
-1.84,6.752,7.309
-2.038,6.498,7.273
-2.017,6.199,7.333
-2.024,6.137,7.403
-1.646,6.135,7.422
-1.96,6.005,7.343
-2.244,6.089,7.479
-2.139,6.077,7.348
-1.89,6.501,7.345
-1.864,6.575,7.3
-1.873,6.489,7.166
-1.95,6.424,7.266
-1.804,6.84,7.283
-1.744,6.534,7.032
-1.964,6.745,7.101
-2.132,6.642,7.154
-2.318,6.558,7.183
-2.134,6.336,7.19
-1.909,6.556,7.18
-1.711,6.548,7.159
-2.55,6.312,7.336
-2.072,6.209,7.266
-1.969,6.419,7.331
-2.11,6.182,7.29
-1.974,6.395,7.302
-1.768,6.319,7.297
-2.082,6.19,7.4
-2.436,6.072,7.498
-2.345,6.221,7.446
-1.861,6.415,7.187
-1.211,6.613,7.254
-2.16,6.513,7.391
-2.259,6.398,7.352
-1.998,6.613,7.431
-1.567,6.312,7.333
-1.739,6.044,7.372
-2.515,6.991,7.539
-1.715,5.914,7.417
-1.857,5.922,7.429
-2.098,5.998,7.517
-2.036,6.369,7.46
-1.866,6.324,7.431
-1.816,6.271,7.362
-1.912,6.412,7.381
-1.806,6.46,7.441
-1.605,6.147,7.429
-1.933,6.08,7.383
-2.091,6.328,7.45
-1.553,6.352,7.388
-1.452,6.357,7.496
-1.495,6.168,7.467
-1.926,6.415,7.393
-1.732,6.458,7.491
-1.67,6.015,7.532
-2.165,6.278,7.434
-2.584,6.278,7.455
-2.294,6.225,7.254
-1.936,6.242,7.472
-2.464,6.058,7.529
-1.995,5.953,7.527
-2.168,5.886,7.448
-2.409,6.151,7.561
-2.01,6.19,7.62
-2.402,6.235,7.611
-1.859,6.101,7.448
-2.07,6.276,7.659
-1.842,6.06,7.57
-2.192,6.115,7.642
-2.242,5.773,7.637
-1.945,5.694,7.673
-2.417,6.056,7.508
-2.771,6.422,7.855
-1.993,5.996,7.422
-1.258,5.388,8.08
-0.172,6.675,7.79
-1.553,5.737,7.742
-2.168,5.544,7.795
-1.914,5.941,7.855
-1.515,5.713,7.704
-1.519,5.711,7.718
-1.383,5.8,7.661
-1.469,6.233,7.793
-1.945,5.792,7.702
-1.893,5.568,7.632
-1.409,5.541,7.647
-1.299,6.123,7.721
-1.577,6.398,7.785
-1.976,6.51,7.587
-1.926,6.726,7.474
-1.507,7.257,7.549
-1.464,6.738,7.525
-1.909,6.096,7.62
-1.876,5.797,7.709
-1.586,4.984,7.532
-1.933,5.73,8.336
-1.397,5.644,7.831
-1.132,5.694,7.982
-1.78,5.278,7.802
-1.692,5.599,7.836
-0.904,5.692,8.173
-1.278,6.857,8.013
-0.706,5.654,7.446
-0.639,5.644,7.506
-5.359,5.474,7.879
-2.529,6.625,8.192
-2.268,6.029,7.611
-1.852,5.946,8.058
-1.983,5.577,7.893
-1.101,5.905,7.261
-1.44,4.821,8.096
-0.778,4.766,7.867
-1.646,4.433,8.094
-2.16,5.438,8.388
-1.5,4.933,8.027
-2.113,5.958,8.448
-2.711,5.668,8.199
0.108,7.07,7.501
-1.601,6.812,7.939
-3.335,6.257,7.986
-0.991,6.276,7.596
-2.936,5.835,7.934
-1.701,6.194,8.154
-1.859,6.671,8.183
-2.735,6.08,8.458
-1.675,6.089,10.427
-0.751,5.529,8.309
-0.878,5.515,8.51
-0.768,5.304,8.152
-0.907,4.211,7.678
-1.696,5.072,8.652
-1.388,3.33,8.553
-1.134,3.228,8.644
-1.127,2.268,9.405
-0.959,2.326,8.838
-1.117,1.864,8.943
-1.388,1.708,9.752
-1.648,3.469,9.42
-2.012,3.496,9.853
-0.904,2.476,8.9
-0.603,2.168,9.613
-0.651,2.034,10.154
-1.44,2.814,9.609
-1.189,3.048,9.716
-0.928,1.725,9.783
-0.904,1.555,9.85
-0.959,1.055,9.733
-1.591,2.139,9.142
-0.95,1.993,9.989
-0.67,1.653,9.683
-0.964,1.515,9.836
-1.086,1.349,9.429
-0.634,1.89,9.221
-2.139,2.72,10.314
-0.907,1.687,9.719
-0.811,1.56,9.424
-1.486,1.613,9.826
-0.888,1.632,9.58
-2.187,2.663,9.776
-1.148,1.914,9.496
-1.048,1.687,9.762
-1.084,1.756,9.776
-1.553,2.192,9.654
-3.747,3.094,10.075
-1.541,2.22,9.774
-1.206,2.098,9.664
-1.431,2.256,9.558
-1.804,2.29,9.463
-1.809,2.275,9.575
-1.658,1.976,9.764
-1.297,2.862,10.051
-1.706,1.806,9.525
-1.433,2.003,9.575
-1.476,2.12,9.719
-1.663,2.213,9.807
-1.754,2.558,9.714
-1.165,2.409,9.731
-1.184,1.847,9.044
-0.529,1.957,9.503
-0.677,2.254,9.944
-0.522,2.091,9.676
-0.483,2.017,9.716
-0.569,2.144,9.975
-0.751,2.086,9.805
-0.871,2.18,9.781
-0.758,2.177,9.683
-0.768,2.125,9.836
-0.687,1.921,9.606
-0.766,1.988,9.826
-0.624,2.048,9.814
-0.849,2.094,9.826
-0.809,2.046,9.652
-0.859,2.256,9.764
-0.766,2.105,9.711
-0.519,2.122,9.707
-0.694,2.278,9.869
-0.708,2.194,9.879
-0.823,1.991,9.819
-0.857,1.974,9.757
-0.696,2.117,9.75
-0.78,2.168,9.8
-0.462,2.125,9.841
-0.608,1.955,9.963
-0.806,1.928,9.865
-0.534,1.945,9.7
-0.371,1.782,9.764
-0.27,1.883,9.817
-0.483,1.904,9.927
-0.61,1.9,9.922
-0.557,1.842,9.731
-0.476,1.766,9.735
-0.445,1.84,9.733
-0.67,1.809,9.939
-0.613,2.046,9.771
-0.773,1.771,9.865
-0.632,1.861,9.793
-0.684,1.811,9.855
-0.699,1.976,9.881
-0.486,2.062,9.8
-0.758,1.904,9.807
-0.689,1.952,9.836
-0.668,1.912,9.755
-0.581,1.938,9.688
-0.534,1.861,9.822
-0.469,1.809,9.812
-0.794,1.852,9.867
-0.634,1.914,9.91
-0.739,1.888,9.807
-0.679,1.799,9.764
-0.617,1.663,9.762
-0.586,1.768,9.85
-0.555,1.924,9.812
-0.679,2.06,9.659
-0.263,2.027,9.534
-0.852,1.849,9.778
-0.689,1.878,9.795
-0.813,1.828,9.819
-0.813,1.967,9.946
-0.735,2.038,9.769
-0.589,2.146,9.678
-0.945,2.113,9.805
-0.615,1.912,9.757
-0.569,1.967,9.69
-0.56,1.852,9.8
-0.423,1.83,9.81
-0.739,2.034,9.788
-0.778,1.95,9.829
-0.809,1.893,9.783
-0.775,1.771,9.853
-0.699,1.919,9.759
-0.687,1.711,9.757
-0.615,1.816,9.829
-0.668,1.876,9.795
-0.77,1.885,9.778
-0.778,1.876,9.831
-0.562,1.933,9.762
-0.629,2.012,9.786
-0.746,1.902,9.776
-0.749,1.838,9.702
-0.727,1.823,9.829
-0.811,1.785,9.822
-0.517,1.835,9.745
-0.656,1.914,9.829
-0.794,1.919,9.795
-0.782,1.921,9.831
-0.78,1.921,9.637
-0.723,1.811,9.697
-0.723,1.809,9.845
-0.751,1.735,9.881
-0.653,1.692,9.783
-0.751,1.926,9.704
-0.72,1.869,9.874
-0.763,1.974,9.994
-0.514,1.78,9.759
-0.823,1.696,9.838
-0.809,1.967,9.867
-0.646,1.878,9.731
-0.627,1.89,9.822
-0.797,1.866,9.855
-0.593,1.735,9.769
-0.835,1.818,9.848
-0.849,1.823,9.922
-0.629,1.878,9.673
-0.648,1.732,9.843
-0.955,1.615,9.917
-0.282,1.859,9.752
-0.543,1.692,9.731
-0.495,1.732,9.726
-0.84,1.66,10.015
-0.713,1.498,9.989
-0.275,5.8,10.807
-1.06,-5.429,8.379
-1.646,-5.857,6.728
-0.828,-0.17,6.888
-1.227,1.488,9.666
-0.455,1.579,9.764
-0.648,1.672,9.867
-0.79,1.572,9.845
-1.177,1.388,9.893
-1.151,1.658,9.991
-0.27,1.725,9.458
0.23,2.041,9.618
-0.959,1.778,10.274
-1.701,1.634,10.106
-2.684,0.751,9.597
-1.818,1.18,9.929
0.414,1.05,10.343
-1.043,1.938,9.953
-1.242,1.591,9.733
-1.823,1.522,9.977
-1.481,1.598,9.616
-0.309,1.235,9.444
-0.318,1.22,9.984
-1.041,1.416,9.896
-0.426,2.0,9.707
-1.275,2.244,9.936
-0.577,2.113,9.805
-0.754,2.306,9.489
-1.196,2.232,9.963
-1.318,1.818,9.824
-1.677,1.782,9.74
-1.605,2.206,9.934
-0.627,2.369,17.999
-1.634,1.026,10.635
-0.754,1.924,9.817
-0.579,1.311,9.585
-1.048,1.596,9.676
-1.342,2.369,9.869
-1.232,1.84,9.752
-0.773,2.125,9.683
-1.091,2.311,9.788
-1.163,2.089,9.709
-1.493,2.058,9.79
-1.562,1.687,9.723
-0.794,1.763,9.451
-1.043,1.955,9.812
-1.337,2.062,9.778
-1.072,2.218,9.776
-1.053,1.553,9.611
-1.771,1.108,9.79
-1.144,1.897,9.625
-2.412,1.61,9.958
-1.644,1.735,9.843
-1.735,2.515,9.817
-1.998,2.467,9.656
-0.696,1.39,9.735
-1.199,1.897,9.697
-2.285,2.022,9.822
-1.479,1.883,9.781
-1.182,2.082,9.671
-1.093,1.833,9.637
-1.471,1.835,9.769
-1.677,1.383,9.577
-1.0,1.684,9.568
-1.285,1.73,9.671
-1.62,2.531,9.755
-1.426,2.594,9.867
-1.383,1.938,9.745
-1.182,2.024,9.716
-1.321,1.601,9.7
-1.232,1.696,9.64
-1.105,1.816,9.685
-1.242,1.51,9.721
-1.244,1.448,9.711
-1.335,1.459,9.704
-1.471,1.632,9.745
-1.395,1.696,9.764
-1.208,1.62,9.726
-1.495,1.507,9.664
-1.414,1.61,9.683
-1.593,1.684,9.778
-1.428,1.634,9.743
-1.464,1.613,9.721
-1.266,1.84,9.702
-1.28,2.027,9.767
-1.27,2.01,9.752
-1.256,1.503,8.302
-1.373,2.082,9.711
-1.548,1.979,9.755
-1.354,1.72,9.566
-1.503,1.756,9.642
-1.211,1.495,9.661
-1.436,1.617,9.733
-1.383,1.782,9.714
-1.534,1.637,9.659
-1.553,2.027,9.812
-1.476,1.689,9.762
-1.536,1.694,9.757
-1.517,1.684,9.714
-1.412,1.581,9.668
-1.455,1.826,9.709
-1.625,1.754,9.743
-1.44,1.809,9.721
-1.366,1.794,9.649
-1.737,1.67,9.719
-1.278,1.759,9.659
-1.495,1.931,9.75
-1.507,1.967,9.776
-1.366,1.962,9.633
-1.349,1.785,9.649
-1.517,1.646,9.709
-1.321,1.849,9.688
-1.306,2.048,9.781
-1.603,1.895,9.79
-1.503,1.861,9.733
-1.354,1.782,9.728
-1.548,1.103,9.566
-1.244,1.732,9.668
-1.541,1.919,9.829
-1.67,1.754,9.707
-1.304,1.682,9.723
-0.098,2.103,11.539
-2.46,1.68,10.044
-0.208,2.244,9.881
-1.127,1.775,9.738
-1.957,3.996,9.338
-1.596,1.419,9.623
-1.39,2.055,9.697
-1.629,1.354,9.769
-1.402,1.675,9.704
-1.4,1.464,9.592
-1.381,1.433,9.633
-1.414,1.55,9.688
-1.536,1.897,9.733
-1.354,1.708,9.721
-1.39,1.672,9.714
-1.412,1.94,9.723
-1.536,1.794,9.752
-1.467,1.852,9.726
-1.421,1.988,9.788
-1.349,2.091,9.716
-1.488,1.72,9.747
1.223,0.756,12.872
-1.931,2.28,10.654
-1.347,2.237,10.109
-1.306,-0.05,9.611
-1.318,3.319,9.556
-1.924,0.507,9.52
-0.845,1.881,9.716
-1.672,0.921,9.833
-1.108,1.285,9.613
-1.493,1.144,9.723
-1.371,1.304,9.676
-1.665,1.553,9.75
-1.409,1.505,9.733
-1.474,1.512,9.752
-1.455,1.581,9.74
-1.361,1.512,9.771
-1.517,1.431,9.769
-1.249,1.562,9.74
-1.349,1.555,9.759
-1.414,1.581,9.745
-1.4,1.584,9.85
-1.44,1.687,9.716
-1.629,1.682,9.836
-1.565,1.771,9.798
-1.314,1.723,9.731
-1.531,1.682,9.848
-1.333,1.615,9.786
-1.299,1.615,9.759
-1.361,1.675,9.757
-1.354,1.818,9.688
-1.196,1.503,9.659
-1.534,1.971,9.683
-1.835,1.902,9.879
-1.838,1.192,9.666
-1.438,1.488,9.527
-1.577,2.268,9.841
-1.629,1.723,9.633
-1.593,1.409,8.819
-1.605,1.928,10.011
-1.5,1.888,9.81
-0.639,2.972,9.434
-2.242,1.397,9.618
-1.364,1.986,9.664
-1.763,1.737,9.683
-1.782,1.79,9.7
-1.689,1.849,9.692
-1.603,1.558,9.683
-1.699,1.651,9.735
-1.488,1.699,9.759
-1.603,1.591,9.664
-1.648,1.534,9.733
-1.4,1.725,9.726
-1.543,1.66,9.707
-1.555,1.579,9.755
-1.187,1.402,9.7
-1.747,1.517,9.781
-1.498,1.448,9.735
-1.579,1.684,9.781
-1.558,1.529,9.743
-1.479,1.469,9.774
-1.553,1.567,9.764
-1.603,1.648,9.733
-1.522,1.503,9.752
-1.548,1.605,9.762
-1.543,1.486,9.75
-1.531,1.469,9.709
-1.543,1.526,9.767
-1.462,1.488,9.738
-1.479,1.352,9.802
-1.51,1.407,9.711
-1.634,1.419,9.735
-1.45,1.512,9.68
-1.4,1.306,9.745
-1.495,1.464,9.747
-1.282,1.51,9.733
-1.381,1.416,9.711
-0.751,1.515,9.781
-1.811,0.871,9.965
-0.849,2.409,9.455
-1.838,1.148,9.625
-1.962,1.364,9.783
-1.687,2.015,9.891
-1.139,1.244,9.786
-1.471,1.471,9.671
-1.5,1.053,9.759
-1.615,1.364,9.764
-1.735,1.421,9.719
-1.572,1.538,9.728
-1.84,1.684,9.762
-1.615,1.507,9.731
-1.632,1.522,9.752
-1.505,1.481,9.759
-1.412,1.469,9.755
-1.493,1.555,9.743
-1.608,1.572,9.769
-1.613,1.629,9.723
-1.562,1.67,9.819
-1.665,1.57,9.783
-1.381,1.517,9.714
-1.517,1.28,9.711
-1.069,1.704,9.671
-1.9,1.464,9.841
-1.747,1.18,9.764
-1.498,1.383,9.611
-1.835,1.22,9.75
-2.074,1.522,9.702
-1.57,1.95,9.628
-1.675,1.548,9.767
-2.684,0.483,13.442
-1.782,1.754,10.08
-1.194,1.407,9.463
-1.699,1.988,9.764
-2.4,2.036,9.812
-1.244,1.459,9.676
-1.967,1.55,9.714
-1.73,1.428,9.822
-1.584,1.565,9.664
-1.672,1.637,9.707
-1.876,1.845,9.767
-1.804,1.751,9.719
-1.524,1.481,9.654
-1.627,1.663,9.711
-1.586,1.519,9.64
-1.589,1.445,9.7
-1.598,1.771,9.697
-1.622,1.314,9.735
-1.529,1.601,9.774
-1.505,1.369,9.692
-1.608,1.287,9.752
-1.723,1.586,9.762
-1.45,1.634,9.714
-1.641,1.658,9.7
-1.565,1.603,9.688
-1.503,1.601,9.688
-1.605,1.617,9.807
-1.558,1.462,9.752
-1.658,1.608,9.802
-1.558,1.704,9.764
-1.622,1.333,9.757
-1.237,1.373,9.656
-1.653,1.459,9.633
-1.51,1.725,9.733
-1.558,1.562,9.783
-1.581,1.469,9.685
-1.45,1.608,9.759
-1.436,1.646,9.755
-1.739,1.562,9.771
-1.615,1.591,9.743
-1.381,1.648,9.707
-1.481,1.278,9.692
-1.584,1.481,9.666
-1.821,1.593,9.685
-1.687,1.67,9.795
-1.737,1.555,9.74
-1.369,1.134,10.221
-1.897,1.725,10.092
-1.653,1.452,9.783
-1.18,2.591,8.951
-1.704,1.955,9.822
-1.632,1.904,9.755
-1.589,1.206,9.743
-1.629,1.66,9.783
-1.615,1.168,9.575
-1.457,1.531,9.7
-2.137,1.28,10.791
-1.644,1.06,10.389
-1.842,1.632,9.522
-1.395,1.955,9.843
-1.531,2.091,9.798
-1.586,1.474,9.759
-1.548,1.471,9.838
-1.617,1.258,9.63
-1.663,0.861,9.499
-1.656,0.837,10.372
-1.483,1.141,9.795
-2.766,1.785,9.869
-0.505,1.646,9.635
-1.622,1.744,9.855
-1.711,1.232,9.771
-1.505,1.526,9.731
-1.668,1.309,9.7
-0.969,1.223,8.9
-1.172,1.125,9.886
-2.244,1.79,9.577
-1.098,1.39,9.587
-1.782,1.584,9.838
-1.524,1.196,9.755
-1.706,1.292,9.685
-1.749,1.4,9.673
-1.323,0.739,12.915
-1.474,1.314,9.795
-2.436,2.354,9.386
-1.026,1.407,9.623
-1.79,1.577,9.747
-1.414,1.292,9.707
-1.94,1.625,9.726
-1.646,1.562,9.666
-1.079,1.007,9.092
-1.218,1.495,9.979
-2.034,2.256,9.03
-1.098,1.696,9.728
-1.912,1.507,9.74
-1.45,1.481,9.714
-2.007,1.524,9.702
-1.541,2.041,8.771
-1.395,0.543,9.539
-1.282,1.4,9.807
-2.706,2.094,9.506
-1.05,1.61,9.592
-1.581,1.66,9.764
-1.534,1.613,9.642
-1.931,1.749,9.561
-1.979,2.524,8.494
-1.459,1.038,9.649
-1.9,2.091,9.869
-2.33,2.974,9.654
-1.409,2.036,9.592
-1.756,1.818,9.668
-1.385,1.311,9.633
-1.677,1.5,9.654
-1.89,1.586,9.8
-1.694,1.201,10.044
-1.952,1.211,9.656
-2.192,2.44,9.719
-0.962,1.692,9.58
-2.005,1.51,9.805
-1.704,1.782,9.743
-1.773,2.022,9.685
-1.924,0.94,9.659
-0.983,1.768,10.188
-1.512,1.96,9.786
-1.761,2.318,9.917
-2.517,1.72,9.939
-2.249,1.809,9.329
-2.397,2.055,9.723
-2.407,1.964,9.69
-3.196,2.244,10.456
-1.986,1.682,10.204
-2.18,2.101,9.156
-2.213,1.931,9.704
-1.756,1.574,9.455
-1.61,1.22,9.563
-2.094,1.627,9.566
-2.017,1.589,9.599
-2.247,1.436,10.331
-2.027,1.78,9.637
-2.524,1.866,9.173
-2.333,1.854,9.597
-1.907,1.936,9.618
-2.321,1.957,9.659
-1.866,2.192,9.558
-2.323,1.84,9.726
-1.811,0.309,11.898
-1.33,2.153,9.475
-2.467,1.471,9.403
-2.869,1.503,9.501
-1.809,2.05,9.795
-2.137,1.921,9.654
-1.893,1.902,9.714
-1.814,1.548,9.542
-1.89,1.479,9.532
-2.034,1.613,9.575
-1.711,1.364,9.692
-2.16,2.103,9.771
-1.928,1.404,9.441
-2.144,1.809,9.644
-2.254,2.015,9.843
-2.201,1.794,9.673
-1.895,1.802,9.585
-1.974,1.948,9.637
-1.763,1.17,9.546
-1.445,1.754,9.685
-2.086,1.761,9.812
-1.909,1.792,9.917
-1.907,1.536,9.611
-1.586,1.555,9.664
-1.215,1.641,9.688
-1.495,1.412,9.769
-1.675,1.203,9.721
-1.383,1.438,9.628
-1.73,1.043,10.063
-1.735,0.888,9.831
-1.823,0.806,9.69
-1.55,0.787,9.566
-1.804,1.081,9.855
-1.907,1.345,9.879
-2.01,1.27,9.731
-1.902,1.146,9.707
-1.756,1.084,9.788
-1.483,0.794,9.869
-1.888,1.113,9.673
