8.221,-3.778,9.046
2.529,-3.708,8.723
3.534,-2.651,9.3
4.244,-3.725,8.618
5.402,-2.495,8.465
3.9,-2.151,8.637
3.531,-4.833,8.561
3.579,-2.079,9.039
4.589,-3.68,8.029
3.371,-2.996,8.376
3.57,-2.584,8.74
3.072,-2.761,9.015
5.02,-3.029,8.202
4.709,-3.771,8.137
4.491,-3.053,8.125
4.491,-2.938,8.424
5.015,-3.785,8.47
3.412,-2.864,9.02
4.993,-3.433,7.941
-0.644,-4.792,8.424
3.993,-3.309,9.025
3.122,-4.118,8.838
1.519,-2.704,9.51
5.249,-2.323,8.695
3.268,-3.886,8.58
4.168,-3.091,8.781
3.895,-3.577,8.46
3.998,-3.101,8.343
3.845,-2.57,8.666
3.976,-2.565,8.726
4.031,-2.586,8.525
3.929,-2.742,8.314
4.005,-3.055,8.274
4.027,-3.249,8.3
3.847,-3.271,7.821
4.579,-2.373,8.482
3.991,-4.477,7.793
3.728,-4.651,7.757
3.711,-4.106,7.898
3.953,-3.541,7.979
3.594,-3.335,7.984
4.292,-4.321,8.135
3.409,-4.414,8.532
3.89,-4.311,8.826
3.249,-3.031,9.35
3.692,-2.448,9.465
3.524,-3.572,9.101
3.354,-3.309,9.087
3.237,-3.785,8.63
3.149,-4.682,8.106
4.058,-4.991,8.369
3.539,-3.909,8.807
5.541,-5.632,8.051
1.909,-3.187,8.982
3.134,-2.909,8.553
3.828,-3.615,8.266
3.838,-3.754,8.51
3.651,-3.077,8.786
3.632,-3.976,8.687
3.704,-3.048,8.683
2.395,-2.503,8.845
4.359,-2.548,8.769
3.34,-4.101,8.443
3.388,-4.977,8.546
3.242,-3.979,8.704
3.73,-3.302,8.903
3.551,-3.01,9.097
3.644,-3.273,9.013
3.268,-3.208,9.015
3.28,-3.041,8.905
3.543,-3.697,8.613
1.282,-2.498,8.472
4.955,-2.027,8.896
2.768,-2.881,8.848
3.455,-2.467,8.994
3.378,-2.897,8.671
3.718,-3.242,8.64
3.615,-3.115,8.683
3.85,-3.263,8.458
3.694,-3.354,8.369
3.828,-3.522,8.479
3.464,-3.366,8.446
3.668,-3.661,8.405
3.558,-4.288,8.321
3.531,-4.067,8.465
3.515,-3.838,8.25
3.658,-3.548,8.185
3.658,-3.783,8.278
3.579,-3.704,8.405
3.551,-3.756,8.369
3.515,-3.606,8.4
3.594,-3.677,8.542
3.534,-3.749,8.673
3.338,-3.685,8.719
3.345,-3.627,8.642
3.297,-3.699,8.537
3.319,-3.73,8.656
3.357,-3.967,8.508
3.321,-3.953,8.527
3.29,-3.886,8.563
3.261,-3.67,8.726
3.18,-3.661,8.817
3.228,-3.809,8.695
3.144,-3.931,8.592
3.388,-4.041,8.556
3.431,-3.996,8.549
3.476,-3.871,8.597
3.314,-3.871,8.553
3.283,-4.02,8.539
3.055,-4.039,8.482
3.106,-4.087,8.408
3.369,-4.077,8.419
3.263,-4.11,8.357
3.187,-4.177,8.384
3.189,-4.256,8.475
3.115,-4.414,8.35
3.187,-4.438,8.154
3.041,-4.453,8.163
3.051,-4.292,8.226
3.062,-4.204,8.352
3.091,-4.378,8.52
2.972,-4.654,8.522
2.926,-4.847,8.355
3.161,-5.022,8.192
3.017,-4.843,8.281
3.129,-4.747,8.484
2.778,-5.008,8.549
3.029,-5.101,8.644
3.12,-4.869,8.527
3.019,-4.386,8.309
3.046,-4.594,8.178
3.208,-4.85,8.199
3.163,-4.914,8.056
3.125,-4.969,7.79
3.213,-4.644,7.836
3.278,-3.902,8.087
3.292,-3.821,8.283
3.149,-4.087,8.417
2.895,-4.529,8.36
2.658,-4.699,8.565
2.914,-4.321,8.857
2.964,-4.41,8.831
2.919,-4.07,8.537
2.972,-4.512,8.116
2.919,-4.768,8.061
3.153,-4.742,8.295
3.218,-4.292,8.594
3.247,-3.969,8.841
3.295,-4.395,8.723
2.907,-4.225,8.623
2.895,-3.488,8.568
2.706,-3.603,8.305
3.113,-4.218,8.144
3.249,-4.103,8.285
3.156,-4.168,8.503
3.17,-4.393,8.553
2.357,-3.445,8.742
2.857,-3.127,8.707
3.441,-4.039,8.12
3.196,-5.776,7.778
2.728,-5.835,8.381
2.876,-5.357,8.441
3.118,-5.579,8.19
4.572,-6.214,7.919
1.132,-5.07,8.513
3.579,-4.065,8.305
2.663,-3.773,8.362
2.795,-3.96,8.597
2.749,-4.771,8.329
2.584,-3.268,8.922
2.811,-2.749,8.922
2.038,-2.326,9.343
2.85,-3.85,9.778
4.462,-4.965,8.659
2.598,-4.546,8.479
3.051,-3.541,8.491
2.641,-3.907,8.549
2.766,-4.103,8.628
2.988,-4.555,8.652
3.134,-4.577,8.731
3.34,-4.45,8.527
2.747,-3.957,8.51
2.912,-3.871,8.336
2.952,-4.017,8.527
2.878,-4.005,8.477
3.187,-4.276,8.527
2.735,-3.749,8.654
2.972,-3.742,8.675
2.888,-4.113,8.565
3.053,-4.383,8.479
3.17,-4.491,8.527
2.711,-3.953,8.573
2.933,-3.823,8.685
3.043,-4.089,8.458
2.914,-4.137,8.664
2.897,-4.264,8.522
2.931,-4.12,8.635
2.888,-3.979,8.699
3.07,-4.144,8.632
3.015,-4.142,8.625
2.811,-4.017,8.561
2.897,-3.874,8.616
2.749,-3.663,8.714
2.883,-3.895,8.64
2.996,-4.142,8.608
3.012,-4.132,8.606
3.0,-4.113,8.508
2.931,-3.826,8.616
2.885,-3.878,8.625
2.881,-4.046,8.604
2.943,-4.077,8.678
2.9,-3.972,8.745
2.976,-3.924,8.723
2.888,-3.883,8.668
2.821,-4.118,8.585
2.814,-4.055,8.475
2.835,-4.055,8.546
2.926,-4.204,8.424
2.61,-3.965,7.405
3.156,-4.622,8.436
2.613,-4.34,9.429
3.086,-4.232,9.331
2.775,-4.149,8.927
2.397,-3.603,8.754
2.704,-3.787,8.549
2.653,-3.976,8.635
2.816,-3.948,8.695
2.926,-3.697,8.817
2.716,-3.608,8.733
2.84,-3.907,8.754
2.754,-4.199,8.709
2.754,-4.357,8.644
2.89,-4.249,8.542
2.945,-4.118,8.635
2.74,-3.886,8.731
2.984,-4.206,8.719
2.909,-4.01,8.745
2.787,-3.893,8.491
2.809,-3.632,8.544
2.74,-3.575,8.728
2.799,-3.965,8.733
2.792,-3.945,8.872
2.787,-3.694,8.798
2.675,-3.761,8.731
2.613,-3.886,8.817
2.873,-3.929,8.805
2.909,-3.938,8.809
2.907,-4.065,8.587
2.763,-4.055,8.453
2.706,-3.953,8.644
2.759,-4.177,8.838
2.634,-4.012,8.876
2.744,-3.953,8.685
2.799,-3.955,8.575
2.89,-3.998,8.652
2.881,-4.034,8.664
2.878,-3.761,8.726
2.878,-3.816,8.632
2.823,-3.972,8.68
2.744,-3.89,8.769
2.677,-3.785,8.905
2.787,-4.046,8.798
2.756,-4.065,8.654
2.809,-4.108,8.625
2.795,-4.237,8.565
2.747,-4.079,8.692
2.701,-4.144,8.671
2.797,-3.981,8.738
2.766,-3.799,8.735
2.792,-3.905,8.731
2.775,-3.74,8.786
2.759,-3.658,8.814
2.917,-3.816,8.664
2.845,-3.72,8.597
2.814,-3.898,8.522
2.804,-4.11,8.664
2.646,-4.048,8.759
2.637,-4.017,8.821
2.653,-4.17,8.85
2.656,-4.103,8.759
2.756,-4.003,8.726
2.761,-3.96,8.68
2.809,-3.957,8.661
2.838,-3.823,8.585
2.818,-3.816,8.762
2.759,-3.85,8.853
2.682,-3.747,8.965
2.687,-3.766,8.92
2.775,-3.756,8.685
2.732,-3.766,8.673
2.795,-3.792,8.735
2.778,-3.938,8.819
2.737,-3.838,8.788
2.675,-3.658,8.692
2.589,-3.708,8.771
2.773,-3.991,8.745
2.991,-4.323,8.661
2.507,-3.78,8.747
2.902,-4.043,8.479
2.9,-4.156,8.458
2.689,-3.874,8.558
2.627,-4.211,8.577
2.527,-4.223,8.891
2.632,-4.029,8.869
2.668,-4.297,8.74
2.871,-4.283,8.666
2.795,-4.544,8.441
2.768,-4.508,8.386
2.972,-4.288,8.312
3.431,-5.589,10.353
2.44,-4.488,8.671
1.969,-3.759,9.077
2.976,-3.917,8.53
2.553,-3.598,8.568
2.603,-4.154,8.522
2.881,-4.249,8.912
2.055,-3.531,9.042
1.625,-2.883,8.888
2.84,-3.811,8.659
2.716,-4.311,8.47
2.706,-4.02,8.692
2.622,-3.766,8.948
2.902,-3.905,8.977
2.735,-3.893,8.764
2.629,-3.79,8.412
2.661,-3.816,8.429
2.448,-3.548,8.704
2.388,-3.472,8.905
2.696,-3.706,8.733
2.725,-4.151,8.814
2.89,-4.469,8.723
2.694,-4.687,8.853
2.651,-4.644,8.931
2.687,-4.718,9.003
2.562,-4.381,8.762
2.316,-3.68,8.848
2.548,-3.474,8.841
2.409,-3.443,8.929
2.476,-3.491,8.955
2.318,-3.039,9.207
3.321,-3.06,8.97
2.601,-3.764,8.948
2.261,-3.271,9.001
2.622,-3.713,8.714
2.763,-4.01,8.649
2.689,-3.991,8.709
2.622,-4.008,8.716
2.562,-3.962,8.673
2.783,-4.235,8.733
2.773,-4.565,8.628
2.83,-4.209,8.544
2.474,-3.996,8.515
2.579,-3.835,8.675
2.718,-3.732,8.92
2.644,-4.031,9.056
2.493,-3.67,8.972
2.682,-3.838,8.728
2.565,-3.871,8.69
2.732,-3.996,8.628
2.747,-4.189,8.673
2.687,-4.084,8.764
2.617,-4.11,8.783
2.486,-4.005,8.831
2.567,-3.888,8.848
2.591,-3.783,8.699
2.67,-3.747,8.776
2.696,-3.79,8.821
2.677,-3.775,8.764
2.582,-3.938,8.661
2.601,-3.787,8.754
2.656,-3.953,8.778
2.661,-4.098,8.786
2.493,-4.01,8.8
2.677,-4.036,8.735
2.615,-4.055,8.719
2.586,-3.974,8.817
2.503,-4.072,8.798
2.601,-4.07,8.752
2.606,-4.015,8.683
2.57,-3.929,8.917
2.455,-3.723,8.903
2.505,-3.79,8.886
2.641,-4.02,8.917
2.716,-3.866,8.848
2.72,-3.737,8.783
2.797,-3.943,8.652
2.558,-3.85,8.704
2.704,-3.804,8.831
2.519,-3.737,8.888
2.627,-3.792,8.912
2.586,-3.598,8.934
2.641,-3.543,8.819
2.651,-3.632,8.695
2.62,-3.644,8.754
2.73,-3.764,8.821
2.694,-3.878,8.833
2.591,-4.079,8.867
2.622,-3.957,8.64
2.696,-4.249,8.537
2.756,-4.154,8.874
2.302,-3.417,9.152
2.933,-3.783,8.826
2.33,-3.692,8.843
2.586,-3.835,8.604
2.567,-3.847,8.865
2.486,-3.926,8.563
2.909,-4.321,8.85
2.266,-4.046,9.324
3.618,-3.809,9.274
2.137,-3.56,8.551
2.665,-3.412,8.427
2.732,-4.084,8.652
2.517,-3.555,9.032
2.608,-4.029,9.003
2.617,-4.075,8.833
2.536,-3.888,8.74
2.656,-4.11,8.62
2.692,-4.07,8.683
2.646,-3.929,8.836
2.263,-3.512,8.752
2.108,-3.352,8.955
3.431,-2.955,7.709
2.354,-3.524,9.044
2.806,-4.029,8.982
2.577,-3.689,8.853
2.211,-3.553,8.924
2.505,-3.488,9.015
2.613,-3.531,8.948
2.486,-3.338,8.97
3.22,-4.34,8.51
2.673,-3.649,8.673
1.754,-2.921,9.144
3.531,-4.012,8.879
3.089,-3.522,8.843
2.627,-3.17,9.013
2.646,-3.517,8.838
2.565,-2.687,8.917
2.763,-3.058,8.824
3.055,-4.386,8.285
2.424,-3.933,8.709
2.866,-5.304,8.664
2.558,-4.529,8.862
2.419,-4.886,8.479
2.364,-5.19,8.202
2.555,-4.78,8.341
2.732,-4.945,8.565
2.811,-4.749,9.01
2.412,-3.254,9.214
2.632,-3.883,8.731
2.383,-3.508,8.553
2.694,-3.165,8.687
2.842,-3.675,8.809
2.83,-3.326,8.977
2.668,-3.9,8.771
2.479,-3.862,8.549
2.651,-4.474,8.168
2.869,-4.572,8.396
2.512,-4.338,8.766
3.012,-5.297,8.63
2.586,-4.398,8.558
2.481,-4.211,8.463
2.44,-4.288,8.958
2.464,-3.953,9.613
2.23,-3.134,9.8
2.388,-2.352,9.154
2.83,-2.577,8.522
2.615,-3.268,8.429
2.74,-3.773,8.63
2.294,-3.027,9.173
2.771,-3.594,9.298
2.57,-4.225,9.07
2.579,-3.771,8.817
2.577,-4.211,8.546
2.694,-4.165,8.625
2.665,-3.962,8.702
2.735,-3.984,8.8
2.51,-4.036,8.879
2.649,-3.701,8.912
2.596,-3.498,8.876
2.689,-3.567,8.845
2.713,-3.543,8.786
2.744,-3.584,8.771
2.598,-3.637,8.867
2.629,-3.728,8.972
2.486,-3.646,9.02
2.622,-3.642,8.924
2.601,-3.783,8.874
2.673,-3.749,8.776
2.684,-3.871,8.68
2.673,-3.898,8.747
2.663,-3.771,8.829
2.632,-3.785,8.903
2.584,-3.73,8.963
2.606,-3.711,8.917
2.656,-3.749,8.855
2.582,-3.699,8.798
2.646,-3.68,8.817
2.598,-3.682,8.843
2.67,-3.764,8.824
2.675,-3.639,8.862
2.586,-3.653,8.833
2.615,-3.785,8.8
2.617,-3.584,8.74
2.486,-3.809,8.814
2.443,-3.802,9.116
2.491,-3.852,9.211
2.529,-3.857,9.104
2.632,-4.01,8.783
2.735,-4.07,8.532
2.773,-3.979,8.561
2.749,-3.737,8.886
2.448,-3.531,8.994
2.419,-3.522,8.946
2.594,-3.761,8.915
2.718,-3.627,8.838
2.747,-3.838,8.776
2.641,-3.864,8.807
2.543,-4.12,8.838
2.529,-4.134,8.776
2.5,-4.118,8.829
2.51,-3.792,8.955
2.608,-3.625,8.865
2.61,-3.809,8.924
2.673,-3.742,8.874
2.68,-3.555,8.893
2.649,-3.601,8.948
2.663,-3.723,9.003
2.62,-3.589,8.984
2.515,-3.388,8.955
2.582,-3.716,8.709
2.637,-4.077,8.625
2.704,-3.823,8.754
2.606,-3.905,8.886
2.591,-4.225,8.891
2.821,-3.378,9.065
2.61,-3.699,8.762
2.711,-3.663,8.807
2.395,-3.692,8.869
2.594,-3.986,8.865
2.649,-4.139,8.857
2.728,-4.084,8.8
2.68,-3.67,8.807
2.699,-3.931,8.735
2.603,-3.747,8.821
2.682,-3.687,8.824
2.615,-3.639,9.008
2.625,-3.783,9.01
2.613,-3.596,8.996
2.649,-3.608,8.92
2.706,-3.62,8.809
2.701,-3.773,8.764
2.67,-3.591,8.881
2.637,-3.441,8.982
2.682,-3.486,8.934
2.747,-3.802,8.912
2.744,-3.613,8.905
2.713,-3.486,8.807
2.74,-3.443,8.809
2.694,-3.529,8.917
2.682,-3.529,8.958
2.534,-3.28,9.054
2.582,-3.263,9.037
2.682,-3.572,8.92
2.601,-3.699,8.941
2.608,-3.642,8.886
2.637,-3.505,8.922
2.744,-3.804,8.955
2.61,-3.598,8.998
2.629,-3.67,8.879
2.682,-3.582,8.86
2.744,-3.63,8.9
2.632,-3.74,8.934
2.651,-3.589,8.848
2.586,-3.491,8.886
2.553,-3.295,9.092
2.539,-3.256,9.173
2.555,-3.185,9.085
2.629,-3.342,8.953
2.601,-3.441,8.903
2.594,-3.606,8.953
2.622,-3.711,8.924
2.694,-3.802,8.833
2.74,-4.015,8.85
2.728,-3.933,8.876
2.596,-3.718,8.927
2.591,-3.754,8.953
2.579,-3.572,9.013
2.519,-3.51,9.073
2.629,-3.541,8.893
2.579,-3.338,9.109
2.498,-3.498,9.073
2.424,-3.665,8.991
2.601,-3.615,8.929
2.773,-3.529,8.915
2.859,-3.625,8.853
2.821,-3.527,8.798
2.687,-3.4,8.752
2.591,-3.46,8.85
2.579,-3.491,8.97
2.589,-3.455,9.056
2.637,-3.304,9.058
2.617,-3.4,8.984
2.553,-3.541,8.941
2.541,-3.594,8.958
2.574,-3.429,8.972
2.584,-3.586,8.948
2.574,-3.486,9.003
2.594,-3.622,8.998
2.598,-3.637,9.003
2.565,-3.551,8.955
2.641,-3.522,9.039
2.73,-3.464,9.073
2.701,-3.371,8.982
2.668,-3.395,8.91
2.622,-3.388,8.888
2.548,-3.486,8.967
2.491,-3.512,9.159
2.433,-3.637,9.051
2.539,-3.649,8.843
2.718,-3.759,8.809
2.79,-3.764,8.898
2.708,-3.673,8.955
2.663,-3.563,8.929
2.601,-3.412,9.111
2.598,-3.287,9.077
2.598,-3.201,9.034
2.656,-3.28,8.996
2.694,-3.414,8.951
2.665,-3.472,8.9
2.701,-3.469,8.939
2.687,-3.685,8.927
2.658,-3.625,9.008
2.675,-3.637,8.92
2.744,-3.637,8.922
2.778,-3.606,8.915
2.548,-3.663,8.905
2.462,-3.586,8.91
2.412,-3.577,8.948
2.486,-3.548,8.953
2.591,-3.519,8.96
2.677,-3.414,9.01
2.732,-3.677,8.924
2.677,-3.596,8.915
2.5,-3.536,9.013
2.498,-3.479,9.032
2.78,-3.462,8.989
2.89,-3.371,8.987
2.895,-3.263,8.955
2.696,-3.208,9.008
2.55,-3.247,9.027
2.539,-3.259,9.094
2.67,-3.23,9.08
2.675,-3.292,9.075
2.651,-3.235,9.025
2.534,-3.34,9.068
2.519,-3.309,9.159
2.417,-3.039,9.353
2.656,-3.438,8.884
2.689,-3.479,8.838
2.716,-3.409,8.893
2.735,-3.747,8.91
2.677,-3.553,9.015
2.661,-3.414,8.989
2.675,-3.237,8.982
2.677,-3.385,9.032
2.589,-3.302,9.03
2.524,-3.309,9.032
2.536,-3.316,9.01
2.577,-3.311,9.044
2.629,-3.29,9.128
2.517,-3.216,9.209
2.51,-3.115,9.19
2.507,-3.089,9.173
2.641,-3.027,9.123
2.759,-2.893,9.13
2.754,-2.866,9.068
2.696,-2.924,9.013
2.634,-2.938,8.979
2.594,-2.823,9.118
2.586,-2.929,9.173
2.555,-2.883,9.252
2.539,-2.952,9.338
2.574,-3.067,9.336
2.632,-3.031,9.207
2.622,-3.041,9.094
2.656,-3.046,9.116
2.651,-2.998,9.161
2.608,-2.885,9.266
2.558,-2.869,9.24
2.598,-2.876,9.147
2.641,-2.948,9.113
2.639,-2.979,9.116
2.61,-3.031,9.128
2.589,-3.094,9.164
2.625,-3.06,9.121
2.541,-3.194,9.068
2.601,-3.07,9.168
2.431,-3.091,9.176
2.45,-3.022,9.171
2.629,-3.053,9.226
2.677,-2.986,9.199
2.663,-2.957,9.116
2.562,-3.043,9.104
2.55,-3.046,9.202
2.589,-2.991,9.29
2.574,-2.835,9.336
2.546,-2.974,9.343
2.594,-2.998,9.223
2.629,-2.847,9.214
2.711,-2.792,9.192
2.766,-2.57,9.231
2.747,-2.342,9.207
2.677,-2.285,9.293
2.591,-2.448,9.343
2.505,-2.625,9.702
2.464,-3.101,10.034
2.529,-2.909,10.183
2.505,-2.5,9.979
2.572,-2.443,9.202
2.902,-2.711,8.63
3.393,-0.873,8.821
3.115,-1.711,9.209
3.266,-2.761,8.836
3.168,-3.766,8.642
2.823,-4.07,8.585
2.737,-3.931,8.855
2.711,-3.352,8.996
2.833,-2.598,9.216
2.914,-2.017,9.341
2.991,-1.646,9.377
3.089,-1.639,9.147
3.103,-1.943,8.867
3.266,-2.29,8.702
3.278,-2.402,8.814
3.182,-2.517,8.903
3.062,-2.639,9.022
2.981,-2.61,9.121
2.95,-2.469,9.231
2.986,-2.431,9.281
2.988,-2.684,9.18
3.031,-2.823,9.283
3.055,-2.83,9.252
3.005,-2.905,9.252
3.108,-2.79,9.302
3.125,-2.632,9.24
3.019,-2.582,9.209
3.122,-2.448,9.278
3.141,-2.373,9.281
3.213,-2.536,9.068
3.103,-2.608,8.862
3.304,-2.627,8.872
3.153,-2.553,8.836
3.161,-2.486,8.699
3.33,-2.431,8.774
3.29,-2.35,8.798
3.223,-2.419,8.905
3.17,-2.594,8.989
3.139,-2.591,9.125
3.103,-2.637,9.137
3.039,-2.754,9.238
3.017,-2.823,9.156
3.077,-2.821,9.283
3.065,-2.792,9.355
3.079,-2.749,9.377
3.072,-2.852,9.228
3.079,-2.876,9.173
3.139,-2.826,9.14
3.177,-2.766,9.006
3.144,-2.74,8.936
3.256,-2.644,9.015
3.263,-2.524,9.065
3.235,-2.378,9.046
3.192,-2.414,8.809
3.201,-2.354,8.857
3.187,-2.397,8.879
3.18,-2.34,8.984
3.086,-2.445,9.042
3.11,-2.328,9.092
3.055,-2.204,9.302
3.074,-2.345,9.319
3.153,-2.646,9.171
3.132,-2.802,9.142
3.165,-2.682,9.166
3.089,-2.606,9.101
3.094,-2.555,9.257
3.034,-2.749,9.31
3.034,-2.828,9.257
3.024,-2.517,9.281
2.993,-2.507,9.341
3.125,-2.474,9.384
3.113,-2.417,9.286
3.07,-2.376,9.214
3.122,-2.318,9.003
3.108,-2.316,9.056
3.125,-2.242,9.132
3.23,-2.33,9.097
3.156,-2.232,9.006
3.137,-2.393,9.044
3.127,-2.407,8.984
3.144,-2.414,8.946
3.177,-2.309,8.967
3.091,-2.543,9.125
3.108,-2.541,9.278
2.972,-2.467,9.369
2.895,-2.498,9.341
2.931,-2.555,9.185
2.976,-2.405,9.343
3.005,-2.395,9.226
3.118,-2.405,9.164
3.11,-2.347,9.075
3.101,-2.259,9.07
3.017,-2.244,9.118
2.893,-2.328,9.214
2.859,-2.388,9.271
2.905,-2.534,9.19
2.917,-2.55,9.324
2.993,-2.567,9.283
2.955,-2.476,9.228
2.864,-2.553,9.274
2.799,-2.68,9.338
2.797,-2.61,9.496
2.802,-2.656,9.53
2.847,-2.606,9.417
2.926,-2.627,9.269
2.749,-2.464,8.979
2.83,-2.491,8.994
2.969,-2.395,9.24
2.768,-2.371,9.673
3.024,-2.455,9.202
3.065,-2.149,8.68
3.115,-2.546,8.259
3.005,-2.802,8.058
2.912,-2.601,8.209
2.728,-2.235,8.656
2.606,-2.098,8.826
2.527,-2.053,8.898
2.472,-1.869,9.137
2.476,-1.926,9.707
2.536,-1.562,9.635
2.352,-1.117,9.228
1.189,-3.799,10.171
1.988,-4.292,9.776
2.359,-1.897,12.214
2.582,-1.113,11.374
2.005,-1.254,10.271
1.79,-1.311,9.333
1.931,-2.017,8.996
2.11,-1.663,8.984
2.144,-1.062,9.379
2.156,-1.125,9.819
2.129,-1.232,9.96
2.067,-1.555,9.841
2.079,-2.012,9.544
2.144,-2.168,9.331
2.134,-2.065,9.333
2.139,-1.974,9.427
2.18,-1.962,9.544
2.151,-1.967,9.702
2.086,-1.775,9.726
2.096,-1.727,9.568
2.091,-1.701,9.489
2.055,-1.761,9.633
2.07,-1.804,9.666
2.062,-1.782,9.597
2.072,-1.919,9.506
2.213,-1.893,9.534
2.206,-1.962,9.52
2.153,-1.907,9.546
2.144,-1.785,9.613
2.07,-1.706,9.676
2.053,-1.637,9.654
2.031,-1.605,9.692
2.065,-1.632,9.582
2.094,-1.766,9.568
2.153,-1.809,9.52
2.134,-1.773,9.609
2.17,-1.778,9.647
2.122,-1.718,9.618
2.079,-1.806,9.52
2.091,-1.84,9.544
2.091,-1.864,9.561
2.11,-1.718,9.616
2.07,-1.73,9.613
2.058,-1.692,9.616
2.098,-1.739,9.635
2.12,-1.67,9.673
2.105,-1.617,9.654
2.127,-1.627,9.609
2.137,-1.68,9.606
2.101,-1.66,9.688
1.974,-1.433,9.81
1.933,-1.488,9.685
2.055,-1.503,9.656
2.196,-1.62,9.587
2.237,-1.665,9.546
2.091,-1.725,9.546
2.022,-1.833,9.597
1.967,-1.873,9.625
2.062,-1.826,9.623
2.082,-1.897,9.563
2.079,-1.907,9.393
2.12,-1.943,9.417
2.074,-2.043,9.472
2.172,-1.991,9.499
2.129,-1.814,9.702
1.974,-1.689,9.695
2.074,-1.61,9.721
2.132,-1.596,9.685
2.189,-1.538,9.731
2.247,-1.519,9.745
2.225,-1.436,9.697
2.158,-1.538,9.568
1.96,-1.605,9.484
1.881,-1.67,9.489
1.828,-1.787,9.46
1.921,-1.792,9.57
2.031,-1.713,9.68
2.117,-1.66,9.704
2.079,-1.522,9.688
2.053,-1.562,9.563
2.082,-1.574,9.613
2.11,-1.61,9.671
2.091,-1.739,9.606
2.07,-1.737,9.599
1.962,-1.802,9.623
1.921,-1.885,9.64
1.981,-1.814,9.618
2.019,-1.739,9.585
2.103,-1.632,9.63
2.132,-1.596,9.652
2.098,-1.483,9.702
1.962,-1.56,9.659
1.988,-1.586,9.695
2.041,-1.593,9.656
2.094,-1.574,9.642
2.06,-1.641,9.558
2.043,-1.656,9.642
2.067,-1.641,9.659
2.007,-1.641,9.7
1.983,-1.704,9.633
2.07,-1.565,9.673
2.06,-1.648,9.647
2.077,-1.672,9.635
2.05,-1.761,9.594
2.027,-1.677,9.568
1.969,-1.596,9.654
1.952,-1.538,9.731
2.012,-1.529,9.599
2.007,-1.577,9.589
2.12,-1.675,9.616
2.065,-1.699,9.633
2.06,-1.782,9.671
1.983,-1.857,9.58
1.967,-1.854,9.542
2.005,-1.651,9.661
1.991,-1.459,9.685
1.964,-1.567,9.628
2.127,-1.562,9.609
2.144,-1.61,9.613
2.132,-1.656,9.594
2.058,-1.73,9.671
2.003,-1.775,9.685
1.96,-1.737,9.635
2.0,-1.536,9.716
2.036,-1.5,9.594
2.041,-1.555,9.611
2.024,-1.629,9.688
2.067,-1.692,9.664
2.0,-1.704,9.637
2.029,-1.727,9.585
2.082,-1.759,9.597
2.082,-1.684,9.616
2.041,-1.591,9.654
2.058,-1.639,9.654
2.06,-1.632,9.656
1.969,-1.591,9.623
1.974,-1.591,9.573
2.0,-1.711,9.628
2.129,-1.706,9.656
2.125,-1.598,9.652
2.086,-1.601,9.618
2.019,-1.715,9.616
1.998,-1.744,9.575
1.957,-1.62,9.68
2.005,-1.668,9.683
2.01,-1.651,9.618
2.058,-1.663,9.616
2.132,-1.672,9.64
2.098,-1.694,9.697
2.072,-1.668,9.659
2.005,-1.56,9.661
1.995,-1.668,9.613
2.022,-1.663,9.601
2.034,-1.732,9.642
1.991,-1.651,9.671
2.031,-1.761,9.609
2.0,-1.756,9.592
2.031,-1.809,9.534
2.086,-1.878,9.544
2.077,-1.747,9.671
2.012,-1.847,9.616
2.07,-1.794,9.628
2.019,-1.742,9.587
1.981,-1.682,9.577
1.909,-1.581,9.616
1.993,-1.732,9.582
2.096,-1.766,9.63
2.144,-1.766,9.57
2.019,-1.79,9.616
1.943,-1.871,9.525
2.139,-2.172,9.455
1.902,-2.35,8.903
1.919,-1.194,9.487
2.28,-0.723,10.226
2.172,-0.935,10.051
1.957,-1.002,9.422
1.971,-1.361,8.893
1.814,-1.378,9.223
1.751,-1.306,9.372
1.768,-0.993,9.475
1.598,-1.345,9.664
1.682,-1.66,10.152
1.682,-1.857,10.417
1.629,-1.605,10.652
1.541,-1.627,10.688
1.713,-1.713,10.247
1.66,-1.861,9.525
1.737,-1.835,9.286
1.648,-1.675,8.508
2.017,0.711,10.537
1.804,-1.361,9.137
1.426,-0.493,9.276
1.931,-1.041,9.769
1.66,-0.577,10.367
1.524,-0.842,10.164
1.491,-0.718,10.176
1.596,-1.007,10.279
1.713,-1.117,9.984
1.637,-1.206,9.104
2.163,-0.531,9.434
2.094,-1.873,9.841
1.536,-1.397,9.223
1.625,-1.335,9.455
1.706,-1.105,9.951
1.823,-0.935,10.238
1.761,-1.22,9.872
1.696,-1.287,9.487
1.682,-1.175,9.628
1.648,-1.125,9.941
1.651,-1.141,10.025
1.596,-1.108,9.877
1.651,-1.194,9.745
1.706,-1.34,9.609
1.936,-1.067,9.743
1.859,-1.581,9.654
1.665,-1.18,9.625
1.816,-1.373,9.735
1.739,-1.165,9.702
1.694,-1.184,9.673
1.778,-1.201,9.666
1.766,-1.227,9.812
1.713,-1.182,9.889
1.665,-1.251,9.709
1.605,-1.361,9.546
1.632,-1.503,9.556
1.72,-1.562,9.673
1.842,-1.285,9.874
1.84,-1.177,9.874
1.641,-1.45,9.731
1.577,-1.498,9.716
1.66,-1.488,9.709
1.605,-1.491,9.625
1.433,-1.445,9.46
1.637,-1.579,9.561
2.074,-1.625,9.965
1.838,-1.395,10.202
1.684,-1.325,10.135
1.869,-1.799,10.087
1.983,-2.242,10.343
1.869,-2.438,10.166
0.964,-1.151,9.877
1.61,0.61,9.898
2.251,0.531,8.752
1.062,0.435,7.924
0.718,0.05,8.113
0.029,1.483,8.341
0.263,1.799,8.608
-0.696,1.132,8.274
0.158,-0.041,8.207
0.388,-1.084,8.654
0.242,-1.325,9.231
0.828,-2.117,10.066
0.79,-3.39,10.551
1.526,-5.769,10.355
1.373,-4.788,11.817
0.323,-2.44,13.485
-2.06,-2.842,14.528
-1.23,0.866,11.231
-1.857,-0.4,8.611
-1.33,-1.072,9.104
-2.091,-2.665,9.176
-1.127,-0.041,10.001
-0.818,1.376,9.496
0.78,2.737,11.087
-1.103,10.145,12.023
0.27,3.319,8.908
1.036,4.048,8.51
0.33,1.727,9.546
-0.062,-2.706,10.791
0.249,-3.744,10.429
0.127,-2.488,9.676
0.16,-0.797,9.477
0.132,0.816,9.841
-0.172,1.328,9.97
-0.227,1.476,10.123
-0.239,1.869,10.269
-0.158,0.797,9.979
-0.108,0.306,9.991
0.067,0.266,10.03
0.179,-0.077,9.908
0.089,0.151,9.92
-0.189,0.488,10.07
0.108,0.419,9.972
0.191,0.653,9.965
-0.01,0.579,10.142
0.148,0.388,10.001
0.213,0.227,9.939
0.258,-0.227,10.092
-0.005,-0.469,10.001
-0.019,-0.234,9.934
0.093,0.17,9.965
0.086,0.287,9.987
0.191,0.208,9.979
0.11,-0.089,9.979
-0.127,-0.115,10.039
0.239,-0.27,10.006
0.311,-0.514,9.855
0.141,-0.596,9.979
0.069,-0.538,10.023
0.251,-0.562,9.975
0.041,-0.646,9.991
0.201,-0.751,9.965
0.371,-0.957,9.841
0.285,-0.904,9.963
0.077,-0.816,10.018
-0.045,-0.679,9.936
0.194,-0.668,9.967
0.239,-0.84,9.953
0.311,-1.036,9.927
0.072,-1.079,9.917
0.038,-0.981,9.927
0.132,-0.742,9.977
0.22,-0.768,9.934
0.459,-0.725,9.939
0.234,-0.804,9.965
0.077,-0.751,9.903
0.232,-0.593,9.963
0.017,-0.617,10.073
-0.244,-0.684,9.958
0.144,-0.701,9.771
0.167,-0.443,10.027
0.928,-0.517,9.936
-0.254,-0.208,10.094
-0.4,0.196,10.094
0.263,0.098,9.908
0.897,-0.323,9.944
0.361,-0.658,9.972
-0.572,-0.522,10.09
0.29,-0.156,9.896
0.278,-0.081,9.965
-0.029,0.024,10.025
-0.223,-0.601,10.025
0.548,-0.361,10.034
0.746,-0.548,10.008
0.017,0.053,10.018
-0.648,0.225,9.958
0.325,0.268,9.92
0.842,0.11,9.963
-0.419,-0.392,10.046
0.223,0.175,9.977
0.546,0.129,9.711
0.613,0.455,9.628
0.081,0.885,9.688
-0.665,0.998,10.52
-0.464,0.397,10.314
-0.086,-0.089,9.97
0.555,-0.177,9.891
0.426,0.223,9.956
0.254,0.373,9.814
0.024,1.034,9.951
-0.452,0.979,9.822
-0.435,1.297,10.092
-0.146,1.0,9.987
-0.002,0.878,9.915
-0.309,0.423,9.582
-0.041,0.237,9.8
-0.361,0.538,9.845
-0.419,0.821,10.415
-0.9,1.957,10.324
-0.354,1.845,11.805
-1.919,-0.246,11.48
-0.77,-0.51,10.898
-1.299,1.16,11.183
-1.713,1.78,11.102
-2.51,3.366,11.743
-3.194,2.213,10.927
-2.955,0.924,9.412
-2.991,0.577,8.738
-2.522,-0.715,8.75
-2.172,0.014,9.097
-2.18,0.057,9.372
-1.644,0.44,9.589
-1.132,0.699,9.412
-0.517,0.311,9.611
0.036,0.708,10.405
0.409,1.455,10.554
0.488,2.115,10.568
0.593,0.23,9.068
0.62,-1.084,8.297
0.83,-0.964,8.19
1.014,-1.596,7.795
1.385,-1.026,7.977
1.443,-3.601,7.183
1.849,-5.113,8.58
1.72,-4.572,9.963
1.488,-3.524,10.936
0.94,-2.062,11.066
0.347,-2.184,10.429
0.005,-2.684,10.362
-0.072,-2.271,10.293
-0.156,-2.522,9.714
-0.211,-3.029,8.809
-0.677,-4.414,7.63
-0.529,-5.12,7.194
-0.675,-5.62,7.659
-1.036,-7.154,7.379
-0.912,-6.039,6.979
-0.627,-6.314,5.843
0.452,-6.326,5.149
1.177,-7.453,4.632
2.06,-7.972,4.493
3.015,-8.372,4.505
3.912,-8.061,5.065
5.3,-7.63,5.18
6.259,-7.13,4.725
6.525,-7.453,4.048
6.539,-7.209,3.845
6.41,-7.051,3.752
6.4,-7.321,3.816
6.656,-6.843,4.242
6.639,-6.357,4.469
6.149,-6.769,5.027
5.575,-6.79,5.599
4.534,-6.852,5.855
3.926,-7.072,6.008
3.034,-6.778,6.039
2.354,-6.525,5.436
2.146,-5.62,4.249
1.184,-6.214,3.541
0.148,-7.412,4.271
-0.512,-7.611,5.048
-0.88,-7.711,5.134
-1.256,-7.776,4.831
-2.216,-8.542,5.087
-3.187,-8.08,4.658
-4.034,-8.183,4.096
-4.517,-7.422,3.96
-4.807,-6.931,3.67
-5.242,-9.618,4.122
-4.749,-8.853,3.266
-5.792,-9.142,4.242
-5.381,-9.408,4.091
-5.67,-8.372,3.247
-6.503,-8.735,3.572
-6.419,-7.056,3.608
-6.094,-6.965,3.122
-6.577,-4.759,2.943
-6.864,-4.029,3.441
-7.357,-4.878,1.515
-8.463,-5.347,0.062
-9.054,-4.457,-1.285
-8.46,-5.113,-2.139
-8.501,-7.125,-1.962
-9.247,-8.01,-1.591
-10.209,-6.321,-1.771
-11.518,-8.762,-0.29
-12.255,-6.283,-0.562
-11.606,-3.101,0.715
-12.138,-5.855,-0.361
-11.709,-5.544,0.986
-11.439,-4.041,1.151
-10.69,0.639,2.634
-10.288,0.11,2.089
-9.908,-0.557,0.191
-9.826,-0.943,-1.893
-9.707,-0.744,-2.718
-10.128,-2.055,-2.754
-10.728,-1.873,-2.862
-12.403,-2.546,-3.512
-12.843,-1.364,-2.524
-12.712,-2.103,-1.759
-11.638,-3.433,-1.739
-10.683,-3.225,-1.194
-9.793,-1.723,-0.356
-9.561,-1.735,1.665
-9.178,-0.416,2.79
-9.855,0.141,1.534
-10.817,0.258,0.048
-10.417,-0.318,-0.775
-10.197,-0.462,-1.223
-9.788,-0.445,-1.785
-9.649,-0.007,-2.732
-9.47,0.189,-2.811
-8.867,-0.022,-2.491
-8.379,-0.388,-2.833
-8.762,-0.27,-2.543
-9.252,0.464,-1.878
-8.915,-1.048,-2.615
-9.69,1.469,-2.223
-9.793,1.727,-1.615
-9.656,1.57,-1.014
-9.491,0.687,-0.323
-9.314,0.06,-0.06
-9.075,-0.179,0.203
-9.499,-0.007,0.636
-10.011,0.134,0.648
-10.068,0.567,-0.179
-10.178,-0.306,-0.531
-10.118,-0.601,-0.598
-10.142,-1.84,-1.096
-10.054,-4.067,-2.129
-10.185,-5.835,-3.512
-10.046,-1.881,-2.091
-9.807,-1.639,-1.45
-9.707,-0.182,-0.467
-9.312,-0.864,-0.761
-9.219,-1.175,-1.5
-8.881,-5.185,-3.697
-9.489,-6.204,-7.132
-9.743,-2.854,-6.568
-9.063,2.737,-2.433
-9.798,6.589,0.983
-10.396,3.95,1.438
-10.558,3.919,1.749
-11.188,3.682,1.957
-11.594,1.189,1.787
-11.858,-1.397,1.481
-11.508,-1.038,1.223
-10.996,-1.203,0.897
-10.508,-1.22,0.806
-10.118,-0.313,0.455
-10.147,-1.038,-0.366
-10.3,-2.737,-2.048
-10.35,-2.156,-1.847
-10.329,-4.362,-3.072
-9.91,-5.457,-3.127
-9.424,-3.141,-2.46
-8.891,-0.629,-0.388
-8.034,5.347,1.591
-8.52,-5.776,0.732
-8.697,-3.969,-0.892
-9.015,-1.058,-0.445
-9.75,-0.749,0.249
-9.664,-1.079,0.938
-9.953,-0.49,1.239
-11.027,0.352,1.414
-11.994,-0.83,2.512
-11.855,0.189,0.852
-12.164,-2.175,1.007
-11.47,-0.423,1.376
-11.417,0.328,0.878
-10.58,2.79,2.323
-9.592,2.519,2.641
-10.391,0.505,2.378
-10.551,0.127,2.601
-10.106,1.806,0.579
-10.209,-0.366,0.352
-10.054,-0.589,-1.39
-10.831,-1.342,-1.098
-9.515,-0.603,-0.22
-8.321,0.129,-0.16
-8.209,-1.357,-0.505
-8.434,-2.419,-0.763
-9.168,-2.871,-1.407
-9.061,-2.35,-1.948
-8.977,-2.792,-2.189
-9.113,-3.878,-1.727
-9.025,-3.211,-1.144
-9.644,-2.881,-1.036
-9.63,-2.857,-0.794
-9.965,-3.625,-0.605
-9.532,-3.484,0.012
-9.173,-2.897,0.947
-9.243,-2.07,1.165
-9.64,-1.852,1.11
-10.121,-2.046,0.177
-10.039,-3.474,-0.94
-9.561,-1.919,-1.196
-9.556,-1.656,-0.084
-9.156,-1.144,0.72
-10.09,-0.859,1.725
-10.774,0.124,1.744
-10.726,-1.383,1.134
-10.858,-0.349,2.122
-11.427,0.679,3.443
-11.75,0.005,4.218
-11.492,-0.091,4.893
-10.786,3.663,2.89
-10.848,-0.644,0.687
-10.683,-1.914,-0.581
-11.078,-0.608,-0.668
-10.391,0.012,-0.141
-9.561,-1.378,-0.797
-9.518,-2.182,-1.914
-9.221,-3.821,-3.783
-9.106,-3.831,-4.383
-9.173,-3.687,-4.369
-9.022,-3.225,-4.055
-9.192,-2.716,-3.797
-9.795,-2.137,-3.414
-10.262,-1.715,-2.263
-10.104,-1.213,-1.495
-10.403,-1.017,-2.098
-10.3,-0.787,-2.239
-10.805,-1.503,-1.201
-10.812,-1.467,-0.366
-10.166,-2.18,-1.069
-10.444,-2.263,-1.392
-10.312,-0.392,-1.78
-10.401,-2.45,-2.833
-10.08,-1.565,-3.455
-10.109,-1.519,-4.438
-9.475,-0.806,-3.72
-8.953,0.462,-3.754
-8.518,-0.488,-4.103
-8.357,-1.077,-5.082
-8.309,-2.046,-5.266
-7.836,-1.541,-4.058
-7.391,-1.481,-4.333
-7.484,-1.919,-4.948
-7.831,-0.842,-3.129
-7.998,-0.203,-3.249
-7.415,1.189,-3.041
-7.477,1.404,-3.972
-7.302,0.684,-4.823
-7.759,0.739,-5.412
-7.951,0.584,-5.907
-7.855,0.409,-5.599
-7.608,0.701,-4.95
-7.431,0.285,-4.386
-7.18,-0.029,-3.974
-7.056,0.122,-4.271
-7.427,-0.4,-5.158
-7.632,-0.959,-5.355
-7.517,-1.086,-5.472
-7.525,-0.775,-5.175
-8.192,-0.737,-5.568
-9.065,-0.897,-6.893
-9.599,-0.802,-7.116
-9.905,-0.201,-6.604
-9.905,-0.318,-5.637
-9.982,-0.313,-6.017
-9.427,-1.689,-6.496
-9.568,-1.227,-5.828
-9.929,2.235,-5.12
-10.666,0.481,-4.63
-11.03,0.06,-3.127
-10.034,0.567,-3.091
-9.343,0.22,-3.469
-8.599,-0.335,-4.216
-7.843,0.1,-4.465
-6.984,0.163,-4.725
-6.156,0.627,-5.469
-6.197,-0.067,-6.716
-6.163,0.086,-6.931
-5.304,1.211,-5.984
-3.292,1.268,-4.835
-4.017,1.153,-4.187
-5.35,0.656,-5.63
-6.568,0.002,-7.116
-8.288,0.084,-6.623
-9.518,0.084,-4.675
-10.288,-0.354,-4.297
-11.197,0.091,-5.087
-12.039,-0.543,-6.247
-12.3,0.199,-5.446
-11.841,1.036,-4.484
-10.642,1.34,-3.948
-9.668,1.113,-4.206
-8.637,0.878,-5.111
-7.896,0.782,-5.608
-7.228,1.268,-6.06
-6.726,0.967,-6.465
-6.651,0.524,-6.477
-6.711,0.237,-6.362
-7.07,-0.242,-6.316
-7.415,-0.548,-6.194
-8.175,-0.945,-5.694
-8.764,-1.077,-4.917
-9.362,-1.041,-4.553
-9.532,-1.194,-4.575
-9.558,-1.031,-4.491
-9.209,-0.713,-4.625
-8.922,-0.457,-5.082
-8.544,-0.079,-5.57
-8.015,0.45,-6.029
-7.601,0.66,-6.434
-7.36,0.861,-6.539
-7.235,0.933,-6.288
-7.211,0.852,-5.886
-7.257,0.744,-5.702
-7.484,0.572,-5.747
-7.671,0.373,-5.766
-7.814,0.242,-5.613
-7.967,0.096,-5.469
-8.075,0.096,-5.536
-8.063,0.019,-5.529
-8.128,0.165,-5.699
-8.094,0.282,-5.838
-7.948,0.345,-5.946
-7.649,0.318,-5.938
-7.522,0.191,-5.864
-7.474,-0.01,-5.967
-7.618,-0.11,-6.149
-7.757,-0.158,-6.209
-7.826,-0.232,-6.166
-8.051,-0.258,-5.989
-8.154,-0.361,-6.008
-8.264,-0.519,-5.876
-8.319,-0.433,-5.821
-8.295,-0.373,-6.137
-8.295,-0.103,-6.23
-8.161,0.141,-6.206
-7.951,0.132,-6.068
-7.75,-0.084,-6.084
-7.671,-0.249,-5.9
-7.697,-0.258,-5.891
-7.73,-0.28,-6.199
-7.857,-0.196,-6.254
-7.891,-0.077,-5.969
-7.958,-0.096,-5.769
-8.096,-0.182,-5.907
-8.013,-0.108,-5.881
-7.931,0.148,-5.766
-7.805,0.132,-5.709
-7.728,0.108,-5.826
-7.862,-0.053,-6.223
-7.929,0.014,-6.309
-7.951,0.057,-6.106
-7.852,0.129,-5.828
-7.903,0.304,-5.62
-7.979,0.33,-5.623
-8.142,0.136,-5.867
-8.207,0.022,-5.795
-8.321,0.036,-5.833
-8.247,0.029,-5.914
-8.197,-0.062,-5.955
-8.056,-0.129,-6.094
-8.154,-0.359,-6.206
-8.161,-0.048,-5.943
-7.979,0.05,-5.625
-7.948,0.287,-5.558
-7.862,0.309,-5.424
-7.948,0.199,-5.508
-7.915,0.165,-5.637
-8.008,0.041,-5.759
-8.039,0.057,-5.766
-8.041,0.081,-5.63
-8.096,0.201,-5.529
-7.979,0.28,-5.398
-8.092,0.297,-5.453
-8.128,0.275,-5.529
-8.29,0.309,-5.544
-8.297,0.313,-5.615
-8.278,0.225,-5.587
-8.202,0.16,-5.544
-8.199,0.187,-5.419
-8.19,0.153,-5.326
-8.202,0.103,-5.364
-8.178,0.12,-5.35
-8.178,0.211,-5.426
-8.247,0.258,-5.536
-8.25,0.278,-5.431
-8.281,0.215,-5.407
-8.331,0.335,-5.233
-8.295,0.447,-5.134
-8.283,0.433,-5.35
-8.355,0.333,-5.424
-8.288,0.447,-5.367
-8.271,0.447,-5.359
-8.443,0.447,-5.249
-8.472,0.519,-5.28
-8.4,0.605,-5.264
-8.381,0.536,-5.297
-8.374,0.495,-5.333
-8.276,0.45,-5.237
-8.245,0.335,-5.161
-8.197,0.182,-5.228
-8.252,0.12,-5.29
-8.341,0.306,-5.283
-8.367,0.323,-5.35
-8.384,0.328,-5.328
-8.35,0.23,-5.233
-8.317,0.141,-5.204
-8.274,0.05,-5.158
-8.209,0.167,-5.01
-8.096,0.672,-4.85
-8.07,1.002,-4.876
-8.185,1.232,-4.869
-8.271,1.404,-5.027
-8.422,1.364,-5.194
-8.441,1.292,-5.268
-8.408,1.263,-5.252
-8.498,1.266,-5.285
-8.525,1.172,-5.206
-8.475,0.909,-5.201
-8.53,0.694,-5.118
-8.362,0.653,-5.18
-8.341,0.163,-5.304
-8.422,-0.16,-5.524
-8.453,-0.38,-5.601
-8.446,-0.495,-5.536
-8.333,-0.414,-5.402
-8.195,-0.148,-5.362
-8.214,-0.103,-5.209
-8.254,0.002,-5.245
-8.219,0.115,-5.312
-8.173,0.136,-5.264
-8.245,0.244,-5.347
-8.161,0.333,-5.383
-8.175,0.526,-5.383
-8.159,0.574,-5.357
-8.171,0.624,-5.548
-8.175,0.605,-5.663
-8.338,0.569,-5.611
-8.238,0.548,-5.723
-8.24,0.383,-5.812
-8.254,0.122,-5.73
-8.297,0.077,-5.649
-8.333,-0.079,-5.489
-8.235,-0.081,-5.39
-8.163,-0.167,-5.316
-7.994,-0.16,-5.345
-8.137,-0.251,-5.424
-8.058,-0.167,-5.596
-8.175,-0.067,-5.723
-8.077,0.105,-5.747
-8.02,0.012,-5.69
-8.013,-0.16,-5.67
-8.044,-0.282,-5.706
-8.19,-0.316,-5.646
-8.324,0.156,-5.618
-8.3,0.447,-5.728
-8.245,0.641,-5.792
-8.156,0.802,-5.895
-7.989,0.763,-5.862
-7.845,0.462,-5.713
-7.797,0.208,-5.673
-7.996,0.129,-5.723
-8.061,0.053,-5.749
-8.379,-0.026,-5.759
-8.443,0.055,-5.668
-8.475,0.27,-5.644
-8.427,0.4,-5.656
-8.441,0.297,-5.649
-8.168,0.258,-5.685
-8.087,0.122,-5.716
-8.178,-0.029,-5.644
-8.297,0.01,-5.716
-8.4,0.17,-5.773
-8.544,0.292,-5.764
-8.525,0.412,-5.45
-8.417,0.426,-5.285
-8.381,0.311,-5.367
-8.221,0.079,-5.505
-8.283,0.182,-5.395
-8.183,0.378,-5.144
-8.403,0.514,-5.027
-8.41,0.136,-5.17
-8.398,-0.029,-5.079
-8.355,-0.086,-5.154
-8.187,-0.435,-5.156
-8.192,-0.524,-4.984
-8.341,0.203,-5.185
-8.396,-0.163,-5.637
-8.364,-0.467,-5.73
-8.542,-0.627,-5.637
-8.556,-0.706,-5.486
-8.345,-0.553,-5.223
-8.47,-0.361,-5.137
-8.58,-0.459,-5.106
-8.475,-0.447,-4.8
-8.405,-0.428,-4.539
-8.376,-0.311,-4.333
-8.441,-0.792,-4.357
-8.455,-0.883,-4.362
-8.297,-1.404,-4.398
-8.297,-2.005,-4.426
-8.625,-2.543,-4.39
-8.843,-2.55,-4.441
-8.953,-2.464,-4.448
-9.176,-3.053,-4.51
-9.204,-3.814,-4.618
-8.946,-4.419,-4.654
-8.757,-4.996,-4.644
-8.704,-5.355,-4.496
-8.448,-5.637,-4.431
-8.393,-5.242,-4.211
-8.479,-5.012,-3.783
-8.419,-5.022,-3.103
-8.187,-5.694,-2.902
-8.352,-6.288,-1.857
-8.453,-6.649,-1.974
-8.53,-6.943,-1.912
-8.876,-6.41,-1.433
-8.733,-5.457,0.1
-8.53,-5.678,1.146
-7.905,-5.075,1.924
-7.671,-4.773,2.907
-8.039,-4.596,4.106
-8.044,-4.591,4.441
-7.726,-4.737,4.589
-7.266,-4.302,4.646
-7.242,-4.512,4.701
-7.015,-4.898,4.776
-6.709,-5.501,4.826
-6.395,-5.644,4.85
-6.068,-6.032,5.032
-5.914,-6.501,5.173
-5.623,-6.62,5.168
-5.314,-6.723,5.276
-4.95,-6.312,5.302
-4.544,-6.283,5.395
-4.357,-6.307,5.489
-4.421,-6.374,5.577
-4.462,-6.479,5.702
-4.273,-6.314,6.015
-4.189,-6.02,6.386
-4.168,-5.663,6.403
-3.974,-5.637,6.278
-3.981,-5.637,6.185
-4.13,-5.907,5.938
-4.067,-6.367,5.534
-3.878,-6.936,5.106
-3.85,-7.496,4.929
-3.878,-7.946,4.735
-3.761,-8.073,4.84
-3.622,-8.058,4.823
-3.438,-7.584,5.13
-3.431,-6.094,5.941
-3.534,-3.943,6.295
-3.646,-3.125,4.898
-3.369,-5.479,2.632
-3.005,-7.735,0.187
-2.74,-10.257,-2.027
-3.431,-12.807,-4.438
-3.424,-15.822,-4.838
-3.11,-14.303,-3.909
-2.885,-10.869,-2.01
-2.606,-8.52,-0.345
-2.153,-6.989,1.247
-2.058,-5.565,2.364
-2.172,-6.412,2.259
-2.395,-8.656,1.519
-2.438,-9.81,0.278
-3.007,-10.307,-0.108
-3.371,-8.364,-0.122
-3.778,-7.379,-1.529
-3.744,-9.427,-4.055
-3.866,-10.621,-5.888
-3.775,-10.441,-6.553
-3.539,-10.678,-6.374
-3.462,-10.338,-5.804
-3.555,-8.876,-4.819
-2.94,-6.008,-3.909
-2.476,-4.314,-3.165
-2.402,-5.046,-3.199
-2.524,-5.223,-4.134
-2.658,-6.144,-5.288
-2.579,-6.582,-6.747
-2.472,-8.51,-7.845
-2.627,-9.726,-7.982
-2.806,-10.154,-7.814
-2.833,-10.683,-7.544
-2.816,-10.948,-7.34
-2.902,-10.798,-7.259
-2.862,-8.3,-6.029
-2.582,-5.553,-5.178
-2.12,-3.421,-4.252
-2.318,-4.469,-4.529
-2.393,-6.615,-5.788
-2.67,-8.764,-6.967
-2.517,-10.329,-7.534
-2.369,-9.79,-7.07
-2.103,-7.563,-6.051
-1.981,-5.862,-5.204
-2.043,-5.816,-5.027
-2.175,-6.97,-5.249
-2.206,-8.341,-5.893
-2.149,-9.29,-6.742
-1.957,-9.405,-7.12
-1.943,-9.278,-7.357
-1.567,-8.69,-7.02
-1.421,-8.4,-6.309
-1.364,-9.455,-6.448
-1.385,-10.441,-7.163
-1.254,-11.245,-8.104
-1.065,-11.635,-7.472
-0.589,-11.884,-6.245
-0.127,-12.011,-5.3
0.342,-11.477,-4.302
0.689,-11.133,-3.436
1.474,-10.652,-2.732
1.909,-11.269,-2.467
2.017,-12.027,-2.031
2.696,-11.224,-0.866
3.546,-10.872,-0.06
3.914,-10.793,0.641
4.773,-9.865,1.022
5.591,-9.489,0.775
5.804,-8.881,0.62
5.742,-8.111,0.691
5.728,-6.989,0.581
5.905,-5.527,0.156
5.702,-4.912,0.636
5.582,-4.443,0.701
5.615,-4.02,0.359
5.541,-3.359,0.543
5.541,-2.821,0.603
5.402,-2.342,0.794
5.321,-2.007,1.448
5.288,-1.656,2.256
5.914,-1.699,2.718
5.797,-1.629,3.479
6.264,-0.885,3.811
7.254,-1.067,3.646
7.501,-1.957,4.082
7.668,-2.352,4.168
8.269,-2.022,3.718
8.537,-1.488,3.4
8.436,-1.175,3.235
8.013,-1.919,3.579
8.077,-1.364,4.579
8.116,-0.912,5.163
8.381,-0.95,4.974
8.52,-1.385,4.268
8.333,-0.546,4.197
8.625,-0.055,4.144
9.008,0.553,4.12
8.47,0.1,3.694
7.953,-1.747,2.591
8.486,-1.897,2.314
8.922,-1.39,2.792
9.4,-1.421,2.766
9.41,-1.378,2.859
8.941,-2.038,2.653
8.726,-2.646,2.78
8.68,-1.689,2.768
8.965,-2.079,1.498
9.032,-2.45,1.263
8.762,-2.036,2.151
8.465,-2.979,2.436
8.642,-3.024,3.199
8.931,-3.632,2.838
8.673,-3.539,2.771
8.08,-4.493,1.656
7.788,-5.072,1.759
8.238,-4.491,2.23
8.417,-3.862,2.519
7.668,-4.445,3.125
6.625,-6.151,2.637
3.953,-6.125,3.156
4.096,-6.034,1.419
6.185,-2.129,0.952
5.252,-4.398,1.873
5.357,-5.955,2.017
6.438,-7.919,2.211
7.802,-7.336,3.129
8.293,-5.611,4.539
7.742,-4.261,5.623
7.604,-4.73,5.766
7.989,-5.493,5.048
8.515,-7.175,4.18
8.235,-8.556,3.89
7.104,-8.683,4.194
6.857,-7.3,4.788
7.47,-5.993,5.527
7.819,-6.271,5.24
7.443,-6.998,5.034
7.037,-7.331,5.125
6.764,-7.97,5.111
6.582,-7.376,5.197
6.46,-6.285,5.63
5.969,-5.675,6.094
5.747,-5.785,5.833
5.491,-6.001,5.166
5.333,-5.721,4.398
5.417,-4.953,4.752
5.331,-5.465,4.847
5.19,-6.357,4.67
5.489,-7.604,4.79
5.883,-8.027,4.319
6.036,-6.395,5.008
5.639,-5.314,6.623
5.436,-4.723,6.864
5.594,-3.299,6.503
5.091,-4.323,6.862
4.651,-9.522,6.879
4.524,-5.721,8.037
3.938,-3.098,9.243
4.4,-4.922,8.171
4.919,-4.895,6.996
4.295,-4.857,6.891
5.142,-2.153,7.082
5.584,-3.027,7.211
6.01,-3.433,7.802
5.766,-3.496,7.64
5.589,-4.797,7.788
5.699,-5.804,9.104
5.206,-3.371,8.924
5.273,-3.192,6.759
4.943,-3.067,6.489
5.594,-4.484,6.237
5.477,-3.527,6.328
5.812,-3.441,6.211
6.221,-5.194,7.613
5.967,-4.41,8.326
5.981,-3.881,7.218
5.938,-4.058,5.912
5.74,-5.005,5.474
5.926,-5.417,5.91
5.699,-6.233,6.448
6.283,-4.4,6.4
6.532,-3.929,6.118
6.781,-3.682,6.142
6.403,-3.866,5.831
6.572,-4.031,6.115
6.273,-4.455,6.613
6.345,-5.536,6.718
5.941,-4.189,6.45
5.752,-3.665,5.845
5.919,-4.125,5.558
6.314,-4.067,5.965
6.474,-4.319,6.752
7.422,-3.149,6.788
6.661,-2.696,6.682
9.221,-3.34,5.197
8.577,-1.912,7.192
6.91,-2.639,5.85
6.627,-3.297,6.048
6.374,-3.448,6.678
5.898,-3.228,7.534
5.747,-3.223,7.709
5.635,-2.919,8.623
6.577,-2.744,8.917
7.884,-1.282,9.889
9.972,0.23,9.214
8.857,-5.998,6.022
6.618,-6.752,4.697
3.263,-3.307,5.709
1.763,-3.878,7.209
1.325,-4.579,8.197
4.46,-2.141,7.62
5.912,-2.204,7.458
6.922,-4.933,7.915
7.312,-4.759,7.238
5.702,-3.945,6.505
4.498,-3.603,6.56
3.799,-2.821,7.496
4.938,-3.531,7.836
6.647,-4.405,7.477
6.12,-4.175,7.348
5.646,-3.73,7.202
5.513,-3.869,6.977
5.024,-3.737,6.85
4.685,-3.584,7.077
5.345,-3.941,7.57
6.013,-4.115,7.805
5.666,-3.962,7.317
5.091,-4.005,6.91
5.422,-3.742,6.826
5.166,-3.835,7.159
5.41,-4.017,7.529
5.993,-4.194,7.539
6.168,-4.448,7.46
6.135,-4.259,7.479
5.62,-3.931,6.692
5.467,-4.075,7.13
5.347,-3.833,7.637
5.4,-4.015,8.089
6.479,-3.797,7.838
6.604,-3.417,7.592
6.651,-3.775,7.539
6.338,-4.699,7.41
6.017,-4.493,7.283
5.568,-3.642,7.479
5.436,-2.725,7.52
5.606,-2.73,7.082
6.371,-2.749,7.056
6.517,-3.084,7.443
6.34,-4.065,7.917
6.027,-4.271,8.223
5.826,-3.543,8.594
5.776,-2.397,8.912
6.156,-1.488,8.946
6.682,-0.947,8.644
7.257,-1.385,8.345
7.711,-1.12,8.398
7.838,-0.4,8.546
7.546,-0.203,8.826
7.266,0.079,8.96
7.326,0.859,8.376
6.788,0.802,7.101
6.419,-0.05,5.161
5.934,-0.292,4.003
5.271,0.263,4.211
4.527,-0.299,5.838
4.57,-1.952,7.482
3.72,-2.948,8.742
2.998,-2.747,8.29
1.998,-1.928,7.221
1.215,-1.349,7.678
0.725,-0.77,8.508
0.727,-0.431,9.487
0.459,0.105,9.532
0.048,0.524,9.831
0.014,-0.122,9.979
-0.151,-0.88,9.606
-0.88,-1.072,9.424
-1.318,-0.89,8.597
-1.869,-0.105,7.833
-2.388,0.177,6.527
-3.496,-1.854,6.292
-2.347,-1.302,6.34
-6.828,-18.148,29.448
-0.892,5.766,5.426
1.337,-2.271,7.939
0.974,-4.254,11.166
-0.05,-0.167,8.623
0.811,2.952,10.377
0.349,1.751,10.956
-0.144,0.414,9.649
0.218,-0.641,10.3
0.12,-0.29,10.054
-0.139,-0.256,10.011
0.237,-1.694,9.798
0.105,-2.852,9.518
-0.079,-2.596,9.558
-0.036,-2.094,9.747
0.196,-1.957,9.812
0.105,-2.409,9.642
-0.012,-2.388,9.688
-0.074,-2.271,9.57
0.134,-1.474,9.879
0.211,-1.459,9.793
0.007,-1.675,9.814
-0.084,-1.802,9.829
-0.086,-1.794,9.848
-0.089,-1.237,10.051
0.026,-0.945,9.956
0.074,-1.184,9.915
-0.029,-1.306,9.874
-0.108,-1.376,9.743
-0.079,-1.024,10.046
0.093,-1.158,9.965
0.002,-1.29,9.802
-0.022,-1.325,9.848
0.012,-1.136,9.994
0.026,-0.909,9.965
0.074,-1.067,9.936
-0.05,-1.294,9.879
-0.089,-1.273,9.843
-0.129,-1.038,9.9
-0.055,-0.756,10.034
-0.005,-0.727,10.018
-0.029,-0.926,9.963
-0.014,-1.029,9.92
-0.019,-1.108,9.886
0.026,-1.151,9.903
-0.043,-0.976,9.857
-0.084,-1.067,9.963
-0.153,-1.062,9.865
-0.148,-0.933,9.96
0.012,-0.988,9.953
0.01,-1.144,9.869
0.017,-1.127,9.879
-0.043,-1.065,9.922
-0.156,-0.931,9.958
-0.062,-0.778,9.975
-0.1,-0.852,9.956
-0.122,-0.83,9.929
-0.031,-0.955,9.97
-0.01,-1.105,9.917
-0.086,-0.931,9.946
-0.091,-1.012,9.953
-0.06,-1.026,9.948
-0.033,-1.017,9.903
-0.002,-1.081,9.889
-0.029,-0.967,9.917
-0.108,-1.031,9.991
-0.062,-0.94,9.989
-0.031,-0.921,9.946
-0.031,-1.05,9.932
-0.048,-1.072,9.903
0.01,-1.034,9.965
-0.014,-1.182,9.934
-0.014,-1.189,9.874
0.01,-1.091,9.898
-0.055,-1.05,9.927
-0.077,-0.967,9.967
-0.041,-1.0,9.97
0.005,-1.048,9.994
0.029,-1.177,9.908
-0.007,-1.141,9.91
-0.012,-1.065,9.934
-0.038,-1.053,9.96
-0.002,-1.022,9.932
-0.01,-1.122,9.927
-0.01,-1.239,9.884
-0.007,-1.237,9.903
0.033,-1.211,9.889
-0.017,-1.165,9.898
-0.022,-1.184,9.896
-0.01,-1.053,9.951
-0.045,-1.192,9.958
0.024,-1.258,9.836
-0.043,-1.141,9.915
-0.077,-1.017,9.984
-0.098,-1.002,9.963
-0.014,-1.007,9.967
-0.01,-1.239,9.917
-0.005,-1.22,9.915
-0.005,-1.261,9.889
0.01,-1.093,9.936
-0.072,-0.943,9.958
-0.05,-1.06,9.965
0.031,-1.165,9.941
0.081,-1.294,9.891
0.112,-1.381,9.843
0.043,-1.17,9.881
-0.033,-1.117,9.956
0.026,-1.062,9.944
0.172,-1.282,9.848
0.29,-1.617,9.685
0.467,-1.967,9.439
0.656,-2.359,9.379
0.38,-1.971,9.513
-0.227,-0.66,9.771
-0.201,1.017,10.834
0.177,0.823,10.867
-0.469,-1.036,10.58
-1.294,-2.929,12.195
0.033,-3.211,16.014
-0.857,-6.644,13.729
0.225,-3.799,11.704
0.304,-0.581,9.958
-0.653,4.261,10.238
-1.005,3.905,8.443
-1.692,4.816,8.534
-2.306,2.902,8.106
-1.62,1.811,8.374
-0.773,2.498,7.486
-0.206,1.933,7.233
0.483,0.804,7.417
1.455,-0.036,8.262
1.349,-1.943,10.183
1.739,-3.187,10.329
2.11,-7.08,9.743
5.034,-6.52,10.721
5.733,-6.082,12.867
5.589,-3.62,14.028
5.778,-3.18,13.494
6.766,-4.905,12.228
7.699,-6.802,11.755
8.668,-4.103,12.657
8.747,-2.613,12.59
8.742,-0.074,11.932
8.357,1.555,12.133
8.587,3.778,11.685
7.706,6.888,10.338
6.312,5.584,9.965
6.254,6.015,9.97
6.147,5.632,10.099
7.175,4.237,9.788
7.601,3.749,9.501
7.946,4.79,8.321
8.19,5.075,7.381
7.845,3.362,6.804
7.831,3.754,4.295
6.742,2.694,2.976
6.151,2.596,1.861
4.905,2.328,1.648
4.101,2.833,1.263
3.158,2.373,1.141
2.273,1.486,0.715
1.756,0.89,-0.086
2.125,0.641,-1.046
2.57,-0.132,-1.983
3.297,-0.309,-2.706
3.878,-0.019,-2.675
4.003,0.88,-2.881
3.909,1.751,-2.799
4.319,2.771,-2.881
5.556,3.275,-3.077
6.324,3.512,-2.335
6.07,3.874,-1.737
5.821,3.924,-1.122
5.905,3.775,-0.316
5.69,3.548,0.44
5.079,3.091,1.189
4.924,2.718,1.675
4.922,2.455,1.763
5.103,2.885,2.263
4.709,2.357,2.622
4.965,2.074,2.914
5.261,1.938,2.962
4.699,1.885,3.68
4.579,2.062,5.656
5.821,2.713,6.151
6.747,3.383,6.496
6.537,3.208,6.678
6.352,3.529,6.594
6.187,3.534,8.733
6.639,3.144,11.125
7.577,4.747,9.908
7.582,5.594,7.795
7.151,4.553,8.441
7.087,2.151,11.8
7.666,2.866,12.083
7.62,3.388,9.752
7.223,1.823,9.506
7.037,-0.938,10.63
7.326,-1.938,10.082
7.35,-2.201,8.573
7.431,-2.694,7.295
7.398,-3.101,6.95
7.154,-3.917,7.709
7.295,-4.366,7.458
6.996,-4.027,7.328
6.977,-4.694,7.252
6.826,-4.965,6.915
6.312,-6.345,6.922
6.096,-7.104,6.611
5.993,-6.986,6.711
6.113,-6.503,6.759
6.216,-5.515,6.577
6.139,-5.474,6.546
6.448,-6.142,6.304
6.364,-6.793,6.477
6.087,-7.642,6.663
5.62,-7.917,6.864
5.493,-7.649,6.857
5.304,-7.814,6.785
5.209,-7.73,7.044
5.17,-8.599,7.058
4.867,-8.611,6.711
4.673,-8.467,6.424
4.553,-7.58,6.73
4.625,-6.828,6.919
5.039,-6.661,6.704
5.297,-6.611,6.147
5.383,-6.47,6.051
5.362,-6.477,6.101
5.474,-6.845,6.237
5.335,-7.338,6.441
5.108,-7.355,6.35
5.024,-7.252,6.321
5.012,-6.666,6.446
5.056,-6.252,6.4
5.015,-5.847,6.199
4.955,-5.632,6.18
5.108,-5.496,6.314
5.319,-5.355,6.154
5.386,-5.213,6.17
5.23,-4.996,6.304
4.838,-4.548,6.259
4.941,-4.206,6.053
5.268,-4.486,5.773
5.637,-4.737,5.833
5.472,-5.154,5.943
5.125,-5.108,6.108
4.979,-5.027,6.166
4.833,-5.276,6.474
5.094,-5.036,6.513
5.146,-5.307,7.127
5.053,-5.264,8.142
5.111,-5.441,9.03
5.015,-5.201,9.829
5.144,-4.366,10.058
5.271,-3.196,10.197
5.546,-1.878,9.922
5.003,-2.481,8.489
4.883,-3.462,7.596
4.733,-4.173,7.259
4.199,-4.412,7.441
3.531,-3.917,7.673
3.228,-3.266,7.594
3.225,-2.266,7.297
2.974,-1.675,7.479
3.149,-1.711,7.553
3.161,-2.541,7.582
3.132,-3.007,7.611
3.055,-2.541,7.91
2.675,-2.177,8.063
2.483,-0.782,9.214
2.239,-1.321,9.647
2.539,-1.407,9.271
2.519,-0.981,9.269
2.213,-1.127,9.522
2.074,-1.469,9.661
1.754,-1.402,9.609
1.014,-1.249,9.582
0.964,-1.699,9.233
0.368,0.866,9.264
-0.182,-0.163,9.302
0.488,-1.28,7.994
0.543,0.45,9.463
-0.258,0.062,9.7
-0.476,-2.065,9.999
-1.18,-2.716,10.915
-1.677,-2.881,11.549
-1.998,-2.89,11.867
-2.577,-2.641,11.767
-2.976,-2.402,11.551
-3.034,-2.586,10.657
-2.85,-3.283,10.006
-2.799,-1.986,10.233
-2.543,-0.83,10.35
-2.45,-0.412,10.075
-2.804,-0.541,9.415
-2.797,-0.557,8.697
-2.338,-0.598,8.25
-2.127,-1.048,7.862
-1.062,-1.94,6.601
0.022,-2.771,5.23
0.708,-2.783,4.457
0.694,-4.646,5.099
-4.35,-12.98,21.275
-2.933,-3.508,11.604
1.993,4.998,9.372
-1.098,-4.517,10.568
0.06,-3.675,9.542
-0.435,-3.582,8.958
-1.692,-2.785,10.18
-1.902,-0.079,11.305
3.522,-2.299,10.276
-1.799,-5.644,11.197
-5.503,-3.938,6.809
-1.883,1.359,9.951
-0.821,-0.749,9.944
1.335,-8.786,7.192
-3.022,-6.472,13.76
-4.953,-5.178,4.209
-3.098,7.864,13.324
1.495,0.979,8.766
-0.301,-5.95,9.52
-1.127,-0.967,9.719
-1.431,-2.101,9.467
-0.773,-3.701,9.422
-0.828,-2.531,9.8
-0.749,-1.957,9.841
-0.679,-2.175,9.778
-0.797,-2.304,10.099
0.024,-7.166,9.101
-0.534,-1.297,10.183
0.156,-8.719,8.881
-3.639,-0.328,10.841
-0.127,1.467,9.697
-0.83,-5.426,9.154
-0.644,-1.778,10.037
-0.622,-3.201,9.441
-0.981,-2.041,9.714
-1.046,-2.452,9.738
-0.988,-2.304,9.661
-0.871,-2.316,9.774
-0.706,-2.383,9.776
-0.569,-2.479,9.671
-0.641,-2.818,9.69
-0.83,-2.407,9.647
-0.833,-2.409,9.714
-0.818,-2.517,9.644
-0.825,-2.692,9.589
-0.876,-2.661,9.573
-0.816,-2.842,9.63
-0.837,-2.718,9.654
-0.749,-2.873,9.549
-0.682,-2.873,9.577
-0.636,-2.835,9.489
-0.536,-3.027,9.52
-0.665,-2.826,9.551
-0.778,-2.778,9.503
-0.89,-2.802,9.53
-0.816,-2.986,9.494
-0.857,-2.943,9.556
-0.775,-2.871,9.637
-0.675,-3.232,9.487
-0.818,-3.122,9.472
-0.857,-2.979,9.556
-1.014,-2.72,9.623
-0.993,-2.546,9.726
-0.837,-3.168,9.501
-1.069,-3.01,9.544
-0.88,-3.216,9.372
-0.816,-3.204,9.192
-0.675,-3.247,9.329
-0.897,-2.467,9.585
-0.964,-2.046,9.58
-0.383,-2.182,9.771
-0.505,-2.713,9.668
-0.514,-2.811,9.477
-0.529,-2.237,9.613
-0.285,-2.206,9.709
-0.096,-2.182,9.922
-0.275,-2.33,10.479
-0.529,-2.094,10.422
-0.318,-1.187,10.135
-0.065,-0.364,10.262
-0.282,-0.237,9.508
-1.093,-1.62,9.668
-1.78,-1.531,11.518
-1.273,-3.359,10.788
-2.182,-2.275,10.855
-4.661,1.237,14.317
-3.821,-4.666,12.398
-2.503,-3.362,11.458
-2.261,-1.641,12.896
-1.459,1.299,13.537
-1.859,0.998,13.028
-2.309,-1.443,11.429
-2.208,-3.551,10.085
-1.5,-5.4,9.898
-1.062,-6.111,10.417
-0.94,-5.654,13.107
-1.543,-5.651,13.54
-2.57,-6.307,11.74
-2.838,-7.355,8.171
-2.34,-7.367,4.541
-0.694,-6.816,2.091
1.593,-6.07,0.483
4.118,-5.369,-0.857
6.965,-4.232,-1.873
9.061,-3.273,-2.498
11.355,-0.596,-4.553
14.308,0.804,-6.058
14.913,3.711,-3.883
11.697,1.56,0.495
9.281,0.232,3.651
8.424,1.821,4.84
8.329,3.821,4.85
7.788,1.739,4.0
6.967,0.876,2.907
5.254,0.813,3.608
3.704,3.56,5.556
3.893,8.015,6.895
4.055,12.554,7.907
3.558,14.308,8.728
3.787,13.353,8.788
3.797,11.171,8.185
3.503,8.14,7.869
2.981,5.149,7.671
2.141,1.952,8.144
1.634,-0.464,9.03
1.383,-1.158,10.843
1.625,-0.28,12.047
1.538,0.12,11.781
1.242,0.333,11.042
1.424,0.88,9.982
1.493,1.036,9.415
1.541,0.792,9.415
1.572,0.979,9.733
1.593,1.428,9.886
1.581,1.969,9.676
1.742,2.39,9.51
1.792,2.723,9.57
1.72,2.94,9.618
1.507,3.086,9.585
1.168,2.842,9.455
1.148,2.4,9.453
1.175,1.799,9.482
1.364,1.146,9.735
1.266,0.89,10.137
0.981,0.866,10.293
0.694,1.158,10.503
0.153,1.823,10.611
-0.153,1.873,10.479
-0.605,1.849,10.276
-0.608,1.89,9.965
-0.495,2.144,9.671
-0.452,2.369,9.513
-0.333,2.838,9.592
-0.203,3.12,9.427
0.345,3.295,9.326
0.766,3.242,9.027
0.792,2.996,8.695
0.567,2.687,8.709
0.39,2.507,8.927
0.261,2.225,9.266
0.045,2.077,9.427
-0.194,1.675,9.556
-0.397,1.567,9.836
-0.407,1.249,9.896
-0.536,1.268,9.905
-0.665,1.359,9.659
-0.888,1.481,9.412
-0.837,1.428,8.876
-0.83,1.469,9.032
-0.601,1.311,9.199
-0.926,0.074,9.733
-1.89,-0.601,10.602
-1.345,2.371,11.733
-0.804,3.606,10.972
0.074,5.69,10.855
0.553,6.029,10.594
0.67,5.139,9.975
0.675,3.764,9.771
1.06,4.087,10.152
1.038,3.687,10.276
0.95,3.031,10.317
0.797,3.464,9.967
0.589,2.424,8.876
0.345,0.904,7.773
0.464,0.414,7.594
0.467,0.45,8.393
0.852,1.213,9.475
1.213,2.646,10.207
1.577,3.345,9.848
1.742,3.371,9.233
3.577,2.586,9.967
0.947,1.488,12.953
2.445,4.022,9.666
1.794,1.811,8.747
1.895,0.163,8.953
1.522,2.165,9.027
1.737,2.22,8.589
1.366,2.292,9.393
1.388,2.929,9.817
1.287,3.024,9.386
1.648,2.73,9.341
2.05,2.787,10.101
2.065,2.907,10.228
2.015,2.498,9.92
1.986,1.715,9.269
1.919,1.617,9.262
2.094,2.055,9.47
2.242,2.617,9.733
2.347,2.699,9.752
2.426,2.579,9.496
2.493,2.553,9.178
2.323,2.058,9.192
2.067,1.818,9.446
1.847,1.749,9.42
1.811,1.778,9.14
1.869,1.883,9.101
1.962,2.172,9.176
1.816,2.572,9.276
1.711,2.73,9.166
1.675,2.438,9.343
1.699,2.275,9.467
1.756,2.225,9.176
1.811,2.326,8.924
1.979,2.273,9.257
2.194,1.995,9.58
2.424,2.113,9.721
2.665,2.007,9.781
2.527,1.945,9.903
2.436,1.68,9.692
2.005,1.538,9.525
1.747,1.747,9.288
1.605,2.012,9.185
1.725,2.316,9.192
1.811,2.405,9.42
1.558,2.428,9.455
1.622,2.318,9.197
1.706,2.225,9.341
1.804,2.247,9.386
2.352,2.168,9.42
2.493,1.907,9.613
2.393,1.541,9.599
2.462,1.708,9.8
2.139,2.015,9.649
2.692,2.606,9.42
1.426,2.024,9.671
1.885,2.414,9.625
1.536,2.137,9.039
1.373,1.711,8.829
1.5,1.29,8.561
1.469,1.27,8.865
2.132,1.148,9.135
2.333,2.383,9.288
2.046,3.125,9.338
1.773,2.814,9.396
1.773,3.012,9.984
1.881,2.895,10.233
1.96,3.608,10.324
3.254,4.704,10.051
1.079,4.563,9.922
1.62,3.658,9.673
1.378,3.065,9.566
1.404,2.665,9.343
1.395,2.259,9.116
1.529,1.818,9.03
1.433,2.517,9.231
1.476,2.369,9.513
1.266,2.29,9.355
1.672,2.73,9.197
1.505,2.598,9.089
1.541,2.768,9.484
1.493,3.338,9.676
1.584,2.629,9.52
1.56,3.012,9.587
1.376,2.617,9.298
1.342,2.321,9.202
1.34,2.522,9.274
1.491,2.558,9.324
1.62,2.641,9.343
1.637,3.089,9.58
1.383,3.759,9.7
1.151,2.665,9.709
1.555,3.017,9.688
1.672,2.632,9.587
1.658,3.036,9.247
1.148,3.261,9.154
1.407,2.826,9.451
1.888,2.73,9.592
2.22,2.766,9.872
1.129,3.627,9.46
0.546,3.252,8.943
1.18,2.783,8.687
1.873,2.184,9.283
1.838,2.759,9.812
1.292,3.725,9.606
1.005,3.441,8.917
1.622,2.871,8.979
1.491,2.826,9.656
1.433,3.18,9.726
1.471,3.319,9.132
1.215,3.11,9.056
1.584,2.842,9.307
1.586,3.036,9.554
1.596,3.189,9.436
1.132,3.452,9.221
1.184,3.173,9.142
1.715,3.153,9.494
1.641,3.125,9.573
1.34,3.28,9.372
1.206,3.354,9.039
1.299,3.163,9.08
1.206,3.113,9.231
1.337,3.039,9.3
1.414,3.139,9.314
1.426,3.249,9.259
1.4,3.369,9.372
1.414,3.287,9.369
1.457,3.335,9.386
1.531,3.285,9.434
1.565,3.235,9.326
1.388,3.194,9.305
1.395,3.208,9.312
1.524,3.086,9.307
1.546,3.307,9.341
1.711,3.354,9.319
1.366,3.165,9.405
1.084,2.952,9.386
1.058,2.976,9.061
1.263,2.955,9.022
1.376,2.974,9.092
1.412,2.957,9.259
1.553,2.919,9.451
1.593,2.945,9.582
1.68,3.244,9.644
1.538,2.893,9.348
1.352,2.845,9.166
1.232,3.062,9.116
1.258,3.015,9.221
1.476,3.106,9.396
1.574,3.022,9.537
1.574,2.914,9.64
1.495,2.912,9.522
1.388,2.931,9.281
1.22,3.141,9.089
1.196,3.168,8.96
1.215,3.079,9.063
1.464,3.144,9.458
1.498,2.945,9.577
1.625,2.986,9.582
1.591,3.196,9.515
1.534,3.149,9.276
1.273,3.144,9.173
1.249,2.981,9.197
1.314,3.072,9.377
1.543,3.139,9.494
1.505,3.115,9.491
1.419,3.11,9.312
1.316,3.046,9.223
1.383,3.07,9.257
1.459,3.118,9.345
1.548,3.141,9.482
1.51,3.139,9.453
1.373,3.156,9.345
1.258,3.156,9.192
1.268,3.153,9.166
1.328,3.132,9.264
1.455,3.094,9.329
1.481,3.216,9.446
1.471,3.125,9.386
1.388,3.196,9.264
1.366,3.192,9.269
1.371,3.173,9.281
1.459,3.108,9.329
1.541,3.115,9.434
1.541,3.005,9.453
1.469,3.07,9.374
1.476,3.132,9.319
1.443,3.094,9.307
1.431,3.082,9.271
1.567,3.024,9.448
1.601,2.89,9.518
1.471,3.043,9.448
1.354,3.225,9.188
1.335,3.352,9.116
1.361,3.247,9.166
1.395,3.115,9.154
1.354,3.051,9.288
1.45,3.108,9.319
1.457,3.118,9.331
1.4,3.043,9.259
1.39,3.196,9.259
1.409,3.18,9.288
1.407,2.988,9.307
1.409,3.132,9.221
1.378,3.252,9.166
1.333,3.173,9.199
1.364,3.173,9.314
1.476,3.074,9.42
1.641,3.173,9.566
1.696,3.132,9.487
1.548,3.039,9.417
1.426,3.031,9.393
1.392,3.072,9.271
1.366,3.163,9.183
1.371,3.156,9.353
1.44,3.053,9.288
1.421,3.208,9.408
1.462,3.103,9.398
1.448,3.096,9.345
1.452,3.163,9.317
1.414,3.139,9.329
1.471,3.101,9.288
1.416,3.062,9.336
1.376,3.058,9.324
1.419,3.091,9.298
1.378,3.031,9.298
1.443,3.098,9.302
1.471,3.086,9.448
1.491,3.098,9.429
1.481,3.077,9.393
1.419,3.039,9.271
1.349,3.108,9.298
1.335,3.103,9.264
1.4,3.106,9.276
1.443,2.979,9.312
1.383,3.055,9.302
1.416,3.01,9.372
1.459,2.986,9.379
1.448,3.118,9.422
1.469,3.113,9.405
1.416,3.041,9.319
1.424,3.06,9.324
1.397,3.041,9.329
1.402,3.053,9.338
1.397,3.084,9.362
1.438,3.11,9.336
1.5,3.113,9.374
1.467,3.01,9.3
1.409,3.017,9.29
1.412,3.051,9.391
1.383,3.074,9.333
1.428,3.065,9.341
1.395,3.0,9.302
1.402,3.027,9.305
1.4,3.098,9.336
1.419,3.106,9.31
1.395,3.07,9.324
1.464,3.022,9.31
1.438,3.051,9.398
1.433,3.022,9.448
1.426,3.041,9.336
1.424,3.055,9.288
1.397,2.976,9.312
1.376,3.067,9.321
1.39,3.007,9.314
1.431,3.106,9.341
1.462,3.086,9.362
1.462,3.039,9.374
1.457,3.036,9.42
1.483,3.055,9.345
1.455,3.019,9.42
1.436,3.039,9.333
1.345,3.077,9.254
1.297,3.084,9.207
1.345,3.06,9.219
1.462,3.074,9.422
1.524,3.005,9.467
1.471,3.053,9.365
1.352,3.089,9.25
1.364,3.175,9.192
1.44,3.058,9.293
1.479,3.005,9.365
1.536,3.003,9.465
1.495,2.962,9.434
1.349,2.972,9.31
1.266,3.019,9.24
1.354,3.101,9.307
1.416,3.005,9.278
1.459,3.065,9.381
1.443,3.058,9.422
1.531,3.019,9.506
1.471,2.945,9.388
1.395,3.113,9.276
1.34,3.151,9.245
1.424,3.051,9.305
1.459,3.0,9.405
1.467,2.969,9.405
1.474,3.0,9.4
1.443,3.055,9.403
1.354,2.991,9.331
1.419,3.051,9.271
1.352,3.036,9.307
1.409,3.065,9.341
1.404,3.036,9.365
1.428,3.027,9.302
1.369,3.007,9.329
1.419,3.082,9.35
1.44,3.0,9.381
1.433,3.055,9.341
1.438,3.048,9.365
1.381,3.003,9.393
1.352,2.974,9.377
1.354,2.94,9.329
1.4,2.955,9.379
1.438,3.0,9.417
1.445,2.926,9.362
1.402,2.938,9.374
1.407,2.924,9.369
1.426,2.976,9.46
1.416,2.955,9.362
1.45,2.919,9.343
1.426,2.955,9.381
1.392,2.964,9.434
1.381,2.998,9.374
1.392,3.019,9.295
1.443,2.924,9.405
1.452,2.919,9.446
1.4,2.996,9.4
1.421,2.981,9.35
1.337,2.912,9.338
1.414,2.955,9.408
1.481,2.909,9.441
1.431,2.96,9.484
1.407,2.974,9.369
1.364,2.907,9.362
1.369,2.931,9.365
1.359,2.948,9.353
1.39,2.955,9.384
1.395,2.984,9.357
1.39,2.924,9.379
1.39,2.933,9.369
1.448,2.967,9.422
1.467,2.976,9.403
1.404,2.948,9.396
1.39,2.902,9.415
1.407,2.933,9.345
1.404,3.0,9.338
1.397,2.969,9.324
1.39,2.969,9.357
1.424,2.969,9.432
1.476,3.0,9.465
1.428,2.926,9.372
1.364,2.936,9.377
1.404,3.003,9.465
1.378,2.921,9.367
1.354,2.955,9.281
1.385,2.996,9.336
1.385,2.933,9.374
1.392,2.981,9.396
1.455,2.976,9.441
1.354,2.921,9.372
1.366,2.979,9.448
1.44,2.984,9.391
1.467,2.972,9.367
1.438,2.957,9.333
1.409,3.029,9.405
1.397,2.96,9.374
1.397,2.914,9.393
1.397,3.046,9.326
1.388,2.967,9.353
1.349,2.909,9.365
1.404,2.914,9.46
1.464,2.962,9.47
1.457,2.938,9.451
1.431,3.027,9.393
1.357,2.945,9.388
1.395,2.902,9.386
1.39,2.96,9.453
1.433,2.988,9.42
1.388,3.012,9.312
1.397,2.967,9.386
1.412,2.948,9.377
1.428,2.902,9.372
1.416,2.955,9.367
1.421,2.929,9.391
1.448,2.943,9.46
1.416,2.962,9.393
1.366,2.857,9.353
1.371,2.998,9.329
1.397,3.149,9.388
1.402,3.012,9.386
1.431,3.082,9.41
1.39,3.0,9.398
1.369,2.816,9.396
1.443,2.72,9.441
1.498,2.926,9.441
1.395,3.24,9.575
1.479,3.697,9.776
1.538,4.149,9.874
1.407,3.589,9.604
1.285,2.897,9.396
1.242,2.309,9.343
1.474,1.888,9.345
1.589,1.615,9.573
1.62,1.51,9.642
1.771,1.479,9.611
1.715,1.505,9.518
1.696,1.488,9.549
1.581,1.534,9.551
1.622,1.718,9.613
1.61,1.711,9.525
1.593,1.586,9.472
1.629,1.316,9.487
1.668,1.136,9.453
1.735,1.182,9.63
1.811,1.199,9.747
1.792,1.364,9.642
1.677,1.524,9.63
1.589,1.562,9.678
1.622,1.629,9.625
1.67,1.704,9.604
1.701,1.653,9.707
1.732,1.531,9.704
1.771,1.436,9.7
1.644,1.426,9.664
1.639,1.526,9.688
1.639,1.603,9.649
1.668,1.706,9.566
1.656,1.653,9.666
1.663,1.629,9.673
1.73,1.567,9.731
1.775,1.529,9.7
1.771,1.486,9.678
1.732,1.431,9.709
1.605,1.507,9.716
1.656,1.51,9.719
1.637,1.498,9.788
1.775,1.522,9.673
1.658,1.378,9.68
1.613,1.335,9.652
1.648,1.486,9.695
1.715,1.402,9.743
1.687,1.352,9.807
1.675,1.349,9.649
1.625,1.479,9.577
1.622,1.596,9.676
1.615,1.45,9.7
1.785,1.419,9.764
1.699,1.4,9.688
1.68,1.412,9.714
1.718,1.385,9.625
1.751,1.33,9.673
1.668,1.436,9.7
1.627,1.596,9.726
1.672,1.397,9.683
1.67,1.416,9.735
1.67,1.493,9.702
1.696,1.522,9.676
1.744,1.431,9.764
1.739,1.455,9.767
1.699,1.548,9.7
1.684,1.558,9.644
1.689,1.603,9.642
1.589,1.538,9.702
1.706,1.534,9.716
1.778,1.395,9.702
1.715,1.479,9.7
1.713,1.615,9.644
1.648,1.632,9.58
1.586,1.476,9.707
1.61,1.424,9.683
1.672,1.448,9.731
1.718,1.495,9.692
1.747,1.522,9.75
1.591,1.515,9.707
1.641,1.534,9.664
1.692,1.596,9.738
1.713,1.531,9.695
1.692,1.558,9.671
1.622,1.464,9.75
1.675,1.436,9.683
1.706,1.531,9.664
1.641,1.505,9.7
1.646,1.515,9.621
1.639,1.543,9.726
1.708,1.524,9.733
1.742,1.474,9.7
1.727,1.57,9.697
1.584,1.536,9.664
1.627,1.586,9.58
1.637,1.555,9.664
1.625,1.424,9.647
1.637,1.534,9.714
1.727,1.515,9.659
1.704,1.51,9.714
1.706,1.459,9.719
1.761,1.376,9.793
1.701,1.706,9.644
1.694,1.428,9.678
1.613,1.634,9.63
1.613,1.519,9.697
1.751,1.481,9.786
1.718,1.543,9.704
1.598,1.608,9.623
1.639,1.593,9.623
1.67,1.495,9.695
1.687,1.531,9.747
1.632,1.543,9.616
1.591,1.634,9.606
1.704,1.543,9.774
1.744,1.381,9.836
1.713,1.4,9.726
1.617,1.581,9.537
1.584,1.711,9.623
1.598,1.625,9.654
1.715,1.488,9.747
1.749,1.431,9.774
1.672,1.467,9.726
1.593,1.589,9.676
1.148,1.225,9.79
1.653,1.601,8.872
1.761,1.275,9.898
0.933,2.818,9.707
1.916,1.404,9.673
1.163,1.438,9.814
1.742,1.069,9.599
1.979,1.558,9.551
1.495,1.732,9.668
1.553,2.206,9.867
2.127,1.73,9.731
1.72,1.467,9.64
1.591,0.438,9.735
1.646,2.986,9.833
1.802,1.127,9.448
1.634,1.62,9.731
0.225,0.739,9.458
2.151,1.641,9.817
1.232,2.201,9.924
2.074,0.435,9.733
2.187,0.859,9.824
2.12,1.108,9.893
1.723,1.05,9.728
1.433,1.627,9.613
1.17,1.864,9.288
1.165,2.306,9.381
1.854,1.864,9.633
1.96,0.912,9.941
2.273,1.081,10.051
1.823,1.412,9.81
1.402,2.089,9.702
1.57,1.581,9.434
1.266,1.663,9.513
2.673,1.333,9.975
1.751,0.797,9.68
1.969,0.412,9.68
3.768,-1.412,10.587
-0.469,1.153,9.747
2.189,1.739,9.642
0.416,1.771,9.621
3.115,1.278,9.881
1.665,0.924,9.757
1.821,1.029,9.685
1.469,0.938,9.582
1.838,0.562,9.537
1.519,1.328,9.75
2.299,0.519,10.2
1.541,1.136,10.03
1.507,0.742,9.563
1.692,1.766,9.329
1.797,1.287,9.57
2.058,1.199,9.726
2.12,0.739,9.807
1.962,0.873,9.539
2.259,1.744,9.745
1.914,1.718,9.805
1.158,1.84,9.999
2.555,0.768,9.243
2.972,0.603,9.01
1.139,0.873,9.908
2.153,1.708,9.994
2.216,1.96,9.991
2.67,1.797,10.015
3.749,1.22,9.606
3.07,0.567,9.46
-0.842,-3.792,9.436
0.282,2.479,10.456
0.316,2.278,9.166
1.153,1.849,9.168
1.629,2.089,9.178
1.558,1.979,9.585
1.718,1.318,9.812
1.744,1.22,9.884
1.864,1.309,9.843
1.771,1.567,9.733
1.627,1.692,9.664
1.653,1.596,9.554
1.629,1.574,9.597
1.605,1.448,9.695
1.658,1.536,9.685
1.641,1.747,9.563
1.538,1.907,9.475
1.448,1.926,9.554
1.526,1.694,9.57
1.687,1.529,9.709
1.72,1.337,9.817
1.656,1.61,9.733
1.692,1.902,9.585
1.531,1.881,9.539
1.519,1.57,9.633
1.665,1.541,9.747
1.682,1.639,9.692
1.665,1.754,9.671
1.634,1.648,9.621
1.62,1.665,9.633
1.66,1.708,9.652
1.591,1.706,9.695
1.627,1.629,9.676
1.653,1.558,9.661
1.495,1.608,9.668
1.567,1.665,9.601
1.692,1.682,9.637
1.601,1.555,9.702
1.596,1.67,9.633
1.637,1.706,9.58
1.641,1.627,9.664
1.608,1.615,9.635
1.627,1.637,9.688
1.62,1.713,9.644
1.632,1.737,9.654
1.605,1.646,9.637
1.581,1.596,9.633
1.637,1.613,9.685
1.625,1.608,9.7
1.656,1.656,9.671
1.651,1.605,9.649
1.648,1.682,9.642
1.646,1.651,9.635
1.625,1.62,9.673
1.625,1.586,9.63
1.68,1.641,9.661
1.62,1.665,9.726
1.565,1.584,9.637
1.629,1.608,9.668
1.644,1.629,9.649
1.644,1.727,9.609
1.55,1.648,9.683
1.591,1.596,9.611
1.644,1.665,9.692
1.634,1.605,9.695
1.644,1.593,9.704
1.608,1.562,9.719
1.634,1.572,9.676
1.593,1.613,9.577
1.577,1.615,9.563
1.62,1.622,9.618
1.625,1.572,9.697
1.704,1.584,9.743
1.634,1.572,9.688
1.57,1.589,9.642
1.622,1.629,9.692
1.62,1.637,9.685
1.653,1.648,9.692
1.684,1.598,9.69
1.584,1.61,9.604
1.598,1.665,9.647
1.66,1.579,9.683
1.608,1.603,9.7
1.589,1.548,9.678
1.56,1.572,9.666
1.663,1.579,9.692
1.586,1.558,9.644
1.615,1.656,9.616
1.648,1.603,9.668
1.646,1.565,9.747
1.617,1.593,9.683
1.634,1.625,9.628
1.541,1.572,9.63
1.637,1.637,9.664
1.591,1.615,9.625
1.61,1.627,9.633
1.632,1.567,9.69
1.584,1.603,9.69
1.593,1.596,9.594
1.603,1.646,9.633
1.632,1.584,9.664
1.634,1.581,9.688
1.625,1.641,9.7
1.598,1.577,9.644
1.622,1.605,9.659
1.613,1.627,9.649
1.603,1.634,9.676
1.613,1.648,9.716
1.646,1.622,9.656
1.627,1.646,9.637
1.579,1.634,9.652
1.617,1.639,9.606
1.572,1.663,9.601
1.641,1.651,9.697
1.648,1.61,9.74
1.701,1.651,9.685
1.66,1.665,9.64
1.589,1.61,9.623
1.538,1.644,9.647
1.601,1.593,9.63
1.665,1.596,9.726
1.634,1.625,9.63
1.57,1.68,9.611
1.562,1.622,9.558
1.625,1.641,9.635
1.593,1.589,9.704
1.684,1.699,9.707
1.675,1.581,9.716
1.617,1.591,9.7
1.579,1.589,9.628
1.584,1.689,9.597
1.622,1.639,9.633
1.61,1.665,9.635
1.632,1.579,9.661
1.601,1.608,9.661
1.567,1.653,9.656
1.646,1.627,9.628
1.603,1.658,9.637
1.601,1.634,9.51
1.668,1.727,9.582
1.692,1.718,9.652
1.699,1.634,9.563
1.591,1.622,9.601
1.656,1.471,9.731
1.565,1.486,9.676
1.581,1.56,9.647
1.603,1.428,9.747
1.33,1.428,9.546
1.371,1.622,9.685
1.785,1.385,9.652
1.603,1.306,9.132
1.258,1.395,8.996
1.596,1.409,9.283
1.598,1.491,9.822
1.474,1.342,10.145
1.376,1.369,10.2
1.156,1.675,10.367
1.038,1.914,10.391
1.225,2.07,10.243
1.266,2.558,9.956
0.919,0.845,8.589
1.694,2.663,9.836
1.754,1.625,8.776
0.608,1.873,8.927
1.122,1.818,9.427
1.452,1.952,9.984
1.639,1.627,9.774
1.402,1.96,9.618
1.407,1.964,9.824
1.469,1.976,9.927
1.199,1.787,9.635
1.483,2.864,10.314
1.756,1.713,9.604
1.201,1.979,9.491
1.424,1.522,9.257
1.314,1.629,9.388
1.519,1.775,9.697
1.445,1.964,9.867
1.404,1.845,9.975
1.536,1.893,9.91
1.318,1.818,9.733
1.558,1.672,9.506
1.357,1.486,9.19
1.239,1.55,8.975
0.833,2.23,9.099
1.888,2.096,9.831
1.581,2.182,9.147
1.34,2.778,8.829
1.347,2.62,9.185
1.136,2.278,9.647
0.983,2.223,10.008
0.861,2.146,10.511
0.739,1.751,10.669
1.074,1.553,10.403
0.947,1.471,9.656
1.223,2.51,10.692
1.938,1.098,9.276
0.761,2.031,9.257
0.967,1.62,9.274
0.842,1.541,9.47
1.081,1.581,9.508
1.093,1.778,9.671
1.139,1.883,9.685
1.129,1.895,9.755
1.208,1.881,9.867
1.22,1.804,9.843
1.268,1.83,9.747
1.163,1.725,9.714
1.199,1.871,9.556
1.125,1.878,9.733
1.098,1.928,9.697
1.022,1.797,9.704
1.046,1.627,9.656
1.251,1.589,9.917
1.235,1.756,10.027
1.261,1.869,9.745
1.115,1.833,9.625
1.069,1.804,9.589
1.148,1.876,9.625
0.998,1.859,9.601
1.115,1.778,9.726
1.247,1.785,9.798
1.187,1.792,9.759
1.093,1.771,9.527
0.998,1.909,9.465
1.084,1.904,9.494
1.043,1.816,9.695
1.192,1.778,9.771
1.17,1.725,9.855
1.139,1.761,9.826
1.158,1.859,9.623
1.069,1.873,9.594
1.129,1.909,9.659
1.151,1.802,9.755
1.136,1.838,9.752
1.23,1.787,9.721
1.184,1.828,9.666
1.117,1.902,9.664
1.098,1.866,9.649
1.11,1.838,9.688
1.098,1.845,9.695
1.148,1.847,9.659
1.129,1.847,9.745
1.103,1.785,9.692
1.11,1.782,9.668
1.163,1.873,9.654
1.043,1.797,9.649
1.077,1.759,9.659
1.125,1.809,9.711
1.115,1.861,9.664
1.062,1.854,9.601
1.069,1.773,9.697
1.144,1.737,9.865
1.182,1.806,9.745
1.156,1.835,9.582
1.074,1.838,9.558
1.134,1.802,9.69
1.129,1.802,9.778
1.069,1.759,9.767
1.177,1.792,9.743
1.227,1.871,9.692
1.113,1.878,9.666
1.077,1.792,9.637
1.065,1.756,9.656
1.05,1.828,9.668
1.034,1.768,9.695
1.132,1.792,9.719
1.139,1.878,9.683
1.117,1.78,9.702
1.034,1.78,9.666
1.074,1.737,9.683
1.151,1.754,9.723
1.194,1.845,9.774
1.127,1.883,9.735
1.05,1.842,9.63
1.029,1.806,9.575
1.108,1.833,9.647
1.144,1.833,9.755
1.17,1.852,9.714
1.146,1.806,9.778
1.115,1.794,9.755
1.086,1.84,9.671
1.18,1.838,9.714
1.146,1.785,9.795
1.146,1.893,9.671
1.06,1.857,9.58
1.065,1.826,9.604
1.072,1.842,9.702
1.065,1.847,9.781
1.144,1.766,9.81
1.132,1.739,9.716
1.098,1.864,9.613
1.065,1.852,9.63
1.067,1.864,9.592
1.141,1.842,9.714
1.091,1.78,9.719
1.158,1.888,9.673
1.17,1.864,9.707
1.081,1.873,9.697
1.17,1.945,9.774
1.16,1.751,9.704
1.084,1.823,9.644
0.859,2.036,9.546
0.983,2.012,9.556
1.163,1.833,9.721
1.548,1.775,9.829
1.428,2.031,9.817
0.94,2.127,9.628
0.754,1.983,9.496
1.127,1.838,9.446
1.242,1.821,9.867
1.302,1.95,9.982
1.132,2.046,9.721
0.991,1.861,9.534
0.935,1.912,9.444
0.871,2.022,9.345
0.995,2.134,9.542
1.254,1.964,9.85
1.402,1.818,10.008
1.117,1.993,9.896
1.201,2.424,9.793
1.306,2.125,9.707
1.203,1.909,9.539
0.866,1.744,9.494
0.988,1.639,9.515
1.117,1.45,9.637
1.05,1.471,9.702
1.046,1.708,9.695
1.165,1.809,9.621
1.117,1.718,9.625
1.201,1.744,9.721
1.151,1.725,9.805
1.172,1.756,9.771
1.156,1.833,9.668
1.141,1.988,9.635
1.16,1.991,9.633
1.127,1.969,9.618
1.046,1.909,9.649
1.048,1.871,9.673
1.177,1.878,9.702
1.184,1.79,9.704
1.151,1.914,9.757
1.086,1.912,9.649
1.127,1.9,9.618
1.127,1.89,9.673
1.0,1.804,9.747
1.069,1.761,9.743
1.172,1.747,9.666
1.158,1.838,9.678
1.199,1.936,9.707
1.225,1.9,9.81
1.235,1.806,9.757
1.136,1.804,9.685
1.058,1.806,9.668
1.144,1.79,9.652
1.223,1.816,9.642
1.117,1.818,9.661
1.058,1.852,9.625
0.995,1.739,9.68
1.019,1.749,9.731
1.187,1.732,9.769
1.201,1.747,9.668
1.103,1.799,9.616
1.014,1.759,9.506
1.026,1.842,9.585
1.139,1.806,9.714
1.192,1.751,9.841
1.227,1.802,9.855
1.249,1.775,9.721
1.194,1.742,9.716
1.163,1.828,9.709
1.223,1.902,9.735
1.069,1.811,9.671
1.029,1.861,9.606
1.048,1.821,9.668
1.122,1.658,9.764
1.065,1.687,9.702
0.988,1.864,9.577
1.029,1.969,9.534
1.282,1.957,9.642
1.261,1.895,9.8
1.251,1.878,9.833
1.125,1.806,9.7
1.06,1.782,9.633
1.029,1.833,9.656
1.108,1.782,9.664
1.151,1.814,9.711
1.18,1.861,9.745
1.105,1.912,9.731
1.125,1.864,9.661
1.184,1.806,9.69
1.278,1.79,9.745
1.23,1.797,9.776
1.146,1.849,9.733
1.103,1.787,9.668
1.151,1.78,9.735
1.153,1.952,9.668
1.175,1.912,9.704
1.239,1.924,9.685
1.163,1.902,9.628
1.098,1.893,9.594
1.11,1.883,9.53
1.086,1.857,9.64
1.089,1.771,9.666
1.232,1.811,9.635
1.182,1.756,9.757
1.225,1.864,9.819
1.27,1.988,9.776
1.249,2.043,9.652
1.23,1.993,9.577
1.136,2.015,9.668
1.079,2.019,9.704
1.103,2.027,9.549
1.101,1.861,9.477
1.187,1.883,9.539
1.225,1.995,9.654
1.168,2.113,9.688
1.194,2.113,9.68
1.165,2.105,9.625
1.084,2.158,9.623
1.096,2.227,9.556
1.153,2.117,9.68
1.189,2.125,9.731
1.223,2.065,9.69
1.17,2.043,9.685
1.201,2.11,9.654
1.203,2.141,9.611
1.165,2.117,9.525
1.192,2.151,9.594
1.115,2.12,9.606
1.058,2.165,9.625
1.148,2.108,9.601
1.153,2.101,9.585
1.105,2.082,9.683
1.196,2.204,9.769
1.282,2.158,9.745
1.194,2.048,9.656
1.129,2.007,9.609
0.959,2.053,9.573
0.947,2.134,9.465
0.988,2.223,9.348
1.036,2.266,9.348
0.962,2.189,9.341
1.189,2.23,9.377
1.201,2.098,9.817
1.139,1.876,10.056
1.309,2.017,9.944
1.273,1.969,9.755
1.115,1.95,9.621
1.069,2.007,9.652
1.036,1.957,9.649
1.096,1.9,9.673
1.022,1.916,9.532
1.187,1.883,9.613
1.172,1.943,9.889
1.172,1.637,10.056
1.325,1.479,10.097
1.416,1.505,10.133
1.345,1.503,9.912
1.316,1.404,9.683
0.924,1.428,9.566
0.837,1.543,9.58
0.761,1.799,9.487
0.766,2.007,9.444
0.428,1.797,9.216
1.407,1.979,9.944
0.931,1.66,9.994
1.077,1.957,9.697
1.029,1.749,9.597
0.993,1.66,9.644
1.125,1.672,9.812
1.158,1.838,9.798
0.974,1.838,9.654
0.983,1.806,9.544
0.988,1.794,9.68
0.969,1.775,9.752
1.117,1.732,9.75
1.139,1.876,9.879
1.148,1.861,9.879
1.115,1.847,9.786
0.991,1.751,9.644
0.969,1.806,9.601
1.18,1.799,9.793
1.232,1.787,9.958
1.23,1.761,9.881
0.969,1.888,9.673
0.919,1.895,9.582
1.024,1.838,9.623
1.148,1.866,9.836
0.998,1.83,9.745
1.12,1.79,9.723
1.122,1.835,9.769
1.05,1.881,9.68
0.943,1.926,9.616
1.041,1.861,9.671
0.924,1.761,9.767
1.01,1.759,9.738
1.081,1.897,9.637
1.096,1.979,9.599
0.969,1.952,9.647
1.065,1.861,9.721
1.053,1.857,9.711
1.058,1.919,9.692
1.132,1.933,9.848
0.986,1.814,9.774
1.098,1.826,9.721
0.979,1.89,9.599
0.993,1.897,9.594
1.053,1.912,9.723
1.175,1.871,9.788
1.091,1.787,9.884
1.105,1.787,9.731
1.089,1.952,9.7
1.029,1.89,9.666
1.091,1.859,9.723
0.974,1.802,9.637
0.981,1.909,9.611
1.062,1.897,9.726
1.089,1.84,9.786
1.115,1.852,9.807
1.115,1.919,9.781
0.969,1.888,9.688
0.986,1.835,9.599
0.947,1.907,9.697
1.084,1.864,9.8
1.168,1.916,9.822
1.072,1.9,9.862
1.062,1.814,9.695
0.988,1.883,9.585
0.967,1.983,9.585
0.993,1.938,9.58
1.048,1.845,9.769
1.134,1.785,9.833
1.062,1.847,9.759
1.144,1.919,9.688
1.18,1.952,9.752
1.058,1.916,9.889
1.187,1.835,9.771
1.041,1.893,9.692
0.823,1.885,9.678
0.895,1.933,9.484
1.007,1.931,9.532
1.002,1.854,9.738
1.218,1.885,9.927
1.294,1.811,9.96
1.055,1.876,9.726
0.971,1.979,9.537
0.964,2.041,9.501
1.007,1.971,9.668
1.017,1.871,9.764
1.074,1.881,9.74
1.029,1.883,9.726
0.967,1.885,9.606
1.072,1.969,9.714
1.146,2.041,9.735
1.096,1.979,9.812
1.175,1.881,9.939
1.053,1.766,9.86
0.897,1.797,9.534
0.912,2.034,9.453
1.017,2.192,9.534
1.072,2.065,9.673
1.043,1.964,9.721
0.878,1.852,9.781
1.122,1.806,9.886
1.213,1.754,9.867
1.077,1.814,9.85
0.964,1.78,9.721
0.986,1.881,9.623
0.962,1.998,9.57
1.007,1.936,9.503
0.694,1.842,9.64
1.148,1.754,9.833
1.376,1.608,10.142
1.335,1.842,10.149
1.172,2.137,9.81
0.986,2.0,9.499
0.682,1.979,9.479
0.904,1.957,9.577
1.316,1.797,9.941
1.306,1.971,10.101
1.134,2.086,9.86
0.919,2.168,9.487
0.766,1.95,9.321
0.979,1.756,9.609
1.058,1.809,9.872
1.136,1.852,9.939
1.069,1.924,9.915
0.873,1.711,9.695
0.928,1.775,9.513
0.883,1.833,9.453
0.928,1.854,9.551
1.113,1.775,9.826
1.249,1.854,10.042
1.306,1.955,9.963
1.134,2.06,9.723
0.935,2.017,9.582
0.919,1.916,9.458
0.998,1.895,9.506
1.077,1.859,9.747
1.105,1.756,9.769
1.213,1.833,9.92
1.177,1.854,9.948
1.235,2.01,9.936
1.098,1.921,9.654
1.151,1.936,9.525
1.172,1.751,9.728
1.261,1.794,9.958
1.297,1.895,10.044
1.132,1.392,9.697
1.206,1.524,9.226
0.175,1.333,9.331
0.402,1.469,9.345
0.799,0.857,9.757
0.938,1.818,9.465
1.194,2.366,9.917
0.852,1.773,9.671
0.969,1.814,9.592
1.048,1.146,9.252
0.888,1.282,9.4
0.359,1.5,10.149
0.397,0.866,10.685
0.962,0.39,10.156
1.146,0.742,10.142
0.44,1.28,10.384
0.337,1.376,10.219
0.816,0.727,9.472
0.792,0.756,9.393
0.498,1.175,9.647
0.318,1.278,9.463
0.136,0.254,9.07
0.134,0.462,9.132
0.048,0.691,9.728
0.313,0.534,10.666
0.342,-0.05,10.814
1.172,-0.603,10.496
0.995,-0.407,10.511
0.802,0.431,10.747
1.172,-1.041,10.353
0.711,-0.892,10.295
0.534,-0.837,9.664
0.813,-1.495,8.987
0.495,-0.534,9.999
0.56,0.39,10.982
0.88,-1.306,10.267
1.06,-0.701,9.53
0.622,-1.512,9.188
0.352,-0.053,9.606
0.364,-1.448,9.321
0.804,-1.038,9.551
0.352,-0.84,9.845
0.651,-0.883,10.085
0.445,-0.84,10.379
0.586,-1.797,10.279
0.713,-1.876,10.075
0.699,-1.586,9.838
0.624,-1.428,9.889
0.486,-1.378,9.96
0.653,-1.299,10.037
0.761,-1.337,9.807
0.653,-1.345,9.783
0.505,-1.577,9.845
0.636,-1.517,9.843
0.725,-1.337,9.793
0.775,-1.239,9.874
0.691,-1.168,9.896
0.629,-1.141,10.03
0.718,-1.483,9.994
0.584,-1.725,9.956
0.531,-1.771,9.867
0.541,-1.725,9.781
0.569,-1.541,9.637
0.651,-1.44,9.556
0.627,-1.809,9.575
0.727,-1.811,9.74
0.813,-1.395,10.015
0.744,-1.005,10.168
0.739,-0.895,10.003
0.653,-1.158,9.769
0.526,-1.517,9.778
0.598,-1.66,9.903
0.627,-1.493,9.905
0.723,-1.314,9.963
0.687,-1.337,9.881
0.627,-1.436,9.776
0.641,-1.414,9.81
0.675,-1.357,9.862
0.644,-1.433,9.769
0.586,-1.431,9.853
0.591,-1.428,9.879
0.601,-1.414,9.905
0.546,-1.589,9.63
0.256,-1.802,10.197
0.359,-1.637,9.953
0.345,-1.416,9.403
0.371,-1.459,9.987
0.689,-0.543,9.781
0.988,-0.605,10.314
1.637,-1.359,10.046
1.084,0.065,9.984
0.739,-1.067,9.7
0.476,-1.503,9.7
0.632,-1.168,9.979
0.782,-0.88,10.075
0.79,-0.715,10.128
0.751,-0.67,10.068
0.581,-0.902,9.845
0.615,-1.029,9.7
0.538,-1.129,9.857
0.653,-0.998,9.838
0.651,-1.022,10.027
0.641,-0.986,9.953
0.711,-0.959,9.982
0.603,-0.912,10.032
0.572,-0.998,9.932
0.596,-0.964,9.886
0.663,-0.907,9.831
0.658,-0.998,9.967
0.622,-1.055,9.987
0.591,-1.113,10.003
0.608,-1.086,9.924
0.668,-1.026,9.941
0.579,-1.11,9.944
0.632,-1.151,9.91
0.593,-1.18,9.92
0.672,-1.215,9.81
0.634,-1.034,9.932
0.632,-0.957,10.025
0.565,-0.849,10.011
0.522,-0.818,9.896
0.632,-0.895,9.886
0.574,-0.979,9.97
0.572,-0.928,10.008
0.51,-0.921,9.932
0.601,-0.924,9.874
0.684,-1.034,9.939
0.61,-1.005,10.018
0.603,-1.086,10.003
0.601,-0.967,9.903
0.546,-0.976,9.92
0.531,-1.002,9.912
0.651,-1.072,9.893
0.62,-0.998,10.001
0.567,-0.998,9.979
0.617,-0.976,9.922
0.524,-1.0,9.917
0.567,-0.991,9.893
0.572,-0.926,9.891
0.579,-1.029,9.929
0.569,-1.019,9.886
0.581,-1.002,9.999
0.584,-0.995,9.941
0.581,-0.983,9.886
0.646,-0.892,9.932
0.596,-0.938,9.936
0.591,-0.938,9.903
0.565,-0.935,9.927
0.608,-0.955,9.929
0.589,-0.995,9.944
0.589,-0.986,9.927
0.639,-0.943,9.9
0.586,-0.94,9.941
0.629,-1.034,9.948
0.603,-1.024,9.92
0.624,-0.955,9.987
0.632,-0.864,9.991
0.598,-0.919,10.046
0.593,-0.955,10.027
0.67,-1.048,10.14
0.634,-1.05,10.171
0.622,-1.026,9.951
0.701,-0.935,9.8
0.553,-0.873,9.905
0.646,-1.072,10.298
0.682,-1.213,10.444
0.749,-1.141,10.532
0.835,-1.314,10.365
1.058,-1.419,10.63
0.892,-1.211,10.92
0.766,-1.144,11.391
0.746,-0.79,11.2
0.926,-0.498,10.523
0.486,0.419,10.247
0.711,-0.012,9.723
0.739,0.701,9.745
1.074,0.433,9.594
1.199,0.211,8.941
1.488,-0.414,8.285
1.95,-0.529,8.142
2.249,-0.404,8.723
2.347,-0.766,8.759
2.45,-1.158,8.848
2.524,-0.38,9.417
2.259,-0.124,9.987
2.015,-0.215,10.116
1.926,-0.184,9.692
1.792,-0.407,9.417
1.608,-0.636,9.554
1.737,-0.622,9.824
1.926,-0.407,9.807
2.012,-0.423,9.788
2.0,-0.4,10.185
1.983,-0.261,10.209
1.838,-0.433,10.094
1.876,-0.569,9.656
1.854,-0.723,9.582
1.921,-0.924,9.544
2.007,-1.05,9.549
2.048,-1.335,9.427
2.079,-1.471,9.573
2.168,-1.333,9.79
2.141,-1.314,9.891
2.156,-1.18,9.91
2.082,-1.029,9.788
1.986,-1.0,9.716
1.873,-0.909,9.673
1.938,-0.825,9.702
1.983,-0.83,9.709
2.084,-0.79,9.652
2.127,-1.026,9.53
2.137,-1.194,9.417
2.201,-1.318,9.314
2.22,-1.651,9.147
2.05,-1.749,9.726
1.991,-1.546,10.281
2.256,-1.395,9.848
2.321,-1.29,9.508
2.129,-1.196,9.604
1.993,-1.105,9.721
2.036,-1.103,9.623
2.074,-1.136,9.597
2.046,-1.29,9.644
2.082,-1.285,9.69
2.058,-1.364,9.714
2.172,-1.321,9.678
2.077,-1.297,9.63
2.089,-1.311,9.726
2.096,-1.345,9.628
2.065,-1.292,9.666
2.17,-1.261,9.683
2.122,-1.34,9.721
2.086,-1.376,9.649
2.058,-1.268,9.654
2.034,-1.318,9.709
2.024,-1.359,9.64
2.084,-1.438,9.616
2.007,-1.4,9.64
2.01,-1.419,9.74
2.132,-1.299,9.719
2.125,-1.366,9.656
2.113,-1.256,9.69
2.16,-1.345,9.702
2.084,-1.325,9.688
2.067,-1.385,9.644
2.031,-1.347,9.633
2.096,-1.457,9.668
1.847,-1.266,9.709
2.165,-1.414,9.611
2.091,-1.364,9.745
2.022,-1.495,9.697
2.125,-1.412,9.666
1.986,-1.507,9.661
2.005,-1.419,9.652
2.225,-1.483,9.896
1.84,-1.019,9.671
2.17,-1.321,9.501
0.648,-0.813,9.702
2.613,-1.876,9.621
1.964,-0.732,9.759
2.68,-1.778,9.558
1.952,-1.33,9.644
2.515,-1.081,9.673
1.754,-0.955,9.786
1.701,-1.201,9.532
1.888,-1.172,9.554
1.656,-2.038,9.312
2.419,-2.665,9.487
1.826,-2.424,9.872
2.613,-1.615,9.951
2.139,-1.536,9.676
1.34,-1.605,9.35
1.314,-0.737,9.539
2.249,-1.68,9.453
0.794,-1.311,9.728
2.414,-1.194,9.814
3.539,-1.12,9.207
2.78,-0.935,9.393
2.275,-1.096,9.649
2.55,-1.294,9.692
2.795,-1.907,9.951
3.252,-2.756,11.123
3.603,-2.926,10.226
1.948,-0.988,9.295
0.294,-4.307,8.735
2.553,-0.768,9.585
1.775,-1.381,9.822
1.969,-1.223,9.448
1.962,-1.074,9.537
1.945,-1.129,9.592
2.129,-1.342,9.623
2.175,-1.505,9.697
2.16,-1.579,9.661
2.117,-1.567,9.666
2.06,-1.476,9.711
2.103,-1.416,9.601
2.012,-1.323,9.544
1.993,-1.258,9.652
2.046,-1.342,9.637
2.029,-1.407,9.702
2.07,-1.4,9.733
