1.584,1.55,9.621
1.333,1.536,9.738
0.553,1.438,9.63
1.321,1.704,9.676
1.84,2.144,9.755
1.426,2.146,9.757
1.244,1.641,9.711
0.921,1.706,9.74
1.62,1.268,9.664
1.735,1.352,9.628
1.873,2.082,9.898
1.297,1.677,9.733
0.78,1.18,9.616
1.16,1.443,9.774
1.565,1.696,9.865
1.512,1.316,9.743
1.168,1.598,9.69
1.01,2.027,9.814
1.002,1.328,9.814
1.581,1.431,9.869
1.457,1.538,9.757
0.524,1.352,9.652
0.531,1.378,9.733
1.261,1.737,9.759
1.172,1.601,9.776
1.282,1.591,9.783
1.424,1.491,9.709
1.117,1.84,9.884
0.153,1.964,9.848
0.323,1.397,9.74
1.596,1.448,9.728
1.345,1.177,9.707
0.83,1.247,9.826
0.421,1.28,9.872
0.534,1.471,9.771
1.325,1.699,9.774
1.058,1.694,9.793
0.792,1.617,9.759
1.005,1.708,9.795
0.632,1.794,9.915
0.567,1.534,9.845
2.003,1.352,9.757
1.806,1.555,9.814
0.701,1.352,9.723
1.151,1.663,9.795
1.213,1.555,9.585
1.325,1.881,9.79
1.369,1.486,9.676
1.046,1.83,9.731
0.761,1.919,9.807
1.034,1.881,9.807
1.314,1.802,9.714
1.694,1.512,9.728
1.658,1.675,9.757
1.852,1.66,9.838
1.321,1.713,9.75
1.383,1.694,9.63
1.481,2.16,9.644
1.108,1.699,9.637
1.328,1.782,9.585
1.591,1.967,9.738
1.474,2.28,9.685
1.555,2.383,9.652
0.988,2.302,9.714
0.663,1.971,9.762
0.902,2.005,9.719
2.072,2.144,9.661
2.606,2.412,9.683
1.433,2.074,9.582
0.665,2.247,9.644
0.735,1.792,9.633
1.421,1.828,9.577
2.156,1.814,9.621
1.718,1.952,9.601
1.194,2.129,9.659
0.916,1.857,9.609
0.988,1.823,9.537
1.644,2.091,9.747
1.529,1.826,9.678
1.278,1.919,9.609
1.22,2.038,9.666
1.144,2.089,9.671
1.012,1.924,9.683
1.474,1.771,9.635
1.227,1.907,9.664
0.531,1.991,9.647
0.818,2.17,9.692
0.986,1.928,9.683
1.175,2.201,9.68
1.345,2.0,9.697
2.098,2.206,9.874
0.778,2.046,9.575
0.447,1.869,9.721
1.208,2.096,9.8
1.888,2.055,9.585
1.625,1.981,9.633
0.701,1.945,9.635
0.151,1.859,9.671
0.924,2.18,9.671
1.136,2.225,9.69
0.864,1.72,9.623
0.969,1.907,9.7
1.33,1.931,9.805
2.369,1.794,9.783
1.766,1.617,9.597
0.608,1.835,9.692
0.833,1.72,9.857
1.857,1.938,9.707
1.526,1.739,9.609
0.675,2.139,9.644
1.314,1.957,9.673
1.072,2.036,9.692
1.125,1.979,9.695
1.239,1.646,9.776
1.148,1.156,9.716
0.782,1.345,9.707
0.909,1.873,9.534
1.438,1.471,9.759
1.971,1.177,9.817
1.251,1.397,9.826
0.641,1.325,9.635
0.299,1.586,9.719
1.546,2.177,9.74
1.845,2.263,9.865
1.079,1.565,9.69
0.584,1.627,9.659
-0.124,1.491,9.752
0.428,1.859,9.659
1.981,1.974,9.81
2.108,2.129,9.522
0.88,1.759,9.582
-0.179,2.034,9.929
1.938,1.823,9.767
2.498,2.204,9.295
1.744,2.048,9.496
0.88,1.675,9.731
1.782,2.61,9.908
1.907,2.637,9.666
1.806,2.256,9.41
0.802,2.18,9.276
1.189,2.505,9.613
1.515,2.117,9.537
0.383,1.773,9.68
-0.036,2.177,9.388
0.873,2.603,9.805
1.529,3.024,9.862
1.598,2.474,9.446
0.962,2.426,9.633
1.026,2.105,9.393
1.9,2.426,9.664
1.567,1.991,9.57
1.225,1.794,9.623
1.091,1.943,9.592
1.395,2.158,9.637
1.809,2.78,9.75
1.206,1.94,9.723
0.981,1.811,9.537
0.947,2.065,9.604
0.866,1.809,9.659
1.699,2.182,9.64
1.584,2.278,9.623
1.069,1.962,9.556
0.787,1.732,9.654
1.132,1.804,9.661
1.299,2.022,9.606
1.45,2.065,9.64
1.555,2.153,9.656
0.66,1.864,9.625
1.144,1.749,9.688
1.201,1.859,9.776
1.11,1.838,9.747
1.428,2.125,9.57
1.084,2.084,9.764
0.651,1.823,9.714
1.309,1.725,9.723
1.376,1.861,9.604
1.038,1.505,9.568
0.945,1.536,9.814
0.895,1.512,9.946
0.988,1.558,9.833
1.175,1.706,9.695
1.132,1.797,9.661
0.885,1.677,9.673
0.732,1.598,9.802
1.445,2.024,9.982
1.258,1.821,9.822
1.321,2.024,9.671
0.933,1.873,9.697
0.971,1.871,9.819
0.931,1.775,9.673
0.998,1.699,9.625
0.983,1.78,9.678
0.959,1.787,9.81
1.481,2.127,9.896
1.05,1.658,9.678
1.019,1.555,9.64
0.857,1.452,9.711
1.029,1.5,9.769
1.038,1.593,9.833
0.959,1.864,9.702
1.101,2.005,9.676
1.132,1.766,9.594
1.404,2.115,9.721
1.44,1.9,9.656
0.938,1.646,9.723
0.971,1.366,9.609
0.83,1.687,9.668
0.854,1.9,9.623
1.928,2.038,9.912
1.562,2.242,9.451
0.871,2.957,9.477
0.926,2.259,9.755
0.912,2.23,10.044
-0.06,0.548,9.29
2.433,2.086,9.231
2.383,2.218,10.226
0.835,1.67,9.731
1.337,1.842,9.707
1.345,2.275,9.644
0.84,1.96,9.805
-0.49,2.309,9.625
0.074,3.103,9.307
0.634,1.847,9.769
1.55,1.57,2.347
1.081,0.959,10.015
2.12,2.873,9.908
1.45,2.649,9.685
1.512,1.893,9.429
0.383,2.486,9.872
-0.234,1.778,9.592
0.919,2.701,9.723
2.256,2.646,9.865
1.395,1.878,9.738
0.184,1.189,9.432
-0.007,1.534,9.613
1.172,2.137,9.467
1.431,1.926,9.769
1.397,1.498,9.79
0.957,1.072,9.573
-0.165,1.601,9.855
0.024,1.888,9.848
1.091,2.613,9.932
1.361,2.189,9.92
0.644,1.625,9.795
0.457,1.725,9.781
0.665,1.33,9.625
1.44,1.72,9.776
1.756,1.775,9.676
0.517,1.33,9.613
0.098,1.297,9.642
0.952,1.091,9.733
1.28,1.436,9.967
0.821,1.364,9.709
0.979,1.811,9.733
0.806,2.079,9.85
0.505,1.826,9.802
0.847,1.885,9.759
0.438,4.728,9.563
0.517,-0.601,10.401
1.337,0.258,9.853
0.912,0.77,9.688
-0.73,1.306,9.333
-0.608,1.981,9.948
1.335,2.041,9.819
2.072,3.567,10.216
0.239,1.866,9.843
0.268,1.299,9.601
0.73,1.335,9.678
0.993,1.627,9.616
0.483,1.182,9.554
0.785,1.388,9.879
1.16,1.172,9.676
0.837,1.223,9.491
0.569,1.699,9.594
0.641,1.519,9.752
1.433,2.165,9.889
0.964,2.041,9.848
0.318,1.22,9.628
0.498,1.476,9.668
0.708,1.739,9.967
1.012,1.675,10.051
1.184,1.871,9.898
0.689,1.515,9.709
0.481,1.553,9.611
0.672,1.445,9.628
1.493,1.323,9.79
0.976,1.431,9.774
0.746,1.39,9.814
0.584,1.993,9.735
0.756,2.098,9.862
0.9,1.471,9.896
0.979,1.653,9.819
0.629,1.517,9.726
0.383,1.675,9.711
1.029,1.727,9.709
1.089,2.098,9.781
0.778,1.629,9.702
0.727,1.275,9.647
0.967,0.876,9.759
2.027,0.577,9.577
1.294,1.737,9.759
0.624,1.773,9.886
-0.426,1.704,9.668
0.512,-0.309,1.627
2.926,5.209,11.544
1.802,-0.22,10.702
-1.325,0.668,8.946
-1.385,1.854,8.905
1.086,2.744,10.233
2.419,3.718,10.013
1.416,2.531,9.676
0.483,2.268,9.554
1.007,1.297,9.613
1.404,0.823,9.58
1.672,0.347,9.685
1.151,0.689,9.771
0.275,1.708,9.723
0.648,1.782,9.922
1.388,1.916,9.889
1.292,1.876,9.836
0.864,1.581,9.865
0.392,1.34,9.728
0.459,1.938,9.707
1.596,2.137,9.853
1.11,1.457,9.831
0.148,1.115,9.659
0.947,1.44,9.659
0.938,1.459,9.57
1.44,1.902,9.58
1.01,1.677,9.728
0.72,1.443,9.822
0.912,1.184,9.817
1.244,1.794,9.845
0.744,1.67,9.872
1.101,1.562,9.898
0.959,1.515,9.786
0.857,1.495,9.728
0.581,1.694,9.7
0.495,1.302,9.836
1.27,1.629,9.731
1.443,1.72,9.633
0.895,1.998,9.793
0.933,1.605,9.862
0.639,1.503,9.745
0.708,1.385,9.659
1.261,1.337,9.647
1.357,1.869,9.944
1.163,1.835,9.908
0.727,1.247,9.604
0.579,1.567,9.573
0.732,1.637,9.831
1.002,1.211,9.676
1.093,1.967,9.788
1.629,1.809,9.702
1.397,1.67,9.546
0.892,1.785,9.781
0.78,1.459,9.824
1.266,1.237,9.75
1.421,1.766,9.506
0.924,2.696,9.704
1.148,2.153,9.886
0.593,1.419,8.896
2.103,1.593,11.233
2.627,1.567,10.31
0.179,0.797,9.111
-0.297,0.471,9.733
0.481,2.11,9.987
1.158,2.12,9.755
1.17,1.603,9.625
0.672,1.653,9.621
0.981,1.357,9.738
1.321,2.158,9.85
1.34,1.536,9.771
0.668,1.675,9.597
0.526,2.101,9.944
1.12,1.354,9.929
1.773,1.101,9.7
0.577,1.048,9.384
-0.239,2.852,9.759
0.66,2.074,9.898
1.591,2.565,9.668
1.799,2.189,9.719
1.079,1.467,9.424
0.316,2.127,9.527
0.926,2.146,9.762
1.572,2.007,9.719
1.675,1.869,9.587
1.512,1.711,9.676
0.648,1.081,9.568
0.581,2.125,9.726
0.952,1.981,9.719
1.273,2.22,9.508
0.773,2.641,9.649
1.041,2.491,9.683
2.127,2.278,9.63
2.027,2.024,9.506
0.089,1.888,9.623
0.715,1.95,9.51
2.981,2.744,9.695
1.426,2.22,9.453
0.816,2.283,9.42
2.383,2.086,9.434
2.907,2.594,9.398
1.287,2.223,9.601
2.127,2.809,9.659
2.019,1.991,9.398
1.392,2.077,9.683
2.048,1.878,9.391
0.675,2.113,9.671
2.055,2.105,9.333
2.287,2.445,9.415
2.172,2.424,9.515
0.775,2.806,9.683
2.278,2.232,9.307
2.07,1.995,9.353
0.593,2.512,9.647
0.938,2.113,9.408
0.935,2.529,9.463
2.17,2.421,9.377
1.988,2.472,9.451
2.309,3.127,9.243
3.07,3.017,9.14
2.878,2.682,9.125
1.842,3.144,9.305
2.412,2.945,9.494
2.23,3.098,9.46
1.94,3.5,9.326
1.022,3.342,9.135
1.811,3.079,9.209
2.617,3.043,9.307
1.83,2.823,9.298
1.182,2.579,9.247
1.572,2.273,9.635
1.586,2.857,9.865
4.165,2.182,9.056
1.778,2.675,9.254
1.538,2.058,9.439
2.797,2.452,9.247
2.149,2.299,9.104
2.61,2.986,9.556
2.445,3.031,9.381
0.215,2.713,9.29
2.318,2.565,9.403
2.617,2.62,9.427
3.113,2.579,9.357
1.529,3.371,9.209
1.077,3.022,9.353
2.194,2.661,9.353
2.761,2.534,9.46
2.06,2.558,9.355
1.474,2.311,9.245
1.397,2.428,9.35
1.323,2.084,9.307
2.522,2.127,9.501
2.251,2.067,9.47
1.914,2.68,9.391
2.409,2.546,9.135
2.168,2.802,9.403
2.414,2.567,9.377
2.792,2.474,9.683
1.833,1.988,9.02
1.778,2.68,9.508
1.5,2.378,9.527
2.46,2.314,9.343
2.436,1.995,9.247
0.309,1.976,9.398
1.861,2.783,9.63
2.428,2.897,9.396
1.352,2.761,9.307
1.912,2.737,9.534
1.668,2.78,9.444
2.134,2.072,9.415
1.902,1.916,9.348
2.091,1.976,9.482
1.727,2.074,9.446
2.015,2.082,9.618
1.694,2.17,9.453
2.498,2.208,9.31
2.907,2.397,9.388
1.845,2.199,9.336
1.955,2.158,9.353
2.151,1.926,9.769
2.522,2.809,9.566
1.692,2.034,9.3
1.33,1.835,9.7
1.048,2.596,9.678
1.158,1.593,9.747
1.196,2.158,9.563
1.146,2.105,9.551
1.854,1.811,9.422
2.373,1.402,9.436
1.462,2.201,9.781
1.443,2.304,9.628
0.715,2.517,9.503
1.914,2.838,9.549
1.826,1.388,9.353
1.835,2.39,9.57
1.084,2.505,9.719
0.938,2.278,9.592
1.919,3.797,9.716
0.84,3.096,8.905
3.342,2.225,9.063
3.811,2.287,9.166
-0.507,1.61,9.494
-0.601,2.218,9.841
-0.246,2.723,9.635
2.491,2.806,9.685
1.474,3.613,8.855
5.058,8.544,8.396
3.223,0.502,9.738
2.153,3.424,9.987
0.718,2.761,8.836
0.627,1.646,8.742
0.94,0.909,9.448
1.756,0.242,9.695
2.105,2.146,9.755
-0.287,3.637,9.802
2.806,2.728,9.575
1.677,0.976,8.831
1.366,3.34,9.618
0.749,2.869,9.599
-0.431,2.369,9.396
1.005,2.725,9.601
1.864,2.692,9.324
1.842,3.065,9.441
1.534,3.199,9.46
1.206,3.216,9.484
0.78,3.177,9.501
1.311,2.582,9.534
1.414,2.859,9.542
1.314,2.969,9.453
1.541,2.933,9.396
1.629,3.342,9.53
1.048,1.146,5.623
2.663,1.426,9.417
-0.555,3.508,9.647
0.804,3.247,5.9
2.907,3.472,9.439
2.46,2.402,9.544
1.297,1.651,9.444
-1.11,2.888,9.41
1.89,2.876,9.566
1.904,2.689,9.575
1.809,1.89,9.436
3.551,1.275,9.075
2.031,2.601,9.455
1.16,3.228,9.771
1.991,1.749,9.326
1.239,2.572,9.513
1.448,2.275,9.4
1.562,2.646,9.499
0.938,2.462,9.625
1.498,2.172,9.41
1.828,2.495,9.484
0.55,2.44,9.671
1.328,2.342,9.532
2.065,2.452,9.432
1.665,2.328,9.475
1.266,2.029,9.46
0.613,2.663,9.668
1.261,2.584,9.341
1.201,3.055,9.176
2.687,1.873,8.987
2.409,3.685,9.817
4.29,1.921,8.929
2.816,0.998,9.015
1.232,1.352,9.207
2.094,2.577,9.661
2.699,2.572,9.243
2.72,2.584,9.19
2.292,2.888,9.484
2.144,2.842,9.47
2.57,2.763,9.338
2.72,2.594,9.202
2.402,2.517,9.362
2.055,2.385,9.451
2.113,2.141,9.269
2.486,2.345,9.235
2.498,2.481,9.233
2.39,2.483,9.345
2.519,2.512,9.393
2.74,2.539,9.281
2.754,2.536,9.362
2.376,2.132,9.374
2.275,2.182,9.494
2.476,2.541,9.635
2.503,2.682,9.678
2.35,2.483,9.57
2.388,1.921,9.417
2.23,1.333,9.039
2.134,1.304,8.876
2.768,1.773,8.821
3.268,1.895,8.826
3.043,2.182,9.015
2.488,2.661,9.336
2.692,3.132,9.386
3.481,3.589,9.101
3.929,3.649,8.668
2.952,4.0,9.061
2.46,2.448,9.343
2.668,0.242,8.809
3.103,1.093,8.367
3.163,3.299,9.042
3.113,3.773,8.943
2.673,3.469,9.637
2.302,2.931,13.157
3.311,9.398,4.493
1.306,-5.094,3.598
3.005,11.922,12.257
3.017,5.584,6.809
3.431,2.615,8.12
2.763,1.694,8.494
2.292,1.66,8.702
3.4,3.29,8.769
5.319,3.661,8.183
4.895,3.34,8.637
3.78,3.328,9.391
4.053,2.728,9.563
3.668,2.637,9.503
3.677,2.809,8.484
3.871,3.247,9.061
3.706,3.141,9.408
3.649,2.737,8.865
3.369,1.457,8.321
2.847,0.782,8.522
-0.601,-0.51,9.664
3.108,-1.06,8.625
3.625,-0.964,8.171
3.749,0.577,8.257
4.125,1.596,7.049
3.618,2.084,6.367
3.362,2.594,6.06
4.254,3.764,6.879
5.156,5.268,6.721
4.9,5.154,5.558
4.759,4.122,4.529
5.41,4.795,4.869
6.292,5.783,5.371
6.891,7.446,5.936
5.891,7.783,4.601
4.843,8.431,3.589
4.539,8.912,4.132
5.223,9.869,4.563
4.912,8.766,4.445
4.677,7.628,4.668
4.433,8.187,4.938
4.929,8.872,4.596
4.311,9.068,5.032
3.156,12.305,8.384
3.34,6.74,6.053
4.02,6.671,5.56
4.072,7.063,6.029
4.407,4.575,6.118
3.651,3.512,7.266
4.165,7.017,6.271
4.567,12.805,11.056
5.103,15.655,11.602
3.536,-4.218,3.29
5.02,6.137,3.448
4.295,4.517,7.529
5.56,4.031,6.101
6.185,5.577,5.496
5.134,7.604,6.242
4.587,6.69,7.415
4.721,5.816,7.474
4.898,4.331,7.611
4.331,6.556,7.326
4.053,6.07,7.161
4.395,5.967,6.709
4.235,6.168,6.797
3.948,5.266,6.383
4.802,4.369,6.147
4.962,5.213,5.591
4.266,7.309,5.943
4.089,7.659,7.137
4.438,6.4,7.733
4.326,5.115,7.616
4.333,4.252,6.304
4.354,4.455,5.517
4.374,6.812,5.898
4.742,7.199,7.144
4.534,5.661,6.202
4.055,4.424,5.28
3.649,5.24,5.505
3.783,6.312,6.618
3.797,4.343,6.4
3.74,4.455,7.458
3.567,6.039,7.496
3.905,3.95,6.369
4.661,5.926,6.905
4.345,5.477,6.812
4.759,4.225,6.773
4.835,5.974,7.302
4.807,7.206,7.443
4.237,8.422,7.443
4.249,7.948,7.355
4.354,6.941,6.699
3.857,6.127,6.651
4.063,4.493,7.479
3.972,4.256,7.852
4.07,3.821,7.19
3.809,4.247,6.773
3.515,4.644,7.295
3.548,5.603,8.049
3.831,6.97,8.24
3.199,9.4,8.168
3.441,9.391,6.905
4.898,6.982,5.544
5.484,5.962,6.649
5.414,5.139,8.037
4.35,1.299,9.35
4.455,-3.388,10.496
4.541,0.105,12.614
4.716,3.484,2.373
5.228,13.628,12.324
3.534,4.692,12.219
1.548,-5.02,8.876
0.431,-8.766,6.548
2.125,7.187,7.345
1.876,4.113,8.85
2.321,1.838,8.97
2.766,1.768,8.984
3.374,2.134,9.558
3.558,2.364,9.558
4.192,2.378,9.532
3.804,2.505,9.357
3.933,2.373,9.281
3.735,2.735,8.979
3.718,3.539,8.831
3.388,4.189,8.479
3.299,3.831,8.238
3.438,3.886,8.264
3.51,4.185,8.364
3.137,4.63,8.451
3.223,4.477,8.51
3.476,4.57,8.862
3.546,4.539,7.958
3.357,4.266,7.747
3.472,4.855,7.513
3.232,5.127,7.709
2.847,4.8,7.62
2.773,4.295,8.025
2.847,4.07,8.008
3.048,3.924,8.128
3.065,4.505,8.604
3.199,4.867,8.608
3.582,4.488,8.219
3.273,4.304,7.862
2.862,4.649,7.86
2.759,4.84,8.278
2.78,5.142,8.453
2.622,5.06,8.455
2.603,4.835,7.668
2.804,4.237,7.431
2.95,4.469,7.458
2.706,4.271,7.458
2.878,4.216,7.364
3.122,4.484,7.307
2.95,4.161,7.094
2.883,4.357,8.039
2.864,4.424,9.372
2.814,2.795,8.664
3.098,2.62,7.537
4.194,2.529,8.675
5.111,3.342,10.025
4.852,3.256,8.998
4.39,4.089,7.671
4.864,5.213,6.915
6.008,7.017,7.97
4.962,0.849,7.264
5.02,3.642,8.381
4.991,3.768,7.795
4.52,3.67,7.273
4.347,3.67,7.47
4.898,4.221,8.118
5.469,5.185,10.46
5.412,4.472,10.075
4.821,4.283,7.197
5.455,1.196,6.192
6.02,0.514,7.23
5.656,4.369,8.455
4.965,5.089,6.809
5.39,4.127,5.989
6.06,4.292,7.35
5.613,4.658,7.161
5.386,4.015,7.362
5.431,3.452,6.393
6.137,2.184,7.35
6.137,4.075,8.68
5.745,5.254,7.534
5.048,4.637,5.149
5.754,5.247,4.505
5.374,5.077,4.938
5.295,3.933,6.003
4.876,2.342,7.099
5.352,0.074,6.766
5.386,-0.33,7.269
5.821,1.299,7.836
5.491,2.62,6.415
5.278,2.371,3.74
6.453,-0.089,8.333
4.28,-3.196,6.3
5.364,1.359,10.599
4.84,2.862,11.779
6.053,1.57,10.042
6.522,1.902,9.51
6.424,1.247,8.262
5.998,0.883,7.568
5.182,0.067,7.326
4.003,0.67,8.152
4.321,0.517,10.793
4.299,-0.002,9.288
5.032,-1.026,9.482
5.91,-2.591,10.097
6.192,0.225,9.668
6.161,0.703,7.252
6.326,-1.845,6.647
5.323,1.0,8.472
3.89,2.357,10.611
4.383,-1.273,9.436
5.867,-4.331,6.202
5.546,-1.921,6.252
4.433,2.689,7.967
4.622,1.278,8.216
5.166,-1.756,7.486
5.441,-0.632,8.02
4.814,-0.325,8.577
4.654,2.223,9.654
4.878,-0.703,8.309
5.19,-1.653,7.427
6.745,-1.345,9.008
6.936,-3.218,8.699
6.735,-2.503,8.037
6.092,-3.658,7.135
4.335,-1.761,10.769
1.715,2.895,15.456
2.862,0.536,7.764
8.788,-4.668,2.122
6.608,-2.909,5.237
3.101,-0.945,9.199
4.95,0.682,9.3
5.936,-1.129,7.563
6.604,-3.359,6.127
6.68,-4.548,8.379
4.709,-3.079,7.754
5.771,-2.57,8.443
5.312,-3.074,8.616
2.998,-3.618,12.169
-0.577,4.51,12.709
2.591,-1.562,6.551
7.517,-4.352,4.333
5.766,-4.567,7.836
5.326,-3.364,9.381
5.804,-1.672,7.958
4.945,-0.9,6.448
4.536,-3.295,8.939
4.039,-5.371,8.623
4.39,-4.991,2.948
1.462,3.699,11.137
0.065,-0.388,11.276
6.252,-5.986,8.046
5.28,-4.587,8.573
5.831,0.562,10.168
5.907,2.625,12.951
4.74,1.22,11.582
4.488,1.904,10.597
4.118,2.189,10.391
3.819,1.993,8.092
3.651,0.251,5.757
3.115,-2.117,4.008
2.07,-2.677,7.594
1.558,0.804,10.757
1.002,1.28,10.925
1.017,-0.878,5.991
0.354,-5.568,3.232
-0.892,-8.515,6.582
0.127,-8.116,9.29
0.782,-3.687,12.228
1.18,-2.237,11.733
0.974,-4.031,9.487
0.304,-5.596,9.262
0.883,-3.974,10.374
1.763,-2.187,10.709
2.275,-1.613,10.671
2.251,-1.586,10.561
2.115,-2.371,10.109
1.648,-3.101,9.101
0.337,-2.802,8.13
1.12,-1.369,8.652
0.857,-0.629,8.467
0.423,-0.488,8.187
-0.443,-0.849,7.699
-1.182,-0.361,6.649
-1.481,0.519,5.474
-1.436,-0.378,4.383
-1.098,-1.603,3.548
-2.038,-3.204,4.036
-4.419,-4.465,4.764
-3.816,-2.402,7.455
-5.926,-3.35,7.266
-7.592,-3.979,7.482
-8.209,-4.938,8.532
-10.353,-5.221,6.094
-9.944,-4.343,4.551
-11.039,-5.924,4.936
-10.68,-5.948,4.95
-11.245,-7.312,5.922
-11.446,-6.092,4.728
-10.843,-7.003,5.599
-10.29,-8.975,5.948
-10.302,-7.422,5.759
-9.211,-5.139,6.962
-8.606,-4.917,6.685
-7.762,-4.589,5.431
-6.084,-4.067,4.024
-6.84,-4.247,3.833
-9.211,-2.73,4.252
-8.862,-4.321,4.297
-8.147,-5.029,4.424
-8.285,-4.405,5.056
-7.025,-3.558,3.869
-5.883,-4.209,2.974
-6.415,-5.173,3.833
-8.168,-4.582,4.644
-8.893,-3.845,4.89
-7.147,-4.063,3.24
-7.41,-5.699,3.208
-7.29,-6.948,2.871
-7.757,-7.666,4.467
-6.386,-9.132,4.4
-6.986,-10.015,3.85
-8.496,-10.389,3.412
-10.735,-12.248,3.723
-11.846,-12.985,4.63
-10.226,-13.142,3.129
-10.807,-13.456,3.319
-11.499,-14.09,3.381
-10.477,-14.712,3.807
-10.09,-15.805,3.627
-8.671,-16.198,2.751
-8.125,-15.58,2.603
-5.565,-13.977,2.299
-5.618,-15.08,2.268
-4.74,-12.712,2.924
-1.634,-12.039,2.622
-3.388,-13.422,5.199
-0.885,-11.293,5.328
1.577,-13.851,2.83
-0.031,-9.807,4.443
1.443,-7.443,7.096
0.273,-6.924,6.47
3.512,-2.85,5.752
9.487,-3.168,6.343
7.295,-3.378,0.634
6.886,2.378,-0.617
11.008,7.295,-0.732
9.173,11.824,-2.833
-1.122,6.843,-3.797
-0.5,3.11,-1.364
-4.034,5.381,3.639
-6.994,8.118,12.681
-7.321,3.845,12.116
-3.632,4.065,10.489
1.804,0.955,14.745
-3.96,3.22,11.41
6.46,6.254,11.494
12.231,0.825,5.075
6.338,-4.154,9.967
8.513,0.83,9.317
10.171,8.608,11.965
-8.735,6.989,4.113
8.436,5.216,11.669
8.25,3.101,7.881
7.388,-0.952,7.159
1.986,-3.694,9.999
-6.345,1.18,15.133
-0.959,1.895,14.705
-1.909,-8.108,5.807
2.689,-9.644,2.371
-1.019,-4.721,4.532
-0.589,-0.555,7.02
-1.079,-1.469,11.051
-0.211,3.173,10.781
5.02,-8.408,7.79
-2.017,-2.675,13.174
3.46,3.34,11.398
1.136,-0.206,11.147
4.544,1.596,11.451
-3.503,-2.895,6.903
1.778,-2.775,6.833
-0.857,-3.912,7.285
-0.29,-2.589,10.173
1.448,-2.172,9.582
0.919,-2.95,11.786
-1.146,-1.957,8.135
6.862,-2.476,8.853
-3.156,-1.215,12.819
-0.89,2.053,9.833
2.407,-4.603,7.972
3.409,-7.529,11.728
1.182,-1.136,11.97
1.211,0.579,10.434
2.723,-0.431,9.314
-1.536,0.974,10.329
-0.811,-2.28,7.192
2.909,-5.795,4.017
1.208,-3.565,7.113
1.687,-1.546,4.527
0.5,-1.22,5.06
1.797,-0.335,5.627
0.859,-0.744,7.142
2.251,2.512,6.125
-0.055,1.747,5.943
-0.11,-1.881,5.06
-0.924,-3.972,6.941
1.017,-4.311,6.651
-2.606,-9.63,6.867
-0.811,-0.756,14.114
-2.156,-1.194,14.937
3.287,-4.031,9.714
4.199,-8.903,8.551
8.807,-2.567,9.96
5.623,0.557,11.157
-4.307,-7.465,11.013
-8.278,-7.257,16.815
-2.424,-8.257,14.03
3.287,-3.821,9.104
-1.474,-8.675,11.905
-3.252,-9.661,14.037
-0.084,-3.79,16.645
-0.825,-1.213,14.755
-0.077,-6.489,10.003
0.364,-8.75,9.91
-1.002,-6.486,11.676
-0.775,-7.127,11.066
-1.55,-4.991,10.738
-1.572,-4.835,8.455
1.043,-3.589,7.673
0.412,-2.704,8.539
1.742,-3.211,7.809
1.665,-2.194,6.544
0.347,-1.297,6.271
1.433,-1.931,4.541
1.017,-0.531,4.515
1.495,1.0,6.625
0.959,-0.091,3.948
0.11,-1.991,1.83
1.378,-1.742,2.357
1.682,-0.22,5.209
0.754,1.991,7.431
0.995,-1.845,5.608
-0.268,-5.146,7.85
-0.211,-2.713,8.996
-0.301,-3.077,11.169
0.553,-6.034,12.822
6.9,-8.123,7.721
9.781,-7.381,8.766
6.919,-2.991,13.209
0.687,-1.345,14.286
-4.814,-8.235,14.303
-4.283,-6.776,12.932
-0.945,-7.757,11.274
3.486,-6.374,10.659
-0.053,-6.046,13.42
-3.397,-5.57,14.858
0.261,-2.05,14.702
1.639,-5.436,11.468
0.115,-5.651,12.434
0.732,-6.604,9.499
0.325,-8.221,9.4
1.689,-5.438,10.712
2.232,-4.388,9.046
0.187,-5.941,9.381
1.749,-5.383,9.778
3.352,-3.438,9.166
2.003,-4.785,8.553
2.558,-2.5,8.364
0.639,-4.371,6.845
2.005,-2.981,6.367
2.67,-2.448,4.79
1.51,-2.038,2.962
0.711,-2.625,4.491
2.409,-0.622,5.639
3.596,-0.476,5.288
4.424,-2.495,3.137
2.656,-1.759,3.015
0.553,0.199,5.204
0.569,0.136,6.127
-0.227,-5.237,4.816
0.586,-6.364,6.852
1.84,-6.352,11.724
6.163,-3.594,13.403
8.149,-4.591,13.233
6.362,-7.989,11.63
4.599,-3.208,11.338
-1.163,-2.967,14.561
-2.943,-6.443,12.721
-3.103,-6.984,12.085
1.421,-4.929,12.09
5.694,-6.84,8.573
1.723,-9.518,9.006
-1.012,-8.69,12.494
0.033,-2.321,12.341
0.349,-2.914,11.09
1.692,-7.462,7.113
1.682,-10.176,8.073
3.347,-5.938,10.697
4.235,-6.924,10.302
1.751,-8.214,8.46
1.335,-7.57,8.472
1.617,-5.474,8.195
1.601,-4.505,8.441
1.967,-2.716,8.046
1.893,-2.294,6.692
2.187,-2.287,4.187
2.998,-1.634,4.345
2.55,0.081,4.771
1.995,-0.699,4.759
2.96,-3.321,3.003
3.383,-3.668,3.565
3.768,-0.912,4.752
2.345,-0.524,5.407
1.84,-3.464,4.56
2.785,-4.079,5.259
3.18,-4.319,6.948
2.577,-6.056,7.695
2.256,-7.125,9.709
2.402,-6.654,12.157
5.367,-4.477,12.556
7.235,-2.907,12.121
5.472,-3.031,10.243
3.993,-2.531,9.192
0.627,-2.596,10.654
0.474,-4.043,10.647
-0.203,-8.068,9.874
2.845,-5.697,7.575
1.821,-2.907,8.776
3.376,-3.115,9.664
1.215,-4.816,10.396
0.34,-4.398,10.802
0.572,-2.29,9.996
2.105,-0.356,11.35
2.749,1.342,10.74
2.115,0.067,10.762
3.23,-0.108,11.865
1.27,3.771,8.295
1.373,2.84,8.467
1.22,-0.084,6.989
-0.211,-0.426,10.369
-2.342,-4.84,12.537
0.615,-5.199,10.968
2.091,-5.934,13.561
0.876,-8.448,5.508
4.728,-10.398,-7.183
-4.666,-6.855,-10.262
-19.138,3.893,-3.129
-15.915,4.986,0.943
-6.34,-6.013,-8.862
-16.305,6.034,-6.278
-16.786,5.06,-0.94
-12.977,1.668,1.302
-13.896,-1.215,0.632
-16.126,-4.95,-1.55
-19.086,-4.295,-3.084
-16.521,-0.998,-0.567
-9.606,9.661,1.778
-19.1,-8.51,-6.259
-16.767,-4.352,-16.705
-20.27,-14.786,-15.679
-28.89,-30.146,-26.692
-19.488,-25.369,-15.616
-24.467,-14.47,-17.143
-30.094,-16.459,-3.374
-31.73,-15.59,1.091
-26.361,-24.242,7.501
-34.424,-19.322,13.078
-35.374,-18.98,1.799
-23.931,-8.884,12.894
-16.638,-10.661,6.623
-11.803,-4.838,10.546
-18.693,2.869,3.701
-18.468,1.895,1.565
-13.418,2.079,-1.505
-5.788,9.3,6.149
-8.149,9.984,8.132
-11.941,11.745,10.819
-28.441,13.611,13.922
-23.402,-0.459,8.565
-25.117,6.106,6.362
-23.076,0.287,5.036
-22.11,-1.189,6.541
-20.232,5.35,7.132
-18.42,4.07,3.936
-19.373,-2.445,1.605
-18.913,-4.632,0.16
-16.899,-5.651,-1.215
-16.868,-7.238,0.337
-17.825,-5.259,-1.11
-17.571,-3.862,-5.438
-17.995,-4.974,-11.556
-19.148,-6.412,-16.863
-17.763,-1.187,-19.078
-16.114,4.883,-9.769
-14.865,6.718,-6.8
-19.863,10.446,0.67
-21.509,19.102,2.682
-22.27,16.136,11.405
-25.005,18.741,22.136
-24.112,27.771,34.185
-16.784,0.713,16.102
-14.351,-2.673,14.722
-10.659,-1.251,12.525
-6.434,-5.477,14.006
2.775,-8.116,6.766
1.242,-6.694,7.58
-0.675,-3.603,11.571
-6.099,-4.197,17.772
-4.692,-3.376,13.889
-1.297,-0.737,11.8
-0.105,-6.381,11.463
0.335,-3.797,11.066
0.29,-0.924,6.867
-4.969,-2.929,11.264
-4.204,-3.74,8.453
0.371,-4.005,7.484
2.132,-2.469,7.159
0.825,-2.486,8.707
0.947,-3.876,8.745
-0.383,-4.768,7.998
1.302,-5.02,3.089
0.859,-4.06,6.106
1.838,-4.089,7.462
0.895,-3.972,6.824
-0.081,-3.445,3.089
0.49,-4.661,5.51
0.392,-3.436,4.991
0.218,-4.364,6.716
0.412,-4.393,7.252
-0.799,-4.474,7.297
0.385,-5.005,5.201
-1.345,-6.84,6.824
0.428,-3.259,7.479
-0.471,-4.354,9.412
-1.428,-6.041,6.544
-0.189,-11.506,6.814
-0.462,-13.851,2.263
-1.244,-11.152,-5.032
-7.63,-7.35,-6.831
-14.221,-4.075,-1.462
-13.906,-9.752,-0.055
-10.058,-3.235,-2.938
-18.751,-2.366,-3.445
-17.351,2.17,-7.814
-13.822,1.299,-8.862
-10.915,11.681,-6.953
-24.837,18.205,-0.435
-15.892,23.995,2.467
-4.469,-28.826,-7.771
-31.79,-9.764,-21.904
-56.125,-17.207,-28.61
-19.645,-43.6,-16.114
-36.472,-19.583,-10.264
-15.911,-5.333,7.864
-63.592,-27.072,-15.092
-17.432,-11.334,1.06
-39.344,-11.109,-15.772
-6.273,-20.686,0.215
-34.697,-19.552,-2.945
-19.741,1.696,-3.4
-26.933,-8.283,-1.838
-25.28,-19.392,-3.976
-13.597,-6.699,0.084
-14.205,-5.053,2.46
-9.625,0.639,5.558
-19.488,9.331,2.019
-3.498,6.838,-0.483
-13.994,9.412,9.027
-5.486,16.968,2.393
-0.706,13.884,3.716
-11.437,12.09,3.847
-17.081,3.015,6.508
-17.172,1.782,5.651
-16.808,4.18,10.472
-19.626,7.896,10.85
-18.186,1.648,10.494
-15.205,8.022,11.439
-13.831,8.52,10.987
-13.391,6.19,8.345
-14.473,2.208,4.828
-14.088,4.424,2.751
-13.666,10.994,3.247
-13.243,9.08,-1.395
-11.685,1.017,-5.934
-10.602,-7.168,-7.12
-14.743,-12.999,-7.443
-29.244,-9.453,-9.221
-34.243,-11.659,-16.413
-37.343,-5.797,-4.034
-38.87,11.293,5.034
-20.385,30.73,1.79
-4.288,38.779,7.01
-7.391,10.456,10.898
-24.89,12.929,20.698
-23.751,15.301,21.071
-14.291,0.318,17.076
-17.763,-9.372,25.237
-18.437,-7.549,14.48
-9.094,-5.429,11.35
-11.372,-8.219,11.008
1.814,0.282,10.346
1.165,-1.613,10.968
-4.472,-0.931,14.949
-3.304,-2.881,13.882
1.364,-4.211,12.221
1.517,-6.383,11.082
-0.766,-3.529,10.58
2.567,1.414,12.24
-1.732,-2.507,9.563
-2.065,-5.309,6.663
-3.393,-6.077,6.336
0.679,-2.431,9.008
1.94,1.043,10.357
-1.287,-0.036,9.752
-1.503,-2.517,7.307
1.835,-4.02,7.245
1.548,-5.383,6.436
1.127,-3.749,5.718
0.727,-4.177,6.266
1.014,-4.622,5.943
0.95,-5.804,6.295
-0.471,-4.388,6.63
1.036,-3.022,6.51
0.534,-3.4,7.52
0.285,-0.928,6.41
0.239,-2.718,7.12
-0.773,-3.969,6.259
-0.512,-4.309,5.845
-0.632,-4.398,5.204
-0.974,-0.256,7.075
-2.495,-1.163,10.561
-2.213,-2.067,10.795
-2.101,-5.343,12.769
-2.395,-5.764,11.341
-1.543,-5.804,10.044
-0.541,-11.549,4.792
-0.38,-13.319,-2.505
-5.345,-8.821,-8.247
-14.963,-5.697,-5.711
-24.038,-9.24,-2.086
-18.258,-14.767,-2.137
-19.531,-7.855,-6.831
-15.521,2.091,-3.742
-17.999,9.025,-6.147
-17.925,6.678,-10.977
-25.419,20.899,-1.22
-18.667,12.975,2.019
-43.069,-30.584,-12.236
-41.992,-0.435,-12.523
-20.435,-40.82,-14.714
-40.966,-13.169,3.957
-37.296,-1.794,0.746
-26.007,-11.068,-3.012
-28.639,-17.327,-7.45
-28.398,0.749,-10.929
-15.707,-20.213,2.763
-11.482,-2.263,3.74
-37.463,-0.981,-7.312
-18.923,-8.69,-9.733
-16.786,-16.437,-3.618
-13.595,-8.695,5.785
-13.513,-10.58,-4.065
-12.197,5.407,-1.182
-7.159,5.194,0.227
-10.235,1.474,0.218
-10.061,5.568,-1.026
-8.853,10.551,2.847
-6.316,10.563,3.665
-5.134,7.443,5.13
-10.051,12.2,6.599
-8.417,12.135,6.314
-13.394,10.161,8.029
-13.743,2.287,9.3
-14.937,3.323,8.128
-13.805,4.221,8.616
-12.075,4.381,8.814
-11.652,4.74,9.814
-11.298,6.403,9.762
-10.346,8.532,9.367
-8.79,4.773,5.484
-10.113,0.907,3.567
-11.673,-1.034,3.003
-12.315,-0.845,4.228
-12.721,-1.414,4.11
-16.27,0.211,2.127
-22.617,0.249,-1.158
-24.89,0.237,-6.649
-23.201,1.177,-8.948
-25.144,1.263,-8.108
-26.866,2.936,-1.593
-22.215,20.227,8.266
-4.725,19.038,6.965
-11.049,9.458,1.84
-21.048,8.46,5.534
-20.26,18.959,19.885
-15.585,16.808,20.782
-21.22,-0.775,18.368
-11.614,-1.577,21.552
-10.386,0.383,23.397
-11.154,-7.57,14.473
2.271,0.292,10.621
0.593,0.526,10.314
-1.931,-4.465,9.932
-4.697,-4.61,11.489
0.907,-1.921,9.271
3.031,-3.869,12.836
0.366,-4.012,14.942
1.282,-5.101,11.537
-1.074,-6.417,9.747
0.263,-7.123,6.352
0.184,-3.962,8.214
-1.239,-0.285,9.855
0.05,-1.581,8.106
1.562,-4.048,5.312
0.325,-4.989,6.403
0.701,-2.747,6.857
1.34,-4.003,7.888
2.079,-3.558,6.204
1.194,-6.06,6.783
0.809,-7.491,5.661
0.179,-6.948,6.627
-0.335,-4.455,7.845
1.584,-3.905,6.883
1.01,-3.988,8.135
0.562,-5.869,8.379
0.727,-6.754,6.422
-0.167,-4.048,7.039
0.924,-6.752,6.623
-0.555,-5.852,6.917
-0.414,-5.113,6.998
-0.022,-5.706,6.257
-0.268,-5.764,6.907
-1.596,-5.816,7.984
-1.172,-6.611,7.546
0.581,-6.742,7.63
-0.534,-7.151,4.065
-1.488,-7.001,-1.562
-3.053,-2.902,-2.62
-11.128,-6.225,-3.965
-13.693,-7.276,-5.455
-16.538,-0.376,-2.67
-15.088,5.792,-1.971
-14.97,7.644,-4.232
-11.831,7.673,-2.711
-13.451,5.776,-6.039
-21.299,10.891,-5.776
-21.622,-1.486,-4.314
-22.39,-16.978,-9.544
-39.793,-13.305,-17.87
-23.61,-31.027,-20.021
-35.692,-26.455,-4.883
-19.739,-2.806,-10.2
-37.87,-8.769,-9.008
-33.551,-2.732,-3.086
-38.43,-24.876,-1.081
-22.074,-23.88,-4.407
-24.115,-11.53,-13.078
-25.51,-26.921,-1.524
-20.892,-13.513,6.666
-11.303,-13.274,2.974
-10.398,-9.537,4.699
-10.137,-2.795,-1.708
-12.937,-2.28,-3.63
-10.465,-1.586,-8.293
-10.865,-0.17,-2.531
-6.249,-1.373,-0.158
-8.405,2.005,0.579
-9.116,3.012,0.787
-10.319,5.103,4.096
-10.42,5.398,0.431
-9.4,3.67,1.053
-8.824,8.166,2.273
-9.082,4.376,5.718
-14.631,-6.348,6.548
-15.425,1.57,5.201
-17.719,3.462,8.687
-12.693,1.873,6.946
-14.681,1.785,9.391
-17.401,-2.799,8.312
-21.256,-6.773,4.989
-21.368,-7.898,0.72
-20.007,-5.867,-4.412
-14.858,-5.869,-11.185
-9.845,-3.445,-12.453
-8.807,-1.0,-11.475
-7.596,-0.988,-10.642
-6.604,-0.211,-8.687
-8.087,2.969,-4.802
-7.733,4.718,-3.931
-7.419,2.189,-4.517
-10.087,1.036,-3.491
-13.185,2.345,-1.924
-14.879,5.484,-0.512
-17.954,11.365,0.096
-17.834,11.216,2.117
-14.58,8.195,2.024
-14.119,5.924,7.01
-13.851,4.295,7.989
-11.104,1.849,13.04
-4.78,-0.392,16.576
-5.922,-0.132,14.143
-7.278,-2.577,5.831
0.598,-2.172,8.14
-2.204,-5.474,7.441
-2.5,-5.347,7.604
-3.996,-3.039,10.862
-1.562,-4.271,12.004
0.345,-6.9,11.867
-1.314,-4.919,12.367
-2.747,-4.534,9.432
-2.16,-4.398,8.173
-1.861,-5.589,11.061
-1.61,-1.802,13.396
0.4,-3.637,12.372
0.871,-3.263,9.07
-0.223,-6.434,7.374
1.567,-4.867,7.017
0.711,-4.094,7.618
1.558,-5.367,6.62
0.328,-7.446,6.455
1.718,-3.852,7.02
-0.419,-6.328,7.178
-0.742,-3.9,6.608
0.835,-4.558,5.137
0.617,-5.489,6.728
0.651,-5.56,7.561
-0.959,-5.694,6.517
-0.419,-6.584,7.364
-1.349,-6.099,7.01
-0.45,-6.271,6.862
-0.261,-6.395,7.206
-1.225,-6.714,7.053
0.577,-10.257,4.522
-0.014,-9.025,-1.314
-4.618,-4.914,-5.481
-12.121,-1.938,-2.156
-12.599,-9.58,-2.936
-13.437,-4.541,0.175
-15.743,-1.838,-0.773
-17.492,1.503,0.73
-15.772,7.149,-3.048
-14.274,4.297,-3.321
-10.243,2.409,-3.972
-16.401,13.592,-4.0
-22.019,16.849,1.337
-14.379,-5.737,-10.602
-29.221,-18.827,-14.166
-36.248,-32.214,-20.815
-30.297,-29.917,-14.762
-36.13,-15.102,-9.295
-24.658,-20.043,-6.666
-34.57,1.852,-5.725
-44.696,-7.838,-11.283
-35.743,-22.404,-0.742
-12.554,-12.7,-5.123
-36.214,-1.584,-2.223
-23.318,-14.097,2.326
-10.657,-9.767,4.754
-11.905,-7.625,1.225
-9.711,-2.244,3.819
-18.825,-2.366,-0.395
-5.338,-6.032,1.603
-13.741,-2.653,-2.079
-12.846,-0.947,0.976
-11.707,1.744,2.675
-9.845,7.541,-0.165
-6.065,9.711,2.598
-4.773,10.716,3.311
-7.515,11.929,7.104
-13.432,7.321,4.357
-13.848,9.001,8.065
-11.035,7.467,9.429
-13.111,10.056,10.317
-15.346,3.96,10.537
-16.253,3.522,11.066
-14.832,1.476,10.515
-15.377,5.065,10.989
-16.604,4.374,7.448
-16.143,0.505,3.854
-14.547,-2.316,1.775
-13.114,-3.496,0.859
-15.322,-3.886,1.306
-19.696,-3.831,1.433
-24.761,-3.101,-0.88
-26.974,-4.264,-6.336
-28.012,-6.326,-10.762
-30.266,-3.285,-11.087
-29.235,2.361,-8.802
-25.479,13.654,-0.713
-17.198,23.466,10.334
-8.879,17.77,12.956
-15.473,12.525,17.846
-23.694,-5.623,35.228
-17.447,-7.498,13.085
-17.858,-6.991,16.482
-12.609,-2.139,11.848
0.768,-2.326,12.707
3.316,-0.421,9.386
-1.515,-5.249,9.008
-3.639,-4.232,12.884
-0.467,-3.141,14.178
1.302,-3.701,13.91
3.354,-4.898,11.393
-2.795,-4.13,11.755
1.689,-0.785,10.81
-0.093,-4.087,8.908
-2.242,-3.876,8.082
-0.244,-0.476,7.709
2.017,-0.048,7.936
1.436,-3.12,7.537
-0.084,-5.094,7.9
0.345,-4.276,7.625
0.419,-3.572,7.465
0.83,-3.706,6.948
1.584,-3.261,7.331
1.598,-2.806,6.647
1.146,-2.921,7.355
0.553,-2.562,6.915
0.739,-5.737,6.405
0.11,-4.831,7.587
0.184,-3.519,8.14
0.211,-4.024,7.017
-0.869,-3.01,8.25
-0.163,-4.977,8.065
-0.531,-4.651,7.912
-0.476,-5.187,6.568
-1.864,-2.62,8.405
-1.256,-4.314,8.455
-1.148,-4.914,7.077
-1.701,-6.548,7.137
-2.567,-6.982,8.649
-1.967,-7.35,7.159
-2.536,-9.903,7.75
-2.333,-9.314,5.029
-0.804,-8.166,1.79
-2.637,-10.535,0.323
-6.757,-6.816,-1.665
-12.793,-9.946,-3.151
-15.399,-8.867,-6.005
-16.516,-2.617,-3.35
-16.155,-1.9,-7.003
-15.317,6.472,-5.663
-21.459,11.791,-4.857
-19.212,12.322,-0.754
-15.616,11.989,1.586
-35.642,-13.48,-6.501
-38.628,-13.506,-7.206
-21.356,-33.415,-17.296
-24.998,-35.965,-13.109
-23.954,0.002,-8.319
-30.984,-21.308,-12.233
-28.441,-9.444,-2.096
-33.097,-17.554,-10.156
-4.075,-23.397,-1.036
-35.748,-19.744,6.063
-22.708,-9.056,6.881
-25.206,-9.869,3.455
-11.291,-12.817,0.086
-20.079,-10.63,-6.666
-9.702,-9.893,-3.103
-12.59,-1.644,0.581
-11.123,-5.577,0.758
-7.616,0.993,-3.213
-9.848,4.204,0.22
-9.542,6.529,0.584
-11.305,9.441,3.139
-7.946,9.034,5.02
-5.149,8.742,4.941
-7.192,4.197,2.95
-10.042,3.17,4.053
-8.707,4.814,6.843
-11.039,7.862,7.915
-13.908,7.046,10.697
-13.355,6.615,11.642
-12.406,9.685,12.212
-14.133,7.934,11.992
-15.281,4.584,11.994
-14.399,4.539,10.231
-14.418,4.962,8.9
-14.544,2.864,7.407
-13.767,0.967,4.532
-12.087,-3.744,3.457
-11.582,-1.534,3.826
-13.829,1.038,3.263
-17.523,1.895,2.565
-19.717,1.036,0.498
-22.17,-0.567,-2.503
-25.629,-0.962,-6.046
-28.529,0.517,-6.967
-29.015,2.515,-10.802
-27.572,6.637,-9.781
-26.306,24.62,-2.177
-15.36,32.582,7.204
-3.156,19.511,6.986
-10.735,14.351,12.874
-14.15,9.391,14.279
-20.782,6.553,36.86
-23.588,-0.249,26.213
-12.788,-4.137,16.648
-15.284,-5.759,15.286
-1.433,1.199,7.58
2.835,-1.637,6.745
0.136,-5.505,6.709
-3.374,-7.659,8.795
-3.819,-4.189,13.666
-0.802,-2.531,15.212
1.414,-5.517,13.657
-1.036,-6.742,12.178
2.634,-1.158,4.735
-3.383,-4.472,12.803
-1.335,-3.826,11.393
0.297,-3.412,8.647
0.656,-5.273,9.398
0.062,-4.73,7.685
-0.249,-6.228,6.321
-1.048,-3.905,7.125
0.586,-3.455,8.104
1.658,-5.008,6.391
1.656,-6.596,4.46
2.024,-5.505,5.876
0.45,-6.572,6.802
-0.141,-4.57,6.075
0.89,-4.185,7.977
1.392,-5.247,8.101
0.081,-5.979,8.101
-0.268,-5.587,5.096
0.632,-5.831,8.434
-0.526,-5.168,8.262
-0.203,-6.056,5.876
-0.297,-6.702,5.943
-0.457,-6.826,5.874
-0.651,-6.922,3.639
-1.151,-9.013,4.316
-0.33,-8.061,3.732
-1.811,-5.917,6.235
-0.206,-5.233,6.666
0.739,-5.484,7.953
-0.51,-6.269,7.245
1.507,-6.225,6.843
3.708,-5.005,-0.309
-2.759,-4.855,-5.187
-10.8,0.005,-4.321
-20.256,3.565,-2.012
-17.576,4.28,-4.689
-15.078,1.761,-7.994
-17.04,2.117,-9.644
-22.014,4.357,-5.412
-23.215,-2.562,-2.658
-18.435,5.142,-5.453
-20.306,-3.51,-5.01
-28.711,-2.653,-11.075
-25.144,-14.08,-7.852
-31.848,-1.885,-7.829
-41.533,-28.39,-12.702
-20.33,-12.257,-8.752
-29.417,-0.335,-1.737
-37.858,-28.582,-21.038
-24.065,-19.624,-4.773
-32.943,-17.361,-1.409
-29.835,-16.645,-7.69
-14.114,-15.734,-0.572
-22.701,-9.202,3.701
-11.731,-10.561,-1.842
-14.638,-3.697,-1.395
-14.403,-1.737,-3.354
-11.204,-3.907,-0.349
-5.953,-2.984,-1.967
-7.616,1.266,-1.139
-11.489,4.658,3.23
-11.037,5.178,2.074
-9.893,5.024,4.941
-7.8,8.62,1.249
-9.254,3.563,1.641
-11.09,1.632,2.567
-9.202,2.33,0.995
-11.803,0.172,3.309
-15.564,1.622,1.206
-8.977,0.464,5.295
-7.833,1.184,8.288
-13.403,1.531,9.623
-17.09,0.026,10.398
-17.94,-0.55,6.627
-19.081,-3.814,2.409
-19.636,-6.166,0.416
-18.097,-4.721,-3.271
-14.509,-5.835,-7.041
-10.518,-4.417,-9.278
-7.884,-0.89,-11.561
-5.879,0.182,-10.948
-5.398,1.852,-8.374
-6.395,5.869,-4.608
-7.328,8.355,-1.912
-6.027,5.496,-1.976
-6.472,2.795,-3.058
-9.525,1.625,-3.871
-13.456,3.948,-3.493
-15.903,8.367,-3.527
-15.58,7.886,-1.007
-12.549,3.945,3.572
-11.259,4.252,8.14
-11.171,2.823,13.985
-13.954,-8.065,14.344
-3.883,-4.115,10.884
-0.969,-6.69,8.479
-5.032,-5.194,10.673
-5.213,-5.13,11.262
-2.914,-5.591,11.535
-0.347,-4.754,9.298
-1.467,-5.78,11.061
0.108,-5.862,8.987
-4.625,-7.752,10.094
-4.431,-2.759,11.068
-0.849,-1.141,9.333
0.572,-3.299,8.135
0.522,-5.357,7.259
0.55,-4.967,8.692
-1.436,-4.84,8.745
1.086,-2.744,8.317
1.68,-2.957,7.606
1.261,-4.563,8.214
0.172,-5.405,7.888
2.457,-5.276,6.644
1.278,-5.493,6.9
0.644,-4.089,5.412
-2.019,-4.656,5.67
-0.158,-3.838,8.12
-1.256,-5.869,4.979
-2.297,-7.039,6.891
-1.093,-6.032,5.07
-1.873,-7.592,8.006
-2.333,-7.628,10.451
-1.062,-7.96,9.345
-0.301,-8.477,5.785
-1.893,-10.826,-1.364
-4.486,-7.994,-1.129
-8.951,-5.249,-1.086
-11.238,-8.408,-2.857
-11.779,-6.635,-3.378
-15.147,-4.991,-2.986
-18.205,-1.613,-0.773
-12.336,6.087,-3.603
-9.929,0.696,-6.053
-12.477,10.511,0.256
-23.756,18.284,4.881
-9.92,-1.189,-4.919
-28.807,-12.673,-10.743
-32.314,-14.934,-14.116
-13.824,-27.732,-30.637
-35.154,-29.575,-13.676
-9.549,-27.06,5.058
-20.138,-2.766,7.496
-31.254,-17.739,0.854
-29.948,-25.873,-7.465
-27.907,-15.961,-8.297
-35.202,-21.957,-6.472
-26.046,-14.15,5.273
-22.351,-6.044,4.651
-17.112,-10.477,1.115
-10.709,-8.778,2.263
-15.004,-9.243,1.232
-13.36,2.515,-0.421
-16.908,4.268,3.704
-13.389,-0.036,0.703
-13.248,6.295,3.376
-11.934,11.204,2.792
-5.596,9.25,2.512
-12.011,10.13,6.522
-11.303,8.077,5.441
-17.834,12.078,6.771
-24.557,9.424,12.915
-27.271,6.958,8.826
-27.574,2.536,1.916
-21.299,-10.532,1.323
-15.157,-3.299,4.773
-13.707,4.699,7.132
-13.432,-1.196,5.307
-12.961,-3.031,4.728
-16.181,-0.156,4.323
-20.033,1.438,3.653
-22.574,-0.105,1.323
-23.746,-1.96,-4.13
-26.127,-4.407,-8.951
-28.412,-7.498,-14.961
-31.709,-6.357,-14.832
-33.776,3.479,-10.673
-27.503,21.241,1.232
-9.601,30.501,10.396
-3.24,21.631,16.085
-21.426,10.252,5.879
-17.719,10.326,10.192
-21.038,0.33,38.193
-28.773,-13.233,28.165
-20.186,-11.157,13.439
-21.057,-6.173,18.301
-7.175,2.613,17.456
-1.448,-0.031,16.095
5.496,-3.673,7.587
0.749,-6.331,14.844
-2.254,0.306,13.257
-3.153,-2.534,12.81
-0.172,-5.111,11.779
-0.304,-4.878,10.865
0.813,-1.816,7.532
-0.603,-3.005,8.226
-0.572,-4.07,8.74
-0.124,-2.137,8.987
1.158,-1.225,6.127
0.211,-3.558,5.357
-0.196,-3.567,6.613
-0.156,-2.835,6.848
-0.438,-3.773,6.615
0.39,-4.015,6.051
0.684,-4.95,7.4
1.031,-5.328,7.214
0.412,-3.35,8.053
0.854,-3.374,7.434
0.033,-3.764,7.867
-2.089,-2.096,6.771
-0.857,-5.223,7.69
-0.321,-5.661,8.02
-1.134,-5.881,7.257
-1.778,-6.321,6.907
-1.558,-7.611,6.738
-2.225,-6.673,6.647
-2.689,-5.032,7.331
-1.938,-5.996,8.187
-2.673,-5.862,9.989
-4.132,-8.623,9.283
0.036,-8.709,6.982
-3.39,-9.838,6.527
-2.606,-10.41,3.153
-1.108,-8.707,-0.51
-6.977,-7.068,-2.677
-11.695,-8.137,-2.673
-13.841,-7.211,-4.302
-13.296,-3.744,-5.68
-15.475,-0.146,-4.369
-14.705,-2.897,-6.52
-17.751,4.113,-4.264
-21.028,17.7,-4.826
-25.622,15.384,1.397
-13.353,5.752,-2.507
-33.64,-13.808,-10.63
-35.374,-11.111,-15.279
-16.183,-34.458,-17.748
-45.44,-24.51,-14.839
-18.822,-23.344,-4.701
-15.128,-6.12,-9.441
-38.164,-15.679,-8.695
-24.646,-14.903,-3.9
-28.948,-21.777,-2.864
-26.409,-12.855,0.983
-17.672,-19.404,-2.613
-24.873,-2.74,-7.139
-9.678,-8.247,-7.692
-16.356,-4.826,-1.089
-8.393,-8.185,-0.239
-10.975,-2.412,-2.74
-13.14,1.349,0.603
-11.97,0.605,-0.112
-12.736,7.357,0.557
-10.307,8.879,1.232
-10.544,10.841,3.074
-8.91,11.338,4.917
-8.537,9.276,5.761
-11.609,6.917,4.685
-12.81,8.24,4.055
-17.609,4.237,10.061
-19.588,7.58,10.939
-19.502,10.094,8.888
-20.461,-0.524,6.843
-16.265,2.711,8.826
-15.853,4.675,6.941
-15.432,0.258,5.192
-13.372,-4.867,3.323
-11.243,-5.931,3.735
-13.944,-1.055,5.575
-17.401,1.534,2.117
-16.92,-1.507,-3.625
-16.712,-5.264,-6.656
-18.868,-6.821,-8.41
-22.488,-6.156,-11.645
-26.287,-3.804,-10.621
-29.13,-2.641,-8.723
-30.816,-0.194,-7.197
-28.575,15.492,0.931
-18.925,26.019,8.195
-11.606,21.851,10.716
-17.832,23.672,22.005
-22.885,4.996,12.616
-20.177,2.472,16.918
-21.385,0.392,17.217
-12.853,-6.989,11.463
-7.017,-4.764,15.923
-3.594,-0.335,15.88
-7.118,0.495,9.274
-3.254,4.199,15.332
-1.553,-1.627,14.171
-2.95,-0.701,10.791
-0.971,3.208,9.711
-0.756,2.895,10.046
-1.146,-0.883,5.508
-1.838,-3.933,5.651
-0.165,-2.302,4.326
-1.254,1.373,3.797
-4.953,1.991,7.465
-3.196,1.936,5.333
-3.235,-1.101,6.053
-4.087,-1.316,2.326
-5.673,-1.945,-2.311
-12.992,-4.56,-3.187
-20.122,-7.45,-0.325
-23.694,-3.106,0.361
-22.727,-6.905,-3.508
-17.755,-11.204,-4.876
-12.102,-6.044,-4.823
-9.537,-6.728,-8.424
-11.068,-11.571,-7.544
-15.624,-13.348,-6.111
-12.183,-7.307,-6.132
-16.65,-5.575,-6.458
-11.585,-4.505,-6.508
-12.788,-9.848,-8.422
-11.683,-12.142,-5.984
-11.882,-19.595,-5.039
-17.401,-19.057,-8.771
0.83,-7.898,-11.628
-16.911,-5.735,-7.266
-24.711,-20.186,-11.018
-10.939,-13.037,-13.334
-22.811,-17.332,-9.477
-16.212,-20.464,-7.297
-8.049,-1.314,-2.675
-7.979,0.055,-4.292
-9.874,-6.886,-6.058
-2.122,-6.204,-2.94
1.656,-0.349,0.636
0.479,-1.845,0.613
2.493,-3.237,0.555
8.484,-1.108,1.656
6.029,-1.4,4.57
1.27,-0.562,5.099
3.039,0.285,1.766
2.603,-0.325,-0.182
-2.665,-4.608,-0.282
-13.162,0.057,5.613
-6.819,-1.297,2.156
-7.965,2.603,2.194
-12.269,4.299,2.0
-16.461,6.649,5.434
-15.769,8.762,5.754
-12.915,5.29,4.467
-11.606,8.865,5.079
-11.573,13.372,5.996
-11.958,11.468,6.912
-11.671,7.706,7.125
-9.039,6.706,5.864
-8.132,13.238,5.123
-11.841,12.188,5.926
-8.113,10.123,5.268
-6.833,7.467,2.507
-10.515,5.579,0.287
-7.726,7.247,-1.768
-4.127,7.281,-3.034
-3.869,8.405,-3.173
-4.89,8.63,-4.967
-4.96,7.343,-5.577
-3.529,8.376,-7.62
-5.441,6.218,-7.474
-6.426,6.429,-7.293
-5.807,7.089,-8.094
-7.407,6.111,-6.063
-7.671,4.778,-3.713
-3.694,9.085,-5.79
-4.175,4.936,-9.558
-4.338,2.589,-10.992
-3.893,6.503,-10.2
-2.455,6.668,-8.513
-1.242,7.886,-6.58
-0.754,9.616,-4.673
-0.443,6.161,-4.335
0.022,4.194,-3.503
-0.646,2.897,-4.371
0.447,7.35,-2.864
0.373,12.877,-1.914
3.249,15.262,-3.61
1.778,10.231,-1.364
-2.127,8.798,1.366
6.465,11.946,0.763
4.579,10.85,1.495
3.632,16.916,1.263
2.175,13.506,5.434
-0.383,14.554,8.367
5.505,17.739,8.118
5.094,20.674,7.178
6.8,15.664,4.807
-7.907,8.364,2.9
-9.503,-1.306,3.098
2.421,10.439,-0.548
-14.48,-0.014,1.83
-5.481,3.869,3.45
-2.204,0.507,6.788
2.096,7.644,6.637
-6.929,8.341,10.721
-8.534,3.431,7.96
-3.156,7.833,7.539
-0.811,13.686,6.199
-3.84,10.518,5.072
-2.964,4.859,3.596
-1.172,4.515,1.342
-4.024,7.455,2.455
-2.639,5.395,6.589
-5.285,5.065,3.034
-0.679,5.522,2.974
-1.134,14.231,5.625
-2.62,5.424,5.352
-1.799,1.12,5.029
-1.012,8.041,6.032
-3.625,9.422,6.601
-5.869,7.424,2.541
-3.893,8.12,1.835
-4.213,7.422,2.984
-2.483,10.891,4.522
-6.103,3.804,6.991
-5.115,1.797,5.883
-2.034,4.331,9.762
1.854,7.431,11.63
-4.252,6.706,12.183
-5.867,3.345,9.049
-2.457,2.802,6.223
-2.869,4.206,12.76
-5.24,5.879,11.128
-3.141,2.5,7.319
-1.617,4.106,7.309
0.529,8.841,9.759
-3.57,5.314,9.262
-5.249,1.61,10.783
-3.639,6.032,11.384
-2.503,2.637,8.417
-3.247,1.323,7.453
-3.144,0.481,5.374
-1.828,0.878,3.878
-2.201,-1.503,4.031
-7.197,-2.701,1.66
-4.771,-5.412,-9.116
-12.463,-7.666,-14.973
-22.751,-1.287,-9.293
-20.421,-2.586,-7.472
-15.43,-5.493,-6.52
-16.805,0.325,-4.477
-15.762,1.847,-5.254
-20.545,17.306,-8.752
-19.179,12.736,-5.958
-6.381,4.649,1.802
-25.146,-2.761,-0.342
-61.008,13.006,-10.063
-37.059,-31.465,-23.474
-34.697,-21.772,-17.451
-44.911,-15.454,-7.982
-42.504,-14.322,-2.866
-36.049,-22.464,-2.816
-31.549,3.759,9.747
-24.648,-20.009,7.111
-17.277,-10.489,4.728
-14.743,-4.031,9.539
-17.672,0.627,5.328
-17.155,-3.575,4.599
-9.618,-2.876,4.893
-8.745,3.12,3.89
-3.185,3.51,6.513
-9.216,10.422,6.314
-5.733,8.199,5.936
-7.551,1.196,3.677
-6.96,-1.364,1.787
-5.503,2.857,1.11
-4.687,6.938,9.207
-4.331,9.755,9.417
-1.84,8.362,11.078
-4.364,2.735,12.506
-7.747,-0.601,11.946
-5.058,1.651,11.183
-5.824,0.991,11.202
-7.651,-1.921,10.274
-8.374,-4.058,8.841
-9.575,-5.173,8.518
-7.18,15.714,12.343
-4.053,14.454,12.812
-7.537,7.123,10.331
-8.073,2.603,7.793
-8.599,-1.969,6.173
-10.168,-2.223,5.699
-11.597,-0.457,5.498
-11.719,1.115,4.673
-10.465,0.813,2.96
-9.695,-0.019,0.213
-9.355,-0.44,-3.232
-8.4,-0.519,-5.106
-7.596,0.105,-4.728
-7.065,2.048,-5.295
-7.223,2.828,-5.565
-7.783,3.732,-5.843
-9.164,3.352,-4.488
-10.81,4.883,-3.326
-11.3,10.812,-5.974
-8.582,11.905,-4.206
-9.247,10.884,0.153
-12.422,11.743,4.359
-15.009,10.862,7.683
-16.552,10.25,11.75
-15.789,10.496,14.796
-13.954,0.486,16.045
-13.525,-6.654,14.489
-22.143,-9.006,9.688
2.4,0.471,8.077
2.632,-1.861,7.317
-3.031,-6.544,7.407
-4.412,-7.642,12.389
-5.431,-3.85,12.836
-3.584,-2.804,12.951
-2.261,-3.639,13.537
5.304,-2.862,0.548
-4.728,-5.017,8.568
-2.675,-5.809,8.015
-2.744,-3.498,7.651
-2.761,-2.46,10.819
-1.428,-4.151,10.446
-1.256,-5.402,9.192
-0.555,-1.708,10.171
0.498,-3.39,9.183
-0.981,-3.742,11.207
-1.208,-5.29,7.477
-1.026,-5.027,9.073
-0.445,-3.742,9.195
-0.347,-4.63,6.824
0.208,-4.412,7.395
-0.038,-5.864,5.216
0.55,-5.307,5.52
0.246,-4.51,7.257
-1.558,-4.874,5.548
-1.031,-4.079,8.204
-1.108,-3.615,6.656
-0.845,-5.146,6.515
-0.703,-4.972,6.015
-1.861,-6.797,6.63
-1.187,-7.503,4.914
0.139,-9.487,5.029
0.531,-9.092,4.467
0.931,-8.18,1.962
3.586,-5.613,-2.297
-1.407,-0.62,-7.79
-8.96,3.496,-7.831
-15.061,4.405,-2.735
-18.911,11.664,1.948
-19.193,5.931,-1.909
-17.038,3.771,-5.517
-18.253,11.757,-7.886
-22.177,-0.27,-6.807
-20.117,1.562,-3.084
-22.17,0.199,-3.118
-28.019,-5.833,-4.579
-21.854,-21.758,-9.444
-38.059,-25.696,-10.152
-22.368,-19.538,-14.899
-27.146,-0.026,-6.773
-39.506,-4.804,-5.955
-31.642,-1.043,-2.701
-22.995,-13.542,-1.474
-50.701,-6.51,-15.456
-25.333,-22.66,4.067
-27.024,-10.802,2.483
-12.274,-14.358,2.199
-16.734,-6.175,5.596
-9.24,-10.903,5.414
-10.446,-2.462,0.172
-12.566,0.718,-2.787
-17.188,1.323,0.598
-8.482,2.216,-2.964
-8.96,5.182,-0.249
-12.078,10.561,1.828
-5.642,12.554,-0.505
-6.477,4.122,0.251
-12.341,0.682,5.386
-10.334,8.183,7.06
-12.551,9.326,7.211
-14.635,10.57,9.711
-16.25,4.457,8.223
-15.954,-3.019,8.338
-17.593,-1.412,10.812
-14.657,1.864,9.951
-14.116,-3.132,8.819
-14.001,0.974,8.63
-14.152,-0.773,5.187
-12.03,-4.048,2.909
-12.171,-1.297,2.993
-14.205,-0.598,1.907
-16.731,-3.177,0.538
-19.148,-4.175,-2.206
-23.502,-5.276,-5.778
-27.204,-5.893,-9.963
-30.723,-6.726,-12.389
-36.044,-4.302,-9.415
-36.02,12.147,-11.504
-24.799,34.027,1.785
-5.249,38.844,4.182
-12.999,24.591,2.991
-17.337,11.81,5.091
-19.791,12.37,17.038
-23.658,6.855,8.996
-15.164,0.852,16.6
-11.745,4.472,16.191
-14.949,3.424,17.952
-5.462,-0.715,9.487
2.184,-0.706,12.319
-2.134,-0.184,5.546
-6.113,-4.063,11.35
-0.093,-1.194,12.291
0.1,-3.058,12.595
-0.694,-2.984,13.989
1.78,-1.637,12.999
1.581,2.749,11.81
-2.28,1.184,10.81
-3.295,-1.316,8.238
-0.696,-2.029,6.479
1.378,-2.677,5.388
1.261,-3.883,7.281
1.069,-2.613,7.9
0.605,-1.139,8.417
-1.459,-1.168,8.659
-0.165,-1.531,7.513
1.68,-1.321,6.252
1.761,-2.515,7.005
-0.935,-2.706,7.785
-0.237,-3.137,7.654
-0.28,-3.496,7.86
0.203,-2.716,8.269
-1.335,-4.106,7.924
0.022,-5.383,6.477
-1.538,-3.886,7.52
-1.682,-4.577,7.625
-0.306,-4.795,7.407
-2.579,-7.604,6.348
-1.56,-5.465,6.682
-2.407,-3.866,8.85
-4.223,-7.23,11.058
-3.768,-10.336,9.972
-1.684,-10.02,8.831
-0.979,-9.534,3.488
-4.388,-14.707,2.383
-8.733,-8.259,2.876
-8.271,-4.362,1.16
-6.828,-11.149,0.122
-7.79,-10.645,-1.543
-9.283,-0.316,-1.725
-12.994,1.823,-1.522
-12.073,5.522,-3.548
-16.616,10.09,-1.993
-15.681,17.133,0.407
-25.706,10.152,5.304
-28.816,-14.934,-2.005
-30.766,-2.527,-9.075
-27.218,-26.495,-18.155
-25.979,-27.184,-10.226
-34.008,-15.561,-11.147
-28.685,-26.584,-0.313
-30.151,-10.434,1.871
-35.049,-6.802,-2.027
-38.26,-14.001,-11.563
-13.956,-15.219,-4.278
-26.225,-19.174,-7.955
-24.821,-7.951,-4.819
-11.224,-16.755,-0.165
-19.141,-4.572,2.732
-8.769,-7.345,-4.61
-5.584,-7.345,-4.563
-12.02,0.969,-1.641
-13.92,-8.568,1.175
-8.364,-0.39,-1.261
-7.8,2.385,-0.096
-17.047,0.469,4.448
-7.563,9.192,7.484
-8.388,17.203,6.599
-6.194,12.642,3.957
-6.814,7.773,2.627
-11.506,5.072,2.828
-11.594,6.563,5.804
-14.867,7.144,5.206
-20.595,2.649,9.802
-15.269,10.058,10.293
-15.162,3.476,6.4
-9.769,-1.512,7.328
-8.391,4.52,11.123
-11.678,4.412,11.697
-12.882,1.613,8.57
-12.59,1.266,5.833
-14.076,1.739,5.012
-15.803,4.948,5.142
-17.217,3.725,3.448
-18.947,-1.663,1.658
-23.021,-4.094,0.421
-31.479,-5.969,-2.07
-41.43,-5.379,-7.635
-39.315,-4.232,-13.961
-31.958,5.178,-17.131
-22.995,16.456,-12.748
-13.681,30.826,-4.395
-2.395,17.026,4.582
-16.009,6.025,19.062
-29.034,25.562,12.444
-23.323,17.707,16.372
-14.336,-0.199,18.251
-32.199,-17.16,17.889
-21.787,-0.864,18.834
-8.893,-0.033,12.767
-3.926,-0.608,10.637
-2.213,-2.373,3.469
-0.175,-8.544,11.604
-1.275,2.45,14.961
-3.802,-3.414,14.162
-1.928,-5.96,12.939
0.261,-5.012,10.188
3.28,-3.134,9.661
0.167,-3.381,8.931
-3.036,-3.429,7.733
0.739,-3.204,9.896
2.259,-2.512,8.924
1.084,-3.4,8.795
0.574,-4.142,8.685
-0.313,-3.316,7.606
-0.455,-4.778,7.695
0.316,-4.213,7.618
0.78,-4.972,7.838
1.414,-5.292,7.206
1.586,-4.649,7.044
1.06,-4.785,6.893
0.878,-5.132,5.946
0.479,-5.541,5.974
-0.165,-4.819,6.005
0.144,-5.484,5.424
-0.543,-7.424,4.642
-0.048,-8.843,4.455
-0.562,-8.137,5.486
0.007,-7.879,5.505
-0.524,-5.838,6.295
0.144,-5.96,5.809
0.4,-8.331,3.9
-0.136,-8.831,3.962
-0.203,-6.448,3.141
-0.06,-8.364,3.189
1.05,-8.147,0.146
-2.309,-6.453,-2.792
-6.058,-0.613,-1.916
-12.894,-2.713,0.557
-17.423,-0.383,1.105
-19.665,0.809,1.074
-17.102,2.677,-1.9
-15.736,9.647,-1.45
-17.935,0.019,-7.606
-18.102,7.573,-10.484
-11.35,1.605,-8.733
-28.168,-1.794,-13.142
-20.169,-18.346,-15.731
-29.486,-21.698,-25.091
-18.59,-39.269,-15.748
-27.149,-23.498,-20.988
-25.182,-7.369,1.718
-14.839,-0.062,-1.543
-38.336,-1.361,-2.823
-34.599,-36.178,-8.57
-13.631,-15.97,-8.123
-23.21,-18.076,-8.561
-14.86,-19.392,4.194
-19.232,-3.096,-0.242
-19.753,-15.853,-3.491
-7.053,-11.221,-2.012
-13.59,1.481,0.758
-7.812,6.979,-3.601
-9.302,-9.573,1.591
-8.843,-4.225,-0.282
-7.994,0.538,1.132
-12.006,1.079,2.905
-11.573,5.706,2.78
-11.573,5.553,2.089
-9.192,7.07,0.914
-8.348,6.972,1.948
-11.135,0.316,3.017
-13.14,0.022,5.778
-15.705,3.661,8.3
-9.197,-1.782,9.544
-17.377,-1.254,12.303
-21.344,-1.493,10.159
-19.172,-6.824,6.02
-21.67,-8.156,1.62
-20.134,-6.972,-1.546
-17.758,-7.477,-5.438
-13.824,-4.807,-8.51
-10.482,-1.876,-10.688
-7.704,0.546,-12.642
-4.912,1.223,-11.372
-4.481,2.149,-9.204
-5.833,5.527,-2.78
-6.575,5.725,0.663
-6.637,0.557,-2.881
-9.357,3.285,-8.807
-12.511,2.048,-10.013
-16.911,0.648,-6.709
-21.0,6.682,3.137
-16.643,13.107,9.092
-10.738,7.238,5.682
-11.58,-3.247,-2.79
-12.367,-3.182,13.898
-5.579,-2.247,13.671
-10.948,-6.52,10.767
-2.613,-2.869,9.767
-0.703,-5.084,12.736
-3.496,-3.019,11.69
-4.823,-4.766,10.051
-2.682,-4.768,8.764
-1.452,-4.644,8.082
-1.366,-6.029,9.094
-2.297,-5.666,9.767
-5.127,-6.362,10.125
-3.211,-4.175,6.592
-3.259,-3.046,10.29
0.34,-3.395,6.472
1.421,-4.572,6.938
-1.452,-8.018,5.584
0.409,-6.082,6.967
1.182,-6.158,6.537
0.077,-4.761,8.168
0.215,-6.137,8.321
0.352,-5.809,7.991
0.33,-5.941,6.233
-0.431,-5.082,6.907
0.73,-4.73,7.135
-0.321,-6.479,6.405
-0.179,-5.819,6.525
-0.335,-5.862,6.627
0.246,-4.082,6.173
-0.668,-4.326,7.151
-1.792,-7.013,6.391
-0.512,-7.032,5.146
0.536,-8.582,4.864
-1.608,-9.281,6.292
-2.876,-9.07,5.082
-0.837,-9.69,5.314
-0.29,-9.539,4.216
-0.199,-6.941,1.761
0.78,-5.663,-2.708
-5.249,-1.986,-5.034
-12.659,0.991,-5.529
-17.286,2.046,-1.581
-18.614,3.393,-4.163
-16.851,-2.699,-8.542
-14.745,8.073,-2.149
-21.66,12.339,-3.45
-21.552,-1.869,-5.474
-21.775,5.259,1.268
-13.698,-0.78,0.364
-26.043,-23.462,-9.479
-20.277,4.319,-15.664
-40.112,-43.961,-20.143
-20.217,-27.034,-5.067
-8.63,-7.075,-3.45
-27.196,-17.461,-0.388
-25.577,-7.568,-11.867
-19.595,-11.063,-0.701
-23.05,-13.81,1.108
-31.881,-28.527,-1.596
-22.555,-12.484,5.103
-15.253,-13.111,4.429
-14.942,-8.096,5.139
-19.784,-6.639,-2.077
-9.283,-4.5,-2.622
-15.214,2.304,0.933
-8.96,-0.813,-1.428
-14.004,2.574,-1.383
-9.967,8.166,0.981
-9.747,11.654,3.419
-8.094,3.261,3.613
-13.968,-1.634,5.661
-14.877,1.993,7.541
-13.355,9.448,13.317
-21.088,6.348,17.358
-20.026,2.792,13.348
-20.131,0.806,10.135
-20.294,-2.749,7.9
-18.428,-2.768,4.146
-15.461,-5.474,2.998
-13.846,-5.8,3.584
-14.245,-2.68,4.096
-16.375,-0.955,3.027
-17.844,-1.01,-0.182
-17.916,-1.871,-2.833
-18.102,-2.187,-4.0
-19.662,-0.804,-6.752
-21.342,0.184,-8.546
-25.014,-1.223,-8.475
-28.866,-0.648,-4.096
-28.991,13.425,2.864
-21.076,21.966,7.589
-14.176,25.347,7.948
-12.611,22.823,9.405
-12.764,11.795,8.551
-13.853,5.278,9.843
-13.8,1.763,10.716
-5.642,2.857,21.875
-21.461,-17.901,26.668
-14.262,-5.632,20.942
-8.168,9.688,24.206
4.211,2.998,8.144
2.417,-7.015,3.926
0.739,-7.62,7.364
-2.06,-0.947,10.791
-2.084,-2.244,15.6
-2.95,-2.448,11.195
-3.584,-0.701,9.379
-2.254,0.591,8.821
0.514,-2.637,8.506
1.558,-3.297,7.183
1.105,-2.194,6.075
1.359,-2.546,5.558
1.505,-3.563,6.927
0.347,-4.424,8.178
0.679,-1.957,9.089
2.536,1.771,9.254
2.675,-0.813,5.455
1.103,-6.223,3.936
3.558,-4.749,4.845
1.704,-4.024,6.754
-0.847,-4.065,8.257
-2.074,-5.312,5.201
-2.675,-5.371,5.027
0.986,-7.288,6.723
-1.481,-7.051,6.685
-0.132,-8.302,5.955
0.562,-6.814,6.02
0.297,-3.268,7.364
0.333,-3.764,8.18
-2.259,-4.048,3.933
-0.445,-8.826,-4.632
-8.226,-3.141,-3.452
-13.973,3.575,0.94
-6.596,-1.144,-1.419
-13.937,-3.871,-1.816
-17.844,-0.665,-1.486
-11.432,13.573,4.024
-15.76,4.783,-2.756
-18.325,-5.644,-2.005
-17.246,-0.333,-2.335
-29.582,1.96,-1.024
-23.902,-10.594,-8.118
-25.971,-16.451,-11.358
-26.876,-23.218,-11.444
-25.16,-13.327,-11.133
-28.096,-15.896,1.668
-15.48,-16.301,-2.663
-36.075,-0.486,3.634
-21.256,-10.932,-1.67
-30.97,-8.46,3.029
-19.344,-14.714,1.72
-28.486,-11.434,2.094
-25.337,-6.115,-0.785
-13.793,0.112,-3.424
-13.308,-3.436,-6.087
-13.951,-3.062,-4.816
-10.953,-4.692,-4.199
-14.992,-0.498,-0.924
-13.197,-1.201,-1.577
-15.516,2.862,-0.708
-17.954,5.596,-2.802
-15.595,4.962,-5.967
-10.853,6.092,-4.23
-12.982,1.928,-2.795
-15.36,-1.541,0.591
-14.157,-2.05,6.761
-13.939,6.505,3.795
-21.045,6.022,8.321
-25.191,-0.61,9.128
-27.503,-0.17,8.07
-27.718,-3.608,4.405
-27.237,-3.986,1.337
-27.467,-4.438,-2.723
-26.811,-6.02,-0.696
-29.594,-6.175,-1.266
-28.378,-10.116,-6.448
-28.74,-8.264,-7.261
-33.936,-4.558,-10.515
-36.386,-3.749,-15.126
-38.02,-0.1,-14.891
-37.343,11.795,-8.049
-35.492,19.612,-2.096
-30.072,21.571,6.615
-24.167,39.26,18.952
-27.05,25.881,16.415
-9.326,22.131,13.786
-23.517,2.735,16.014
-20.363,0.591,17.877
-18.523,-11.781,7.362
8.479,3.146,6.534
7.161,-3.615,2.029
1.081,-7.046,6.563
-3.941,-0.833,12.207
-5.745,-2.163,14.006
-2.751,-5.434,14.037
0.23,-5.319,11.925
-0.447,-3.582,9.008
-1.168,-2.558,6.269
-1.101,-1.208,6.273
-3.129,-3.122,5.56
-2.699,-4.338,10.372
-0.902,-2.259,11.135
1.562,-2.156,8.463
0.505,-5.077,8.101
0.991,-6.216,8.671
1.766,-5.529,7.3
0.5,-4.412,6.845
-0.103,-5.103,6.204
0.278,-6.393,6.486
-0.297,-6.778,6.068
-0.323,-7.211,6.96
0.684,-6.508,6.977
-0.146,-5.132,7.558
-0.878,-6.441,7.096
0.024,-5.539,7.764
0.696,-4.711,6.97
0.031,-4.974,5.273
-0.837,-6.84,5.01
-2.713,-7.922,5.259
-2.517,-7.474,6.249
-2.857,-8.077,6.819
-3.443,-7.08,9.266
-2.663,-7.874,8.477
-1.323,-10.628,4.948
1.371,-13.446,1.967
2.495,-14.777,-4.871
-4.39,-6.58,-9.8
-17.325,2.498,-8.936
-15.279,5.613,-5.881
-12.958,0.62,-9.977
-16.906,0.06,-6.154
-16.231,6.69,-1.979
-22.261,6.984,-2.763
-17.088,6.943,2.708
-19.746,4.022,2.129
-29.596,1.263,0.1
-16.643,-8.544,-11.676
-24.163,-16.521,-15.671
-36.48,-33.96,-17.916
-23.344,-21.086,-10.468
-18.815,-14.245,-8.171
-28.268,-5.962,-8.408
-17.681,-19.141,0.182
-29.946,-9.53,-2.077
-31.618,-24.155,-8.436
-17.212,-18.112,-1.826
-15.863,-12.874,-3.522
-9.355,-18.559,-2.507
-20.224,-6.498,-1.926
-11.288,-7.137,-9.073
-13.623,-3.297,0.526
-11.41,1.117,-0.679
-7.132,-3.926,-3.12
-8.924,-0.55,-2.409
-10.133,3.747,-0.318
-11.303,2.641,1.23
-9.101,4.505,-1.16
-12.004,6.142,1.615
-12.865,4.283,0.335
-11.183,5.096,-0.172
-11.693,-0.27,2.007
-12.238,-2.876,3.866
-20.059,-1.763,4.917
-14.729,4.369,7.084
-9.357,-3.835,8.14
-17.719,-1.297,8.434
-19.921,-6.163,6.001
-20.756,-9.956,2.706
-22.493,-9.948,-1.23
-19.172,-8.807,-5.862
-14.415,-6.898,-11.614
-8.396,-5.163,-13.729
-5.551,-3.292,-13.252
-5.295,-2.127,-11.434
-5.587,0.591,-9.056
-6.659,4.814,-6.596
-7.632,7.357,-1.5
-7.372,0.785,-3.259
-10.606,0.873,-6.58
-13.083,2.967,-6.977
-14.966,5.56,-3.955
-16.49,9.822,1.66
-12.815,7.781,6.048
-10.319,4.431,8.927
-16.222,-2.854,12.24
-8.245,0.945,12.121
-8.946,-3.144,15.076
-9.061,-3.967,13.267
-3.247,-5.886,6.965
0.754,-4.364,9.721
-8.128,-3.065,12.458
-5.548,-3.878,11.499
-0.589,-4.651,12.051
-1.503,-4.319,6.793
-3.218,-5.651,12.315
-5.666,-3.153,11.685
-5.278,-2.369,10.594
-3.094,-1.663,9.532
0.78,-3.015,6.328
-0.278,-5.024,6.214
-0.438,-6.68,5.613
0.153,-6.29,6.187
0.256,-4.108,8.47
0.254,-3.823,8.341
0.318,-5.541,6.699
-0.426,-5.996,6.015
-1.45,-6.369,6.266
0.074,-5.457,6.84
0.002,-3.752,6.996
1.926,-3.89,5.436
0.641,-6.3,5.252
-0.854,-7.427,5.328
-1.309,-5.788,5.895
-1.141,-5.381,5.158
-0.919,-7.527,4.39
-2.122,-8.477,5.374
-2.158,-7.379,6.513
-1.098,-6.871,6.151
-1.029,-5.773,6.91
-2.213,-4.764,7.642
-1.421,-6.484,6.065
0.031,-8.905,3.4
1.95,-10.46,-0.452
0.34,-9.697,-6.709
-10.728,-2.139,-8.69
-14.707,3.45,-8.795
-21.103,5.41,-5.606
-17.841,8.104,-1.51
-16.738,10.137,-2.082
-22.306,6.142,-2.579
-16.59,12.362,-4.639
-20.614,1.182,1.201
-24.967,-4.457,-4.754
-24.136,-20.241,-6.838
-25.213,-11.951,-11.728
-31.599,-14.044,-12.994
-33.345,-27.639,-8.479
-16.789,-8.034,-0.481
-28.443,-24.445,-10.29
-21.488,-3.708,-5.132
-20.433,-16.655,-0.672
-31.297,-2.187,3.405
-25.311,-25.569,0.194
-24.837,-12.291,3.51
-20.978,-7.281,-0.443
-22.545,-12.267,-4.051
-19.1,-4.371,-3.17
-15.334,-5.032,-8.96
-5.472,-8.049,-2.665
-8.508,-1.148,-4.094
-9.826,-1.529,-2.417
-7.917,-0.627,-0.837
-11.312,3.254,0.414
-7.9,1.074,0.821
-7.628,4.819,-1.017
-13.803,5.448,0.646
-10.061,1.804,1.651
-10.403,2.871,3.292
-14.748,2.294,2.976
-10.673,0.218,2.615
-22.519,0.919,0.024
-7.587,3.311,2.335
-9.293,1.182,7.963
-15.097,0.613,8.159
-18.138,-3.536,7.407
-20.081,-7.163,5.041
-23.031,-8.699,1.495
-21.655,-9.946,-3.749
-17.688,-9.235,-9.03
-13.001,-6.996,-12.207
-10.118,-2.239,-15.808
-6.087,0.768,-16.157
-3.847,3.936,-11.858
-4.532,7.51,-5.594
-6.266,9.489,-0.72
-5.656,1.955,-1.72
-7.474,-2.16,-5.914
-13.621,0.823,-7.305
-18.801,7.778,-6.008
-17.54,9.542,-1.414
-11.951,6.348,2.084
-11.374,6.264,9.109
-14.372,-0.842,7.305
-7.829,-2.182,15.449
-7.434,-1.316,13.58
-9.929,-2.094,13.162
-4.419,-4.972,10.128
-2.44,-2.428,12.532
-6.472,-2.189,12.484
-3.527,-4.914,12.87
-1.663,-2.991,10.922
-0.993,-2.763,11.367
-0.122,-4.737,10.963
-6.206,-7.656,13.284
-3.594,-4.402,8.458
-0.428,-1.938,8.264
1.548,-2.749,7.575
0.912,-6.027,6.74
-1.034,-6.273,6.773
-1.704,-4.122,6.47
-0.002,-4.299,7.319
1.136,-4.546,6.056
-0.943,-6.312,7.025
-0.007,-4.457,6.034
0.313,-4.79,6.982
-0.151,-5.063,6.23
-1.627,-6.319,7.587
-0.189,-5.673,7.139
-1.842,-5.457,6.773
-0.775,-8.412,6.424
-0.998,-8.104,5.429
-0.601,-6.46,4.979
-0.591,-9.463,2.254
0.596,-10.281,-0.744
-0.926,-7.711,-4.139
-4.878,-2.476,-4.12
-7.683,-0.816,-4.031
-14.836,1.895,-3.089
-16.762,1.641,0.349
-18.631,-0.641,1.993
-17.667,3.304,-0.797
-15.597,8.183,-0.536
-16.037,5.828,-8.276
-19.334,11.664,-6.182
-16.193,0.244,-4.194
-22.959,-11.121,-10.831
-20.873,-11.164,-19.33
-27.328,-18.842,-9.441
-27.826,-25.782,-13.006
-21.067,-12.81,-2.046
-25.744,-8.666,-3.074
-34.46,-16.88,-0.852
-33.996,-4.926,-6.678
-42.442,-17.753,-7.479
-24.084,-13.564,-1.148
-20.047,-5.596,3.357
-28.46,-8.549,-2.517
-13.15,-12.688,1.591
-9.343,-0.246,-2.287
-17.767,1.266,0.567
-14.712,-3.917,-2.802
-11.192,-0.912,-4.599
-7.628,0.455,-4.938
-10.312,1.316,0.048
-13.513,9.47,1.196
-12.551,8.082,2.976
-11.231,6.632,1.292
-9.872,5.328,0.239
-12.228,6.426,0.766
-12.092,7.218,3.29
-11.858,5.869,5.869
-10.886,0.282,5.503
-14.762,1.304,12.7
-16.832,7.546,10.362
-16.803,2.491,9.319
-17.767,-4.235,8.331
-17.396,-2.098,8.369
-16.004,-1.529,7.912
-16.545,-2.546,7.541
-16.222,-1.682,6.273
-14.097,0.584,4.57
-14.664,1.613,4.558
-16.784,2.089,1.261
-17.846,-0.581,-3.819
-17.918,-1.476,-6.816
-19.007,-0.751,-8.613
-19.124,-1.189,-12.504
-20.803,-3.797,-11.216
-24.541,1.189,-2.871
-25.534,9.434,4.658
-19.679,14.111,9.905
-17.435,20.83,4.292
-17.882,17.083,9.92
-14.171,12.36,17.057
-13.102,3.319,11.807
-15.839,2.94,14.171
-16.944,-0.928,19.466
-17.444,-9.618,16.791
-11.135,-5.192,16.738
-4.993,-0.72,15.052
2.806,4.098,12.867
3.06,-3.799,10.298
-0.926,-5.178,13.666
-4.79,-2.72,12.662
-2.139,-4.45,13.925
-0.514,-1.924,13.803
-1.306,-0.964,12.592
-2.598,-2.704,9.317
-1.263,-1.543,7.539
-1.993,-3.883,6.166
-2.512,-3.802,8.123
-0.033,-4.053,7.506
1.72,-3.575,8.376
2.5,-2.242,7.826
-1.282,-2.323,8.745
-1.275,-1.125,9.592
1.921,-1.567,8.333
2.795,-1.046,8.625
0.873,-2.967,7.953
0.278,-2.744,7.3
-0.483,-3.321,7.898
-0.062,-4.529,7.616
-0.132,-3.74,7.625
0.345,-2.883,7.529
-0.438,-4.792,7.436
0.395,-6.144,5.333
0.115,-4.438,4.316
-0.223,-3.85,4.768
-1.239,-8.202,2.852
-2.914,-8.798,4.761
-1.888,-4.728,5.268
-2.182,-4.945,6.151
-1.936,-4.819,6.147
-3.034,-5.347,8.096
-2.486,-6.747,8.769
-5.3,-7.862,9.482
-4.615,-11.48,7.716
0.825,-10.178,2.022
-2.359,-11.585,-2.34
-12.097,-9.824,-5.859
-16.411,-10.255,-2.524
-20.87,-11.879,-1.809
-17.346,-0.976,-2.283
-17.131,0.586,-1.055
-17.478,5.012,-7.395
-15.48,9.75,-8.24
-21.811,17.267,0.5
-18.648,4.161,7.142
-34.216,-3.821,-0.397
-29.297,-7.824,-3.723
-22.459,-30.079,-18.2
-27.256,-36.236,-10.46
-28.838,5.912,3.402
-20.067,-24.409,-3.639
-15.219,-18.258,-0.368
-25.421,-0.823,-6.907
-23.533,-33.14,-7.683
-17.363,-5.582,-4.39
-22.112,-11.106,1.388
-14.585,-18.083,3.137
-18.715,-9.542,2.163
-12.35,-2.036,-2.079
-11.025,-4.505,0.84
-13.343,-3.993,-0.861
-4.716,-3.938,0.72
-14.224,0.007,0.756
-8.92,0.696,4.12
-11.037,10.255,-0.141
-12.882,14.399,3.974
-9.539,9.31,1.67
-10.398,11.018,4.127
-5.685,4.151,2.316
-12.09,2.783,3.319
-13.221,8.57,4.048
-9.164,14.719,8.108
-19.753,3.85,9.965
-18.239,4.907,10.058
-20.851,8.673,9.302
-19.007,-4.493,8.319
-15.911,0.821,11.001
-15.872,13.513,10.223
-15.19,6.929,5.484
-13.695,-0.057,2.4
-11.008,-2.754,2.309
-14.181,-0.431,4.003
-18.502,1.024,3.022
-20.674,-1.031,-0.763
-22.225,-3.665,-4.261
-22.351,-4.07,-7.673
-22.052,-2.381,-10.637
-23.103,-1.361,-11.623
-24.416,0.084,-10.575
-25.29,0.203,-6.871
-25.292,10.456,6.565
-18.298,16.121,11.248
-15.145,25.969,5.783
-18.298,27.117,11.999
-14.535,19.49,18.291
-28.512,-1.086,32.532
-5.591,7.23,11.712
-17.49,-1.732,19.15
-17.734,-5.646,17.834
3.144,2.134,10.123
5.675,2.885,8.053
-2.783,-8.257,6.742
-9.365,-8.029,18.72
-2.735,-2.464,12.745
-0.557,-5.718,10.573
-0.981,-8.463,9.446
-2.261,-5.804,9.838
-2.405,-1.754,9.582
-0.225,-2.555,10.109
0.725,-6.453,7.47
-0.057,-6.907,7.192
-0.318,-5.139,8.006
0.548,-3.811,8.494
-1.208,-3.606,9.001
0.352,-5.115,7.534
1.117,-5.371,7.001
1.256,-6.127,7.675
-0.998,-5.192,7.601
0.718,-4.453,7.57
0.419,-5.692,7.836
-0.555,-6.47,7.951
-0.562,-7.57,8.424
0.89,-5.575,7.613
0.388,-5.273,7.386
0.613,-5.271,6.601
0.256,-5.383,6.965
0.548,-5.515,6.405
0.28,-5.63,6.221
1.45,-6.075,4.62
-0.287,-5.367,6.848
0.0,-4.642,6.814
-2.433,-6.051,7.163
-2.572,-6.206,6.584
-1.22,-4.158,6.991
-1.141,-5.034,7.139
-1.713,-5.694,7.156
-0.184,-9.408,5.752
2.907,-12.243,0.541
-0.196,-9.183,-5.838
-9.786,-2.464,-10.798
-17.222,-0.878,-8.565
-22.32,0.512,-4.338
-12.147,-1.921,-6.525
-11.102,11.812,-4.244
-15.896,11.137,-5.867
-17.069,6.489,-7.364
-21.904,3.091,-5.316
-29.859,2.945,-5.69
-22.947,6.357,4.756
-36.059,-18.559,-8.3
-28.728,-24.804,-18.332
-26.436,-19.925,-12.013
-25.625,-31.632,-6.486
-26.16,-11.64,-3.132
-33.365,-15.408,-5.477
-12.501,-11.501,-1.988
-20.574,-14.525,-4.127
-25.553,-16.346,-7.206
-24.356,-18.473,-2.852
-7.161,-15.222,1.407
-19.263,-2.907,0.895
-15.009,-1.881,-11.078
-13.331,-4.883,-1.058
-13.918,-0.476,-2.644
-7.23,0.457,-4.017
-8.958,-1.469,-0.072
-8.116,-0.565,-0.208
-8.53,2.921,-1.275
-14.353,1.878,1.955
-8.642,3.275,1.424
-6.972,3.888,1.443
-11.252,6.802,-0.22
-12.836,5.407,0.471
-12.185,6.771,1.835
-8.381,3.737,5.501
-15.143,-1.78,6.369
-14.272,-1.153,3.412
-10.704,-3.508,4.443
-16.671,-0.512,7.974
-11.133,4.161,7.845
-16.942,-1.931,7.817
-22.141,-6.194,4.914
-20.49,-4.89,2.122
-17.923,-4.931,-1.105
-15.707,-7.812,-5.075
-11.922,-7.946,-8.642
-9.02,-5.259,-10.066
-7.455,-2.866,-11.915
-6.218,-1.759,-11.791
-6.202,1.909,-8.984
-7.13,5.536,-5.079
-8.491,7.604,-1.455
-7.951,3.864,-3.129
-7.781,3.862,-4.663
-11.599,2.189,-1.239
-18.954,1.78,-4.512
-19.449,5.838,-3.833
-13.965,13.288,2.132
-12.394,10.161,10.075
-13.731,2.259,8.211
-8.79,-1.78,9.283
-9.18,-2.732,11.171
-15.231,-5.434,8.798
-6.831,-4.273,10.223
0.94,-2.558,11.403
-4.716,0.12,12.094
-4.039,-2.883,11.977
-1.763,-2.299,12.97
-1.96,-3.74,10.556
0.024,-1.873,10.47
1.203,-0.5,15.155
-2.871,-4.675,9.86
-1.603,-3.766,8.683
-6.125,-2.283,7.888
-1.211,-1.127,7.917
-0.244,-2.522,8.352
0.636,-5.015,5.862
1.517,-5.118,5.869
1.534,-5.462,7.951
0.763,-4.981,8.269
1.579,-3.304,8.386
0.49,-3.106,8.998
-0.124,-3.596,8.041
-0.581,-6.12,7.716
-0.701,-6.355,8.405
0.452,-5.307,7.955
1.237,-5.438,7.671
0.395,-5.125,8.149
0.23,-5.606,7.362
-0.287,-6.857,7.963
-0.668,-5.876,7.974
0.562,-3.988,7.388
0.041,-5.989,7.482
-0.019,-6.869,6.671
0.17,-5.934,7.496
-1.457,-4.256,7.793
0.12,-4.84,6.922
-0.543,-4.675,8.118
-0.947,-3.876,7.797
-0.931,-4.228,7.675
-1.084,-4.91,8.144
-1.593,-4.096,7.781
-1.644,-3.598,8.498
-1.572,-2.445,9.764
-2.086,-3.4,8.884
-1.196,-4.728,7.671
-1.67,-2.543,7.412
-3.508,-1.328,7.498
-4.632,-2.445,6.84
-4.811,0.77,7.118
-3.608,4.008,6.048
-6.379,4.704,7.063
-7.159,2.751,6.802
-5.826,9.561,7.372
-7.539,6.668,6.371
-7.503,3.405,4.888
-7.439,3.098,4.022
-7.671,7.47,5.271
-10.451,6.577,5.517
-9.58,4.199,3.18
-10.116,3.886,3.548
-10.982,1.316,1.897
-11.769,3.086,1.754
-14.619,1.134,1.058
-15.779,-1.292,1.041
-18.638,-3.493,2.256
-18.222,-5.02,2.505
-19.227,-7.214,0.498
-16.667,-10.537,-1.067
-19.064,-12.59,-1.06
-14.353,-11.903,-1.859
-16.545,-13.477,-2.577
-11.329,-12.956,-5.221
-12.039,-14.109,-8.329
-7.068,-4.761,-6.532
-7.075,-2.639,-11.039
-7.317,0.29,-9.611
-7.046,1.878,-7.123
-3.484,12.049,-5.591
-4.477,13.276,-5.546
-5.79,10.798,-2.732
-19.832,0.297,-1.608
-29.922,-6.3,-1.644
-24.744,-6.529,-3.302
-23.557,-13.248,-7.429
-22.399,-9.745,-7.101
-20.811,-14.724,-1.811
-13.008,-1.842,0.28
-19.681,-2.57,1.524
-14.021,-4.503,-1.771
-6.034,-7.02,-6.788
-7.467,-1.637,-5.424
-6.276,-1.495,-4.73
-3.531,-3.819,-9.647
-3.874,-2.034,-9.805
-3.962,2.565,-8.412
-3.96,4.689,-6.412
-1.658,6.852,-8.798
-2.405,7.472,-5.467
-4.302,7.592,-4.819
-4.187,4.936,-5.02
-3.481,5.008,-5.099
-2.895,6.929,-5.036
-2.067,6.831,-4.845
-1.261,5.85,-4.479
-0.682,5.603,-3.819
-1.529,6.965,-2.716
-2.615,7.85,-1.242
-2.759,9.137,-0.172
-2.682,9.424,-0.402
-3.893,11.109,-0.483
-5.24,9.599,0.821
-5.024,8.515,0.718
-3.086,6.209,0.603
-1.357,7.52,2.352
-1.816,8.013,4.761
-2.878,7.025,4.919
-4.288,5.611,6.048
-4.747,5.718,8.57
-4.857,5.95,10.092
-5.45,5.101,9.709
-6.106,2.572,9.85
-7.089,-0.175,10.573
-7.616,-1.294,12.059
-7.477,-1.282,12.573
-5.919,-1.256,11.666
-4.869,-3.062,11.721
-3.687,-5.209,12.013
-3.122,-6.548,12.128
-4.161,-6.438,12.908
-4.847,-5.969,12.018
-3.625,-6.178,11.898
-1.675,-6.237,11.061
-1.01,-7.41,9.121
-1.053,-7.864,7.551
-0.538,-7.778,6.264
0.089,-8.75,4.465
2.086,-10.635,3.957
1.749,-8.805,3.388
3.173,-7.214,3.931
6.17,-6.371,2.359
5.103,-7.659,1.617
1.402,-8.888,2.682
1.227,-7.462,3.417
3.015,-6.247,2.227
3.682,-6.13,1.881
2.211,-8.238,3.007
1.459,-7.221,4.039
1.357,-6.013,4.225
2.11,-5.393,3.4
1.921,-5.568,3.988
1.467,-4.941,4.689
1.742,-3.603,5.091
2.345,-2.519,5.953
2.821,-1.835,6.441
2.768,-1.261,6.113
3.185,0.419,6.245
3.807,1.242,7.273
3.493,-0.055,8.568
3.266,-0.531,9.494
4.101,-0.696,9.81
4.701,-1.0,9.97
3.18,-0.9,11.133
1.558,0.074,12.205
1.883,0.971,12.171
2.424,0.979,11.561
1.261,0.445,10.384
0.268,1.998,8.226
0.555,3.62,10.747
1.184,2.658,10.374
-0.122,1.816,9.707
-1.431,3.874,8.998
-0.467,4.546,9.3
0.5,2.617,8.922
-0.943,1.471,8.709
-1.916,2.704,8.319
-1.06,3.577,9.013
-0.469,2.668,9.209
-1.352,3.912,9.776
-1.208,4.754,10.602
-0.414,4.469,10.264
-0.048,3.141,10.281
0.017,3.383,9.393
0.548,3.996,8.881
0.813,2.383,8.821
0.225,1.34,8.632
-0.031,3.017,9.668
1.038,5.615,9.546
1.656,6.053,10.683
1.462,2.39,9.922
0.156,1.747,9.927
0.426,3.194,10.003
1.933,5.312,9.673
1.768,4.101,8.585
1.715,1.861,9.508
0.768,1.84,10.355
0.62,0.94,9.666
-0.44,1.436,9.31
-3.23,4.065,7.769
7.446,9.807,10.08
-3.486,4.744,6.668
0.325,3.706,9.338
0.505,-1.134,8.223
1.565,0.4,8.707
1.247,1.668,8.898
1.316,1.771,9.767
1.196,0.517,10.054
1.493,0.244,10.7
2.603,0.39,10.116
4.034,0.203,9.379
3.735,0.55,9.989
2.658,1.031,10.015
3.689,0.943,10.195
2.393,-0.694,9.999
1.711,-2.847,9.621
1.802,-1.177,9.994
4.259,1.18,10.3
2.773,0.507,10.118
1.402,-3.017,8.714
1.424,-4.395,8.948
2.33,-1.148,11.666
0.184,-2.821,13.272
1.05,0.373,8.644
3.649,3.371,9.563
4.816,8.52,11.671
2.232,5.508,12.252
0.402,2.809,10.879
0.153,2.472,9.188
2.199,1.28,7.053
1.677,-0.768,6.694
-0.345,0.017,7.032
-1.206,1.266,7.168
-0.572,2.445,6.8
-0.301,2.129,6.575
-0.333,1.895,5.302
-1.33,2.943,6.321
-3.551,3.938,8.125
-2.383,5.481,7.391
-1.483,5.268,9.934
-2.455,3.744,15.504
-3.429,7.544,15.659
-1.62,-1.069,10.587
-0.514,-0.845,5.225
2.972,-0.837,8.998
1.117,0.507,10.011
0.134,-4.031,11.31
-1.529,-1.756,10.233
-0.045,0.301,8.35
-0.062,-0.679,9.733
-1.878,-0.677,10.094
-0.589,0.249,9.731
0.459,1.254,9.353
0.144,2.029,10.02
-1.706,-1.682,10.042
2.601,0.345,9.711
-1.041,0.866,10.377
-1.409,-0.945,10.499
0.012,-0.043,9.673
0.352,-0.431,10.085
-3.254,0.947,10.417
-4.254,-2.596,9.271
4.596,1.266,9.733
1.115,1.876,10.326
0.077,0.78,9.874
-0.311,1.782,9.623
-2.625,1.704,8.898
-2.024,1.069,8.994
-1.586,-0.132,9.451
-0.38,2.084,10.563
-1.089,0.469,10.582
0.428,1.73,10.757
-1.55,-1.189,9.642
-0.156,0.163,10.039
0.294,0.364,9.4
1.366,0.505,10.262
2.381,1.421,10.721
-0.093,1.904,10.207
-2.361,1.73,9.795
-5.297,1.73,9.807
-1.247,1.838,10.123
-1.759,-1.68,14.186
1.555,3.187,10.544
-1.455,1.725,9.597
-1.022,2.256,10.09
-0.256,1.491,10.02
-1.692,1.203,10.305
-1.438,1.397,9.802
1.28,0.433,9.534
-0.498,0.452,10.008
-1.735,0.359,10.317
-1.751,0.27,10.152
-0.991,0.746,9.704
-0.316,2.314,9.592
-0.904,1.835,9.601
-0.261,-1.055,9.9
-2.072,-0.261,9.96
-1.361,0.033,9.953
-0.72,-0.11,9.912
-1.44,-0.708,9.728
-1.469,-0.395,9.987
-1.113,0.282,10.125
-0.9,-0.409,10.099
-0.471,-1.45,9.793
-0.4,-1.06,9.874
-1.515,-0.141,10.001
-0.754,0.646,9.881
-0.919,0.019,10.09
-1.113,-0.634,10.233
-0.88,-0.663,10.106
-1.416,-0.419,9.881
-0.828,-0.002,9.398
-0.577,0.438,9.771
-0.615,0.074,10.197
-0.95,-0.179,10.063
-1.034,-0.163,9.96
-0.309,0.053,10.02
0.041,0.022,9.745
-0.536,0.206,10.125
-0.811,-0.002,10.3
-0.778,-0.096,9.783
-0.627,0.144,9.647
-0.218,0.766,9.7
-0.206,0.495,10.252
-1.402,-0.242,10.101
-2.273,0.261,9.802
-0.156,0.191,9.831
0.136,0.423,9.999
-0.732,-0.22,10.166
-0.572,-0.426,10.118
-0.299,0.462,9.989
-0.586,0.359,10.161
-0.775,0.727,10.152
-0.4,0.909,9.621
-0.294,1.067,9.281
-0.359,0.328,9.898
-0.409,-0.093,10.209
-0.493,0.002,10.013
-0.512,0.821,9.824
-0.376,0.493,10.058
-0.543,0.213,10.149
-1.196,0.4,10.082
-0.806,0.727,9.755
-0.428,0.51,9.879
-0.957,0.12,10.197
-0.672,-0.065,10.195
-0.758,-0.366,10.326
-0.727,0.227,9.869
-0.361,0.964,9.566
-0.364,1.787,9.616
-0.557,2.06,9.324
-0.627,1.605,9.135
-0.546,1.503,9.549
-1.125,1.364,10.178
-0.591,1.483,10.097
-0.471,1.471,9.857
-0.66,0.967,9.819
-1.397,1.562,10.355
-1.258,1.503,9.956
-1.17,1.392,10.19
-1.742,1.433,10.537
-1.354,1.074,10.322
-0.371,1.048,9.735
-0.146,1.316,9.625
-0.213,1.567,9.661
-0.842,1.732,9.822
-0.596,1.199,9.719
0.002,1.055,9.633
0.146,0.679,9.341
-0.751,0.993,9.702
-0.663,1.182,9.97
-0.368,1.093,10.08
-0.971,1.218,9.908
-0.333,0.201,10.023
0.029,0.378,10.025
-0.988,0.663,9.86
-1.203,0.124,9.848
-0.553,-0.012,9.685
-0.134,0.634,9.862
-0.28,0.481,10.226
-0.555,-0.036,10.518
-0.828,-0.213,10.518
-0.852,-0.002,10.101
-0.794,0.428,9.91
-0.153,0.371,9.594
0.349,0.27,9.259
0.165,0.44,9.551
0.325,0.5,9.831
-0.036,-0.05,9.903
-0.799,-0.426,10.121
-0.909,-0.431,10.353
-0.572,-0.366,10.08
-0.44,-0.093,10.008
-0.158,0.337,10.18
-1.517,-0.146,10.271
-0.414,1.739,10.513
-2.457,0.522,9.121
2.043,-1.589,9.293
-4.419,-0.325,12.092
-0.263,-0.488,9.448
1.641,-0.959,9.384
-1.074,-0.462,10.221
-1.871,-0.483,10.207
0.51,-0.33,9.719
1.268,0.33,9.649
0.091,1.046,10.099
-0.483,1.117,10.154
-0.443,0.464,10.051
-0.356,-0.084,9.951
-0.431,-0.584,9.869
-0.345,-0.548,9.877
0.089,-0.184,9.881
-0.234,0.072,9.805
-0.677,0.27,10.195
-0.203,0.39,10.039
-0.053,0.486,9.721
-0.586,0.414,9.917
-0.988,0.211,10.391
0.285,-0.213,10.044
0.12,-0.414,9.719
-1.077,-0.464,10.121
-1.065,-0.201,10.357
0.239,0.194,9.884
0.127,0.342,9.814
-1.048,0.39,10.29
-0.39,0.191,9.903
0.206,0.103,9.388
-0.153,0.416,9.833
-0.773,0.359,10.2
-0.591,0.053,10.2
-0.036,-0.048,9.874
-0.412,-0.014,9.982
-0.825,0.144,10.267
2.199,1.838,10.113
-3.941,2.082,10.556
-6.386,0.158,9.79
-4.505,-0.395,9.164
7.527,-0.548,9.396
5.228,1.349,9.121
-2.864,0.816,9.97
-3.775,-0.519,10.125
0.048,0.089,9.786
1.333,1.488,10.202
-0.246,0.077,10.176
-1.01,-0.864,10.109
-0.56,-0.426,10.039
-0.012,0.483,9.838
-0.794,0.304,9.891
-1.373,-0.026,10.271
-0.818,0.459,10.271
0.117,1.175,10.09
1.043,-4.661,6.85
-1.06,3.852,8.848
2.969,-0.744,10.188
-5.754,4.445,10.3
-2.517,0.172,9.475
-1.591,-1.325,9.372
2.287,-0.187,9.654
0.613,0.739,9.661
-2.125,1.031,9.965
-1.184,-0.017,10.147
0.627,0.371,9.702
-0.335,0.617,9.798
-1.361,0.409,9.963
-0.457,0.613,10.032
0.579,0.907,9.769
-0.548,0.242,9.912
-0.983,0.629,10.214
0.254,1.065,9.853
-0.479,0.333,10.068
-1.129,0.636,10.073
-0.012,0.785,9.69
-0.029,0.404,9.855
-0.656,0.45,10.085
-0.227,0.598,10.116
0.062,0.878,9.688
-0.345,0.849,9.747
-0.488,0.684,9.867
1.608,1.988,9.439
4.479,1.249,9.965
-7.364,1.567,8.963
-0.005,-0.203,10.24
-1.895,0.074,10.346
5.845,0.78,8.345
0.562,-0.34,10.302
-3.062,1.192,10.135
-0.751,0.184,10.125
0.931,0.187,9.618
-0.703,0.28,10.176
-1.266,0.388,10.058
-0.301,0.852,9.9
0.201,0.325,9.807
-0.557,0.007,10.013
-0.945,0.802,9.979
-0.739,0.244,9.776
-0.914,-0.431,9.948
-0.768,0.069,10.013
-0.287,0.522,9.97
-0.464,0.313,9.905
-0.921,-0.218,9.939
-0.388,0.421,9.941
-0.115,0.991,9.838
-0.804,0.589,9.956
-0.979,0.373,10.106
-0.199,0.153,9.91
3.792,0.426,6.237
-0.737,2.0,10.133
-11.386,-0.419,10.58
0.11,0.557,9.692
-1.641,-1.938,10.905
4.005,0.711,8.573
0.467,0.711,10.015
-1.782,0.859,9.951
-0.452,0.364,9.951
0.05,-0.112,9.936
-0.584,-0.024,9.903
-0.605,0.091,10.054
-0.084,0.622,9.611
-0.175,0.187,9.848
-0.677,0.323,10.149
-0.514,0.627,10.147
0.002,0.356,9.987
-0.057,0.175,9.893
-0.522,0.203,9.865
-0.622,-0.043,9.963
-0.273,0.27,10.046
-0.144,0.579,10.037
-0.316,0.416,9.967
-0.486,0.27,9.948
-0.395,0.409,9.922
-0.141,0.421,9.872
2.814,-0.218,8.886
2.012,1.806,10.197
-7.773,0.479,10.972
-1.943,0.033,9.843
-0.05,-1.713,9.254
4.642,0.761,9.333
0.223,1.739,10.082
-1.842,0.629,9.934
-0.361,-0.268,9.939
0.371,0.129,9.951
-0.452,0.56,10.013
-0.699,0.912,10.137
-0.072,0.909,9.92
-0.232,0.045,9.886
-0.797,-0.818,10.001
-0.861,-0.967,10.001
-0.251,-0.062,9.972
-0.077,1.074,9.869
-0.438,0.9,10.073
-0.605,0.242,10.02
-0.256,0.091,9.709
0.069,0.457,9.778
-0.084,0.751,10.008
-0.412,0.213,10.145
-0.428,-0.072,9.953
-0.356,0.402,9.726
-0.287,0.646,9.944
-0.227,0.61,9.984
-0.29,0.112,9.726
-0.586,-0.273,9.867
-0.577,0.203,10.063
-0.187,0.892,10.106
-0.117,0.696,9.946
-0.5,-0.136,10.066
-0.555,-0.431,9.881
-0.737,0.256,10.142
-0.072,0.935,9.798
0.194,0.292,10.025
0.014,0.199,10.051
-0.093,-0.038,9.944
-0.627,0.026,9.934
-0.703,0.443,10.123
-0.129,1.134,9.898
-0.105,0.299,9.716
-0.641,-0.534,9.786
-0.825,-0.976,9.92
-0.613,0.304,10.027
-0.172,0.976,10.023
-0.345,0.383,10.09
-0.428,0.093,10.099
-0.156,-0.091,9.929
-0.103,0.201,9.75
-0.208,0.699,9.889
-0.144,0.514,10.113
-0.278,0.426,10.082
-0.402,0.565,9.908
-0.306,0.543,9.711
-0.328,0.479,9.843
-0.378,0.294,10.018
-0.464,-0.007,10.023
-0.536,0.141,10.104
-0.122,0.409,9.678
-0.045,0.567,9.544
0.067,0.541,9.912
0.036,0.553,10.135
-0.39,0.517,10.121
-0.536,0.581,10.011
-0.29,0.5,10.183
0.158,0.514,9.941
-0.144,-0.031,9.783
-0.605,-0.306,9.786
-0.624,0.182,9.967
-0.337,0.888,10.073
-0.141,1.168,9.929
-0.287,0.318,9.934
-0.44,-0.203,10.099
-0.27,0.426,9.967
0.029,1.232,9.826
-0.136,0.895,9.977
-0.5,0.495,10.116
-0.445,0.51,10.08
-0.122,0.632,9.793
-0.254,0.627,9.819
-0.457,0.519,10.039
-0.191,0.797,10.037
0.074,0.699,9.953
-0.452,0.297,10.039
-0.885,0.22,9.987
-0.445,0.806,9.788
-0.084,1.156,9.654
-0.34,0.435,9.984
-0.488,-0.184,10.061
-0.333,-0.493,9.245
-0.534,0.108,9.702
-0.325,1.223,10.489
-0.026,1.462,10.238
0.093,0.983,9.759
-0.182,0.601,9.898
-0.206,0.366,10.049
-0.179,0.486,9.908
-0.304,0.682,9.917
-0.388,0.864,9.867
-0.278,0.646,9.853
-0.325,0.608,10.023
-0.22,0.766,9.963
-0.256,0.356,10.111
-0.371,0.275,10.063
-0.225,0.481,10.082
0.12,1.089,9.9
0.014,0.861,9.778
-0.596,0.28,9.996
-0.498,0.28,10.015
-0.115,0.756,9.723
-0.194,0.955,9.836
-0.443,0.194,9.972
-0.428,0.134,9.891
-0.234,0.852,9.79
-0.184,0.809,9.8
-0.062,0.672,9.867
0.213,0.852,9.714
-0.249,0.122,9.881
-0.737,-0.517,10.216
-0.768,-0.292,10.372
-0.368,0.385,10.116
0.232,1.428,10.049
0.086,0.653,10.027
-0.629,-0.199,10.013
-0.507,0.115,9.778
-0.294,0.493,9.594
-0.711,0.665,9.999
-0.869,0.108,9.965
-0.333,0.251,9.989
0.304,0.129,9.568
-0.947,-0.974,9.912
-1.448,-0.565,10.391
-0.445,0.368,10.185
0.323,0.28,9.884
-0.249,-0.756,9.857
-0.84,-1.297,9.91
-0.548,-0.524,9.836
-0.373,0.263,9.838
-0.756,-0.177,10.087
-0.526,-0.737,10.087
-0.024,-1.084,9.905
-0.313,-1.354,9.733
-0.888,-1.945,9.764
-0.974,-1.871,9.903
-0.811,-0.617,9.92
-0.512,0.246,10.116
-0.199,0.206,10.063
-0.431,-0.945,9.927
-0.679,-1.699,9.826
-0.445,-0.895,9.865
-0.337,-0.892,9.898
-0.548,-1.196,9.977
-0.706,-1.555,9.92
-0.581,-1.395,9.989
-0.266,-0.809,9.975
-0.175,-0.675,9.886
-0.572,-0.825,9.862
-0.703,-1.361,9.822
-0.735,-2.0,9.812
-0.476,-1.675,9.857
-0.196,-0.512,10.128
-0.256,0.002,9.924
-0.622,-1.524,9.953
-0.718,-2.029,9.807
-0.419,-1.014,9.872
-0.261,-0.194,9.991
-0.462,0.033,10.03
-0.672,-0.885,10.159
-0.708,-1.397,9.86
-0.352,-0.732,9.81
-0.258,-0.746,9.982
-0.567,-0.498,9.963
-0.498,-0.349,10.068
-0.385,-0.605,9.944
-0.526,-1.038,9.917
-0.538,-0.627,10.027
-0.079,0.201,10.113
-0.182,0.385,10.085
-0.727,-0.184,9.927
-0.866,-2.192,9.676
-0.79,-2.893,9.633
-0.51,-1.404,9.635
-0.024,-0.4,10.02
0.251,0.33,9.994
-0.043,-0.476,10.008
-0.632,-1.189,9.996
-0.62,-0.306,10.152
-0.187,0.383,10.113
-0.189,-0.038,9.941
-0.677,-1.038,9.994
-0.823,-1.17,9.965
-0.469,-0.684,9.982
-0.364,-0.488,9.836
-0.569,-0.735,9.805
-0.684,-1.692,9.951
-0.507,-1.696,9.726
-0.371,-1.617,9.75
-0.275,-1.024,9.886
-0.333,-0.56,10.113
-0.804,-0.991,8.51
1.055,-2.747,8.113
-1.79,-0.785,10.685
-2.22,-0.469,10.415
1.677,-1.101,9.515
-4.716,-2.022,12.867
-0.072,-2.266,9.192
2.067,-0.522,9.365
2.177,-1.148,9.755
-1.321,-1.357,9.499
-2.857,-1.196,10.137
0.201,-1.565,9.587
-1.505,0.043,9.963
-2.278,-0.51,10.451
0.05,0.995,10.025
0.266,-0.593,9.833
0.957,-2.053,9.776
-0.546,-3.615,9.094
-1.177,0.318,10.159
-0.825,2.462,10.413
-1.838,0.479,9.975
-1.574,-2.539,9.109
-0.175,-1.361,9.912
-0.014,0.373,10.451
0.694,0.055,10.432
0.148,-0.617,9.793
0.019,-1.27,9.448
-0.569,-1.017,10.355
-0.912,-0.316,10.259
-0.084,-0.677,9.79
0.476,-1.069,9.202
0.928,1.68,9.829
-1.495,-0.902,10.441
0.383,-0.459,10.264
-3.342,0.766,9.793
-1.031,-1.084,9.893
0.079,0.23,10.401
-0.325,-0.943,9.099
-0.062,-0.567,9.556
-0.787,-0.921,10.125
-0.49,-0.668,10.537
-0.077,-1.323,9.824
-0.557,-0.569,10.968
-0.804,0.23,10.46
-0.065,-0.141,9.231
-0.041,-0.395,9.489
0.335,-0.445,9.735
0.349,-0.263,10.374
0.299,0.112,10.2
-0.304,0.39,9.86
0.462,0.103,9.616
-0.11,-0.06,10.147
-0.024,-0.05,10.063
0.636,-1.046,10.13
-0.038,-0.337,9.862
-0.438,0.007,10.247
-0.134,-0.732,9.549
0.301,-1.043,9.743
-0.11,-0.459,10.113
-0.153,-0.421,9.946
-0.479,-0.23,10.023
0.287,-0.529,9.678
-0.115,-0.531,10.133
-0.237,-0.816,9.934
-0.325,-0.246,10.207
-0.244,-0.194,10.111
0.12,-0.476,10.023
0.318,-0.524,9.862
-0.129,-0.321,10.264
-0.148,-0.237,9.975
-0.349,-0.519,9.987
0.0,-0.409,10.042
0.447,-0.397,9.585
-0.22,-0.44,9.527
-0.376,-0.567,9.991
-0.797,-1.002,9.549
-0.23,-0.435,11.329
-0.103,-0.275,9.826
0.089,0.144,9.372
0.045,-0.333,9.984
-0.33,-0.565,9.917
-0.105,-0.203,10.264
-0.266,0.139,9.81
-0.132,0.007,10.085
0.613,-0.49,9.731
0.467,-0.744,9.807
-0.112,-0.333,9.609
-0.364,-0.139,10.137
-0.395,0.117,9.946
-0.165,-0.117,9.642
-0.05,-0.349,9.929
0.072,-0.627,10.063
-0.208,-0.675,9.826
-0.426,-0.115,9.977
-0.342,-0.132,10.228
0.129,0.127,9.848
0.261,-0.359,10.484
0.38,-0.404,9.917
-0.292,-0.184,9.996
-0.105,-0.268,10.061
-0.323,0.086,10.212
0.153,-0.455,9.769
0.208,-0.51,10.073
-0.062,-0.388,10.02
-0.428,-0.115,9.778
-0.242,-0.029,10.255
0.354,0.074,9.996
0.335,-0.467,9.604
-0.352,-0.39,10.247
-0.285,-0.345,10.118
-0.237,-0.074,9.755
-0.065,-0.191,9.912
-0.029,-0.12,10.08
0.067,-0.816,9.891
-0.096,-0.498,10.197
-0.208,0.187,10.073
-0.282,0.139,10.034
0.091,-0.16,9.915
0.761,-0.598,9.774
0.239,-0.409,9.824
-0.191,-0.27,10.001
-0.364,-0.043,10.29
-0.232,-0.048,10.073
-0.079,-0.172,9.869
0.199,-0.445,9.666
0.017,-0.553,10.087
0.112,-0.502,9.833
0.038,-0.062,9.963
-0.311,-0.23,9.941
0.014,-0.376,9.85
0.024,-0.347,10.24
0.258,-0.471,9.91
-0.11,0.093,9.991
-0.354,-0.012,9.941
-0.151,-0.091,9.965
0.431,-0.526,9.891
0.301,-0.347,9.898
-0.194,-0.067,10.006
-0.27,-0.146,9.738
-0.385,-0.287,10.042
-0.244,-0.467,9.979
0.165,-0.471,10.214
0.254,-0.476,10.025
-0.1,-0.256,10.092
-0.39,-0.084,9.826
-0.17,-0.306,10.063
0.254,-0.361,10.106
0.354,-0.428,9.805
0.093,-0.39,9.759
-0.179,-0.215,9.953
-0.254,-0.227,10.013
0.045,-0.383,10.149
0.084,-0.392,10.03
-0.136,-0.002,10.13
0.1,-0.242,9.692
0.062,-0.359,9.91
-0.012,-0.378,10.082
-0.378,-0.127,10.032
-0.258,-0.371,9.874
0.103,-0.4,9.807
0.431,-0.356,10.058
0.086,-0.282,9.898
-0.223,-0.316,9.982
-0.299,-0.179,10.07
0.057,-0.29,10.204
0.141,-0.23,9.948
-0.151,-0.318,9.733
-0.12,-0.285,9.798
-0.141,-0.211,10.264
0.012,-0.165,10.118
0.139,-0.273,9.879
0.258,-0.4,9.79
0.39,-0.29,9.982
0.053,-0.184,10.097
0.096,-0.117,9.862
0.043,-0.124,9.936
-0.175,-0.139,10.09
-0.249,-0.481,9.944
0.026,-0.543,9.958
-0.012,-0.356,9.805
-0.254,-0.517,10.046
-0.079,-0.809,9.994
-0.156,-0.579,10.015
-0.196,-0.498,9.747
-0.081,-0.656,10.137
0.328,-0.644,10.042
0.045,-0.591,10.02
-0.223,-0.433,9.764
0.103,-0.215,9.845
0.117,-0.218,10.228
0.11,-0.55,9.989
0.263,-0.629,9.767
0.084,-0.665,9.872
-0.266,-0.306,10.267
-0.11,-0.668,10.18
0.041,-0.797,9.774
-0.129,-0.708,9.788
-0.141,-0.581,10.068
0.129,-0.208,10.015
0.983,4.393,10.788
-1.168,-8.192,11.748
1.364,9.915,14.841
-0.883,-5.706,5.886
-0.019,0.328,9.044
0.069,-0.835,10.334
0.254,-0.608,10.006
0.622,-0.708,9.774
0.27,-0.598,9.704
0.124,-0.402,10.001
0.014,-0.309,9.92
-0.258,-0.45,10.212
-0.074,-0.304,10.054
0.117,-0.156,9.793
0.371,-0.581,9.817
0.318,-0.624,9.999
0.086,-0.804,9.96
-0.589,-0.921,10.104
-0.794,-0.675,10.008
-0.711,-0.541,9.759
-0.423,-0.378,10.003
-0.404,-0.502,9.934
-0.139,-0.624,10.037
-0.744,-0.565,10.101
-0.175,-0.679,9.912
-0.464,-1.026,9.824
0.555,0.555,12.652
-4.132,-1.285,10.405
-0.388,-0.869,9.972
-0.349,-0.605,10.001
-1.455,-1.05,9.726
-2.85,1.354,9.798
-0.567,-0.239,10.039
0.005,-1.258,10.329
-1.11,-1.613,8.563
-0.869,-1.615,9.972
-1.976,1.402,9.795
-1.919,1.17,10.113
0.026,-0.596,9.889
-0.735,-0.811,9.582
-1.261,-1.503,9.824
-0.94,0.081,9.953
-1.182,-0.086,10.018
-1.065,-0.254,9.979
-0.758,-0.775,9.848
-0.134,-1.01,9.743
-1.136,-0.366,9.92
-1.436,0.261,9.953
-1.019,0.029,10.023
-0.991,-0.5,10.001
-0.486,-0.512,9.982
-0.522,-0.065,9.92
-1.16,-0.038,9.879
-3.563,0.768,9.956
-1.323,-0.227,10.023
-0.935,-0.191,9.8
-1.414,-1.002,9.946
-0.156,-0.737,9.867
-0.4,-1.036,9.788
-0.974,-1.024,9.829
-2.29,0.29,9.91
-0.797,0.096,9.841
-2.027,-0.179,10.061
-3.139,-1.412,10.171
-0.435,-1.067,9.656
1.041,1.33,9.989
-1.046,-0.603,9.898
-0.928,-0.452,9.723
-1.66,-0.675,9.903
-1.373,-0.084,9.948
1.424,1.299,9.865
-1.012,-0.426,10.116
-2.771,-0.438,10.051
-0.577,-0.048,9.843
-0.883,-0.062,9.989
-0.445,0.014,9.944
1.125,2.163,9.728
-0.569,0.246,9.891
-1.18,-0.223,10.032
-1.849,-0.225,9.7
-1.273,0.179,10.034
-0.627,0.345,9.932
-0.256,0.598,10.003
-1.27,-0.227,9.879
-1.058,-0.359,9.79
-0.404,-0.005,10.054
-1.014,0.263,9.805
-1.735,-0.232,10.154
-0.23,-0.239,10.044
-0.029,-0.036,10.104
-1.239,-0.057,9.905
-1.28,0.28,9.814
-0.684,0.821,9.81
-0.522,0.689,10.085
-0.179,0.017,10.25
-0.947,-0.299,9.951
-1.144,-0.105,9.831
-1.995,-0.615,10.085
-0.909,-0.124,10.116
-0.093,0.794,9.956
-0.577,-0.093,10.08
-1.213,-0.457,9.965
-1.51,-0.534,9.788
-0.749,0.318,9.845
-0.735,0.591,9.915
-0.751,-0.055,9.893
-0.139,-0.024,9.958
-1.337,-0.127,10.006
-1.859,-0.108,9.927
-0.581,-0.251,9.759
-0.196,0.036,9.979
-0.615,0.103,9.91
-1.213,-0.359,9.642
-1.199,0.1,10.015
-1.017,-0.022,9.97
-1.077,0.077,9.982
-0.641,0.708,10.015
-0.629,0.141,9.872
-1.45,-1.613,9.922
-1.924,-0.488,9.991
0.242,0.074,9.788
-0.83,-0.215,9.915
-1.835,-0.596,9.903
-1.428,-0.431,9.912
-1.098,-0.194,9.96
-0.809,-0.208,9.898
-0.66,-0.115,9.944
-0.514,-0.16,9.85
-1.885,-0.586,9.956
-1.445,-0.471,9.967
-1.55,-0.567,9.889
-0.945,-0.029,9.771
-0.629,-0.601,9.999
-0.919,-0.373,9.814
-1.242,-0.366,9.951
-1.806,-0.182,10.008
-2.34,0.249,9.877
0.065,-2.125,9.979
0.203,-2.428,10.087
-1.342,-1.062,10.113
-1.182,-0.469,9.857
-1.125,0.019,10.118
-0.285,-0.163,10.02
-0.615,0.483,9.668
-0.321,1.089,9.735
0.045,0.952,9.958
-0.421,0.091,10.243
-2.859,-2.172,10.044
-3.326,-3.077,10.078
0.744,1.187,9.798
0.22,-0.045,10.013
-0.617,-0.012,10.008
-1.596,-0.246,9.817
-2.675,-0.409,9.912
-0.409,-0.49,10.058
-0.1,-0.136,9.601
-0.589,-0.206,9.975
-1.914,0.177,9.953
-2.115,0.364,10.068
-0.479,-0.036,9.996
0.036,-0.912,9.831
-0.005,-0.703,9.802
-1.007,-0.696,9.881
-0.62,0.067,9.857
-1.385,-0.232,10.068
-1.448,-0.443,9.932
-0.61,-0.488,10.006
-0.699,-0.383,9.819
-1.031,-0.34,10.006
-0.735,-0.404,9.855
-0.775,-0.282,9.939
-1.455,-0.105,9.941
-1.94,0.055,9.982
-1.426,0.172,9.951
-0.34,-0.345,10.003
0.495,-0.739,9.874
-1.067,-0.548,9.74
-2.034,0.122,10.063
-1.302,0.098,10.068
-0.694,-1.153,9.9
-1.031,-0.77,9.7
-0.737,-0.1,9.898
-1.302,-0.287,10.011
-1.282,-0.557,9.982
-0.794,-0.632,9.776
-0.459,0.493,9.154
-0.742,-0.684,10.221
-1.034,-0.144,9.877
-1.768,0.318,9.97
-2.342,0.756,9.898
-2.218,0.223,9.97
-0.175,-3.228,10.209
-0.615,-1.409,9.975
-3.718,-1.838,9.441
-3.752,-0.036,10.025
-1.263,0.773,10.051
0.794,-0.287,9.9
-0.261,-1.036,9.738
-1.45,-1.311,9.771
-1.543,-0.127,9.838
-1.995,0.392,9.903
-1.584,-0.065,10.039
-1.11,-0.519,9.857
-1.01,-0.639,9.81
-1.785,-0.115,9.946
-1.639,0.048,9.855
-1.409,-0.287,9.891
-0.907,-0.311,9.889
-1.258,-0.06,9.857
-1.56,-0.373,9.963
-1.091,-0.223,9.843
-1.33,-0.479,9.8
-1.706,-0.033,9.855
-1.359,0.086,9.975
-0.746,-0.297,9.965
-1.445,-0.323,9.91
-1.995,-0.045,9.759
-2.273,-0.337,9.987
-1.091,-0.435,9.69
-0.227,-0.093,9.833
-1.282,0.388,9.881
-2.158,0.177,9.917
-1.366,-0.479,9.946
-0.711,-0.687,9.81
-0.88,0.299,9.812
-1.409,1.067,9.121
-1.168,-0.768,10.604
-0.632,0.163,9.857
-2.347,-2.22,9.654
-1.95,0.849,10.032
-1.165,2.122,9.865
-0.184,3.874,9.738
-3.967,-4.929,9.417
-2.105,2.665,9.58
-4.067,0.048,9.853
-0.869,0.526,9.951
0.804,-0.931,9.857
0.117,-1.172,9.695
-1.081,-1.323,9.556
-1.708,-0.699,9.601
-2.043,-0.648,9.893
-1.39,-0.325,10.051
-0.914,-0.16,9.987
-1.562,0.1,9.924
-1.895,0.132,9.958
-1.969,0.325,9.915
-1.581,-0.024,9.774
-1.641,-0.335,9.774
-1.684,-0.433,9.862
-1.503,-0.081,10.066
-1.175,0.014,9.848
-1.352,-0.292,9.831
-2.103,-0.249,9.826
-1.696,0.024,9.862
-0.89,-0.156,9.819
-1.299,-0.371,9.874
-1.093,-0.304,9.841
-1.256,-0.428,9.898
-1.854,0.117,9.855
-1.699,-0.043,9.824
-1.337,-0.416,9.987
-1.093,0.206,9.939
-1.493,0.371,9.934
-3.232,-2.503,12.154
0.751,-0.495,10.515
-1.215,-1.014,9.762
-4.187,1.098,9.214
-2.055,0.61,9.697
-1.629,0.641,10.13
-0.943,0.28,9.951
-1.223,-0.215,9.829
-1.684,-0.23,9.659
-1.861,0.27,9.934
-1.098,-0.045,10.023
-0.268,-0.584,9.793
-0.488,-1.081,9.625
-1.684,-0.517,9.7
-2.206,-0.443,9.979
-1.299,0.081,10.034
-1.117,-0.294,9.934
-1.148,-0.627,9.855
-1.364,-0.811,9.807
-1.538,-0.897,9.805
-1.622,0.122,9.896
-1.586,0.342,10.044
-0.945,0.16,9.946
-1.22,-0.445,9.826
-1.553,-0.522,9.721
-1.366,-0.467,9.881
-1.27,-0.167,9.934
-0.802,0.045,9.853
-1.182,-0.127,9.934
-1.632,-0.127,9.972
-1.555,0.081,9.886
-1.084,0.069,9.972
-1.012,-0.514,9.743
-1.526,-0.593,9.948
-1.306,0.206,9.85
-1.696,0.019,9.857
-1.278,-0.725,9.946
-0.919,-1.397,9.647
-1.22,-0.359,9.709
-1.821,-0.263,10.068
-1.61,0.055,10.025
-1.692,2.565,7.831
-0.512,-0.632,10.422
-0.802,-2.476,9.554
-2.428,0.919,8.585
-3.886,-0.074,10.195
-2.089,3.642,9.939
-3.39,-5.312,9.877
-1.804,-3.625,9.207
-1.235,-0.536,9.274
-1.392,-0.301,9.81
-2.275,0.883,9.884
-2.156,-0.617,9.836
-1.026,-1.438,9.644
-0.979,-0.397,9.704
-1.409,-0.754,9.903
-1.014,-1.069,9.802
-1.737,-0.957,9.831
-1.653,-0.371,9.695
-1.581,-0.51,9.795
-1.849,-0.596,9.824
-1.993,-0.041,9.972
-1.976,0.163,9.979
-1.871,-0.397,9.862
-1.562,-1.065,9.812
-1.304,-0.306,9.688
-2.091,0.165,9.85
-2.522,-0.132,9.972
-1.553,-0.38,9.857
-1.491,-0.536,9.616
-2.326,-0.565,9.867
-1.864,0.196,9.822
-1.66,-0.943,9.905
-1.61,-0.036,9.752
-1.572,0.081,9.719
-3.594,-3.208,13.236
0.12,-1.201,10.212
-1.833,-0.974,9.482
-4.386,3.156,9.958
-3.795,0.572,9.932
-2.35,0.062,10.106
-1.314,-0.723,9.769
-0.646,-1.608,9.831
-0.921,-0.624,9.685
-1.378,0.16,9.91
-1.883,-0.146,10.061
-1.072,-0.809,9.838
-0.404,-1.237,9.633
-1.079,-1.55,9.58
-1.976,-1.048,9.731
-2.055,0.349,10.013
-1.938,-0.108,10.125
-1.536,-0.823,9.862
-1.558,-1.282,9.69
-1.546,-1.072,9.659
-1.534,-0.842,9.75
-1.462,-0.624,9.905
-1.352,-0.469,9.853
-1.512,-0.845,9.778
-1.802,-0.962,9.7
-1.818,-0.938,9.735
-1.912,-0.244,9.912
-2.084,-0.723,10.063
-1.627,-1.244,9.845
-1.273,-1.172,9.709
-1.641,-1.189,9.711
-1.637,-0.593,9.755
-1.629,-0.823,9.762
-1.704,-0.861,9.798
-1.945,-0.687,9.798
-2.012,-0.5,9.853
-1.653,-0.581,9.843
-1.546,-0.744,9.845
-1.581,-0.981,9.788
-1.785,-0.648,9.752
-2.591,-0.581,9.771
-1.931,-0.935,9.836
-1.213,-1.067,9.714
-1.639,-0.292,9.75
-2.007,-0.593,9.996
-2.261,-0.517,9.829
-1.806,-1.581,9.764
-0.682,-0.445,9.664
-0.947,0.852,9.884
-4.402,-3.345,14.133
-1.462,-2.72,10.97
-1.701,-1.589,9.865
-2.481,0.474,8.809
-3.931,1.761,9.857
-2.737,-0.172,10.02
-0.404,-0.409,9.944
-1.122,-0.263,9.776
-0.943,0.742,9.35
-3.256,-0.574,9.924
-2.766,-5.596,10.226
-1.125,-2.665,9.908
-1.529,-1.034,7.967
-3.608,1.33,9.853
-2.292,1.345,9.977
0.684,0.77,10.058
-1.692,0.031,9.274
-3.323,-1.381,9.137
-4.979,-4.323,10.81
-0.943,-1.708,10.276
-0.294,-0.328,8.089
-3.249,1.093,9.458
-1.488,1.282,10.372
0.634,0.227,9.869
-1.816,0.244,9.501
-3.467,2.07,3.819
-3.974,-4.168,11.453
0.227,-2.182,10.113
1.302,2.797,7.912
-5.371,1.172,10.087
-1.101,1.029,10.212
0.06,-0.005,9.707
-1.433,-0.1,9.36
-4.754,-1.199,10.255
-4.096,-3.869,11.468
0.364,-1.704,9.757
0.215,1.584,7.989
-3.778,1.857,9.611
-0.682,0.62,10.499
-1.227,0.534,9.786
-1.943,-1.175,9.087
-4.316,-4.589,11.001
-2.149,-2.077,11.298
-1.625,-1.696,9.324
-1.637,2.405,9.453
-2.405,0.663,9.74
-0.414,-0.928,10.31
-0.407,0.761,9.609
-2.261,-0.943,9.676
-4.754,1.158,3.594
-2.457,-4.242,11.783
-0.569,-0.751,8.879
-2.838,1.103,9.51
-2.78,1.302,9.807
-0.215,-0.744,10.334
-0.864,0.5,9.24
-2.878,-1.373,9.891
-3.692,-3.692,10.714
-0.373,-1.981,11.181
-2.11,-0.835,8.625
-2.845,1.849,9.463
-2.005,0.574,9.929
-0.775,-0.206,10.238
-0.268,1.208,9.417
-3.065,-1.799,9.786
-4.498,-4.424,10.334
0.462,-1.565,10.621
-1.833,0.055,8.506
-3.572,1.309,9.769
-2.517,1.06,9.946
-0.256,-0.242,10.118
-1.235,0.548,9.233
-2.885,-1.62,9.786
-3.96,-4.869,10.396
-0.067,-1.814,10.625
-1.787,0.416,8.436
-2.78,1.663,9.549
-1.115,0.739,10.111
-1.266,-0.316,9.97
-1.177,1.098,9.659
-5.682,-3.972,13.427
-2.283,-1.503,11.456
-1.665,-1.45,9.372
-0.916,0.354,8.494
-4.285,0.153,9.68
-1.632,-0.447,10.02
-0.699,-0.828,9.831
-2.309,-1.247,9.786
-2.103,-1.122,9.877
-1.158,-0.309,9.654
-0.926,-0.749,9.68
-2.07,-0.823,9.738
-2.125,-0.94,9.936
-1.593,-0.124,9.936
-1.771,-0.577,9.92
-1.823,-0.919,9.862
-2.28,0.416,9.728
-2.122,-0.208,9.79
-1.038,-0.852,9.496
-1.964,-1.01,9.762
-2.371,-1.06,9.805
-1.273,-0.821,9.774
-0.928,-0.481,9.743
-2.177,-0.096,9.9
-1.751,-0.636,10.044
-1.297,-0.847,9.714
-1.603,-0.701,9.836
-1.5,-0.254,9.814
-1.474,-0.215,9.972
-1.416,-0.467,9.958
-1.845,-0.596,9.728
-2.34,0.084,9.841
-2.132,-0.873,9.991
-0.976,-0.813,9.702
-1.433,-1.117,9.716
-2.278,-0.864,9.778
-1.596,0.01,9.85
-1.615,-0.586,9.948
-1.483,-0.641,9.661
-1.641,-0.498,9.85
-1.969,-0.294,9.814
-1.983,0.117,9.898
-1.129,0.196,9.826
-0.89,-0.124,9.764
-3.472,-0.098,8.214
-1.653,-3.704,10.374
