-0.691,0.103,9.967
-2.156,0.098,10.133
-0.67,-1.235,9.896
-1.0,-1.809,9.886
-1.304,-1.735,9.75
-1.452,-0.935,9.984
-1.579,-0.129,10.068
-2.247,0.627,10.166
-1.57,-0.313,10.034
-0.773,-0.876,9.924
-0.926,-1.27,9.874
-1.081,-1.201,9.891
-1.797,-0.529,9.958
-1.955,-0.06,10.049
-1.916,-0.787,10.082
-1.273,-0.957,9.963
-1.077,-0.835,9.812
-1.481,-0.634,9.967
-1.235,-0.029,10.049
-1.639,-0.304,10.068
-1.572,-0.601,9.979
-1.531,-1.206,9.939
-1.407,-0.658,9.831
-1.359,-0.562,9.975
-1.342,-0.407,9.97
-2.189,-0.163,10.082
-2.189,-0.679,10.068
-1.211,-0.665,9.991
-0.316,-0.598,9.905
-0.823,0.11,9.912
-2.292,-0.136,10.101
0.447,0.306,9.802
-1.297,-1.014,10.07
-1.428,-0.981,9.826
-1.254,-1.18,9.908
-2.675,-0.44,10.152
-1.268,-0.318,10.046
-0.593,-0.187,9.927
-1.904,-0.165,10.075
-1.704,-0.428,10.001
-1.67,-0.29,9.989
-1.464,-0.342,9.833
-0.684,-0.945,9.738
-0.682,-1.108,10.118
-0.945,-0.699,9.769
-0.239,-0.249,9.704
-2.673,-0.431,10.066
-1.218,-0.356,9.929
-1.27,-0.505,10.101
-1.916,-0.471,9.92
-1.495,-0.617,10.037
-1.538,-0.825,10.078
-0.27,-0.715,9.707
-1.062,-0.335,9.783
-1.129,0.203,10.087
-1.735,-1.278,10.223
-1.565,-1.388,9.912
-1.548,-0.864,9.824
-1.244,-0.419,9.963
-1.254,0.447,10.219
-1.014,-1.215,9.884
-1.278,-1.081,9.867
-1.158,-0.586,10.156
-1.524,1.378,9.838
-1.163,-1.4,9.781
-0.38,-0.976,9.843
-1.737,-1.058,9.862
-0.426,-0.031,9.989
-0.256,-0.639,10.101
-1.067,-0.691,9.786
-1.05,-0.634,10.087
-1.043,-0.897,10.149
-1.34,-1.158,10.101
-1.517,-0.739,9.805
-1.603,0.043,10.046
-1.029,0.029,10.101
-0.88,-0.447,10.092
-1.275,-0.51,9.723
-1.093,-1.0,9.996
-1.5,-0.847,10.061
-1.345,-0.134,9.989
-0.572,-0.388,9.884
-0.746,-1.115,10.078
-0.995,-1.187,10.013
-1.278,-0.952,9.877
-0.914,-0.569,9.908
-0.821,-0.335,9.967
-1.079,-0.467,10.056
-1.134,-1.172,10.023
-1.325,-0.904,9.932
-0.921,-0.679,9.96
-0.813,-0.435,9.996
-0.916,-0.368,10.001
-1.227,-0.639,10.027
-1.134,-0.725,10.023
-1.266,-1.184,10.094
-1.072,-0.656,9.85
-0.78,-0.579,9.932
-1.328,0.014,10.018
-0.943,-0.873,10.02
-0.866,-0.916,9.927
-1.108,-0.895,10.003
-0.986,-0.447,9.994
-0.983,-0.022,9.912
-1.079,-0.175,10.075
-0.847,-1.026,9.934
-0.938,-1.227,9.991
-1.254,-0.859,9.91
-1.108,-0.613,9.896
-0.615,-0.227,10.011
-1.428,-0.345,10.13
-0.622,-0.892,9.898
-1.048,-0.825,9.881
-1.548,-0.971,10.063
-1.787,0.562,10.113
-1.359,-0.261,10.097
-1.081,-1.165,10.24
0.641,-1.177,9.874
-0.615,-1.483,10.314
-1.101,-0.847,10.137
-1.385,0.05,9.905
-1.323,-0.079,9.891
-1.526,-0.572,10.257
-5.292,-2.804,10.09
-2.144,-0.486,10.128
-0.967,-0.378,10.07
-0.297,-2.644,8.891
-2.036,0.371,9.953
-2.596,0.371,9.982
-0.538,-0.474,9.912
-0.416,-0.452,9.92
-2.041,-0.093,10.073
-1.526,-0.505,9.869
-2.034,-0.718,10.008
-1.692,-0.548,9.979
-1.395,-0.55,9.948
-1.122,-0.632,9.963
-0.242,-0.538,9.781
-0.407,-0.402,9.91
-1.16,-0.658,10.051
-1.323,-0.443,10.023
-0.873,-0.79,9.9
-0.964,-0.794,9.96
-1.345,-0.809,10.042
-0.706,-0.555,9.946
-1.232,-0.311,9.999
-1.115,-0.096,9.975
-1.603,-0.56,9.999
-1.706,-0.869,9.97
-1.404,-1.06,9.956
-0.809,-1.048,9.948
-1.464,-0.79,10.025
-1.658,-0.447,10.056
-1.388,-0.555,9.989
-1.091,-0.725,9.97
-0.639,-0.66,9.788
-1.426,-0.658,10.001
-1.955,-0.423,10.058
-1.744,-0.256,10.044
-1.148,0.136,10.02
-0.481,-0.677,9.829
-2.414,-0.967,9.879
-0.325,-2.168,11.114
0.036,-1.605,10.386
-2.192,-1.421,9.482
-1.692,-0.888,9.984
-0.605,-0.359,9.999
-1.883,0.002,10.006
-1.175,-0.323,9.822
-1.383,-0.921,10.068
-1.598,-0.756,10.049
-0.861,-0.962,9.829
-0.538,-0.598,9.867
-1.182,-0.45,10.02
-1.476,-0.495,9.982
-1.723,-0.84,9.948
-1.256,-1.251,9.927
-1.27,-1.117,9.958
-1.036,-0.591,9.941
-0.919,-0.184,9.991
-1.122,-0.337,9.989
-1.433,-0.656,10.003
-1.407,-0.825,9.889
-1.409,-0.615,9.936
-1.163,-0.725,9.917
-1.091,-0.751,9.92
-1.385,-0.818,9.939
-1.194,-0.718,9.917
-1.292,-0.368,9.967
-1.605,-0.23,10.049
-1.199,-0.555,9.991
-1.151,-0.947,9.862
-1.187,-0.876,9.833
-1.416,-0.689,9.939
-1.589,-0.392,10.001
-1.471,-0.421,9.991
-1.122,-0.802,9.936
-1.117,-1.235,9.853
-1.857,-0.924,9.924
-1.16,-0.593,9.908
-1.146,-0.345,10.023
-1.282,-0.256,9.975
-1.785,-0.443,10.121
-0.78,-1.125,9.891
0.134,-1.278,9.604
-1.617,-0.555,9.941
-1.995,0.115,10.082
-1.424,-0.414,10.044
-0.579,-2.553,12.922
-0.718,-1.45,10.075
-1.208,-1.168,9.429
-3.309,-0.773,9.542
-1.933,0.077,10.161
-0.679,-0.043,9.891
-0.945,-0.105,9.939
-1.404,-0.498,9.991
-1.749,-0.301,9.996
-1.287,-0.438,10.02
-1.349,-0.507,10.001
-0.811,-0.797,9.932
-0.452,-1.065,9.786
-1.806,-0.744,10.006
-1.479,-0.254,9.922
-0.507,-0.517,10.008
-1.002,-0.526,9.963
-1.443,-0.603,9.929
-1.61,-0.663,9.994
-1.378,-0.55,10.013
-0.601,-0.601,9.934
-0.668,-0.397,9.814
-1.239,-0.457,9.96
-1.945,-0.512,10.044
-1.723,-0.589,9.999
-1.225,-0.627,9.982
-0.991,-0.263,9.915
-1.12,-0.78,9.917
-1.254,-0.732,9.872
-0.802,-1.333,9.857
-1.596,-0.991,9.903
-1.404,-0.447,9.932
-1.546,-0.371,10.044
-1.314,-0.29,9.896
-1.172,-0.536,9.857
-1.134,-0.514,9.958
-1.45,-0.268,10.032
-2.027,-0.115,10.003
-1.247,-0.349,10.025
-0.739,-0.794,9.869
-0.469,-0.95,9.778
-1.476,-0.919,9.946
-2.208,-0.096,10.063
-0.871,-0.519,9.994
-0.691,-0.646,9.9
-1.151,-0.746,9.912
-1.931,-0.505,10.006
-0.718,-0.014,9.917
-3.445,0.366,6.917
-0.1,-1.151,10.728
-0.502,-0.72,10.384
-1.775,-0.488,9.702
-2.572,-0.89,9.853
-1.646,0.196,9.991
-0.548,-0.615,9.877
-0.912,-0.256,9.967
-2.012,-0.605,9.987
-1.83,0.194,10.097
-0.658,-0.479,9.972
-0.624,-0.77,9.884
-0.005,-1.189,9.719
-1.335,-0.823,9.932
-2.799,0.33,10.195
-1.041,-0.292,10.056
-0.055,-0.897,9.884
-0.445,-1.203,9.745
-0.627,-1.177,9.778
-1.794,-0.232,10.142
-2.388,0.208,10.128
-1.055,-0.785,10.058
-0.648,-1.046,9.824
-1.146,-1.014,9.814
-1.125,-0.447,9.869
-1.672,-0.045,10.087
-1.113,-0.481,9.999
-1.294,-0.991,9.996
-1.553,-1.168,10.003
-1.55,-0.629,9.953
-1.725,0.007,10.073
-0.986,-0.091,10.056
0.486,-0.687,9.898
0.177,-0.95,9.728
-1.725,-1.292,10.063
-0.615,-0.739,9.843
-0.234,-0.715,9.857
-1.433,-0.682,10.018
-2.22,-0.596,9.987
-1.694,-0.208,9.96
-1.938,-0.311,10.075
-3.287,-0.1,10.31
-2.94,-0.708,10.487
2.452,-0.613,9.439
0.615,-0.797,9.91
-2.354,-0.33,10.341
-1.177,-0.335,9.972
-0.333,-0.562,9.896
-1.156,-0.976,10.013
-1.005,-1.055,9.877
-0.866,-0.751,9.932
-1.05,-0.364,10.032
-0.933,-0.167,9.967
-0.852,-0.304,10.018
-0.9,-0.416,10.027
-0.959,-0.266,10.015
-0.988,-0.251,10.003
-0.967,-0.514,10.015
-0.986,-0.825,9.929
-1.392,-1.192,9.317
-0.189,-1.163,10.925
-0.352,0.069,10.872
-0.495,-2.01,9.42
-1.445,-0.897,9.69
-1.572,-0.658,10.355
0.036,0.139,10.085
0.443,0.656,9.929
-1.345,-1.304,10.209
-2.23,-1.12,10.295
-1.239,-0.931,10.006
1.5,-3.196,8.611
0.089,2.373,10.401
0.263,0.857,10.288
-2.046,-2.067,10.525
-3.988,-2.034,9.915
-2.141,-1.043,7.257
0.567,-1.916,9.764
-0.019,-0.974,11.236
-1.718,-0.88,10.159
0.093,-0.682,9.592
1.725,-1.632,9.752
1.981,-1.18,11.252
1.443,-0.773,9.439
-2.783,-4.515,7.941
-0.534,3.424,10.637
-1.278,-0.933,9.896
-0.364,0.191,10.027
-1.093,-0.029,10.068
-1.223,-1.302,10.054
-0.505,-1.218,9.798
-0.991,-1.158,10.008
-1.05,-1.223,9.91
-0.806,-1.16,9.948
-0.957,-1.163,9.912
-0.964,-1.17,9.917
-0.883,-0.971,9.924
-0.979,-1.046,9.96
-0.897,-0.993,9.946
-0.869,-1.043,9.951
-0.924,-0.95,9.939
-0.89,-0.787,10.015
-0.909,-0.706,10.015
-0.861,-0.823,9.996
-0.833,-0.912,9.994
-0.926,-1.017,9.975
-0.957,-1.077,9.979
-0.871,-1.122,9.987
-0.902,-1.163,9.965
-0.914,-1.127,9.965
-0.869,-1.129,9.982
-0.916,-1.022,9.941
-0.95,-1.11,9.951
-0.938,-1.077,9.922
-0.835,-0.971,9.946
-0.873,-0.904,9.967
-0.873,-0.943,10.08
-0.821,-1.201,9.829
-1.395,-1.014,9.987
-0.641,-0.742,10.013
-0.689,-0.744,9.963
-1.254,-0.758,10.032
-0.935,-0.904,10.025
-0.751,-1.177,9.939
-1.11,-1.412,9.948
-1.012,-1.448,9.946
-0.768,-1.371,9.891
-0.931,-1.098,10.018
-0.998,-0.94,9.994
-0.967,-0.986,9.948
-0.938,-1.165,9.96
-0.928,-1.337,9.922
-0.852,-1.426,9.776
-1.01,-1.974,9.915
-1.084,-1.675,9.922
-1.383,-0.584,9.819
-0.567,0.225,9.848
-0.634,0.115,10.121
-0.928,-0.718,9.759
-0.995,-0.603,9.728
-0.62,0.859,9.503
-0.56,2.223,9.527
-0.737,3.11,9.63
-0.423,3.352,9.676
-0.565,3.536,9.549
-0.251,3.467,9.319
-0.105,3.354,9.247
-0.206,3.469,9.379
-0.371,3.582,9.391
-0.519,3.216,9.396
-0.869,2.321,9.829
-0.708,1.79,9.573
-0.294,1.615,9.353
-0.266,2.256,9.317
-0.378,3.235,9.338
-0.423,3.57,9.326
-0.835,3.548,9.731
-0.847,3.139,9.867
-0.691,2.472,9.793
-0.706,1.646,9.75
-0.598,0.986,9.661
-0.797,0.701,9.9
-0.83,0.55,10.034
-0.553,-0.263,9.857
-0.567,-0.904,9.738
-0.749,-1.261,9.771
-0.921,-1.361,9.843
-0.799,-1.175,9.886
-0.768,-0.706,10.018
-0.756,-0.414,9.977
-0.797,-0.163,10.013
-0.742,-0.321,9.994
-0.751,-0.634,9.953
-0.742,-0.866,9.963
-0.77,-0.804,9.932
-1.06,-1.486,11.693
-0.993,0.959,13.317
-0.902,-1.175,12.083
0.309,9.714,11.874
-0.428,-0.861,7.472
-0.768,0.062,9.829
-0.754,-0.347,10.008
-0.847,-0.373,10.008
-0.83,-0.495,9.996
-0.785,-0.593,9.951
-0.687,-0.656,9.972
-0.684,-0.613,9.946
-0.679,-0.536,9.999
-0.718,-0.261,9.975
-0.809,-0.084,10.034
-0.823,-0.033,10.061
-0.718,-0.211,10.03
-0.706,-0.352,10.039
-0.675,-0.325,10.008
-0.732,-0.447,9.948
-0.691,-0.378,10.027
-0.679,-0.215,9.999
-0.72,-0.16,10.015
-0.787,-0.246,10.008
-0.83,-0.689,9.989
-0.727,-1.192,9.874
-0.656,-1.22,9.924
-0.754,-0.847,9.953
-0.782,-0.419,10.027
-0.699,-0.304,10.07
-0.646,-0.139,10.025
-0.701,-0.275,10.02
-0.735,-0.672,9.944
-0.694,-0.694,9.979
-0.732,-0.349,9.951
-0.739,-0.01,10.008
-0.727,-0.146,10.011
-0.737,-0.679,9.97
-0.639,-1.089,9.917
-0.596,-1.014,9.884
-0.72,-0.72,10.001
-0.77,-0.5,9.979
-0.706,-0.352,10.015
-0.701,-0.481,10.027
-0.658,-0.574,10.013
-0.622,-0.677,9.948
-0.699,-0.754,10.011
-0.787,-0.857,9.994
-0.668,-1.005,9.915
-0.641,-1.306,10.133
-0.045,4.304,10.446
-0.871,-3.5,11.051
-0.244,6.331,11.882
-0.778,2.998,12.848
-0.574,0.043,9.283
-0.529,-0.869,10.037
-0.412,-1.144,9.884
-0.546,-1.06,9.951
-0.696,-0.703,9.96
-0.792,-0.505,10.037
-0.825,-0.591,10.051
-0.854,-0.656,9.975
-0.792,-0.775,9.97
-0.584,-0.907,9.92
-0.603,-0.737,9.881
-0.629,-0.201,9.951
-0.634,0.225,9.987
-0.687,0.268,9.975
-0.802,0.079,9.939
-0.825,-0.079,9.965
-0.711,-0.026,9.865
-0.852,-0.388,9.908
-0.778,0.086,9.912
-0.653,0.708,9.865
-0.902,1.194,9.912
-0.536,1.385,9.877
-0.691,0.785,9.75
-1.058,0.089,9.898
-0.883,0.256,9.793
-0.708,1.043,9.697
-0.711,2.034,9.704
-0.572,2.35,9.499
-0.237,3.053,9.582
-0.809,2.495,9.783
-0.601,2.421,9.721
-0.5,2.266,9.582
-0.457,1.885,9.477
-0.737,0.835,9.802
-0.744,1.017,9.668
-0.613,1.605,9.551
-0.61,2.634,9.604
-0.885,3.637,9.503
-0.581,3.618,9.441
-0.459,3.517,9.637
-0.67,3.405,9.798
-0.022,2.826,9.491
-0.447,1.955,9.403
-0.976,1.091,9.635
-0.768,0.569,9.838
-0.534,1.366,9.577
-0.584,3.173,9.525
-0.644,3.764,9.589
-0.601,3.357,9.247
-1.084,1.811,9.716
-0.682,0.799,9.826
-0.644,-2.187,10.319
-0.416,9.331,13.121
0.01,12.58,11.824
-1.046,-2.273,6.115
-0.928,6.328,12.678
-0.825,-3.407,6.558
-0.089,7.333,12.583
-0.73,-0.421,7.077
-0.421,4.412,7.711
-0.675,2.261,9.999
-0.813,2.038,9.721
-0.493,1.644,9.585
-0.423,1.172,9.551
-0.653,0.756,9.714
-0.627,0.718,9.841
-0.4,1.744,9.664
-0.632,2.95,9.702
-0.636,2.565,9.74
-0.634,1.311,9.661
-0.627,0.361,9.836
-0.529,0.151,9.726
-0.452,2.283,9.733
-0.689,3.57,9.759
-0.66,3.615,9.74
-0.668,1.548,9.81
-0.601,-0.239,9.896
-0.557,-0.089,9.795
-0.524,1.416,9.771
-0.586,2.266,9.697
-0.713,2.517,9.759
-0.45,1.775,9.781
-0.603,1.744,9.817
-0.837,2.134,9.795
-1.103,1.11,9.786
-0.883,1.27,9.845
-0.574,1.273,9.676
-0.694,1.531,9.709
-0.921,1.531,9.884
-1.132,1.211,9.819
-1.093,1.014,9.982
-0.869,1.404,9.817
-0.735,1.857,9.743
-0.926,1.407,9.884
-1.007,0.933,9.79
-0.787,0.696,9.757
-0.636,0.589,9.889
-0.955,0.873,9.833
-1.017,1.144,9.865
-0.947,1.416,9.798
-0.947,1.304,9.877
-1.053,1.28,9.884
-0.95,1.187,9.872
-1.05,0.735,9.893
-1.237,-0.311,10.353
-2.079,0.502,10.444
-1.876,0.581,10.826
-1.617,-1.459,9.439
-1.57,-2.632,10.185
-3.122,-6.874,11.922
-1.67,-3.247,12.042
-0.636,-6.532,10.257
1.065,-12.559,6.501
1.744,-11.456,5.194
0.134,-7.482,5.809
-0.768,-4.484,5.426
-0.309,-1.871,4.232
-1.424,-1.275,3.711
-3.096,-0.797,3.857
-13.635,-10.293,32.881
5.35,34.781,14.985
-12.621,9.245,11.769
-9.855,-9.274,7.874
0.117,-10.647,5.69
-2.11,-5.017,8.518
-1.103,1.648,11.02
-2.149,0.359,11.685
-1.713,1.199,10.037
-2.438,-5.223,8.731
-2.062,-0.51,9.7
-2.149,-1.443,9.51
-2.541,-0.354,9.92
-2.132,-0.522,10.025
-2.072,-0.483,9.979
-1.771,-0.861,10.156
-2.158,-2.053,10.156
-2.027,-1.153,9.924
-2.005,-0.244,9.936
-1.893,0.005,9.467
-1.924,-0.23,11.044
-1.529,-0.196,10.264
-1.565,-3.041,9.68
-2.306,-1.529,9.623
-3.292,0.988,10.202
-2.263,-1.809,10.508
-1.23,0.043,10.901
-1.522,-3.948,8.953
-0.679,-4.68,8.642
-1.646,-1.55,8.448
-3.615,-2.146,8.58
-3.421,-2.261,9.889
-2.488,-1.258,10.063
-2.036,-2.821,9.518
-0.998,-3.048,9.013
-1.115,-2.615,9.963
-1.01,-1.577,10.384
-1.266,-2.101,11.159
-0.385,-3.744,10.405
-0.577,-3.23,11.393
-1.146,-2.718,10.81
-1.809,-3.95,11.157
-1.665,-6.01,12.396
0.292,-5.517,10.281
1.988,-5.419,9.049
0.919,-5.371,10.984
-0.1,-1.981,11.843
-0.093,-1.541,13.518
0.9,-5.45,11.35
1.282,-18.502,9.113
3.898,-15.997,5.079
2.9,-13.779,1.488
1.634,-13.872,-0.641
1.893,-14.949,-2.117
3.613,-14.858,-2.445
3.692,-13.087,-1.275
2.206,-10.948,-0.072
-0.077,-8.814,0.51
-0.909,-5.544,-0.708
-2.591,-3.122,1.737
-3.689,-0.782,2.591
-4.008,1.146,1.558
-5.776,0.926,0.617
-8.551,-1.4,3.682
-7.192,-6.534,3.883
-6.766,-9.305,4.077
-10.011,-4.902,2.888
-14.375,-6.352,1.242
-15.195,-9.137,-1.122
-17.136,-10.274,-0.395
-20.703,-8.419,1.749
-24.519,-5.422,17.942
-24.026,33.97,-8.503
-35.448,21.416,3.859
6.369,10.245,-6.261
-4.704,-4.541,-4.11
-17.052,-9.113,-0.615
-18.205,-6.156,-4.646
-12.329,-2.778,-2.041
-7.982,2.924,-2.455
-5.773,2.041,-1.732
-7.678,0.481,-1.165
-9.853,1.218,-2.108
-3.866,-6.938,-0.304
-18.624,3.062,-2.9
-5.173,-4.436,-2.132
-8.946,-2.235,0.689
-10.724,-0.285,7.216
-12.616,1.462,11.097
-9.702,2.895,4.132
-9.96,-0.141,1.213
-9.606,-5.312,-1.943
-9.922,-6.001,2.797
-9.542,-5.876,2.814
-11.506,-5.828,3.029
-10.532,-7.398,1.866
-13.532,-10.03,2.314
-12.276,-7.785,0.833
-14.238,-9.644,3.589
-14.722,-11.523,0.78
-12.898,-12.511,1.541
-15.59,-13.508,0.957
-12.054,-14.372,0.562
-15.997,-18.339,0.651
-13.549,-17.102,-1.287
-12.044,-15.162,-2.225
-14.36,-14.523,-1.079
-12.604,-14.614,-1.816
-10.874,-14.138,-2.137
-8.975,-12.616,-1.675
-6.635,-10.57,-1.579
-4.012,-8.896,0.797
-3.443,-7.989,2.436
-2.479,-7.398,2.507
-0.342,-6.254,1.902
1.672,-6.161,2.462
2.385,-4.206,4.187
1.749,-1.505,5.319
3.235,2.653,6.24
6.283,7.07,7.661
6.594,5.668,8.305
8.106,4.352,6.47
8.209,3.881,5.969
8.656,5.393,6.647
8.57,5.0,7.223
4.85,0.782,8.769
6.821,2.058,8.125
5.417,2.905,9.905
3.517,1.036,9.35
4.29,0.56,6.355
5.501,-0.17,3.022
6.46,-3.742,1.046
1.916,-5.424,2.962
2.421,0.421,4.986
6.752,4.163,8.869
2.673,-0.964,13.355
0.495,7.506,11.649
5.419,2.405,9.575
6.565,0.964,9.254
8.417,-2.361,5.919
11.549,-3.452,7.259
6.391,-5.414,7.927
2.627,2.531,8.64
-8.163,3.285,13.719
-8.927,-0.373,11.082
-5.077,-0.782,11.068
-3.268,-0.763,9.987
-1.634,-4.28,10.714
-0.002,-0.543,12.958
0.83,-0.122,9.563
-4.225,-3.78,13.334
0.354,0.601,10.381
-3.228,-2.053,11.642
-1.249,0.359,11.35
-3.316,-2.725,11.508
-2.058,-2.012,10.286
-2.476,0.117,12.183
-2.01,-1.263,9.489
-1.247,-0.598,11.578
-1.464,0.77,10.783
-1.012,-0.754,10.793
-1.646,-0.426,11.688
-2.098,0.615,13.078
-1.017,0.385,11.886
-0.636,-1.782,10.992
-0.383,-1.029,11.716
-1.742,-0.565,12.772
-0.644,-0.909,12.085
-0.17,-2.68,10.738
-0.536,-1.852,10.511
-1.199,-1.541,10.929
-0.758,-1.684,10.374
0.792,-2.342,10.968
2.125,-0.1,10.264
1.022,-0.385,10.104
1.625,-0.266,9.989
0.907,-0.342,10.436
1.17,-0.842,9.298
2.29,-2.503,8.178
2.558,-1.445,7.9
2.094,-0.34,7.831
2.373,0.16,8.295
1.354,-3.034,6.826
1.821,-4.546,5.343
1.919,-1.672,6.776
2.12,-0.785,6.558
2.421,0.754,6.857
2.082,1.933,7.005
0.366,0.967,7.235
1.285,-0.304,6.852
0.299,-2.957,6.852
1.282,-1.78,6.891
-0.871,0.419,7.728
0.093,1.316,6.828
-0.723,-1.127,7.419
2.244,-1.78,6.919
2.596,-0.39,8.3
2.658,-1.019,7.91
2.278,-1.017,7.771
2.321,-1.084,8.494
1.335,0.026,8.661
-1.136,-0.201,10.24
-2.457,-1.62,11.571
-4.17,-3.256,13.774
-6.568,-2.67,13.386
-3.491,1.175,14.095
-3.263,0.153,13.552
-3.462,-1.079,15.08
-2.34,-0.067,15.068
-2.577,-0.299,14.497
-2.373,1.053,14.549
-1.34,3.481,13.3
-3.297,1.873,13.879
-1.412,1.33,14.348
-2.491,0.17,13.164
-3.041,1.084,13.449
-2.55,0.464,12.164
-1.648,0.431,11.482
-1.503,-1.414,10.463
-1.242,-2.393,9.35
-0.648,-1.727,9.288
-0.16,-1.134,9.568
1.211,-0.156,6.094
2.0,-1.675,4.034
1.247,-3.292,3.426
1.031,-4.747,4.132
0.62,-2.23,4.835
0.663,0.758,6.453
-0.11,0.282,6.723
-1.337,-2.065,6.295
-0.916,-2.192,7.386
-1.194,-0.869,8.302
-1.105,-0.093,8.991
-0.531,-1.232,8.415
0.179,-2.723,7.517
0.79,-2.512,7.888
2.546,-2.275,8.824
4.991,-2.122,9.745
4.328,-2.311,8.788
1.388,-1.352,8.934
0.5,0.866,9.644
-0.522,-0.768,11.645
-1.828,-2.811,13.054
-5.094,-5.036,13.939
-5.606,-2.785,14.851
-5.367,-3.486,12.896
-3.716,-6.115,12.752
-2.972,-2.261,15.317
-2.464,1.632,14.693
-2.828,-0.61,11.353
-4.072,-3.488,12.066
-4.622,-2.206,12.566
-3.414,-2.141,11.269
-0.821,-2.933,11.599
-1.069,-1.883,10.719
-1.567,-2.773,9.977
-1.335,-4.945,9.503
-1.325,-3.194,8.297
-0.61,-3.761,7.941
-0.337,-2.852,8.455
0.036,-0.928,8.02
-0.349,-0.847,6.147
-0.553,-2.914,5.434
-0.127,-4.362,5.702
-0.493,-2.976,7.151
-0.27,0.117,7.506
-1.201,-0.167,6.63
-1.634,-1.381,5.426
-2.024,-5.044,5.283
-1.519,-5.304,6.259
-0.916,-2.756,6.85
-0.074,-0.268,8.582
0.646,-1.771,9.36
3.321,-3.519,7.805
3.007,-1.481,8.288
1.517,-0.507,8.819
-1.237,-2.694,9.257
-1.797,-4.209,8.898
-4.254,-4.182,10.168
-5.211,-5.4,10.046
-6.283,-4.45,11.171
-6.919,-4.249,12.13
-3.567,-4.62,10.19
-3.651,-6.221,8.845
-4.065,-7.369,8.312
-3.919,-5.981,11.346
-3.388,-3.18,14.611
-3.199,-1.467,13.554
-3.378,-3.127,11.7
-3.225,-4.709,12.819
-2.704,-3.615,14.425
-3.689,-2.51,14.906
-4.496,-4.264,14.073
-4.29,-6.013,12.157
-3.775,-5.367,12.011
-2.665,-3.376,12.542
-3.575,-2.498,12.501
-4.063,-2.974,12.532
-2.761,-2.632,11.884
-2.144,-1.12,11.515
-3.46,-1.656,11.764
-1.366,-2.263,9.934
-2.775,-3.589,8.929
-1.948,-3.563,10.286
-1.419,-1.261,10.183
-0.002,-0.196,10.7
0.376,-1.464,9.154
1.345,-1.579,7.553
-0.036,-2.495,7.793
-0.191,-1.4,6.711
0.598,0.333,5.819
1.383,0.61,4.919
1.146,-1.443,4.266
0.416,-3.677,5.228
0.821,-3.149,5.419
0.354,0.002,6.893
-0.778,0.366,7.972
-1.534,-0.084,8.661
-0.744,0.05,8.668
-0.081,0.825,9.274
-0.16,0.995,9.702
0.165,0.531,9.793
0.28,-0.684,9.697
1.278,-0.957,9.707
3.046,-1.536,11.154
5.302,-2.653,11.975
4.9,-0.486,11.259
2.862,0.206,10.585
3.036,-1.148,10.204
0.818,-0.864,11.429
-2.625,-1.498,13.444
-4.768,-2.256,12.633
-4.393,-2.218,12.573
-2.237,-1.536,12.035
-1.148,-0.014,12.48
-1.72,0.579,13.633
-0.871,0.158,13.774
0.201,-0.048,12.958
-0.481,0.79,12.257
-0.971,-0.242,12.102
-0.435,-0.849,12.568
-0.026,-0.928,12.499
-0.486,-1.349,12.018
-0.285,-0.749,11.326
0.385,-1.498,9.994
1.065,-2.95,8.491
1.864,-2.129,8.692
2.704,0.56,9.135
2.338,0.129,6.781
1.701,-2.792,3.73
1.833,-3.378,5.084
1.847,2.263,8.508
-0.136,2.948,6.359
0.912,-1.28,5.13
2.512,-0.378,4.747
2.328,4.077,6.362
1.491,6.845,8.065
1.311,6.529,8.707
2.201,5.835,7.998
2.199,6.666,7.35
2.677,7.96,7.848
2.701,8.297,8.728
2.022,6.23,8.166
2.297,3.78,7.491
1.524,4.61,7.333
1.318,7.807,7.994
-2.23,7.403,7.666
-5.087,3.665,6.496
-7.077,2.692,6.694
-8.503,1.153,5.395
-8.398,-1.28,3.57
-8.046,-4.221,0.708
-7.288,-5.022,1.443
-6.12,-1.634,5.065
-6.505,-1.955,5.405
-7.276,-4.661,4.768
-9.281,-7.41,4.905
-10.757,-11.157,3.804
-11.092,-11.697,7.02
-14.509,-18.77,4.276
-19.784,-19.433,6.618
-21.16,-12.513,7.74
-22.186,-14.614,6.627
-25.328,-11.14,4.252
-20.296,-6.749,5.548
-12.535,7.924,2.622
-11.248,18.971,2.957
-25.689,6.044,3.785
-28.857,-0.16,8.977
-19.791,0.768,14.111
-27.854,-0.313,9.192
-22.371,-0.713,1.919
-25.55,-5.493,6.199
-30.18,-0.438,9.731
-26.739,-7.958,11.848
-24.258,-9.02,12.489
-15.102,-5.34,12.585
-13.865,3.0,16.358
-14.59,12.121,21.911
-1.584,2.864,23.112
-30.465,-15.908,23.399
-30.807,-19.509,16.715
-29.106,-9.774,6.06
-24.189,-9.771,0.565
-23.703,-6.776,9.092
-30.934,3.924,14.363
-48.931,18.339,19.526
-49.328,5.632,13.662
-42.526,-11.137,11.628
-36.085,-9.475,6.391
-30.154,1.089,-1.254
-26.5,14.784,0.136
-30.864,12.264,-2.357
-53.142,6.242,-20.009
-42.722,14.832,-29.244
-25.522,7.726,-27.749
-10.793,-1.467,-10.36
-20.787,39.413,22.509
-29.041,78.357,20.808
1.931,38.403,-25.359
18.459,0.156,-17.612
14.566,12.585,9.252
-0.435,12.145,6.316
0.237,10.219,9.967
1.438,2.763,11.977
-3.701,-0.165,13.769
-2.0,0.756,14.243
-4.376,1.967,15.011
-6.395,6.804,15.844
2.184,5.974,15.313
-9.79,3.122,5.881
-3.802,-9.697,11.042
-1.39,1.632,11.846
-3.697,0.428,11.843
-1.079,4.268,12.946
-5.271,0.687,13.985
-2.192,5.546,15.403
-1.845,5.156,14.073
-3.783,3.819,13.848
-1.66,3.256,13.252
-1.457,2.127,12.58
-0.502,4.249,12.114
-2.046,2.984,11.573
-5.524,1.44,9.417
-0.969,4.015,12.295
-1.402,4.388,11.96
-3.118,4.797,12.563
-2.436,3.613,12.19
-3.244,4.307,12.236
-4.113,4.371,12.999
-2.728,3.823,11.831
-1.883,5.283,12.346
-2.668,5.046,12.032
-2.78,3.484,9.874
-0.263,0.486,6.369
1.041,0.474,5.625
-0.244,8.522,4.644
-0.414,9.47,7.116
-1.058,4.369,6.149
0.196,4.376,4.393
-1.648,3.725,6.486
-1.505,6.52,7.07
-2.117,7.206,7.721
-1.668,6.18,6.187
-0.574,4.376,4.85
-0.431,4.216,4.651
0.574,5.902,4.295
0.921,5.364,4.366
0.079,3.799,3.773
-2.113,4.484,5.292
-1.914,6.728,6.292
-2.589,6.503,6.891
-3.185,3.295,5.919
-3.419,2.271,4.795
-5.12,1.16,3.859
-7.599,-0.737,4.048
-11.403,-2.668,4.11
-11.688,-1.06,5.711
-13.836,-2.744,6.692
-13.214,-5.855,6.647
-10.683,-9.408,4.656
-8.836,-12.26,4.869
-11.058,-13.891,6.522
-15.561,-19.121,5.457
-16.868,-15.025,8.041
-16.853,-13.958,7.773
-18.483,-14.726,7.343
-19.196,-12.925,6.874
-17.375,-7.034,3.986
-13.848,4.127,1.431
-14.183,12.425,1.603
-18.045,12.348,2.905
-24.263,-0.818,2.328
-26.165,-0.773,5.474
-24.074,1.976,7.745
-22.251,-0.787,4.488
-28.029,-2.806,3.737
-29.974,-5.163,8.489
-31.065,-6.728,7.462
-30.838,-12.456,9.652
-23.588,-7.491,11.987
-14.329,-5.802,16.815
-11.415,13.052,24.146
-6.508,13.114,34.204
-16.872,-7.477,28.345
-45.012,-25.479,18.77
-39.609,-21.052,4.218
-32.032,-12.068,-10.535
-27.802,-7.891,-2.182
-31.326,6.778,15.454
-42.782,1.998,23.409
-47.332,-7.343,18.368
-50.73,5.484,17.557
-45.124,8.333,5.163
-34.231,2.182,-8.034
-32.317,10.762,-4.134
-34.948,15.961,-2.359
-46.933,11.19,-21.696
-40.569,20.263,-30.802
-24.378,-2.768,-18.124
-8.714,8.185,1.01
-30.96,30.623,20.658
-10.448,78.357,31.785
8.814,32.283,-27.842
17.789,6.319,-12.693
9.068,2.507,11.063
-3.359,10.836,11.647
1.407,10.482,14.181
-4.984,10.032,16.559
0.416,-3.708,13.59
-5.56,-3.792,14.265
-9.656,-0.321,14.786
-6.429,2.067,15.473
1.871,4.551,13.308
-6.036,-0.089,8.183
0.847,3.603,6.202
-3.129,-1.524,9.764
-3.086,0.775,14.269
-5.19,3.409,13.367
-1.988,5.505,10.381
-3.522,7.056,14.207
-2.402,6.355,14.745
-7.24,3.548,15.112
-7.204,1.658,13.882
-4.292,3.563,12.623
-5.034,4.268,15.152
-3.383,4.029,12.697
-1.866,4.634,10.781
-0.706,4.835,9.838
-1.668,2.821,11.745
-1.938,4.13,10.75
-1.854,4.689,11.128
-4.199,3.582,11.212
-3.78,4.491,12.14
-3.816,4.632,12.492
-4.01,4.029,12.408
-2.804,3.976,11.336
-4.209,5.022,11.827
-4.091,3.67,10.494
-3.608,2.74,9.735
-2.677,3.775,9.211
-2.072,3.969,9.116
-0.144,4.304,8.644
0.122,3.625,7.716
0.368,3.522,5.575
-0.33,3.838,4.661
-0.328,3.216,3.756
0.397,6.723,3.529
-2.297,7.553,7.8
-0.842,5.065,4.989
0.223,3.385,4.34
1.251,6.118,5.462
0.498,1.316,2.62
-0.613,1.424,5.938
-0.045,5.283,8.338
-0.11,7.632,8.211
-1.096,5.668,6.532
-0.488,4.965,5.883
-0.093,4.847,5.831
-0.249,4.725,6.465
-0.27,3.622,5.84
-0.617,3.759,5.204
-0.677,5.611,5.618
-0.156,7.546,6.225
-0.086,5.972,6.508
-0.921,4.311,7.525
-0.758,4.828,6.706
-0.373,5.242,7.113
-1.962,5.69,8.865
-2.95,6.113,7.723
-4.417,6.113,5.835
-5.879,5.032,5.998
-9.195,1.639,5.716
-9.781,-0.213,3.369
-9.656,-3.077,3.488
-7.156,-5.998,3.967
-5.737,-7.161,4.981
-7.02,-11.109,6.192
-8.463,-11.695,7.178
-9.836,-8.537,6.647
-11.037,-11.185,9.57
-13.128,-14.755,4.962
-17.217,-11.977,4.666
-21.72,-12.016,7.352
-23.871,-14.291,5.874
-23.459,-11.08,6.546
-19.729,-4.67,5.089
-16.822,7.47,1.541
-13.229,15.195,1.357
-10.362,10.233,4.223
-25.476,1.641,1.273
-23.356,-0.479,2.644
-28.531,-2.531,9.338
-26.103,-1.297,9.85
-28.534,-5.824,6.118
-31.546,-4.338,9.027
-29.472,-10.427,12.281
-25.603,-12.374,13.162
-19.22,-10.523,13.686
-13.585,-0.263,21.165
-12.733,13.556,25.443
4.146,15.052,33.692
-32.695,-18.495,24.519
-39.492,-23.409,19.703
-37.681,-15.683,0.993
-28.096,-7.077,-6.675
-28.314,-2.929,1.909
-33.458,13.061,18.418
-44.849,6.441,25.948
-44.734,-5.639,16.37
-45.861,-1.055,16.102
-45.234,6.505,7.898
-34.905,5.57,-5.984
-34.228,12.217,-10.889
-39.317,8.12,-16.973
-38.36,1.455,-22.476
-32.175,0.55,-27.266
-33.4,-15.7,-3.031
-35.941,52.448,78.39
-13.36,75.254,-21.294
-7.85,8.589,-28.295
21.033,9.135,-7.027
8.484,30.405,3.938
-1.208,3.077,6.199
0.084,0.983,14.064
-2.998,11.154,15.19
-3.919,2.34,10.726
-2.283,1.821,13.942
-4.876,6.025,13.092
-11.554,1.287,18.76
-7.467,-4.828,10.568
-3.78,5.249,15.781
-0.763,6.094,14.494
-5.108,1.335,13.733
-2.419,-0.251,11.659
-3.756,0.703,11.513
-4.299,0.419,12.977
-3.491,1.775,12.592
-2.531,2.905,11.233
-5.477,3.12,13.798
-4.034,4.146,12.106
-5.355,1.428,9.853
-2.247,2.625,10.24
-1.266,2.857,10.348
-3.223,5.108,13.207
-3.737,6.563,12.839
-2.084,6.237,12.544
-3.799,2.95,13.365
-4.151,1.213,12.965
-2.675,3.237,11.417
-3.28,3.575,12.647
-3.424,3.362,12.575
-4.981,3.838,12.886
-3.498,4.876,12.508
-3.732,4.005,11.87
-3.333,3.706,10.19
-3.065,3.302,9.589
-3.342,2.967,9.027
-1.732,3.249,8.874
-0.16,3.529,7.977
0.632,4.223,7.154
-1.371,2.412,8.431
-1.285,2.72,8.886
-1.342,3.986,7.673
1.254,3.156,4.792
-0.479,6.871,4.285
-1.122,3.675,4.512
1.392,5.288,4.905
1.022,5.558,6.158
0.34,4.192,6.91
-0.223,3.79,6.769
-1.184,5.472,7.553
-1.744,6.668,8.159
-0.78,5.249,6.977
1.263,4.63,5.864
1.828,4.582,5.529
1.251,5.407,6.754
0.388,5.534,6.702
-0.991,5.008,6.723
-2.902,6.3,7.419
-2.007,7.601,5.204
-1.586,2.979,5.039
-5.532,0.725,4.898
-8.216,0.093,3.953
-13.652,-5.529,2.175
-12.542,-6.671,3.826
-9.381,-3.283,5.749
-7.934,-2.316,6.668
-7.288,-7.171,4.57
-7.776,-9.857,4.632
-9.623,-11.867,7.063
-13.554,-15.6,6.058
-17.095,-13.552,7.183
-16.406,-12.315,6.824
-17.004,-11.604,5.111
-22.995,-8.034,5.276
-21.847,-5.204,4.704
-19.344,0.835,3.984
-19.909,4.28,2.134
-11.097,10.223,-0.833
-17.973,7.111,1.292
-20.232,0.199,6.343
-23.273,-2.993,8.534
-23.761,1.849,7.001
-20.653,-1.945,1.864
-27.474,-5.706,5.223
-30.228,-3.443,9.592
-28.252,-7.405,10.724
-26.842,-9.647,13.398
-21.44,-4.972,14.786
-5.613,12.729,24.912
-7.807,24.541,21.627
-12.303,0.835,28.503
-36.618,-21.493,21.854
-33.565,-26.881,12.027
-31.123,-5.733,0.225
-25.818,-8.221,-4.778
-23.55,-3.704,0.615
-28.048,14.389,13.956
-43.282,14.42,26.672
-42.875,-4.39,12.647
-43.392,-1.093,14.126
-47.234,1.304,6.668
-37.585,-1.567,-3.335
-29.419,4.165,-7.058
-28.859,15.801,-6.496
-31.235,9.477,-11.283
-38.099,0.239,-20.77
-35.492,1.218,-25.041
-15.073,3.022,2.333
-18.282,78.357,78.39
-10.458,68.095,-40.217
1.754,-0.979,-35.259
24.962,8.159,-14.238
-0.019,11.374,8.491
-1.704,8.656,8.419
-1.194,8.754,13.2
-1.388,2.046,17.284
-6.45,-3.61,17.119
-1.208,0.962,15.829
-12.712,2.847,18.346
-3.079,4.979,14.442
-3.24,5.18,7.845
-4.139,2.9,6.706
-5.524,-1.806,13.353
-6.874,-4.601,13.296
-7.135,3.271,13.743
-6.204,5.821,13.681
-7.08,8.577,12.922
-7.005,6.745,11.401
-5.192,4.232,11.599
-4.587,4.548,12.303
-5.371,4.443,12.458
-5.718,3.979,11.745
-4.515,6.3,11.133
-5.809,4.323,10.977
-4.503,2.94,10.494
-4.39,3.352,10.738
-3.866,2.414,11.36
-4.95,2.483,12.2
-4.532,1.89,11.824
-5.173,2.572,11.75
-4.943,2.615,10.869
-4.467,2.378,11.044
-4.335,2.385,10.386
-4.369,2.225,10.558
-3.326,2.72,11.087
-2.976,3.393,10.951
-3.271,3.653,11.147
-3.565,3.268,11.346
-3.077,3.208,10.774
-3.072,2.658,10.101
-2.244,3.297,10.046
-2.51,3.493,10.087
-1.369,3.766,9.898
-0.766,2.455,8.671
-0.603,1.983,7.3
0.404,1.914,6.371
-0.952,1.213,8.678
-0.469,1.61,7.678
0.646,1.835,5.496
0.273,1.503,5.103
-0.397,-0.852,5.34
-0.703,1.983,5.108
-0.861,2.56,7.041
0.426,4.67,7.099
1.019,4.67,6.441
1.634,3.314,7.338
2.129,1.579,8.022
2.397,4.314,8.86
2.012,6.651,8.235
2.17,6.154,6.601
1.995,5.914,5.852
1.498,4.938,6.295
-0.617,4.534,6.326
-3.156,1.392,4.998
-5.632,0.227,6.015
-9.161,2.249,8.563
-10.231,3.089,7.374
-11.092,1.79,6.931
-11.518,0.677,6.654
-12.073,-1.031,5.312
-10.58,-1.237,5.993
-8.632,-0.967,4.398
-8.027,-5.216,2.292
-9.171,-10.518,1.548
-9.853,-11.805,3.981
-18.308,-20.241,10.822
-18.059,-13.774,11.451
-20.346,-10.118,9.824
-19.083,-7.706,4.039
-17.38,0.287,2.883
-11.494,8.747,1.62
-17.82,9.365,1.581
-16.073,6.072,2.481
-20.11,-3.826,4.847
-24.904,0.089,6.972
-27.72,1.536,7.123
-24.364,-1.503,2.661
-25.002,0.17,6.381
-28.137,-5.192,11.891
-35.647,-8.805,11.176
-22.072,-10.546,14.939
-18.935,-5.032,15.81
-9.774,2.474,19.363
1.354,13.597,23.057
-12.016,12.382,19.21
-30.936,-10.623,23.438
-32.343,-31.759,10.963
-31.388,-14.669,4.685
-27.74,-7.91,-2.634
-26.141,-9.649,-2.55
-25.117,3.163,8.266
-36.049,19.684,23.947
-41.813,7.465,16.882
-41.473,-2.708,11.515
-42.217,-2.498,10.891
-40.669,0.22,3.417
-31.563,6.797,-5.099
-30.979,11.886,-8.565
-34.683,2.818,-16.456
-34.57,-1.438,-18.954
-35.908,1.763,-19.088
-30.185,2.33,0.098
-19.897,78.357,62.422
-5.991,52.56,-60.693
4.051,2.055,-39.994
26.548,-1.22,-1.098
1.692,7.465,3.998
1.416,6.06,10.704
-2.402,4.871,11.274
-4.139,5.723,15.363
-2.524,2.866,15.817
-6.508,5.558,21.069
-4.936,-0.321,18.449
-11.791,-1.931,24.254
4.785,-7.917,-5.938
-1.971,6.663,6.326
-10.968,7.084,14.542
-7.013,-2.417,8.214
-7.183,-2.05,15.006
-3.845,0.861,15.092
-5.489,5.524,14.399
-5.706,6.527,14.494
-8.75,4.783,12.372
-6.938,4.347,12.236
-4.869,1.299,10.927
-4.737,2.29,10.587
-4.668,3.12,11.92
-4.943,3.457,13.315
-3.211,2.213,12.001
-5.563,1.105,12.544
-5.843,2.608,12.65
-4.06,3.177,13.097
-4.209,1.656,11.724
-4.914,0.892,11.568
-4.615,1.007,11.329
-5.271,1.646,10.843
-4.917,2.364,10.862
-4.663,2.041,9.939
-4.101,1.816,10.168
-2.9,3.094,10.212
-2.199,2.907,10.044
-2.314,2.699,9.592
-2.462,3.725,9.946
-2.287,3.476,10.554
-1.9,3.149,10.401
-1.187,3.508,9.905
-0.694,2.909,8.826
-0.912,1.794,7.97
-0.938,1.192,8.096
-1.359,1.426,8.702
-1.4,1.414,7.671
-1.27,0.553,7.45
0.251,2.986,7.714
0.892,4.216,5.156
-0.706,3.835,6.326
-0.323,2.701,6.747
0.146,3.795,7.733
-0.73,4.642,6.986
-0.787,4.924,7.137
-0.806,5.359,7.69
1.046,6.144,7.907
2.718,6.465,7.831
2.51,5.312,7.896
1.596,4.496,7.558
1.163,4.242,7.807
1.428,3.732,6.065
0.39,0.45,4.943
-1.617,3.823,6.845
-4.744,7.319,6.958
-8.467,6.223,5.977
-12.126,6.18,6.094
-13.26,4.536,6.668
-12.484,1.833,6.922
-10.585,-1.108,4.711
-8.412,-2.505,3.278
-6.635,-2.641,5.12
-6.151,-5.395,3.692
-6.845,-8.446,1.464
-6.869,-8.381,1.096
-10.235,-10.745,2.414
-15.2,-14.224,4.666
-24.141,-21.177,1.457
-23.447,-13.528,5.481
-16.992,-7.01,7.472
-17.786,-10.252,5.812
-19.392,-5.134,5.347
-13.575,-2.933,3.115
-12.941,7.135,2.067
-10.255,9.688,2.991
-20.655,0.172,2.347
-16.107,-0.502,6.041
-25.01,2.019,9.711
-19.55,-1.943,10.408
-23.835,-7.144,2.62
-21.65,-1.806,4.704
-27.728,-2.433,7.376
-30.211,-7.539,7.247
-23.347,-8.293,12.31
-19.732,-3.35,13.281
-12.602,-2.022,17.339
-10.094,3.764,17.861
-5.591,32.128,19.648
-6.738,11.035,18.66
-31.082,-20.433,13.834
-30.943,-29.039,11.542
-30.084,-16.439,1.893
-28.185,-15.344,-6.063
-20.825,-5.962,-2.749
-24.383,16.652,10.231
-37.446,27.613,24.409
-41.753,6.788,14.406
-41.303,-4.029,11.896
-43.155,-2.328,8.687
-40.621,3.414,-1.357
-33.812,4.802,-7.271
-29.273,12.188,-11.695
-28.823,9.621,-11.676
-29.771,3.541,-18.641
-40.509,-10.786,-19.174
-19.507,19.11,23.612
-40.463,78.357,13.023
-21.32,23.017,-48.464
8.876,0.797,-35.69
18.399,2.862,-2.57
3.969,13.365,-3.199
-1.005,12.843,0.325
-3.768,-0.117,8.922
-1.302,8.037,9.917
-1.596,10.147,12.97
-6.702,8.589,14.016
-10.831,1.457,21.56
-18.932,5.182,20.234
6.604,-8.575,3.634
-9.889,9.219,10.185
-10.948,7.965,10.054
-8.824,-2.34,18.05
-3.017,-10.231,7.974
-5.855,-5.974,13.214
-8.398,4.383,11.664
-7.362,7.924,11.087
-6.967,6.063,12.86
-3.699,5.962,11.305
-5.532,5.835,12.231
-7.874,4.869,13.025
-5.996,4.292,10.561
-4.692,5.769,11.319
-5.225,6.465,10.716
-5.68,5.295,10.934
-5.9,4.204,11.487
-6.407,2.132,11.846
-4.876,2.139,11.673
-6.412,3.082,12.353
-4.283,2.816,10.884
-4.855,3.45,11.264
-5.771,3.158,11.07
-5.467,3.263,10.341
-4.977,2.897,10.056
-4.498,2.931,10.343
-4.374,3.551,9.697
-4.57,3.795,10.032
-4.548,3.216,10.159
-3.479,3.027,9.625
-4.0,2.266,9.621
-2.591,2.438,9.156
-2.728,2.67,9.365
-2.866,2.804,8.829
-2.541,2.28,8.333
-2.225,1.938,8.085
-2.058,1.871,7.766
-1.617,1.804,7.419
-1.187,1.637,7.415
-1.431,1.627,7.171
-1.117,2.163,7.063
-0.754,2.498,6.924
-1.239,1.893,7.663
-0.902,2.019,8.142
-1.05,3.893,7.558
-1.184,2.926,7.635
-0.991,2.998,6.07
-0.761,5.587,6.388
-1.72,6.467,8.235
-0.744,6.539,9.228
1.01,6.369,8.762
2.756,7.544,9.092
3.383,8.896,8.558
2.493,7.996,9.369
1.993,7.269,9.039
1.596,6.8,8.281
-0.055,6.12,7.979
-1.438,4.508,7.773
-2.146,4.831,7.584
-5.087,6.24,8.494
-6.352,6.594,8.08
-6.86,5.443,6.651
-5.776,4.357,4.421
-4.917,3.187,2.902
-4.417,2.728,2.577
-5.625,3.304,0.565
-6.757,1.833,0.77
-7.47,-0.347,2.201
-6.587,-3.567,3.067
-6.56,1.05,5.359
-6.02,0.065,4.218
-7.977,-6.546,3.596
-11.745,-10.939,4.73
-14.068,-9.348,6.182
-15.035,-13.04,8.721
-17.475,-17.794,7.044
-18.581,-12.87,6.522
-19.004,-14.329,6.221
-20.61,-10.69,7.874
-14.719,-9.408,3.692
-16.284,3.914,3.323
-17.373,12.35,0.333
-9.879,2.775,2.897
-28.345,5.225,5.553
-23.572,-2.675,8.549
-23.471,-0.361,9.944
-22.406,-3.091,6.998
-20.356,-5.591,6.982
-23.275,0.266,7.896
-27.153,-7.855,9.948
-28.225,-9.68,15.535
-21.002,-8.166,17.382
-15.068,4.486,17.834
-14.195,8.19,17.992
-4.666,18.351,21.849
-12.027,2.12,28.297
-33.001,-21.098,20.777
-34.869,-23.543,12.642
-31.716,-12.221,0.938
-28.383,-11.164,-7.214
-24.294,-5.989,-1.28
-24.689,14.497,15.719
-40.054,25.23,27.223
-44.626,3.101,12.245
-41.844,-3.362,10.223
-46.256,0.672,7.972
-40.863,4.599,-1.448
-37.14,13.903,-9.063
-32.314,18.796,-15.001
-32.431,8.637,-17.832
-35.913,-6.718,-24.036
-31.826,-7.642,10.63
-33.9,78.357,57.307
-11.647,77.969,-29.766
-3.395,15.731,-38.085
12.535,-0.081,-21.308
5.438,12.958,10.573
0.546,4.96,-5.398
1.455,7.015,5.914
-3.45,-0.402,12.176
-0.218,1.854,11.953
-1.141,-0.665,11.676
-5.209,1.156,16.016
-5.264,5.508,20.734
-6.048,-1.629,28.809
5.182,5.352,9.238
-6.245,8.556,3.481
-11.549,-2.9,5.599
-9.353,-2.33,14.879
-12.53,-5.056,14.188
-9.037,-6.23,11.731
-7.324,-3.077,10.032
-7.472,-1.012,9.042
-9.812,-1.034,10.341
-8.195,-0.141,8.912
-8.874,1.718,13.863
-8.668,1.574,15.052
-7.393,0.014,12.571
-8.207,0.275,12.25
-7.604,1.646,11.271
-7.08,0.876,10.709
-7.204,-0.081,7.594
-7.338,0.211,8.465
-8.436,1.627,11.161
-8.396,0.096,10.858
-7.513,-3.007,10.113
-6.295,-0.189,8.836
-6.371,2.187,10.465
-7.573,-1.294,11.783
-7.797,-2.957,12.116
-6.838,-0.579,11.616
-6.979,-2.23,10.276
-6.869,-2.0,9.345
-6.618,-0.959,10.886
-6.285,-1.51,10.925
-6.771,-2.199,10.439
-6.726,-1.335,10.197
-6.919,-1.445,10.324
-6.804,-1.141,10.81
-5.797,-1.483,10.68
-6.797,-2.115,11.164
-5.355,-1.294,10.527
-5.178,-0.182,9.649
-4.335,0.007,9.991
-4.216,0.397,9.113
-4.343,-0.136,8.786
-3.441,0.648,8.747
-3.079,0.749,8.152
-2.608,0.825,7.484
-2.857,1.335,8.037
-2.046,1.117,7.317
-2.242,1.419,7.558
-2.16,1.34,7.381
-2.314,0.754,7.257
-2.467,1.876,7.879
-1.782,2.273,8.288
-1.83,1.986,8.039
-2.003,1.113,8.484
-0.402,1.61,9.29
-1.684,1.988,10.235
-1.45,1.211,10.245
-1.699,0.069,11.281
-0.964,0.376,10.637
-0.701,1.897,10.915
-1.409,1.802,11.573
-0.768,1.39,11.195
-1.526,0.232,11.195
-0.895,1.041,10.841
-1.33,1.055,10.874
-1.084,1.45,10.709
-1.144,0.694,10.336
-1.902,0.596,10.111
-1.464,0.919,10.448
-1.931,0.557,10.494
-1.553,0.246,10.283
-0.708,0.557,9.281
-0.785,0.512,9.841
-1.014,1.206,10.59
-0.598,0.888,9.977
-0.321,0.313,9.367
0.048,2.507,8.252
-0.115,2.254,8.692
-0.462,4.273,8.436
-0.507,2.732,9.068
-0.292,3.108,8.51
-1.129,2.163,8.496
-1.672,1.177,9.252
-1.5,0.919,8.888
-0.337,1.598,7.867
-0.471,2.378,8.341
-1.531,1.249,8.75
-2.091,0.206,8.795
-2.134,-0.189,5.883
-3.237,0.924,5.491
-3.522,0.593,8.489
-3.29,-0.256,8.597
-4.354,0.825,9.597
-5.225,0.167,10.204
-4.649,-0.038,8.501
-3.943,0.397,7.001
-3.364,1.754,5.635
-3.278,0.854,4.144
-4.242,-0.287,3.321
-5.266,-2.323,2.562
-6.742,-2.304,4.142
-6.91,-0.593,5.623
-7.905,-0.859,7.312
-9.874,-1.526,10.432
-6.101,-6.319,8.635
-5.237,-7.041,8.482
-9.089,-5.216,11.793
-11.413,-11.307,11.465
-9.321,-9.666,12.269
-11.19,-3.228,14.305
-9.276,-5.663,14.32
-10.568,-8.352,14.19
-11.181,-6.355,15.997
-12.379,-2.335,13.43
-10.616,-4.945,12.585
-8.929,-5.23,8.482
-10.331,-3.601,6.077
-10.252,-7.695,2.67
-10.14,-8.561,3.596
-9.458,-6.606,1.785
-9.254,-4.357,2.615
-9.135,-1.821,-0.49
-8.369,-1.397,-3.548
-6.197,-10.609,-1.584
-5.816,-7.08,-5.453
-6.403,-5.912,-2.216
-6.716,-2.302,0.462
-8.257,-4.008,-0.584
-8.319,-9.491,-1.223
-6.604,-8.429,-2.043
-6.044,-6.032,1.232
-6.714,-4.541,1.826
-6.797,-4.661,-0.194
-7.805,-7.072,-2.256
-8.073,-8.116,-2.51
-9.116,-7.45,-2.689
-7.625,-4.063,-1.526
-7.482,-3.335,-2.412
-7.273,-1.888,-4.242
-7.29,-4.213,-6.292
-6.084,-7.917,-7.656
-5.536,-8.417,-6.06
-8.053,-4.744,-4.247
-8.125,-6.142,-3.991
-7.577,-8.096,-3.577
-8.532,-5.914,-4.962
-9.731,-4.694,-5.524
-9.482,-6.103,-4.512
-7.678,-7.869,-2.512
-7.757,-6.142,-4.321
-7.75,-5.388,-5.969
-10.326,-5.816,-6.651
-9.015,-5.072,-7.726
-10.061,-5.721,-7.869
-10.267,-5.256,-8.759
-10.355,-6.931,-8.709
-12.145,-7.072,-10.465
-10.331,-8.053,-12.061
-11.547,-7.192,-11.652
-11.501,-6.84,-9.932
-11.231,-7.364,-10.092
-10.106,-8.281,-9.503
-11.334,-10.09,-12.568
-11.695,-9.975,-12.47
-11.188,-8.63,-10.293
-9.666,-8.936,-10.216
-6.252,-8.484,-10.795
-4.235,-6.998,-11.082
-5.137,-8.388,-11.312
-3.993,-7.104,-8.185
-2.172,-6.692,-8.18
1.022,-5.034,-8.941
2.216,-5.424,-8.544
5.072,-4.912,-6.991
6.271,-3.493,-6.479
7.958,-2.716,-5.984
7.118,-2.177,-4.398
6.642,-1.711,-2.653
8.096,-1.012,-2.51
10.092,0.768,-1.718
10.544,0.23,-2.409
10.709,0.172,-3.228
9.79,0.959,-1.268
8.707,0.912,3.933
8.795,2.216,7.022
8.24,-1.601,5.393
7.91,-3.68,1.404
6.967,-1.814,1.024
4.331,-4.733,2.067
2.129,-5.383,1.44
2.929,-5.553,2.196
6.029,-6.912,1.292
7.584,-7.364,1.12
7.242,-5.123,2.156
4.924,-1.742,4.151
5.051,0.519,7.001
5.496,-0.38,9.161
4.398,-1.589,11.829
4.445,4.661,12.547
6.47,3.519,11.362
4.326,-1.177,9.683
5.91,0.17,6.185
7.214,2.95,7.544
3.496,4.445,10.243
9.489,2.067,9.458
5.364,0.811,10.223
10.36,3.443,8.994
3.393,4.61,8.905
5.936,-1.926,5.132
-7.223,-6.778,11.838
-5.295,-0.565,7.525
-9.111,-0.091,10.592
-9.563,-1.096,8.695
-5.254,-1.565,9.496
1.526,-5.084,11.068
-2.113,-5.158,10.47
-1.993,-2.278,12.616
-3.598,-1.847,11.848
-0.737,1.5,10.814
-1.371,-0.842,10.034
-1.366,-0.682,11.137
-1.452,-0.194,12.712
-1.297,1.314,12.518
-0.019,1.971,11.898
-1.182,2.067,13.406
-3.359,-0.167,12.568
-2.153,2.139,13.585
-1.682,1.431,13.487
-1.28,1.613,11.286
-0.356,1.058,10.156
-1.103,0.232,10.621
-1.139,0.766,11.683
-0.842,2.211,11.757
0.105,2.596,10.405
-1.201,1.129,8.931
0.821,0.412,9.587
-0.187,1.134,9.57
0.888,2.804,8.587
0.751,-0.352,5.938
0.708,-0.677,5.067
-1.792,-0.5,7.443
1.763,1.452,7.305
0.423,0.895,6.257
-1.474,-1.206,7.326
1.096,-0.708,6.489
-0.804,-1.043,8.62
-0.488,-2.78,9.254
0.347,-0.926,6.479
-2.333,-0.935,6.615
-4.45,0.51,9.726
-3.072,0.548,12.202
-1.452,-0.653,11.539
-0.665,-1.254,10.762
-0.1,-0.234,10.393
-1.804,1.091,11.262
-2.273,0.34,10.137
-1.105,0.579,10.57
-2.713,0.644,11.805
-2.474,0.505,10.759
-2.043,1.474,10.812
-2.206,1.668,10.745
-1.804,1.715,10.499
-1.921,1.062,11.585
-2.369,0.811,11.697
-2.795,-0.187,13.248
-1.907,1.823,12.762
-2.871,1.938,13.389
-2.701,1.215,13.004
-2.036,0.56,12.071
-1.962,0.711,12.099
-0.866,1.39,11.64
-0.998,3.034,11.207
-2.079,2.481,12.013
-1.971,1.175,11.822
-1.306,1.371,11.903
-1.515,2.172,11.173
-1.395,1.517,10.456
-1.421,0.022,10.219
-0.16,1.036,9.68
-1.077,1.168,10.338
-0.67,1.232,10.166
-0.414,0.512,10.245
0.041,0.215,9.647
0.014,0.632,10.216
0.479,0.596,10.166
1.302,0.828,9.549
1.921,1.314,9.812
1.775,0.718,8.405
1.644,-0.672,7.094
1.593,-1.342,6.723
1.826,-0.096,7.726
1.445,-0.73,7.537
1.369,-1.536,6.804
0.876,-1.625,6.438
0.629,-2.488,6.824
0.945,-2.775,7.922
1.565,3.778,7.845
-0.081,3.708,10.092
0.05,1.273,9.975
-0.249,2.029,9.967
0.483,0.27,10.133
2.424,1.864,9.405
3.869,1.553,9.877
5.835,2.742,10.3
5.666,1.818,10.106
4.759,1.505,9.154
3.752,2.847,8.422
2.438,3.929,8.757
-0.256,1.952,10.243
-2.531,1.108,10.496
-3.618,1.711,11.305
-3.187,2.385,11.367
-0.512,3.412,10.764
0.562,3.527,10.831
1.005,4.46,10.3
0.273,3.857,9.589
0.873,4.158,9.295
-0.548,5.603,10.838
-0.83,4.677,11.372
0.356,5.943,11.006
0.356,2.735,10.81
0.294,3.68,9.893
0.964,3.577,9.479
0.567,3.596,8.982
0.239,2.187,7.532
-0.445,1.067,6.84
-0.029,2.007,6.503
0.572,1.39,6.697
0.847,8.838,6.194
-0.672,5.879,6.462
0.663,4.697,5.577
0.694,6.58,5.139
1.002,9.633,4.677
1.512,9.147,5.67
1.692,7.666,5.297
1.893,8.039,5.493
1.926,9.046,6.453
2.096,7.132,5.524
2.227,6.828,3.854
1.866,11.855,4.469
-0.175,13.42,5.149
-4.149,6.613,3.283
-7.233,1.72,3.074
-6.718,0.11,2.67
-9.676,3.596,2.369
-13.642,0.005,4.63
-11.559,-2.988,4.869
-7.857,-6.001,6.3
-4.878,-2.852,8.659
-3.484,-4.4,6.711
-4.79,-10.738,5.883
-8.391,-12.858,7.178
-13.76,-13.968,10.977
-19.763,-16.985,7.046
-19.574,-12.736,7.226
-18.571,-11.413,5.778
-22.031,-13.162,8.044
-21.775,-8.546,6.537
-21.296,-1.522,4.333
-15.43,7.764,1.44
-12.554,17.262,-1.232
-10.869,8.465,2.534
-34.441,2.192,8.254
-11.721,-2.749,14.655
-34.415,-7.838,10.279
-19.174,1.969,4.02
-30.584,-6.383,8.221
-24.926,-6.577,9.745
-28.383,-5.091,13.774
-23.0,-7.228,14.15
-17.861,-5.613,17.935
-11.681,3.572,19.516
-8.508,10.123,22.088
-8.477,2.677,27.4
-33.786,-23.5,19.77
-32.989,-18.471,13.319
-30.304,-13.41,1.543
-26.486,-12.429,-2.914
-21.524,-2.029,4.448
-27.651,17.825,20.533
-43.923,19.437,22.926
-46.648,3.058,9.262
-43.375,-4.225,8.367
-44.813,-3.115,2.833
-38.966,7.41,-3.436
-33.501,16.286,-6.828
-30.654,17.504,-9.967
-29.95,11.334,-15.399
-31.092,5.658,-16.337
-21.863,-1.531,14.592
-32.156,37.386,13.102
-31.678,78.357,50.151
-0.407,25.27,-29.637
1.924,-3.338,-24.12
25.462,8.104,-1.491
2.61,7.965,-1.849
0.115,8.183,9.104
-1.251,5.548,8.374
-0.849,0.718,8.369
-2.029,-0.565,6.96
-7.032,0.435,14.286
-7.417,3.74,24.591
-14.355,7.84,21.38
16.487,13.008,15.399
-8.022,-0.904,2.352
-1.689,1.952,6.704
-6.003,0.83,8.029
-4.867,2.417,12.145
-9.8,-0.878,18.191
-10.75,2.586,15.396
-7.228,5.888,13.308
-4.962,6.338,11.448
-6.154,3.737,11.195
-6.364,2.713,11.439
-4.474,3.402,10.817
-5.273,3.192,11.831
-6.728,4.154,12.274
-5.706,3.565,12.406
-5.319,5.692,11.458
-5.422,4.63,12.202
-5.508,3.711,12.944
-4.996,3.448,12.597
-4.634,3.187,12.518
-5.446,2.524,12.535
-4.07,2.488,11.944
-4.354,1.687,11.774
-5.472,0.412,10.85
-5.235,-0.294,9.726
-4.063,-0.388,10.475
-3.862,-0.136,10.101
-3.816,0.416,9.81
-3.153,1.206,9.625
-3.015,1.56,9.941
-2.512,1.476,10.142
-2.129,1.749,9.817
-1.751,2.239,9.836
-1.869,2.041,9.58
-1.737,2.969,9.556
-0.974,3.285,9.743
-1.187,3.792,9.848
-0.407,3.78,9.568
-0.182,2.175,8.63
0.498,2.18,8.242
1.256,2.115,8.245
1.022,2.17,7.874
1.261,0.89,6.187
0.691,-0.23,6.072
0.395,1.467,6.029
1.675,5.807,7.295
1.007,6.745,9.86
1.818,7.092,7.809
1.464,5.419,6.233
2.086,6.493,6.979
1.802,5.584,7.264
1.94,2.498,6.869
1.888,0.991,7.166
1.699,5.089,8.489
0.136,3.39,8.293
1.235,1.06,7.45
1.342,4.474,7.424
1.306,4.974,6.178
-2.318,4.177,5.501
-4.376,3.512,4.656
-8.845,1.876,5.608
-11.178,0.639,5.261
-11.441,-1.653,4.529
-9.577,-1.22,4.756
-6.357,2.61,6.046
-5.015,2.876,7.474
-5.687,-3.101,4.694
-8.161,-6.125,4.098
-8.613,-2.931,3.713
-10.458,-8.41,3.809
-13.676,-14.774,6.304
-17.679,-18.339,4.51
-22.122,-12.15,6.998
-18.554,-9.721,9.314
-22.296,-16.231,7.065
-23.653,-12.176,7.831
-16.875,-4.579,4.694
-15.454,7.857,2.122
-9.415,20.581,1.227
-12.37,9.01,5.276
-29.795,-1.364,3.73
-20.382,-0.077,9.257
-25.699,3.24,9.652
-22.993,-2.146,4.596
-18.059,-1.273,10.317
-31.058,-4.228,14.171
-28.357,-12.985,17.463
-20.528,2.603,17.368
-13.169,0.328,20.301
-7.479,13.221,21.103
-12.434,11.566,19.5
-28.687,-11.602,23.545
-26.826,-44.356,15.437
-32.226,-18.877,5.216
-31.627,-5.493,-1.794
-27.754,-16.083,-4.613
-23.433,-0.292,2.766
-30.008,18.306,23.23
-46.22,16.564,21.148
-43.215,-2.531,9.604
-42.42,-9.101,7.393
-42.851,-0.986,1.416
-39.193,12.085,-9.542
-32.034,16.181,-14.98
-28.584,11.102,-17.468
-32.692,-6.862,-20.155
-30.824,-15.927,7.539
-51.881,49.38,44.878
-25.462,78.357,2.017
-4.754,20.765,-33.678
8.171,6.56,-22.473
13.092,8.604,9.432
4.62,7.379,-4.551
1.66,7.324,2.187
-4.587,6.467,9.814
-1.838,4.101,9.436
-0.847,5.383,10.597
-5.206,1.479,22.284
-8.575,-4.197,19.507
-14.877,10.116,18.1
-4.926,1.395,21.564
-2.302,12.422,1.919
-9.271,5.795,8.778
-7.065,0.562,11.731
-5.735,-6.053,13.989
-3.747,-2.472,12.937
-6.919,0.486,12.26
-8.08,3.307,15.604
-7.922,4.661,9.838
-6.271,5.158,11.049
-4.876,5.364,11.386
-3.653,0.797,10.549
-6.321,-2.129,11.001
-6.087,0.373,10.822
-4.938,1.761,12.013
-4.826,1.926,12.42
-5.395,2.783,12.635
-5.302,3.285,12.645
-5.498,0.548,11.896
-5.948,0.395,11.905
-4.642,1.67,11.173
-4.271,1.658,11.219
-4.646,2.067,11.556
-5.144,1.108,12.346
-6.345,0.4,11.587
-5.725,2.134,12.372
-4.809,1.57,12.063
-4.929,0.708,11.671
-4.67,0.9,11.901
-5.812,-0.108,11.831
-5.591,-0.4,10.645
-4.374,0.596,10.451
-4.701,3.608,10.202
-4.431,0.278,10.946
-4.012,1.345,10.566
-3.986,2.962,10.302
-2.62,1.29,10.331
-2.744,1.814,9.783
-2.96,1.768,10.226
-1.687,1.897,9.812
-0.935,3.185,8.628
-1.28,2.177,8.498
-0.191,2.149,7.764
-0.959,3.223,8.687
-0.06,2.232,6.544
1.976,3.271,4.563
0.323,5.769,5.142
0.067,6.943,4.426
-0.093,4.656,6.266
-0.103,5.166,5.728
-0.445,7.013,7.472
-1.105,7.695,7.845
-0.124,5.469,6.12
-0.239,4.565,5.63
-1.117,4.962,6.127
-0.4,5.347,4.532
1.27,2.754,4.706
1.625,-0.309,5.027
0.136,1.361,4.855
-1.132,7.974,7.044
-2.321,11.448,5.974
-2.749,6.383,4.737
-4.721,4.453,4.953
-6.922,5.051,4.618
-8.843,1.309,3.752
-9.678,-0.093,3.299
-11.231,-3.127,4.565
-10.702,-0.701,6.08
-8.369,0.297,6.769
-10.243,-3.881,5.056
-11.293,-6.639,5.84
-11.386,-7.089,7.221
-12.784,-11.061,10.716
-16.48,-12.14,9.353
-18.449,-12.985,7.805
-18.413,-11.003,8.812
-20.349,-9.747,9.365
-18.454,-10.066,6.678
-22.105,-10.066,6.118
-20.308,-7.281,5.69
-17.801,5.326,1.983
-13.41,12.525,-1.565
-15.7,16.387,2.548
-20.808,3.194,3.074
-22.914,4.725,3.546
-18.743,6.74,3.433
-25.715,6.57,3.084
-22.177,-2.402,5.17
-26.73,-2.244,7.221
-29.493,-2.692,5.065
-29.584,-9.671,9.245
-23.249,-6.723,13.092
-14.614,-7.434,13.197
-10.91,-4.161,16.308
-5.73,20.21,17.495
-5.79,22.287,25.677
-28.063,-4.996,25.378
-28.67,-31.4,13.415
-35.444,-19.476,4.642
-30.848,-11.386,-6.08
-28.046,-12.183,-4.831
-25.732,2.283,6.546
-38.109,21.945,24.914
-45.696,2.567,13.456
-40.38,-7.553,11.554
-44.966,-7.764,10.645
-44.648,5.326,2.833
-35.982,10.489,-5.993
-33.341,16.284,-11.556
-32.704,5.242,-17.487
-29.998,2.163,-20.971
-53.85,-5.859,19.078
-15.523,78.357,27.247
-11.039,60.712,-33.013
-6.505,8.223,-40.669
14.772,-3.34,-16.133
11.573,13.453,21.418
5.312,9.7,0.172
1.28,13.123,9.817
-1.928,11.76,6.608
-1.931,4.582,8.637
-3.35,5.924,16.341
-5.051,6.651,19.416
-16.834,7.867,18.736
-10.049,9.001,19.605
3.041,-2.933,10.41
-6.513,3.603,2.572
-10.695,3.639,13.793
-0.079,5.603,13.915
-5.536,0.28,15.131
-4.539,1.543,12.834
-3.244,-7.462,13.922
-3.771,-6.91,10.185
-2.242,-4.29,7.718
-6.163,-4.242,11.188
-4.589,-0.926,10.448
-3.263,0.935,13.327
-3.632,2.854,16.346
-2.917,1.022,12.846
-5.362,1.316,12.075
-5.919,0.45,11.719
-6.893,-1.873,10.582
-5.661,-0.1,13.224
-4.591,5.778,13.698
-7.367,3.555,16.159
-6.919,-2.359,13.891
-7.575,-1.067,14.832
-6.848,3.041,15.133
-5.919,0.727,13.556
-5.201,-0.194,10.125
-6.415,-1.337,8.47
-4.618,-1.617,7.934
-5.379,-1.096,8.343
-4.754,-0.983,9.264
-4.692,0.428,9.408
-4.383,0.825,9.927
-2.675,0.199,8.979
-2.505,0.165,8.888
-1.62,1.273,8.841
-1.349,1.629,9.817
-1.57,1.529,9.532
-1.316,1.682,9.42
-1.613,1.538,7.802
-1.392,0.546,8.601
-1.225,1.213,8.07
-0.859,3.46,7.893
-0.979,6.173,5.589
-1.39,5.938,6.982
-1.524,4.764,6.831
-0.849,2.833,6.749
-0.837,2.816,6.348
-0.644,4.52,5.855
-0.057,6.661,4.577
0.397,6.415,5.438
0.294,8.467,7.092
-0.06,8.443,10.085
-0.624,7.852,8.685
-0.05,7.809,7.695
1.177,11.092,6.467
-0.727,11.578,5.905
-2.775,6.998,4.465
-5.599,2.278,3.12
-6.178,2.988,3.015
-9.113,3.4,4.802
-11.451,1.081,4.721
-10.427,0.613,4.254
-7.508,-6.934,2.704
-5.723,-8.862,3.642
-6.257,-4.288,5.656
-7.692,-1.971,7.367
-9.147,-8.606,5.268
-9.731,-13.08,6.936
-11.81,-11.25,9.917
-14.592,-13.04,7.077
-17.652,-16.762,6.615
-19.55,-13.013,8.367
-20.562,-11.915,7.338
-19.26,-9.097,5.316
-22.93,-5.259,3.187
-19.844,2.943,2.926
-13.145,12.255,-0.505
-8.654,9.731,1.503
-27.62,5.254,5.209
-22.172,-2.641,11.245
-30.309,3.106,12.941
-19.019,-7.18,8.257
-24.629,2.381,9.534
-27.685,-5.687,10.867
-31.656,-8.448,10.731
-19.791,-10.633,13.848
-17.148,-3.646,14.915
-15.092,-6.604,14.975
-6.025,5.728,22.596
-7.685,17.727,29.309
-31.735,-21.717,22.196
-24.763,-36.504,15.394
-41.107,-12.977,4.603
-35.372,-10.566,-2.876
-28.644,-12.918,-8.006
-25.421,-6.666,0.79
-24.234,14.765,19.064
-39.75,14.75,25.476
-37.908,-0.371,12.652
-37.453,-6.242,10.221
-41.028,0.201,7.647
-37.762,9.324,-1.816
-31.015,14.662,-12.114
-36.532,0.641,-17.088
-33.63,-6.623,-18.507
-25.555,0.203,-22.842
-57.702,-8.912,-10.082
-43.485,78.357,19.485
-5.513,17.447,-58.759
8.92,-2.503,-22.445
22.143,34.037,14.097
-1.077,-4.237,14.32
3.314,-0.383,11.664
-7.3,13.343,15.923
-0.581,3.948,10.238
-2.134,1.665,13.707
-4.749,-0.766,14.856
-11.487,-0.766,18.315
0.165,-0.632,17.885
-2.615,11.164,14.643
-4.606,5.864,7.419
-7.649,-0.859,13.475
-2.187,1.584,9.463
-7.563,0.531,12.063
-6.331,2.479,16.868
-6.592,2.684,13.025
-3.419,4.993,12.434
-5.819,1.73,14.394
-7.716,1.486,12.027
-5.359,2.199,10.688
-4.728,1.287,12.566
-5.568,0.593,11.448
-5.087,1.297,11.006
-5.685,0.048,12.767
-5.613,2.055,12.439
-5.864,1.897,12.903
-5.316,1.45,12.403
-5.017,0.981,11.81
-5.072,0.237,10.874
-5.632,0.048,11.018
-5.022,-0.196,11.415
-4.807,-0.017,11.37
-4.878,-0.175,11.661
-5.048,1.038,12.834
-5.819,1.172,13.231
-5.398,-0.359,12.157
-4.252,0.196,10.846
-4.271,0.89,11.279
-3.835,1.297,11.14
-4.61,-0.146,10.391
-3.551,0.909,10.678
-3.048,0.725,9.355
-2.433,1.151,9.647
-2.531,1.297,9.085
-1.948,2.031,9.417
-1.129,2.539,9.783
-1.254,2.603,9.18
-1.125,1.455,8.018
0.72,1.258,7.046
0.397,2.452,7.831
0.158,2.204,7.907
0.189,1.203,7.829
0.084,1.656,6.738
0.189,2.314,7.113
0.345,4.898,5.666
-0.328,3.192,7.132
0.72,6.304,4.938
-0.524,2.857,6.529
0.581,4.551,6.895
0.376,4.393,6.852
0.457,4.929,7.101
0.514,6.45,7.319
1.235,8.118,7.735
1.711,7.943,7.778
2.017,4.943,6.374
1.811,4.244,6.793
1.5,7.58,7.824
0.756,8.534,8.108
1.108,5.012,8.094
-0.256,3.046,6.429
-2.462,4.424,5.845
-4.926,5.206,6.395
-7.077,5.347,6.149
-9.956,-0.608,5.319
-11.982,-3.28,4.386
-10.678,-0.426,6.484
-6.922,1.83,6.503
-4.259,0.632,5.089
-4.536,-2.474,2.617
-6.068,-4.393,1.833
-8.798,-5.307,2.23
-10.939,-10.635,4.85
-12.652,-13.638,9.503
-13.958,-13.956,8.254
-17.868,-14.166,9.118
-20.126,-8.666,10.061
-18.514,-14.348,9.506
-25.105,-14.231,8.699
-20.229,-4.651,4.383
-13.992,3.625,4.139
-10.582,15.485,3.232
-10.613,11.626,3.024
-15.025,2.254,5.706
-23.119,0.098,5.357
-14.824,1.754,8.948
-23.655,-1.675,2.024
-23.849,0.847,4.433
-29.697,-1.754,8.491
-29.154,-7.269,12.42
-28.051,-4.651,12.831
-27.921,-6.534,13.499
-20.82,-6.154,15.466
-10.826,1.727,18.837
-7.986,11.267,27.443
-23.538,-5.151,25.134
-30.465,-27.675,15.011
-32.388,-17.87,10.228
-32.604,-14.449,-0.615
-26.751,-12.484,-4.06
-22.466,-2.864,1.687
-28.732,19.775,17.892
-44.512,18.021,25.141
-43.37,0.373,12.437
-42.815,-2.735,11.226
-47.241,5.568,3.754
-40.36,6.537,-5.484
-36.858,13.683,-10.936
-33.032,8.996,-11.874
-32.604,4.285,-17.562
-33.855,-0.713,-14.013
-31.594,2.216,21.727
-30.759,78.357,65.774
-10.884,43.626,-50.235
3.113,-3.694,-36.975
33.396,15.695,17.112
1.462,6.587,-4.955
4.563,15.597,4.29
-4.285,0.873,13.985
-5.352,-1.206,15.078
-3.522,6.91,12.384
-10.147,1.493,17.456
-10.625,-0.055,21.816
-13.501,2.869,19.679
-3.464,8.618,15.375
-1.983,8.223,3.945
-5.943,0.802,11.252
-3.103,4.883,11.731
-9.446,-3.764,8.817
-0.926,-1.148,10.441
-5.4,-1.127,12.633
-7.422,0.959,10.805
-5.079,3.498,11.972
-5.9,1.311,11.97
-5.213,1.926,12.102
-5.02,1.206,12.623
-5.383,0.409,12.083
-5.314,0.246,12.209
-5.663,-0.014,11.25
-5.891,3.108,13.446
-5.697,2.273,13.475
-5.792,0.5,12.496
-4.673,-0.057,11.884
-4.766,1.479,11.98
-5.704,0.849,12.908
-4.706,0.067,13.229
-5.18,-0.818,12.798
-6.094,-0.912,12.975
-5.331,-0.529,12.659
-5.804,-0.938,11.477
-6.01,-0.148,11.551
-5.56,0.993,11.724
-6.429,0.572,11.291
-5.646,1.034,10.831
-4.371,2.352,10.31
-5.103,1.814,10.08
-4.352,2.364,9.659
-4.292,1.818,10.056
-2.768,2.263,9.015
-3.467,2.192,8.671
-0.79,2.596,7.905
-0.88,2.701,8.51
-1.723,2.555,9.429
-1.136,2.646,8.958
-0.395,3.62,7.63
-0.959,2.299,7.573
-0.419,4.95,4.744
0.146,1.759,5.465
1.096,4.299,3.266
-0.022,5.974,7.453
0.378,7.211,6.343
0.723,5.003,6.302
1.141,5.969,5.367
-0.847,6.924,6.649
-1.357,7.374,6.266
-1.079,7.573,6.62
0.014,7.154,5.661
0.297,4.867,5.807
0.153,4.642,4.922
-0.337,5.331,4.517
-0.476,7.24,4.163
-2.247,6.08,3.431
-2.708,4.276,3.0
-4.563,0.766,2.182
-6.541,-0.526,2.318
-10.329,-0.854,3.304
-13.217,-3.536,5.146
-10.042,-3.677,6.955
-6.4,-4.555,7.551
-5.814,-9.008,7.285
-7.812,-9.915,7.874
-8.888,-7.967,8.085
-11.755,-11.288,8.996
-15.963,-16.217,6.199
-18.791,-15.432,6.723
-16.667,-9.609,10.063
-17.492,-12.396,8.044
-20.99,-13.772,9.199
-20.277,-10.508,7.398
-17.999,-1.357,3.256
-12.152,9.032,-0.924
-12.013,16.231,0.665
-18.626,8.558,3.216
-24.833,5.034,7.845
-21.684,-5.465,10.027
-23.629,-3.627,13.626
-22.139,2.029,12.767
-17.136,1.213,4.599
-19.466,-8.812,3.615
-22.935,-5.417,5.62
-30.429,-4.977,9.884
-21.875,-5.02,11.671
-19.968,0.443,13.363
-11.992,-4.283,11.587
-9.13,10.326,23.378
-7.991,24.275,25.203
-29.309,-11.439,25.445
-27.713,-36.609,15.305
-33.415,-22.026,6.453
-34.116,-11.238,-2.565
-26.969,-10.764,-8.274
-24.636,-2.761,0.998
-30.989,15.896,20.428
-43.421,8.25,19.911
-38.748,-0.869,12.779
-43.715,-0.792,13.382
-45.548,2.924,4.845
-36.58,7.563,-1.534
-36.939,7.544,-9.558
-39.176,2.338,-19.447
-37.075,-4.345,-19.342
-35.063,1.443,-20.119
-53.154,9.441,-8.649
-24.488,78.357,69.634
-11.252,11.736,-64.784
6.994,-5.639,-22.356
28.744,31.73,25.916
-1.151,8.238,2.67
-0.878,1.01,7.668
-0.234,14.717,11.606
-1.56,3.496,11.269
-3.072,-2.787,17.353
-9.302,2.249,18.375
-7.862,0.462,20.744
-9.188,3.46,14.219
0.5,-7.113,6.735
-9.085,6.094,4.91
-5.039,1.782,9.372
-1.404,-1.254,11.929
0.105,-0.036,11.85
-6.151,4.694,14.133
-6.714,5.412,13.968
-4.089,3.512,10.767
-1.428,-0.498,10.814
-4.335,-0.816,12.688
-4.591,1.079,13.095
-4.496,2.505,12.736
-4.941,1.57,12.855
-4.079,0.713,12.492
-3.448,0.641,12.004
-4.933,3.268,13.944
-5.362,3.041,13.64
-3.766,3.017,13.513
-3.24,3.263,13.497
-3.742,0.342,13.209
-3.634,1.215,12.556
-3.768,1.352,11.75
-3.735,0.282,11.049
-3.467,0.158,11.341
-3.646,0.947,10.965
-4.259,0.053,10.563
-4.218,-0.184,10.281
-3.84,-0.144,11.133
-3.393,0.732,11.35
-2.766,1.885,11.475
-2.491,1.823,11.13
-2.553,1.273,9.944
-2.763,1.57,9.747
-1.459,3.127,9.884
0.05,3.874,10.128
-0.368,3.319,10.267
-0.682,2.692,7.929
-0.727,1.237,7.183
0.234,1.127,6.065
0.684,3.756,4.139
-0.292,2.055,6.747
1.014,5.577,4.548
-0.392,7.015,5.876
0.038,9.434,6.515
-0.318,8.106,6.489
-0.479,6.321,6.178
-0.691,6.529,6.728
-0.847,7.762,6.403
-0.778,6.178,5.816
-0.096,4.955,5.587
0.347,5.01,6.4
0.421,5.852,6.522
-0.165,7.46,7.525
-1.254,8.276,7.733
-2.78,5.644,6.415
-2.543,6.771,6.424
-1.278,8.381,4.18
-4.378,1.945,3.098
-7.577,-0.577,4.053
-9.764,-1.919,3.833
-11.13,0.347,5.41
-10.133,-2.431,5.084
-7.462,-2.189,4.362
-7.228,-2.622,4.146
-6.778,-5.469,3.586
-6.972,-9.111,1.622
-10.003,-8.915,3.161
-12.824,-12.487,5.359
-15.286,-10.546,11.733
-18.916,-19.322,6.125
-21.024,-18.363,5.895
-24.481,-10.049,6.996
-23.928,-10.953,7.171
-19.712,-9.065,5.747
-15.478,1.33,4.364
-11.681,12.595,1.708
-9.544,13.236,-0.239
-21.332,6.077,4.139
-24.804,4.18,8.668
-27.096,2.33,8.654
-23.809,6.589,4.835
-24.404,2.414,3.567
-33.881,-5.237,8.587
-28.098,-6.938,12.006
-28.869,-10.13,14.934
-19.346,-1.28,20.126
-9.889,7.601,23.261
-11.484,12.087,21.112
-31.721,-13.511,25.101
-32.79,-36.425,16.978
-32.934,-20.375,8.41
-35.197,-13.575,0.67
-26.194,-12.362,-4.288
-21.636,-6.706,-1.139
-25.845,10.331,14.611
-41.238,20.457,25.431
-42.385,3.668,11.846
-42.14,-1.823,14.655
-47.864,-0.153,9.972
-41.516,8.982,0.022
-37.939,9.178,-9.032
-39.121,3.268,-17.026
-36.121,-5.383,-22.72
-36.13,4.541,-19.964
-36.707,-2.539,7.075
-23.62,78.357,78.39
1.139,74.78,-52.173
1.108,-0.325,-38.296
34.3,35.848,7.51
-10.396,-8.211,4.079
2.22,1.215,12.752
-1.663,11.7,10.592
-1.247,5.969,10.484
-2.18,-1.711,10.233
-4.819,0.49,19.184
-9.666,3.553,23.543
-13.453,6.465,15.803
-8.393,5.548,13.951
-3.474,4.232,10.109
-6.587,2.818,9.13
-4.101,3.278,10.948
-6.867,6.103,13.506
-7.125,3.68,15.418
-5.422,2.249,11.721
-4.438,5.888,11.59
-6.07,4.546,12.2
-5.96,3.414,10.884
-5.544,0.959,11.307
-3.503,-0.261,10.846
-2.527,0.33,11.377
-3.144,1.601,11.707
-4.199,1.56,11.884
-4.132,2.103,11.48
-5.041,2.472,11.458
-4.015,2.68,12.147
-3.304,1.546,11.755
-3.273,1.017,11.346
-4.441,1.608,11.178
-2.974,0.517,11.965
-4.867,-0.055,12.645
-5.283,0.0,12.91
-5.371,0.78,12.872
-4.852,0.88,11.867
-4.977,-0.033,11.573
-4.122,0.694,12.331
-3.909,1.122,12.537
-3.931,1.589,11.657
-4.02,1.878,11.293
-3.639,0.4,11.42
-3.28,0.294,10.472
-2.881,0.885,10.57
-3.364,0.952,10.422
-1.823,2.082,9.944
-1.383,3.153,8.91
-0.569,3.443,8.154
-0.828,1.479,8.608
-0.237,0.232,8.044
-0.304,1.287,5.649
-0.325,2.883,4.01
-1.859,2.259,6.328
-0.402,5.005,6.094
-0.916,6.326,7.714
-0.175,6.515,7.032
0.122,6.032,6.793
-0.28,4.689,6.307
-0.031,4.558,5.929
0.227,5.51,6.379
-0.811,5.175,7.08
-1.479,4.871,7.623
-0.79,6.194,7.532
-0.388,6.836,7.01
-0.17,4.744,6.716
0.354,3.936,6.489
0.031,5.635,6.273
-0.112,7.439,6.13
-1.12,6.711,6.35
-3.046,5.594,5.974
-3.424,5.067,5.656
-4.008,1.069,3.902
-6.443,-1.211,2.89
-12.166,-3.357,3.948
-11.121,-1.912,5.807
-8.142,-0.696,6.166
-7.606,-5.991,4.967
-7.005,-7.321,4.622
-6.139,-5.027,6.187
-8.348,-11.214,6.367
-13.863,-14.04,8.24
-17.291,-14.889,5.455
-19.227,-10.669,8.415
-18.643,-7.305,7.13
-20.961,-12.047,6.56
-22.208,-12.312,8.096
-20.184,-9.759,7.644
-14.717,-0.426,4.73
-11.104,11.408,2.417
-13.013,10.212,1.658
-13.879,0.404,3.51
-20.205,3.247,5.17
-15.918,6.474,8.152
-24.098,-1.517,4.965
-22.112,-6.47,5.166
-19.473,-6.596,4.977
-26.378,-6.297,6.45
-33.664,-4.591,8.69
-23.715,-7.027,11.35
-19.789,-4.527,11.434
-16.837,1.254,12.994
-10.439,-1.206,15.772
-1.366,15.042,24.624
-14.978,10.436,26.924
-26.036,-19.612,24.443
-33.874,-31.63,12.384
-34.111,-13.623,1.742
-31.099,-12.949,-5.95
-25.361,-8.867,-5.79
-26.127,1.424,5.405
-34.056,17.234,24.053
-40.894,4.311,16.691
-40.609,-2.208,14.525
-45.993,1.318,14.987
-44.428,9.621,4.579
-39.126,7.407,-4.792
-38.564,7.422,-13.683
-36.307,0.297,-21.093
-37.92,1.991,-21.237
-38.518,-5.73,-13.384
-25.577,46.347,-0.084
-27.807,78.357,62.585
1.316,19.937,-40.81
9.36,-1.467,-17.152
21.493,37.319,14.327
-5.426,9.884,1.426
0.002,7.34,12.611
0.292,12.532,12.001
-1.95,1.227,11.401
-3.252,-7.532,15.628
-10.123,3.931,23.06
-6.24,3.823,19.547
-5.481,-2.495,23.182
4.01,-4.953,14.745
-3.634,-0.88,5.489
-1.017,1.826,5.328
-1.94,0.361,10.829
-5.467,-0.074,14.927
-6.678,3.517,13.552
-5.694,2.677,11.824
-3.211,-0.11,11.673
0.093,0.88,12.468
-4.766,0.624,14.736
-2.031,0.077,9.391
-3.017,1.096,13.281
-2.259,0.395,13.817
-1.792,1.153,14.214
-3.122,2.074,14.564
-4.515,0.739,14.549
-4.0,1.323,14.078
-3.771,-0.572,13.255
-4.386,-0.785,13.413
-4.075,0.919,13.611
-4.876,1.258,13.377
-5.618,0.395,12.925
-4.168,0.419,12.417
-5.111,1.077,12.214
-4.835,0.782,11.006
-3.649,0.907,10.152
-3.309,1.268,9.448
-3.364,1.28,10.355
-1.78,3.017,10.46
-2.56,2.117,9.776
-2.17,1.428,8.525
-1.146,1.512,8.183
-0.199,1.495,7.855
-0.816,1.081,7.721
-0.531,2.991,6.989
-1.29,2.35,8.723
-0.866,2.388,7.537
0.306,6.738,5.929
-1.165,3.29,9.343
0.361,4.055,6.943
-0.347,3.555,7.374
-0.392,3.402,6.96
-1.074,2.606,8.606
-0.072,4.206,8.965
0.256,5.082,8.936
-0.244,4.989,8.381
0.371,4.52,8.326
0.613,3.883,8.458
-0.45,5.831,8.281
-1.794,7.675,7.171
-0.29,9.037,4.366
-2.11,5.752,2.299
-4.421,4.259,1.412
-8.329,2.426,1.024
-10.532,-1.266,-0.474
-14.365,-3.235,3.091
-14.305,-3.06,6.503
-9.027,-1.098,7.735
-5.424,-2.285,6.541
-4.024,-6.723,4.95
-7.958,-9.381,5.582
-8.884,-10.458,7.46
-11.338,-10.63,10.259
-13.827,-18.961,4.929
-18.15,-14.073,8.07
-20.38,-9.671,8.664
-20.509,-12.827,7.702
-21.423,-14.315,7.919
-17.294,-6.309,6.86
-15.75,6.654,3.417
-11.233,10.343,-0.89
-15.542,12.74,1.347
-17.406,2.065,7.302
-25.424,3.787,8.173
-22.155,-4.11,7.604
-24.524,-2.189,5.295
-22.402,-2.742,4.948
-17.858,-3.421,6.659
-24.459,-5.69,10.08
-28.412,-10.19,13.927
-19.59,-5.974,14.609
-14.377,-4.445,13.669
-10.104,6.776,17.504
-8.104,13.877,23.036
-18.973,-2.371,23.311
-23.019,-30.658,19.449
-32.529,-23.787,9.063
-33.8,-9.936,2.629
-29.783,-13.061,-5.917
-22.155,-9.152,-5.369
-24.237,3.962,12.621
-35.439,13.664,22.318
-39.183,7.773,17.004
-41.382,1.024,17.09
-46.026,0.4,12.965
-41.789,3.491,5.168
-38.016,5.728,-2.132
-40.892,5.448,-14.138
-39.659,-2.747,-24.45
-35.776,-5.685,-23.45
-33.274,5.95,2.053
-26.146,78.357,48.38
-14.255,78.357,-34.118
-6.178,9.836,-31.623
27.83,24.873,-28.91
2.802,5.343,11.786
0.115,9.633,6.989
-3.515,8.963,11.898
-0.452,7.486,16.071
-4.319,0.962,16.03
-4.041,-2.005,17.456
-2.641,0.62,19.605
-9.188,0.679,17.911
-5.922,2.156,14.518
1.105,-7.532,-0.139
-3.436,6.711,5.192
-3.656,-0.44,9.42
-1.488,-4.886,6.587
-5.967,-3.275,14.363
-5.113,5.053,11.511
-5.264,2.57,12.604
-2.156,-1.101,7.596
-3.005,-3.438,8.446
-5.632,0.95,15.985
-6.687,2.335,15.348
-5.254,0.261,14.446
-4.098,-0.371,12.855
-4.453,0.419,12.145
-4.816,3.735,13.238
-4.57,4.175,13.753
-4.063,3.685,13.353
-3.266,4.223,12.951
-4.005,3.665,12.609
-4.366,3.29,12.346
-4.582,1.684,11.862
-5.529,0.61,11.535
-4.852,1.285,11.566
-3.725,1.038,11.109
-5.156,-0.189,10.049
-5.79,1.117,10.46
-5.132,1.881,10.628
-4.142,0.943,10.511
-3.682,0.995,9.606
-3.567,2.847,10.231
-3.646,2.945,10.415
-3.12,2.986,10.281
-2.469,2.05,9.487
-2.062,1.268,9.46
-2.201,1.912,9.223
-2.067,2.306,9.207
-2.558,1.328,9.994
-1.397,1.251,9.664
-1.151,1.467,9.475
-1.357,2.584,10.046
-1.469,2.474,9.898
-1.299,1.802,9.19
-1.263,2.122,9.946
-0.672,2.828,10.343
-0.983,2.742,10.838
-1.036,2.292,10.472
-0.562,2.187,10.018
-0.964,1.991,10.267
-0.383,2.462,10.197
-0.955,2.409,10.501
-0.517,2.184,10.68
-0.146,2.342,10.18
0.321,2.127,9.738
0.129,2.716,10.006
-0.304,2.519,10.441
0.096,2.945,10.556
0.297,2.852,10.582
0.524,2.589,10.506
0.084,2.304,9.534
0.16,1.641,9.317
1.014,2.208,9.554
1.457,1.909,9.01
0.974,1.804,9.637
1.184,3.378,9.077
1.4,3.735,8.472
1.742,2.577,8.147
1.711,2.737,7.745
2.196,2.177,6.584
2.924,1.919,5.005
3.816,8.943,0.596
1.51,1.876,6.137
2.18,2.864,5.673
3.72,9.585,4.07
1.089,7.726,4.204
3.185,5.661,0.668
-4.572,-20.435,29.355
2.216,-22.749,7.64
-7.125,-6.185,18.291
-8.931,11.616,6.474
-4.271,12.396,5.986
5.419,7.328,4.61
11.831,5.589,3.965
10.944,-3.797,5.551
11.425,1.983,6.269
17.932,-7.257,6.424
9.74,-2.56,7.261
4.0,1.395,7.245
4.737,3.859,8.195
4.235,1.029,11.25
4.488,-1.16,7.515
6.783,0.45,3.878
7.307,0.895,6.618
8.08,1.682,8.013
8.518,0.83,5.283
6.998,1.737,4.919
5.039,1.747,6.261
6.761,0.749,8.546
10.932,0.574,5.792
8.745,1.558,4.024
6.812,0.572,5.077
7.817,-0.507,6.216
9.075,1.708,3.895
8.518,1.419,4.417
7.793,1.56,6.352
7.127,1.287,6.271
7.651,1.842,5.713
8.405,1.629,5.737
7.833,2.584,6.35
7.087,1.141,7.661
7.683,1.593,6.257
7.573,2.984,5.69
6.446,3.445,7.039
5.929,1.854,7.553
5.859,0.955,6.668
6.556,2.85,6.73
7.343,4.421,4.429
6.192,2.888,2.885
6.257,0.325,4.541
7.58,2.048,4.677
6.498,2.883,4.505
5.931,3.732,3.347
6.371,1.622,4.828
7.587,1.254,6.19
7.898,1.287,5.192
7.407,2.359,6.056
6.075,1.548,5.005
7.546,-1.792,6.029
10.025,6.419,5.414
7.314,0.225,6.137
10.283,4.381,6.998
8.307,3.132,6.704
9.652,2.299,5.74
8.13,3.625,6.582
7.726,2.984,6.281
8.269,3.223,6.568
6.338,3.814,7.383
7.857,-5.596,5.383
8.204,-0.596,6.144
6.931,1.558,7.568
7.532,1.325,7.187
7.738,-0.67,7.147
6.223,-1.038,7.517
4.989,0.215,8.632
6.467,-0.433,8.556
8.364,-1.637,8.573
8.104,-0.278,9.922
6.642,-0.919,9.903
6.613,1.857,9.683
6.017,5.453,10.709
5.984,5.388,10.929
6.687,2.211,9.838
8.073,1.105,10.08
8.223,-1.203,11.504
7.154,-3.115,11.932
9.534,8.742,6.13
7.132,6.125,7.781
6.017,0.995,4.017
5.35,-1.115,3.972
4.699,-3.106,5.027
3.639,-3.378,5.335
2.486,-1.481,5.833
1.897,2.311,6.123
1.546,4.065,6.369
0.325,3.177,6.58
-1.696,1.031,8.099
-4.022,-2.596,9.429
-4.067,-2.4,8.8
-2.665,1.909,7.924
-3.163,6.092,8.427
-5.402,5.596,8.12
-6.802,1.684,8.144
-5.472,-0.479,8.384
-4.132,0.177,9.032
-4.168,1.55,9.154
-3.754,3.228,8.678
-2.68,4.529,7.85
-3.027,3.438,9.566
-3.051,1.565,9.546
-2.62,1.0,9.357
-1.971,1.873,9.132
-1.069,2.589,8.472
-0.584,1.79,8.896
-0.663,0.639,9.956
-0.787,-0.445,9.015
-0.622,0.356,8.154
-0.452,1.787,7.044
-0.251,2.577,6.276
-0.467,1.503,5.635
-0.88,-0.337,4.551
-1.677,-2.242,4.189
-1.232,-2.306,3.462
-2.12,-2.357,6.343
-12.64,-5.711,17.03
-0.859,-10.118,3.328
5.154,-15.994,13.004
-0.488,-14.949,6.072
-0.849,3.362,7.484
-4.981,-0.371,12.085
-0.723,2.871,10.221
-0.124,0.794,9.836
-2.45,-0.33,10.238
-0.955,-3.651,10.413
-0.333,-3.436,8.893
-1.845,-3.9,9.164
-2.309,-3.364,10.008
-1.215,-2.768,9.673
-1.151,-2.117,9.652
-1.306,-1.806,9.896
-1.165,-1.574,9.982
-0.947,-1.263,9.91
-1.139,-1.543,9.991
-1.687,-1.503,9.905
-1.287,-3.108,10.798
-1.84,-2.266,10.137
-1.249,-1.845,10.051
1.531,0.055,8.656
-1.354,-0.108,10.011
-0.141,-0.254,10.025
-0.163,0.677,9.946
-1.22,-0.115,9.975
1.029,-0.632,9.015
-1.971,-1.081,10.317
-1.711,-1.129,10.075
-1.189,-0.823,9.747
-1.18,-0.457,9.982
-1.651,-0.151,10.168
-1.055,0.17,9.86
-1.127,0.108,9.9
-1.567,-0.658,10.166
-1.314,-0.792,9.977
-1.761,-0.455,9.817
-1.948,-0.557,9.86
-1.036,-0.412,9.865
-1.57,-1.838,10.042
-1.481,-0.057,9.74
-1.866,0.682,9.898
-1.928,0.617,10.24
-2.553,0.356,10.252
-1.45,0.412,9.932
-1.058,-0.124,9.769
-2.015,-0.696,9.924
-1.553,-1.05,9.965
-1.572,-1.105,9.893
-1.304,-0.38,9.853
-1.529,-0.428,10.085
-1.122,-0.51,9.896
-1.359,-0.679,9.91
-1.381,-0.328,9.824
-0.974,-0.419,9.917
-0.921,-0.598,9.908
-1.28,-0.51,9.845
-1.656,-0.33,9.977
-1.742,-0.273,10.027
-1.483,-0.278,9.908
-1.503,-0.278,9.881
-1.349,-0.342,9.994
-1.421,0.072,9.86
-1.687,0.175,9.953
-1.919,-0.024,10.106
-1.704,0.189,10.027
-1.821,0.282,9.946
-1.416,0.117,9.896
-1.546,0.278,10.006
-1.759,-0.55,9.922
-1.658,-0.565,9.956
-1.553,-0.9,9.908
-1.498,-0.641,9.92
-1.297,-0.275,9.781
-1.268,-0.519,9.891
-1.359,-0.536,9.989
-1.584,-0.256,9.9
-1.486,-0.258,9.979
-1.448,-0.287,10.058
-1.258,-0.419,9.905
-1.304,-0.313,9.86
-1.132,-0.112,9.939
-2.017,-0.227,9.963
-2.043,-0.089,9.917
-1.404,0.203,9.941
-2.196,1.235,9.989
-1.838,-1.074,9.898
-1.323,-0.691,10.032
-1.806,-0.723,9.793
-1.986,-0.77,9.817
-1.725,-0.632,9.886
-1.699,-0.636,9.912
-1.615,-0.464,9.881
-1.436,-0.359,9.9
-1.991,-0.115,9.96
-2.213,0.112,9.929
-1.711,-0.132,9.884
-1.747,-0.605,9.91
-2.0,-0.754,9.979
-1.802,-0.89,9.889
-1.804,-0.744,9.891
-1.704,-0.414,9.9
-1.699,-0.27,9.946
-1.948,-0.512,9.977
-1.646,-0.627,9.793
-1.869,-0.567,9.917
-1.515,-0.426,9.855
-1.493,-0.706,10.001
-2.285,-1.115,9.889
-2.359,-0.825,9.752
-1.448,-0.699,9.922
-0.746,0.124,9.932
-2.072,0.443,10.042
-1.818,0.55,9.956
-1.665,-0.246,9.953
-2.306,-1.407,9.941
-2.158,-1.261,9.967
-0.833,-0.907,9.865
-0.845,-0.414,9.848
-1.759,-0.191,9.941
-1.407,-0.557,9.776
-1.574,-0.675,10.039
-2.182,-0.433,9.91
-2.728,0.5,9.723
-2.323,-1.005,6.635
-0.203,-0.471,11.279
-1.725,-0.361,9.604
-2.792,-0.928,9.448
-3.622,-1.227,9.716
-2.67,-0.361,9.915
-1.438,-0.026,10.606
-0.234,0.577,9.924
-1.024,1.148,9.807
-2.089,0.249,9.922
-0.038,0.203,9.778
-0.94,-0.091,9.836
-1.818,-0.079,10.039
-1.196,-0.194,10.025
-0.861,-0.368,9.845
-1.278,-0.617,9.929
-1.421,-0.663,10.013
-1.165,-0.443,9.932
-1.115,0.081,9.965
-1.156,0.481,10.015
-1.108,0.388,10.032
-1.074,0.029,9.958
-1.218,-0.371,9.996
-1.261,-0.684,9.991
-1.297,-0.926,9.896
-1.201,-0.873,9.97
-1.12,-0.605,9.936
-1.101,-0.397,9.963
-1.232,-0.428,10.015
-1.206,-0.658,9.946
-1.144,-0.758,9.977
-1.139,-0.66,9.927
-1.158,-0.711,9.908
-1.196,-0.749,10.015
-1.192,-0.754,9.939
-1.17,-0.751,9.972
-1.091,-0.768,9.979
-1.115,-0.785,9.963
-1.036,-0.79,9.934
-1.014,-0.782,9.912
-1.017,-0.675,10.003
-1.117,-0.809,10.001
-1.165,-0.873,9.975
-1.17,-0.869,9.975
-1.192,-0.938,9.956
-1.172,-1.127,9.972
-1.077,-1.235,9.908
-0.983,-1.462,9.898
-0.964,-1.658,9.817
-0.94,-1.881,9.8
-1.218,-2.046,9.79
-1.237,-2.137,9.798
-1.048,-2.041,9.865
-1.029,-1.593,9.9
-0.974,-1.062,10.018
-0.919,-0.624,10.075
-0.983,-0.44,10.018
-1.093,-0.49,10.075
-1.105,-0.9,10.044
-0.981,-1.4,9.934
-1.034,-1.603,9.845
-1.019,-1.699,9.886
-0.964,-1.625,9.879
-0.986,-1.323,9.886
-1.024,-0.94,10.003
-1.017,-0.711,10.02
-0.983,-0.742,10.025
-1.053,-0.988,10.011
-1.067,-1.273,9.941
-1.067,-1.558,9.853
-1.046,-1.507,9.843
-0.974,-1.215,9.958
-0.926,-0.969,9.927
-0.861,-0.849,9.967
-1.031,-0.895,9.965
-1.101,-0.924,10.023
-1.031,-0.859,10.015
-0.938,-0.84,9.996
-0.988,-0.758,9.927
-1.134,-0.754,9.977
-1.086,-0.84,9.97
-1.058,-0.878,10.013
-0.957,-0.89,9.967
-0.971,-1.048,9.898
-1.034,-1.091,9.96
-1.029,-1.098,9.903
-1.0,-1.012,9.996
-1.036,-0.885,9.953
-1.072,-0.95,9.977
-1.125,-1.223,9.879
-1.074,-1.325,9.929
-0.943,-1.165,9.884
-0.959,-0.924,9.889
-1.038,-0.871,10.006
-1.108,-0.947,9.96
-1.089,-1.139,9.963
-1.041,-1.192,9.953
-1.081,-1.361,9.929
-1.069,-1.431,9.889
-1.058,-1.333,9.932
-1.002,-1.177,9.958
-0.993,-1.098,9.903
-0.993,-0.993,9.936
-1.046,-1.034,9.975
-0.986,-1.007,9.991
-0.943,-0.964,9.932
-1.034,-1.014,9.984
-1.163,-1.249,9.939
-1.239,-1.404,9.936
-1.038,-1.366,9.903
-0.945,-1.206,9.948
-0.979,-1.005,9.965
-1.005,-0.792,9.977
-0.974,-0.708,9.994
-0.998,-0.744,9.996
-0.959,-0.955,9.951
-1.11,-1.12,9.944
-1.127,-1.316,9.946
-1.108,-1.448,9.927
-0.998,-1.419,9.905
-0.979,-1.397,9.922
-1.022,-1.227,9.948
-1.024,-1.055,9.941
-1.046,-0.95,9.96
-0.967,-0.943,10.006
-0.964,-0.907,9.946
-1.038,-0.995,9.984
-1.101,-1.086,9.989
-1.048,-1.153,9.932
-0.993,-1.232,9.869
-0.947,-1.261,9.886
-0.947,-1.201,9.867
-0.991,-1.043,10.011
-1.081,-0.794,9.989
-1.11,-0.885,9.991
-1.029,-0.986,9.951
-0.938,-1.079,9.965
-0.986,-1.089,9.932
-0.969,-1.086,9.936
-1.055,-1.062,9.948
-1.0,-1.048,9.934
-0.964,-0.88,9.939
-0.955,-0.732,9.991
-0.94,-0.679,9.987
-0.991,-0.703,10.011
-1.067,-0.804,9.987
-0.991,-1.122,9.944
-0.928,-1.242,9.874
-0.952,-1.318,9.915
-0.964,-1.225,9.951
-0.983,-1.134,9.948
-1.046,-1.117,9.956
-1.089,-1.084,10.003
-0.988,-1.144,9.987
-0.928,-1.079,9.984
-1.036,-1.048,9.958
-1.053,-1.038,9.967
-1.005,-1.12,9.97
-0.952,-1.292,9.932
-0.907,-1.318,9.922
-1.019,-1.29,9.929
-1.041,-1.44,9.936
-1.074,-1.471,9.915
-1.0,-1.292,9.965
-1.005,-1.381,9.922
-0.95,-1.304,9.922
-1.017,-1.309,9.994
-1.158,-1.294,9.96
-0.758,-1.333,9.917
-0.479,-1.297,9.814
-0.971,-1.306,9.932
-1.433,-0.962,10.085
-1.311,-0.469,10.023
-0.864,-0.782,10.058
-0.644,-1.084,9.884
-0.706,-1.498,9.79
-0.837,-1.948,9.841
-1.06,-1.962,9.903
-1.235,-1.452,9.898
-1.223,-1.187,10.001
-1.077,-1.196,9.941
-0.792,-1.34,9.915
-0.746,-1.376,9.877
-0.869,-1.172,9.965
-0.926,-1.053,9.984
-0.852,-1.261,9.91
-1.022,-1.316,9.975
-1.105,-1.402,9.999
-1.007,-1.357,9.884
-0.792,-1.407,9.893
-0.809,-1.395,9.891
-0.945,-1.22,9.884
-1.029,-1.153,9.967
-0.933,-1.237,9.963
-0.926,-1.342,9.965
-0.935,-1.371,9.96
-0.921,-1.273,9.936
-0.979,-1.206,9.958
-1.0,-1.199,9.967
-0.986,-1.321,9.963
-0.892,-1.498,9.92
-0.892,-1.596,9.905
-0.857,-1.469,9.946
-0.912,-1.208,9.922
-0.959,-0.998,9.939
-1.034,-0.926,9.989
-0.976,-1.0,10.001
-0.907,-1.158,9.903
-0.924,-1.397,9.939
-1.244,-2.259,9.747
-1.153,-2.792,9.848
-0.873,-2.158,9.585
-0.498,-0.66,9.747
-1.017,0.029,9.869
-1.306,-0.117,10.023
-1.108,-0.751,10.389
-1.754,-0.663,8.24
0.909,2.077,9.515
-0.309,6.505,9.123
-1.189,6.261,9.307
-0.543,4.967,8.719
0.421,4.256,7.948
0.38,4.709,8.032
0.057,5.876,8.034
-0.45,6.178,8.295
-0.56,5.012,8.408
-1.065,4.008,8.568
-0.656,4.709,8.321
-0.452,5.513,7.958
-0.352,5.57,7.551
-0.079,5.73,7.489
0.122,6.635,7.927
-0.074,6.24,7.819
-0.122,5.522,7.51
-0.254,6.115,7.422
-0.435,6.749,7.41
-0.524,6.498,7.23
-0.189,6.249,6.934
-0.218,6.336,7.101
-0.306,6.804,7.216
-0.172,6.95,7.092
-0.007,6.766,6.876
-0.136,6.563,6.903
-0.316,6.192,7.166
-0.407,5.859,7.431
-0.531,5.725,7.821
-0.392,5.702,7.759
-0.266,5.881,7.728
-0.163,5.998,7.556
-0.156,5.893,7.379
-0.246,6.008,7.367
-0.337,6.302,7.458
-0.414,6.438,7.407
-0.409,6.139,7.446
-0.34,5.993,7.271
-0.325,6.24,7.386
-0.328,6.412,7.52
-0.225,6.158,7.491
-0.301,5.871,7.496
-0.323,5.761,7.508
-0.349,5.797,7.721
-0.409,5.962,7.601
-0.33,6.108,7.549
-0.292,6.005,7.429
-0.323,5.898,7.374
-0.299,5.991,7.558
-0.342,6.08,7.661
-0.335,6.01,7.647
-0.323,5.795,7.651
-0.388,5.678,7.563
-0.328,5.788,7.678
-0.299,5.905,7.711
-0.313,5.953,7.74
-0.354,5.742,7.632
-0.347,5.709,7.649
-0.323,5.764,7.716
-0.323,5.855,7.73
-0.325,5.977,7.666
-0.328,5.938,7.613
-0.354,5.874,7.525
-0.337,5.924,7.608
-0.397,5.943,7.668
-0.373,5.917,7.685
-0.368,5.716,7.599
-0.297,5.716,7.589
-0.349,5.998,7.584
-0.318,6.249,7.565
-0.299,6.292,7.467
-0.361,5.972,7.386
-0.316,5.879,7.391
-0.354,5.998,7.565
-0.349,6.008,7.685
-0.368,6.025,7.663
-0.304,5.991,7.455
-0.368,5.859,7.467
-0.325,5.816,7.57
-0.337,5.948,7.637
-0.395,6.103,7.649
-0.27,6.13,7.491
-0.242,5.996,7.328
-0.333,6.005,7.436
-0.38,6.149,7.625
-0.412,6.017,7.678
-0.356,5.867,7.616
-0.366,5.67,7.623
-0.333,5.733,7.69
-0.325,5.948,7.644
-0.321,6.084,7.599
-0.225,6.075,7.561
-0.282,5.943,7.434
-0.376,5.989,7.496
-0.356,6.044,7.697
-0.397,5.967,7.692
-0.44,5.69,7.565
-0.323,5.704,7.393
-0.275,6.041,7.57
-0.218,6.505,7.427
-0.292,6.304,7.393
-0.251,6.228,7.209
-0.354,6.072,7.233
-0.325,6.403,7.261
-0.278,6.525,7.309
-0.325,6.51,7.379
-0.337,6.235,7.295
-0.337,5.986,7.214
-0.412,6.063,7.407
-0.371,6.144,7.486
-0.158,6.087,7.498
-0.268,6.039,7.3
-0.239,6.371,7.197
-0.304,6.556,7.135
-0.364,6.41,7.159
-0.328,6.345,7.084
-0.376,6.41,7.223
-0.462,6.314,7.166
-0.244,6.383,7.044
-0.108,6.673,6.982
-0.258,6.735,6.989
-0.215,6.479,6.931
-0.263,6.443,6.972
-0.342,6.613,7.077
-0.342,6.56,7.125
-0.321,6.498,7.025
-0.395,6.505,6.982
-0.201,6.56,6.974
-0.132,6.668,6.938
-0.251,6.694,6.931
-0.373,6.541,6.972
-0.311,6.412,6.917
-0.234,6.582,6.965
-0.242,6.604,7.003
-0.153,6.553,6.962
-0.22,6.647,6.986
-0.304,6.663,6.977
-0.388,6.558,7.032
-0.328,6.651,6.917
-0.258,6.714,6.941
-0.213,6.666,6.912
-0.141,6.656,6.955
-0.23,6.584,7.022
-0.263,6.371,6.958
-0.318,6.391,6.962
-0.297,6.666,7.123
-0.237,6.867,7.058
-0.069,7.116,6.938
-0.122,6.651,7.106
-0.476,5.993,6.943
-1.12,6.103,6.974
-0.904,6.615,7.367
-0.144,6.544,7.577
0.182,6.108,7.52
0.091,5.716,7.436
-0.067,5.486,7.57
-0.306,5.788,7.675
-0.495,6.13,7.482
-0.665,5.766,7.666
-0.675,5.388,7.869
-0.38,5.56,7.845
-0.266,5.96,7.728
-0.199,6.3,7.553
-0.368,6.381,7.35
-0.507,6.187,7.139
-0.435,6.242,7.226
-0.246,6.369,7.383
-0.179,6.374,7.482
-0.311,5.972,7.678
-0.407,5.639,7.498
-0.548,5.716,7.63
-0.526,5.989,7.618
-0.345,6.137,7.594
-0.28,5.941,7.415
-0.184,6.115,7.338
-0.203,6.283,7.302
-0.306,6.235,7.343
-0.39,5.965,7.376
-0.505,5.924,7.546
-0.45,6.113,7.489
-0.407,6.314,7.41
-0.38,6.312,7.218
-0.49,6.395,7.063
-0.572,6.637,7.135
-0.256,6.864,7.116
-0.196,6.424,7.116
-0.517,6.249,7.13
-0.617,6.45,7.278
-0.665,6.415,7.338
-0.699,6.249,7.25
-0.328,6.4,7.12
-0.258,6.465,7.068
-0.402,6.563,7.003
-0.507,6.651,6.991
-0.617,6.73,6.881
-0.412,6.821,6.888
-0.335,6.654,7.015
-0.586,6.249,6.903
-0.718,6.477,7.056
-0.869,6.582,7.18
-0.601,6.757,7.041
-0.488,6.477,6.919
-0.538,6.448,6.848
-0.553,6.481,7.008
-0.83,6.348,7.099
-0.926,6.331,7.051
-0.799,6.596,7.123
-0.361,6.68,7.001
-0.005,6.699,7.005
-0.22,6.582,6.936
-0.593,6.551,6.984
-0.892,6.702,7.017
-1.058,6.563,6.929
-0.83,6.45,6.919
-0.304,6.699,7.068
-0.244,6.678,7.003
-0.285,6.441,6.97
-0.419,6.441,7.005
-0.507,6.589,7.053
-0.668,6.639,6.941
-0.615,6.766,6.833
-0.553,6.86,6.989
-0.711,6.57,7.01
-0.706,6.261,6.95
-0.679,6.285,7.049
-0.548,6.508,7.19
-0.378,6.809,7.192
-0.773,6.62,6.836
-0.648,6.855,6.728
-0.522,7.027,6.721
-0.526,7.264,6.62
-0.835,6.994,6.941
-0.687,6.17,6.86
-0.431,6.264,6.793
-0.191,7.611,6.663
-0.435,9.558,7.118
-0.935,8.936,6.86
-3.067,1.62,11.317
2.259,3.787,9.484
-2.376,3.704,9.412
-1.507,3.536,8.812
-0.072,1.01,8.778
-1.515,0.488,9.286
-3.622,-0.225,9.597
-2.378,-8.943,8.79
-1.395,-11.992,6.95
-0.696,-5.728,9.35
-1.61,-1.608,9.79
-0.84,0.574,9.652
-0.742,1.419,10.07
-1.273,1.739,10.252
-1.632,1.519,10.168
-1.201,1.474,9.874
-1.809,0.847,10.286
-1.632,-0.675,10.948
-1.381,-1.345,10.276
-2.082,-2.005,10.243
-0.931,-2.108,9.843
-0.416,-2.364,9.577
-0.983,-1.754,9.427
-1.151,0.993,9.755
-1.601,1.089,10.2
-1.476,0.957,10.525
-2.735,-0.321,10.228
-2.878,-0.268,9.697
-1.522,0.11,10.058
-2.237,-2.285,9.231
-1.603,-1.302,9.604
-2.096,-0.5,10.075
-2.718,1.493,10.245
-2.646,-0.27,9.798
-2.046,0.45,9.841
-1.811,-0.412,10.133
-1.546,-0.785,9.731
-1.931,-1.835,9.841
-1.065,-0.601,9.697
-1.641,-0.06,9.972
-1.522,-0.543,10.231
-1.479,-0.476,10.235
-2.103,-0.603,9.91
-1.153,-1.017,9.628
-1.115,-0.069,9.731
-1.601,-0.041,10.125
-1.364,0.325,10.353
-1.062,0.325,10.491
-1.409,-1.383,10.298
-3.85,-0.438,9.838
-2.333,-0.622,9.987
-4.244,-0.388,10.389
-1.907,-0.967,10.075
2.046,0.069,9.673
0.591,-0.512,9.417
-2.665,1.656,10.219
-2.048,0.718,10.123
-0.34,0.045,9.783
-1.144,0.203,9.824
-1.895,0.263,9.944
-1.452,0.033,9.917
-1.4,-0.234,10.2
-0.959,0.175,9.721
-1.0,0.744,9.613
-1.089,1.581,9.668
-1.261,1.988,9.649
-1.235,2.579,9.668
-0.895,1.974,9.647
-0.979,2.309,9.762
-0.634,1.931,9.759
-0.682,1.603,9.769
-0.34,1.586,9.623
-0.706,2.11,9.697
-0.742,2.022,9.659
-0.225,1.806,9.747
-0.591,1.897,9.714
-0.565,1.73,9.745
-0.825,2.225,9.656
-0.445,2.01,9.68
-0.311,1.799,9.8
-0.653,1.921,9.656
-0.739,1.479,9.788
-0.857,1.486,9.735
-0.639,1.335,9.819
-0.483,1.476,9.721
-0.591,2.146,9.8
-0.672,1.962,9.79
-0.737,1.816,9.678
-0.455,1.39,9.743
-0.412,1.737,9.709
-0.562,2.211,9.848
-0.651,2.153,9.685
-0.471,2.048,9.597
-0.273,1.297,9.683
-0.479,1.424,9.889
-0.679,1.971,9.795
-0.591,1.835,9.688
-0.62,1.687,9.63
-0.622,1.61,9.711
-0.632,1.373,9.817
-0.634,1.081,9.843
-0.763,2.048,9.893
-0.486,1.885,9.807
-0.306,1.838,9.726
-0.395,1.723,9.68
-0.557,1.194,9.707
-0.804,1.359,9.776
-0.349,1.675,9.9
-0.811,1.983,9.948
-0.459,1.727,9.719
-0.349,1.651,9.534
-0.471,0.902,9.63
-0.763,1.069,9.845
-0.713,2.18,9.917
-0.431,1.869,9.767
-0.163,1.44,9.654
-0.553,1.761,9.678
-0.646,2.098,9.544
-0.689,1.924,9.877
-0.316,1.919,9.9
-0.663,1.66,9.865
-0.679,1.57,9.786
-0.679,1.668,9.75
-0.711,1.826,9.666
-0.608,1.45,9.778
-0.44,1.512,9.793
-0.912,1.773,9.776
-0.959,2.089,9.781
-0.426,1.601,9.609
-0.055,1.452,9.692
-0.316,1.438,9.743
-0.904,2.225,9.833
-0.914,1.814,9.891
-0.629,1.462,9.733
-0.402,1.522,9.704
-0.804,1.907,9.795
-0.742,1.491,9.874
-0.794,1.84,9.889
-0.514,1.378,9.778
-0.534,1.194,9.738
-0.849,1.665,9.719
-0.696,1.665,9.786
-0.601,1.395,9.781
-0.56,1.206,9.872
-0.852,1.895,9.879
-0.44,1.782,9.726
-0.512,1.692,9.491
-0.613,1.488,9.786
-0.502,1.596,9.843
-0.617,1.637,9.826
-0.677,1.663,9.826
-0.579,1.682,9.771
-0.335,1.395,9.69
-0.467,1.287,9.822
-0.979,1.725,9.85
-0.419,1.433,9.929
-0.282,1.534,9.747
-0.543,1.893,9.75
-0.864,1.823,9.7
-0.479,1.416,9.884
-0.56,1.522,9.848
-0.421,1.467,9.841
-0.443,1.663,9.738
-0.656,1.986,9.654
-0.433,1.093,9.75
-0.278,1.531,9.757
-0.718,2.067,9.924
-0.526,0.524,9.372
-0.287,1.682,7.695
1.249,8.704,8.893
-1.091,-0.668,6.845
-0.423,2.529,11.042
-0.641,0.979,10.097
-0.395,1.304,9.877
-0.402,1.591,9.831
-0.471,1.608,9.642
-0.701,1.371,9.776
-0.435,1.153,9.915
-0.242,1.067,9.826
-0.854,1.761,9.709
-0.706,1.682,9.788
-0.395,1.294,9.843
-0.431,0.952,9.788
-0.333,0.581,9.826
-1.175,2.821,9.819
-0.526,1.675,9.884
-0.144,1.136,9.654
-0.342,0.383,9.573
-0.112,0.428,10.027
-0.505,1.694,9.826
-1.0,1.268,9.812
-0.768,1.395,9.757
-0.636,1.804,9.628
-1.328,2.244,9.719
-1.122,1.639,10.056
-0.833,1.4,9.814
-1.062,1.321,9.709
-1.519,2.031,9.601
-0.636,1.517,9.822
-1.029,1.505,9.41
-2.507,2.718,9.774
-0.627,2.369,9.623
-0.452,0.548,11.066
0.866,2.414,8.673
-1.629,1.218,9.673
0.423,1.495,9.326
-1.646,3.072,9.869
-1.364,2.395,9.865
-0.998,2.984,9.621
-0.356,2.249,9.109
-1.629,1.981,9.508
-1.132,3.345,9.771
-0.802,0.763,9.446
-0.603,1.723,9.8
-0.991,2.78,9.788
-0.962,1.577,9.668
-1.378,1.715,9.649
-2.086,1.742,9.857
-0.813,1.227,9.577
-1.275,0.746,9.446
-0.395,2.16,9.975
-0.696,3.086,10.264
-2.0,1.763,9.85
-1.732,0.869,9.41
0.462,0.16,8.975
-0.622,1.586,10.168
-1.412,1.72,10.384
0.148,2.239,9.448
0.4,2.531,9.247
0.412,3.374,9.551
0.172,3.263,9.79
0.388,2.926,9.922
-2.586,-0.304,9.719
-3.311,1.199,9.501
-2.146,2.735,9.936
-1.531,4.587,10.252
-1.371,-0.158,9.022
0.333,0.534,9.396
-0.45,2.976,9.778
-2.883,2.048,9.929
-0.412,2.512,9.843
-0.452,0.866,9.412
-1.024,0.519,9.647
-0.701,1.948,9.805
-0.44,2.28,9.551
-1.017,2.175,9.822
-1.048,1.038,9.836
-0.452,0.89,9.833
-0.419,2.089,9.656
-2.699,2.699,9.946
-1.151,1.84,9.592
-0.536,1.127,9.738
-0.376,0.981,9.738
-0.615,1.4,9.731
-0.732,1.019,9.908
-1.522,1.474,9.678
-1.785,2.646,9.704
-1.067,2.017,9.869
-0.084,1.66,9.659
-1.395,1.94,9.647
-2.024,1.586,9.877
-1.096,0.278,9.592
-0.89,1.139,9.573
-0.139,1.113,9.951
-0.943,1.038,10.223
-1.62,1.546,9.7
-1.488,0.313,9.716
-0.378,1.457,9.573
-0.861,1.981,9.991
-2.223,0.995,10.463
-2.144,0.778,9.767
0.074,0.799,9.46
-0.452,-0.29,9.788
-1.519,0.579,10.197
-1.507,0.158,10.331
0.404,1.177,9.958
1.062,1.27,9.427
0.019,1.5,9.69
-1.419,1.61,9.733
-1.414,1.766,9.743
-2.103,1.5,9.884
-2.302,1.146,9.984
-3.759,0.223,10.546
-1.519,-1.577,13.616
1.125,-0.316,8.857
-1.055,1.634,10.003
-1.797,2.086,9.994
-0.538,1.369,9.676
-1.57,1.61,9.53
-1.558,1.689,9.92
-0.22,1.948,9.592
-0.854,1.852,9.793
-1.357,1.9,9.75
-0.727,1.814,9.711
-0.758,1.876,9.74
-1.079,1.794,9.833
-0.904,1.653,9.75
-0.962,1.383,9.731
-1.065,1.232,9.69
-0.986,1.445,9.719
-0.986,1.553,9.81
-0.995,1.517,9.721
-0.947,1.469,9.728
-0.969,1.385,9.807
-1.012,1.402,9.8
-0.962,1.385,9.781
-0.981,1.421,9.795
-0.955,1.364,9.896
-1.017,1.201,9.81
-1.125,1.708,9.843
-0.876,1.349,9.795
-0.672,1.223,9.759
-0.926,1.086,9.757
-1.806,0.668,9.769
-2.529,1.933,9.958
-0.878,0.964,9.826
-0.459,1.077,9.716
-0.878,1.531,9.728
-1.036,1.455,9.759
-0.574,2.84,9.527
-1.68,-0.11,9.889
-1.419,1.266,9.898
-0.885,0.895,9.805
-0.861,1.18,9.728
-0.947,1.907,9.747
-0.864,2.053,9.731
-1.227,2.273,9.719
-1.005,2.038,9.79
-0.124,2.751,10.917
-0.479,2.318,9.812
-1.771,0.536,9.656
-1.888,-0.17,9.444
1.586,-3.12,8.884
-2.687,4.302,11.853
-0.167,0.627,9.841
-1.211,-1.814,9.637
-0.892,-0.581,9.635
-1.84,1.419,9.912
-1.158,1.613,9.798
-0.634,1.684,9.738
-1.409,2.28,9.75
-1.548,2.338,10.042
-0.388,1.938,9.75
-0.981,0.888,9.542
-1.407,1.577,9.688
-1.148,1.668,9.74
-0.735,1.474,9.845
-1.134,1.55,9.769
-1.285,1.476,9.79
-0.526,3.268,9.125
-0.278,2.787,9.96
-1.871,1.211,9.898
-1.017,-1.608,10.482
-0.909,0.857,9.886
-1.806,2.132,10.154
-0.294,-0.469,9.812
-0.952,-0.246,9.573
-1.723,1.285,9.683
-1.115,1.29,9.951
-0.402,1.381,9.647
-1.354,1.916,9.709
-1.426,1.589,9.91
-1.041,1.617,9.802
-0.959,1.632,9.8
-0.744,1.72,9.721
-1.058,1.845,9.774
-1.098,1.457,9.721
-1.182,1.11,9.747
-1.211,1.177,9.805
-0.849,1.538,9.874
-1.546,1.256,9.814
-0.969,1.163,9.649
-0.969,1.608,9.704
-1.158,1.51,9.824
-0.919,1.172,9.735
-0.842,1.457,9.733
-0.895,1.988,9.826
-1.098,1.567,9.762
-1.211,1.416,9.743
-1.163,1.225,9.747
-0.684,1.232,9.805
-0.878,1.548,9.771
-1.046,1.325,9.788
-1.45,1.352,9.798
-1.392,1.263,9.855
-0.584,1.314,9.845
-0.89,1.421,9.853
-3.374,3.189,9.006
0.309,2.933,10.429
-1.991,0.95,9.793
-2.708,4.646,10.176
-0.938,-1.605,9.917
-0.361,-1.031,10.011
-0.584,-0.062,10.121
-0.132,-1.29,9.75
-1.0,-0.067,9.683
-1.658,0.998,9.843
-1.436,1.479,9.979
-0.67,1.067,9.915
-1.024,1.314,9.896
-0.735,1.751,9.79
-1.194,1.258,9.874
-1.493,1.227,9.762
-0.998,1.062,9.877
-0.663,1.026,9.85
-0.677,1.12,9.838
-1.261,1.074,9.855
-1.261,1.282,9.903
-0.857,1.376,9.877
-0.517,1.101,9.704
-0.744,1.055,9.805
-1.072,1.117,9.879
-1.196,0.976,9.848
-0.974,1.077,9.884
-1.089,0.802,9.778
-1.263,1.108,9.869
-1.005,0.955,9.85
-1.103,1.23,9.805
-0.754,1.498,9.855
-0.751,1.218,9.86
-1.404,1.103,9.788
-0.873,1.196,9.805
-0.897,1.144,9.752
-1.325,1.314,9.788
-1.397,1.737,9.898
-1.206,1.534,9.889
-1.299,0.61,9.845
1.818,-0.622,10.013
0.694,3.151,10.161
-1.656,2.144,9.661
-2.053,0.01,9.424
-1.782,-0.656,9.879
-0.66,2.043,9.979
0.117,1.916,9.606
-0.835,1.976,9.695
-1.871,1.79,9.9
-1.701,1.278,9.807
-1.048,0.756,9.831
-0.718,1.074,9.726
-0.354,1.78,9.719
-0.785,2.034,9.778
-1.383,1.759,9.836
-1.098,1.127,9.798
-1.098,0.658,9.848
-0.778,0.914,9.767
-0.608,1.627,9.707
-1.34,1.589,9.86
-1.225,1.227,9.776
-1.256,1.565,9.714
-0.809,0.615,9.838
-0.928,1.306,9.771
-1.261,1.608,9.833
-1.081,1.402,9.829
-0.969,1.388,9.855
-0.971,1.464,9.836
-0.864,1.129,9.812
-1.096,0.888,9.755
-1.084,1.323,9.781
-1.187,1.189,9.807
-0.83,1.457,9.733
-1.01,1.512,9.807
-0.986,1.18,9.783
-0.572,1.218,9.884
-1.196,1.251,9.829
-1.333,1.187,9.795
-1.201,1.201,9.738
-1.017,1.376,9.853
-0.928,1.622,9.869
-0.536,1.768,9.807
-0.799,1.438,9.805
-1.55,1.266,9.822
-1.11,1.192,9.836
-0.79,0.888,9.853
-0.981,0.825,9.778
-0.904,0.907,9.824
-0.991,1.28,9.862
-1.175,1.414,9.831
-0.593,1.498,9.671
-0.897,1.223,9.889
-1.146,0.88,9.807
-0.974,1.127,8.637
0.043,2.728,10.343
-0.955,2.438,9.963
-0.05,-0.301,9.231
0.041,-2.428,9.649
-0.383,-0.703,9.843
-1.445,0.038,9.982
-0.622,-1.404,9.42
-0.474,-1.766,9.889
-0.304,-0.117,9.807
-0.974,1.72,9.783
-0.617,0.921,9.903
-0.715,1.239,9.862
-1.689,1.696,10.07
-1.175,0.799,9.912
-0.665,0.175,9.857
-0.61,0.691,9.711
-0.531,0.677,9.884
-0.392,1.081,9.81
-0.926,1.555,9.845
-0.873,1.838,9.833
-0.861,1.634,9.879
-0.804,1.448,9.843
-0.742,1.491,9.798
-0.835,1.302,9.836
-1.201,1.127,9.833
-1.165,0.892,9.831
-0.713,1.163,9.843
-0.725,1.352,9.822
-0.993,1.55,9.802
-0.986,1.294,9.8
-0.713,1.381,9.822
-1.105,1.366,9.824
-1.491,1.625,9.838
-1.11,1.998,9.865
-0.115,1.426,9.676
-1.184,1.203,9.637
1.701,-1.144,12.956
-1.256,2.227,10.267
-1.632,0.325,9.829
-0.744,-0.452,9.266
-0.608,0.493,9.664
-0.663,1.739,10.027
-0.713,2.144,9.788
-1.29,2.208,9.685
-1.524,1.56,9.853
-0.849,1.292,9.934
-0.435,1.127,9.711
-0.739,1.074,9.723
-1.062,1.16,9.798
-1.103,1.225,9.91
-0.995,1.385,9.917
-0.627,0.998,9.805
-0.694,0.9,9.843
-1.091,0.847,9.726
-0.971,1.048,9.802
-0.919,1.12,9.872
-0.811,1.761,9.9
-0.713,1.318,9.814
-0.873,1.062,9.728
-0.849,1.263,9.807
-0.529,1.046,9.889
-0.605,1.058,9.781
-0.964,1.785,9.826
-1.11,1.648,9.845
-0.725,1.672,9.755
-0.644,1.421,9.764
-0.696,1.203,9.8
-0.907,1.144,9.79
-0.964,1.699,9.865
-0.778,1.558,9.838
-0.656,1.565,9.788
-0.574,1.493,9.735
-0.651,1.335,9.812
-0.883,1.165,9.778
-0.969,1.349,9.798
-0.694,1.553,9.889
-0.663,1.804,9.75
-0.658,1.878,9.79
-0.909,1.469,9.788
-1.038,1.194,9.783
-0.912,1.055,9.898
-0.603,0.926,9.774
-0.794,1.29,9.896
-0.813,1.335,9.81
-0.761,1.256,9.764
-0.952,1.275,9.802
-1.12,1.139,9.826
-0.651,1.223,9.874
-0.847,1.184,9.757
-0.957,1.773,9.762
-0.672,1.713,9.826
-1.019,1.323,9.783
-1.342,1.017,9.781
-1.192,1.388,10.003
-1.572,1.816,9.812
1.768,0.746,13.355
1.294,1.797,10.204
-0.821,1.845,9.774
-3.421,-0.471,9.19
-0.921,0.38,9.862
-1.668,0.957,10.109
-0.94,1.737,9.728
0.522,3.307,9.786
-0.88,1.342,9.695
-1.476,2.311,9.695
0.933,1.866,9.865
1.952,-0.947,9.929
-2.998,-0.751,9.386
-2.153,1.134,9.482
-0.9,0.9,10.109
-1.058,1.914,9.994
-1.01,1.323,9.539
-1.574,1.773,9.63
2.431,1.079,11.695
0.519,0.684,10.121
-2.584,1.543,9.099
-0.428,1.108,9.719
-2.541,0.991,10.032
-1.342,1.981,10.075
0.026,1.699,9.613
-1.203,0.787,9.905
2.084,1.785,12.693
0.34,2.194,10.176
-1.742,0.153,9.518
-1.345,0.9,9.319
-1.261,1.292,9.989
-1.507,1.043,9.996
-0.4,2.998,9.759
-1.45,0.636,9.81
-3.177,-1.388,3.615
2.151,1.34,10.003
0.809,0.648,9.845
-1.507,-1.28,9.321
-2.893,1.598,9.711
-1.828,1.309,10.326
-0.321,1.244,9.793
-0.565,1.747,9.506
-1.512,1.57,9.812
1.646,1.988,12.274
0.727,1.919,9.967
-1.802,-0.615,9.544
-2.249,1.778,9.496
-1.572,0.519,10.14
-1.146,0.77,10.061
0.024,1.931,9.496
-1.526,1.747,9.786
1.184,2.043,13.669
0.778,2.613,10.185
-0.935,0.423,9.412
-2.029,0.732,9.235
-1.706,0.682,10.03
-1.139,1.598,10.238
-0.191,1.201,9.527
-1.201,1.713,9.616
1.297,2.199,11.673
0.385,1.742,10.307
-0.66,-1.122,9.491
-2.05,1.696,9.551
-1.696,1.019,10.173
-1.816,1.0,9.891
-0.873,2.227,9.661
-0.321,1.031,9.841
3.802,0.622,10.432
1.756,3.594,9.807
-0.864,0.761,9.855
-2.608,-0.043,9.111
-1.318,0.682,9.802
-1.23,1.357,10.18
-0.565,2.263,9.735
-0.122,1.912,9.551
-5.278,0.928,7.807
1.409,1.019,10.901
0.359,0.199,10.279
-1.598,-0.055,9.085
-1.113,1.347,9.53
-1.718,1.369,10.082
-1.931,2.158,9.81
-0.175,2.39,9.704
-1.814,1.565,9.755
1.335,1.354,15.284
2.036,1.869,10.027
-0.203,0.172,9.321
-1.744,1.766,8.896
-1.462,2.333,10.008
-1.9,1.51,10.027
-0.182,1.924,9.692
-2.146,0.947,9.843
1.57,-0.132,10.791
2.247,3.015,9.374
0.754,2.204,9.355
-3.151,-0.77,9.439
-3.096,1.976,10.027
-0.947,1.268,10.298
0.371,1.692,9.561
-1.55,0.988,9.508
1.086,1.433,14.956
-0.045,0.924,10.697
-0.048,0.51,9.36
-2.617,1.268,8.879
-2.172,1.945,10.101
-1.134,1.914,10.176
0.299,1.637,9.561
-0.916,1.366,9.678
-0.005,0.366,12.439
-0.493,1.443,10.609
0.493,0.854,9.049
-1.385,0.419,9.393
-2.73,2.074,9.912
-1.979,1.28,9.982
-0.4,2.048,9.862
-1.041,1.538,9.688
0.967,1.464,12.882
-0.912,0.624,10.709
-1.17,0.077,9.221
-2.479,-0.203,9.307
-1.586,0.876,10.145
-1.203,2.053,9.979
-0.687,1.94,9.551
-0.416,1.704,9.721
-0.103,0.397,16.358
-0.603,1.086,10.788
0.601,1.66,9.508
-2.074,-0.486,8.802
-1.995,1.452,9.759
-1.871,1.397,10.331
-0.935,1.565,9.728
0.093,1.419,9.647
-0.916,1.392,9.915
-1.366,1.885,9.97
-0.876,1.34,9.805
-0.266,0.981,9.685
-0.567,1.613,9.69
-0.773,1.988,9.881
-1.416,0.603,9.869
-0.818,0.531,9.831
-0.653,1.407,9.881
-0.646,1.402,9.762
-0.689,1.672,9.79
-1.184,1.335,9.807
-0.864,1.318,9.793
-0.55,1.349,9.764
-1.247,1.593,9.855
-1.029,1.938,9.623
-0.148,2.043,9.893
-0.888,0.232,9.917
-0.897,1.046,9.812
-0.986,1.237,9.812
-1.129,1.201,9.781
-1.172,1.601,9.781
-0.785,1.541,9.838
-0.356,1.794,9.817
-1.196,1.718,9.755
-1.18,1.034,9.845
-0.72,0.797,9.802
-0.861,1.364,9.8
-1.187,1.522,9.946
-0.962,1.438,9.798
-0.443,1.888,9.7
-1.424,1.225,9.798
0.541,0.974,10.666
-0.857,-0.093,10.14
