-0.811,-0.608,10.147
-0.816,-0.589,9.91
-0.084,-0.701,9.649
-0.998,-1.026,9.659
-1.601,-0.857,9.898
-0.988,-0.321,9.96
-0.541,-0.758,9.683
-0.859,-1.0,9.719
-0.895,-0.931,9.874
-1.062,-0.969,9.867
-0.579,-0.605,9.898
-0.888,-0.557,9.9
-1.414,-0.574,9.817
-1.598,-0.613,9.946
-1.072,-1.751,9.795
3.986,-1.986,7.101
1.364,-1.05,9.759
-0.423,-1.005,9.843
-0.476,-1.4,9.692
-0.349,-1.172,9.664
-0.366,-0.833,9.826
-0.177,-0.498,9.922
-0.888,-0.598,9.862
-0.629,-0.737,9.836
-0.641,-0.885,9.862
0.507,0.534,9.778
-0.682,-0.797,9.872
-0.723,-0.809,9.872
-0.641,-0.991,9.79
-1.034,-1.019,9.85
-0.27,-0.708,9.805
-0.691,-0.988,9.865
-0.486,-0.952,9.886
-0.883,-0.926,9.74
-0.342,-0.701,9.865
-0.505,-0.718,9.865
-0.818,-0.677,9.86
-0.754,-0.419,9.841
-0.833,-0.586,9.893
-0.239,-1.05,9.776
-0.639,-1.029,9.745
-0.79,-0.828,9.786
-0.423,-0.651,9.738
-0.691,-0.608,9.917
-1.117,-0.852,9.783
-1.017,-0.928,9.831
1.515,0.639,10.771
0.175,-0.534,9.979
-0.876,-0.804,9.857
-0.435,-0.935,9.884
-0.718,-0.859,9.805
-0.723,-0.691,9.831
-0.782,-0.84,9.857
-0.598,-0.565,9.857
-0.567,-0.61,9.795
-0.299,-0.421,9.915
-0.514,-0.62,9.865
-0.739,-0.825,9.886
-0.725,-0.849,9.819
-0.596,-0.866,9.726
-0.723,-0.818,9.881
-0.684,-0.852,9.891
-0.601,-0.885,9.867
-0.758,-1.026,9.812
-0.455,-0.926,9.692
-0.787,-0.694,9.86
-0.522,-0.447,9.924
-0.823,-0.629,9.908
-0.699,-0.88,9.91
-0.629,-0.931,9.798
-0.672,-0.656,9.908
-0.763,-0.833,9.881
-0.763,-0.979,9.781
-0.445,-0.983,9.805
-0.641,-0.924,9.79
-0.742,-0.904,9.862
-0.78,-1.041,9.905
-0.636,-1.022,9.776
-0.536,-0.909,9.764
-0.538,-0.754,9.9
-0.691,-0.763,9.881
-0.672,-0.955,9.872
-0.696,-0.861,9.831
-0.624,-0.727,9.798
-0.77,-0.713,9.891
-0.701,-0.766,9.886
-0.601,-0.854,9.853
-0.756,-0.938,9.831
-0.481,-0.703,9.833
-0.586,-0.864,9.841
-0.723,-0.983,9.781
-0.569,-0.567,9.881
-0.66,-0.601,9.762
0.438,2.208,9.396
-0.852,-0.376,10.513
-0.498,-1.196,9.549
-0.244,-1.213,9.611
-0.617,-1.058,9.798
-0.684,-0.756,9.731
-0.775,-0.589,9.987
-0.557,-0.435,9.972
-0.715,-0.833,9.728
-0.804,-0.955,9.776
-0.646,-0.821,9.841
-0.73,-0.699,9.929
-0.39,-0.691,9.85
-0.61,-0.749,9.826
-0.768,-1.144,9.735
-0.574,-1.069,9.733
-0.687,-0.94,9.867
-0.464,-0.742,9.92
-0.825,-0.749,9.879
-0.591,-0.761,9.778
-0.78,-0.991,9.829
-0.73,-0.892,9.831
-0.644,-0.689,9.853
-0.455,-0.754,9.877
-0.474,-1.0,9.762
-0.703,-0.931,9.85
-0.806,-0.907,9.874
-0.476,-0.742,9.857
-0.732,-1.024,9.829
-0.481,-0.835,9.881
-0.732,-0.928,9.802
-0.895,-0.938,9.85
-0.694,-0.998,9.771
-0.313,-0.718,9.81
-0.701,-0.79,9.891
-0.55,-0.816,9.8
-0.77,-0.967,9.841
-0.388,-0.73,9.963
-0.553,-0.852,9.857
-0.548,-0.802,9.764
-0.581,-0.845,9.771
-0.687,-0.699,9.903
-0.746,-0.732,9.891
-0.811,-0.739,9.848
-0.687,-0.785,9.802
-0.55,-0.751,9.759
-0.641,-0.89,9.86
-0.648,-0.902,9.874
-0.744,-0.811,9.805
-0.5,-0.739,9.759
-0.809,-0.758,9.975
-0.562,-0.83,9.857
0.687,2.462,9.805
-1.438,-0.761,9.912
-0.421,-0.701,9.599
-0.361,-1.251,9.647
-0.67,-1.361,9.872
-0.632,-0.792,9.979
-0.574,-0.737,9.845
-0.816,-1.031,9.683
-0.663,-0.871,9.884
-1.077,-0.995,10.015
-1.928,-0.742,10.389
-0.959,-1.034,9.805
-0.924,-0.931,9.778
-0.644,-0.914,9.86
-0.756,-0.84,9.807
-0.677,-0.957,9.778
-0.864,-0.837,9.903
-0.787,-0.902,9.836
-0.694,-0.9,9.833
-0.778,-0.916,9.824
-0.761,-0.916,9.747
-0.737,-0.935,9.757
-0.754,-0.9,9.824
-0.656,-0.847,9.857
-0.88,-0.892,9.867
-0.622,-0.787,9.865
-1.026,-0.914,9.862
-0.821,-0.723,9.886
-0.679,-0.823,9.855
-0.677,-0.653,9.822
-0.598,-0.579,9.826
-0.651,-0.792,9.877
-0.711,-0.627,9.877
-0.636,-0.457,9.886
-0.634,-0.419,9.807
-0.574,-0.629,9.826
-0.921,-0.672,9.85
-0.83,-0.629,9.829
-0.45,-0.706,9.709
-0.141,-0.833,9.723
-0.933,-0.809,10.087
-0.969,-0.842,9.8
-0.943,-0.711,9.817
-0.756,-0.687,9.814
-0.818,-0.579,9.752
-0.617,-0.644,10.027
-0.845,-0.746,9.891
-0.242,-0.658,9.661
-0.634,-0.634,9.824
-1.139,-0.555,10.073
-0.967,-0.567,9.783
-0.799,-0.624,9.869
-0.67,-0.617,9.884
-0.959,-0.746,9.776
-0.892,-0.847,9.795
-0.802,-0.727,9.877
-0.495,-0.723,9.912
-0.706,-0.785,9.874
-0.718,-0.77,9.802
-0.766,-0.744,9.795
-0.67,-0.672,9.857
-0.481,-0.742,9.8
-0.548,-0.802,9.817
-0.677,-0.691,9.793
-0.785,-0.689,9.819
-0.84,-0.744,9.884
-0.622,-0.778,9.836
-0.613,-0.811,9.774
-0.591,-0.749,9.79
-0.285,-0.483,10.118
-0.337,-0.684,9.817
-2.562,-0.483,12.355
-1.665,-0.44,10.664
-1.916,-0.519,9.8
-1.627,-1.017,9.46
-0.4,-1.218,9.86
-0.278,-0.392,9.91
-0.816,-0.644,10.111
-0.749,-0.615,9.855
-0.77,-0.892,9.609
-0.854,-0.926,9.836
-1.129,-0.641,9.865
-0.904,-0.675,9.81
-0.847,-0.56,9.884
-0.799,-0.761,9.81
-0.715,-0.517,9.85
-0.866,-0.737,9.805
-1.103,-0.624,9.845
-1.012,-0.658,9.915
-0.746,-0.395,9.836
-0.806,-0.347,9.857
-0.84,-0.555,9.946
-0.883,-0.639,9.869
-0.622,-0.438,9.771
-0.739,-0.507,9.814
-0.957,-0.457,9.982
-0.959,-0.725,9.853
-0.323,-0.687,11.176
-0.888,-0.624,9.936
-0.395,-0.294,10.238
-1.062,-1.727,9.403
-0.833,-0.672,9.508
-1.378,-1.0,10.109
-0.589,-0.591,9.877
-0.412,-0.916,9.633
-1.395,-0.165,9.63
-0.763,-0.313,10.341
-0.746,-0.825,9.836
-1.091,-1.371,9.417
-0.835,-0.778,9.74
-6.434,0.268,12.042
-1.258,-0.682,9.039
-0.426,-0.148,9.829
-0.412,-0.565,9.735
-0.043,-0.266,9.932
-0.837,-0.27,10.056
-0.211,0.048,10.482
0.048,-0.278,9.367
-0.828,-0.074,9.831
-1.273,-0.359,10.202
-1.512,-0.481,9.621
-0.663,-0.574,9.728
-0.282,-0.445,9.826
-0.313,-0.313,10.02
0.01,-0.579,9.829
0.112,-0.699,9.678
0.077,-0.651,9.843
0.146,-0.368,10.145
0.098,-0.519,10.219
0.167,-0.23,9.733
0.376,-0.565,9.534
-0.694,-0.931,9.778
-0.187,-0.301,10.389
-0.426,0.05,9.982
-0.457,0.27,9.915
-0.414,0.098,9.795
-0.529,-0.682,9.702
-0.172,0.012,10.188
-0.412,0.201,10.247
-0.175,0.203,9.881
-0.522,-0.687,9.757
-0.321,-0.849,9.685
-0.376,-0.603,9.898
1.127,0.292,6.441
0.067,-1.761,9.831
-0.78,-1.349,10.08
-0.66,-0.706,10.377
-0.014,-0.605,10.147
0.129,-0.605,9.63
-0.005,-0.593,9.68
-0.024,-0.55,9.733
0.479,-0.146,10.116
0.005,-0.27,10.073
-0.033,-0.079,10.078
-0.156,-0.474,9.74
0.299,-0.29,9.656
-0.124,-0.591,9.743
0.191,-0.395,10.128
0.053,-0.495,9.956
-0.115,-0.337,10.044
-0.019,-0.371,9.843
0.045,-0.5,9.652
0.227,-0.311,9.922
0.122,-0.211,10.049
0.017,-0.364,9.867
0.024,-0.522,9.762
0.048,-0.665,9.735
0.048,-0.318,9.932
0.345,0.301,10.202
0.108,-0.529,9.884
0.098,-0.617,9.743
0.045,-0.761,9.755
0.019,-0.546,9.824
0.184,-0.036,10.097
0.074,-0.4,9.879
0.134,-0.364,9.755
0.048,-0.684,9.814
0.05,-0.603,9.898
-0.053,-0.699,10.082
-0.935,-1.976,9.769
0.05,0.026,9.92
0.423,0.452,9.939
0.139,-0.129,9.91
-0.048,-0.153,9.996
0.089,-0.321,9.822
0.103,-0.187,9.752
0.062,-0.258,9.92
-0.057,-0.402,9.979
0.112,-0.464,9.891
0.11,-0.246,9.824
0.182,-0.05,9.814
0.153,-0.012,9.869
0.081,-0.22,9.857
0.067,-0.438,9.881
0.089,-0.376,9.802
0.089,-0.091,9.893
0.144,0.06,9.886
0.132,-0.156,9.9
0.165,-0.383,9.869
0.163,-0.409,9.845
0.074,-0.199,9.915
0.077,-0.005,9.891
0.093,-0.163,9.898
0.091,-0.335,9.843
0.11,-0.371,9.886
0.124,-0.103,9.857
0.134,0.091,9.843
0.12,0.043,9.932
0.041,-0.074,9.917
0.196,-0.16,9.833
0.201,-0.136,9.829
0.127,-0.218,9.877
0.105,-0.06,9.996
0.11,0.012,9.843
0.139,0.144,9.829
0.098,-0.002,9.881
0.196,0.019,9.886
0.153,0.062,9.915
0.177,0.029,9.831
0.182,0.057,9.857
0.151,0.074,9.896
0.672,1.919,9.372
1.713,6.733,6.663
1.854,7.919,8.719
1.038,3.945,3.972
-0.194,-1.237,10.231
-0.012,-0.557,10.377
0.191,-0.141,9.958
0.27,-0.081,9.817
0.213,-0.033,9.85
0.167,-0.144,9.881
0.237,-0.213,9.869
0.294,-0.366,9.826
0.266,-0.266,9.869
0.194,-0.213,10.008
0.146,-0.211,10.058
0.27,-0.232,9.946
0.251,-0.151,9.941
0.112,-0.053,10.31
-0.038,0.27,10.518
-2.096,0.244,11.427
0.62,0.536,10.965
0.785,-0.706,10.905
0.739,-0.907,10.977
0.397,-1.562,10.922
-0.368,-1.373,11.102
-1.117,-0.833,11.185
-1.531,-0.304,10.202
-1.462,-0.242,9.877
-2.098,-0.275,10.582
-0.529,0.546,10.98
-1.184,-1.146,9.826
-1.017,1.232,9.018
-0.799,2.512,8.831
-0.495,2.488,8.996
-0.337,2.003,9.006
-0.242,2.141,9.159
-0.05,2.06,9.063
0.184,2.342,8.955
0.012,2.584,8.771
0.261,2.859,8.448
0.833,3.268,7.785
0.847,3.043,7.513
1.203,2.718,7.474
1.404,2.577,7.884
1.414,2.742,8.238
1.433,2.955,8.51
1.522,3.24,8.247
1.526,3.577,8.343
2.426,8.427,6.484
-0.696,-4.072,14.36
1.964,5.051,10.776
2.402,9.061,5.489
0.656,2.663,10.092
0.49,3.484,9.664
0.876,3.634,9.685
1.196,3.522,9.654
1.089,3.445,9.697
0.845,3.431,9.628
0.462,3.397,9.769
0.342,3.414,9.886
0.239,3.345,9.829
0.167,3.431,9.666
0.27,3.328,9.546
0.266,3.304,9.424
0.29,3.522,9.223
0.366,3.433,9.02
0.632,3.443,9.097
0.636,3.586,9.082
0.364,3.335,8.778
0.232,3.089,8.833
-0.031,3.431,9.137
-0.05,3.488,9.154
-0.069,3.481,9.063
-0.098,3.505,9.008
-0.213,3.376,8.86
-0.031,3.228,8.841
0.065,3.204,9.01
0.045,3.34,9.188
0.005,3.304,9.018
0.278,3.096,9.087
0.622,2.998,9.319
0.754,2.979,9.489
0.701,2.857,9.709
0.869,3.082,9.716
0.935,2.924,9.408
0.787,2.572,9.077
0.73,2.22,9.075
0.799,2.022,9.307
0.802,2.359,9.726
1.048,2.761,9.814
0.947,1.826,9.824
0.825,1.122,9.575
0.914,1.053,9.357
1.247,1.132,9.369
0.684,0.919,9.623
0.935,0.986,9.305
0.352,1.763,9.173
0.682,1.555,8.542
0.191,2.115,9.68
-0.002,1.443,9.936
0.696,2.168,9.35
0.811,3.096,10.302
0.869,2.108,10.142
-0.151,1.443,10.788
-0.007,1.491,10.999
-0.799,-2.218,13.099
1.962,10.202,3.646
1.258,6.611,2.809
-3.113,-9.606,17.234
2.335,10.204,3.503
-1.486,-6.448,10.2
0.261,4.893,8.972
2.524,7.546,7.872
0.598,1.45,13.126
0.072,1.275,10.91
1.005,1.854,7.467
0.237,3.062,5.441
-1.093,2.244,7.36
-0.703,1.656,11.951
0.641,0.486,14.494
0.225,-1.498,12.992
0.323,-0.988,9.216
0.902,1.072,7.101
0.562,2.335,8.283
-0.117,2.074,11.097
-0.816,0.282,11.037
0.476,-1.395,8.553
0.282,-1.292,9.243
-0.325,0.184,10.618
-0.447,0.713,10.209
0.56,-0.05,9.379
1.665,0.366,9.783
1.141,-0.486,10.487
0.022,-1.816,9.747
-0.077,-0.495,9.135
1.101,0.935,9.518
1.471,0.366,10.02
0.543,-0.356,9.69
-0.371,-0.29,9.455
0.206,-0.16,10.324
1.881,-0.711,11.023
1.304,-0.909,10.365
0.232,0.366,9.388
0.974,-0.258,9.135
2.261,-0.191,10.015
2.617,-0.72,10.573
1.275,-1.476,8.972
-0.043,0.084,8.611
-1.055,1.086,10.2
0.285,0.469,11.078
1.62,-1.101,10.078
0.888,-1.567,9.097
-1.778,-0.84,9.865
-2.682,-0.541,12.293
-0.828,-0.117,12.841
-0.158,-0.349,11.31
-1.16,-0.325,9.326
-3.036,-0.108,9.345
-3.031,0.481,9.898
-2.151,0.153,9.47
-2.818,-1.431,8.537
-2.479,-2.094,8.826
-1.854,-0.574,8.467
-0.462,1.201,9.972
-1.239,-0.603,9.711
-0.756,-1.866,9.329
-0.376,-3.113,8.309
2.515,-3.366,7.032
2.012,-4.005,7.697
2.273,-5.477,7.257
1.737,-5.699,7.453
1.818,-5.51,8.491
2.134,-5.96,8.824
2.345,-7.489,7.309
0.782,-7.795,6.348
0.665,-7.06,6.544
3.062,-6.615,6.094
3.335,-6.694,6.161
2.436,-6.862,6.692
2.204,-6.584,7.216
3.735,-7.008,7.281
4.809,-7.261,7.084
4.852,-5.807,6.07
2.495,-6.819,6.099
1.299,-7.235,6.642
1.847,-6.405,7.589
3.699,-5.998,7.991
4.673,-5.591,7.69
4.457,-5.24,7.546
3.479,-5.414,7.934
3.218,-5.546,8.197
3.256,-5.197,8.278
2.818,-5.3,8.434
2.443,-5.816,8.606
2.443,-5.331,8.525
3.065,-4.481,7.919
3.464,-4.488,7.453
3.893,-4.85,7.467
3.311,-5.704,7.673
3.053,-5.924,8.089
2.984,-6.008,8.774
3.297,-4.953,9.027
2.917,-3.381,7.214
2.483,-3.699,8.128
2.141,-3.512,8.91
1.995,-4.235,8.539
2.007,-5.402,8.106
1.936,-5.216,8.085
2.39,-3.941,7.721
2.457,-5.065,7.46
2.62,-5.706,7.352
2.684,-5.615,7.74
2.405,-5.493,7.797
1.333,-6.589,14.454
1.641,-3.675,8.632
1.471,-3.685,10.408
1.206,-3.467,9.484
1.421,-3.213,8.599
1.002,-3.244,9.36
0.672,-3.273,9.697
0.66,-3.409,9.611
1.053,-4.17,9.506
0.708,-4.199,9.8
0.694,-4.103,9.984
0.952,-4.548,9.556
0.821,-5.228,8.819
1.139,-5.812,8.326
1.373,-5.393,8.518
1.476,-4.878,9.094
1.445,-4.807,10.008
1.125,-4.876,10.616
1.617,-5.534,10.085
1.065,-6.087,9.991
1.682,-5.304,10.269
1.584,-4.242,10.255
1.192,-3.663,10.197
2.326,-3.383,10.044
1.06,-2.663,10.666
0.732,-2.268,10.558
0.567,-1.859,10.475
0.333,-1.046,10.271
-0.419,-0.522,10.511
-1.141,-0.562,10.719
-1.426,-0.191,11.068
-1.089,0.469,10.267
-1.23,1.366,9.288
-1.625,2.278,8.951
-1.861,2.524,9.156
-1.395,2.802,9.388
-1.34,2.199,9.264
-2.113,2.909,9.089
-2.73,4.398,9.13
-2.72,4.575,8.546
-2.716,3.503,7.503
-3.785,2.572,7.884
-4.756,2.737,8.503
-5.079,2.857,8.74
-4.551,2.972,9.054
-5.503,1.591,7.896
-6.781,1.371,7.46
-6.706,0.758,7.328
-4.216,-0.182,5.41
-5.893,-1.562,4.89
-5.67,-1.744,3.735
-5.929,-4.221,2.019
-5.713,-6.158,1.988
-5.508,-8.453,1.577
-5.986,-10.75,1.361
-7.448,-9.812,1.967
-8.372,-10.685,0.273
-6.996,-12.941,0.945
-6.187,-11.264,2.242
-7.276,-10.389,3.603
-5.501,-11.305,2.926
-3.565,-6.773,3.591
-6.202,-6.656,2.792
-5.969,-4.847,-0.266
-6.663,-6.048,-0.785
-5.503,-5.761,-2.251
-7.738,-7.855,-2.151
-7.963,-7.635,-3.096
-8.491,-8.924,-3.993
-8.171,-10.322,-5.438
-7.651,-10.759,-5.824
-6.644,-12.401,-6.288
-6.855,-12.528,-6.886
-7.039,-10.917,-7.434
-7.407,-11.183,-7.532
-6.883,-10.901,-7.874
-6.077,-9.475,-8.049
-5.63,-8.611,-7.953
-5.209,-8.326,-7.793
-4.378,-8.979,-7.876
-3.866,-8.479,-7.453
-2.897,-9.094,-7.726
-2.881,-8.996,-7.429
-2.445,-10.276,-6.9
-2.11,-10.98,-5.802
-0.993,-11.86,-5.106
-0.993,-11.166,-4.551
-1.493,-11.657,-4.005
-1.304,-10.046,-2.101
-0.703,-8.183,-0.778
0.694,-5.886,1.168
-0.352,-4.065,3.661
-0.694,-1.534,6.637
0.122,-0.299,9.286
-0.785,-0.321,10.712
-1.024,-1.165,11.834
-0.057,-0.646,11.628
0.361,-0.392,11.626
0.924,0.356,11.616
1.438,1.45,11.571
1.806,1.799,11.396
2.223,2.297,11.159
2.067,2.94,11.793
2.227,2.948,11.303
2.546,2.751,10.087
2.936,3.613,9.144
2.225,3.979,9.472
0.799,3.749,10.243
-0.34,3.249,10.31
-0.385,2.895,10.31
-0.782,2.129,10.255
-1.828,0.727,8.338
0.278,2.893,6.087
1.675,3.56,6.644
3.441,3.352,6.678
4.666,2.854,7.649
4.926,9.522,11.539
5.252,9.587,6.788
8.281,4.465,4.599
11.104,3.333,4.682
12.303,3.421,6.108
10.145,4.338,7.912
7.06,3.847,8.228
-0.354,0.598,8.319
-4.28,-5.874,8.608
-11.578,-4.756,11.511
-9.159,0.88,10.2
2.225,1.247,5.986
0.335,-0.959,6.917
-1.756,-2.507,8.675
0.78,-1.297,10.001
-1.18,-2.065,10.934
-1.684,-3.29,9.556
-0.967,0.0,9.862
-1.622,1.211,9.963
-1.381,0.988,10.884
-0.548,-0.883,10.365
-0.562,-0.38,10.987
-2.098,-1.665,10.19
-1.342,0.577,10.939
-0.732,-0.34,11.133
-0.364,-1.701,10.491
-2.05,0.993,9.929
-1.505,-1.093,9.845
-1.022,-0.043,10.133
-1.857,0.426,9.735
-0.045,0.179,10.714
-1.723,0.483,10.135
-1.849,1.995,11.039
0.345,-0.955,10.46
-0.031,-2.125,9.417
0.349,-0.835,10.884
-0.359,0.311,11.066
-1.058,-0.505,10.628
-0.242,-1.227,10.353
-0.512,-1.988,10.585
-1.888,-0.952,10.506
-0.002,0.223,10.695
-0.39,-1.907,10.491
-0.907,-0.924,10.2
0.345,-1.065,11.075
-0.278,0.737,11.027
-0.749,-0.354,10.817
-0.306,-0.105,10.123
0.191,-1.926,9.676
-1.349,-1.036,9.814
-1.299,-1.211,9.994
-1.122,-0.096,10.57
-0.223,0.543,10.733
0.761,-0.957,10.355
-0.1,-0.175,9.807
-1.084,-0.278,9.178
-0.541,-0.089,9.338
-1.017,-0.081,9.755
-1.5,-0.287,10.3
-1.656,-0.29,10.121
-0.979,-0.962,9.353
-0.955,-1.163,9.707
-1.187,0.584,10.654
-0.902,0.971,10.417
-1.782,-0.349,9.494
-1.572,-0.117,8.362
-0.993,-1.002,8.565
-0.153,-1.148,9.633
-2.562,0.763,9.269
-2.101,-0.038,8.635
-3.22,-1.014,8.14
-2.503,-0.397,9.046
-2.333,-0.213,9.214
-3.017,-0.022,8.855
-3.445,-0.074,8.568
-3.62,-0.816,8.647
-2.369,-0.249,8.08
-2.105,-0.203,8.348
-2.084,-0.301,8.278
-3.058,0.572,8.939
-3.512,1.01,8.551
-0.11,1.029,6.907
1.969,0.591,6.068
3.551,1.577,7.752
4.084,3.665,8.123
1.768,4.407,8.226
2.51,1.869,7.97
1.445,-0.49,7.051
-1.56,-2.534,8.917
-1.309,2.278,10.413
-5.302,-0.668,12.929
-4.218,-3.378,16.298
-1.83,0.002,15.53
-1.651,1.682,13.769
-3.263,0.979,12.236
-1.086,0.203,9.795
-3.45,2.706,12.018
-3.129,2.163,13.276
-0.34,0.579,11.532
-0.902,0.916,11.626
-0.73,2.864,11.762
-0.139,3.68,12.336
-0.553,2.335,10.893
-2.96,0.163,10.374
-2.948,0.306,10.451
0.354,-0.313,9.487
0.376,-0.007,9.465
-0.615,4.034,11.042
-1.983,3.297,11.879
-1.347,3.419,11.647
-0.531,2.924,10.992
0.156,3.85,10.814
-1.718,4.701,11.408
-1.543,6.003,10.716
-0.998,4.536,9.14
0.036,2.562,7.623
0.557,4.304,7.757
-0.447,5.764,8.508
-1.438,6.036,8.726
0.495,5.362,7.486
0.641,6.075,7.917
0.55,6.01,8.285
0.514,5.967,8.92
0.309,6.352,8.125
0.641,6.41,7.137
0.62,7.029,7.917
0.84,8.271,8.118
0.727,9.022,8.46
0.641,8.372,7.939
0.208,7.367,7.436
1.211,8.061,6.73
0.823,9.575,6.242
0.924,9.355,6.405
1.522,6.027,4.962
1.129,6.711,5.764
-0.73,10.276,6.611
-1.926,11.53,5.845
-0.739,12.035,3.811
-0.651,7.108,-0.383
-1.17,2.44,0.761
-0.632,7.632,0.766
-2.763,9.599,0.182
-2.189,8.745,-0.091
-4.211,3.943,-0.624
-8.704,-1.311,2.254
-7.379,4.876,1.675
-11.606,1.991,2.943
-10.944,0.687,2.876
-7.637,-10.413,-4.591
-12.281,-14.939,-4.225
-16.597,-12.796,5.536
-21.5,-12.563,2.773
-22.471,-22.552,3.295
-25.983,-12.642,4.268
-27.452,-5.319,6.19
-31.697,-7.022,3.716
-18.069,-7.661,2.553
-8.362,9.47,2.261
-9.336,13.109,-9.111
-21.906,-0.66,-8.841
-37.705,-0.029,15.595
-27.259,2.094,8.606
-26.543,-7.037,12.018
-37.138,-6.307,1.067
-34.018,-6.364,14.336
-21.189,-1.251,9.03
-22.435,2.83,3.539
-14.851,6.185,2.546
-8.333,2.716,-5.682
-3.323,1.117,-10.599
-3.467,3.457,-9.178
-5.24,3.053,-7.118
-2.907,1.613,-6.934
-1.254,3.153,-4.759
-1.148,5.01,-2.297
2.909,4.02,-3.711
1.869,0.639,-5.168
2.601,0.172,-7.099
0.703,0.529,-7.238
-1.653,0.108,-7.63
-0.514,0.172,-9.003
0.414,-0.758,-10.087
0.591,-0.885,-10.728
0.22,-0.136,-10.489
-0.397,0.876,-10.64
0.739,0.261,-10.446
1.754,0.385,-10.154
0.938,-0.624,-10.264
-0.691,-0.773,-10.41
0.022,-1.129,-9.994
0.601,-0.866,-10.214
0.148,-0.007,-10.07
-0.565,1.091,-9.743
-0.706,-0.4,-10.64
0.368,-0.124,-10.312
0.45,0.318,-9.934
-0.062,0.914,-9.838
-0.062,0.924,-9.778
0.225,-0.687,-9.91
0.471,-0.306,-9.4
0.794,1.237,-9.006
1.0,1.258,-9.566
0.548,-0.132,-9.479
0.304,-0.026,-9.74
-0.237,1.153,-9.75
0.234,1.785,-9.489
0.802,1.574,-9.52
0.077,1.349,-9.843
-0.45,0.809,-10.551
-0.438,0.514,-10.556
0.187,0.802,-10.47
-0.105,1.342,-10.082
-0.95,2.019,-9.668
-0.49,1.979,-9.455
-0.809,1.136,-9.755
-1.845,1.022,-9.905
-2.498,1.022,-9.778
-2.172,0.802,-9.4
-1.646,1.239,-9.247
-1.998,1.491,-9.29
-2.134,1.637,-9.061
-2.797,1.766,-8.817
-2.984,2.103,-8.458
-3.132,2.275,-8.884
-3.094,1.771,-9.022
-3.414,1.031,-9.455
-3.708,0.493,-9.51
-3.653,1.244,-8.573
-4.175,1.763,-7.907
-5.003,1.933,-8.247
-5.986,2.158,-8.12
-6.359,2.909,-7.439
-7.065,2.058,-6.716
-6.848,3.505,-6.426
-7.321,4.881,-6.302
-6.79,6.618,-5.273
-7.084,6.678,-5.333
-7.147,7.886,-5.319
-8.104,4.828,-6.907
-8.099,3.445,-9.759
-5.486,1.493,-9.987
-4.101,-0.275,-9.015
-5.012,3.405,-7.376
-5.568,4.737,-7.24
-5.613,2.292,-9.862
-6.836,0.055,-8.587
-5.481,-1.515,-8.788
-6.73,2.034,-8.266
-6.223,1.294,-8.252
-6.867,-0.565,-8.431
-7.852,-3.053,-9.338
-7.697,-1.627,-9.113
-6.893,-1.78,-10.759
-5.792,-3.618,-9.415
-6.527,-6.271,-8.865
-5.845,-4.996,-9.903
-6.132,-4.938,-11.592
-3.941,-3.716,-10.75
-2.78,-3.565,-9.087
-0.809,-4.61,-9.501
0.349,-6.556,-10.458
0.335,-9.367,-13.829
1.648,-7.498,-11.922
2.543,-5.201,-10.049
6.187,-5.422,-12.441
4.922,-6.606,-11.104
0.749,-10.152,-10.147
4.187,-11.291,-8.219
5.587,-8.948,-8.056
6.47,-9.704,-9.778
4.804,-8.542,-5.797
2.763,-4.544,-2.89
4.945,-5.702,-1.778
5.62,-7.23,0.988
4.668,-5.991,1.354
3.725,-6.733,2.012
4.955,-5.233,2.969
5.108,-8.204,1.708
4.036,-7.85,0.428
1.883,-8.4,-0.787
-1.077,-6.013,-0.603
-1.921,-4.201,-1.821
-1.036,-7.226,-3.57
2.175,-8.183,-4.615
4.807,-6.486,-3.63
4.587,-8.738,-2.574
-0.813,-10.324,-1.392
-2.333,-11.573,-0.792
-1.287,-9.31,0.354
1.797,-8.515,0.33
3.055,-8.056,1.859
3.28,-8.551,1.34
1.933,-9.283,0.572
1.787,-9.262,0.902
2.117,-9.886,0.27
2.462,-10.891,-0.749
2.225,-10.695,-0.148
2.407,-10.109,1.464
3.146,-10.396,1.737
2.543,-10.64,2.175
2.421,-10.233,1.768
2.488,-9.652,1.955
3.082,-9.877,1.876
3.338,-9.254,1.617
2.828,-8.644,1.66
2.57,-8.037,1.562
2.314,-8.893,2.101
2.531,-9.135,2.55
2.431,-8.738,2.51
2.68,-9.429,2.479
2.84,-9.147,2.993
2.227,-8.719,3.464
2.223,-8.419,3.886
2.44,-9.092,3.656
2.677,-8.996,3.553
2.034,-9.063,3.531
2.036,-9.099,3.33
2.326,-9.771,3.701
2.677,-9.489,4.185
2.627,-9.085,4.68
2.043,-8.783,4.718
1.759,-8.348,4.902
2.285,-8.817,4.797
2.61,-8.592,5.19
2.5,-7.328,5.568
1.909,-6.848,6.041
2.189,-7.814,6.261
2.732,-7.47,6.178
2.615,-7.281,6.553
2.225,-5.926,7.211
1.275,-6.216,7.934
2.07,-6.391,7.419
3.031,-5.917,7.685
2.931,-4.534,8.204
2.23,-3.68,8.721
2.216,-3.443,9.532
1.96,-3.898,9.424
2.323,-3.448,9.257
2.835,-2.78,7.946
3.003,-1.775,8.02
2.852,-1.658,8.374
2.35,-1.668,8.967
2.35,-0.388,8.623
2.352,0.768,8.687
1.792,-0.371,8.393
2.297,1.696,7.867
2.23,4.4,8.515
2.268,4.474,9.422
1.725,2.828,9.054
1.383,4.292,8.484
1.125,4.613,7.546
0.859,5.969,6.728
1.768,6.635,7.534
1.577,6.522,8.281
0.679,6.998,6.673
-0.282,7.974,5.39
-1.108,6.147,5.575
-1.225,6.594,5.036
-2.472,8.357,4.874
-3.909,8.908,3.852
-4.532,8.561,3.017
-5.137,7.12,1.974
-5.718,8.391,3.295
-6.733,8.711,4.823
-7.364,8.171,4.232
-8.393,5.986,4.012
-9.862,3.378,4.663
-10.523,-0.151,5.276
-11.884,-5.149,1.732
-14.205,-8.41,1.629
-17.703,-11.36,4.809
-18.767,-13.31,4.417
-14.602,-13.461,7.656
-10.891,-25.995,7.336
-10.331,-28.149,8.025
-8.563,-22.799,14.6
-5.498,-25.323,20.535
-7.089,-26.503,18.088
0.459,-14.248,10.491
6.092,-6.479,12.078
7.053,-5.917,7.178
9.417,-16.423,19.803
12.051,-9.604,16.64
0.589,-10.424,17.15
6.582,-3.165,15.511
6.496,3.177,9.089
7.697,1.515,7.199
1.275,-0.045,6.388
-10.582,-10.893,5.23
-10.216,-5.654,2.311
0.833,-9.91,3.163
0.17,-9.522,2.895
0.105,-9.254,2.926
0.536,-9.369,3.137
0.617,-9.345,3.034
0.026,-9.604,3.065
-0.108,-9.415,3.419
0.665,-8.929,3.665
1.641,-9.47,3.534
1.263,-10.023,3.708
0.538,-10.046,4.187
0.383,-10.118,4.541
0.749,-10.252,4.591
0.864,-10.176,4.555
0.735,-10.173,4.711
0.471,-9.661,4.893
1.029,-9.101,4.256
1.101,-9.666,4.185
0.933,-9.013,4.615
0.727,-8.075,4.926
0.866,-8.788,4.642
1.448,-9.276,4.67
1.093,-8.355,5.06
1.237,-7.575,5.355
1.297,-8.341,5.374
1.225,-9.29,5.41
0.995,-9.302,5.173
1.196,-6.333,5.936
0.775,-5.68,6.955
0.754,-6.663,7.369
1.424,-6.539,7.51
1.945,-5.56,7.695
1.503,-3.697,8.154
0.818,-1.854,9.812
1.548,0.684,10.408
2.359,1.763,9.841
1.577,1.026,8.79
1.237,1.589,9.927
0.242,3.223,11.262
1.402,4.429,9.561
2.857,4.254,6.264
2.771,3.68,6.625
1.45,7.386,8.149
0.696,9.176,6.898
0.976,6.525,4.967
0.584,7.328,4.256
-0.069,9.58,4.161
-1.163,8.994,4.788
-1.933,6.656,3.649
-1.878,8.498,3.866
-2.548,11.264,4.658
-3.5,7.403,2.029
-4.441,4.182,0.735
-4.536,7.336,1.476
-6.517,9.838,3.445
-7.084,7.979,3.969
-6.8,8.963,1.168
-7.931,2.893,1.682
-11.379,-4.567,2.467
-11.269,0.943,2.548
-11.252,6.862,6.723
-15.078,-3.378,5.216
-15.896,-8.707,5.477
-14.743,-8.745,7.075
-10.539,-11.039,9.685
-13.475,-17.231,8.924
-11.549,-17.638,11.884
-14.212,-34.066,20.748
-12.142,-13.638,9.207
-13.903,-20.177,15.415
-9.896,-22.308,9.79
-9.563,-13.212,12.81
-0.313,-24.344,21.741
3.256,-11.092,14.961
14.891,-5.828,15.882
4.962,-12.075,16.267
3.031,-11.236,15.863
3.237,-8.446,13.745
-0.345,-8.309,15.509
8.53,2.493,8.321
3.438,-11.96,6.529
-7.675,-10.305,4.515
-9.374,-6.888,11.872
-10.202,-3.699,2.735
-4.622,-3.778,-2.5
-8.431,-1.464,-5.668
-13.578,2.883,-3.149
-20.311,-1.794,-3.127
-15.712,-13.018,-4.235
-9.786,-16.875,-5.146
-6.685,-14.946,-5.912
-3.984,-7.24,-3.811
-2.163,-2.838,-0.577
1.938,-9.735,-1.873
8.451,-8.573,-3.098
11.03,-8.027,-0.268
8.037,-8.02,0.792
4.548,-7.855,0.45
3.479,-7.764,-0.517
3.062,-7.879,-0.203
-0.845,-8.52,1.23
-3.912,-10.901,2.268
-4.077,-12.484,1.945
-2.019,-15.004,1.05
-0.909,-13.327,-0.227
-0.215,-11.216,-0.232
-3.431,-9.848,0.323
-6.257,-10.216,0.371
-6.443,-10.704,0.318
-3.295,-12.018,0.093
0.287,-9.156,0.091
0.581,-8.742,-1.086
0.11,-9.991,-1.414
-0.672,-11.226,0.206
-1.885,-10.702,2.055
-1.555,-11.451,2.572
-2.393,-11.429,2.974
-2.938,-11.319,3.196
-2.708,-10.905,2.689
-1.828,-11.056,1.218
-1.022,-11.274,0.266
-0.914,-10.434,0.522
-1.663,-9.281,1.505
-2.134,-9.159,2.139
-2.472,-9.654,2.05
-2.089,-9.879,1.603
-2.11,-10.64,1.373
-1.778,-9.738,1.833
-2.084,-9.034,2.306
-2.065,-9.733,2.524
-1.696,-10.262,2.692
-1.615,-10.829,2.625
-2.058,-10.68,2.163
-2.237,-10.413,1.605
-1.857,-10.31,1.95
-1.83,-9.977,2.304
-1.495,-10.063,2.735
-1.658,-10.082,2.847
-1.907,-10.073,2.5
-2.101,-10.116,2.082
-1.924,-9.592,1.763
-1.747,-8.996,2.122
-1.515,-9.307,2.177
-1.323,-9.745,2.038
-1.122,-9.948,2.096
-1.692,-9.982,2.306
-1.735,-9.683,2.371
-1.83,-9.7,2.335
-1.349,-9.936,2.527
-0.78,-10.063,2.716
-0.821,-9.96,2.876
-1.28,-9.802,2.96
-1.395,-9.484,2.338
-1.634,-9.585,2.158
-1.842,-9.331,2.488
-1.811,-10.09,2.62
-1.541,-9.838,2.503
-0.904,-9.824,2.127
-0.935,-9.884,2.101
-1.325,-9.893,2.634
-1.373,-9.738,3.328
-1.704,-9.542,3.61
-1.476,-9.57,3.144
-1.026,-9.317,2.735
-0.845,-9.776,2.57
-1.019,-9.685,2.778
-1.325,-9.515,3.153
-1.134,-9.173,3.414
-1.239,-9.197,3.421
-1.053,-9.312,2.783
-0.988,-8.91,2.96
-1.294,-9.769,3.472
-0.639,-9.556,3.407
-1.187,-9.391,3.137
-1.105,-9.642,3.362
-1.031,-9.604,3.682
-1.148,-9.613,3.716
-0.971,-9.539,3.266
-0.859,-9.841,3.0
-0.813,-9.589,3.393
-0.66,-9.321,3.479
-0.5,-9.896,3.204
-0.502,-9.819,3.106
-0.294,-9.953,3.778
-0.304,-9.546,4.106
-0.622,-9.805,4.161
-0.746,-9.795,3.543
-0.952,-9.922,3.352
-0.608,-9.989,3.45
0.112,-9.92,3.534
0.388,-10.092,3.527
0.603,-9.594,3.33
-0.141,-9.058,3.579
-0.45,-9.24,3.728
-0.065,-9.621,3.491
0.031,-9.424,3.594
0.239,-9.503,3.469
0.072,-9.554,3.369
0.151,-9.506,3.409
0.156,-9.833,3.151
-0.108,-8.537,4.29
-0.024,-8.491,4.651
0.543,-9.097,4.498
0.51,-9.755,4.359
-0.017,-9.314,4.778
0.44,-8.379,5.154
0.665,-8.675,5.252
0.562,-9.802,4.723
0.574,-9.999,4.816
0.679,-7.762,5.926
0.833,-7.25,6.781
0.194,-8.931,6.338
0.438,-9.432,5.967
0.479,-8.195,5.967
1.038,-5.723,6.132
1.194,-3.988,7.539
0.356,-4.455,9.082
0.84,-3.917,9.149
0.321,-3.189,9.633
1.849,-1.409,8.271
1.199,-0.572,8.317
1.522,1.409,9.956
1.488,1.168,10.817
1.785,3.323,10.192
1.069,3.199,8.513
1.787,2.885,7.58
1.723,5.039,9.08
0.742,5.467,8.455
1.041,6.608,5.891
2.005,6.479,3.783
0.967,7.407,5.666
-0.534,10.324,6.41
-2.096,9.848,6.331
-2.122,4.28,2.184
-1.979,6.005,0.182
-2.39,10.434,2.256
-5.245,12.496,5.335
-4.419,10.453,3.335
-5.419,5.962,1.864
-5.977,6.441,2.617
-6.577,8.393,2.206
-5.632,6.876,2.902
-9.692,1.275,2.811
-12.243,-4.101,1.713
-12.281,-3.807,3.146
-13.623,-5.125,4.469
-15.657,-2.661,5.91
-19.009,-6.644,10.023
-19.392,-18.361,6.008
-12.135,-19.418,1.943
-10.264,-21.758,8.841
-16.04,-26.562,15.53
-11.037,-18.995,21.928
-11.262,-29.197,16.906
-18.851,-25.256,6.651
-12.027,-2.309,16.621
2.718,-13.207,24.189
11.125,-23.739,25.507
12.903,-29.697,22.555
1.739,-4.725,17.966
10.439,1.292,19.217
12.906,15.454,13.669
12.685,8.92,7.151
6.352,4.744,4.563
-4.886,-22.328,4.421
-11.09,-19.074,19.476
-13.37,-3.287,9.819
-5.254,0.538,-3.122
-13.056,5.371,-3.876
-22.454,3.72,-0.629
-25.433,-8.307,-3.429
-20.808,-12.181,-10.274
-11.025,-15.777,-18.406
-3.098,-1.318,-5.063
1.565,-7.604,3.292
4.977,-9.668,2.536
6.718,-0.883,0.725
6.682,-4.192,-0.517
9.243,-10.57,-1.184
9.276,-9.245,-1.4
2.732,-5.838,-2.381
-0.632,-4.307,-2.278
-0.457,-7.587,-2.29
-3.113,-12.111,-2.146
-4.474,-15.171,-0.316
-6.187,-14.568,1.225
-2.771,-12.2,1.105
0.419,-12.367,0.294
-1.127,-12.664,-0.988
-3.046,-11.953,-2.488
-5.553,-11.348,-0.419
-6.35,-12.016,1.455
-4.362,-12.274,1.857
-2.763,-10.917,2.259
-1.505,-10.176,1.285
-0.964,-11.214,1.069
-1.627,-9.185,1.455
-1.835,-9.75,2.015
-1.486,-9.178,1.948
-1.378,-9.628,1.998
-1.991,-10.056,1.302
-1.854,-10.178,0.227
-2.725,-9.898,0.213
-2.864,-9.618,1.141
-1.974,-10.161,1.12
-1.782,-10.058,0.572
-1.215,-10.049,-0.127
-1.098,-10.355,0.333
-1.902,-9.487,1.486
-2.053,-9.685,1.522
-1.593,-10.618,0.694
-1.538,-11.262,0.151
-2.031,-11.451,0.531
-2.146,-10.2,0.847
-1.943,-8.891,1.278
-2.149,-9.865,0.754
-2.194,-10.929,0.435
-2.318,-10.829,-0.084
-1.397,-10.745,-0.038
-0.725,-10.59,-0.091
-1.294,-9.884,0.266
-2.744,-10.422,0.546
-2.165,-10.666,0.524
-1.421,-10.649,0.397
-1.428,-10.74,1.165
-1.692,-10.85,1.51
-1.646,-10.104,1.364
-1.44,-9.757,1.067
-1.775,-10.434,1.22
-2.07,-11.159,1.684
-1.503,-10.326,1.919
-1.73,-10.185,1.479
-1.476,-9.91,1.227
-1.991,-10.31,1.457
-2.017,-10.353,1.826
-1.763,-10.183,1.591
-1.098,-10.298,1.187
-1.151,-9.453,1.452
-1.242,-9.96,1.928
-0.605,-10.379,2.094
-1.18,-9.905,2.024
-2.345,-9.738,1.83
-2.089,-9.31,1.969
-1.507,-9.845,1.995
-0.912,-9.51,1.459
-0.703,-9.506,1.125
-1.048,-10.145,1.206
-1.622,-10.226,2.086
-1.084,-10.91,2.845
-0.45,-10.427,2.783
-0.739,-10.271,2.546
-1.026,-9.996,2.395
-0.546,-9.984,2.204
-0.34,-10.247,1.895
-0.634,-10.118,1.744
-0.955,-9.936,1.936
-0.919,-9.869,2.333
-0.823,-9.862,2.278
-0.347,-10.097,2.053
-0.218,-10.389,1.902
-0.213,-9.85,2.247
-0.129,-8.888,2.507
-0.244,-9.221,2.412
-0.486,-9.204,2.227
-0.354,-9.446,2.259
-0.055,-9.405,2.101
0.311,-9.29,1.878
0.057,-9.355,2.079
-0.237,-9.329,2.254
-0.115,-9.137,2.33
0.165,-9.697,2.476
-0.136,-9.963,2.795
-0.278,-9.618,3.211
-0.041,-9.652,3.074
0.062,-9.745,2.529
0.23,-10.123,2.711
-0.065,-10.056,3.074
-0.191,-9.704,3.347
0.179,-9.829,3.381
0.536,-9.798,3.252
0.605,-9.458,3.041
-0.017,-9.455,3.211
0.23,-9.353,3.402
0.419,-9.298,3.493
0.416,-9.283,3.326
0.383,-9.343,3.342
0.378,-9.96,3.618
0.49,-10.125,3.711
0.603,-9.056,3.979
0.945,-7.998,3.909
0.735,-8.424,3.72
0.864,-8.96,3.519
0.869,-9.266,3.455
0.723,-9.259,4.096
0.981,-8.628,4.352
1.237,-9.192,4.45
1.414,-9.755,4.505
1.203,-9.403,4.713
0.476,-8.202,5.469
0.287,-7.506,6.247
0.593,-8.989,5.998
1.06,-9.826,5.907
0.859,-8.563,6.656
0.825,-5.601,7.065
0.79,-7.19,7.333
1.048,-9.46,7.422
1.108,-7.795,7.733
1.098,-5.338,9.044
0.569,-3.345,10.346
0.916,-4.326,9.46
1.869,-4.469,8.197
1.656,-3.225,8.185
1.05,-2.737,9.252
2.062,-3.003,9.097
1.936,-3.419,9.049
2.589,-0.878,8.494
2.251,3.23,9.295
2.242,4.457,8.984
2.201,1.27,7.446
2.673,2.326,7.02
1.725,4.192,7.896
1.586,6.493,6.089
1.895,5.395,3.945
2.261,4.316,2.79
0.132,7.898,5.297
-1.065,12.929,5.17
-1.969,11.504,3.826
-3.141,9.331,3.096
-3.383,9.168,3.436
-2.22,10.704,3.577
-3.591,10.752,4.01
-5.922,6.73,0.799
-6.943,3.615,1.223
-6.063,6.984,2.785
-5.187,6.309,2.201
-7.958,2.079,2.646
-7.008,1.113,1.098
-9.903,-3.024,1.842
-11.669,-4.742,3.941
-15.26,-5.079,5.922
-16.906,-5.556,9.343
-17.272,-12.037,4.366
-15.552,-17.463,1.28
-17.861,-22.277,7.771
-18.121,-22.727,15.36
-19.208,-32.585,15.339
-17.267,-25.866,14.494
-7.881,-16.729,16.317
-5.654,-17.779,11.996
0.419,-31.333,21.77
-0.112,-8.915,2.85
-0.148,-9.159,3.163
-0.438,-9.582,3.115
-1.058,-9.29,3.079
-0.651,-9.183,3.409
0.036,-9.515,3.909
0.526,-9.683,4.256
0.28,-9.384,4.622
0.177,-9.199,4.395
0.211,-8.91,3.89
0.065,-9.377,3.563
-0.086,-9.396,3.429
-0.203,-9.281,3.4
0.158,-8.941,3.314
0.313,-9.266,3.448
0.01,-9.532,3.426
-0.275,-9.561,3.594
0.304,-8.939,3.668
0.778,-9.302,3.62
0.706,-9.613,3.756
0.244,-9.333,4.108
0.036,-8.879,4.194
-0.098,-9.444,3.826
-0.038,-9.702,3.991
0.144,-9.314,4.412
0.249,-9.271,4.331
0.366,-9.51,4.338
0.043,-9.338,4.493
-0.218,-9.336,4.713
-0.005,-9.257,4.587
0.658,-9.142,4.371
0.969,-8.91,4.321
0.586,-9.018,4.587
0.538,-9.147,4.888
0.993,-8.838,5.345
1.29,-9.24,5.256
0.132,-9.573,5.027
0.134,-9.101,4.977
0.447,-9.254,4.477
0.998,-8.687,4.888
1.084,-7.491,5.513
0.897,-7.216,5.843
1.352,-7.972,5.603
1.352,-8.824,5.558
0.737,-7.867,6.276
0.773,-6.527,6.757
0.979,-6.694,6.781
1.302,-8.156,6.458
1.342,-7.616,6.45
0.756,-6.489,7.005
0.493,-6.01,7.642
0.208,-6.812,7.683
0.297,-7.06,7.405
0.919,-5.809,8.632
1.357,-3.821,9.223
0.493,-3.857,9.465
0.404,-3.414,9.664
1.227,-2.61,9.924
1.433,-1.132,10.63
1.842,-0.273,10.403
1.548,-0.431,9.563
0.574,0.529,10.558
1.436,3.165,10.125
1.459,4.115,9.223
1.931,2.299,7.982
2.744,2.428,8.187
1.998,4.058,9.441
1.864,7.573,8.539
1.596,6.051,7.068
2.309,6.13,6.577
0.933,5.907,6.094
-2.294,7.922,5.536
-3.481,6.747,4.673
-3.094,8.226,4.043
-1.727,13.951,7.766
-2.598,10.669,7.434
-3.941,5.515,6.072
-1.818,10.003,5.407
-2.46,12.468,5.9
-3.692,5.508,2.601
-5.424,2.608,2.438
-5.534,8.329,4.627
-5.381,6.417,3.969
-7.163,6.281,1.735
-10.324,3.39,-0.495
-9.264,-3.005,1.481
-10.097,-5.173,3.414
-12.595,1.249,5.166
-16.076,-4.721,7.3
-16.528,-10.862,4.599
-17.387,-12.26,2.127
-17.873,-17.865,5.989
-8.757,-15.973,7.594
-11.484,-27.83,9.8
-15.121,-22.246,9.879
-14.609,-16.241,18.921
-17.14,-28.589,15.138
-12.745,-6.97,20.136
-3.871,-21.057,14.083
1.785,-19.253,22.997
12.403,-19.346,29.115
12.032,-10.537,22.895
6.228,-14.245,22.395
6.137,-6.025,9.211
12.922,3.584,-0.065
11.023,3.175,8.628
-2.254,-12.461,10.992
-8.022,-22.237,6.4
-1.491,0.072,3.871
-4.833,-2.641,12.944
-10.063,3.022,5.355
-21.603,-2.352,-4.895
-23.615,-8.106,-9.967
-15.844,-10.877,-9.948
-11.602,-10.29,-9.403
-10.889,-13.08,-2.732
-6.3,-9.41,-0.165
-1.928,-6.726,-1.065
-0.435,-5.247,-0.081
-1.017,-4.089,2.931
2.634,-6.563,3.309
6.924,-9.807,1.125
7.18,-9.582,-0.17
6.769,-7.898,-0.72
7.259,-6.895,1.72
7.625,-8.613,2.964
4.352,-9.176,2.677
-1.182,-6.771,2.866
-3.529,-9.644,3.553
-4.74,-11.271,3.082
-4.381,-12.516,1.577
-1.938,-11.164,0.988
0.648,-10.063,-0.359
0.947,-11.13,-1.651
-1.725,-12.059,-1.12
-3.589,-12.791,0.581
-3.029,-13.133,1.345
-2.046,-12.97,2.122
-1.838,-10.424,3.216
-2.153,-9.42,2.993
-1.909,-9.762,2.668
-0.78,-11.898,2.84
-0.861,-12.867,2.555
-1.493,-12.621,1.44
-1.239,-11.661,0.94
-1.352,-10.319,1.5
-1.175,-9.963,1.952
-1.474,-10.271,2.95
-1.615,-10.922,2.663
-1.249,-10.647,2.149
-0.866,-10.197,2.089
-0.668,-9.977,1.931
-1.122,-9.726,2.395
-1.598,-9.752,2.579
-1.897,-10.109,3.165
-1.258,-10.585,3.266
-1.141,-10.549,2.893
-0.715,-10.365,2.749
-0.711,-10.487,2.993
-0.94,-9.845,4.142
-1.211,-10.188,4.041
-1.572,-10.25,3.606
-0.878,-10.147,3.283
-0.921,-9.836,3.555
-0.507,-9.738,3.431
-0.694,-9.46,3.699
-1.342,-10.032,3.419
-0.871,-9.477,3.914
-0.407,-9.534,3.936
-0.005,-10.453,3.326
-0.522,-9.661,3.766
-0.782,-9.544,4.307
-0.687,-8.831,4.431
-0.184,-9.35,4.374
-0.412,-10.355,4.182
-0.546,-10.238,4.235
-0.333,-9.872,4.486
0.309,-9.96,5.338
0.785,-8.372,4.929
-0.067,-9.238,4.687
-0.598,-9.171,4.661
-0.017,-8.58,5.228
0.014,-7.826,6.08
0.196,-7.498,6.527
0.249,-7.053,6.821
-0.254,-6.441,7.848
-0.596,-4.558,8.405
-1.469,-2.393,9.673
1.069,-1.407,8.606
0.682,0.55,8.733
0.613,4.79,9.049
0.928,5.178,8.685
1.479,3.062,7.63
0.792,5.359,8.819
-0.139,6.415,10.472
0.136,5.532,10.011
0.988,6.147,8.967
0.735,7.175,7.73
-0.285,5.524,5.125
-0.668,5.347,4.917
-1.639,6.568,6.103
-2.101,8.898,6.537
-2.823,6.649,4.843
-3.23,6.137,5.075
-3.421,6.778,5.924
-3.328,6.831,5.187
-4.18,5.249,2.859
-5.835,5.414,5.082
-6.242,5.615,5.843
-6.692,3.962,6.094
-7.171,3.921,6.434
-8.664,5.209,6.391
-8.434,2.314,3.024
-10.343,-6.761,3.043
-11.075,-10.848,6.522
-11.75,-10.023,8.415
-14.351,-9.278,8.673
-11.111,-14.265,8.046
-9.831,-19.562,8.441
-9.326,-17.925,9.391
-7.802,-21.311,13.894
-7.496,-17.894,11.693
-4.565,-15.743,10.972
-2.804,-16.095,12.561
-3.218,-13.666,10.764
-1.445,-7.812,14.944
0.931,-10.731,11.444
0.053,-2.268,15.595
-0.926,-6.558,12.75
3.132,-13.721,12.176
6.953,-8.357,9.355
1.345,-2.366,8.171
2.96,-2.29,6.422
3.821,-1.452,3.725
1.732,-5.223,3.051
-0.282,-8.175,5.642
-0.34,-5.206,8.778
-0.132,-4.661,9.805
-1.196,-5.711,9.893
-2.536,-6.139,9.068
-0.122,-7.331,6.936
0.479,-6.364,5.986
-0.589,-5.316,6.039
-1.804,-4.919,6.474
-3.381,-8.367,6.333
-2.084,-8.23,6.312
-0.029,-7.498,6.666
0.232,-6.546,6.015
-0.531,-6.998,6.649
1.256,-5.627,7.015
1.555,-5.314,7.089
2.617,-5.728,7.448
4.833,-3.811,7.955
5.929,-1.613,7.994
5.584,-1.735,7.388
2.082,-4.278,7.24
-0.928,-5.572,8.247
-2.926,-5.285,9.707
-2.909,-6.419,9.723
-1.371,-5.895,9.855
-0.55,-4.919,10.47
-0.239,-5.393,11.018
0.464,-5.419,11.149
0.459,-4.771,11.037
0.56,-4.261,10.724
0.512,-3.335,10.156
0.057,-3.168,9.451
-0.763,-4.197,9.398
-0.751,-5.041,9.343
-0.95,-4.003,9.405
-1.065,-3.299,8.654
0.012,-2.33,7.97
1.177,-2.974,7.506
2.271,-4.534,7.364
0.565,-3.469,9.154
-0.086,-3.208,7.874
-1.696,-3.283,7.838
-0.266,-3.043,8.123
-0.206,-2.192,7.623
-0.876,-1.684,5.771
-1.177,-2.053,4.144
-3.302,-4.264,7.805
-4.156,-3.469,9.551
-2.658,1.558,12.685
-3.653,-1.254,11.877
-3.45,-3.173,11.724
-2.141,-0.447,12.585
-1.881,-0.991,10.247
-0.79,-2.153,9.967
-1.828,-1.675,7.63
-0.957,-0.469,5.855
-3.536,-0.675,5.304
-5.797,-1.275,4.661
-7.36,-0.725,4.299
-8.391,-0.833,4.668
-8.056,-1.701,5.089
-7.771,-1.136,7.403
-6.958,-0.263,8.424
-10.563,-1.089,6.577
-10.015,-9.728,4.577
-11.738,1.366,8.006
-11.838,-2.089,6.826
-10.908,-1.854,5.527
-9.635,-8.242,8.113
-7.202,-1.816,8.522
-13.678,3.89,12.032
-10.202,6.407,10.791
-11.688,5.986,13.607
-4.45,3.448,6.025
-12.681,-2.61,11.274
-12.358,-0.512,7.333
-9.987,-3.955,4.488
-10.195,-9.094,0.115
-11.472,-5.266,3.161
-9.889,-3.591,1.395
-10.329,-0.002,3.072
-11.269,0.089,3.067
-9.455,-1.577,3.424
-11.771,-0.601,5.847
-12.068,-2.137,4.618
-7.924,1.548,3.429
-10.006,-1.436,2.857
-11.393,0.878,4.651
-10.023,-2.749,5.185
-9.257,-3.309,2.4
-9.967,-1.136,4.249
-11.114,2.361,7.142
-9.147,-1.285,7.752
-9.446,-5.467,8.285
-7.888,-4.505,8.429
-6.52,-7.972,6.826
-4.072,-7.281,9.671
-5.9,-7.752,10.188
-7.285,-7.18,10.578
-7.379,-8.173,10.546
-7.616,-8.831,10.652
-8.295,-8.898,10.391
-10.372,-8.987,10.264
-10.97,-8.486,9.345
-8.611,-7.178,7.927
-7.522,-7.388,7.565
-7.238,-6.991,7.515
-6.053,-6.967,6.766
-3.634,-6.29,5.422
-2.297,-5.46,3.618
-3.476,-5.477,3.034
-2.117,-6.053,3.742
-0.538,-6.092,5.115
-1.304,-5.871,5.065
-1.804,-3.493,4.23
0.038,-4.285,2.529
3.51,-4.577,0.421
4.462,-3.139,2.574
5.429,-2.51,4.165
6.649,-3.531,4.108
5.024,-3.785,4.749
6.697,-3.67,3.493
7.673,-4.271,2.361
8.396,-2.742,3.096
10.999,7.455,6.077
7.927,0.531,5.91
10.343,4.369,2.689
10.85,0.364,1.55
7.111,-0.28,2.476
7.994,-3.998,6.625
8.659,-4.962,6.881
9.348,-5.245,5.79
9.747,-3.823,6.333
9.652,-2.132,5.663
10.489,-3.948,3.572
11.554,-2.488,3.127
9.802,-1.976,3.29
8.23,-3.244,3.752
7.202,-4.711,4.058
7.596,-2.74,4.809
7.864,-2.424,5.261
6.62,-1.512,6.651
6.312,-1.725,7.4
7.367,-1.419,8.752
7.788,9.46,7.805
3.407,0.45,5.41
10.274,-2.266,2.596
9.872,0.127,3.866
8.204,2.751,4.878
4.354,0.9,7.917
4.031,-1.869,9.499
7.821,1.105,9.154
12.272,3.807,11.987
6.374,1.354,11.566
7.348,-1.866,6.661
8.125,-1.706,6.168
10.463,-0.349,6.759
10.18,0.778,6.283
7.008,-1.318,5.831
6.247,-0.175,7.36
0.273,-0.761,6.991
-4.343,-5.687,10.592
-6.474,-3.24,12.599
-2.156,-1.139,11.676
-1.653,-6.881,9.049
-0.148,-6.73,7.132
-0.256,-4.209,7.532
-0.725,-3.412,8.19
-1.397,-4.79,9.195
-3.326,-1.378,8.941
-0.507,-2.189,8.329
0.452,-3.424,8.747
0.333,-0.907,8.934
0.069,-3.094,11.815
-1.103,-1.069,12.224
-1.749,-1.948,13.111
-0.668,-1.416,12.25
-0.947,-2.294,11.164
-1.134,-3.79,9.496
-0.742,-2.438,9.403
-0.766,-0.691,8.747
-0.069,-0.254,10.357
-0.634,-0.158,10.719
-0.462,-0.565,9.482
-1.646,-1.945,10.075
-1.596,-0.493,10.293
-1.05,-0.175,11.14
-0.835,-2.182,11.513
-1.409,-2.328,11.561
-0.23,-1.108,11.305
-1.043,-1.299,11.13
-0.565,-0.292,10.317
-0.431,-0.371,10.709
-1.589,-0.677,11.185
-0.002,-1.424,11.178
-1.098,-1.34,10.099
-0.912,-0.593,9.963
-0.445,-0.227,10.281
-0.234,1.046,10.35
-1.043,-0.191,9.625
-0.797,-0.888,9.833
-0.505,-0.596,10.156
-0.132,0.098,10.829
-0.622,-0.557,11.023
-1.912,0.117,10.951
-0.947,-0.479,10.439
-1.072,0.311,10.006
-0.017,0.802,10.197
-0.543,1.349,10.034
-0.1,0.713,9.386
0.005,0.335,8.484
-0.723,0.926,9.015
-0.627,0.971,9.881
-0.534,1.258,9.458
-1.373,0.84,8.63
-1.18,0.83,7.96
-1.402,0.73,8.147
-2.335,1.998,9.003
-1.335,1.412,8.384
-2.201,0.019,7.498
-0.124,0.763,7.137
0.574,1.51,7.23
0.522,1.503,7.357
-1.586,0.522,8.252
-1.426,-0.474,8.573
-1.481,-0.01,8.793
-1.505,0.089,8.872
-1.555,0.335,9.343
-1.955,0.05,9.132
-1.378,-0.354,8.632
-0.675,-0.084,8.46
1.22,1.139,8.309
2.572,1.718,8.479
4.386,1.318,8.302
3.941,3.137,9.365
4.156,2.103,9.922
2.182,0.679,8.917
-2.201,-2.555,8.398
-6.644,-1.974,10.726
-6.73,-2.259,11.75
-6.52,-1.299,11.982
-4.089,-0.971,11.281
-5.343,-5.907,7.41
-1.993,2.273,9.188
-2.247,-4.955,9.489
-1.012,2.072,-9.477
-0.634,2.455,-9.422
-0.952,1.718,-9.989
-0.758,1.471,-9.989
-0.534,1.924,-9.298
-0.361,2.28,-9.558
-0.16,2.309,-9.795
-0.589,1.773,-9.845
-1.022,2.493,-8.917
-1.055,2.639,-8.939
-0.646,2.271,-9.716
-0.77,1.651,-10.269
-1.754,1.046,-10.226
-1.412,1.469,-9.609
-0.598,1.715,-9.434
-0.761,1.244,-9.63
-1.041,0.732,-9.817
-1.641,1.053,-9.384
-1.632,1.586,-8.963
-1.081,1.56,-10.006
-1.034,0.481,-10.661
-1.471,0.383,-10.274
-1.782,1.244,-9.833
-1.981,1.469,-9.843
-1.809,0.787,-9.845
-1.66,0.507,-9.769
-1.802,0.79,-9.463
-2.235,1.318,-9.525
-2.058,1.5,-9.333
-1.182,1.715,-9.41
-2.11,-0.12,-9.702
-1.605,1.713,-9.692
-1.634,1.584,-9.365
-1.727,1.294,-9.74
-2.024,0.866,-9.668
-2.359,1.031,-9.731
-2.326,1.443,-9.611
-2.129,1.816,-9.522
-2.548,0.593,-9.946
-2.792,0.01,-9.972
-2.668,0.249,-10.264
-3.249,0.746,-10.09
-3.67,0.744,-9.544
-3.168,0.352,-9.338
-3.383,0.864,-8.975
-4.225,1.103,-8.149
-4.931,0.49,-8.441
-4.73,0.086,-8.434
-4.572,0.679,-8.221
-4.965,0.991,-7.96
-5.728,0.407,-8.149
-6.123,-1.555,-9.429
-5.307,-0.227,-9.085
-5.654,0.995,-8.099
-6.072,1.201,-8.118
-5.548,1.177,-8.369
-5.304,2.9,-7.75
-5.455,2.56,-7.058
-5.907,3.177,-6.97
-5.922,3.955,-6.931
-6.374,3.34,-6.415
-6.338,1.658,-5.766
-6.79,2.495,-6.955
-6.403,3.314,-8.266
-4.725,5.228,-9.817
-3.168,3.359,-10.57
-3.211,3.072,-11.355
-4.766,-2.4,-12.544
-5.261,-2.783,-11.937
-4.819,-1.498,-11.137
-2.206,-1.639,-10.097
-4.651,-1.069,-11.226
-7.419,2.479,-9.905
-7.273,-0.388,-8.312
-6.364,-2.823,-9.499
-5.422,-2.902,-11.037
-4.96,-6.632,-10.448
-5.13,-8.565,-12.336
-6.307,-8.096,-13.324
-6.489,-3.831,-14.954
-4.618,-4.677,-14.927
-2.144,-4.778,-14.542
-1.974,-5.094,-13.7
-1.318,-4.996,-10.972
1.792,-1.464,-12.011
3.598,-6.111,-11.74
4.68,-8.577,-11.422
2.283,-5.424,-7.996
3.464,-5.857,-3.333
6.039,-3.235,-3.814
8.556,-4.701,-6.304
11.606,-6.85,-6.821
8.75,-1.672,-2.986
5.965,1.043,2.144
6.331,-4.381,2.972
9.922,-6.103,2.608
4.022,-4.405,5.984
0.775,-7.589,3.778
-0.469,-4.922,-1.581
-0.005,-6.697,-3.469
-0.703,-5.462,-5.283
-4.419,-4.139,-5.45
-3.431,-5.163,-5.278
0.223,-6.07,-5.716
3.771,-10.393,-5.501
3.524,-11.391,-2.936
1.215,-8.675,-0.309
-0.34,-9.905,0.696
-0.086,-11.484,-0.974
0.249,-10.145,-0.952
1.345,-9.833,-0.703
2.938,-10.515,-1.086
2.991,-9.656,-0.34
2.184,-11.111,-1.251
1.244,-10.941,-0.218
0.33,-9.872,0.986
0.835,-11.262,1.321
1.139,-11.633,0.845
1.182,-10.7,-0.263
1.854,-10.527,-0.77
1.756,-10.231,0.675
1.878,-9.324,1.452
1.694,-9.365,1.483
1.833,-9.798,0.979
1.414,-10.216,1.378
1.495,-10.14,1.479
1.663,-9.422,1.44
1.72,-9.049,0.837
1.988,-9.29,0.861
2.149,-9.994,1.471
1.699,-8.931,1.871
1.366,-8.874,1.522
2.158,-9.544,0.945
1.876,-9.927,1.17
2.273,-9.611,1.651
1.785,-8.762,1.799
1.78,-8.759,1.818
1.739,-8.876,2.077
1.713,-9.018,2.802
1.591,-9.166,2.873
1.634,-8.975,2.708
2.213,-9.219,2.266
2.247,-9.173,2.201
1.943,-9.051,2.412
1.72,-8.922,2.503
1.723,-9.362,2.902
2.022,-9.01,2.991
1.57,-9.52,3.074
1.141,-9.355,3.431
1.498,-9.233,3.196
2.646,-9.252,2.74
2.354,-9.673,2.641
1.682,-9.721,3.34
1.33,-8.738,3.744
1.366,-9.226,3.783
1.718,-8.893,3.919
1.39,-9.455,3.912
1.617,-9.479,3.95
1.421,-9.537,4.654
1.531,-9.281,5.175
1.34,-8.719,5.414
1.359,-8.391,5.379
1.955,-8.417,5.546
1.601,-9.501,5.711
1.249,-9.491,5.52
1.364,-8.948,5.62
1.998,-7.13,6.151
1.706,-6.374,7.288
0.952,-6.551,7.919
0.615,-5.993,7.771
1.388,-4.766,8.295
1.038,-5.204,8.752
1.129,-4.862,9.432
1.33,-3.764,9.113
1.239,-1.964,9.491
0.959,-1.672,9.836
1.701,-1.833,9.006
1.44,-1.828,9.099
1.474,-0.467,8.987
0.62,-0.67,9.814
1.244,-0.005,10.982
1.077,1.388,10.073
1.079,3.247,9.436
0.048,1.785,10.243
0.964,1.397,10.917
1.01,2.862,10.769
1.766,3.747,8.931
1.735,4.122,8.29
1.498,3.828,9.549
0.462,4.759,10.379
0.613,5.065,9.36
1.029,3.436,6.845
1.328,3.622,7.34
1.266,4.039,9.092
-0.151,6.592,8.544
-0.194,6.467,6.331
1.302,4.17,4.364
1.316,4.606,5.369
1.242,4.457,6.281
0.098,6.539,5.247
-1.847,7.979,4.4
-3.223,8.085,4.52
-2.18,9.396,5.393
-1.854,7.07,4.216
-4.211,4.359,3.962
-5.776,6.412,4.366
-6.807,5.132,4.508
-5.759,7.893,5.065
-6.087,8.807,4.316
-6.871,4.046,0.768
-8.094,-0.407,2.85
-8.341,2.682,5.359
-9.752,3.244,6.261
-10.192,-0.304,5.888
-10.637,-4.225,2.962
-14.162,-9.427,5.852
-14.733,-10.532,8.027
-16.303,-10.814,7.285
-13.707,-15.975,10.795
-13.762,-19.196,13.241
-12.193,-17.923,12.286
-10.752,-25.931,15.109
-12.307,-12.224,15.829
-12.226,-16.155,15.274
-9.848,-10.956,11.195
-3.45,-8.037,8.922
-2.558,-9.831,8.965
-2.57,-12.083,8.269
-9.941,-18.868,20.775
-0.969,-7.637,11.755
-3.393,-15.045,16.999
-2.933,-11.714,8.934
-5.654,-6.898,9.003
-1.919,-5.764,6.029
0.311,-0.34,6.225
0.258,-2.419,9.908
3.409,-7.718,7.874
-1.428,-6.489,5.259
-0.105,-8.958,-1.048
-0.282,-2.957,-3.321
-0.091,-4.472,-4.146
-2.845,-5.706,-4.551
-4.551,-4.225,-6.534
-7.261,-7.671,-6.278
-7.958,-7.568,-4.766
-8.312,-8.51,-5.737
-8.056,-10.764,-7.51
-6.795,-9.853,-7.974
-3.988,-10.561,-8.178
-1.644,-8.673,-7.517
-2.926,-8.939,-6.635
-2.799,-9.508,-3.101
0.486,-7.793,-1.029
2.259,-10.506,-1.804
2.957,-11.544,-1.304
3.216,-9.173,0.715
5.965,-7.58,-0.029
7.443,-8.632,-0.924
7.63,-7.687,-0.093
7.163,-6.465,-0.474
4.878,-6.249,-1.392
1.938,-7.223,-1.763
-1.464,-7.4,-0.651
-2.539,-6.568,1.531
-3.235,-7.661,1.498
-2.194,-10.846,2.115
-0.735,-10.977,2.036
-0.459,-11.757,0.433
-1.239,-11.185,-1.282
-2.122,-11.702,-1.725
-3.089,-11.556,-0.584
-4.333,-12.26,-0.383
-3.704,-12.286,-0.754
-1.814,-10.692,-0.828
-0.912,-10.767,-0.656
0.0,-11.078,-0.232
-0.718,-10.659,0.256
-0.517,-10.932,0.567
-1.268,-11.582,0.703
-1.608,-11.96,1.046
-2.235,-11.307,0.804
-2.038,-11.068,0.493
-1.914,-10.207,0.146
-2.12,-10.348,-0.517
-2.345,-10.685,-0.864
-1.634,-10.855,-0.73
-1.203,-10.312,-0.282
-1.244,-9.932,0.758
-1.574,-10.444,1.431
-2.122,-10.25,1.486
-1.546,-10.281,1.232
-1.333,-10.279,1.275
-0.959,-10.542,0.797
-1.625,-9.549,0.754
-1.684,-9.716,0.785
-1.428,-10.24,0.701
-1.431,-9.642,0.713
-1.433,-9.843,0.385
-1.782,-9.838,0.414
-1.744,-9.176,0.613
-1.586,-10.042,0.952
-1.381,-9.936,0.897
-1.737,-9.707,0.854
-1.658,-10.204,1.122
-1.244,-9.97,1.395
-1.522,-9.424,1.507
-1.57,-9.934,0.969
-1.708,-9.24,1.034
-1.644,-9.546,1.62
-1.371,-9.776,1.424
-1.125,-9.745,1.261
-1.053,-10.082,0.916
-1.218,-10.415,1.479
-1.524,-10.228,1.759
-1.349,-9.865,1.665
-0.914,-10.056,1.175
-1.168,-10.276,1.376
-0.89,-9.845,2.005
-0.931,-9.855,1.84
-0.964,-9.685,1.524
-0.744,-9.688,1.091
-0.481,-9.994,1.043
-0.706,-10.441,1.302
-0.787,-10.334,1.598
-1.036,-9.948,1.785
-0.708,-9.771,1.467
-0.617,-10.156,1.601
-0.758,-10.463,1.969
-0.782,-10.427,1.773
-0.596,-10.491,1.692
-0.471,-10.192,1.914
-0.701,-10.03,2.606
-0.675,-9.829,2.428
-0.199,-10.226,1.672
0.053,-10.948,1.419
-0.601,-10.267,1.744
-0.471,-10.058,2.132
-0.577,-9.781,2.4
-0.196,-10.257,2.192
-0.124,-10.58,1.854
-0.431,-10.436,1.871
0.091,-9.374,2.4
0.309,-9.348,2.869
-0.005,-10.159,2.878
-0.089,-10.283,2.751
0.065,-10.123,2.869
0.352,-9.577,3.369
-0.091,-9.831,3.498
-0.325,-9.412,3.519
-0.134,-9.767,3.835
0.495,-9.144,4.008
0.256,-9.063,4.039
0.749,-9.802,3.718
0.596,-10.116,3.704
0.531,-9.79,4.536
0.433,-8.183,5.513
1.778,-7.793,5.936
3.33,-8.233,5.517
0.06,-9.965,5.304
-1.701,-10.018,5.132
0.313,-6.833,5.955
0.818,-6.838,6.34
0.359,-8.683,5.733
1.309,-9.025,5.682
1.742,-5.704,6.984
1.505,-4.352,8.604
0.902,-3.438,8.597
2.747,-1.823,7.8
1.986,-0.691,8.776
0.754,-0.742,9.372
2.067,-0.502,8.553
3.96,0.644,7.252
2.058,2.811,9.848
1.153,6.144,10.819
1.581,5.702,8.455
2.96,3.95,6.125
2.122,4.438,6.139
1.153,6.69,5.934
0.026,7.678,5.462
2.51,7.462,4.082
1.742,8.513,3.673
-0.359,11.616,5.182
-3.062,9.393,5.12
-2.873,3.106,2.137
-1.933,6.608,1.314
-1.56,11.59,1.392
-2.996,11.762,3.649
-5.204,8.049,4.027
-7.496,6.86,0.653
-6.216,6.364,2.414
-5.297,5.627,4.132
-7.802,0.014,3.297
-10.219,-4.596,4.266
-8.953,0.591,0.876
-10.006,3.273,3.905
-12.506,-6.637,10.032
-15.576,-13.367,8.891
-17.858,-11.815,3.883
-13.351,-16.722,8.405
-14.568,-16.703,11.417
-10.13,-17.133,12.815
-12.016,-32.128,12.19
-20.105,-19.844,16.877
-10.154,-14.93,16.061
-8.977,-19.698,12.688
-0.479,-9.616,3.072
-0.467,-9.652,3.182
-0.443,-9.522,2.948
-0.356,-9.688,2.895
-0.608,-9.855,3.287
-0.373,-9.599,3.395
-0.359,-9.52,3.237
0.002,-9.936,3.01
-0.041,-9.666,3.467
-0.313,-9.762,3.615
-0.227,-9.781,3.496
-0.069,-9.573,3.357
0.129,-9.207,3.551
0.237,-8.965,3.553
0.203,-9.178,3.737
0.12,-9.3,3.625
0.191,-9.678,3.252
0.079,-9.604,3.472
0.196,-9.475,3.73
0.234,-9.802,4.187
0.852,-9.269,4.295
0.758,-9.097,4.235
0.675,-8.805,3.96
0.89,-8.632,3.862
0.428,-9.01,4.01
0.194,-9.757,3.981
0.589,-9.015,4.589
1.498,-8.522,4.89
1.014,-9.8,4.778
0.696,-9.755,4.948
0.292,-8.601,5.546
0.773,-7.563,6.166
0.986,-8.168,6.249
1.218,-8.845,6.149
1.323,-7.931,5.639
1.395,-5.527,6.314
0.464,-4.347,7.675
0.361,-2.268,8.948
2.134,0.354,8.386
2.117,2.625,8.867
1.426,3.558,10.829
0.115,2.263,10.453
0.713,3.95,9.508
0.548,5.271,9.219
0.845,5.596,8.879
2.18,3.45,6.857
2.531,3.529,5.556
1.529,6.383,4.567
0.488,8.41,4.998
0.706,6.477,3.936
-0.534,9.238,4.606
-2.783,11.408,6.051
-4.209,10.274,5.06
-4.386,8.69,2.842
-3.204,8.324,2.546
-2.859,10.733,3.634
-5.058,9.025,3.694
-5.419,7.848,3.78
-5.977,7.041,3.433
-6.491,5.422,3.51
-6.814,-1.495,3.357
-8.8,-2.625,3.4
-11.587,-0.557,1.431
-11.611,1.352,1.983
-10.843,-6.34,3.912
-14.753,-10.994,8.142
-16.528,-9.252,6.723
-12.757,-10.721,2.352
-9.207,-18.483,0.306
-13.999,-20.55,3.936
-13.279,-27.543,13.958
-14.406,-27.84,14.499
-11.013,-18.861,8.451
-10.188,-37.784,10.544
-8.116,-0.804,10.111
0.129,-18.315,10.728
2.431,-26.854,17.478
10.271,-18.179,19.949
6.539,-18.437,28.577
0.069,-4.197,23.041
11.329,-8.57,15.066
10.092,1.378,8.561
3.496,-8.532,3.108
1.163,-7.979,2.22
-7.539,-6.979,1.751
-8.876,-2.515,-5.608
-6.144,-2.038,-1.849
-9.429,-0.146,3.926
-12.111,-2.378,1.287
-10.776,-6.828,-1.799
-11.013,-7.963,-2.778
-10.487,-8.355,-4.125
-9.176,-9.991,-4.687
-6.697,-10.401,-2.704
-5.505,-8.934,-2.05
-3.723,-8.388,-2.481
-2.029,-8.106,0.651
2.589,-7.307,2.888
8.587,-4.886,2.574
8.18,-8.683,1.842
6.075,-10.561,-0.007
3.991,-6.697,1.342
3.003,-6.697,1.852
-1.002,-8.733,0.701
-3.031,-10.611,0.596
-4.101,-11.09,0.708
-4.077,-13.123,-0.321
-3.417,-12.609,-0.364
-1.091,-10.168,-0.376
-1.211,-10.791,-0.29
-2.294,-10.491,-0.144
-2.936,-11.338,0.778
-3.699,-11.305,1.9
-3.472,-11.908,2.378
-2.684,-11.094,2.527
-2.519,-9.783,2.397
-2.443,-10.477,1.548
-2.163,-10.623,2.0
-1.558,-10.783,2.687
-1.634,-10.704,2.086
-2.562,-11.537,1.467
-2.96,-11.336,0.833
-3.153,-9.843,1.816
-2.594,-10.082,2.113
-2.038,-10.535,2.117
-1.663,-10.623,1.273
-1.962,-10.439,1.304
-2.352,-9.944,1.608
-2.335,-8.362,2.244
-2.254,-9.812,2.29
-2.675,-9.728,2.84
-2.818,-9.972,2.842
-2.493,-9.7,2.373
-2.122,-10.202,1.993
-1.998,-10.35,1.668
-2.165,-9.79,2.582
-2.065,-9.479,2.976
-1.971,-9.819,2.57
-1.993,-10.475,2.05
-2.089,-10.389,1.902
-1.849,-9.848,2.335
-2.084,-9.178,2.278
-1.809,-9.594,2.027
-1.895,-10.046,1.725
-1.873,-10.113,1.701
-1.943,-9.532,2.419
-2.038,-9.333,2.426
-2.189,-9.41,2.572
-2.031,-9.996,1.924
-2.177,-10.568,2.11
-1.785,-10.245,2.701
-1.902,-10.121,2.529
-2.18,-10.164,2.251
-2.397,-9.711,2.273
-2.859,-9.597,2.871
-1.849,-10.271,2.615
-1.581,-10.628,2.488
-1.732,-10.063,2.381
-1.83,-9.987,2.684
-1.983,-9.783,3.103
-2.158,-10.015,3.307
-1.677,-10.539,2.981
-1.452,-9.702,2.584
-0.823,-9.805,2.952
-0.679,-9.628,3.024
-1.378,-9.673,2.85
-1.445,-9.441,2.747
-1.172,-9.956,2.795
-1.33,-10.319,3.199
-1.17,-10.518,3.311
-1.321,-10.013,3.106
-1.0,-9.211,2.708
-0.983,-9.802,2.797
-0.665,-10.453,2.857
-0.517,-10.441,3.07
-0.89,-9.798,3.027
-1.16,-9.482,2.84
-0.957,-9.494,2.952
-0.455,-9.881,2.936
-0.383,-9.735,3.065
-0.658,-9.606,3.134
-0.811,-9.132,3.012
-0.493,-9.226,2.883
-0.225,-9.786,3.003
-0.354,-9.944,2.955
-0.581,-9.735,3.216
-0.311,-9.001,3.156
0.067,-9.226,3.22
-0.144,-9.513,3.228
-0.172,-9.515,3.072
0.534,-9.384,2.866
0.897,-9.326,3.412
0.598,-9.092,3.907
-0.163,-9.716,4.154
-0.072,-8.599,4.209
0.041,-8.783,3.787
0.072,-9.293,3.67
0.78,-9.013,3.859
1.081,-8.326,3.842
0.802,-8.608,3.96
0.601,-8.788,4.316
-0.005,-8.137,5.345
-0.153,-7.683,6.022
0.507,-8.278,5.883
0.792,-8.63,5.474
0.718,-9.843,4.747
0.792,-9.171,4.974
1.263,-6.807,6.187
0.935,-7.159,6.958
0.136,-8.398,6.572
0.077,-7.647,6.41
1.086,-5.19,7.113
0.502,-5.323,8.352
0.72,-4.161,9.223
1.323,-2.768,9.324
0.033,-1.151,10.245
0.371,-1.172,10.018
0.703,-1.57,10.692
2.048,-0.629,9.975
2.06,0.019,10.826
1.57,0.866,9.843
2.189,2.582,8.817
1.94,3.845,9.094
1.266,3.113,9.35
0.852,1.89,9.08
1.428,3.089,7.931
1.878,5.115,7.441
1.823,6.809,6.481
1.294,7.563,5.247
1.586,5.828,3.766
0.94,2.517,2.278
-0.907,8.226,2.591
-3.079,13.334,3.874
-3.295,12.772,4.039
-3.84,8.254,3.527
-3.247,5.965,1.0
-1.809,12.762,2.352
-4.687,12.195,4.46
-5.828,6.903,2.05
-5.06,3.467,1.517
-6.615,2.969,2.972
-7.73,6.747,4.821
-7.58,6.934,7.501
-9.168,2.385,0.916
-10.164,-11.135,-2.321
-13.793,-10.633,1.811
-15.102,-8.24,4.989
-15.442,-14.353,8.881
-15.126,-19.471,8.061
-13.231,-17.239,7.372
-8.802,-20.39,6.139
-14.561,-19.684,5.197
-15.583,-21.894,11.98
-8.991,-18.899,13.82
-7.994,-31.431,19.595
0.306,-24.694,14.102
4.268,-16.408,16.42
5.34,-19.196,23.27
3.835,-15.037,19.849
6.522,-8.089,15.018
12.65,4.438,17.195
13.635,6.489,12.863
3.35,-7.204,10.391
-0.854,-5.448,8.001
-6.766,-10.027,7.41
-1.565,3.481,13.116
-2.921,-6.867,-3.78
-7.546,-1.529,-6.108
-16.325,-1.306,-5.467
-16.959,-7.266,-5.07
-14.93,-6.46,-4.998
-12.257,-11.779,-3.768
-7.305,-13.53,-2.668
-2.929,-9.525,-3.668
-2.062,-6.556,-1.83
-1.156,-9.271,1.046
-0.325,-8.458,-0.495
-0.548,-9.855,-1.979
4.924,-9.24,0.715
12.331,-9.329,0.423
12.066,-10.515,0.682
4.154,-11.48,-0.05
0.897,-10.168,0.727
-0.739,-8.896,3.519
-3.192,-10.228,4.788
-2.859,-8.876,4.962
-2.909,-10.934,3.086
-1.821,-13.523,1.127
1.247,-10.054,2.134
1.058,-11.551,1.622
-2.338,-10.453,2.105
-3.448,-8.786,3.283
-2.981,-9.302,3.096
-2.027,-9.044,1.692
-0.263,-8.888,0.395
0.12,-8.613,-0.79
0.737,-9.331,-1.06
-0.072,-11.499,0.335
-0.993,-12.803,1.261
-1.428,-11.841,1.869
-1.182,-9.872,2.251
-0.565,-9.874,1.751
-0.531,-10.982,1.859
-0.809,-10.097,1.747
-0.744,-9.767,1.0
-0.66,-10.286,0.218
-1.448,-9.709,0.529
-1.467,-8.977,0.962
-1.05,-9.735,0.823
-0.407,-10.432,0.837
-0.526,-11.042,1.235
-0.206,-10.618,2.11
-0.66,-10.137,2.694
-0.73,-9.841,2.529
-1.091,-10.099,2.053
-0.746,-10.613,1.656
-0.653,-10.755,1.536
-0.636,-10.752,1.443
-0.878,-10.527,1.503
-0.725,-10.226,1.239
-1.069,-8.876,1.538
-0.77,-8.805,1.55
-0.392,-9.771,1.818
-0.134,-9.783,2.043
-0.352,-9.623,1.878
-0.505,-9.46,1.261
-0.201,-9.946,1.481
-0.364,-10.013,2.208
-0.962,-9.975,2.172
-0.524,-9.716,2.017
-0.187,-9.482,1.895
-0.306,-10.13,2.163
-0.385,-10.393,2.232
-0.746,-9.29,2.122
-0.696,-9.805,1.864
-0.098,-10.121,1.893
-0.266,-11.188,2.445
-0.103,-11.214,2.708
-0.713,-11.248,2.584
-0.806,-10.02,2.629
-0.758,-10.346,2.912
-0.658,-10.953,2.673
-0.335,-10.637,2.632
-0.455,-10.594,2.586
-0.287,-10.202,2.854
-0.301,-9.668,3.232
-0.165,-10.298,2.907
-0.263,-10.317,2.405
-0.313,-9.542,2.311
-0.44,-9.829,2.696
0.031,-10.29,2.996
0.263,-10.439,3.218
0.012,-10.226,3.031
-0.081,-9.934,2.443
-0.146,-9.262,2.39
-0.201,-9.07,2.89
0.093,-9.865,3.139
0.407,-10.2,3.146
0.758,-9.845,2.857
0.263,-10.037,2.845
0.292,-10.156,3.055
0.746,-9.814,3.137
0.737,-9.561,3.711
0.586,-8.915,4.35
0.223,-9.281,4.484
0.646,-9.79,3.871
1.438,-10.539,3.57
1.392,-9.209,3.158
0.744,-9.348,3.469
0.033,-9.53,3.503
0.22,-8.242,4.555
1.129,-6.797,5.802
1.455,-7.383,7.173
1.251,-7.218,7.537
1.68,-4.084,6.886
0.512,-1.625,7.163
0.94,-0.108,7.704
1.821,1.146,9.838
2.302,3.826,9.441
1.144,5.582,7.764
1.483,6.398,7.209
1.672,7.773,8.429
1.792,7.635,7.252
1.474,7.13,5.584
0.153,6.099,5.582
-0.048,7.319,6.324
-1.471,9.628,5.407
-2.323,8.25,4.307
-3.33,6.17,1.05
-3.443,8.668,1.287
-2.574,11.31,2.728
-3.302,10.879,4.374
-4.941,7.044,3.481
-4.359,6.556,5.814
-5.166,6.797,5.733
-6.13,5.067,5.431
-6.048,2.692,3.503
-7.049,-0.584,1.809
-8.642,-2.888,3.216
-8.12,-2.232,3.783
-11.504,2.153,6.08
-13.291,-1.804,6.092
-13.375,-11.74,2.251
-16.916,-18.117,3.766
-16.671,-14.87,7.802
-13.418,-16.48,3.735
-11.063,-29.771,0.914
-13.2,-20.019,12.032
-10.384,-25.682,11.152
-12.523,-25.548,12.217
-13.8,-16.411,11.441
-2.847,-8.113,13.889
-3.972,-21.323,9.355
4.343,-11.594,18.566
7.489,-17.006,20.014
1.294,-5.812,15.446
6.23,-7.781,14.695
6.044,1.105,15.121
8.893,-4.79,7.75
-2.067,-4.938,6.606
0.033,-7.417,5.931
-0.031,-6.513,7.302
-0.048,-6.34,7.919
0.045,-6.477,8.656
1.17,-4.73,9.192
0.354,-3.261,9.609
-0.211,-2.694,9.63
1.591,-1.488,8.702
0.964,-1.452,10.252
0.423,-1.914,10.386
-0.354,-0.933,10.702
0.519,-0.254,9.85
0.866,0.737,9.128
0.648,0.325,9.64
0.581,1.428,9.623
0.038,2.127,8.865
-0.177,1.675,8.003
0.163,1.95,8.123
0.261,2.405,8.482
0.88,2.637,7.769
0.541,3.797,7.467
-0.074,5.367,7.041
0.605,5.69,6.857
1.653,6.101,6.979
-0.074,5.869,7.506
-1.369,6.568,8.089
-0.955,7.049,7.608
-0.644,7.69,7.551
-1.215,6.259,8.118
-1.046,5.974,7.864
-0.983,7.01,7.644
-1.474,5.646,5.623
-2.17,3.33,4.931
-2.297,3.558,6.281
-3.053,4.144,7.793
-2.536,3.735,10.051
-5.276,-1.584,12.64
-10.53,-4.943,11.365
0.462,-4.242,8.963
-0.746,5.414,3.553
1.132,7.943,3.108
-5.627,-3.744,8.391
-11.336,-9.054,12.745
26.266,24.933,-0.471
-12.501,-6.953,6.446
-14.076,-4.704,9.427
-5.962,3.527,9.944
-3.711,1.469,7.498
-6.115,-2.881,4.802
-6.426,-5.084,6.025
-6.563,-6.778,8.589
-5.958,-7.986,9.396
-6.764,-10.566,7.027
-7.25,-13.676,6.867
-6.783,-12.937,5.898
-6.257,-10.925,4.651
-7.467,-11.726,7.4
-5.211,-13.075,7.513
-3.402,-12.499,7.154
0.091,-11.432,5.78
1.56,-8.91,3.68
1.481,-7.561,4.795
1.481,-7.958,6.07
2.816,-7.618,4.642
3.122,-7.723,3.307
2.091,-8.52,2.048
1.613,-9.274,1.364
1.806,-9.781,1.713
1.141,-9.408,1.962
1.026,-8.805,1.115
0.653,-8.07,0.938
0.44,-8.57,1.706
0.878,-8.946,1.524
1.66,-9.247,0.665
0.189,-8.649,0.967
-0.268,-9.075,1.914
0.742,-9.36,2.029
0.904,-8.573,2.089
2.641,-9.228,2.929
3.232,-10.156,4.996
4.177,-9.563,7.838
2.46,-7.673,8.443
2.582,-5.144,8.565
2.572,-6.225,8.611
4.979,-3.024,8.195
4.718,-3.9,7.805
-0.514,-6.85,6.879
-2.517,-5.4,7.4
-2.991,-3.828,8.496
-1.895,-3.847,8.015
-1.022,-5.058,7.86
0.172,-4.448,8.326
1.019,-4.084,8.831
1.187,-3.622,9.07
0.01,-3.572,9.743
-1.019,-3.548,10.331
-1.428,-3.046,10.939
-1.534,-1.335,10.982
-1.735,-1.349,11.212
-0.983,-2.469,10.788
-0.172,-3.11,10.015
-0.254,-3.036,9.312
-0.617,-1.969,9.644
-0.404,-2.139,10.116
-0.117,-2.326,10.08
-0.352,-2.273,9.922
-0.668,-1.871,9.805
-0.802,-1.448,10.19
-0.632,-1.079,10.791
-0.596,-1.536,10.771
-0.615,-1.199,10.243
-0.349,-0.969,9.283
0.129,-1.409,9.484
-0.069,-1.737,9.75
-0.144,-0.672,10.343
-0.297,-0.543,10.154
-0.483,-0.452,9.623
-0.778,-0.727,9.044
-1.072,-0.443,9.178
-0.775,0.261,9.161
-0.242,0.61,9.3
-0.639,0.316,9.833
0.144,0.084,9.164
-1.113,0.469,9.243
-1.799,-0.098,9.046
-0.091,-0.311,8.649
-1.591,0.574,9.688
-0.51,0.639,6.032
-1.634,-1.275,4.06
-3.352,-0.007,5.929
-4.969,2.517,8.982
-3.689,1.675,0.991
-5.005,2.936,7.465
-7.302,-1.419,8.185
-5.309,-1.132,10.594
-5.405,0.869,8.302
-4.639,0.263,7.793
-5.757,-0.072,8.898
-5.879,0.294,6.075
-5.776,0.29,8.436
-7.403,-2.038,8.034
-0.699,-1.304,4.158
-8.525,0.546,10.647
-3.811,0.823,8.446
-6.314,0.701,7.266
-8.307,0.246,8.348
-14.052,-1.342,8.491
-9.006,1.503,6.757
-10.25,-0.727,7.836
-9.795,-2.96,6.821
-12.049,-0.61,6.642
-10.879,-1.957,7.039
-10.546,-2.194,7.864
-10.953,-2.223,9.967
-10.204,0.493,10.317
-10.226,-0.507,8.367
-10.147,-2.244,8.496
-10.714,-4.228,8.853
-9.958,-2.338,9.628
-8.144,-1.967,9.054
-9.082,-1.215,8.501
-8.967,-2.182,8.128
-10.118,-4.187,8.503
-9.156,-5.891,7.446
-9.02,-4.838,6.709
-8.592,-4.436,6.106
-10.585,-4.393,5.498
-9.47,-5.611,3.615
-9.056,-6.106,3.508
-8.372,-6.565,3.742
-7.867,-6.039,4.682
-6.369,-4.256,5.02
-6.826,-4.288,3.79
-6.211,-5.426,3.787
-6.266,-6.3,4.197
-6.96,-6.778,4.615
-7.025,-6.764,5.276
-7.783,-7.247,4.383
-7.558,-7.955,4.622
-7.601,-8.58,5.053
-7.326,-9.106,5.118
-7.704,-8.606,5.649
-7.907,-7.472,5.773
-7.194,-7.029,6.225
-5.749,-6.563,7.805
-4.567,-6.982,7.297
-4.211,-6.682,6.977
-3.046,-6.477,6.453
-2.105,-7.204,6.111
-1.62,-7.884,5.295
-0.529,-8.853,4.929
0.811,-8.384,4.895
1.421,-7.733,4.955
2.33,-7.381,5.481
2.448,-6.958,5.297
3.73,-6.699,4.61
3.775,-6.113,5.089
4.744,-5.871,5.292
5.62,-5.735,5.438
6.123,-6.206,5.213
7.13,-6.036,5.221
7.498,-5.63,5.192
6.759,-4.591,5.06
8.233,-4.139,4.907
8.104,-2.565,4.41
8.833,-1.883,5.687
7.546,-1.72,5.993
7.953,-2.4,5.69
9.944,-3.393,2.529
10.367,-1.553,2.656
10.465,-0.383,2.146
9.508,0.079,1.699
8.355,1.328,2.5
8.113,2.113,3.405
7.477,1.378,3.711
8.056,0.778,1.802
7.8,-0.266,1.002
8.099,-0.002,0.543
8.611,-0.435,1.299
8.546,-0.23,2.187
7.084,0.153,3.134
7.699,0.373,2.962
7.194,-0.223,4.154
6.929,-1.802,5.489
7.199,-3.924,6.513
6.738,-4.938,7.852
7.013,-3.216,8.726
5.783,-1.371,8.692
6.383,-0.912,6.599
5.639,-1.493,5.575
4.326,-2.84,4.706
3.383,-3.113,5.388
3.426,-2.038,6.833
3.496,-2.048,6.984
2.993,-2.031,7.635
3.086,-1.534,7.283
3.417,0.1,6.867
3.632,1.907,6.821
3.185,0.799,7.192
2.058,-0.998,7.69
1.739,-1.818,7.876
2.113,-0.39,7.862
1.881,-0.333,9.278
1.747,-0.38,9.953
1.794,-0.05,9.912
1.653,1.464,9.422
1.029,0.864,9.661
0.548,0.33,9.8
0.285,0.12,9.3
0.127,0.378,7.924
-0.596,-0.065,8.991
-0.938,-0.287,10.302
0.0,0.45,9.912
0.024,1.938,8.675
-0.912,1.761,8.998
-1.381,-0.51,10.975
-0.988,-1.696,11.413
-1.534,-0.237,10.953
-1.928,0.608,11.508
-2.22,2.682,15.193
-2.687,-2.649,11.561
0.816,-1.031,7.132
-0.421,-1.44,6.967
-2.385,0.522,11.104
-0.483,-3.168,11.568
-0.428,-1.385,10.817
-0.624,-0.983,10.118
-0.316,-1.177,9.869
-0.323,-1.402,9.159
0.055,-1.474,9.702
-0.952,-2.007,10.324
-1.316,-2.103,10.527
0.022,-2.704,8.836
0.904,-1.306,9.972
0.187,-2.187,9.96
-0.17,-1.663,9.984
-0.364,-2.019,9.817
-0.007,-2.082,9.173
0.553,-1.129,10.288
-0.275,-1.194,10.113
-0.177,-0.727,10.183
0.723,-0.184,9.458
0.443,-1.125,9.869
-0.38,-1.51,10.41
-0.392,-1.5,9.946
0.464,-1.428,9.022
0.809,-1.038,9.86
-0.361,-1.218,10.527
-0.342,-1.357,10.142
0.445,-1.823,9.209
0.282,-2.153,9.666
0.368,-1.479,9.991
0.081,-1.261,10.097
-0.017,-1.433,10.027
0.225,-2.017,9.458
0.079,-2.608,9.506
0.426,-1.325,9.86
0.546,-0.962,9.977
0.287,-0.61,9.958
0.395,-1.706,9.561
0.426,-2.29,8.941
0.39,-1.581,9.896
0.108,-1.577,10.018
0.29,-1.66,9.711
0.211,-1.849,9.57
0.397,-0.943,9.711
0.273,-0.373,10.207
0.364,-0.742,10.07
0.091,-1.756,9.707
0.208,-2.376,9.508
0.601,-2.082,9.601
0.644,-1.019,9.862
0.292,-0.639,9.929
0.505,-1.467,9.783
0.713,-2.096,9.649
0.682,-2.144,9.774
1.646,-2.426,9.506
0.163,-1.325,9.889
-0.311,-1.675,9.879
-0.294,-1.079,9.604
-0.23,-0.115,9.884
1.287,-1.017,9.415
0.179,-0.134,10.001
-0.251,-3.295,9.764
0.447,-2.17,9.388
-0.194,-1.84,9.599
0.696,-0.572,10.032
0.184,-0.378,10.109
-0.208,-0.679,10.042
0.452,-2.931,9.755
0.234,-2.187,9.664
0.34,-1.546,9.771
0.335,-0.77,9.817
0.086,-1.256,9.776
-0.103,-1.562,9.685
0.115,-2.529,9.688
0.187,-1.895,9.628
0.012,-1.242,9.738
0.237,0.055,10.001
-0.067,-0.199,9.85
0.072,-0.976,9.845
-0.524,-1.014,9.668
-0.474,-0.897,9.924
0.256,-0.986,10.054
0.12,-1.275,9.75
0.349,-1.565,9.814
-0.165,-1.526,9.824
-0.043,-1.457,9.704
0.215,-0.581,9.774
-0.053,-0.916,10.039
-0.282,-1.031,9.953
-0.498,-1.689,9.793
-0.211,-1.782,9.731
-0.249,-1.086,9.924
-0.806,-0.134,9.881
0.464,-0.531,10.446
1.165,-0.141,9.731
-3.259,0.167,9.927
2.395,-2.218,9.372
-1.084,-1.218,9.91
1.122,-1.603,9.477
-0.378,-1.782,9.719
-1.282,-2.393,10.049
-1.254,-2.907,9.592
-1.5,-1.888,9.51
-1.053,-1.799,9.776
-1.646,-1.854,9.436
-1.646,-1.849,9.539
-0.816,-1.507,10.023
-2.048,-1.325,9.805
-2.058,-0.9,10.099
-2.225,-0.993,9.41
-1.457,-1.261,9.867
-2.094,-1.727,9.826
-2.409,-1.799,9.668
-2.261,-0.433,9.8
-0.656,-0.148,9.92
-1.976,-2.216,9.599
-1.249,-2.893,9.338
-0.883,-3.249,9.286
-0.438,-2.974,9.58
-0.632,-3.055,9.4
-0.766,-1.974,9.52
0.146,-1.804,9.767
-0.349,-1.002,9.721
-0.718,-1.459,10.271
-1.0,-1.849,9.616
-1.206,-1.68,9.374
-1.213,-0.998,9.719
0.263,-1.158,9.75
-0.708,-0.758,9.872
-0.818,-1.864,9.812
-0.215,-3.505,9.656
-0.546,-2.708,9.587
-0.397,-2.007,9.448
-0.349,-0.787,9.652
-0.694,-0.452,9.97
-1.036,-1.213,10.037
-0.495,-1.723,9.515
-0.9,-1.361,9.881
-0.555,-1.041,10.011
-0.522,-1.23,10.085
-0.804,-0.761,10.013
-0.61,-1.366,9.764
-0.014,-1.83,9.652
-0.656,-1.12,9.709
-1.01,0.395,9.798
-2.048,1.136,10.413
1.785,-1.086,9.47
0.672,-1.885,9.661
-0.414,-2.73,9.798
-0.081,-2.842,9.463
0.373,-1.873,9.597
0.859,-1.603,9.767
-0.476,-1.263,10.104
-0.531,-1.187,10.168
-0.201,-1.074,9.752
0.342,-0.866,9.881
0.479,-1.127,9.893
-0.33,-1.213,9.865
-0.519,-1.613,9.85
0.349,-1.136,9.719
0.78,-0.301,9.465
-1.115,-0.684,10.336
-1.0,-2.041,9.604
-0.435,-1.019,9.762
0.27,-1.287,9.58
0.378,-1.431,9.953
0.986,-1.153,10.034
-0.237,-1.519,9.793
-0.739,-0.897,9.747
-0.51,-0.931,9.685
0.481,-1.648,9.958
-0.242,-2.302,10.011
-0.378,-2.184,9.649
0.026,-1.785,9.606
-0.067,-1.833,9.759
-0.079,-1.359,10.128
-0.462,-1.34,10.058
0.299,-1.648,9.46
0.065,-1.842,9.635
0.39,-2.005,9.869
-0.292,-1.416,9.987
-0.349,-1.115,9.817
-0.11,-1.534,9.566
-0.098,-2.113,9.676
-0.352,-1.78,9.944
0.132,-1.172,9.991
0.16,-0.589,9.652
-0.297,-0.756,9.898
-0.304,-1.177,9.843
0.093,-1.648,9.644
0.232,-1.225,9.752
-0.091,-1.005,9.764
-0.218,-0.304,9.735
-1.017,-0.306,10.247
-0.249,-0.689,9.893
-0.129,-0.957,9.618
-0.459,-0.361,10.066
-1.964,0.732,10.324
-0.014,1.206,10.015
1.802,0.543,9.589
0.297,0.605,9.774
1.125,2.668,10.082
-0.756,0.565,9.769
-0.132,-0.361,10.235
-0.711,-0.361,10.334
-0.447,-0.715,9.733
0.254,0.555,9.702
-0.971,-0.352,10.168
-0.273,0.285,10.216
-0.428,-0.385,9.707
-0.622,-0.048,9.991
0.292,0.617,9.912
0.691,0.364,10.003
-0.802,0.435,9.877
-0.88,0.352,10.066
-0.376,-0.694,9.716
-0.038,0.328,9.999
-1.072,-0.567,10.334
-0.218,0.098,9.733
-0.325,0.474,9.738
-1.208,0.694,10.288
-0.115,0.163,9.989
0.203,-0.23,9.812
-0.089,0.144,9.884
-0.067,1.235,9.767
4.381,8.144,21.725
-0.574,0.416,9.946
-0.749,-0.057,10.001
-0.732,-0.167,10.006
-0.644,0.012,10.113
-1.096,-0.187,9.915
-0.127,0.043,9.738
-0.045,0.22,9.984
0.043,0.761,10.078
0.17,0.608,9.817
-0.246,0.036,9.833
-0.402,-0.282,9.996
-0.301,-0.495,9.9
-0.117,0.223,9.774
-0.175,0.385,10.09
-0.445,-0.005,9.996
-0.701,-0.194,9.879
-0.447,0.093,9.774
-0.1,0.773,9.996
-0.414,0.376,9.977
-0.426,0.031,9.9
-0.409,-0.136,9.68
-0.435,0.309,9.908
0.445,0.481,9.845
-0.163,0.134,10.066
-0.282,0.024,9.855
-0.857,-0.215,9.745
-0.758,0.065,9.764
0.187,0.569,10.367
-0.498,0.452,9.97
-0.706,0.991,9.64
-0.024,0.397,10.166
-0.096,0.342,9.386
0.045,0.404,9.317
0.139,0.83,10.109
0.215,0.122,10.142
0.136,0.084,10.238
-0.294,-0.574,9.532
-0.421,0.189,9.819
-0.553,0.232,10.109
0.038,-0.885,10.192
-1.16,-0.782,9.833
-0.246,-0.002,9.362
0.237,-0.225,9.341
0.636,0.163,10.058
-0.01,-0.215,9.903
0.242,-0.373,9.649
0.026,0.156,9.908
0.074,0.11,9.812
-0.572,-0.05,9.982
-0.244,0.299,9.862
0.108,0.869,10.298
0.51,0.73,9.97
-0.074,0.869,10.087
-0.1,0.215,9.807
-0.002,-0.036,10.257
0.184,0.189,9.953
-0.096,0.294,9.886
-0.17,0.861,9.771
-0.026,0.837,9.85
-0.002,0.919,9.743
0.11,0.49,9.817
-0.416,0.457,9.982
-0.804,0.574,10.001
-0.041,0.651,9.994
-0.55,0.244,9.783
-0.01,0.684,10.061
0.763,1.11,9.769
0.249,0.857,9.843
-0.536,1.029,10.015
0.167,0.234,9.814
0.258,-0.258,9.69
0.39,0.854,10.147
-0.036,1.529,9.989
0.613,0.907,9.891
1.775,1.28,9.869
-0.263,0.263,9.951
0.065,0.586,9.647
-0.079,0.337,9.987
0.029,-0.06,9.704
-0.148,0.026,9.611
0.467,0.488,10.063
0.49,1.553,9.68
0.089,0.349,10.159
0.096,-0.38,10.037
0.005,-0.294,9.64
0.301,-0.048,9.819
0.457,0.766,9.929
0.591,0.345,9.836
0.153,0.237,9.967
-0.297,-0.134,10.154
-0.136,-0.115,9.999
-0.388,0.404,9.795
0.043,0.182,9.769
0.701,-0.132,9.853
0.019,-0.715,10.011
0.476,-1.292,10.044
0.474,-0.34,9.793
-0.167,0.337,10.003
0.337,-0.17,9.831
0.1,-0.574,9.941
0.1,-0.672,10.011
0.053,-0.66,9.941
-0.053,-0.689,9.833
-0.273,-0.431,9.836
0.077,0.182,9.836
0.402,0.002,9.975
0.275,0.746,9.86
-0.321,0.081,9.951
-0.335,0.1,9.879
0.033,-0.536,9.934
0.29,-0.821,9.843
-0.144,-0.397,9.924
0.45,0.033,9.989
-0.62,0.112,9.788
0.416,-0.098,9.996
0.077,-0.397,9.956
-0.062,-0.608,9.927
-0.29,-0.309,9.81
0.531,-0.074,9.807
-0.153,-0.072,9.996
0.514,-0.072,9.987
0.05,-0.785,9.982
0.098,-0.263,9.9
0.519,-0.065,9.752
-0.16,0.01,9.932
0.007,-0.301,10.003
0.201,-0.294,9.881
0.136,-0.323,9.857
-0.024,-0.368,9.874
-0.132,-0.234,9.96
0.055,-0.486,9.965
-0.356,-0.246,9.86
0.294,-0.146,9.819
-0.081,-0.268,9.999
-0.029,-0.603,10.044
0.333,-0.603,10.025
-0.105,-0.665,9.862
-0.206,-0.445,9.948
0.0,-0.364,9.869
0.057,-0.086,9.874
0.56,-0.096,9.977
0.531,-0.232,9.874
0.036,-0.502,9.912
0.067,-0.725,9.979
0.005,-0.88,9.783
0.44,-0.479,9.85
0.294,0.017,9.987
-0.809,0.962,9.857
0.823,-1.017,9.125
-0.897,-0.813,9.922
1.086,-0.799,9.707
0.421,0.041,9.853
0.081,-0.05,10.161
0.211,0.029,9.889
-0.048,-0.995,9.92
-0.737,-0.153,10.001
0.06,-0.297,9.915
0.414,0.165,9.81
0.266,-0.83,9.915
-0.153,-0.524,9.85
-1.218,-0.84,10.025
-0.986,-0.818,9.891
-0.057,-0.306,9.951
-0.624,-0.263,9.912
-0.785,0.156,9.941
-0.627,0.084,9.893
-0.258,0.356,10.044
-0.639,0.007,9.924
-0.187,-0.414,9.999
-0.813,-0.428,9.872
-0.73,-0.548,10.111
-0.005,0.041,9.668
-0.785,-0.179,9.889
-0.553,-0.802,10.011
-0.857,-0.708,9.879
-0.333,-0.586,9.683
-0.912,-0.201,9.836
-0.797,-0.184,10.066
-0.912,-0.526,9.951
-0.514,-0.914,9.879
-0.658,-0.842,9.755
-0.876,-0.474,10.008
-0.928,-0.285,10.09
-0.526,-0.196,9.929
-0.682,-0.361,9.817
-0.837,-0.596,9.893
-0.713,-0.644,9.939
-0.684,-0.569,9.853
-0.679,-0.412,9.927
-0.665,-0.601,9.9
-0.821,-0.459,9.898
-0.761,-0.522,9.879
-0.825,-0.644,10.061
-0.553,-0.23,9.934
-0.586,-0.172,9.81
-0.514,-0.414,10.015
-0.696,-0.512,9.889
-0.691,-0.622,9.927
-0.641,-0.498,10.044
-0.935,-0.282,10.212
-0.778,-0.591,9.972
-0.763,-0.632,10.025
-0.636,-0.426,9.941
-0.493,-0.615,9.853
-0.486,-0.608,9.934
-0.641,-0.84,9.652
-1.065,-0.565,9.924
-0.61,-0.445,9.929
-0.821,-0.828,9.879
-0.433,-1.081,9.951
-0.584,-0.61,9.805
-0.761,-0.447,9.958
-0.869,-0.61,9.944
-0.696,-0.983,9.668
-0.617,-0.677,9.786
-0.246,-0.479,9.53
-1.01,-0.361,10.369
-0.701,-0.22,9.996
-0.833,-0.505,9.877
-0.644,-0.557,9.776
0.002,-0.402,9.838
-0.77,-0.431,9.996
-0.955,-0.641,9.936
-0.627,-0.531,9.862
-0.615,-0.359,9.752
-0.713,-0.232,10.03
-0.84,-0.352,9.989
-1.069,-0.601,10.013
-0.88,-0.67,9.826
-0.811,-0.579,9.745
-0.5,-0.536,9.767
-0.718,-0.593,9.944
-0.691,-0.467,9.905
-0.83,-0.613,9.843
-0.718,-0.534,9.9
-0.598,-0.514,9.889
-0.593,-0.55,9.845
-0.553,-0.354,9.889
-0.675,-0.328,10.046
-0.861,-0.483,10.008
-0.589,-0.462,9.941
-0.651,-0.679,9.8
-0.541,-0.711,9.829
-0.624,-0.763,9.924
-0.624,-0.603,9.953
-0.691,-0.622,9.934
-0.249,-0.629,9.759
-0.177,-0.818,9.58
-0.897,-0.691,10.279
-0.39,-0.541,9.697
-0.708,-0.507,9.874
-0.711,-0.354,9.96
-0.708,-0.543,9.917
-0.617,-0.565,9.965
-0.605,-0.486,9.869
-0.651,-0.488,9.896
-0.639,-0.412,9.881
-0.691,-0.457,9.96
-0.77,-0.565,9.927
-0.512,-0.512,9.865
-0.493,-0.502,9.865
-0.644,-0.522,9.965
-0.866,-0.438,9.948
-0.579,-0.354,9.879
-0.701,-0.364,9.92
-0.61,-0.385,9.939
-0.656,-0.457,10.001
-0.555,-0.522,9.86
-1.122,-1.072,11.015
-0.876,-0.457,10.19
-0.39,-0.421,9.941
-0.378,-0.299,9.666
-0.691,-0.385,10.015
-0.608,-0.311,9.936
-0.55,-0.306,9.884
-0.591,-0.39,9.908
-0.696,-0.541,9.936
-0.656,-0.706,9.96
-0.462,-0.694,9.898
-0.596,-0.816,9.877
-0.498,-0.782,9.881
-0.536,-0.679,9.862
-0.708,-0.613,9.869
-0.62,-0.584,9.922
-0.546,-0.737,9.812
-0.383,-0.507,9.932
-0.507,-0.77,9.97
-0.51,-0.718,9.869
-0.577,-0.672,9.843
-0.239,-0.732,9.845
-0.567,-0.849,9.85
-0.713,-0.742,9.944
-0.871,-0.849,9.963
-0.696,-0.852,9.776
-0.498,-0.758,9.896
-0.708,-0.818,9.977
-0.727,-0.825,9.874
-0.589,-0.79,9.826
-0.634,-0.806,9.958
-0.842,-0.799,9.905
-0.775,-0.682,9.755
-0.687,-0.739,9.855
-0.727,-0.802,9.855
-0.751,-0.852,9.853
-0.677,-0.773,9.848
-0.866,-0.701,9.877
-0.682,-0.715,9.845
-0.756,-0.629,9.898
-0.462,-0.715,9.855
-0.787,-0.794,9.874
-0.67,-0.689,9.853
-0.677,-0.61,9.896
-0.651,-0.61,9.975
-0.718,-0.45,10.011
-0.481,-0.526,9.879
-0.581,-0.969,9.865
-0.648,-1.048,9.848
-0.627,-1.022,9.862
-0.742,-0.849,9.912
-0.591,-0.799,9.807
-0.706,-0.866,9.857
-0.696,-0.842,9.9
-0.768,-0.888,9.905
-0.711,-0.632,9.898
-0.644,-0.601,9.884
-0.694,-0.696,9.874
-0.682,-0.636,9.826
-0.601,-0.596,9.934
-0.818,-0.608,9.951
-0.713,-0.579,9.865
-0.72,-0.677,9.903
-0.744,-0.703,9.932
-0.586,-0.703,9.855
-0.672,-0.706,9.853
-0.72,-0.837,9.848
1.072,-1.129,9.819
-0.663,-1.105,10.671
-0.627,-0.888,9.86
-1.024,-0.857,9.802
0.139,-0.761,9.685
-0.818,-0.737,10.078
-0.737,-0.584,9.939
-0.861,-0.512,9.948
-0.191,-0.617,9.905
-1.098,-0.378,9.903
-0.603,-0.577,10.025
-0.852,-0.737,10.092
-0.732,-0.854,9.769
-0.538,-0.909,9.812
-0.775,-0.818,10.209
-0.739,-1.031,9.836
-0.624,-1.062,9.671
-0.864,-1.069,9.924
-0.924,-0.976,9.996
-0.718,-1.05,9.685
-0.605,-1.034,9.685
-0.761,-0.988,9.989
-0.658,-0.919,9.912
-0.888,-1.069,9.886
-0.742,-1.158,9.771
-0.782,-1.086,9.838
-0.835,-1.007,9.953
-0.749,-1.043,9.826
-0.727,-1.275,9.788
-0.744,-1.223,9.855
-0.739,-1.28,9.836
-0.739,-1.34,9.822
-0.77,-1.203,9.891
-0.825,-1.251,9.884
-0.79,-1.247,9.793
-0.861,-1.189,9.979
-0.885,-1.361,9.881
-0.727,-1.314,9.833
-0.751,-1.304,9.795
-0.766,-1.275,9.838
-0.792,-1.223,9.853
-0.854,-1.247,9.874
-0.715,-1.421,9.788
-0.73,-1.479,9.85
-0.809,-1.299,9.86
-0.79,-1.22,9.805
-0.799,-1.359,9.774
-0.77,-1.459,9.676
-0.904,-1.471,9.922
-0.809,-1.187,9.872
-0.955,-1.23,9.891
-0.723,-1.452,9.802
-0.768,-1.428,9.853
-0.739,-1.304,9.884
-0.732,-1.333,9.769
-0.756,-1.392,9.728
-0.849,-1.254,9.905
-0.94,-1.079,9.967
-0.916,-1.132,9.86
-0.802,-1.17,9.778
-0.809,-1.352,9.826
-0.72,-1.436,9.829
-0.761,-1.455,9.874
-0.732,-1.328,9.841
-0.83,-1.247,9.884
-0.825,-1.304,9.788
-0.79,-1.414,9.805
-0.84,-1.325,9.857
-0.758,-1.273,9.776
-0.873,-1.247,9.817
-0.782,-1.28,9.941
-0.878,-1.342,9.903
-0.809,-1.337,9.774
-0.694,-1.361,9.743
-0.775,-1.443,9.898
-0.694,-1.574,9.877
-0.732,-1.493,9.743
-0.763,-1.345,9.824
-0.931,-1.165,9.939
-1.022,-1.177,9.924
-1.096,-1.146,9.688
-0.723,-1.515,9.819
-1.096,-1.479,9.767
-0.694,-1.292,9.853
-0.897,-1.316,9.941
-0.758,-1.292,9.865
-0.842,-1.323,9.819
-0.821,-1.323,9.865
-0.909,-1.278,9.908
-0.873,-1.424,9.884
-0.857,-1.383,9.802
-0.823,-1.302,9.81
-0.866,-1.397,9.795
-0.746,-1.409,9.707
-0.799,-1.431,9.857
-0.78,-1.481,9.891
-0.797,-1.522,9.798
-0.871,-1.467,9.812
-0.835,-1.433,9.833
-0.847,-1.376,9.833
-0.746,-1.491,9.812
-0.802,-1.522,9.802
-0.876,-1.531,9.767
-0.782,-1.553,9.817
-0.613,-1.651,9.745
-0.976,-1.756,9.826
-0.617,-1.17,9.91
-0.912,-1.208,9.939
-1.223,-1.172,9.924
-0.926,-1.397,9.836
-0.842,-1.601,9.719
-0.845,-1.572,9.905
-0.768,-1.639,9.774
-0.859,-1.601,9.764
-0.935,-1.538,9.857
-0.833,-1.431,9.814
-0.806,-1.443,9.769
-0.847,-1.414,9.946
-0.854,-1.632,9.833
-0.959,-1.658,9.759
-0.89,-1.613,9.719
-0.845,-1.586,9.743
-0.914,-1.438,9.802
-0.947,-1.443,9.879
-0.921,-1.629,9.833
-0.768,-1.938,9.685
-0.964,-1.763,9.767
-0.845,-1.534,9.817
-0.902,-1.311,9.845
-1.45,-1.823,9.936
-1.038,-1.625,9.774
-0.854,-1.737,9.81
-0.888,-0.818,9.822
-0.967,-1.287,9.836
-0.991,-1.103,9.893
-1.036,-1.23,9.924
-1.048,-1.314,9.948
-0.847,-1.625,9.731
-0.902,-1.605,9.778
-0.852,-1.696,9.807
-0.888,-1.605,9.764
-0.962,-1.615,9.762
-0.962,-1.515,9.824
-0.993,-1.543,9.845
-1.024,-1.558,9.853
-0.909,-1.546,9.656
-0.947,-1.476,9.764
-0.998,-1.481,9.886
-0.926,-1.534,9.793
-0.842,-1.675,9.74
-0.828,-1.653,9.862
-0.89,-1.581,9.81
-0.768,-1.593,9.625
-1.005,-1.692,9.762
-0.955,-1.648,9.795
-1.012,-1.479,9.795
-0.979,-1.515,9.817
-1.055,-1.625,9.8
-1.043,-1.632,9.776
-0.959,-1.495,9.841
-1.017,-1.481,9.934
-0.988,-1.634,9.802
-1.026,-1.651,9.704
-0.979,-1.732,9.697
-0.952,-1.761,9.769
-0.94,-1.639,9.747
-0.955,-1.409,9.802
-1.06,-1.39,9.841
-1.232,-1.426,9.274
-1.335,-1.766,9.944
-0.84,-1.479,9.534
-0.995,-1.565,9.805
-1.069,-1.534,9.805
-1.086,-1.476,9.905
-1.093,-1.603,9.872
-1.115,-1.4,9.79
-1.055,-1.428,9.721
-1.215,-1.524,9.812
-0.861,-1.704,9.714
-1.093,-1.749,9.836
-1.022,-1.682,9.673
-0.991,-1.672,9.738
-1.022,-1.622,9.843
-1.065,-1.493,9.764
-1.0,-1.601,9.817
-0.914,-1.665,9.661
-0.964,-1.574,9.822
-1.069,-1.613,9.855
-0.986,-1.68,9.822
-1.036,-1.73,9.845
-0.938,-1.768,9.654
-1.05,-1.78,9.733
-1.084,-1.672,9.865
-1.024,-1.644,9.85
-1.11,-1.498,9.826
-1.048,-1.507,9.75
-0.983,-1.687,9.805
-0.928,-1.67,9.819
-1.026,-1.572,9.814
-1.048,-1.438,9.79
-1.06,-1.424,9.783
-0.993,-1.467,9.781
-1.096,-1.491,9.857
-1.127,-1.457,9.848
-1.017,-1.479,9.728
-1.053,-1.517,9.874
-1.158,-1.495,9.831
-1.014,-1.596,9.778
-1.122,-1.869,9.75
-1.024,-1.895,9.656
-1.062,-1.749,9.747
-1.046,-1.56,9.755
-1.18,-1.39,9.886
-1.163,-1.436,9.848
-0.998,-1.577,9.762
-1.402,-2.732,8.831
-1.29,-2.067,9.79
-0.457,-1.663,9.807
-1.165,-1.436,9.977
-1.105,-1.529,9.812
-1.007,-1.833,9.874
-1.27,-1.261,9.788
-1.223,-0.605,9.728
-2.165,-2.395,10.36
-0.471,-1.914,9.747
-0.945,-1.871,9.721
-0.912,-1.955,9.637
-1.199,-2.149,9.716
-0.782,-2.359,9.747
-1.036,-1.912,9.776
-1.038,-1.904,9.661
-0.95,-1.94,9.664
-1.139,-1.955,9.74
-1.115,-1.725,9.872
-0.976,-1.555,9.824
-0.79,-1.426,9.798
-1.235,-1.629,9.824
-1.177,-2.015,9.64
-0.869,-1.964,9.611
-1.299,-1.677,9.685
-0.546,-1.519,9.676
-1.364,-2.029,9.743
-1.366,-1.591,9.738
-1.474,-1.412,9.891
-0.895,-2.464,9.621
-1.61,-2.567,9.714
-1.627,-2.103,9.549
-1.321,-1.845,9.592
-1.431,-1.258,9.872
-0.806,-1.754,9.838
-1.237,-1.828,9.755
-1.708,-1.751,9.527
-1.105,-1.711,9.884
-1.445,-1.404,9.819
-1.182,-2.029,9.874
-1.151,-1.895,9.826
-1.503,-1.416,9.676
-1.392,-1.192,9.7
-1.273,-1.548,9.829
-1.05,-1.515,9.776
-1.345,-1.562,9.738
-1.189,-1.347,9.611
-1.026,-1.84,9.692
-1.122,-1.577,9.728
-1.17,-1.115,9.841
-0.909,-1.273,10.061
-1.464,-1.983,9.367
-1.242,-1.835,9.745
-1.065,-1.476,9.707
-1.175,-1.622,9.886
-1.29,-1.39,9.767
-1.388,-1.273,9.652
-0.821,-1.988,9.941
-1.148,-1.165,9.999
-1.196,-1.66,9.465
-1.302,-1.531,9.934
-0.598,-1.438,9.845
0.105,-1.907,9.786
-1.402,-1.68,9.644
-1.251,-1.627,9.709
-0.524,-1.589,9.829
-1.012,-2.027,9.747
-1.101,-1.732,9.716
-0.01,-1.742,9.826
-1.754,-1.381,9.661
-1.196,-1.206,9.755
-1.342,-1.842,10.121
-1.208,-1.158,10.054
-1.613,-1.751,9.719
-1.419,-1.811,9.609
-1.443,-1.491,9.759
-0.921,-0.727,9.946
-1.546,-1.215,9.951
-0.672,-0.629,9.915
-1.428,-0.988,9.92
-0.859,-1.72,9.463
-0.572,-1.687,9.738
-0.443,-1.682,9.759
-1.381,-1.629,9.573
-0.718,-1.605,9.944
0.373,-0.479,10.257
-0.072,-0.414,9.97
-1.345,-1.5,9.544
-0.995,-1.464,10.274
-0.421,-1.428,9.877
0.624,-1.227,9.778
-0.34,-1.962,9.644
-0.72,-2.711,9.577
-0.182,-2.763,9.64
0.388,-2.017,9.491
0.49,-1.687,9.709
0.105,-1.687,9.879
0.019,-1.794,9.606
0.084,-1.601,9.31
0.237,-1.799,10.286
0.194,-1.761,9.573
-0.981,-1.455,9.534
-0.378,-3.302,9.613
0.22,-2.395,9.561
-0.191,-1.907,9.872
0.562,-0.72,9.879
-0.175,-1.115,10.025
-0.184,-1.017,9.912
-0.347,-0.988,9.86
-0.299,-1.081,9.891
-1.261,0.002,10.355
0.148,-0.94,9.721
-0.258,-0.249,9.948
-0.931,-1.634,9.944
-0.646,-1.199,9.814
-0.316,-1.141,9.807
-0.543,-1.495,9.812
-0.639,-0.919,9.958
-0.77,-1.129,10.011
-0.821,-0.878,9.865
-0.991,-0.847,10.006
-0.974,-0.928,10.034
-0.739,-0.912,9.924
-0.725,-0.935,9.908
-0.794,-0.945,9.908
-0.871,-0.909,9.917
-0.947,-0.962,9.927
-0.648,-0.806,9.929
-0.677,-0.916,9.822
-0.799,-0.976,9.924
-0.94,-0.892,9.958
-0.912,-0.845,9.893
-0.723,-0.701,9.898
-0.67,-0.802,9.86
-0.835,-1.017,9.929
-0.854,-0.95,9.967
-0.799,-0.883,9.829
-0.742,-0.89,9.908
-0.701,-0.907,9.881
-0.718,-1.05,9.939
-0.907,-1.046,9.951
-0.677,-0.849,9.886
-0.78,-0.835,9.934
-0.684,-0.787,9.944
-0.591,-0.842,9.822
-0.77,-0.907,9.836
-0.766,-0.742,9.972
-0.691,-0.773,9.85
-0.823,-0.679,9.819
-0.768,-0.675,9.912
-0.658,-0.55,9.915
-0.605,-0.574,9.984
-0.579,-0.634,9.948
-0.689,-0.663,9.855
-0.72,-0.567,9.8
-0.684,-0.574,9.91
-0.603,-0.608,9.898
-0.787,-0.682,9.922
-0.754,-0.696,9.833
-0.615,-0.627,9.884
-0.665,-0.538,9.975
-0.67,-0.603,9.946
-0.758,-0.682,9.934
-0.565,-0.579,9.833
-0.548,-0.488,9.822
-0.55,-0.392,9.941
-0.33,-0.364,10.042
-0.301,-0.421,9.872
-0.725,-0.538,9.905
-0.878,-0.364,9.948
-0.969,-0.479,9.927
-0.553,-0.4,9.822
-0.388,-0.455,9.817
-0.589,-0.613,9.896
-0.732,-0.672,9.941
-0.601,-0.548,9.989
-0.495,-0.557,9.886
-0.536,-0.675,9.896
-0.663,-0.679,9.884
-0.636,-0.577,9.915
-0.596,-0.534,9.924
-0.445,-0.555,9.886
-0.548,-0.579,9.941
-0.414,-0.512,9.778
-0.402,-0.464,9.817
-0.605,-0.471,9.91
-0.613,-0.502,9.989
-0.562,-0.433,9.896
-0.567,-0.354,9.869
-0.498,-0.433,9.941
-0.569,-0.455,9.953
-0.577,-0.455,9.934
-0.522,-0.45,9.75
-0.538,-0.433,9.774
-0.49,-0.51,9.929
-0.488,-0.598,9.934
-0.593,-0.565,9.829
-0.589,-0.593,9.857
-0.567,-0.55,9.956
-0.407,-0.624,9.9
-0.679,-0.627,9.929
-0.615,-0.591,9.896
-0.447,-0.5,9.879
-0.306,-0.416,9.707
-0.409,-0.476,9.874
-0.66,-0.603,10.03
-0.694,-0.557,9.999
-0.553,-0.483,9.85
-0.452,-0.517,9.786
-0.385,-0.591,9.817
-0.569,-0.749,9.874
-0.553,-0.601,9.86
-0.423,-0.522,9.924
-0.519,-0.572,9.963
-0.474,-0.517,9.867
-0.45,-0.555,9.872
-0.409,-0.557,9.874
-0.323,-0.687,9.958
-0.012,-0.313,11.587
-1.05,2.464,10.46
0.213,-8.659,13.702
-0.529,1.05,10.295
-0.316,-0.935,9.872
-0.457,-0.84,9.874
-0.438,-0.703,9.795
-0.373,-0.646,9.817
-0.215,-0.672,9.886
-0.392,-0.699,9.929
-0.428,-0.636,9.862
-0.455,-0.546,10.001
-0.373,-0.617,9.848
-0.124,-0.574,9.85
-0.412,-0.708,9.932
-0.431,-0.601,9.824
-0.553,-0.672,10.049
-0.325,-0.67,10.013
-0.077,-0.711,9.755
-0.124,-0.694,9.889
-0.385,-0.617,10.068
-0.435,-0.651,9.886
-0.371,-0.598,9.661
-0.112,-0.526,9.79
-0.409,-0.581,10.044
-0.234,-0.634,9.867
-0.089,-0.744,9.659
-0.567,-0.385,9.977
-0.445,-0.306,10.068
-0.524,-0.584,9.723
-0.462,-0.423,9.666
-0.062,-0.452,10.106
-0.586,-1.4,3.543
-0.337,-0.701,10.171
-0.682,-0.656,9.783
0.05,-1.373,9.31
-0.407,-1.053,9.819
-0.459,-0.778,9.958
-1.053,-0.67,9.867
-0.943,-0.624,9.726
-0.964,-0.66,9.673
-0.416,-0.735,10.006
0.11,-0.871,9.92
-0.569,-0.938,9.778
-1.019,-0.869,8.754
-0.017,-1.665,10.357
-1.153,-0.785,9.958
-0.423,-1.01,9.668
-0.737,-1.579,9.623
-0.636,-1.306,9.637
-0.823,-1.038,9.972
-0.404,-1.091,9.86
-0.522,-1.285,9.774
-0.802,-1.072,9.728
-0.857,-0.869,9.819
-0.708,-0.782,9.872
-0.593,-0.878,9.917
-0.366,-0.823,9.774
-0.797,-0.921,9.793
-0.651,-0.835,9.857
-0.935,-0.912,9.874
-0.873,-1.01,9.865
-0.974,-0.933,9.848
-0.603,-0.912,9.826
-0.818,-1.041,9.817
-0.921,-1.208,9.798
-0.828,-1.146,9.829
-0.799,-1.036,9.989
-0.77,-0.811,9.778
-0.634,-1.002,9.8
-0.675,-1.187,9.932
-0.854,-1.079,9.924
-0.811,-1.058,9.795
-0.517,-0.981,9.685
-0.727,-0.979,9.841
-0.546,-1.103,9.826
-0.962,-1.16,9.855
-1.022,-1.055,9.819
-0.873,-1.014,9.86
-0.732,-0.983,9.833
-0.715,-1.007,9.896
-0.706,-1.084,9.848
-0.921,-1.261,9.752
-0.852,-1.261,9.776
-0.749,-1.165,9.819
-0.95,-1.201,9.786
-0.864,-1.165,9.697
-0.84,-1.175,9.814
-0.711,-1.177,9.865
-0.194,-1.16,9.857
-0.651,-0.94,9.9
-0.151,0.486,10.209
-0.589,-0.364,10.128
-0.311,-1.012,9.611
-0.555,-0.61,9.991
-0.656,-0.617,9.812
-0.897,-0.703,9.733
-0.459,-0.526,9.893
-0.412,-0.773,10.001
-0.634,-0.935,9.927
-0.83,-0.83,9.721
-0.536,-1.043,9.845
-0.356,-1.029,9.884
-0.526,-1.055,9.917
-0.802,-1.024,9.817
-0.591,-1.127,9.778
-0.536,-1.203,9.829
-0.739,-1.203,9.743
-0.402,-1.053,9.869
-0.658,-0.976,9.855
-0.653,-0.869,9.769
-0.522,-1.005,9.838
-0.679,-0.947,9.877
-0.565,-0.668,9.833
-0.474,-0.694,9.843
-0.701,-0.089,10.202
-0.804,-0.246,10.063
-0.345,-0.648,9.747
-0.041,-0.778,9.853
-0.804,-0.67,9.984
-0.548,-0.904,9.869
-0.651,-0.895,9.781
-0.349,-0.857,9.889
-0.502,-0.895,9.814
-0.562,-0.816,9.716
-0.761,-0.9,9.915
-0.517,-0.794,9.912
-0.684,-0.79,9.9
-0.806,-0.778,9.872
-0.737,-0.775,9.819
-0.809,-0.696,9.833
-0.617,-0.658,9.908
-0.546,-0.627,9.802
-0.62,-0.601,9.881
-0.531,-0.679,9.979
-0.969,-0.677,9.893
-0.653,-0.699,9.86
-0.471,-0.672,9.721
-0.507,-0.648,9.872
-0.613,-0.758,9.989
-0.67,-0.708,9.8
-0.687,-0.675,9.79
-0.579,-0.589,9.853
-0.529,-0.622,9.917
-0.462,-0.656,9.769
-0.627,-0.656,9.817
-0.785,-0.476,9.96
-0.591,-0.383,9.912
-0.471,-0.505,9.755
-0.23,-0.452,9.781
-0.754,-0.395,9.824
-0.79,-0.402,9.867
-0.991,-0.423,9.96
-0.479,-0.139,10.252
-0.651,-0.383,9.755
-0.567,-0.498,9.822
-0.481,-0.699,9.85
-0.632,-0.414,9.85
-0.404,-0.51,9.81
-0.51,-0.596,9.862
-0.414,-0.536,9.822
-0.39,-0.639,9.826
-1.077,-0.763,9.929
-0.668,-0.601,9.843
-0.794,-0.45,9.896
-1.108,-0.421,9.982
-0.749,-0.383,9.659
-0.67,-0.531,9.652
-0.596,-0.553,9.826
-0.718,-0.577,9.857
-0.677,-0.751,9.889
-0.94,-0.703,9.903
-0.641,-0.818,9.948
-0.732,-0.983,9.953
-0.675,-1.024,9.594
-0.924,-1.093,9.788
-0.945,-1.012,9.915
-0.952,-1.046,10.202
-1.014,-1.125,9.487
-0.684,-1.158,9.594
-1.053,-0.931,10.075
-0.859,-0.634,10.13
-0.799,-0.802,9.408
-0.534,-1.132,9.719
-0.849,-0.916,10.025
-0.969,-0.701,10.092
-1.01,-0.622,10.183
-0.799,-0.677,9.254
-1.469,-0.931,9.865
-0.84,-2.206,8.228
-1.316,-1.383,10.523
-1.352,-1.227,9.554
-1.012,-1.225,9.865
-0.663,-1.194,9.81
-0.766,-0.577,10.099
-0.677,-0.88,9.35
-1.28,-0.859,9.934
-1.136,-1.227,10.061
-1.211,-1.17,9.743
-1.065,-1.203,9.271
-1.275,-1.469,9.841
-1.33,-1.57,10.116
-1.026,-1.151,9.628
-0.723,-1.225,9.518
-0.639,-1.455,9.697
-0.818,-1.469,9.814
-1.093,-1.866,9.838
-0.986,-1.876,9.446
-0.94,-1.893,9.606
-1.0,-1.55,10.046
-1.058,-1.378,9.967
-0.967,-1.888,9.065
-2.321,-2.101,9.836
-1.371,-1.534,9.891
-1.034,-1.632,9.819
-0.555,-1.751,9.101
-0.802,-2.606,9.534
-0.947,-2.28,9.927
-0.869,-1.603,10.152
-1.235,-1.766,9.312
-1.232,-2.603,9.365
-1.058,-2.345,9.817
-1.148,-2.393,9.822
-1.055,-2.306,9.539
-1.024,-2.543,9.494
-0.842,-2.536,9.568
-0.935,-2.137,9.798
-0.861,-2.098,9.845
-0.907,-2.244,9.594
-0.83,-2.488,9.573
-0.919,-2.419,9.735
-0.983,-2.29,9.661
-1.069,-2.268,9.695
-0.892,-2.428,9.436
-0.67,-2.582,9.546
-0.646,-2.378,9.618
-0.694,-2.285,9.743
-0.557,-2.273,9.465
-0.919,-2.347,9.745
-0.904,-2.254,9.726
-0.916,-2.261,9.554
-0.598,-2.204,9.621
0.39,-0.708,10.18
-1.17,-1.644,9.75
-0.282,-2.067,9.731
-0.916,-3.579,9.546
-0.677,-2.407,9.441
-0.426,-1.483,9.716
-0.574,-2.23,9.728
-0.699,-2.187,9.563
-0.723,-1.95,9.721
-0.703,-2.158,9.755
-0.852,-2.153,9.599
-0.845,-2.189,9.735
-0.684,-2.034,9.688
-0.823,-2.141,9.676
-0.84,-2.094,9.776
-0.77,-2.16,9.652
-0.818,-2.115,9.58
-0.562,-2.007,9.726
-0.679,-2.022,9.656
-0.909,-1.883,9.683
-0.959,-2.034,9.738
-0.883,-1.933,9.609
-1.031,-2.067,9.721
-1.036,-2.041,9.664
-0.852,-2.105,9.692
-0.778,-2.065,9.606
-1.007,-2.11,9.613
-1.12,-2.108,9.788
-0.857,-2.168,9.561
-0.804,-2.125,9.719
-1.029,-2.094,9.52
-0.943,-2.371,9.496
-0.622,-1.945,9.74
-0.691,-1.608,9.829
-0.914,-1.797,9.575
-0.593,-0.598,9.951
-0.892,-1.751,10.001
-0.974,-1.816,9.702
-1.062,-1.9,9.644
-0.967,-2.06,9.537
-0.837,-1.646,9.771
-0.775,-1.579,9.879
-1.012,-1.541,9.905
-0.79,-1.842,9.702
-0.663,-1.928,9.628
-0.577,-1.838,9.767
-0.842,-1.711,9.767
-1.062,-1.928,9.776
-0.957,-2.048,9.635
-0.799,-1.962,9.656
-0.787,-1.787,9.757
-1.041,-2.06,9.75
-0.804,-1.96,9.728
-0.388,-1.371,9.774
-0.763,-1.321,9.853
-0.924,-1.682,9.812
-0.703,-1.62,9.812
-0.794,-1.656,9.726
-0.845,-1.467,9.826
-0.72,-1.476,9.69
-0.701,-1.325,9.822
-0.62,-1.44,9.802
-0.701,-1.22,9.865
-0.703,-1.225,9.833
-0.77,-1.125,9.795
-0.708,-1.29,9.833
-0.613,-1.211,9.9
-0.656,-1.328,9.817
-0.83,-1.148,9.824
-1.002,-1.62,9.68
-1.352,-2.287,9.642
-0.629,-0.943,9.307
-0.502,-0.919,9.855
-0.792,-1.426,9.812
-0.811,-1.861,9.738
-0.605,-1.565,9.723
-0.976,-1.34,9.865
-1.897,-3.637,8.745
-0.792,-1.354,9.774
-0.778,-1.581,9.444
-0.354,-1.591,9.755
-0.529,-1.206,9.819
-0.641,-1.476,9.781
-0.488,-1.522,9.783
-0.876,-1.553,9.824
-0.871,-1.536,9.704
-0.857,-1.273,9.886
-0.888,-1.581,9.743
-0.079,-1.481,10.128
-0.921,-1.653,9.719
-0.794,-1.55,9.659
-0.787,-1.371,9.75
-0.601,-1.23,9.991
-0.866,-1.062,9.869
-0.541,-1.163,9.716
-0.364,-1.18,9.771
-0.811,-1.278,9.755
-0.426,-2.565,9.082
-1.151,-1.062,9.91
-0.869,-1.06,9.793
-0.864,-1.136,9.972
-0.103,-1.388,9.659
-0.761,-1.416,9.879
-0.907,-1.395,9.783
-0.964,-0.809,9.977
-0.641,-1.251,9.506
-0.737,-1.414,9.898
-0.699,-1.163,10.219
-1.058,-0.502,9.953
-0.926,-0.895,9.723
-0.821,-1.684,9.623
-0.665,-1.101,9.872
-0.624,-0.526,9.991
-0.797,-0.629,9.831
-0.548,-1.378,10.111
-0.955,-0.194,10.451
-0.998,-0.699,9.889
-0.423,-1.658,9.767
-0.813,-2.218,9.343
-0.572,-1.122,9.656
-0.412,-0.773,9.975
-0.735,-0.794,9.934
-0.955,-1.134,9.896
-0.737,-1.742,9.889
-0.593,-2.058,9.154
-0.423,-0.976,10.111
-0.318,-1.325,8.989
-0.653,-0.005,10.037
-0.907,-1.208,9.807
-0.861,-1.818,9.623
-0.837,-1.297,9.642
-0.756,-0.83,9.771
-0.809,-0.613,10.212
-1.125,-1.225,9.781
-0.916,-0.969,9.853
-0.974,-1.055,9.865
-0.809,-1.218,9.683
-0.744,-1.522,9.824
-1.069,-1.524,9.755
-1.0,-0.907,9.872
-0.641,-0.9,9.819
-0.933,-1.579,9.678
-0.847,-1.653,9.647
-1.153,-1.354,9.991
-0.904,-0.845,9.774
-0.766,-1.438,9.594
-1.007,-1.132,9.924
-0.811,-0.981,9.826
-0.687,-0.88,9.762
-0.88,-1.168,9.812
-1.0,-1.44,9.745
-1.254,-0.723,9.936
-0.94,-0.979,9.924
-0.845,-1.048,9.805
-1.189,-0.943,9.836
-0.627,-1.395,9.647
-0.632,-1.407,9.759
-0.735,-1.239,9.86
-1.105,-1.201,9.814
-1.79,-2.885,8.855
-1.127,-1.29,9.956
-0.567,-1.278,9.609
-0.802,-1.613,9.745
-0.873,-1.242,9.738
-0.754,-1.053,9.848
-0.83,-1.048,9.877
-0.818,-1.249,9.881
-0.694,-1.285,9.606
-2.29,-3.271,9.266
-1.68,-1.215,9.989
-0.739,-1.046,9.8
-0.943,-1.318,9.838
-0.77,-1.821,9.594
-0.782,-1.388,9.63
-0.842,-1.325,9.893
-1.086,-1.034,9.886
-0.897,-1.184,9.793
-0.792,-1.625,9.668
-0.495,-0.735,10.396
-1.014,-0.938,9.771
-0.995,-0.761,9.896
-0.873,-1.45,9.829
-0.715,-1.833,9.611
-0.668,-1.28,9.664
-1.086,-1.022,9.936
-0.813,-1.036,9.939
-0.945,-1.172,9.833
-2.488,-1.916,9.776
-1.081,-1.266,9.927
-0.773,-1.199,9.68
-1.041,-1.084,9.963
-1.258,-0.83,9.843
-0.909,-1.05,9.716
-0.981,-1.378,9.903
-0.94,-1.383,9.793
-0.727,-1.117,9.757
-1.017,-1.314,9.676
-1.005,-1.215,9.85
-0.986,-1.098,9.833
-1.012,-1.232,9.683
-0.864,-1.495,9.857
-0.627,-1.438,9.709
-1.029,-1.206,9.819
-1.129,-1.462,9.747
-0.971,-1.036,9.819
-0.907,-1.44,9.709
-0.883,-1.263,9.726
-0.926,-1.168,9.781
-1.113,-1.151,9.798
-3.216,-0.328,8.374
-1.455,-0.691,10.133
-1.244,-0.727,9.759
