-0.416,-0.395,10.173
-0.431,-0.703,10.008
-0.761,-1.11,9.886
-0.342,-1.074,9.783
-0.44,-0.912,10.082
-0.227,-0.778,9.975
-0.258,-0.746,10.049
-0.311,-0.811,10.07
-0.28,-0.672,10.027
-0.443,-0.557,10.056
-0.541,-0.536,10.085
-0.546,-0.653,10.078
-0.524,-0.677,10.073
-0.407,-0.483,9.984
-0.294,-0.268,10.049
-0.323,-0.244,10.094
-1.017,-0.66,9.554
-0.629,-0.581,10.13
-0.416,-0.5,9.984
-0.304,-0.34,9.951
-0.538,-0.062,10.192
-0.256,-0.354,10.283
-0.45,-0.223,10.137
-0.517,-0.022,10.094
-0.706,0.227,10.149
-0.83,-0.761,10.121
-0.33,-0.49,10.03
-0.378,-0.438,10.025
-0.538,0.074,10.051
-0.356,-0.663,10.075
-0.627,-0.44,10.111
-0.345,-0.409,9.9
-0.735,-0.84,9.922
-0.9,-0.534,10.116
-0.5,-0.433,10.231
-0.203,-0.246,10.006
-1.077,-0.239,9.965
-0.455,-0.677,9.953
-0.479,0.093,10.159
-1.048,-0.223,9.958
-1.046,-0.821,10.14
-0.017,-0.467,10.106
-0.081,-0.763,10.042
-0.428,-0.467,9.79
-0.584,-0.507,10.125
-0.646,-0.373,10.125
-0.746,-0.287,10.2
-0.493,-0.419,10.111
-0.28,-0.818,10.097
-0.352,-0.567,9.982
-0.407,-0.282,10.013
-0.778,-0.349,10.156
-0.364,-0.273,9.833
-0.459,-0.203,10.085
-0.467,-0.27,10.025
-0.483,-0.361,10.152
-0.593,-0.215,10.034
-0.603,-0.175,9.912
-0.311,-0.144,10.018
-0.471,-0.134,9.977
-0.589,-0.254,10.104
-0.273,-0.22,10.063
-0.522,-0.165,10.099
-0.342,-0.127,10.034
-0.299,-0.01,10.116
-0.502,-0.175,10.058
-0.455,-0.045,10.09
-0.479,-0.134,10.106
-0.534,-0.199,10.101
-0.445,-0.045,10.094
-0.423,-0.014,10.099
-0.251,-0.158,10.073
-0.416,-0.258,10.015
-0.378,-0.203,10.049
-0.256,-0.416,10.023
-0.601,-0.347,10.066
-0.476,-0.134,10.042
-0.223,-0.22,10.068
-0.127,-0.27,9.996
-0.359,-0.232,9.965
-0.514,0.022,10.087
-0.651,-0.16,10.235
-0.529,-0.242,10.25
-0.313,-0.438,10.104
-0.103,-0.5,9.994
-0.263,-0.325,9.934
-0.242,-0.067,9.908
-0.33,-0.1,10.173
-0.17,-0.06,10.133
-0.074,-0.129,10.015
-0.201,-0.108,10.025
-0.175,-0.033,10.015
-0.347,0.134,10.042
-0.404,0.108,10.145
-0.23,-0.225,10.092
-0.321,-0.266,10.106
-0.555,-0.407,10.18
-0.065,-0.146,10.008
0.364,0.007,9.927
-0.029,-0.108,10.018
-0.167,-0.313,10.092
0.026,-0.026,10.07
0.146,0.129,10.113
0.067,0.251,10.097
0.093,0.115,10.07
-0.165,-0.514,9.987
-0.505,-0.232,10.152
-0.103,-0.158,10.116
0.301,0.057,10.128
0.184,0.22,10.027
0.234,-0.029,10.015
-0.514,-0.27,10.176
-0.12,-0.112,10.07
0.55,0.306,10.161
0.538,0.23,10.106
0.246,0.438,10.125
0.086,0.246,9.956
-0.026,0.364,10.006
0.1,-0.026,10.166
0.354,-0.055,10.192
0.409,0.079,9.96
0.325,0.244,9.778
0.39,0.158,9.96
0.505,0.208,10.068
0.211,0.187,9.951
0.172,0.955,10.18
-0.029,0.414,10.31
0.091,0.141,10.245
0.668,0.301,9.853
0.27,0.122,9.874
-1.287,-0.05,10.338
-1.194,0.134,10.417
-0.345,0.28,10.463
-1.019,0.048,10.099
-0.098,-0.122,9.747
0.122,0.055,9.996
0.179,-0.122,10.082
-0.065,-0.371,9.9
-0.629,-0.321,9.951
-0.189,0.22,10.023
-0.742,0.282,10.166
-0.146,0.089,10.042
-0.151,0.23,10.106
-0.268,-0.11,9.996
-0.337,-0.072,9.855
0.043,0.196,10.008
-0.246,0.378,10.228
-0.187,0.098,10.156
0.048,-0.22,9.972
-0.122,0.263,9.929
-0.179,0.562,9.589
-0.014,0.388,10.109
-0.141,-0.177,10.212
-0.287,0.278,10.171
0.335,0.486,10.037
0.153,0.49,9.927
0.177,0.548,9.92
0.156,0.88,10.121
0.699,0.541,9.977
0.507,0.397,9.726
-2.596,-0.378,10.36
-2.184,-0.701,10.145
-1.302,0.921,10.434
0.022,1.971,10.958
-0.632,-1.692,9.566
0.199,0.617,9.91
-0.782,-0.081,9.946
-0.426,-0.278,9.991
-0.05,-0.017,10.032
0.074,-0.026,9.972
0.419,0.634,9.855
-1.443,-0.014,9.965
-0.708,-0.108,10.051
-0.392,0.129,10.233
-0.39,0.345,10.283
-0.323,-0.048,9.872
-0.974,0.5,10.094
-0.703,0.134,10.202
-0.065,-0.067,10.161
-0.273,0.084,10.123
-0.098,-0.12,9.951
0.048,-0.043,10.011
-0.524,-0.579,9.989
-0.378,-0.323,10.003
0.062,-0.067,9.905
-0.378,-0.01,9.991
-0.033,-0.285,9.987
-0.11,-0.423,10.099
-0.395,-0.543,10.123
-0.313,-0.598,10.042
-0.34,-0.474,9.994
-0.428,-0.474,10.109
-0.345,-0.455,10.056
-0.467,-0.325,10.058
-0.27,-0.34,10.013
-0.495,-0.156,10.135
-0.16,-0.263,10.056
-0.187,-0.041,9.963
1.11,0.581,9.537
-2.223,-0.522,10.085
-1.562,-0.641,10.783
-0.457,-0.744,10.2
-0.651,-0.385,9.884
-0.383,-0.414,9.886
0.002,-0.158,10.042
-0.464,-0.223,10.125
-0.218,-0.189,10.09
-0.122,-0.342,9.979
-0.098,-0.392,9.965
0.1,-0.33,9.857
-0.232,-0.294,10.006
-0.196,-0.342,9.97
-0.311,-0.385,10.073
-0.376,-0.603,10.034
-0.297,-0.474,10.066
-0.356,-0.481,10.075
-0.342,-0.414,10.075
-0.462,-0.373,10.054
-0.39,-0.696,9.951
-0.189,-0.526,10.068
-0.311,-0.122,10.178
-0.443,-0.617,10.003
-0.433,-0.342,9.96
-0.316,-0.847,9.891
-0.261,-0.598,10.094
-0.421,-0.574,10.128
-0.412,-0.404,10.003
-0.115,-0.282,9.941
-0.309,-0.368,10.039
-0.239,-0.378,10.118
-0.23,-0.498,10.082
-0.435,-0.455,10.008
-0.254,-0.476,9.948
-0.151,-0.337,10.008
-0.34,-0.404,10.034
-0.297,-0.38,9.975
-0.299,-0.256,10.133
-0.366,-0.366,10.018
-0.409,-0.342,9.979
-0.273,-0.232,10.085
-0.342,-0.239,9.996
-0.112,-0.158,9.956
-0.158,-0.105,9.987
-0.416,-0.256,9.994
-0.557,-0.266,10.104
-0.663,-0.459,10.094
0.199,-2.285,9.161
-0.045,0.847,10.46
-1.146,-0.347,10.185
-0.407,-0.431,9.886
-0.469,-0.278,10.128
-0.282,-0.656,10.118
-0.371,-0.452,9.917
-0.361,-0.29,9.987
-0.309,-0.266,10.135
-0.297,-0.261,9.994
-0.136,-0.459,9.96
-0.299,-0.66,9.979
-0.237,-0.632,9.967
-0.201,-0.546,9.972
-0.261,-0.488,10.02
-0.22,-0.445,10.07
-0.234,-0.29,9.996
-0.435,-0.414,10.054
-0.352,-0.536,10.02
-0.359,-0.636,10.018
-0.335,-0.507,10.063
-0.423,-0.534,10.054
-0.385,-0.557,10.08
-0.39,-0.534,10.027
-0.337,-0.488,10.001
-0.335,-0.534,10.051
-0.366,-0.565,10.042
-0.306,-0.5,10.085
-0.38,-0.656,10.018
-0.335,-0.517,10.03
-0.333,-0.541,9.989
-0.321,-0.488,10.011
-0.368,-0.433,10.015
-0.402,-0.603,10.063
-0.378,-0.505,9.972
-0.354,-0.524,10.046
-0.388,-0.33,10.054
-0.345,-0.38,10.066
-0.421,-0.433,10.013
-0.321,-0.333,10.023
-0.361,-0.144,10.02
-0.311,-0.304,10.094
-0.345,-0.268,10.128
-0.373,-0.139,10.099
-0.421,-0.433,10.013
-0.366,-0.409,10.008
-0.416,-0.366,9.977
-0.397,-0.316,9.994
-0.366,-0.232,10.121
-0.433,-0.175,10.104
-0.479,-0.218,10.03
-0.385,-0.191,10.111
-0.278,-0.273,10.073
-0.345,-0.352,9.946
-0.407,-0.285,10.013
-1.069,-0.007,10.283
-1.29,-1.952,8.642
0.203,0.019,10.259
-0.297,-0.249,10.228
-0.668,-0.847,9.829
0.007,-0.536,9.778
-0.249,-0.223,10.142
-0.44,-0.333,10.123
-0.249,-0.435,10.046
-0.167,-0.577,10.025
-0.249,-0.639,9.958
-0.153,-0.541,9.939
-0.294,-0.526,10.018
-0.28,-0.51,10.094
-0.182,-0.412,10.039
-0.313,-0.617,10.054
-0.287,-0.593,9.989
-0.199,-0.589,9.96
-0.285,-0.464,10.049
-0.364,-0.419,10.111
0.007,-0.177,9.872
-0.196,-0.251,10.054
-0.342,-0.301,10.123
-0.481,-0.44,9.991
-0.914,-0.869,10.02
-0.428,-0.397,10.025
-0.433,-0.234,9.991
-0.526,-0.112,10.104
-0.751,-0.285,10.116
-0.471,-0.423,10.051
-0.371,-0.294,10.044
-0.565,-0.187,10.054
-0.67,-0.333,10.307
0.208,-0.201,10.001
-0.49,-0.589,9.951
-0.352,-0.723,9.929
-0.751,-0.055,9.869
0.459,0.677,10.092
-0.84,-0.079,10.288
-0.017,-0.514,9.994
-0.55,0.443,10.956
-0.28,-1.715,9.747
-0.746,1.412,10.185
-0.033,0.234,10.121
-0.579,-0.105,10.094
-0.29,-0.091,10.212
-0.579,-0.215,10.092
-0.304,0.189,10.025
-0.51,0.397,10.106
-0.299,-0.462,9.865
-0.218,-0.033,10.209
-0.531,-0.356,10.219
-1.33,-0.194,10.221
-0.412,0.701,10.19
0.33,-1.072,10.09
0.457,-0.687,9.944
0.093,0.055,9.886
0.208,-0.39,9.987
-0.431,0.584,10.204
-0.457,-0.768,10.228
0.182,-0.663,9.857
0.519,-0.266,9.8
0.254,-0.129,10.039
-0.019,0.615,10.145
0.584,-0.864,9.908
0.045,-0.95,9.805
-0.763,-0.431,10.037
-0.304,-0.292,10.075
-0.201,-0.182,10.082
-0.49,-0.62,9.994
-1.014,-0.376,9.893
-0.622,2.223,10.63
-0.141,-0.629,9.63
-1.486,-0.179,10.051
-0.66,0.787,9.991
-0.196,0.335,10.13
-0.553,0.251,10.168
-0.785,0.215,10.247
-0.49,0.443,10.111
-0.591,0.323,10.142
-0.323,0.108,9.92
-0.613,0.679,10.058
-1.026,0.823,9.889
-0.072,0.605,10.001
0.1,0.337,10.109
-0.469,0.802,10.25
-0.239,0.158,9.999
0.031,0.177,9.814
-0.232,0.426,9.879
-0.215,0.278,9.977
-0.184,0.397,10.09
-0.421,0.33,10.006
-0.368,0.115,9.999
-0.311,0.328,10.044
-0.019,0.536,9.948
-0.376,0.378,10.034
-0.512,0.364,10.104
-0.189,0.261,10.025
-0.029,0.141,10.042
-0.924,0.402,10.391
-0.995,0.11,10.109
0.093,0.493,10.03
-0.057,0.017,10.111
-0.227,0.165,9.953
-0.074,0.531,9.967
-0.412,0.409,10.049
0.213,0.447,10.07
-0.282,0.479,10.034
-0.093,0.67,9.944
-0.244,0.754,10.07
-0.191,-0.172,9.951
-0.526,0.691,10.161
-0.565,0.065,10.018
-0.711,0.507,9.999
-0.593,0.615,10.003
-0.419,0.309,10.078
0.129,0.593,10.245
-0.457,0.297,10.183
-0.01,0.404,9.661
-0.455,0.409,10.101
-0.287,0.409,9.941
-0.165,0.455,9.987
-0.352,0.361,10.097
-0.206,0.234,10.133
-0.383,0.215,10.078
-0.301,0.373,9.956
-0.275,0.476,10.015
-0.237,0.404,10.044
-0.301,0.237,10.082
-0.299,0.194,10.013
-0.33,0.201,10.011
-0.402,0.495,10.111
-0.306,0.144,10.049
-0.297,0.392,10.149
-0.201,0.242,10.08
-0.246,0.139,9.927
-0.294,0.266,9.963
-0.254,0.337,10.058
-0.165,0.356,10.08
-0.28,0.342,10.073
-0.285,0.347,10.042
-0.325,0.287,10.082
-0.321,0.225,10.049
-0.361,0.251,10.097
-0.223,0.318,10.044
-0.194,0.345,9.996
-0.191,0.218,9.944
-0.301,0.273,10.006
-0.359,0.378,10.145
-0.301,0.416,10.101
-0.199,0.426,9.946
-0.136,0.345,9.989
-0.28,0.213,10.109
-0.356,0.299,10.159
-0.156,0.579,8.522
-1.194,-6.204,16.136
0.349,11.058,16.023
-1.428,-12.705,6.984
-0.146,3.46,9.214
-0.077,0.713,9.393
-0.225,0.737,9.805
-0.304,0.519,9.999
-0.285,0.447,10.049
-0.316,0.462,10.03
-0.208,0.557,9.987
-0.282,0.56,9.97
-0.184,0.498,10.023
-0.211,0.443,10.034
-0.251,0.373,9.987
-0.254,0.517,10.013
-0.22,0.569,10.042
-0.256,0.529,10.027
-0.239,0.45,10.018
-0.242,0.373,10.046
-0.244,0.455,10.015
-0.251,0.548,10.013
-0.258,0.526,10.051
-0.258,0.459,10.082
-0.258,0.476,10.015
-0.246,0.469,10.037
-0.309,0.483,10.027
-0.23,0.507,9.967
-0.239,0.435,10.018
-0.256,0.428,10.08
-0.261,0.354,10.02
-0.287,0.273,9.991
-0.323,0.371,10.02
-0.299,0.438,10.023
-0.266,0.443,10.015
-0.321,0.342,9.996
-0.007,0.368,10.039
-0.383,0.234,10.08
-0.294,0.237,10.066
-0.388,0.297,10.099
-0.479,0.385,10.125
-0.502,0.333,10.058
-0.407,0.359,10.09
-0.287,0.309,10.145
-0.28,0.359,10.092
-0.325,0.45,10.03
-0.356,0.402,9.999
-0.548,0.263,10.094
-0.306,0.23,10.011
-0.256,1.093,10.987
0.261,4.663,3.187
-1.787,-11.635,7.709
0.419,12.116,8.422
-0.361,-0.5,9.211
-0.036,0.802,9.697
-1.436,0.196,10.413
0.304,0.287,9.845
-0.467,0.345,10.078
-0.524,0.656,10.061
-0.443,0.524,10.051
-0.49,0.617,10.066
-0.438,0.426,10.066
-0.39,0.455,10.03
-0.455,0.479,10.023
-0.524,0.474,10.03
-0.577,0.72,10.111
-0.455,0.768,9.994
-0.352,0.632,9.963
-0.407,0.469,10.008
-0.5,0.328,10.066
-0.526,0.419,9.987
-0.426,0.593,10.037
-0.45,0.706,9.984
-0.493,0.639,10.02
-0.459,0.557,10.03
-0.505,0.462,10.034
-0.495,0.471,10.049
-0.486,0.507,10.039
-0.541,0.541,10.054
-0.567,0.538,10.085
-0.519,0.66,10.063
-0.49,0.617,9.989
-0.378,0.457,9.982
-0.531,0.421,10.027
-0.555,0.435,10.013
-0.569,0.481,10.054
-0.577,0.49,10.039
-0.56,0.488,9.996
-0.56,0.493,9.999
-0.548,0.445,10.008
-0.665,0.376,10.008
-0.641,0.321,10.023
-0.445,0.388,10.006
-0.412,0.44,10.068
-0.536,0.39,9.96
-0.641,0.5,10.006
-0.548,0.428,9.855
-0.613,0.495,10.039
-0.701,0.328,10.049
-0.531,0.342,10.073
-0.299,0.459,9.97
-0.44,0.481,9.941
-0.653,0.356,10.044
-0.723,0.022,10.152
-0.586,-3.842,10.233
-0.495,10.611,9.135
-0.541,-8.405,2.603
0.201,12.75,14.188
-1.046,-9.214,14.674
-0.622,-1.182,-0.239
-0.239,12.602,15.597
-1.067,-5.924,8.594
-0.435,2.194,8.398
-0.457,0.072,9.908
-0.608,0.34,9.922
-0.644,0.373,10.015
-0.526,0.531,10.027
-0.481,0.706,10.011
-0.572,0.689,10.02
-0.584,0.785,9.936
-0.443,0.756,9.934
-0.572,0.715,9.963
-0.746,0.498,10.03
-0.713,0.385,10.046
-0.543,0.402,10.111
-0.392,0.443,10.051
-0.409,0.443,9.999
-0.531,0.557,9.977
-0.572,0.751,10.056
-0.55,0.859,9.972
-0.534,0.761,9.956
-0.603,0.725,10.025
-0.553,0.62,10.061
-0.452,0.529,9.951
-0.746,0.876,9.967
-0.565,0.677,10.042
-0.49,0.845,10.056
-0.519,0.794,10.042
-0.481,0.689,9.996
-0.534,0.794,9.939
-0.617,0.871,10.003
-0.636,0.919,10.104
-0.526,0.88,10.056
-0.476,0.799,9.934
-0.538,0.758,9.967
-0.672,0.806,9.967
-0.517,0.907,10.023
-0.469,0.84,9.996
-0.596,0.754,9.97
-0.641,0.751,9.991
-0.598,0.751,10.111
-0.622,0.883,10.073
-0.62,0.713,10.018
-0.55,0.699,9.996
-0.524,0.691,9.991
-0.691,0.701,10.011
-0.691,0.696,10.07
-0.746,0.725,10.082
-0.768,0.72,10.039
-0.634,0.73,9.96
-0.481,0.802,9.975
-0.476,0.787,10.042
-0.596,0.715,9.982
-0.651,0.663,9.996
-0.679,0.658,10.034
-0.725,0.723,10.097
-0.428,0.507,10.087
-0.261,0.935,9.92
-0.792,1.144,9.984
-0.464,0.455,10.051
-0.601,0.931,10.025
-0.153,0.852,9.951
-0.275,1.17,9.989
-0.974,1.125,10.051
-0.505,0.61,9.994
-0.517,0.921,9.953
-0.565,0.907,9.896
-0.481,0.914,9.905
-0.557,1.06,10.025
-0.78,0.959,10.07
-0.569,0.959,10.044
-0.462,0.895,9.917
-0.342,1.12,9.987
-0.337,1.306,9.905
-0.605,1.196,9.944
-0.601,0.988,10.015
-0.483,1.002,9.958
-0.569,0.962,9.965
-0.467,1.014,10.006
-0.383,1.11,9.9
-0.505,1.014,9.891
-0.589,1.031,10.001
-0.464,1.029,10.027
-0.536,0.952,9.97
-0.555,0.89,9.972
-0.514,0.986,9.984
-0.538,1.062,10.037
-0.522,1.053,9.987
-0.498,0.993,9.982
-0.493,0.938,9.972
-0.498,0.869,9.972
-0.543,0.825,9.987
-0.517,0.897,10.001
-0.586,1.022,9.972
-0.579,1.129,9.975
-0.481,1.144,10.023
-0.457,1.017,9.991
-0.469,0.802,9.984
-0.579,0.792,10.025
-0.534,0.957,10.008
-0.562,1.041,9.963
-0.273,1.285,10.034
-0.385,1.314,9.874
-0.67,1.459,9.872
0.141,1.249,9.857
-0.586,1.342,9.953
-0.56,0.696,9.989
-0.55,0.869,9.908
-0.608,1.136,9.9
-0.39,1.036,10.015
-0.388,0.825,10.03
-0.584,0.782,10.013
-0.684,0.892,9.941
-0.61,1.125,10.011
-0.445,1.046,10.025
-0.639,1.122,10.085
-0.641,0.94,10.027
-0.634,0.837,9.936
-0.627,0.897,9.896
-0.567,1.177,9.917
-0.49,1.074,9.984
-0.388,0.991,9.991
-0.44,1.11,9.991
-0.603,1.098,10.027
-0.682,1.156,10.042
-0.682,1.086,10.104
-0.586,0.873,10.02
-0.445,0.84,9.953
-0.359,1.048,9.979
-0.414,1.062,9.96
-0.644,1.048,10.101
-0.775,0.921,10.085
-0.598,0.859,10.013
-0.39,0.995,9.9
-0.483,1.103,9.999
-0.534,1.053,10.054
-0.493,0.979,10.075
-0.433,0.964,10.034
-0.414,1.146,9.879
-0.467,1.247,9.963
-0.522,1.457,10.099
-0.445,1.206,9.786
-0.622,1.455,9.953
-0.062,1.084,9.767
-0.869,1.084,10.159
-0.546,1.069,10.527
-0.306,1.263,9.948
-0.313,1.194,9.432
-0.749,1.541,9.774
-0.55,1.72,9.671
-0.402,1.747,9.678
-0.61,1.78,10.015
0.012,1.146,10.099
-0.49,1.129,10.149
-0.51,0.995,10.023
-0.414,1.27,9.951
-0.49,1.503,10.032
-0.565,1.519,10.073
-0.682,1.388,10.073
-0.663,1.194,9.972
-0.622,1.103,9.958
-0.665,1.127,10.006
-0.706,1.347,9.984
-0.66,1.416,10.054
-0.744,1.268,10.051
-0.469,1.268,9.912
-0.469,1.251,9.857
-0.562,1.172,9.936
-0.459,1.266,9.934
-0.488,1.448,9.884
-0.589,1.436,9.867
-0.802,1.268,9.774
-0.66,0.668,9.759
-1.203,0.12,9.611
-0.849,1.177,9.958
-0.56,0.861,10.24
-1.72,1.459,11.262
-1.254,1.622,10.934
0.455,-0.275,9.283
-0.732,1.089,10.09
-4.352,3.29,5.558
-0.055,-0.802,9.8
0.072,1.426,10.793
-0.847,2.962,10.166
0.285,3.285,8.341
0.172,3.926,7.522
-0.378,3.524,7.893
-0.703,3.263,8.666
-1.024,2.022,8.683
-0.392,3.694,10.087
-0.976,3.998,11.106
-2.491,1.601,10.214
-0.45,1.359,10.14
-0.469,1.44,10.197
-0.493,1.814,10.166
-0.624,2.364,10.207
-1.381,1.428,9.802
-0.842,1.146,9.527
-0.754,1.919,9.96
-0.684,2.826,9.558
-1.168,1.897,9.013
-0.675,1.536,9.546
-0.488,2.608,9.654
0.134,2.852,9.707
-0.124,2.125,9.994
-1.318,1.72,10.113
-0.718,1.838,10.156
-0.51,1.311,9.977
-0.663,1.098,9.865
-0.806,0.756,9.999
-1.196,1.218,9.982
-0.321,1.531,9.822
-1.108,2.062,10.279
-0.962,1.89,10.03
-0.033,1.857,10.879
-1.605,0.938,8.46
-2.503,1.093,8.963
-0.213,1.84,10.305
-0.577,1.893,9.843
-0.541,2.168,9.807
-0.457,2.144,9.867
-0.56,1.799,9.829
-0.701,1.467,10.027
-0.694,1.529,10.018
-0.696,1.665,9.848
-0.656,1.936,9.85
-0.639,2.048,9.941
-0.737,1.964,9.922
-0.694,1.895,9.867
-0.708,1.833,9.874
-0.624,1.926,9.793
-0.502,1.969,9.848
-0.739,1.948,9.798
-0.751,1.943,9.862
-0.546,1.95,9.848
-0.294,1.838,9.709
-0.598,2.031,10.003
-0.397,2.216,9.924
-1.031,2.469,9.96
-0.921,2.211,9.841
-0.687,2.132,9.8
-0.864,2.027,9.912
-0.83,1.869,9.81
-0.67,1.876,9.752
-0.687,1.983,9.905
-0.811,1.983,9.838
-0.916,1.704,9.805
-0.914,1.354,9.934
-1.012,1.651,9.848
-0.653,2.024,9.946
-0.476,2.562,10.078
-0.842,3.089,10.058
-0.684,2.134,10.479
-1.153,1.046,10.073
-1.515,1.809,10.271
-1.467,1.809,10.338
-0.763,2.201,10.982
-1.055,1.584,11.207
-0.586,0.723,10.795
-0.751,0.751,10.791
-0.976,1.462,10.951
-0.356,0.708,10.676
0.081,-0.223,10.621
0.017,0.108,11.226
0.943,-0.457,11.114
1.213,-1.038,10.298
1.424,0.254,9.491
1.476,1.426,9.254
1.586,1.79,8.577
1.452,1.701,8.13
1.775,2.402,8.46
1.991,3.596,7.718
0.615,4.508,7.58
1.225,6.436,8.228
-0.38,4.711,5.989
-0.668,8.216,5.273
0.156,9.19,4.498
-0.617,10.338,5.283
-2.046,8.455,5.541
-1.916,7.498,5.355
-0.519,7.434,5.163
-2.079,4.876,5.12
-2.806,4.414,3.661
-2.139,6.793,2.182
-1.459,7.477,3.67
-1.826,7.137,3.311
-2.189,3.24,1.402
-8.367,7.795,9.305
-6.118,16.523,10.259
-7.465,15.607,5.379
-3.364,14.221,-0.304
-0.84,13.02,5.094
0.617,16.49,9.604
0.433,6.517,7.527
2.998,1.969,3.974
3.213,5.467,5.546
0.84,10.051,3.756
-0.871,12.303,3.481
-1.591,11.015,3.582
0.517,9.226,4.596
1.799,8.896,5.462
1.278,8.525,5.127
0.56,8.104,5.17
0.928,9.374,5.678
1.675,9.975,6.013
0.813,9.025,6.369
0.89,7.367,6.659
1.361,7.766,6.194
0.407,7.943,6.924
-0.459,5.242,8.874
-0.974,0.644,11.137
5.426,-3.204,9.353
-12.989,-2.598,17.896
-1.842,1.402,19.088
-10.671,-0.888,17.559
-11.049,6.039,19.002
-13.762,8.996,13.865
-8.154,9.221,9.173
-0.974,5.242,6.147
-0.33,2.799,6.403
-1.273,1.062,8.326
-2.158,1.249,10.346
-6.996,0.792,10.152
-7.651,-0.414,7.671
-8.199,0.227,6.857
-8.625,2.249,6.601
-8.853,3.546,7.07
-9.31,3.929,6.625
-10.197,3.347,5.828
-10.953,0.878,5.728
-11.956,0.079,6.647
-12.441,2.976,7.482
-12.41,6.467,7.963
-11.027,9.606,8.087
-9.783,9.056,7.288
-8.661,7.673,6.905
-7.663,5.283,8.199
-5.969,4.314,7.285
-4.283,6.874,8.319
-4.51,8.587,9.333
-2.18,7.898,9.941
-4.776,3.72,9.673
-10.707,1.715,8.321
-1.431,1.883,6.587
-0.359,2.735,9.403
-1.873,5.168,9.556
-2.661,5.953,9.518
-2.003,5.991,9.097
-1.409,5.211,8.747
-1.328,1.416,7.941
-1.526,0.797,7.017
-2.603,1.244,6.467
-4.723,2.426,8.216
-4.185,3.622,7.754
-4.936,1.921,6.534
-5.694,2.96,8.293
-5.754,0.892,9.247
-5.646,3.39,9.4
-5.072,2.919,9.475
-4.637,2.718,8.807
-4.63,3.015,8.687
-4.804,3.211,9.109
-3.838,4.335,9.716
-3.917,4.063,10.59
-3.673,3.603,11.09
-3.972,3.85,10.834
-3.96,3.096,9.941
-3.409,3.795,9.719
-3.531,3.051,9.527
-3.799,2.491,9.264
-3.912,3.036,10.183
-4.242,2.653,9.781
-3.352,3.412,10.025
-2.323,4.371,9.633
-2.495,3.491,9.278
-1.067,3.385,8.876
-0.428,3.402,9.219
-0.144,4.11,9.944
0.593,3.988,9.941
1.058,3.522,10.111
1.357,3.17,10.652
1.4,3.589,11.518
2.01,3.283,11.645
1.68,4.106,11.791
1.749,3.56,12.176
0.725,2.744,11.114
-0.079,2.263,10.563
-2.694,1.861,10.611
-4.247,1.381,10.226
-5.309,0.912,8.879
-5.824,1.727,9.833
-3.338,1.325,9.372
-2.649,0.617,8.908
-2.44,1.648,8.888
-2.086,1.416,9.518
-2.663,0.565,9.745
-3.077,0.074,10.769
-2.723,-0.392,10.757
-2.522,0.392,10.604
-1.053,0.701,9.74
-2.378,0.675,10.513
-1.749,-0.366,10.515
-2.094,-1.06,10.487
-2.223,-0.081,10.479
-2.084,1.201,10.31
-2.62,1.244,9.628
-2.218,0.73,9.566
-1.409,0.443,9.932
-1.912,0.172,9.582
-1.919,0.854,9.061
-2.278,1.593,9.628
-1.601,2.01,9.745
-1.294,2.204,9.63
-1.433,1.909,9.164
-1.12,1.541,8.931
-1.61,1.696,8.888
-1.022,1.505,8.214
-1.328,1.369,8.546
-0.883,2.531,8.477
-0.67,2.615,8.874
-1.335,2.632,8.618
-0.629,3.452,8.348
-0.823,4.627,8.515
-1.309,6.517,8.585
-0.479,7.147,8.12
-0.933,6.967,8.01
-1.424,8.742,7.501
-1.79,10.499,6.982
-2.153,8.589,5.852
-2.553,7.75,6.094
-3.194,8.233,6.412
-3.263,10.171,6.675
-4.163,10.3,7.015
-4.206,7.199,4.981
-4.161,7.726,4.154
-4.063,8.731,4.137
-5.024,7.972,3.749
-6.714,7.367,3.051
-6.01,8.482,3.493
-6.424,6.505,4.314
-7.979,3.931,1.002
-9.824,0.488,1.048
-10.456,4.5,3.426
-12.537,-1.084,2.036
-14.475,-6.266,-0.239
-15.08,-11.192,1.113
-17.365,-12.874,5.249
-18.033,-16.308,5.029
-20.78,-22.55,10.341
-19.172,-17.341,12.429
-9.424,-22.866,14.564
-13.312,-22.768,16.875
-13.281,-19.959,20.031
-5.68,-21.093,25.988
-3.24,-7.738,25.438
-1.206,-4.075,23.648
2.905,-5.383,15.08
12.482,-2.122,11.96
11.535,-3.917,7.709
5.245,-6.85,9.13
2.139,-1.01,8.809
1.275,-3.438,6.096
-0.414,-7.166,5.204
-1.507,-10.011,5.292
-0.043,-8.266,2.407
-4.297,-9.845,3.079
-0.919,-5.847,0.431
-0.455,-6.843,-1.749
-2.574,-8.288,-1.976
-6.541,-12.231,-0.947
-3.278,-10.216,0.435
-2.895,-11.123,0.598
-1.904,-10.054,0.455
-2.101,-9.759,0.01
-1.218,-10.508,-0.282
-1.012,-9.659,0.78
-2.352,-12.049,2.615
-2.481,-11.204,2.606
-1.615,-11.482,1.744
-0.134,-11.293,0.921
-0.565,-11.015,1.151
-1.091,-11.25,1.847
-1.747,-10.587,3.543
-2.055,-12.623,4.34
-0.495,-11.264,4.52
0.201,-10.683,5.142
0.794,-8.692,4.582
1.127,-7.003,2.67
0.476,-7.367,4.17
0.22,-10.367,5.517
1.007,-6.979,5.601
0.098,-7.596,5.776
1.168,-7.204,3.041
2.402,-8.07,1.105
0.089,-6.745,2.493
-4.331,-8.051,3.644
-6.374,-9.889,3.326
-6.711,-9.465,1.541
-4.539,-5.941,4.587
-1.108,-6.135,5.448
0.005,-10.776,6.034
-0.77,-12.812,5.359
-2.615,-10.307,4.627
-3.685,-9.166,6.843
-2.495,-9.989,7.149
-2.151,-11.604,7.163
-2.036,-11.3,5.118
-2.01,-10.025,3.902
-2.283,-9.027,5.218
-2.436,-8.8,6.089
-2.187,-9.396,5.426
-2.134,-9.752,5.13
-1.739,-9.281,5.577
-1.806,-8.757,6.355
-2.531,-8.185,6.941
-2.16,-7.644,5.711
-2.034,-7.762,4.634
-1.835,-7.884,4.931
-1.756,-7.821,5.692
-1.672,-8.085,6.359
-1.134,-8.501,6.103
-0.885,-8.637,5.166
-1.526,-8.558,4.642
-1.593,-7.573,5.649
-1.01,-7.431,5.972
-1.189,-8.168,6.429
-0.979,-8.345,6.639
-1.115,-8.618,5.991
-0.974,-8.534,5.962
-0.806,-8.594,6.546
-0.689,-8.762,6.74
-1.026,-8.305,6.795
-0.78,-8.029,6.233
-0.569,-8.62,6.051
-0.318,-8.697,6.508
-0.234,-7.984,6.962
-0.546,-7.498,7.455
-0.653,-7.07,6.898
-0.49,-7.501,6.606
-0.096,-7.57,6.412
-0.136,-7.338,6.761
0.038,-6.393,6.824
-0.213,-4.419,7.551
-0.9,-4.457,7.618
-1.086,-6.02,7.527
-0.232,-5.075,8.202
-0.275,-4.01,8.228
-0.679,-4.343,8.032
-0.739,-4.572,8.089
-0.266,-3.443,8.666
-0.577,-1.658,9.298
-0.909,-0.34,9.924
-1.146,-0.909,8.915
-1.806,0.282,9.336
-1.213,2.462,9.436
-1.431,3.687,10.513
-1.936,4.721,10.558
-1.139,5.151,8.494
-1.01,7.192,7.587
-1.524,6.962,8.678
-1.95,7.534,8.092
-1.625,9.326,6.9
-2.201,10.822,7.01
-2.689,11.484,6.819
-3.821,10.14,5.254
-5.046,9.243,5.914
-4.802,9.228,6.486
-4.022,10.733,6.568
-4.225,10.848,5.362
-4.24,9.798,2.361
-4.831,8.049,2.328
-6.718,7.139,3.156
-6.046,8.575,3.098
-7.18,7.065,1.567
-8.752,6.541,0.699
-8.766,2.646,0.964
-9.152,-0.835,1.361
-11.192,0.244,3.206
-14.985,-2.756,1.751
-14.53,-4.804,6.496
-18.966,-9.91,6.257
-20.373,-10.625,9.044
-19.588,-11.343,10.922
-13.331,-19.82,12.444
-10.192,-21.007,13.654
-10.034,-23.88,22.134
-3.242,-11.537,24.775
-8.025,-7.242,20.296
-7.441,-7.281,7.587
0.931,1.321,7.805
3.969,-1.522,8.324
0.792,-10.135,11.628
2.113,-11.537,11.501
3.309,-10.235,14.131
1.165,-14.717,14.765
-3.06,-8.577,10.905
-2.318,-7.977,6.52
1.077,-7.898,1.483
0.433,-7.173,0.668
1.062,-8.857,-0.237
-3.208,-9.286,0.833
-2.639,-6.23,2.247
-5.682,-9.195,3.548
-2.687,-9.336,1.617
-2.67,-9.455,0.39
3.163,-9.441,-1.895
-0.285,-10.204,-2.003
-1.156,-10.367,-2.153
-0.95,-9.068,-1.907
-0.502,-10.058,-1.818
-1.227,-9.905,-1.39
-1.591,-10.355,-1.613
-1.421,-10.709,-1.94
-1.443,-11.262,-1.55
-1.581,-10.704,-0.4
-2.158,-11.642,-0.187
-2.345,-11.85,0.012
-3.086,-13.001,0.605
-3.357,-11.539,2.189
-2.419,-9.984,2.182
-1.646,-10.776,1.019
-0.959,-13.578,-0.498
-0.39,-12.662,-0.476
0.232,-9.436,0.746
1.694,-8.912,1.945
2.606,-7.522,4.426
4.4,-7.742,5.371
4.163,-7.766,4.766
2.44,-8.436,2.883
1.756,-9.149,3.094
2.029,-7.434,3.675
1.297,-7.955,3.692
0.292,-7.422,3.823
-2.256,-8.266,3.869
-4.187,-8.305,3.859
-5.699,-8.379,3.096
-5.924,-7.455,2.957
-5.094,-6.682,3.28
-1.909,-7.814,4.154
-0.349,-10.561,5.479
-1.254,-11.324,5.699
-3.249,-10.925,6.245
-3.177,-10.156,6.484
-2.854,-11.19,5.637
-1.634,-11.827,4.567
-2.361,-11.764,4.309
-2.658,-10.19,5.209
-2.866,-9.171,5.991
-3.118,-9.683,6.185
-3.103,-9.848,5.776
-2.792,-10.506,5.618
-2.79,-10.231,5.771
-3.06,-9.333,6.804
-2.316,-8.982,6.436
-2.33,-8.731,5.637
-2.206,-8.226,4.469
-1.44,-8.19,3.637
-1.436,-8.333,4.73
-1.258,-8.343,5.151
-1.648,-8.558,5.113
-1.653,-7.97,4.213
-1.479,-8.075,3.984
-1.065,-8.46,4.527
-0.806,-8.635,5.192
-0.859,-8.116,5.323
-1.148,-8.245,5.161
-0.689,-8.204,5.01
-0.725,-8.36,5.517
-0.739,-8.501,5.902
-0.735,-8.125,6.108
-0.617,-8.297,5.472
-0.433,-8.525,5.067
-0.301,-8.709,5.051
-0.421,-9.073,5.278
-0.447,-8.843,5.568
-0.392,-8.556,5.539
-0.23,-8.489,5.905
-0.146,-8.403,6.321
0.182,-8.802,5.886
0.27,-8.757,5.694
0.242,-8.374,5.785
0.256,-8.202,5.56
0.098,-8.106,5.658
0.359,-7.96,5.694
0.641,-8.228,5.819
0.524,-7.735,6.099
0.718,-7.072,6.252
0.368,-6.302,6.546
0.371,-6.295,6.836
0.112,-7.604,6.852
-0.098,-6.462,6.848
0.239,-5.256,7.005
0.127,-4.256,6.991
0.211,-2.249,8.003
-0.223,-1.232,9.202
-0.256,-0.756,8.752
-0.139,2.254,8.324
-0.313,5.68,9.288
-1.22,6.771,11.484
-1.357,9.326,11.434
-1.897,8.939,9.365
-2.675,7.558,7.74
-2.285,8.085,7.683
-1.715,9.221,7.355
-2.259,9.692,6.95
-2.993,8.661,5.84
-3.247,8.62,6.438
-2.768,9.226,5.032
-3.259,9.853,4.252
-4.154,9.13,4.761
-5.075,6.369,3.381
-5.24,7.008,4.426
-5.3,6.101,4.974
-6.704,8.848,5.934
-7.252,5.974,5.245
-7.678,6.797,4.326
-8.376,2.919,4.575
-8.764,0.505,3.809
-10.886,-1.476,3.278
-10.341,-3.96,3.713
-11.716,-6.781,4.953
-17.885,-7.546,7.651
-16.643,-9.592,7.683
-17.169,-14.052,9.422
-15.107,-14.15,10.594
-13.181,-18.918,15.286
-7.711,-18.825,19.779
-8.687,-15.064,17.1
1.804,-4.716,19.665
-0.799,-5.369,19.389
-4.031,-5.441,15.925
-3.773,-0.057,7.247
2.57,0.297,8.221
10.58,-2.644,4.639
4.319,-8.738,5.513
6.632,-6.06,4.512
4.457,-5.972,5.118
1.223,-11.377,6.508
-0.562,-9.47,3.553
-1.818,-12.626,1.711
0.313,-9.561,1.041
-1.981,-10.023,0.897
0.613,-7.106,0.223
-1.943,-9.003,1.742
-2.144,-9.073,2.294
-1.22,-9.905,2.818
-0.742,-10.482,1.335
-1.096,-9.673,-0.593
-1.89,-11.006,-0.998
-0.194,-10.688,-1.046
0.242,-10.252,-0.124
-0.352,-13.14,-0.325
-0.959,-12.92,-0.225
-0.885,-11.688,-1.22
0.852,-10.965,-1.156
0.388,-10.936,-0.163
-0.811,-12.219,-0.005
-1.67,-13.575,0.129
-1.742,-12.999,-0.479
-1.314,-12.013,-0.146
-1.5,-11.757,0.541
-2.165,-10.927,1.055
-2.57,-10.824,0.775
-2.003,-11.597,0.938
-0.89,-10.164,2.381
-0.191,-9.03,3.247
0.285,-6.637,2.991
-0.613,-7.4,5.278
0.919,-5.273,6.369
2.361,-5.704,8.226
2.984,-7.197,7.348
2.866,-7.326,4.146
2.249,-6.647,1.206
3.137,-6.29,2.294
2.981,-7.13,4.072
0.957,-8.544,5.742
-0.462,-8.742,6.254
-2.01,-8.257,4.29
-3.508,-7.812,3.711
-5.395,-9.123,4.706
-5.601,-10.369,6.242
-2.955,-10.334,6.19
0.014,-9.104,5.015
-0.579,-9.57,5.13
-1.347,-8.747,6.398
-2.12,-7.561,6.714
-2.4,-7.144,6.048
-2.534,-8.219,5.702
-2.419,-9.159,6.403
-1.83,-9.621,6.738
-2.476,-10.013,5.96
-2.756,-9.575,5.489
-2.617,-8.841,5.51
-2.151,-8.539,6.852
-1.715,-9.262,7.355
-1.613,-9.673,6.508
-1.586,-9.209,6.046
-1.565,-9.264,5.678
-2.163,-8.766,6.103
-2.227,-8.553,6.448
-1.596,-9.03,6.443
-1.18,-8.766,5.862
-1.046,-8.211,5.304
-1.146,-7.766,5.46
-1.223,-7.24,6.108
-1.18,-7.482,6.276
-0.828,-7.553,5.867
-1.17,-7.412,5.553
-1.306,-7.704,5.156
-1.254,-7.565,5.457
-1.038,-7.369,6.273
-0.864,-7.963,6.288
-0.775,-8.051,6.161
-0.49,-7.771,5.501
-0.275,-7.948,5.338
-0.469,-8.041,5.919
-0.385,-7.747,6.489
-0.153,-8.247,6.493
-0.036,-8.403,6.403
-0.416,-7.668,6.013
-0.44,-7.508,6.216
-0.081,-7.967,6.453
-0.007,-8.441,6.867
-0.201,-7.888,7.228
-0.459,-7.173,7.183
-0.622,-6.699,7.431
-0.517,-6.807,7.785
-0.426,-6.529,8.07
-0.553,-6.147,7.826
-0.703,-6.101,7.742
-0.735,-5.477,8.163
-0.584,-5.572,8.075
-0.67,-5.108,7.771
-0.778,-4.601,7.618
-1.012,-4.855,8.659
-1.237,-3.883,9.958
-0.9,-2.866,10.819
-0.919,-2.122,10.417
-1.05,-1.318,9.642
-1.139,-0.261,9.496
-1.445,0.648,9.475
-1.325,1.916,9.551
-1.01,2.936,9.362
-1.194,4.405,9.204
-1.785,4.979,9.566
-1.919,6.309,9.68
-2.35,6.481,9.7
-2.424,7.209,9.032
-2.486,7.872,7.589
-3.053,8.285,7.261
-3.362,9.374,6.508
-2.833,9.197,5.845
-3.582,8.484,5.479
-3.943,7.297,5.017
-4.809,6.826,5.407
-5.233,8.809,5.331
-5.733,8.324,3.785
-5.847,8.525,0.837
-7.352,6.132,2.237
-7.171,3.924,3.563
-8.582,3.768,2.464
-11.135,2.84,2.893
-11.874,1.321,2.763
-10.192,-4.539,3.476
-13.805,-9.128,5.161
-16.959,-8.704,6.147
-14.796,-10.446,8.247
-12.657,-14.748,4.663
-7.616,-23.024,7.702
-6.132,-24.6,12.647
-1.72,-22.603,14.631
-0.892,-24.373,21.751
4.194,-16.497,16.755
3.807,-4.398,13.705
-8.046,-9.159,11.769
0.565,-5.706,7.989
0.581,-3.366,8.379
-0.479,-4.039,9.42
-1.172,-5.29,10.159
-1.201,-4.957,9.496
-0.163,-2.476,9.027
-0.139,-1.062,9.644
-1.395,-1.314,10.013
-1.558,-1.845,9.692
-0.699,1.809,8.419
0.108,5.233,8.711
-1.141,4.773,8.965
-1.761,5.051,8.417
-1.031,8.723,8.156
-0.981,8.774,6.733
-1.756,9.147,6.879
-2.962,10.066,5.675
-3.761,9.807,5.666
-4.146,9.097,4.876
-4.094,8.805,4.137
-3.249,10.972,3.799
-3.182,13.269,3.491
-5.19,12.779,4.788
-5.639,10.755,5.029
-5.754,9.321,2.335
-5.572,6.955,2.663
-5.977,6.804,1.337
-7.154,4.749,-0.321
-9.274,1.428,1.139
-9.534,-0.926,1.811
-9.747,-2.763,0.648
-10.35,-6.831,1.17
-12.772,-10.19,2.921
-16.449,-8.745,5.015
-16.983,-6.934,9.434
-17.684,-16.222,8.601
-16.289,-20.686,8.211
-13.743,-20.466,13.329
-14.702,-16.447,15.375
-11.879,-21.744,18.636
-6.848,-15.408,16.006
-5.266,-14.011,17.763
-2.651,-11.726,19.82
-2.046,-11.489,21.878
-1.046,-11.913,23.342
-4.634,-10.889,14.71
0.95,-5.297,16.298
10.896,-4.371,9.18
-2.85,-3.163,8.364
1.172,-7.06,-1.385
-0.158,-5.757,0.873
-3.883,-8.738,3.981
9.123,-7.757,5.773
-3.515,-9.963,1.747
-1.022,-11.271,1.378
-1.419,-6.79,-3.295
1.043,-8.417,-2.134
-0.976,-12.429,-1.481
-0.95,-11.922,-0.852
0.266,-13.092,-1.136
1.878,-11.195,-1.443
0.871,-9.857,-1.134
-0.768,-9.628,-1.354
-2.381,-11.879,-1.438
-2.268,-13.497,0.629
-3.467,-13.262,1.215
-3.397,-11.941,1.268
-3.309,-11.982,1.175
-3.701,-10.922,1.893
-2.979,-10.479,0.89
-2.067,-7.762,1.641
-2.9,-8.738,3.565
-3.012,-9.692,3.943
-2.012,-8.97,3.737
-1.459,-10.396,3.079
-0.493,-10.436,3.558
1.227,-8.903,4.474
3.039,-5.656,5.709
2.838,-5.051,6.106
3.402,-6.537,6.23
3.984,-6.544,5.91
3.943,-8.537,4.797
3.285,-8.4,4.795
1.72,-11.03,6.771
0.648,-10.011,6.656
-0.998,-7.649,5.099
-2.249,-6.745,2.531
-4.544,-7.848,3.175
-4.886,-8.259,3.974
-2.622,-7.57,3.725
0.333,-8.039,4.036
0.354,-9.149,5.541
-1.833,-8.422,6.173
-2.737,-7.867,6.802
-2.345,-8.685,6.178
-2.261,-8.891,5.67
-2.263,-9.367,6.264
-1.993,-10.101,6.608
-1.902,-10.441,6.508
-2.055,-10.525,6.158
-1.914,-10.154,5.881
-2.512,-9.716,5.845
-2.448,-9.008,6.709
-1.782,-8.972,6.666
-1.72,-8.86,6.271
-1.285,-8.642,5.333
-1.105,-8.635,4.936
-1.251,-8.388,5.527
-1.601,-8.041,6.661
-1.541,-8.242,6.259
-1.491,-8.348,4.91
-0.869,-8.013,4.977
-0.459,-7.814,5.969
-0.548,-7.872,6.467
-0.732,-7.862,5.737
-0.88,-7.876,4.974
-0.883,-7.695,5.178
-0.402,-7.63,5.536
-0.273,-7.584,5.9
-0.103,-7.711,5.673
-0.285,-8.029,5.486
-0.194,-7.896,5.412
-0.39,-8.228,6.139
-0.237,-8.348,6.589
-0.294,-8.101,6.364
-0.223,-8.441,5.867
-0.249,-8.376,5.981
-0.043,-7.697,6.56
0.079,-7.637,6.659
0.079,-8.006,6.52
0.11,-8.123,6.321
0.282,-7.706,6.02
-0.151,-7.699,6.156
-0.335,-7.747,6.338
-0.103,-6.79,7.34
0.337,-6.386,7.364
-0.077,-7.178,7.077
0.28,-5.953,7.613
-0.077,-6.501,7.656
-0.124,-5.575,8.771
-0.189,-5.84,8.841
-0.141,-6.075,8.415
0.079,-5.149,8.355
-0.208,-3.299,8.549
-0.352,-2.675,8.838
-0.754,-0.156,9.424
-0.754,1.345,9.329
-0.837,3.594,8.915
-1.311,5.206,8.829
-0.959,7.553,8.618
-1.237,10.707,6.888
-1.593,10.319,4.843
-2.984,11.465,5.12
-4.424,11.279,5.632
-3.773,12.233,4.292
-3.706,11.611,3.694
-3.699,11.862,1.16
-4.685,11.161,1.072
-5.625,9.188,0.672
-5.331,8.714,0.605
-6.522,8.486,0.943
-8.9,4.474,0.928
-7.058,1.641,0.187
-7.805,-5.187,-1.275
-8.451,-2.833,1.237
-14.774,-6.108,3.118
-15.597,-11.728,0.742
-15.279,-11.219,10.836
-16.77,-10.968,7.156
-14.025,-17.337,3.273
-13.109,-21.483,4.855
-8.843,-22.182,13.573
-5.446,-16.253,15.159
-5.587,-17.229,14.391
-3.168,-18.315,19.516
-2.859,-17.463,22.715
3.342,-10.128,22.009
0.857,-6.814,21.629
-7.541,-7.137,22.806
7.687,-7.582,1.208
3.388,-10.168,14.595
-8.994,-8.364,12.257
2.022,-7.848,8.276
6.292,-7.283,3.292
0.392,-7.582,0.292
4.407,-12.473,-4.845
-3.022,-12.109,0.579
-3.551,-9.384,-1.62
-2.407,-11.475,-0.261
-0.751,-9.771,-0.373
-0.507,-7.269,-1.983
0.345,-10.542,-4.828
-0.337,-10.671,-3.311
-0.742,-10.628,-1.287
-1.646,-12.985,-1.074
-1.469,-11.817,-0.225
-0.711,-10.848,-0.187
-0.557,-11.532,-0.689
-1.242,-10.652,-0.024
-2.747,-10.319,0.311
-3.455,-11.128,0.854
-3.512,-11.949,1.349
-3.965,-11.882,2.235
-3.45,-10.645,2.474
-2.67,-10.197,1.254
-2.878,-9.13,1.244
-3.089,-7.228,3.35
-2.725,-9.058,5.089
-1.512,-7.147,6.635
-0.024,-7.204,6.723
0.924,-8.991,5.785
1.129,-9.601,4.35
1.211,-7.776,4.323
2.125,-5.443,3.321
4.201,-6.403,5.412
4.515,-9.707,6.046
1.519,-10.046,7.467
-0.912,-7.596,7.79
-1.842,-6.441,6.917
-2.428,-6.065,4.979
-3.988,-7.333,3.974
-5.056,-8.269,3.775
-4.666,-7.986,3.682
-2.634,-6.261,4.744
-1.141,-7.106,5.642
-0.541,-9.357,6.773
-1.787,-9.434,6.273
-3.271,-8.352,6.563
-3.653,-7.874,7.395
-3.419,-8.939,8.096
-2.797,-10.685,7.362
-2.785,-11.41,6.106
-3.019,-10.8,5.936
-2.902,-10.69,6.986
-2.481,-10.556,7.592
-2.651,-10.654,7.46
-2.553,-9.738,7.125
-2.125,-9.058,6.62
-2.33,-8.448,6.491
-2.601,-7.515,6.979
-2.804,-7.12,6.654
-2.73,-7.101,6.185
-2.199,-6.97,5.752
-1.701,-6.639,5.819
-1.464,-6.233,6.465
-1.132,-6.075,6.462
-1.258,-6.269,6.02
-1.546,-6.436,5.513
-0.845,-6.702,5.261
-0.447,-7.013,5.91
-0.419,-6.52,6.967
-0.462,-6.718,6.852
-0.089,-7.139,6.19
0.182,-7.053,5.883
0.45,-6.962,5.955
0.347,-6.434,6.788
0.376,-6.182,7.884
0.414,-6.51,8.118
0.172,-6.659,7.675
-0.124,-5.455,7.465
0.172,-3.376,8.738
-0.167,-0.526,9.833
-0.861,-0.541,10.46
-1.354,-0.67,9.415
-1.438,2.534,9.386
-0.852,5.795,9.886
-1.739,6.3,8.652
-1.816,8.707,7.917
-4.479,8.352,7.123
-5.254,9.111,4.295
-5.501,9.805,4.979
-5.02,11.149,5.725
-4.603,11.781,7.9
-7.072,10.645,4.883
-8.154,7.558,3.512
-8.302,5.46,3.62
-9.18,2.984,4.252
-11.413,3.795,2.065
-13.37,-3.311,2.957
-11.003,-5.386,4.137
-14.504,-12.078,5.314
-14.954,-13.288,7.36
-15.619,-19.667,10.752
-9.63,-23.514,15.217
-6.202,-21.318,21.198
-1.641,-13.808,20.995
-1.258,-9.972,18.133
-1.115,-13.709,21.091
3.883,-5.709,12.965
0.79,-4.201,10.59
5.725,-4.785,6.869
5.687,-8.79,9.144
2.873,-11.815,13.709
9.453,-6.393,14.81
2.699,-7.943,13.056
3.907,-9.266,7.874
-2.005,-8.367,3.991
4.905,-3.871,-2.125
0.763,-10.123,0.007
1.522,-8.52,0.634
-2.129,-13.2,4.656
-2.548,-10.695,2.263
-2.235,-7.194,0.581
-0.335,-9.475,-1.053
-0.206,-9.609,-2.23
-0.493,-9.298,-1.383
1.589,-7.824,-2.929
1.364,-9.159,-3.333
0.093,-8.64,-3.529
0.538,-7.671,-2.469
0.89,-9.008,-2.007
0.543,-10.223,-0.885
1.438,-10.688,-1.036
2.027,-10.417,-0.744
1.457,-10.661,-1.639
0.73,-11.638,-2.531
-0.156,-12.097,-1.541
-1.115,-12.408,0.069
-1.27,-13.176,0.388
-1.876,-14.439,0.105
-1.019,-12.142,1.644
-1.268,-9.678,2.852
-1.646,-9.778,1.787
-1.627,-12.403,1.062
-0.584,-12.918,0.672
-0.292,-10.147,1.507
-0.823,-8.747,2.723
-1.242,-9.743,2.864
-0.428,-8.546,2.854
0.4,-8.333,4.572
1.158,-5.917,5.422
1.715,-5.012,6.376
1.644,-7.943,6.647
2.637,-9.195,6.151
3.498,-8.542,5.154
3.933,-4.931,4.785
3.881,-3.878,6.434
1.909,-6.417,5.132
-0.249,-8.647,3.905
-1.653,-5.745,2.639
-1.464,-5.814,3.433
-2.385,-6.934,4.996
-3.565,-8.845,3.953
-2.67,-9.812,2.192
-1.101,-9.233,4.761
-0.895,-8.903,7.25
-2.139,-9.652,8.305
-2.402,-10.542,7.565
-2.249,-10.556,5.443
-2.108,-9.805,5.639
-2.438,-10.927,6.364
-2.091,-12.463,7.336
-1.919,-12.781,6.257
-2.182,-12.573,5.211
-2.873,-12.152,5.331
-3.149,-10.712,5.635
-2.787,-9.214,6.946
-1.629,-9.889,6.51
-1.132,-9.266,5.845
-1.888,-8.484,5.063
-2.192,-8.269,5.046
-2.012,-7.927,5.388
-1.345,-7.795,5.905
-1.014,-8.51,5.166
-1.203,-8.716,3.754
-1.498,-7.989,3.919
-1.12,-7.441,5.206
-0.699,-8.211,5.484
-0.431,-8.551,5.213
-0.225,-8.144,5.032
-0.366,-7.974,4.867
-0.665,-7.948,5.431
-0.309,-8.415,5.752
-0.16,-8.955,5.225
-0.402,-8.599,4.584
-0.223,-8.568,4.228
-0.479,-8.656,5.041
-0.299,-8.869,5.867
0.038,-9.001,5.527
-0.062,-8.872,5.216
-0.412,-8.594,5.721
-0.407,-8.379,6.261
-0.234,-8.506,6.297
-0.024,-8.223,6.032
-0.256,-8.101,5.742
-0.225,-7.685,6.182
-0.23,-7.805,6.314
-0.208,-8.13,6.273
-0.215,-7.934,6.261
-0.376,-7.773,6.237
-0.359,-7.623,6.312
-0.007,-8.163,5.85
-0.225,-7.869,5.943
-0.203,-6.613,6.704
0.115,-5.462,6.733
-0.053,-5.713,6.491
-0.017,-4.704,7.407
-0.526,-6.17,8.573
-0.66,-4.747,8.544
0.134,-4.737,8.118
0.239,-1.596,8.752
-0.397,0.581,10.063
-1.024,0.665,10.178
-1.309,2.893,10.104
-1.235,5.737,11.245
-1.924,4.972,10.063
-1.962,4.811,8.061
-1.67,6.991,5.855
-1.596,11.319,5.551
-2.333,10.745,6.503
-4.302,8.326,6.895
-4.02,9.941,5.589
-4.821,10.161,5.687
-4.747,9.946,5.29
-4.931,9.319,3.077
-5.929,11.288,3.74
-6.871,8.601,4.536
-6.776,6.479,2.038
-7.991,5.833,2.68
-9.561,0.799,2.55
-10.575,1.309,2.263
-12.389,-4.989,0.416
-14.638,-7.47,1.73
-18.033,-6.721,6.69
-17.547,-8.881,10.532
-13.726,-15.076,8.778
-7.563,-22.746,10.647
-9.824,-19.624,11.36
-5.268,-21.105,17.722
-6.505,-19.37,21.098
-1.189,-16.217,19.894
-5.247,-7.058,17.99
-1.967,-5.393,13.241
-0.024,-4.914,11.563
3.917,-6.462,10.245
3.402,-6.072,8.616
7.494,-6.498,6.388
2.225,-10.09,6.718
-0.921,-9.704,5.563
-0.873,-9.69,2.572
-2.986,-12.896,0.412
-0.971,-12.047,-1.809
1.936,-8.793,-0.416
-1.924,-12.336,-0.679
-4.046,-10.702,1.16
-4.496,-6.984,1.438
-1.172,-9.3,-1.29
2.335,-7.946,-3.149
4.242,-8.671,-2.105
1.916,-9.092,-1.914
1.101,-9.214,-2.122
1.648,-9.077,-2.072
2.299,-10.092,-3.07
1.744,-10.611,-3.582
0.368,-11.212,-2.713
0.208,-11.104,-1.201
0.608,-11.381,-0.787
1.462,-11.413,-0.995
1.139,-11.496,-1.73
-0.249,-12.071,-1.689
-0.565,-12.92,0.282
-0.194,-11.757,2.235
0.557,-10.001,2.55
0.653,-10.147,0.541
-0.706,-12.386,-0.746
-0.577,-13.652,-0.431
-0.486,-8.592,2.711
-0.433,-8.501,4.591
0.254,-9.235,3.993
1.699,-9.269,5.252
2.287,-4.749,8.707
0.268,-9.747,9.499
1.79,-6.235,6.577
1.424,-8.764,6.704
2.701,-8.221,5.443
3.07,-6.977,4.941
1.95,-7.589,5.075
-0.01,-7.166,4.965
-2.74,-7.85,4.816
-4.984,-7.403,2.309
-4.165,-6.039,1.148
-2.266,-6.046,2.531
-0.668,-8.018,4.558
-1.079,-8.972,6.446
-2.45,-10.618,6.917
-2.388,-10.621,6.106
-2.436,-10.59,6.202
-2.969,-10.046,6.637
-3.237,-10.398,6.613
-2.742,-10.968,6.491
-2.137,-11.315,6.438
-2.33,-10.951,6.481
-2.598,-11.08,6.06
-2.062,-10.066,6.094
-1.95,-9.156,5.977
-1.847,-8.97,6.647
-2.041,-8.975,6.706
-2.517,-8.733,6.053
-2.304,-8.058,5.446
-1.881,-8.003,5.678
-1.139,-7.226,6.17
-1.072,-6.84,6.005
-0.969,-7.594,5.491
-0.986,-7.326,5.24
-0.766,-7.111,5.168
-0.723,-6.702,5.747
-0.943,-7.163,5.941
-0.61,-7.498,5.919
-0.467,-7.539,5.252
-0.574,-7.654,4.785
-0.718,-7.223,5.883
-0.581,-7.23,7.393
-0.158,-7.75,7.355
-0.208,-8.144,6.546
-0.108,-8.106,5.699
-0.103,-7.654,5.651
-0.191,-7.127,6.606
-0.129,-7.388,7.257
-0.23,-7.884,7.173
-0.493,-8.156,6.532
0.096,-7.903,6.304
0.158,-7.687,6.589
-0.263,-7.498,6.967
-0.304,-7.699,6.958
-0.194,-7.101,7.35
0.184,-6.68,6.994
0.065,-6.637,7.015
0.148,-6.393,7.137
0.285,-6.017,7.661
0.493,-5.656,7.527
0.366,-6.063,7.74
0.287,-6.149,7.876
0.127,-4.39,8.262
-0.06,-3.737,8.448
0.06,-3.608,8.647
-0.323,-3.467,8.695
-0.421,-2.536,8.477
0.012,-0.854,7.867
0.005,0.809,7.666
-0.732,1.175,8.75
-1.177,2.742,9.568
-0.95,3.941,9.331
-0.706,9.436,8.599
-1.026,12.42,7.967
-2.637,10.365,6.029
-4.618,9.235,6.137
-4.826,9.455,5.826
-4.027,11.97,5.67
-3.151,13.035,6.946
-5.68,11.963,6.149
-6.046,12.64,5.213
-7.06,11.066,4.689
-7.692,7.551,2.565
-6.73,7.58,1.775
-7.601,5.077,1.605
-9.738,5.063,0.1
-10.802,1.548,2.172
-11.051,-1.639,2.998
-11.798,-1.89,2.127
-14.174,-7.745,4.577
-11.599,-11.176,6.855
-18.411,-10.35,6.47
-13.719,-17.746,7.709
-16.588,-23.005,11.425
-9.714,-24.455,16.487
-9.819,-23.883,19.631
-7.642,-16.167,23.222
-11.149,-14.549,19.933
-16.75,-14.133,19.069
-6.668,-5.771,16.226
-9.676,4.493,2.744
-11.896,-3.498,-0.646
-9.716,-0.526,2.048
-14.542,-7.202,2.503
-16.875,-6.831,4.577
-13.932,-13.559,5.486
-16.703,-16.992,9.238
-14.248,-21.32,13.066
-6.922,-24.725,16.298
-0.06,-22.646,18.117
-5.106,-14.315,20.442
-1.098,-14.82,18.045
-8.85,-13.185,17.906
-0.593,-13.073,15.547
-1.27,-6.127,11.685
4.388,-5.278,7.474
3.144,-6.309,2.723
4.204,-8.352,10.216
-0.048,-7.683,7.527
1.503,-7.235,7.565
-1.45,-8.783,7.259
-0.624,-11.484,4.273
-1.125,-9.47,1.357
-3.957,-9.149,1.184
-3.778,-8.197,0.761
-2.072,-7.529,-0.794
-1.426,-6.367,-1.27
-2.206,-9.362,-1.029
-1.256,-10.176,-0.991
0.29,-9.503,-1.318
-0.56,-9.152,-2.065
-0.464,-9.135,-3.139
0.199,-8.056,-1.866
0.354,-9.293,-1.23
1.148,-10.788,-1.962
0.869,-12.221,-2.333
0.194,-11.566,-2.326
0.048,-10.831,-2.359
0.27,-11.003,-2.137
0.294,-12.023,-2.05
0.16,-12.65,-1.34
-0.926,-12.755,-1.165
-1.385,-12.26,-1.285
-0.979,-12.059,-1.098
-0.244,-12.697,-0.648
0.029,-11.934,-0.048
-0.239,-10.613,0.703
-0.892,-10.046,1.189
-1.321,-9.841,2.572
-0.778,-9.692,2.519
-1.507,-10.8,7.728
-0.134,-7.965,7.154
-0.641,-7.793,6.254
-0.876,-7.448,5.565
0.95,-5.835,4.91
3.479,-7.235,3.46
3.957,-8.058,3.015
1.33,-6.816,5.312
-2.572,-9.372,6.881
-2.725,-9.221,6.029
-2.311,-7.766,3.295
-2.802,-7.759,1.605
-3.366,-7.692,2.732
-2.74,-7.673,4.917
-1.113,-8.264,6.245
-0.395,-9.424,5.895
-1.404,-9.563,6.101
-3.036,-8.62,7.62
-3.768,-8.843,8.266
-3.419,-9.228,7.549
-2.897,-10.243,5.206
-2.261,-10.31,5.539
-2.804,-9.929,6.85
-3.455,-10.111,7.271
-2.653,-10.69,6.709
-2.407,-10.556,4.996
-1.668,-8.795,5.0
-1.711,-7.431,6.237
-1.94,-7.379,6.967
-2.062,-8.293,6.647
-1.742,-8.106,5.309
-2.105,-7.443,4.955
-2.242,-6.862,6.766
-2.206,-6.594,7.393
-2.012,-7.161,6.546
-1.73,-8.07,5.513
-1.581,-7.584,5.087
-1.706,-7.187,6.214
-1.589,-7.101,7.084
-1.682,-7.84,7.221
-1.878,-8.532,6.276
-1.615,-8.381,5.783
-1.522,-7.766,6.443
-1.165,-7.577,7.383
-1.153,-8.171,7.233
-1.249,-8.876,6.577
-1.148,-8.585,6.094
-1.134,-8.092,6.654
-0.933,-7.683,7.221
-0.782,-7.922,7.391
-0.802,-8.144,7.08
-1.06,-8.108,6.118
-0.857,-7.393,6.046
-0.555,-6.761,6.838
-0.392,-7.159,7.534
-0.593,-6.845,7.278
-0.395,-6.446,6.491
-0.617,-6.453,6.235
-0.914,-7.01,6.292
-0.768,-6.608,7.159
-0.151,-5.938,7.807
-0.28,-6.07,7.738
-0.534,-5.192,7.833
-0.785,-5.969,8.087
-0.857,-3.991,9.357
-0.902,-3.405,9.087
-1.244,-3.9,8.666
-1.067,-2.431,8.685
-0.651,-0.67,8.855
0.132,0.266,8.044
-0.22,1.23,7.611
-0.818,5.441,8.515
-1.739,8.314,9.903
-2.586,11.774,8.041
-3.548,7.635,5.338
-4.544,10.252,5.603
-5.407,10.494,5.816
-4.773,11.032,4.326
-4.522,13.623,2.543
-5.907,11.685,3.431
-5.78,13.884,3.842
-6.58,12.195,4.29
-8.386,8.998,3.725
-8.369,6.436,2.376
-5.599,5.678,0.309
-8.546,2.452,2.634
-11.728,-0.462,2.517
-9.941,-2.558,2.56
-8.23,-2.512,1.194
-14.774,-8.601,4.264
-13.724,-11.398,5.608
-16.614,-15.769,8.967
-14.899,-16.049,11.987
-11.858,-22.684,14.906
-7.931,-22.629,14.992
-1.687,-22.433,19.047
-4.144,-13.97,19.409
-1.242,-10.257,18.511
-4.694,-9.719,13.765
-3.287,-7.482,9.18
-1.933,0.313,7.671
1.646,-10.336,1.806
4.276,-10.829,8.836
-0.766,-7.553,7.941
-4.687,-10.133,8.001
-4.441,-12.394,3.668
-1.361,-9.496,2.249
-0.136,-6.587,-0.134
-1.57,-8.522,-2.608
-2.838,-5.929,-2.342
-0.804,-7.68,-0.254
-1.041,-9.077,-0.388
-1.378,-7.666,-0.325
-0.672,-7.235,-0.443
0.182,-8.664,-1.845
2.015,-8.305,-3.079
-0.483,-10.082,-2.182
-0.349,-8.575,-1.828
0.696,-10.25,-1.701
1.869,-11.03,-2.244
1.562,-10.877,-2.419
1.617,-10.494,-3.086
1.34,-11.41,-3.139
1.448,-12.841,-2.321
1.747,-12.094,-1.665
1.232,-12.858,-1.376
0.931,-11.97,-0.9
0.045,-11.403,-0.579
-0.706,-12.501,-0.785
-0.402,-11.798,-1.529
-0.407,-11.771,-1.28
-0.792,-11.886,0.531
-0.385,-10.692,2.467
0.098,-9.487,2.967
0.263,-8.85,3.39
-0.301,-8.984,7.029
1.471,-7.199,8.896
3.149,-6.757,9.345
2.809,-7.697,7.637
2.675,-6.403,5.436
2.603,-6.781,4.319
1.916,-8.135,5.036
0.713,-8.865,5.235
-1.17,-8.683,5.728
-2.082,-9.068,4.218
-4.386,-8.994,1.885
-4.369,-8.723,2.333
-3.249,-7.508,5.134
-1.658,-8.862,6.563
-0.218,-9.221,4.357
-1.359,-8.195,4.697
-2.622,-7.276,7.575
-2.622,-8.668,7.922
-3.232,-10.178,6.412
-3.005,-10.491,4.204
-2.271,-10.59,4.247
-2.038,-8.97,6.924
-1.859,-9.188,7.364
-2.785,-9.939,5.213
-2.833,-8.865,4.426
-1.938,-7.702,4.957
-1.27,-8.118,5.902
-1.488,-7.972,6.271
-1.452,-8.398,6.058
-1.376,-8.788,5.481
-1.512,-8.156,4.878
-1.471,-7.762,5.804
-1.409,-8.259,6.422
-1.407,-8.453,5.857
-1.256,-7.673,4.945
-0.799,-7.309,4.575
-1.055,-7.46,5.73
-1.014,-7.496,6.62
-0.677,-7.96,6.474
-0.423,-8.367,5.943
-0.49,-8.041,5.367
-1.06,-7.96,5.223
-1.223,-8.08,6.025
-0.869,-8.369,6.271
-0.55,-8.532,5.926
-0.634,-8.065,5.654
-0.73,-7.601,6.092
-0.622,-7.197,6.663
-0.55,-7.568,6.793
-0.792,-8.082,6.606
-0.897,-8.274,6.314
-0.581,-8.242,6.108
-0.395,-8.125,6.237
-0.79,-7.326,7.046
-0.438,-7.503,7.36
-0.725,-7.58,7.175
-0.237,-7.458,6.771
-0.579,-6.759,6.462
-0.902,-6.728,6.364
-0.275,-5.74,7.221
-0.409,-3.039,7.544
-0.773,-2.077,7.051
-1.046,-2.388,7.903
-1.328,0.866,9.034
-2.574,2.981,9.733
-2.773,5.615,9.499
-1.931,10.743,9.161
-2.641,10.482,8.077
-4.646,8.766,7.683
-5.335,9.037,6.192
-5.273,9.819,5.847
-5.666,10.393,7.726
-4.685,9.353,6.627
-5.45,9.36,6.809
-6.092,10.214,7.355
-6.699,8.527,6.503
-6.56,8.74,5.094
-7.563,6.728,3.761
-6.276,6.29,1.802
-5.376,5.663,1.838
-7.223,6.465,3.275
-8.369,5.395,1.706
-7.276,1.345,1.067
-7.74,-1.515,1.613
-9.97,-4.481,5.233
-13.482,-4.584,2.742
-9.144,-10.767,2.775
-12.394,-13.133,6.06
-17.882,-11.614,8.628
-16.272,-13.011,11.336
-10.908,-16.999,11.315
-11.42,-20.21,17.798
-7.747,-16.09,22.012
-5.386,-12.578,19.435
-6.017,-8.625,19.662
-4.587,-1.187,12.872
4.311,-0.584,4.627
0.419,-5.895,9.592
1.632,-6.754,9.118
1.069,-6.663,9.207
-0.201,-10.92,7.747
-3.122,-5.941,9.594
-2.168,-5.871,8.542
-2.01,-5.072,7.465
-0.62,-8.369,3.333
0.079,-8.539,-1.457
-1.39,-7.501,-0.61
-3.943,-10.692,-1.928
-1.62,-8.826,-0.639
-5.398,-10.702,-0.026
-1.754,-11.575,1.105
0.916,-8.728,-0.139
-1.026,-10.829,0.038
-0.469,-12.26,-0.481
-1.093,-11.549,-0.452
0.103,-11.243,-0.28
0.237,-12.494,-0.624
0.278,-11.389,-0.718
0.275,-10.877,-1.194
-0.345,-10.848,-1.175
-0.519,-11.085,-0.636
-0.086,-11.082,-0.223
-0.029,-11.623,-0.304
0.414,-10.652,-0.316
0.392,-10.635,0.002
-0.191,-10.381,0.658
-0.852,-10.678,0.974
-0.926,-10.094,0.95
-0.615,-9.566,1.0
-0.955,-9.556,1.184
-1.189,-9.695,1.079
-1.282,-9.948,0.904
-1.215,-10.006,0.902
-1.129,-10.07,1.206
-1.4,-9.9,1.761
-1.285,-9.695,1.907
-1.022,-9.137,2.321
-0.256,-8.915,2.811
-0.022,-9.144,2.962
0.577,-8.941,3.216
1.026,-9.161,3.618
0.761,-9.589,4.134
-0.01,-9.819,4.378
-0.316,-9.865,4.283
-0.108,-9.884,4.029
0.263,-10.295,3.785
0.194,-10.807,4.01
0.242,-10.374,4.809
0.093,-10.061,5.261
0.091,-9.951,5.618
0.347,-9.822,5.881
0.636,-9.527,5.797
0.615,-9.025,6.008
1.115,-8.152,6.398
1.201,-7.364,7.039
1.199,-7.053,7.503
1.27,-6.639,7.807
1.79,-6.199,7.797
2.352,-5.73,8.123
2.149,-5.453,8.635
1.754,-4.948,8.829
2.077,-4.457,8.879
2.584,-4.17,8.711
3.579,-2.881,8.884
3.149,-1.909,9.022
2.998,-1.258,8.979
3.618,-0.211,8.802
4.048,0.56,8.955
4.144,1.27,9.412
3.826,1.763,10.001
3.563,2.503,10.537
3.472,2.275,10.929
3.591,2.369,10.178
4.304,3.847,9.506
3.749,4.601,8.742
2.751,4.651,7.558
2.213,4.395,4.972
-25.163,-43.533,37.817
-14.463,23.311,10.779
8.185,7.706,9.79
-3.161,0.402,6.934
5.412,4.28,10.36
3.22,2.955,7.285
2.79,3.622,9.912
2.45,2.969,9.365
2.196,3.531,9.63
2.493,2.498,9.833
2.357,2.517,9.965
1.297,2.749,9.886
0.486,3.747,9.716
0.01,2.78,8.723
-1.416,-1.66,3.467
-2.369,-2.462,2.149
-2.763,-1.981,0.294
-2.926,-2.402,-2.239
-6.173,-2.132,-4.39
-10.735,-0.739,-3.232
-14.561,-2.464,-0.895
-17.011,-5.527,5.103
-13.918,1.653,12.238
-16.188,8.568,14.013
-17.191,2.254,14.214
-17.396,1.424,11.982
-18.531,0.098,12.066
-25.235,-1.139,9.319
-0.67,2.141,7.829
-6.005,0.679,9.795
-0.206,4.307,8.683
-4.826,-0.51,8.946
-2.414,2.462,9.125
-1.058,3.043,9.46
-1.653,2.218,9.527
1.235,1.648,10.458
-2.79,-0.926,8.262
-1.077,1.826,9.192
-2.842,-0.294,9.47
-1.369,2.098,8.728
-0.794,1.756,9.491
-2.524,-1.385,9.896
-1.457,2.584,9.405
-3.333,0.522,10.14
-1.866,4.524,11.676
-1.038,2.646,11.504
-0.88,3.433,10.92
-2.34,1.799,9.838
-2.565,2.357,11.551
-1.077,2.098,10.8
-0.842,1.89,9.515
-0.084,2.357,10.025
0.16,1.871,8.228
0.062,0.304,8.675
0.38,0.409,7.996
-1.192,0.775,9.35
0.062,-0.935,7.295
1.754,1.584,7.998
-2.44,0.215,10.341
1.125,0.215,8.352
-1.239,1.83,9.534
0.897,3.424,8.905
-1.012,1.06,9.027
0.012,2.216,8.92
0.208,0.866,8.685
-1.175,0.737,9.228
-0.141,3.742,8.594
-1.108,2.766,8.893
-1.043,3.414,8.408
-1.383,3.218,9.123
-0.873,6.087,9.649
-0.907,6.702,9.379
-0.49,8.056,7.96
0.366,6.584,5.362
-1.66,5.678,5.556
-2.675,6.783,6.355
-4.168,8.147,7.278
-3.979,10.214,5.962
-4.39,9.944,4.981
-3.95,8.738,5.467
-5.292,9.432,5.261
-6.702,8.982,6.015
-5.974,8.106,5.154
-6.324,7.441,3.266
-6.034,3.34,1.72
-6.532,4.431,2.857
-8.664,5.108,3.598
-9.171,1.069,4.677
-11.341,0.182,4.871
-10.853,0.263,1.835
-10.733,-1.242,2.687
-13.123,-5.718,-1.809
-12.796,-6.08,-0.419
-15.224,-10.879,1.101
-14.552,-15.356,3.663
-17.509,-14.458,7.972
-17.066,-11.626,8.618
-12.81,-15.222,8.814
-15.841,-17.59,10.735
-10.975,-22.794,8.979
-9.094,-17.87,9.42
-8.798,-20.614,12.499
-0.234,-24.825,12.152
-1.888,-14.523,14.279
-1.069,-12.874,13.052
-0.23,-7.68,13.013
-1.773,-16.236,18.193
-2.28,-2.177,17.566
3.838,-12.025,0.818
0.723,-3.486,6.357
2.132,0.065,-2.266
1.007,-7.91,2.163
-0.651,-7.297,2.141
-6.84,-7.015,2.247
13.097,-14.477,13.135
-3.555,-9.142,-2.393
-1.043,-14.023,-1.68
-3.039,-9.956,-1.371
-2.972,-11.401,-1.739
0.057,-9.977,-1.823
-1.421,-12.037,-0.847
-1.247,-13.217,0.165
0.861,-11.322,-0.069
0.543,-11.745,-0.022
-0.105,-12.647,0.144
-0.596,-11.767,0.804
-0.708,-10.58,1.847
-0.979,-11.523,2.687
-0.945,-10.302,3.713
0.124,-9.709,3.29
1.546,-8.867,2.85
0.768,-7.309,4.381
2.359,-8.4,5.704
3.216,-8.721,6.51
1.06,-10.31,5.821
-1.646,-7.864,6.328
-0.627,-10.982,7.252
2.115,-7.455,8.788
2.629,-9.171,5.754
1.074,-10.257,2.012
-0.433,-8.939,0.184
-3.333,-8.891,-0.124
-2.641,-7.9,0.73
-3.943,-9.503,1.206
-2.163,-10.264,0.718
0.421,-10.826,0.83
-0.514,-12.027,4.646
-3.29,-9.601,7.089
-4.036,-8.989,5.06
-1.847,-10.503,3.175
-0.758,-12.001,3.639
-2.811,-9.673,4.527
-3.467,-9.08,5.221
-2.187,-10.018,5.491
-2.294,-10.623,5.769
-1.859,-10.805,5.601
-2.082,-9.166,5.041
-2.383,-7.19,4.771
-2.046,-6.836,4.187
-1.584,-6.18,4.639
-0.912,-6.216,5.9
-0.627,-6.96,5.697
-0.325,-6.69,5.268
-0.498,-6.348,4.582
-0.242,-6.702,4.316
0.098,-7.41,4.639
-0.01,-8.537,4.79
0.158,-8.738,4.677
0.304,-8.032,4.479
0.799,-7.577,4.797
1.244,-8.08,5.388
0.912,-8.912,5.343
0.608,-9.128,4.759
0.706,-8.984,4.78
0.581,-8.905,5.469
0.546,-8.91,5.685
0.22,-8.757,5.364
0.297,-8.527,5.017
0.275,-8.262,5.589
0.376,-7.848,6.147
0.215,-7.984,6.278
0.447,-9.039,5.85
0.239,-8.467,5.8
-0.239,-7.807,6.281
0.096,-7.589,6.477
-0.251,-7.544,6.515
0.342,-8.041,6.125
0.457,-7.324,5.718
0.438,-6.812,5.663
0.206,-7.106,5.8
-0.036,-8.039,6.785
-0.459,-6.807,7.785
0.093,-3.608,8.742
-0.019,-4.364,8.747
-0.679,-5.637,8.364
-0.581,-3.498,8.396
-0.438,-0.562,8.946
-0.371,0.699,8.132
-0.613,1.761,8.252
-1.711,2.67,10.209
-1.419,4.761,10.128
-1.902,8.821,7.154
-2.448,10.944,6.738
-2.692,8.396,6.611
-2.696,12.908,6.905
-4.816,12.449,6.994
-4.859,11.114,5.757
-4.103,9.783,2.931
-3.811,13.152,3.962
-5.17,13.566,4.634
-6.192,12.226,2.792
-6.529,8.14,1.524
-5.728,8.941,2.644
-4.986,11.161,2.94
-6.398,7.367,1.51
-7.192,3.388,0.244
-7.4,4.022,0.077
-9.046,1.536,1.861
-10.456,-1.038,2.433
-12.221,-2.917,3.292
-14.671,-4.529,3.17
-15.494,-6.139,5.323
-14.631,-11.965,7.654
-16.92,-16.322,9.915
-10.101,-15.147,12.549
-9.647,-20.122,14.633
-8.795,-18.952,14.839
-2.936,-13.025,14.011
-5.45,-8.719,14.999
-7.113,-13.676,20.399
-6.69,-9.616,16.595
-3.656,-6.075,17.904
1.577,-4.223,10.735
6.314,-2.73,10.513
10.092,-9.037,17.066
-0.596,-8.996,8.458
-4.354,-7.383,8.659
-5.422,-9.965,5.568
-2.405,-7.687,0.742
0.412,-9.755,-1.529
-2.388,-11.676,-2.397
-0.1,-8.587,-2.476
-2.33,-11.183,-1.55
0.543,-10.338,-2.235
-0.469,-11.047,-0.108
-0.983,-12.609,0.084
-2.223,-12.475,0.902
-2.125,-12.659,0.1
-1.912,-11.642,0.646
-1.172,-11.927,1.213
-0.479,-11.326,1.378
-0.124,-10.984,1.187
-0.457,-12.47,1.388
0.1,-11.36,1.706
-0.493,-10.724,1.895
-0.62,-9.008,2.113
-1.806,-9.702,2.278
-0.902,-9.199,3.464
-0.014,-9.944,5.472
0.735,-9.204,4.493
0.522,-8.259,3.565
-1.665,-9.654,5.627
-0.488,-7.69,7.056
3.185,-6.022,9.159
4.539,-8.424,7.951
0.435,-11.011,4.084
-1.311,-8.982,3.029
-0.907,-7.151,2.227
-1.665,-7.252,1.33
-2.933,-9.025,2.089
-4.292,-11.396,3.548
-5.52,-12.042,1.443
-2.806,-7.065,2.503
-0.797,-6.809,5.694
-0.802,-11.271,5.926
-1.22,-11.628,5.185
-1.962,-9.484,5.773
-2.469,-9.367,6.491
-2.778,-10.058,6.501
-2.716,-10.128,5.639
-1.995,-10.054,5.249
-2.254,-10.312,5.749
-2.256,-9.417,6.644
-1.921,-9.128,6.187
-1.704,-9.319,5.666
-1.486,-8.506,4.62
-1.105,-7.264,4.601
-1.526,-7.391,6.254
-1.115,-7.783,6.264
-1.113,-7.924,5.343
-0.718,-7.697,4.304
-0.665,-7.422,4.811
-0.268,-7.41,6.295
-0.273,-7.663,5.895
-0.617,-8.321,4.809
0.12,-8.503,3.711
0.299,-8.053,4.292
-0.055,-8.087,6.056
-0.072,-9.049,6.185
-0.263,-9.075,5.297
-0.007,-8.594,4.529
0.151,-8.262,4.692
-0.024,-8.214,6.017
-0.043,-8.305,6.618
0.079,-8.668,6.173
0.077,-8.599,5.355
0.077,-8.166,5.632
-0.263,-8.135,6.888
-0.179,-8.403,6.962
-0.124,-8.352,6.663
0.086,-8.642,5.776
0.447,-8.759,5.345
-0.196,-7.683,6.168
-0.022,-7.532,6.544
0.273,-8.24,6.281
0.11,-7.47,6.115
0.447,-7.934,5.972
0.479,-6.934,6.587
0.603,-5.967,7.053
-0.091,-6.998,7.235
0.177,-7.73,6.991
0.431,-6.314,7.474
0.431,-5.242,7.522
0.108,-4.132,6.982
-0.297,-3.854,6.728
0.158,-0.924,7.558
0.641,0.359,6.903
-0.847,2.665,8.764
-1.486,6.257,10.319
-1.637,6.907,8.652
-1.78,9.056,7.18
-2.216,11.362,6.008
-4.673,12.173,5.678
-5.702,11.63,6.35
-6.13,10.401,5.546
-4.933,10.779,3.376
-4.965,12.657,2.56
-4.381,14.188,1.785
-6.666,15.013,3.259
-7.163,12.083,1.11
-7.498,9.594,2.665
-7.252,9.118,2.649
-8.08,8.91,2.785
-7.202,3.491,1.256
-9.125,5.438,2.768
-9.755,2.699,4.156
-10.374,-1.397,4.192
-11.8,-3.819,1.876
-11.855,-6.391,2.546
-15.212,-8.757,4.354
-13.997,-12.573,4.417
-19.456,-17.373,9.417
-15.746,-19.346,13.001
-13.848,-12.685,21.237
-10.281,-13.398,21.196
-8.118,-13.068,17.784
-5.962,-13.188,21.78
-8.25,-5.02,16.746
-5.45,-2.606,13.654
-0.488,-2.194,11.504
5.338,-2.529,14.987
2.579,-9.044,11.783
-1.739,-7.695,14.59
-2.629,-8.3,13.169
-4.288,-8.233,9.841
-3.314,-9.429,5.847
-1.201,-10.142,0.775
-1.993,-8.489,-1.828
-4.194,-9.805,-3.429
-3.68,-7.34,-0.933
-5.245,-10.238,3.051
-5.292,-10.13,2.62
-1.156,-11.326,-0.129
0.493,-9.872,-0.852
-0.325,-11.283,-1.172
-1.093,-11.917,-0.634
-1.534,-10.774,-0.285
-1.397,-11.114,0.438
-0.718,-12.489,0.72
-1.335,-12.779,0.83
-0.837,-11.819,-0.213
-0.342,-11.353,-0.199
-1.524,-10.841,1.409
-2.094,-10.853,1.955
-3.342,-11.609,1.153
-2.806,-12.288,1.864
-1.225,-10.006,3.967
0.557,-8.575,5.625
2.184,-6.364,3.68
1.261,-9.58,5.075
-0.49,-7.86,7.321
1.854,-7.893,8.597
3.464,-8.75,7.218
2.294,-9.132,5.347
-0.053,-7.517,4.486
-2.811,-9.152,4.78
-4.137,-6.922,4.223
-6.214,-8.283,3.493
-6.228,-10.769,4.043
-4.182,-10.121,3.433
-1.491,-7.972,2.869
-1.156,-7.97,4.627
-1.924,-8.809,6.333
-1.67,-9.573,6.582
-0.821,-8.549,5.347
-2.287,-8.671,4.62
-3.065,-8.967,4.977
-3.299,-9.721,6.015
-2.589,-10.176,6.333
-2.242,-9.999,6.053
-1.969,-9.793,5.182
-2.06,-8.924,4.515
-2.141,-7.644,4.761
-2.048,-7.305,7.017
-1.471,-8.116,7.345
-1.06,-8.915,5.881
-1.239,-8.032,4.991
-2.019,-7.348,5.005
-2.101,-7.702,6.144
-1.641,-7.996,7.192
-1.06,-8.884,6.694
-0.622,-8.719,5.472
-0.641,-7.836,5.115
-0.981,-7.671,5.603
-0.916,-8.022,6.273
-1.058,-8.518,6.072
-0.648,-8.953,5.635
-0.416,-8.142,5.704
-0.407,-7.793,5.838
-0.512,-7.79,6.635
-0.306,-8.099,6.685
-0.282,-7.845,6.608
-0.359,-7.604,6.051
-0.62,-7.604,5.9
-0.337,-8.228,5.847
-0.481,-8.266,6.314
-0.419,-8.096,6.666
-0.129,-7.458,6.558
0.275,-7.632,6.429
0.27,-7.907,6.537
0.292,-8.364,6.415
0.557,-8.659,6.359
0.443,-8.556,5.919
0.907,-7.238,6.005
1.019,-6.714,5.864
1.062,-7.656,5.673
0.861,-7.939,5.199
0.818,-7.017,5.974
0.66,-5.218,6.8
0.593,-4.692,6.843
0.108,-6.075,6.883
0.153,-5.216,7.197
0.242,-3.285,7.383
-0.146,-2.036,8.02
-0.11,-1.203,8.446
-1.215,-1.687,8.252
-1.677,0.529,7.919
-2.149,4.749,8.917
-1.715,5.218,9.52
-1.459,6.204,10.231
-0.991,7.343,7.776
-0.991,7.797,5.814
-1.672,10.936,6.276
-3.436,12.365,6.139
-4.185,9.446,6.233
-4.941,12.181,6.455
-5.666,13.575,5.517
-6.596,13.69,5.285
-7.185,11.228,2.053
-6.685,5.651,0.031
-5.816,10.343,1.153
-7.797,12.133,2.845
-9.073,10.113,3.316
-8.675,5.027,3.012
-8.18,5.599,3.823
-9.061,4.433,5.225
-10.03,1.943,4.651
-10.609,-1.515,1.038
-10.92,-3.448,2.629
-12.97,-9.467,-1.017
-15.626,-16.583,0.124
-16.918,-24.498,4.469
-17.968,-17.014,10.111
-13.025,-22.617,7.661
-10.085,-26.838,18.822
-9.946,-18.327,22.753
-10.604,-12.367,19.997
-9.3,-13.889,20.693
-6.295,-3.62,12.331
-5.658,-0.129,10.228
9.13,-3.039,11.872
1.979,-5.673,9.13
6.381,-5.735,12.269
-0.321,-5.075,11.171
2.783,-7.171,9.776
-0.935,-7.771,9.702
-2.361,-8.324,6.599
-1.936,-7.273,1.577
-1.419,-10.891,-0.636
-5.41,-11.169,0.258
-6.115,-11.582,0.299
-5.792,-9.042,1.127
-2.696,-11.846,1.067
-3.199,-11.231,-0.167
-1.414,-12.769,-1.871
-1.263,-13.083,-0.754
-1.105,-12.69,0.091
-1.622,-13.468,0.213
-1.299,-12.542,0.713
-1.242,-12.367,0.84
-0.596,-11.776,1.156
-1.007,-10.441,1.345
-1.543,-10.941,1.797
-1.713,-11.913,1.725
-0.689,-10.484,1.572
-0.153,-8.513,4.175
2.012,-5.089,7.618
4.747,-9.855,7.912
4.098,-7.867,5.922
-1.354,-6.659,3.706
-2.921,-9.57,4.826
0.409,-8.917,6.276
2.799,-7.898,8.025
0.536,-6.989,6.23
-2.357,-8.874,2.696
-2.742,-7.625,-0.601
-4.448,-7.594,0.254
-4.922,-8.601,2.95
-4.457,-10.81,2.598
-2.929,-10.121,3.299
-1.247,-7.864,4.737
-2.376,-9.159,6.273
-2.103,-10.479,7.094
-1.993,-9.58,5.024
-2.984,-9.159,5.556
-3.567,-10.259,6.611
-3.5,-10.448,7.099
-2.864,-10.259,6.508
-2.548,-9.884,5.754
-2.986,-8.85,5.24
-3.747,-7.601,5.886
-2.773,-8.027,6.06
-2.031,-8.013,5.989
-1.68,-8.175,5.591
-2.074,-8.341,5.769
-2.328,-7.824,6.699
-2.28,-8.111,6.539
-1.596,-7.762,5.958
-1.55,-7.814,5.103
-1.22,-8.451,4.539
-1.156,-8.152,5.639
-0.574,-7.709,6.307
-0.907,-7.869,6.108
-1.227,-8.022,5.194
-1.062,-7.974,4.833
-0.723,-7.491,5.776
-0.467,-7.551,6.472
-0.175,-7.699,6.202
-0.158,-7.788,5.646
-0.089,-7.8,4.895
-0.352,-7.771,5.201
-0.144,-8.108,5.625
-0.349,-8.4,5.879
-0.239,-8.472,5.814
-0.306,-8.51,5.733
-0.438,-8.317,5.967
-0.316,-8.173,6.161
0.057,-8.209,6.491
-0.321,-8.006,6.682
-0.426,-7.864,6.312
-0.225,-7.716,6.426
-0.225,-8.36,6.977
0.022,-8.307,6.924
0.17,-7.881,6.493
0.093,-7.34,6.082
0.086,-7.776,5.74
0.06,-7.795,6.015
0.297,-7.283,6.907
-0.132,-6.517,7.226
0.268,-5.316,7.123
-0.443,-4.651,7.23
-0.105,-5.807,6.415
-0.83,-4.395,6.994
-0.727,-2.986,7.68
-0.995,-3.266,7.367
-1.024,-2.637,8.003
-0.95,-2.347,8.735
-1.132,-1.761,9.647
-1.105,-1.108,8.821
-1.586,3.196,8.924
-1.747,5.149,10.101
-1.974,4.953,9.862
-1.12,7.003,8.728
-0.835,9.494,7.998
-3.5,12.35,6.9
-5.39,13.647,6.745
-6.06,9.331,5.443
-5.591,9.393,3.792
-6.233,10.939,5.079
-5.986,12.207,3.338
-7.206,12.906,3.187
-8.419,8.202,-2.816
-7.367,6.965,0.534
-8.393,9.422,3.632
-9.747,7.125,1.242
-9.951,6.769,1.459
-11.917,-0.483,1.849
-13.497,-1.306,3.364
-15.212,-2.388,3.223
-14.954,-13.13,0.646
-14.212,-20.703,4.29
-21.287,-19.413,9.061
-14.143,-22.373,12.341
-1.091,-1.938,8.257
-0.644,-1.397,8.302
-0.507,1.005,8.994
-2.158,3.163,10.003
-2.299,2.854,7.963
-1.878,5.955,6.733
-2.393,10.453,8.496
-2.268,11.733,7.281
-3.845,10.704,5.536
-3.957,10.192,3.809
-6.254,11.035,5.414
-6.663,13.15,4.804
-7.015,12.805,3.969
-7.465,14.32,3.433
-6.644,12.066,1.014
-6.938,12.932,1.888
-8.946,13.896,3.225
-9.415,4.541,2.101
-8.477,5.355,1.732
-8.836,3.323,1.017
-9.972,3.783,0.912
-11.755,-1.151,2.905
-11.207,-5.261,4.213
-14.152,-4.271,2.28
-15.444,-3.323,2.83
-14.671,-14.501,5.022
-16.32,-14.652,8.951
-14.463,-20.402,11.934
-12.267,-20.189,13.463
-10.544,-22.0,16.305
-9.238,-16.301,17.203
-11.496,-17.408,19.27
-9.551,-16.437,24.699
-12.717,-6.804,18.624
-0.598,-2.031,10.838
1.471,-1.206,9.621
-0.278,-10.283,10.245
1.352,-7.503,12.69
-4.369,-7.96,9.984
-5.259,-4.01,7.769
-3.0,-6.623,5.536
-3.127,-8.592,3.63
-2.735,-8.269,1.948
-2.644,-10.369,-0.474
-1.634,-8.338,0.749
-3.996,-11.949,-0.957
-3.754,-11.781,-1.225
-3.828,-9.982,-1.864
-1.787,-10.621,-1.615
-0.919,-10.338,-1.318
-1.077,-10.968,-0.134
-1.113,-11.771,0.031
-0.876,-12.133,-0.553
-0.086,-11.381,-0.682
0.27,-10.704,-0.136
1.414,-10.302,0.522
1.515,-9.281,1.103
0.16,-10.044,0.577
-0.431,-11.001,0.373
-1.038,-11.125,1.5
-0.974,-10.128,2.378
-1.086,-7.891,1.684
-1.084,-7.376,6.211
0.294,-8.077,6.534
1.486,-7.829,8.336
2.361,-8.252,7.843
2.153,-9.089,3.362
1.823,-8.599,3.687
0.675,-6.491,6.905
-0.002,-7.288,8.594
-0.239,-7.525,7.491
-1.598,-10.551,5.388
-0.955,-11.697,0.292
-3.488,-9.199,2.024
-5.446,-11.439,4.022
-2.68,-11.817,5.12
-0.333,-11.061,5.381
-2.237,-9.089,4.182
-5.4,-8.96,5.065
-4.242,-9.668,6.357
-2.785,-11.805,5.931
-2.83,-10.606,6.077
-4.0,-8.735,5.505
-4.029,-9.35,4.699
-3.201,-10.164,5.264
-3.469,-10.257,5.343
-3.249,-9.269,4.11
-3.539,-7.587,3.931
-2.859,-6.515,4.613
-2.464,-7.965,7.008
-1.194,-7.907,6.015
-1.725,-7.29,4.56
-2.079,-6.675,3.809
-2.639,-6.886,4.572
-1.924,-7.376,5.764
-0.773,-8.297,5.536
-0.488,-8.604,4.867
-1.002,-7.965,4.991
-1.529,-8.338,6.096
-0.632,-8.257,6.257
-0.407,-8.568,6.013
-0.163,-9.192,5.108
-0.634,-8.594,4.79
-0.962,-8.295,5.577
-0.675,-8.508,6.204
-0.483,-8.903,6.142
-0.251,-8.594,5.084
-0.242,-8.498,4.587
-0.292,-8.106,5.132
-0.591,-7.986,5.922
-0.742,-8.376,6.319
-0.189,-8.678,5.871
0.144,-8.582,5.323
-0.163,-7.967,5.374
-0.177,-7.905,5.599
-0.153,-7.955,6.249
0.026,-8.592,6.23
0.081,-8.006,5.864
-0.022,-7.599,5.761
-0.407,-7.75,5.886
-0.414,-7.601,5.623
-0.423,-7.082,5.673
-0.282,-6.596,6.094
-0.412,-6.19,7.003
-0.34,-6.027,7.678
-0.813,-4.098,7.573
-0.603,-2.917,6.869
-0.601,-2.385,6.8
-1.814,-2.184,7.467
-1.412,1.818,8.013
-2.015,5.656,9.006
-1.428,10.056,9.9
-2.034,9.668,9.211
-2.95,13.535,7.491
-3.771,10.011,4.627
-6.63,11.176,5.625
-8.032,7.479,5.981
-7.96,14.564,6.843
-7.668,14.468,6.087
-7.23,10.968,0.957
-6.608,10.697,-0.861
-8.721,4.699,-0.457
-7.51,9.566,1.857
-9.652,7.563,1.567
-9.783,5.503,1.113
-10.762,-0.821,2.369
-10.334,-1.83,3.496
-14.64,-3.677,2.95
-14.114,-4.079,1.782
-14.958,-11.19,3.357
-16.913,-12.726,6.101
-14.509,-15.391,5.032
-12.36,-26.299,9.68
-12.92,-25.153,12.791
-10.743,-23.864,17.219
-9.195,-12.556,18.88
-14.056,-18.782,21.38
-10.872,-11.36,15.284
-8.781,-7.702,18.294
-8.082,-3.706,15.619
-4.749,-6.876,10.752
-4.486,-5.847,15.346
3.309,-4.319,14.08
1.199,-3.517,12.097
-1.488,-6.204,8.518
-3.031,-7.893,6.003
-5.091,-7.613,2.29
-0.443,-6.233,0.5
-1.036,-8.23,-1.254
-1.349,-8.821,-0.191
-5.443,-10.302,0.201
-5.73,-8.936,-5.582
-0.775,-9.594,-0.378
-1.653,-10.814,-0.983
-2.227,-9.274,-0.067
-0.34,-10.647,0.337
-1.742,-11.781,1.148
-1.012,-11.669,1.318
-0.153,-11.829,1.129
1.426,-10.283,1.182
0.924,-10.874,1.113
-0.605,-11.274,1.632
-0.847,-11.827,0.967
-0.952,-12.611,0.651
-0.51,-12.721,1.048
0.234,-10.365,1.572
-0.33,-8.565,2.969
-0.182,-9.644,3.713
-0.737,-9.726,5.591
0.768,-9.132,6.493
0.952,-7.008,7.092
0.742,-4.589,9.898
2.366,-3.531,8.295
0.419,-7.072,5.477
-0.22,-8.898,3.864
-0.5,-8.963,2.919
-1.794,-7.58,2.718
-2.814,-8.778,0.041
-4.479,-8.683,0.251
-4.615,-8.702,3.252
-2.976,-8.056,7.974
-3.323,-10.152,7.663
-3.039,-11.391,3.297
-3.18,-11.496,3.979
-4.254,-9.611,7.089
-4.414,-8.731,8.159
-4.369,-10.063,6.173
-3.113,-10.472,4.297
-2.804,-11.226,4.536
-3.22,-10.283,5.993
-3.783,-9.369,6.838
-3.381,-8.455,6.565
-3.333,-8.848,5.283
-2.802,-8.68,4.034
-2.606,-7.69,5.41
-2.316,-6.764,7.584
-2.663,-7.501,7.151
-2.802,-8.13,5.288
-2.5,-7.651,4.278
-1.873,-7.702,5.106
-1.5,-7.288,6.888
-1.247,-7.161,6.967
-1.727,-7.862,6.08
-1.593,-7.963,5.027
-1.225,-7.697,4.752
-1.098,-7.4,5.682
-1.215,-7.75,6.924
-1.089,-8.558,6.814
-1.012,-8.465,6.362
-0.926,-8.479,6.046
-0.9,-8.197,6.4
-0.952,-8.085,6.994
-0.857,-7.656,7.175
-0.852,-7.599,6.627
-0.852,-7.793,6.269
-0.591,-7.86,6.13
-0.684,-7.728,6.553
-0.378,-7.328,6.584
-0.23,-6.85,6.558
-0.361,-6.953,6.728
-0.574,-6.434,6.568
-0.72,-6.501,6.757
-0.663,-6.917,7.295
-0.479,-6.348,8.01
-0.854,-5.776,8.192
-1.328,-4.914,7.967
-0.835,-4.087,7.793
-0.567,-3.196,8.199
-0.562,-3.484,8.498
-0.349,-0.818,8.082
-0.189,-0.23,8.558
-0.715,-1.986,7.687
-0.892,-0.802,8.324
-1.419,2.338,9.652
-3.024,5.568,10.994
-2.797,6.714,10.219
-2.397,7.393,7.745
-3.151,8.888,6.137
-3.807,8.393,6.618
-4.589,7.606,5.35
-4.871,14.047,6.601
-6.671,14.009,7.517
-6.321,10.96,6.726
-2.936,7.517,4.606
-4.898,14.169,6.637
-6.113,13.721,6.515
-7.793,12.25,5.103
-6.769,11.386,3.405
-6.484,7.594,2.673
-6.309,5.182,0.452
-5.407,4.51,-0.091
-5.367,3.567,0.354
-8.288,3.723,1.725
-9.243,1.436,2.902
-10.121,2.347,2.881
-10.92,-1.029,3.771
-11.504,-3.589,2.684
-14.341,-6.876,2.663
-16.937,-7.716,6.343
-18.392,-12.348,9.853
-15.7,-12.379,10.975
-11.877,-16.262,14.81
-14.377,-10.929,14.707
-10.228,-13.678,14.595
-7.144,-10.85,16.152
-10.106,-11.886,15.126
-7.077,-4.216,17.349
-4.146,-6.797,16.559
-6.166,-4.735,10.257
4.888,-2.617,10.286
4.845,-3.103,7.302
4.008,-9.104,6.147
-1.921,-6.41,3.431
-11.214,-11.224,7.037
-1.189,-7.9,5.678
-6.326,-11.645,5.431
-6.412,-11.767,1.402
-5.852,-9.006,-0.103
-5.749,-10.484,-0.263
-2.448,-11.329,-0.313
-2.421,-9.307,0.246
-2.952,-11.149,0.794
-3.101,-13.226,-0.069
-1.826,-11.573,-1.184
-2.95,-13.834,-1.782
-1.481,-10.771,-1.187
-0.744,-12.941,-0.945
-1.345,-11.209,0.502
-1.101,-12.018,-0.215
-0.904,-11.96,-0.062
-1.409,-12.836,0.301
-1.581,-12.044,1.098
-1.797,-10.647,1.869
-1.125,-10.905,2.347
-0.464,-9.621,3.33
0.263,-8.259,4.972
1.17,-7.113,6.651
1.804,-6.541,7.625
0.679,-6.247,6.738
-0.443,-6.623,4.883
-1.086,-6.551,6.099
1.648,-4.764,6.74
2.768,-5.926,6.058
0.11,-6.924,3.07
-1.096,-7.687,1.381
-0.194,-6.52,1.488
-2.751,-7.958,3.005
-3.287,-9.109,3.048
-2.924,-9.477,0.601
-2.141,-9.199,3.998
-3.943,-8.271,8.941
-3.407,-9.156,9.455
-3.524,-11.181,7.924
-4.266,-11.704,5.398
-5.063,-9.357,5.879
-5.079,-7.879,6.812
-4.555,-9.726,7.773
-3.311,-9.238,7.419
-3.185,-9.24,5.891
-3.503,-8.305,5.199
-3.106,-7.587,5.797
-2.976,-7.228,6.759
-2.311,-8.312,6.649
-1.771,-8.893,5.146
-1.237,-8.264,3.967
-1.55,-7.936,5.273
-2.165,-8.006,6.613
-2.706,-7.927,6.529
-1.598,-8.403,5.752
-0.979,-8.087,4.785
-1.278,-7.934,5.654
-1.5,-7.616,6.84
-1.404,-7.673,6.498
-1.23,-8.321,5.989
-0.967,-7.927,5.209
-1.122,-7.577,5.178
-1.311,-7.412,6.415
-1.093,-7.529,6.814
-0.878,-8.147,6.563
-0.632,-7.867,6.113
-0.835,-7.809,6.288
-1.122,-7.807,6.73
-1.476,-7.448,7.094
-1.577,-7.479,7.092
-1.349,-7.735,6.974
-0.873,-7.381,6.816
-0.337,-7.199,6.673
-0.388,-7.001,6.883
-0.624,-6.934,6.819
-0.84,-7.015,6.465
-0.55,-7.166,6.295
-0.421,-7.089,6.35
-0.354,-7.355,6.783
-0.227,-7.147,6.893
-0.34,-6.704,6.962
-0.182,-6.745,7.075
0.024,-7.005,7.29
-0.112,-6.905,6.958
-0.258,-6.702,7.678
-0.237,-7.135,7.529
-0.292,-6.977,7.852
-0.225,-5.623,7.85
0.249,-5.859,7.64
-0.435,-4.993,8.147
-0.589,-2.893,9.149
-0.447,-3.388,9.137
-0.974,-2.361,9.42
-0.656,-1.598,8.905
-0.273,-1.132,7.97
-0.462,2.072,7.869
-2.369,4.969,10.972
-1.854,8.333,7.994
-1.976,9.51,5.426
-2.232,7.886,3.685
-2.95,9.623,3.754
-5.386,12.745,6.927
-7.616,12.81,6.738
-3.728,10.075,0.206
-7.333,16.904,1.304
-6.802,13.142,-0.254
-6.563,11.446,-0.067
-6.434,11.03,3.094
-8.965,11.879,2.598
-8.757,8.415,0.648
-8.12,4.8,1.235
-8.451,3.338,0.727
-7.963,2.67,2.079
-9.266,4.015,4.331
-12.994,-0.086,3.986
-10.283,-6.005,2.103
-12.652,-5.498,4.24
-15.803,-10.463,5.802
-16.36,-10.326,6.651
-14.702,-13.028,9.972
-12.989,-20.679,12.233
-13.81,-20.512,12.693
-10.561,-15.26,15.042
-14.401,-14.382,16.602
-11.688,-11.192,14.53
-9.989,-12.733,14.69
-0.292,1.605,7.439
-1.254,4.905,8.441
-2.431,9.812,8.8
-4.436,10.987,9.537
-5.852,10.269,6.85
-5.13,7.972,4.886
-5.709,7.18,3.833
-6.137,11.953,4.443
-5.326,12.788,6.046
-7.226,12.685,5.627
-7.515,12.463,3.182
-6.828,10.846,1.878
-6.864,10.738,2.684
-6.807,9.199,2.089
-8.336,5.3,-0.426
-9.745,4.041,1.172
-6.917,6.343,1.907
-9.527,3.644,2.031
-10.606,3.943,-0.196
-11.145,-1.519,2.756
-11.91,-9.221,5.0
-15.569,-10.893,5.115
-17.992,-9.343,6.333
-20.727,-10.637,12.073
-17.454,-17.411,14.188
-6.8,-21.086,9.781
-9.532,-20.54,12.635
-9.152,-20.705,20.906
-13.91,-14.317,20.48
-13.626,-11.355,19.779
-13.47,-11.154,16.238
-8.62,-3.441,22.402
1.067,-6.47,15.15
-1.239,-2.072,7.534
2.55,-7.41,12.886
1.062,-5.627,9.601
-0.062,-6.008,7.534
-0.998,-3.842,3.663
-4.084,-8.113,1.823
-0.78,-5.795,1.498
-1.194,-5.814,-0.921
-4.541,-11.59,2.249
-4.453,-11.281,1.909
-1.294,-12.846,0.234
-1.605,-10.436,0.203
-0.847,-10.221,-0.636
0.103,-10.724,-2.22
0.708,-10.078,-1.737
-1.802,-13.702,0.522
-2.385,-13.315,0.505
-0.907,-12.329,0.907
0.335,-11.341,1.062
-0.029,-11.358,1.45
-0.333,-10.592,1.907
-0.62,-9.862,2.266
-1.515,-9.967,2.665
-1.754,-11.259,2.735
0.045,-9.544,2.972
0.519,-7.192,5.127
0.931,-6.247,6.08
1.182,-1.694,9.518
0.471,-9.759,9.283
1.785,-6.546,7.924
1.113,-7.604,7.113
1.541,-7.324,6.02
-1.486,-9.226,3.369
-2.072,-8.79,3.364
-2.158,-7.587,3.043
-3.077,-8.912,3.053
-2.517,-8.922,5.606
-2.625,-9.087,4.477
-2.534,-7.51,4.259
-2.893,-7.245,6.08
-3.85,-8.757,6.187
-3.268,-9.276,5.615
-3.5,-10.168,4.395
-3.687,-7.754,5.376
-4.747,-6.608,7.508
-3.625,-9.101,7.149
-2.517,-10.774,5.958
-2.969,-10.314,4.668
-3.943,-9.563,5.541
-4.271,-9.295,6.704
-3.689,-9.637,6.738
-2.835,-9.238,6.029
-2.457,-8.876,4.991
-2.596,-8.463,5.711
-2.613,-7.532,7.264
-2.826,-7.829,6.888
-2.85,-7.943,5.527
-2.199,-8.01,5.221
-2.091,-8.144,5.766
-2.326,-7.364,7.029
-2.294,-7.616,6.474
-2.187,-8.53,5.28
-1.414,-7.879,4.343
-1.292,-7.343,4.969
-1.273,-7.465,6.716
-1.079,-8.01,6.63
-1.242,-7.958,5.529
-0.837,-7.41,4.687
-0.907,-7.472,5.156
-0.998,-6.895,6.534
-1.266,-7.458,7.029
-1.376,-8.384,5.991
-1.366,-8.422,5.142
-1.196,-8.405,5.072
-1.22,-7.864,6.764
-1.244,-8.319,7.496
-1.215,-8.74,7.336
-0.799,-8.544,6.783
-0.598,-7.833,5.986
-0.876,-7.553,6.376
-0.816,-7.625,6.742
-0.311,-7.991,6.764
-0.127,-7.367,6.443
-0.318,-7.005,6.072
-0.304,-7.276,5.838
-0.184,-7.625,6.103
-0.201,-7.403,7.027
-0.517,-7.127,7.429
-0.577,-6.493,7.685
-0.694,-5.673,7.474
-0.732,-5.532,7.577
-1.194,-5.981,7.491
-0.689,-4.651,7.817
-0.758,-3.768,8.348
-0.459,-2.589,8.247
-0.931,-2.61,7.972
-1.347,-1.163,7.226
-1.998,1.627,8.4
-2.34,3.653,9.015
-2.742,5.194,9.307
-2.622,7.534,7.986
-3.187,8.594,7.254
-3.701,9.714,6.455
-3.129,9.889,5.096
-3.869,10.609,4.78
-4.125,9.869,4.579
-6.063,8.525,4.548
-7.465,11.657,4.209
-5.843,15.97,4.68
-5.962,15.884,3.383
-7.362,10.348,-0.438
-7.656,8.001,1.751
-7.19,9.247,0.232
-6.548,11.274,-0.017
-9.601,7.063,0.804
-9.223,2.936,0.955
-9.271,1.778,1.871
-10.36,0.254,1.591
-11.752,0.971,2.558
-13.494,-5.352,1.139
-13.178,-15.485,1.785
-15.93,-12.307,4.524
-18.303,-11.724,7.673
-16.717,-16.128,10.401
-13.08,-22.435,12.659
-13.248,-17.999,14.655
-14.406,-21.28,18.126
-14.26,-14.724,17.071
-11.477,-13.083,22.383
-16.959,-5.335,20.335
-9.168,0.565,19.588
-3.802,-5.24,12.827
-3.321,-4.723,12.315
-3.692,-7.632,7.23
-2.35,-4.84,9.269
-2.055,-5.338,8.79
-3.799,-4.57,7.192
-0.215,-3.881,3.725
-1.696,-5.213,3.256
-2.974,-9.118,1.096
-3.551,-8.788,-1.388
-4.673,-8.221,0.031
-3.579,-10.013,-0.136
-4.472,-10.013,0.802
-2.986,-10.271,0.754
-4.18,-10.829,-0.443
-3.661,-11.432,0.108
-3.388,-12.054,0.428
-1.579,-11.724,0.435
-0.141,-10.968,1.369
0.251,-11.685,1.364
-0.05,-12.987,1.242
1.366,-12.25,1.759
1.778,-10.379,1.364
0.876,-10.41,2.005
-1.409,-11.271,2.847
-2.067,-12.846,3.826
-1.012,-11.834,4.151
-1.0,-9.276,5.29
-0.378,-8.068,6.108
-2.06,-7.003,6.484
-1.108,-6.436,6.13
-0.849,-8.917,5.802
-1.316,-5.19,7.233
-0.689,-5.364,5.79
-3.225,-7.711,5.156
-3.196,-6.828,5.548
-3.275,-6.419,4.804
-4.132,-9.597,5.857
-6.594,-8.486,4.596
-5.821,-6.182,3.015
-1.462,-4.407,2.931
1.4,-4.902,5.158
1.16,-7.412,4.811
-0.713,-9.018,3.742
-2.725,-7.735,4.73
-3.972,-5.989,6.795
-4.113,-7.271,7.805
-3.005,-9.362,8.175
-2.134,-9.527,6.513
-2.732,-9.542,5.008
-3.517,-9.056,4.864
-2.83,-8.408,6.584
-1.986,-9.018,7.281
-1.964,-10.314,6.673
-2.043,-10.154,5.642
-2.761,-9.676,5.268
-2.615,-8.506,5.941
-2.094,-7.888,6.661
-2.11,-8.257,6.613
-1.962,-7.958,5.745
-2.474,-7.632,5.493
-2.256,-7.551,5.606
-1.921,-7.58,5.594
-2.139,-7.63,5.343
-2.239,-7.891,4.469
-2.634,-8.01,4.529
-2.804,-6.91,6.13
-2.036,-7.266,6.455
-1.9,-7.637,5.694
-2.376,-7.821,4.371
-2.826,-7.843,4.417
-3.055,-6.513,5.948
-2.316,-6.446,7.362
-1.56,-7.206,6.422
-2.053,-8.369,5.005
-2.512,-8.068,4.922
-3.316,-7.357,5.563
-3.898,-7.013,6.714
-3.426,-7.649,7.096
-3.196,-8.106,6.924
-3.029,-8.321,6.087
-3.441,-9.345,6.149
-2.972,-7.386,6.814
-3.378,-7.769,7.57
-3.51,-7.651,8.644
-3.658,-7.561,8.577
-3.175,-7.13,8.369
-3.187,-6.606,7.824
-4.091,-8.113,8.539
-4.012,-5.802,10.357
-3.345,-5.62,10.355
-3.307,-5.103,10.147
-2.885,-4.694,10.08
-0.615,-2.452,9.08
0.577,-0.471,9.097
1.558,4.273,10.429
2.012,6.477,11.989
2.376,7.508,10.975
1.45,6.197,9.795
2.01,4.271,7.723
1.091,2.029,-1.735
-0.031,-15.702,-9.221
-3.804,4.165,11.188
0.103,14.092,18.676
-5.699,5.56,9.68
2.082,6.788,7.907
2.428,4.893,7.675
0.632,6.07,8.58
1.493,5.338,8.199
1.158,6.02,8.376
0.725,5.029,9.482
0.459,5.19,9.324
0.086,5.637,8.795
0.208,5.754,8.647
0.337,4.201,9.223
-0.438,5.166,9.759
-1.156,5.532,9.666
-1.373,6.477,9.922
-1.342,6.202,9.496
-1.251,5.264,10.116
-1.349,5.292,12.389
-3.11,6.52,14.413
-2.562,7.809,13.032
0.318,6.496,11.786
2.041,7.467,15.131
3.328,11.69,17.136
3.512,7.314,12.039
6.027,9.532,11.429
4.156,11.348,10.941
4.204,10.322,7.991
4.431,10.391,6.025
4.768,10.932,6.379
2.024,9.381,8.35
2.175,8.034,7.092
-0.151,5.704,5.285
-1.22,5.759,8.453
-9.374,-6.135,10.822
-1.625,4.67,5.493
-1.177,0.239,8.795
0.4,4.835,8.128
-0.024,13.712,-0.725
5.503,16.963,-4.242
6.907,16.377,-4.78
3.878,9.613,-5.522
2.12,-0.895,-5.965
-3.553,-3.328,-5.766
-1.957,-4.34,6.493
-1.945,-11.53,27.842
10.513,-4.622,-2.515
12.714,-12.245,-0.388
8.321,-1.132,5.601
6.24,8.245,7.285
6.704,9.08,10.338
8.197,5.405,8.077
7.127,2.388,6.41
6.07,1.852,5.663
4.749,0.613,6.082
6.474,2.481,6.407
8.898,4.608,6.694
7.773,3.541,6.728
7.714,3.223,6.977
7.46,3.778,6.694
6.97,3.342,6.302
7.556,3.046,6.156
6.979,3.029,6.216
6.797,3.663,6.149
6.431,3.56,5.984
7.192,3.653,6.209
6.764,3.35,5.888
6.761,3.266,5.776
6.936,3.431,6.063
6.563,3.4,5.764
7.013,3.759,5.835
6.087,3.618,5.833
6.965,3.759,5.898
7.168,3.558,5.797
7.075,5.051,4.969
6.836,4.132,5.505
6.467,3.833,5.785
6.974,3.565,5.577
7.149,4.034,5.709
6.766,4.378,5.711
7.063,3.943,5.702
7.106,4.024,5.577
6.946,4.352,5.441
6.843,3.725,5.19
7.211,3.991,5.548
7.221,4.558,5.596
6.927,4.096,5.446
7.003,3.953,5.139
6.974,3.682,5.304
7.106,3.914,5.292
7.259,4.189,5.204
7.197,4.972,5.632
7.623,5.264,5.728
7.24,4.419,5.134
6.723,4.108,5.103
7.094,4.352,5.048
6.745,4.228,5.106
6.915,4.352,5.211
6.809,4.41,5.218
7.099,4.436,5.118
7.056,4.41,5.125
7.314,4.658,5.462
7.096,4.811,5.254
7.161,4.517,5.197
6.682,4.443,5.347
7.211,4.852,5.544
6.931,5.144,5.682
7.056,5.649,6.053
6.917,4.589,5.225
8.123,3.613,5.218
6.967,3.948,5.977
6.716,5.123,6.694
7.259,4.108,6.769
6.209,4.424,6.682
4.843,3.747,6.941
6.001,6.376,7.477
6.041,4.737,7.4
7.35,5.144,8.178
7.328,6.343,7.331
5.692,6.331,8.051
6.955,2.84,7.161
3.467,2.984,8.137
4.883,3.675,7.551
3.725,6.814,7.68
4.888,8.113,9.331
5.056,-4.067,8.561
0.136,-0.859,6.982
4.821,9.953,8.711
4.522,0.385,9.338
2.005,0.455,10.346
3.819,-1.529,8.776
4.115,-1.256,7.51
3.969,-2.393,7.381
3.842,0.548,8.597
-0.9,0.488,9.764
2.596,-4.957,11.023
3.46,-4.036,11.623
3.481,-1.201,11.671
2.017,-0.048,11.587
1.287,0.278,9.857
1.926,1.433,10.279
1.28,0.675,10.233
1.503,0.077,9.869
2.943,1.294,6.596
0.861,2.536,9.58
1.634,0.557,10.027
0.39,-0.084,10.066
0.947,0.201,10.341
0.691,0.364,10.331
0.254,-0.787,9.944
0.285,-1.294,10.087
1.096,-1.11,10.424
1.139,-0.706,9.936
0.799,-0.232,9.305
0.988,-1.12,9.86
0.538,-1.625,9.857
0.756,-2.065,9.81
0.493,-2.153,9.879
0.644,-2.058,9.652
0.634,-2.019,9.838
0.553,-2.328,9.855
0.203,-2.139,9.869
0.703,-1.857,10.044
0.761,-1.945,10.183
0.699,-1.548,9.819
0.414,-1.613,9.633
0.158,-1.536,9.554
0.306,-1.311,9.891
0.431,-1.268,10.049
0.546,-1.079,10.03
0.435,-1.096,9.867
0.457,-1.373,9.891
0.215,-1.613,9.86
0.0,-1.732,9.965
0.249,-1.541,10.006
0.1,-1.804,10.056
0.069,-1.811,10.212
0.182,-1.747,9.975
0.273,-1.869,9.924
0.132,-1.916,9.814
0.033,-2.113,9.738
0.136,-2.005,9.865
0.187,-1.859,10.003
0.199,-1.962,9.96
0.16,-2.096,9.812
-0.053,-2.318,9.829
0.179,-2.127,9.719
0.273,-1.95,9.817
0.206,-1.9,9.979
0.16,-1.979,10.075
0.108,-1.907,10.034
0.153,-2.024,9.867
0.311,-1.861,9.829
0.244,-2.015,9.767
0.081,-2.115,9.91
0.476,-2.015,9.896
0.931,-2.105,9.788
0.486,-2.407,9.68
0.572,-2.184,9.841
0.962,-0.316,9.549
-1.397,-0.73,9.939
0.007,-1.325,10.262
0.943,-1.302,10.037
0.873,-1.596,9.843
0.232,-1.79,9.865
0.225,-1.926,9.977
0.536,-1.323,9.91
0.354,-1.058,9.972
0.488,-0.986,10.011
0.519,-1.704,10.027
0.723,-2.239,9.707
0.723,-2.495,9.644
0.223,-1.431,9.917
0.854,-2.201,10.02
0.689,-1.479,9.917
0.691,-2.043,10.085
1.002,-2.572,9.676
1.507,-3.058,9.341
0.919,-3.077,9.333
0.797,-2.543,9.711
0.895,-2.029,9.924
0.708,-1.565,10.09
1.036,-1.593,9.764
0.562,-2.361,9.812
0.735,-2.266,9.738
0.763,-2.357,9.735
0.498,-2.232,9.719
0.967,-2.149,9.822
0.88,-2.127,9.494
0.366,-1.983,9.759
0.407,-1.818,9.881
0.335,-2.027,9.848
0.191,-1.436,9.733
0.263,-0.534,10.008
0.672,0.036,10.051
1.012,1.23,10.128
1.354,1.562,10.176
0.057,1.431,10.267
0.471,1.321,10.322
0.522,1.182,10.125
0.34,1.73,10.243
0.77,0.383,10.243
0.036,-0.505,9.972
-0.359,-1.754,9.767
0.184,-2.323,9.695
0.73,-0.909,9.678
1.498,2.206,9.647
-0.823,0.9,10.594
1.787,-0.632,10.145
1.727,0.031,9.64
0.301,-1.369,10.037
0.191,-1.33,9.606
1.948,-0.38,9.683
2.007,-0.017,9.877
1.596,0.804,9.613
-0.356,-0.163,10.398
1.306,-0.227,10.125
0.196,-0.019,9.958
2.007,0.172,9.654
0.261,-0.4,10.362
-1.122,-2.402,10.305
2.644,0.598,9.807
0.859,-0.156,9.843
1.328,1.249,9.936
-0.287,2.321,10.018
1.909,-0.629,10.231
1.254,0.392,9.822
1.431,-0.739,9.616
1.572,-0.878,9.539
1.902,-0.665,9.745
1.737,0.06,9.692
1.378,0.548,10.032
2.591,-1.223,9.767
2.165,-1.993,10.31
1.256,0.249,9.769
-1.067,-0.763,10.384
0.359,0.182,10.149
0.488,-0.234,10.221
0.718,-0.701,10.097
1.098,-0.522,9.982
0.818,-1.113,9.929
1.091,-1.062,9.886
0.605,-1.029,9.822
0.56,-0.689,9.915
0.048,-0.876,10.063
0.684,-1.041,10.003
1.16,-1.225,10.092
1.031,-0.926,9.795
0.51,-0.904,9.948
0.029,-0.861,9.8
0.701,-0.794,10.08
0.567,-0.914,10.042
0.462,-1.065,10.015
0.419,-1.105,9.903
0.309,-0.766,9.862
0.565,-0.952,10.034
0.256,-0.744,9.963
0.337,-0.739,9.96
0.474,-1.098,10.02
0.323,-1.065,10.025
0.44,-1.168,9.958
1.452,0.742,9.963
0.356,-0.849,10.037
0.036,-0.79,10.171
-0.189,-1.412,9.996
0.215,-1.065,10.08
0.799,-0.921,9.97
1.043,-0.947,9.889
0.823,-0.624,10.008
0.313,-0.9,10.034
0.443,-1.062,10.094
0.34,-0.971,10.238
0.325,-0.888,10.173
0.574,-0.902,10.032
0.45,-0.713,9.762
0.239,-0.469,9.824
0.459,0.091,9.929
1.05,-0.079,10.015
0.986,-0.254,10.008
0.883,-0.447,9.506
0.651,-0.481,10.025
1.01,-0.651,9.97
0.835,-0.476,10.02
0.632,-0.412,10.03
0.215,-0.328,10.015
0.211,-0.431,9.951
0.821,-0.488,9.972
1.022,-0.833,9.999
0.553,-1.136,9.896
0.986,-0.727,10.011
0.811,-0.421,10.092
0.378,-0.744,10.113
0.419,-1.165,10.037
0.232,-1.069,10.097
0.12,-0.813,9.944
0.419,-0.782,10.02
0.816,-0.758,9.865
0.957,-0.746,10.111
0.62,-0.603,10.231
0.744,-1.074,10.008
0.792,-1.345,10.018
0.368,-1.302,9.965
0.359,-1.361,9.999
1.467,-0.467,9.14
0.084,-1.299,10.106
0.562,-1.251,9.946
0.639,-0.83,9.709
1.019,-1.184,9.759
0.634,-1.036,10.178
0.572,-1.455,10.147
0.45,-1.448,10.178
0.632,-1.507,10.159
0.179,-1.44,9.831
0.026,-1.218,9.525
0.304,-1.297,9.676
0.29,-1.342,9.929
0.304,-1.421,10.046
0.249,-1.541,9.953
0.084,-1.756,9.946
0.122,-1.897,10.051
0.187,-1.869,9.857
0.519,-1.589,9.721
0.385,-1.192,9.92
0.392,-0.723,10.08
0.321,-0.739,9.872
0.148,-1.034,10.09
0.249,-1.443,10.075
0.172,-1.601,9.757
0.254,-1.601,9.582
0.065,-1.524,9.944
0.112,-1.759,10.008
0.062,-1.646,9.936
0.146,-1.735,9.917
0.11,-1.591,9.893
0.163,-1.455,9.8
0.483,-1.495,9.85
0.349,-1.263,9.97
0.371,-1.457,9.92
0.376,-1.431,9.963
0.342,-1.797,9.975
0.29,-1.95,9.807
0.474,-1.883,9.917
0.584,-1.73,10.049
0.301,-1.555,10.008
0.189,-1.893,10.085
0.416,-1.995,9.934
0.203,-1.84,9.688
0.321,-1.584,9.771
0.361,-1.433,9.709
0.572,-1.651,9.661
0.086,-1.842,10.135
0.022,-1.778,9.939
-0.01,-2.182,9.824
0.079,-2.194,9.549
0.218,-1.983,9.762
0.376,-2.086,9.829
0.182,-1.933,9.994
0.007,-1.605,10.267
0.368,-1.153,9.994
0.474,-1.591,10.156
0.452,-2.048,9.872
0.282,-2.015,9.898
0.29,-1.828,9.81
0.038,-1.749,9.889
0.206,-1.792,9.812
0.084,-1.56,9.621
-0.029,-1.218,9.695
0.242,-1.469,10.013
0.4,-1.33,10.176
0.426,-1.347,9.956
0.933,-1.885,9.9
0.043,-1.869,9.805
-0.232,-2.275,9.862
0.024,-2.108,9.776
-0.117,-2.29,10.142
0.323,-2.101,9.843
0.079,-1.794,9.872
0.249,-2.153,9.764
-0.05,-1.96,9.984
0.321,-1.916,9.802
0.589,-2.091,10.027
0.213,-1.89,9.857
0.065,-1.969,9.826
0.232,-1.715,9.683
0.653,-2.531,9.822
0.488,-2.381,9.948
-0.132,-2.05,9.967
0.117,-1.835,9.743
0.091,-1.637,9.838
0.311,-1.847,9.786
0.653,-1.876,9.774
1.074,-2.261,9.788
0.012,-1.854,10.008
0.376,-2.098,9.733
0.443,-1.971,9.697
0.335,-1.668,9.783
0.246,-1.818,9.704
0.763,-2.182,9.728
0.679,-1.926,9.822
0.498,-2.05,9.831
0.29,-1.708,9.8
0.414,-1.67,9.745
0.641,-1.5,9.781
0.866,-1.981,10.08
0.218,-2.084,9.972
0.309,-2.271,9.786
0.144,-2.263,10.008
0.421,-2.151,9.927
0.383,-1.84,9.857
0.546,-1.799,9.726
0.268,-1.644,9.867
0.074,-1.948,9.841
0.17,-1.852,9.932
0.435,-1.936,9.972
0.555,-1.991,9.946
0.402,-2.235,9.814
0.179,-2.149,9.836
0.11,-2.062,9.841
0.364,-2.003,9.9
0.371,-1.759,9.733
0.462,-1.888,9.709
0.342,-1.914,9.807
0.421,-2.194,9.891
0.208,-2.024,9.755
0.134,-2.012,10.008
0.203,-1.979,9.865
0.074,-1.835,9.759
0.421,-1.904,9.946
0.445,-1.94,9.908
0.373,-1.639,9.817
0.031,-1.9,9.819
0.179,-1.981,9.764
0.196,-1.885,9.826
0.275,-1.871,9.865
0.065,-1.553,9.984
0.196,-1.672,10.027
0.33,-1.586,9.979
0.404,-2.309,9.905
0.328,0.677,11.336
1.744,8.498,6.429
-1.323,-13.183,13.877
0.962,-0.78,8.757
-0.136,-1.605,9.934
-0.227,-1.885,9.819
0.471,-2.125,9.879
0.579,-2.328,9.819
0.234,-0.514,9.951
-0.347,-0.854,10.042
0.29,-1.921,10.085
0.347,-2.024,10.015
0.486,-1.976,9.922
0.294,-1.625,9.81
0.1,-0.802,9.889
0.211,-1.689,9.819
0.345,-1.529,9.96
0.404,-1.696,9.848
-0.132,-1.663,9.936
-0.019,-1.486,9.812
0.072,-1.287,9.934
-0.057,-1.412,9.891
0.27,-1.086,10.082
0.163,-1.306,10.099
0.223,-1.352,10.073
0.182,-1.524,9.934
-0.002,-1.218,9.915
0.187,-1.081,9.939
0.175,-1.486,9.939
0.167,-1.33,9.972
-0.038,-1.4,9.912
0.11,-1.641,9.91
-0.132,-1.524,9.967
0.045,-1.419,9.982
0.172,-1.392,10.02
0.194,-1.225,9.96
0.045,-1.251,9.979
0.237,-1.227,9.987
0.392,-1.091,10.075
0.112,-1.464,10.063
0.158,-1.373,10.2
0.34,-1.182,10.07
0.141,-1.086,10.056
0.206,-0.696,10.025
0.668,-0.598,9.963
0.562,-0.435,9.865
0.519,-0.581,9.972
0.337,-0.517,9.838
0.268,-0.457,9.865
0.5,-0.435,10.037
0.55,-0.455,10.135
1.153,-0.751,9.884
0.964,-0.636,10.061
-4.29,-0.273,9.403
-5.582,-2.809,9.123
3.311,-0.629,9.649
1.885,0.112,10.393
0.242,0.16,10.231
1.656,-0.546,9.977
0.892,-0.569,9.934
0.534,-0.706,9.853
1.316,-0.4,9.917
1.232,-0.201,10.008
1.349,-0.153,10.051
1.306,-0.105,9.97
0.979,-0.151,9.848
0.871,-0.311,9.865
1.046,-0.44,10.039
1.038,-0.555,10.142
1.148,-0.519,10.058
1.156,-0.273,9.862
1.065,-0.227,10.046
1.01,-0.213,10.116
0.828,-0.435,10.073
0.904,-0.519,9.999
1.125,-0.29,9.762
1.392,-0.005,9.824
1.302,0.232,10.011
1.062,0.282,9.956
0.938,0.103,9.989
1.093,-0.029,10.078
1.136,-0.23,10.001
1.127,-0.23,9.889
1.235,-0.089,9.879
1.105,-0.151,10.006
0.943,-0.208,10.073
0.749,-0.323,10.111
0.94,-0.459,9.97
1.168,-0.337,9.912
1.163,-0.275,10.006
1.084,-0.27,9.999
1.002,-0.136,9.92
1.017,-0.153,9.855
0.835,-0.069,9.781
0.945,-0.033,9.905
1.132,-0.112,10.137
1.213,0.045,10.034
1.153,-0.206,9.9
0.888,-0.285,9.936
0.945,-0.189,9.862
1.163,0.007,9.97
1.18,-0.067,10.104
1.184,-0.251,10.09
1.227,-0.213,10.003
1.213,-0.223,9.932
1.036,-0.172,9.91
0.995,-0.184,9.972
1.069,-0.053,9.886
1.208,-0.031,9.956
1.108,-0.268,10.03
1.081,-0.354,9.956
1.192,-0.354,9.898
1.019,-0.328,9.843
1.012,-0.244,9.932
1.201,-0.268,9.977
1.242,-0.261,9.987
1.16,-0.388,9.951
1.01,-0.481,9.979
0.979,-0.629,10.032
1.019,-0.548,10.023
1.041,-0.433,9.989
1.093,-0.431,9.92
1.151,-0.4,9.956
1.127,-0.459,10.034
1.029,-0.553,9.908
1.007,-0.613,9.939
2.546,1.754,3.579
1.574,0.227,10.458
2.239,-1.66,10.001
0.924,0.309,9.944
2.735,1.242,10.192
-3.326,-4.053,10.295
-7.941,-5.833,10.336
6.053,2.515,7.302
5.225,3.859,11.051
-0.368,-3.773,8.896
0.5,-1.29,9.96
1.921,1.007,10.379
0.409,-1.165,9.755
1.041,-0.897,9.814
1.108,-0.227,10.128
0.983,-0.823,9.979
1.278,-0.835,9.92
1.007,-0.579,10.039
0.852,-0.804,9.987
0.931,-0.754,10.013
0.957,-0.565,10.023
1.156,-0.598,9.944
1.12,-0.459,9.795
1.077,-0.455,9.934
1.196,-0.402,9.972
1.053,-0.517,9.999
0.95,-0.711,10.008
0.967,-0.742,10.018
1.072,-0.589,9.941
1.136,-0.452,9.824
1.172,-0.395,9.996
1.206,-0.4,9.963
1.113,-0.479,9.96
1.067,-0.531,9.924
1.086,-0.555,9.965
1.172,-0.45,9.91
0.67,-0.562,9.977
1.345,-0.273,9.79
1.285,-0.187,10.082
1.668,-0.557,9.757
1.242,-0.301,9.92
1.419,-0.493,9.879
1.148,-0.421,9.893
0.909,0.098,10.085
0.701,-0.483,10.03
1.232,-0.33,9.762
1.4,0.007,10.03
1.182,-0.775,10.001
1.459,-0.388,9.96
1.189,0.089,10.173
1.019,-0.72,9.898
1.175,-0.758,9.798
1.199,-0.725,9.841
1.471,-0.505,9.857
1.512,-0.234,9.922
1.28,-0.072,10.03
1.218,-0.359,9.953
1.227,-0.581,9.881
1.148,-0.557,9.979
1.33,-0.304,9.946
1.103,-0.091,9.984
0.921,-0.127,10.044
1.086,-0.354,9.972
1.031,-0.445,10.023
1.156,-0.328,10.054
1.165,-0.44,9.934
1.117,-0.108,10.044
0.787,-0.644,9.877
1.232,-0.517,9.884
1.065,-0.428,10.061
1.105,-0.325,9.822
1.306,-0.022,9.917
1.053,-0.211,9.963
1.089,-0.428,9.975
1.043,-0.605,9.948
0.962,-0.462,9.9
0.991,-0.34,10.015
1.026,-0.368,10.018
1.074,-0.627,9.946
1.156,-0.624,9.965
1.261,-0.28,10.02
1.117,-0.06,10.006
1.007,-0.266,9.975
1.034,-0.567,9.944
1.014,-0.679,9.881
1.093,-0.629,9.936
1.129,-0.311,9.908
1.278,-0.282,9.941
1.215,-0.371,10.032
1.093,-0.4,10.066
1.074,-0.371,10.082
1.108,-0.309,9.927
1.192,-0.232,9.936
1.254,-0.421,9.891
1.251,-0.376,9.879
1.187,-0.385,9.936
1.12,-0.383,9.944
1.065,-0.335,10.037
1.053,-0.376,9.979
1.175,-0.29,9.975
1.206,-0.328,9.944
1.16,-0.299,9.905
1.16,-0.249,10.042
1.235,-0.301,10.044
1.156,-0.452,10.006
1.206,-0.598,9.843
1.182,-0.526,9.927
1.041,-0.397,9.96
1.091,-0.359,9.965
1.129,-0.412,9.999
1.06,-0.4,9.917
1.122,-0.639,9.905
1.187,-0.682,9.984
1.072,-0.651,9.987
0.974,-0.586,9.984
1.074,-0.579,9.917
1.065,-0.565,9.991
1.132,-0.687,9.869
1.168,-0.706,9.903
1.122,-0.591,9.956
1.093,-0.435,9.972
1.046,-0.565,10.044
1.05,-0.718,9.934
1.139,-0.593,9.948
1.163,-0.316,10.003
1.022,-0.062,10.054
1.275,-0.285,10.044
1.148,-0.756,9.922
1.136,-0.9,9.891
1.079,-0.802,10.032
1.263,-0.139,9.991
1.113,-0.301,9.898
1.318,-0.208,9.951
1.16,-0.38,9.996
1.036,-0.555,9.979
1.258,-0.345,9.936
1.141,-0.586,9.884
1.189,-0.601,9.939
1.249,-0.543,9.824
1.33,-0.366,9.946
1.031,-0.323,9.956
1.258,-0.232,9.891
1.314,-0.268,9.96
1.292,-0.345,10.025
1.223,-0.455,9.912
1.199,-0.51,9.96
1.148,-0.502,9.994
1.158,-0.378,9.91
1.17,-0.44,9.975
1.163,-0.555,9.967
1.182,-0.548,9.994
1.278,-0.462,9.967
1.192,-0.177,9.879
1.036,-0.345,10.07
1.077,-0.629,10.037
1.146,-0.744,9.843
1.18,-0.77,9.905
1.026,-0.081,10.099
0.921,-0.227,10.034
0.926,-0.397,9.889
1.421,-0.646,9.936
2.122,-0.847,9.874
0.723,-1.065,9.764
1.06,-0.823,9.841
1.835,-0.474,9.841
0.864,0.158,10.121
0.878,-0.12,10.03
1.543,-0.433,10.051
0.634,-0.842,10.099
0.804,-1.366,9.927
1.366,-0.914,9.752
1.687,-0.249,9.841
1.742,-0.313,9.944
1.101,-0.352,9.984
0.962,-0.452,9.989
0.938,-1.127,9.924
1.168,-0.589,10.106
1.5,-0.17,9.946
2.012,-1.842,9.439
-0.091,0.4,10.463
0.995,-0.364,9.838
1.605,-0.622,9.862
0.761,-0.574,10.087
1.503,-0.909,9.824
0.976,-0.926,9.972
1.019,-0.668,9.922
1.113,-0.385,9.932
1.122,-0.266,9.967
1.328,-0.318,9.939
1.189,-0.651,9.996
1.158,-0.947,9.967
1.146,-0.782,9.951
1.16,-0.447,9.965
1.347,0.83,8.348
1.096,-0.045,9.24
1.876,-0.371,10.635
1.866,0.117,10.314
2.57,-1.5,10.109
-0.134,-1.225,9.948
0.139,-1.378,9.845
0.211,-2.517,9.69
0.694,-1.95,9.886
-0.921,-5.194,5.632
3.452,4.503,10.145
1.302,-0.057,9.92
0.337,-2.311,9.582
1.529,0.749,10.202
1.218,-0.481,9.893
1.141,-1.144,9.831
1.108,-0.4,10.075
1.139,-0.708,9.927
1.199,-0.758,9.891
1.172,-0.55,9.898
1.258,-0.51,9.922
1.218,-0.534,9.905
1.144,-0.546,9.979
1.168,-0.567,9.994
1.201,-0.555,9.881
1.223,-0.505,9.877
1.254,-0.538,9.946
1.23,-0.577,9.967
2.651,-0.445,11.188
1.012,-2.572,9.893
0.907,-1.019,10.078
1.536,0.273,10.068
1.409,-3.405,9.42
0.89,1.086,10.413
1.314,0.651,10.25
1.27,-1.771,9.64
0.778,0.285,10.18
1.395,-0.378,9.948
1.282,-1.022,9.824
1.194,-0.584,10.049
1.254,-0.837,9.953
1.215,-0.711,9.872
1.196,-0.349,9.97
1.199,-0.335,10.006
1.237,-0.421,9.941
1.218,-0.596,9.941
1.227,-0.72,9.886
1.206,-0.562,9.939
1.278,-0.311,9.941
1.278,-0.311,9.956
1.177,-0.543,9.929
1.125,-0.835,9.944
1.192,-0.854,9.936
1.261,-0.684,9.946
1.302,-0.345,10.025
1.218,-0.333,9.994
1.12,-0.557,9.951
1.196,-0.653,9.932
1.333,-0.617,10.008
1.249,-0.428,9.881
1.153,-0.39,9.91
1.373,-0.421,9.932
1.357,-0.333,9.994
1.34,-0.414,9.975
1.23,-0.488,9.898
1.254,-0.435,9.86
1.225,-0.414,9.829
1.249,-0.376,9.915
1.404,-0.27,9.924
1.402,-0.218,9.972
1.273,-0.191,9.915
1.318,-0.244,9.941
1.227,-0.476,9.936
1.244,-0.507,9.898
1.318,-0.517,9.872
1.369,-0.352,9.838
1.239,-0.206,10.037
1.192,-0.206,10.068
1.278,-0.347,9.999
1.266,-0.557,9.874
1.292,-0.641,9.817
0.246,1.713,9.822
1.562,0.605,10.011
1.62,-1.916,9.623
0.773,-1.553,9.9
1.256,-3.701,9.18
1.462,1.725,10.47
0.749,-1.44,9.738
1.282,-0.876,9.805
1.345,0.412,10.085
1.28,-0.438,9.874
1.12,-0.45,10.003
1.053,-0.706,9.956
1.014,-0.88,10.006
1.055,-0.909,9.879
1.16,-0.792,9.86
1.203,-0.629,9.934
1.134,-0.579,10.008
0.998,-0.699,10.056
1.055,-0.811,10.018
1.046,-0.751,9.841
1.103,-0.641,9.807
1.089,-0.622,9.972
1.079,-0.677,9.932
1.065,-0.694,9.939
1.072,-0.72,9.927
1.031,-0.79,9.939
1.067,-0.804,9.977
1.218,-0.708,9.944
1.11,-0.744,9.934
0.869,-0.818,9.922
1.005,-0.679,9.874
1.232,-0.66,9.891
1.127,-0.668,9.939
1.134,-0.739,10.008
1.091,-0.802,9.984
1.084,-0.766,9.912
2.586,1.067,10.197
0.912,-2.4,9.769
0.256,-0.782,9.991
1.388,-2.646,9.795
1.223,0.122,10.039
1.113,-0.239,9.941
0.959,-1.701,9.85
0.952,-0.11,10.145
1.026,-0.88,9.996
0.969,-1.189,9.807
0.921,-0.864,9.917
1.11,-1.022,9.886
1.096,-0.782,10.02
1.017,-0.794,9.96
0.957,-0.926,9.941
1.127,-0.981,9.944
1.055,-0.873,9.941
0.938,-0.859,9.941
1.055,-0.799,9.932
1.127,-0.88,9.927
1.0,-0.912,9.967
1.053,-0.933,9.893
1.029,-0.907,9.929
1.058,-0.809,9.893
1.127,-0.792,9.946
1.172,-0.797,10.011
1.06,-0.847,9.979
1.0,-0.888,9.97
1.062,-0.79,9.896
1.093,-0.691,9.915
1.115,-0.718,9.939
1.182,-0.677,9.994
1.084,-0.742,9.912
1.093,-0.773,9.932
1.129,-0.651,9.896
1.062,-0.658,9.975
1.177,-0.636,9.936
0.89,-0.4,9.106
0.455,1.081,10.195
0.904,-0.658,9.991
1.847,-1.715,9.644
0.335,0.234,10.2
1.431,-1.349,9.714
1.043,-0.711,9.776
1.177,-0.385,9.979
1.151,-0.723,9.886
0.955,-0.593,10.023
1.129,-0.861,10.032
1.108,-0.888,9.824
1.122,-0.703,9.798
1.034,-0.538,9.939
1.089,-0.586,9.97
1.034,-0.742,9.97
1.105,-0.849,9.881
1.278,-0.77,9.912
1.223,-0.534,9.994
1.108,-0.596,9.97
0.924,-0.837,9.941
1.036,-0.919,9.987
1.067,-0.823,9.956
1.266,-0.39,9.845
1.402,-0.129,9.893
1.263,-0.01,9.944
1.34,-0.167,9.979
1.144,-0.56,9.994
0.924,-0.864,9.963
1.002,-0.916,9.862
1.034,-0.763,9.74
1.11,-0.462,9.874
1.39,-0.019,9.946
1.299,-0.105,9.893
1.125,-0.464,9.936
1.043,-0.711,9.915
1.038,-0.816,9.922
1.031,-0.701,9.994
1.345,-0.412,9.862
1.208,-0.237,9.972
1.17,-0.49,9.956
1.036,-0.691,10.003
0.995,-0.861,9.994
2.529,-0.194,11.42
0.246,-1.33,9.857
1.158,-1.117,9.795
1.574,-0.924,9.9
1.002,-2.055,9.594
1.168,-4.352,9.336
1.275,1.469,10.424
1.127,-0.94,9.951
1.046,-0.67,9.953
0.852,0.223,10.104
0.94,-0.854,9.745
1.172,-0.699,9.783
1.22,-0.746,9.877
1.117,-0.845,9.924
1.089,-0.634,9.956
1.136,-0.572,9.922
1.002,-0.543,10.056
0.964,-0.45,9.946
0.995,-0.639,9.898
1.005,-0.766,10.025
0.971,-0.732,10.013
1.031,-0.715,9.967
1.127,-0.677,9.908
1.101,-0.278,9.9
1.029,-0.51,9.86
0.9,-0.854,10.075
0.995,-1.103,10.025
1.153,-1.27,9.946
1.074,-1.144,9.936
1.019,-1.029,9.903
1.012,-0.849,9.881
0.933,-0.706,9.948
0.931,-0.732,9.91
1.017,-0.691,9.843
1.01,-0.88,9.867
-1.615,2.115,9.436
1.45,0.112,9.81
1.452,-0.335,9.819
1.215,-1.129,9.833
0.921,-1.821,9.68
0.924,-1.869,9.786
0.952,0.481,10.312
1.151,1.163,10.214
0.9,-1.704,9.68
0.888,0.541,10.324
1.089,-0.285,10.14
1.036,-0.821,9.812
1.122,-0.589,9.889
1.235,-0.744,9.92
1.067,-0.605,9.936
1.019,-0.402,10.008
1.096,-0.459,9.889
1.079,-0.481,9.989
1.017,-0.543,10.001
1.077,-0.531,9.922
1.268,-0.211,9.826
1.371,-0.081,9.836
1.177,-0.223,10.056
1.086,-0.158,10.109
1.132,-0.208,9.929
1.158,-0.301,9.879
1.144,-0.249,9.905
1.218,-0.211,9.881
1.256,-0.002,9.944
1.175,-0.089,10.001
1.062,-0.34,9.977
1.074,-0.624,9.912
2.653,-1.735,11.508
0.689,1.395,10.798
1.586,-1.689,9.556
1.268,0.199,10.255
1.019,-3.795,9.592
0.091,-4.113,9.156
2.381,4.051,10.609
0.859,-0.931,9.889
0.924,-2.747,9.367
1.165,1.29,10.391
0.952,-0.287,10.082
0.907,-0.603,9.865
0.933,-0.409,10.104
1.215,-1.103,10.037
1.335,-0.799,9.936
1.424,-0.641,9.929
0.737,-0.579,9.939
0.596,-0.412,9.975
1.002,-0.409,9.989
1.282,-0.361,9.862
1.33,-0.443,9.905
1.18,-0.754,9.948
0.895,-0.969,10.023
0.785,-0.976,9.994
0.787,-0.775,9.817
1.098,-0.342,9.865
1.287,-0.342,9.991
1.196,-0.586,9.965
1.017,-0.605,9.946
0.962,-0.668,9.884
0.962,-0.658,9.893
0.699,-0.766,10.101
1.325,-0.299,9.869
0.935,-0.395,10.003
1.529,-0.438,10.056
1.366,0.06,10.125
1.048,-0.371,9.86
1.436,-0.732,9.893
0.916,-0.474,10.121
0.883,-0.979,9.972
0.866,-0.873,10.025
0.974,-0.785,9.903
1.373,-0.349,9.927
1.538,-0.349,9.812
1.117,-0.404,9.688
1.048,-0.665,9.786
0.991,-0.175,9.628
1.18,-0.608,10.252
0.94,-0.974,10.25
1.055,-0.414,10.228
1.18,-0.725,9.668
1.168,-0.098,9.79
1.373,-0.187,9.793
0.924,-1.093,9.692
1.038,-0.821,9.872
1.249,-0.167,9.975
1.682,-0.148,10.027
1.177,-0.538,10.094
0.947,-0.591,9.857
1.11,-1.043,9.767
1.215,-0.883,10.02
1.062,-0.969,9.932
1.239,-0.672,9.999
1.0,-0.548,9.829
1.113,-0.065,9.934
1.108,-0.395,9.958
1.06,-0.744,9.934
0.938,-0.708,9.91
1.067,-0.543,9.893
1.196,-0.385,10.044
1.227,-0.517,10.037
1.117,-0.605,10.034
0.974,-0.921,9.932
1.043,-0.735,9.917
1.299,-0.713,9.917
0.933,-0.656,9.932
0.969,-0.538,9.786
0.964,-0.644,9.92
1.024,-0.802,9.932
1.034,-0.761,10.051
1.067,-0.775,10.046
1.122,-0.742,9.999
0.62,-0.943,9.886
0.95,-0.78,9.941
1.06,-0.869,9.972
1.005,-0.981,10.051
1.014,-0.988,10.018
1.464,-0.895,9.92
0.964,-0.959,9.829
0.888,-0.909,9.688
1.067,-0.835,9.831
1.062,-1.098,10.054
1.022,-1.256,10.156
1.11,-1.306,9.982
0.823,-1.031,9.889
0.828,-0.9,9.862
0.79,-0.849,9.946
0.718,-0.907,10.023
0.895,-0.89,10.032
1.069,-0.883,10.046
1.144,-0.696,9.927
1.199,-0.555,9.946
0.947,-0.998,9.865
0.89,-1.031,9.8
0.624,-1.175,9.922
0.761,-0.598,10.097
0.33,-0.359,10.549
1.014,-1.12,9.857
1.249,-0.802,9.9
0.986,-0.907,9.903
1.01,-0.864,9.963
0.758,-1.323,9.841
0.873,-1.058,9.977
1.074,-1.091,9.874
0.947,-0.84,9.915
0.979,-0.613,10.054
1.849,-2.383,10.42
0.481,-0.44,10.152
0.914,-0.9,9.956
0.909,-1.065,9.972
0.916,-0.94,9.936
0.952,-0.785,9.795
1.022,-0.857,10.037
0.969,-1.129,9.965
1.457,-1.725,10.121
0.935,-0.61,10.324
0.828,-0.665,9.886
1.203,-0.617,9.793
1.294,-0.596,9.848
1.01,-0.919,9.831
0.998,-0.857,10.027
0.909,-1.213,9.934
1.213,-0.577,9.814
1.153,-0.069,10.178
1.395,-0.785,9.877
1.237,-0.739,9.767
1.278,-0.546,9.771
0.845,-1.249,9.807
1.203,-0.732,9.723
1.29,-0.651,9.869
-0.029,1.426,7.491
0.725,-0.165,10.314
1.254,-1.328,9.829
0.706,-0.299,10.197
1.349,-0.61,9.922
1.199,-0.455,9.929
0.902,-1.129,9.726
0.952,-0.931,9.898
0.964,-0.9,9.91
1.237,-0.665,9.891
0.775,0.904,10.386
1.273,-1.479,9.831
1.022,0.017,10.011
0.94,-0.967,9.743
1.172,-0.44,10.046
0.897,-0.931,9.905
1.103,-0.813,9.891
1.101,-0.952,9.826
-0.081,1.172,7.795
0.845,-0.345,10.413
1.747,-0.603,9.69
1.041,-0.005,10.037
1.101,-0.768,9.934
1.084,-0.66,9.893
0.864,-1.017,9.767
1.0,-1.058,9.829
1.089,-0.813,9.867
-0.522,2.412,6.486
0.345,0.608,10.279
1.187,-1.531,9.812
0.957,-0.05,10.161
0.902,-1.093,9.867
0.723,-1.105,9.843
1.029,-0.402,9.896
0.995,-0.988,9.922
1.053,-0.758,9.908
0.991,-0.825,10.006
2.352,-5.223,12.839
1.029,-1.854,10.164
1.431,-0.481,9.881
0.928,-0.835,10.02
1.041,-0.694,9.934
1.122,-0.718,9.81
0.854,-1.333,9.795
0.907,-1.086,9.848
1.074,-0.962,9.841
2.615,-4.977,11.362
0.701,-0.897,10.329
1.127,-0.756,9.867
0.837,-0.89,9.982
1.249,-0.455,10.015
0.967,-0.95,9.9
0.768,-1.194,9.769
1.079,-0.837,9.855
1.168,-1.031,9.79
0.014,1.074,7.733
0.347,0.775,10.19
1.019,-0.634,9.726
0.976,-0.546,10.092
0.737,-1.428,9.929
1.091,-0.144,9.86
0.892,-0.83,9.81
0.921,-1.081,9.793
1.026,-1.093,9.836
0.938,-0.768,7.582
0.584,-0.665,10.252
1.211,-1.665,9.702
0.536,-0.522,10.034
1.17,-0.885,9.932
0.983,-0.945,9.951
0.883,-1.096,9.8
0.775,-1.412,10.039
0.682,-1.371,9.922
2.617,-5.69,15.03
0.715,-2.041,9.857
0.9,-1.495,9.644
0.739,-0.775,10.011
1.034,-1.084,9.924
1.002,-0.677,9.807
0.914,-1.615,9.774
0.84,-1.428,9.917
0.885,-1.45,10.037
0.613,-1.519,10.039
1.081,-3.531,11.803
1.357,-0.792,9.587
1.251,-0.29,9.829
0.885,-1.125,9.812
1.211,0.232,10.116
1.132,-0.876,9.877
0.586,-1.014,10.145
0.895,-1.048,9.975
0.957,-0.928,9.824
0.84,-1.194,9.977
0.823,-1.304,9.979
0.737,-1.244,9.967
0.897,-1.103,9.922
0.998,-0.969,9.999
1.007,-0.861,9.946
0.95,-0.919,9.963
0.876,-0.995,9.922
0.947,-1.058,9.996
0.385,-0.689,10.063
1.314,-1.254,9.939
0.919,-0.979,9.917
1.153,-1.184,9.8
1.357,-0.926,9.769
1.486,-0.694,9.898
1.041,-0.457,9.984
1.177,-0.835,9.92
1.043,-1.079,9.917
-2.194,0.376,8.171
0.95,-1.086,9.822
1.586,-0.845,9.958
0.723,-0.835,9.994
1.163,-0.766,9.987
1.278,-0.763,9.936
1.242,-0.653,9.867
1.385,-0.529,9.862
1.122,-0.823,9.896
0.852,-0.778,10.011
1.125,-0.947,9.881
1.115,-0.952,9.781
1.187,-0.737,9.941
1.184,-0.679,9.965
1.096,-0.457,9.946
1.007,-0.873,10.008
1.005,-0.797,9.996
1.105,-0.723,9.967
1.074,-0.775,9.994
0.531,-0.608,10.326
1.232,-0.837,9.898
1.091,-0.675,10.123
1.175,-0.995,10.078
