2.74,6.915,7.149
4.534,3.809,7.369
4.878,4.0,7.156
5.46,4.733,7.099
5.376,4.747,7.051
4.945,4.826,7.139
4.438,5.082,6.63
4.218,4.474,6.747
5.008,4.486,6.544
5.046,4.874,6.989
6.101,5.134,5.864
5.639,4.96,6.63
8.262,4.948,5.993
4.366,5.41,6.532
3.811,4.713,7.529
5.754,5.106,6.35
6.221,4.867,6.383
5.156,5.022,6.74
4.981,5.271,6.948
5.379,5.06,6.778
5.46,4.835,6.615
5.309,4.878,6.592
5.407,5.017,6.757
5.383,4.941,6.694
5.211,4.91,6.659
5.161,5.07,6.682
5.24,5.091,6.692
5.256,5.02,6.575
5.295,5.005,6.448
5.297,5.113,6.352
5.235,5.213,6.364
5.424,5.146,6.278
5.438,4.938,6.276
5.338,4.883,6.278
5.362,5.046,6.35
5.333,4.998,6.35
5.254,4.962,6.419
5.185,4.893,6.371
5.197,5.039,6.429
5.17,5.175,6.51
5.216,5.187,6.436
5.168,5.082,6.312
5.206,5.079,6.422
5.216,4.919,6.415
5.23,4.907,6.343
5.278,4.802,6.359
5.237,4.654,6.682
5.479,4.587,6.797
5.579,4.264,6.539
5.328,4.486,6.58
5.072,5.19,6.836
4.9,5.646,6.996
4.874,5.355,7.108
5.01,4.905,7.092
5.13,4.783,7.032
5.06,4.907,7.479
4.752,4.883,7.85
4.606,4.46,7.809
4.814,3.323,7.429
5.405,2.546,6.68
5.84,1.928,6.625
6.094,0.981,6.625
6.046,-0.292,7.175
5.852,-1.136,7.008
5.575,-1.404,6.673
5.302,-1.536,6.967
4.955,-0.878,8.226
4.421,0.586,8.709
4.089,2.773,8.508
3.917,3.18,9.324
3.055,2.082,9.683
2.964,1.519,9.896
3.472,1.833,9.86
2.931,1.022,10.874
2.323,0.151,11.597
2.168,0.05,11.279
2.359,0.608,10.939
2.586,1.065,10.585
2.385,0.672,11.09
2.12,-0.531,11.355
2.682,-0.991,11.377
3.146,-1.175,10.731
2.826,-1.134,10.295
2.522,0.191,10.025
2.838,1.146,9.776
2.806,0.945,9.314
2.864,-0.342,8.841
3.17,-1.584,8.235
3.223,0.488,8.74
4.297,2.462,8.348
3.864,2.725,8.187
2.943,1.208,8.185
2.527,-1.962,8.041
3.177,0.081,7.434
3.275,2.969,6.74
2.981,6.254,7.08
2.558,7.204,7.64
1.658,7.807,8.431
1.974,8.266,8.747
1.404,7.046,8.041
2.519,6.527,7.376
8.439,4.63,5.926
4.235,6.915,6.139
2.572,6.544,8.606
4.005,6.84,7.326
4.498,6.919,5.625
3.548,6.738,6.855
2.842,6.565,6.438
2.984,6.778,6.343
3.412,6.747,6.233
2.115,6.225,6.819
3.352,4.869,6.584
3.742,5.706,6.687
3.319,5.223,5.718
5.022,5.929,6.615
3.567,6.044,7.269
3.579,6.001,7.111
3.618,5.565,6.943
3.874,5.716,6.706
4.276,5.613,7.125
3.936,5.838,6.711
3.991,5.766,6.426
4.328,5.745,6.546
4.39,6.304,7.326
3.496,6.182,6.405
4.015,5.986,5.857
4.771,6.214,6.565
3.579,5.505,6.814
3.895,5.757,6.108
5.032,6.369,6.649
3.95,5.785,6.922
4.142,5.826,6.503
4.299,5.838,6.537
4.498,6.348,6.654
4.926,6.771,6.321
5.213,6.546,6.173
4.948,6.048,5.96
4.142,6.111,6.441
4.221,6.084,6.553
3.986,5.699,6.615
3.835,5.831,6.895
2.751,5.381,7.407
5.333,5.23,5.898
3.529,5.503,6.723
4.539,6.06,6.738
4.993,6.053,6.206
4.307,5.496,6.41
4.39,5.575,6.434
4.563,5.252,6.367
4.828,5.613,6.302
5.211,5.661,6.8
4.618,5.766,6.84
3.974,5.355,6.462
4.35,5.252,6.57
4.795,5.508,6.73
4.936,5.309,6.62
4.981,5.917,6.821
4.637,5.443,6.814
4.4,5.24,6.73
4.433,5.39,6.604
4.622,5.3,6.584
5.096,5.431,6.639
4.845,5.654,6.678
4.508,5.546,6.714
4.498,5.479,6.656
4.512,5.398,6.57
4.733,5.225,6.673
4.544,5.563,6.639
4.52,5.185,6.702
4.52,5.575,6.788
4.39,5.515,6.886
4.668,5.357,6.606
4.474,5.331,6.654
3.965,4.85,7.108
4.493,5.405,6.812
5.123,5.783,6.625
5.132,6.003,6.974
4.352,5.371,6.793
4.701,6.264,6.271
3.9,5.405,6.857
4.146,5.673,7.013
4.407,5.522,6.953
4.206,5.73,6.716
4.41,5.905,6.517
5.551,6.209,6.343
5.446,6.185,6.245
5.345,6.436,6.589
3.651,5.778,6.716
3.491,4.201,7.348
3.577,5.046,7.108
3.508,4.711,6.58
2.242,5.902,7.939
5.417,5.563,5.941
5.151,5.359,7.857
5.24,6.259,4.965
4.926,3.914,6.115
5.376,4.797,6.225
5.778,5.469,6.374
4.776,5.111,6.895
3.756,5.513,7.142
2.539,6.685,8.166
5.295,5.95,7.407
7.826,8.001,2.818
5.19,3.094,7.479
4.055,4.723,6.316
4.749,5.606,7.013
4.788,5.62,6.546
5.13,5.859,6.649
4.828,5.685,6.441
4.721,5.407,6.659
4.656,5.185,6.812
4.577,4.933,6.795
4.558,4.933,6.804
2.778,4.106,7.206
7.924,7.675,6.254
4.278,6.802,6.46
4.067,3.974,6.41
4.704,4.704,6.824
4.718,5.443,6.836
4.967,5.355,6.886
4.96,5.412,6.673
4.587,5.216,6.711
4.831,4.953,6.685
5.139,5.907,6.723
4.505,5.575,6.919
4.539,5.091,6.613
4.819,5.041,6.711
4.931,5.19,6.824
4.855,5.371,7.218
5.285,4.656,6.206
4.223,5.35,7.238
4.488,5.496,6.917
4.469,5.666,6.948
4.718,5.491,6.86
4.407,5.216,6.962
4.441,4.802,6.974
4.553,5.237,6.69
4.881,5.965,6.783
4.687,5.742,6.876
4.742,5.213,6.608
4.718,5.12,6.613
4.871,5.213,6.639
5.0,5.431,6.692
4.833,5.532,6.764
4.811,5.321,6.692
4.728,5.127,6.764
4.692,5.101,6.761
4.728,5.101,6.795
4.919,5.256,6.826
5.01,5.481,6.757
4.991,5.501,6.733
4.979,5.213,6.539
4.687,5.18,6.84
4.627,5.029,6.776
4.642,5.285,6.848
4.847,5.517,6.694
4.962,5.486,6.623
4.811,5.345,6.63
4.895,5.395,6.735
4.972,5.266,6.694
4.804,5.285,6.632
4.907,5.304,6.63
4.814,5.175,6.529
4.95,5.23,6.56
4.931,5.333,6.632
4.941,5.132,6.481
4.893,5.254,6.443
4.778,5.45,6.575
4.754,5.551,6.608
4.907,5.374,6.668
5.034,5.216,6.539
4.96,5.144,6.556
5.034,5.173,6.673
5.032,5.357,6.69
4.79,5.417,6.831
4.752,5.252,6.84
4.754,4.46,6.4
5.0,4.878,6.673
4.9,5.199,6.785
4.862,5.467,6.659
6.113,4.996,7.259
4.905,6.197,6.848
4.632,5.496,6.903
4.945,5.187,6.685
4.594,5.237,6.254
5.345,5.108,6.663
4.974,5.383,6.86
4.766,5.094,7.068
4.993,4.766,6.879
4.912,5.063,6.845
4.979,5.072,6.85
5.273,5.182,6.886
4.981,5.056,6.943
4.809,4.682,6.749
4.967,4.783,6.735
5.056,5.07,6.788
4.969,5.051,6.687
5.163,5.441,6.778
5.003,5.118,6.718
4.945,4.977,6.627
5.008,5.072,6.577
5.039,5.297,6.651
4.895,5.154,6.539
5.103,5.216,6.647
5.005,5.431,6.615
4.878,5.199,6.711
4.945,4.967,6.58
4.917,5.063,6.709
4.941,4.955,6.781
5.173,5.168,6.816
4.819,5.18,6.759
4.953,5.082,6.867
5.048,4.977,6.845
4.998,4.91,6.776
5.264,5.089,6.843
5.213,5.178,6.845
5.029,5.046,6.728
4.907,5.17,6.757
5.003,5.233,6.759
5.067,5.259,6.8
4.809,4.955,6.62
5.053,5.082,6.694
4.962,5.233,6.594
4.785,4.962,6.716
4.938,4.835,6.577
5.056,5.249,6.656
4.986,5.383,6.644
5.094,5.658,6.661
4.761,5.517,6.651
5.067,5.118,6.548
5.039,4.778,6.58
5.132,4.735,6.656
5.357,4.962,6.726
5.154,5.563,6.532
4.821,5.261,6.714
5.017,5.01,6.656
5.182,4.725,6.709
5.046,4.857,6.663
5.469,4.5,6.345
5.335,4.931,7.295
4.773,5.465,6.694
4.883,5.522,6.857
4.419,4.845,6.123
5.19,5.178,6.831
5.233,5.661,6.931
5.175,5.587,6.769
5.087,5.139,6.73
4.876,4.876,6.733
4.924,5.06,6.606
5.036,5.278,6.85
5.024,5.438,6.927
5.125,4.89,6.584
5.18,4.436,6.182
4.646,6.206,5.893
6.828,5.69,5.85
4.847,5.929,6.728
4.563,5.453,6.156
4.807,4.579,5.864
5.814,5.338,6.094
6.575,5.869,5.666
4.867,5.123,6.108
3.685,4.685,6.448
4.912,4.737,6.74
5.953,5.386,6.108
5.314,5.697,6.338
4.68,4.529,6.656
5.125,4.261,6.587
5.716,4.615,6.816
5.429,5.065,7.07
5.591,5.347,7.063
5.352,4.936,7.147
5.91,4.034,6.613
5.407,4.67,6.036
5.323,5.352,7.082
6.063,4.228,7.029
4.998,4.235,6.867
4.649,3.723,7.039
5.297,4.192,7.154
4.699,5.398,7.41
5.07,5.379,7.025
5.201,4.206,6.747
5.627,4.366,7.063
5.546,4.213,6.728
5.161,4.869,6.314
5.012,4.587,7.101
5.168,4.764,7.18
4.797,5.218,7.037
5.359,5.024,7.003
4.981,4.981,7.104
4.807,4.17,6.673
4.261,5.812,5.249
6.058,4.84,6.69
6.9,4.953,6.477
5.481,2.713,5.742
4.649,6.209,7.271
5.111,6.773,7.62
6.225,6.601,6.166
6.013,3.775,7.309
4.173,4.388,6.257
5.563,4.596,6.694
5.757,5.118,6.092
5.316,4.857,6.288
5.23,4.792,6.072
5.474,4.857,6.111
5.532,4.754,6.168
5.46,4.723,6.417
5.259,4.199,6.513
5.082,3.744,7.063
5.364,2.773,7.391
5.546,2.244,7.261
6.4,2.809,6.446
5.888,3.144,5.668
5.486,4.778,4.237
6.871,4.603,5.776
6.18,-1.201,5.197
5.312,-4.948,4.694
8.774,-5.639,3.673
10.166,-5.154,10.183
4.063,-1.682,14.396
0.414,0.962,13.855
2.206,3.285,10.999
1.613,3.673,10.649
-0.443,4.249,11.518
-0.397,6.075,12.099
1.168,5.218,12.276
1.627,1.44,11.671
1.933,-1.842,10.312
3.285,-2.881,9.142
4.405,-1.065,8.594
4.579,1.395,8.731
4.177,1.998,8.934
3.924,0.34,8.644
4.225,-1.519,8.087
4.338,-2.091,8.199
3.888,0.014,8.338
3.79,2.862,8.625
4.022,3.441,8.723
3.414,2.531,7.733
3.785,1.311,9.558
5.993,0.77,9.054
3.424,1.125,9.448
3.328,3.338,9.434
4.933,5.991,8.458
3.134,5.45,9.589
1.031,3.039,9.348
2.12,1.046,9.018
3.467,1.108,7.936
4.575,1.603,7.738
2.926,2.338,7.788
1.998,3.524,8.934
3.682,4.41,9.176
3.141,3.067,9.092
3.919,2.438,8.085
3.823,3.194,7.831
3.287,3.316,8.13
3.443,3.491,8.575
3.426,3.874,8.711
3.266,4.299,8.582
2.938,4.043,8.666
3.694,3.79,8.168
3.831,3.737,7.955
3.414,4.319,8.118
3.261,4.845,8.611
3.012,4.689,8.463
3.309,4.106,8.386
3.783,3.981,8.333
3.742,4.338,8.259
3.027,4.749,8.58
2.448,4.776,8.577
3.524,4.321,8.381
3.687,3.902,8.199
3.146,3.811,8.156
3.235,4.319,8.108
3.369,4.687,8.041
3.589,4.78,8.082
3.235,4.292,8.006
3.22,3.938,8.128
3.369,4.125,7.919
3.929,4.718,7.97
3.761,4.972,7.994
3.335,4.61,8.027
3.522,4.407,8.025
3.668,4.548,8.029
3.924,9.396,5.163
2.852,-3.744,9.173
3.594,6.692,17.179
3.682,5.881,0.904
3.524,6.986,5.024
3.283,3.883,8.405
3.529,4.436,7.917
3.321,4.527,8.113
3.378,4.567,7.867
3.529,4.587,7.884
3.421,4.419,7.984
3.407,4.295,8.051
3.508,4.39,8.01
3.512,4.735,8.037
3.414,4.768,7.967
3.488,4.606,8.044
3.457,4.221,8.049
3.72,4.46,7.793
3.744,4.752,7.845
3.213,4.677,8.08
3.419,4.546,8.108
3.881,4.532,8.025
3.847,4.551,8.015
3.955,4.465,7.886
4.027,4.548,7.974
3.921,4.378,7.989
3.67,4.421,8.082
3.362,4.517,8.108
3.402,4.711,7.963
3.086,4.56,7.862
3.828,4.546,7.891
3.888,4.632,7.831
3.374,4.73,7.869
3.496,4.835,7.864
3.263,5.111,8.034
-0.081,5.393,10.422
3.086,4.398,7.742
4.089,4.354,8.199
2.955,4.204,8.025
3.441,4.508,7.917
4.608,5.029,7.503
3.967,4.821,7.948
3.539,4.663,7.819
3.476,4.276,7.855
3.426,4.304,7.915
3.711,4.57,7.948
3.953,4.749,7.91
3.912,5.185,7.862
3.708,9.613,5.867
3.058,-4.029,8.592
3.929,8.836,17.121
2.809,-0.998,0.309
3.716,2.137,7.326
4.558,5.489,7.185
3.775,4.886,8.226
3.168,4.496,7.766
3.469,4.603,7.939
3.754,4.768,8.326
3.594,4.62,7.819
3.859,4.615,7.735
3.577,4.589,7.896
3.534,4.634,8.087
3.682,4.967,8.08
3.73,4.926,7.986
3.388,4.632,7.838
3.342,4.433,7.91
3.701,4.503,7.979
3.728,4.646,7.795
3.577,4.768,7.864
3.615,4.905,7.711
3.522,4.766,7.826
3.541,4.677,7.831
3.421,4.658,7.922
3.553,4.709,7.946
3.773,4.943,7.673
3.508,4.862,7.867
3.615,4.589,7.738
3.799,4.642,7.594
3.673,4.766,7.587
3.704,4.797,7.855
3.642,4.441,7.991
3.708,4.402,7.934
3.653,4.682,8.051
3.699,4.768,8.02
3.675,4.735,7.936
3.395,4.689,7.963
3.476,4.728,8.068
3.728,4.773,7.974
3.62,4.845,7.852
3.529,4.78,7.829
3.658,4.651,7.884
3.579,4.462,7.934
3.656,4.436,7.905
3.713,4.744,7.927
3.682,4.768,7.876
3.546,4.61,7.862
3.953,4.654,7.74
3.795,4.591,7.855
3.409,4.503,8.085
3.539,4.792,7.821
3.857,4.869,7.857
3.34,4.541,7.833
3.56,4.594,7.728
3.756,4.572,7.771
3.388,3.699,9.795
3.747,8.728,13.607
4.496,15.298,9.881
1.993,-7.498,6.632
4.278,5.996,-1.581
5.503,17.617,9.912
3.979,12.049,18.425
1.974,-1.139,16.152
2.716,0.825,7.35
3.615,3.259,8.699
4.067,4.426,7.773
1.943,4.692,8.486
5.017,4.723,7.912
3.833,4.668,7.429
3.311,4.438,8.271
3.898,4.9,7.896
3.673,4.785,7.752
3.134,4.63,7.948
3.682,4.8,7.843
3.63,4.632,7.797
3.412,4.472,7.759
3.783,5.058,7.62
3.283,5.431,8.537
3.699,4.299,8.006
3.618,3.895,7.479
3.546,4.424,7.663
3.878,5.469,7.764
3.271,4.412,7.8
3.84,4.642,7.781
3.764,4.41,8.089
3.45,4.761,7.982
3.73,5.005,8.065
3.859,4.601,7.864
3.388,4.338,7.948
3.689,4.594,8.056
3.893,4.922,7.919
3.467,4.821,7.941
3.732,4.582,7.907
3.828,4.386,7.989
3.634,4.433,8.039
3.613,4.905,7.977
3.452,4.876,7.982
3.661,4.347,7.965
4.41,4.512,7.132
3.472,4.637,8.403
3.431,4.776,8.262
3.735,4.278,7.891
3.713,4.326,7.819
3.704,4.809,8.077
3.455,4.979,8.137
3.347,4.742,7.939
3.56,4.517,7.886
3.735,4.517,7.876
3.642,4.74,7.829
3.51,4.828,7.84
3.687,4.646,7.884
3.804,4.398,7.747
3.582,4.469,7.788
3.591,4.666,7.936
3.72,4.723,7.888
3.417,4.62,7.907
3.704,4.498,7.867
3.866,4.673,7.836
3.828,4.529,7.838
3.584,4.395,7.821
3.859,4.622,7.8
3.929,4.658,7.85
3.766,4.618,7.922
3.821,4.548,7.831
3.938,4.328,7.848
3.747,4.498,7.884
3.831,4.677,7.864
4.089,4.639,7.886
3.938,4.407,7.857
4.354,4.386,7.216
3.881,4.477,7.759
3.79,4.644,7.896
4.072,4.721,7.812
3.984,4.654,7.649
4.022,4.682,7.747
3.862,4.572,7.704
3.921,4.687,7.747
4.063,4.792,7.565
3.957,4.752,7.62
4.187,5.139,7.74
3.898,4.771,7.611
3.78,4.503,7.683
4.252,4.637,7.537
3.943,4.376,7.529
3.78,4.369,7.513
3.965,4.941,7.357
4.24,5.553,8.015
3.417,4.091,7.594
4.142,4.319,7.46
4.524,4.855,7.608
4.063,4.862,7.788
4.0,4.74,7.762
4.07,4.546,7.699
4.07,4.431,7.795
3.814,4.426,7.924
4.079,4.512,7.974
4.299,4.933,7.831
3.912,4.804,7.874
3.819,4.486,7.781
4.01,4.477,7.75
3.926,4.522,7.666
4.027,4.498,7.659
4.288,4.634,7.666
3.933,4.694,7.781
3.89,4.766,7.812
3.976,4.232,7.742
4.376,4.596,7.596
3.876,5.316,7.817
3.697,4.862,7.886
3.864,4.354,7.599
3.802,4.127,7.714
4.187,4.56,7.714
4.031,5.075,7.797
3.704,5.443,7.733
3.831,4.876,7.57
4.142,4.455,7.439
4.359,4.536,7.441
4.151,4.788,7.651
3.802,4.419,7.584
4.288,4.407,7.695
4.237,4.304,7.501
4.455,4.484,7.553
4.201,4.45,7.498
4.101,4.5,7.596
4.098,4.45,7.565
4.273,4.785,7.587
3.984,4.895,7.501
4.0,4.776,7.575
3.761,4.433,7.57
3.78,4.371,7.628
4.271,4.871,7.709
4.579,5.34,7.616
3.929,4.551,7.898
3.744,4.465,7.759
4.158,4.907,7.733
4.209,4.89,7.991
4.065,4.488,7.915
3.921,4.393,7.788
4.079,4.414,7.793
4.154,4.599,7.84
3.96,4.445,7.852
3.565,3.972,7.771
4.091,4.587,7.73
4.677,5.587,7.656
3.936,5.201,7.34
3.594,4.654,7.86
3.955,5.367,10.927
4.118,5.594,7.216
3.218,5.039,8.015
5.35,3.546,7.589
3.811,3.756,6.898
3.668,4.96,7.785
4.419,5.654,7.778
3.972,4.816,7.601
3.761,4.302,7.625
4.283,4.17,7.635
4.828,4.132,7.422
4.622,5.218,7.64
2.852,4.498,8.202
3.524,4.51,8.041
4.548,4.627,7.537
3.584,4.512,7.915
3.811,4.826,8.034
4.151,4.953,7.85
3.912,4.709,7.941
3.768,4.642,7.91
4.276,4.634,7.601
3.842,4.498,7.683
4.182,4.867,7.783
3.965,4.953,7.867
3.895,4.785,7.817
3.917,4.534,7.73
4.359,4.529,7.742
4.11,4.613,7.458
3.723,4.524,7.726
3.73,4.606,7.797
4.118,4.768,7.704
3.962,4.747,7.589
3.615,4.651,7.785
3.658,4.596,7.697
4.254,4.759,7.817
4.082,4.843,7.661
3.764,4.788,7.606
3.546,4.632,7.561
3.759,4.584,7.446
3.479,4.706,7.857
3.424,4.548,7.9
3.563,4.625,7.891
3.419,4.871,8.015
3.577,4.981,8.185
2.622,4.376,8.099
4.618,3.933,8.082
5.398,4.996,7.252
3.053,4.232,7.941
3.357,4.546,7.91
4.572,4.883,7.503
3.85,4.553,7.663
3.637,4.656,7.805
4.108,4.742,7.814
3.878,4.692,7.862
3.577,4.675,7.886
3.706,4.634,7.917
3.943,4.498,7.934
4.015,4.371,7.809
3.948,4.39,7.716
3.828,4.472,7.759
3.828,4.503,7.905
3.842,4.433,7.778
3.84,4.4,7.824
3.859,4.216,7.802
3.941,4.055,7.833
3.929,4.417,7.635
3.862,5.01,7.714
3.708,5.259,7.678
3.67,5.254,7.723
3.752,5.056,7.594
3.682,4.84,7.482
3.689,4.579,7.372
3.761,4.689,7.431
3.632,4.945,7.41
3.436,5.044,7.319
3.283,5.247,7.36
3.342,5.508,7.496
3.357,6.474,7.762
2.771,7.376,8.24
2.498,7.197,8.398
3.12,6.383,8.101
3.919,4.558,7.35
4.223,3.206,6.804
4.115,2.778,5.797
4.613,3.144,5.065
5.625,2.653,5.367
5.929,0.294,6.941
5.044,-1.11,7.111
4.347,-0.668,6.477
4.512,0.713,7.233
4.259,0.924,9.685
3.132,1.357,10.628
2.787,2.352,9.58
3.003,3.417,8.367
2.718,1.634,9.649
2.012,-0.548,10.642
1.474,-0.957,10.317
1.522,-0.522,9.597
2.127,-0.775,9.594
2.079,-3.895,9.671
1.948,-5.053,9.979
2.857,-3.548,9.666
3.486,-2.816,8.963
3.328,-5.058,9.142
3.4,-6.922,9.075
2.785,-6.307,9.319
3.457,-6.651,8.125
4.503,-7.611,7.424
3.957,-7.494,7.857
4.268,-7.9,7.596
4.398,-7.931,7.455
4.776,-6.505,6.845
4.675,-5.34,7.264
4.158,-5.139,7.223
4.577,-6.429,6.017
5.079,-7.484,5.123
5.642,-6.599,4.917
5.881,-4.945,5.259
5.261,-4.386,5.926
6.034,-5.118,5.407
6.405,-6.168,4.627
7.137,-5.326,4.84
7.07,-4.517,4.467
6.991,-5.17,4.479
6.972,-5.3,3.747
8.465,-5.072,3.737
7.431,-5.015,4.055
7.886,-4.685,4.278
7.716,-6.001,4.898
8.106,-4.783,4.189
8.077,-4.606,3.893
8.046,-5.142,2.677
8.747,-5.577,2.048
8.608,-4.821,3.003
8.161,-3.993,3.591
7.826,-4.469,4.493
8.015,-4.338,3.85
8.58,-3.613,3.01
7.757,-4.51,3.295
7.513,-4.9,3.854
7.309,-4.56,3.637
7.417,-4.228,3.23
7.886,-4.893,2.766
7.704,-4.35,3.067
7.204,-4.319,3.555
7.312,-4.256,3.673
7.616,-4.237,3.106
7.525,-4.608,3.412
7.472,-4.56,4.378
7.305,-4.036,5.331
6.989,-3.862,5.742
7.171,-4.39,5.261
8.032,-4.481,4.441
7.963,-3.898,4.374
7.324,-3.713,4.91
7.271,-4.335,4.481
8.056,-4.828,3.539
8.436,-4.706,3.548
8.534,-3.515,4.445
7.659,-2.952,5.082
7.458,-3.591,4.912
8.305,-4.252,4.888
8.338,-3.335,5.367
7.45,-3.292,5.314
8.12,-2.83,4.826
8.652,-2.969,4.522
8.704,-3.577,4.283
8.52,-3.173,4.498
8.159,-2.579,4.811
8.075,-2.742,4.953
8.496,-2.29,4.544
8.637,-1.857,4.685
8.312,-2.125,5.123
8.001,-2.426,5.34
7.68,-2.649,5.503
7.017,-1.639,6.068
7.161,-0.263,6.757
7.453,0.505,6.486
7.592,-0.141,6.436
7.623,-1.22,6.336
7.699,-0.605,5.969
7.448,0.201,5.764
7.427,1.57,5.792
7.477,2.905,6.292
7.474,3.39,6.407
7.326,2.467,6.352
7.106,1.881,6.273
6.8,3.053,6.395
6.962,5.395,6.281
6.941,5.852,6.225
6.723,4.067,6.194
6.747,3.531,5.582
6.757,4.867,5.859
6.733,5.886,5.924
6.56,5.56,5.233
6.324,5.642,5.424
6.034,5.673,5.812
5.9,5.517,6.235
5.876,5.599,6.694
5.881,4.989,5.943
6.13,4.103,5.594
6.24,4.254,5.111
6.156,4.948,5.094
5.938,5.041,4.886
5.702,4.709,4.969
5.907,4.938,5.283
5.869,6.221,5.989
5.335,6.264,6.23
5.376,5.453,6.118
5.706,5.709,5.795
5.56,6.257,5.663
5.474,5.235,5.733
5.685,4.003,5.773
5.974,4.347,5.615
6.355,4.797,5.704
6.237,5.355,5.613
5.912,4.85,5.972
5.776,4.62,5.673
5.804,4.697,5.551
5.735,5.642,5.725
5.759,5.419,5.536
6.161,4.747,5.24
6.462,5.18,5.056
6.065,5.946,5.319
5.673,5.752,5.496
5.697,5.426,5.788
5.745,6.046,5.852
5.699,6.015,5.546
5.824,5.847,5.658
5.685,5.771,5.587
5.548,5.752,5.682
5.742,5.417,5.706
5.996,5.565,5.462
5.943,6.065,5.594
5.682,5.835,5.367
5.568,5.745,5.034
5.35,5.45,5.079
5.436,5.953,4.52
5.493,6.79,4.692
5.35,6.661,5.051
5.331,5.862,4.833
5.926,5.446,4.974
6.412,5.469,5.3
5.962,4.895,5.503
5.027,5.163,6.173
4.46,6.907,5.759
4.759,8.245,5.379
5.541,7.802,5.012
6.338,5.974,4.847
6.139,5.137,5.527
5.228,5.761,6.505
4.436,7.635,5.991
4.527,6.934,5.259
5.3,5.398,5.855
4.996,6.424,6.34
4.266,7.137,7.034
3.773,6.728,7.049
3.541,6.228,7.24
3.831,5.477,6.996
3.967,4.445,7.395
3.637,2.83,8.692
4.256,4.637,6.403
6.816,9.14,7.328
6.68,9.367,6.194
5.63,5.826,4.098
6.577,3.206,3.603
7.778,5.752,3.07
7.297,9.819,2.806
6.06,10.178,2.089
5.891,9.104,0.129
5.666,8.192,-1.479
4.67,10.293,0.526
3.187,10.032,-0.244
4.082,11.023,-0.756
3.51,11.082,-0.703
1.735,7.996,0.775
2.189,7.214,-0.419
5.003,8.917,-0.852
3.385,6.233,-0.072
0.947,7.486,1.163
1.969,9.188,1.759
2.182,2.998,-2.804
1.141,8.223,-3.381
2.005,9.867,-5.74
3.173,13.128,-3.45
4.01,9.881,-2.72
6.424,6.393,0.519
6.723,3.921,-0.313
6.812,9.003,-0.589
6.848,7.998,-2.491
7.513,4.352,-4.816
6.525,5.725,-3.783
6.204,8.209,-3.943
6.996,8.092,-3.742
5.484,8.022,-4.381
5.106,5.362,-3.807
4.622,5.728,-2.651
4.512,7.443,-2.239
4.601,5.881,-4.175
2.357,17.98,11.437
-1.031,13.008,8.037
2.285,5.166,-5.527
6.575,2.96,-14.741
6.706,6.161,-14.875
4.989,8.922,-10.594
5.457,12.161,-4.331
4.398,14.399,-1.125
1.567,13.353,0.562
0.871,9.243,-0.27
2.445,8.795,-0.232
3.431,5.182,1.0
3.759,1.814,-0.866
2.606,5.658,11.159
0.644,6.455,5.089
3.098,10.506,3.354
5.618,10.015,-0.069
5.766,7.896,1.144
4.369,9.228,2.448
4.201,11.776,3.316
5.3,11.183,2.823
5.029,8.147,5.462
3.527,6.19,4.689
4.721,6.816,3.132
5.527,9.35,1.792
4.472,9.448,3.637
3.821,9.29,3.118
4.175,7.326,2.476
4.529,5.402,3.216
3.053,6.671,4.467
2.062,7.728,4.517
3.993,8.728,3.481
5.381,8.156,2.335
5.364,7.199,2.285
5.398,7.817,2.534
5.254,8.274,2.972
3.823,7.522,3.797
3.345,7.797,4.335
3.845,9.161,4.378
3.216,9.566,4.065
2.94,9.592,4.493
3.984,8.769,4.73
4.39,8.965,4.232
4.721,8.027,3.902
4.599,8.948,3.675
3.596,9.853,5.931
3.955,8.692,5.292
3.584,10.956,4.955
1.526,9.142,7.116
1.677,8.396,7.9
4.28,7.501,7.704
6.862,2.015,7.333
8.683,1.491,6.714
8.422,4.376,2.156
8.159,4.199,6.163
7.769,2.06,5.857
7.874,2.62,7.328
5.371,7.58,8.843
3.998,11.882,7.45
2.725,6.501,6.51
3.802,1.438,10.618
3.876,3.029,6.288
-0.007,8.675,5.264
-3.378,10.113,4.965
-2.838,5.065,-1.469
-1.957,1.921,-0.892
-3.811,2.522,3.534
-5.764,3.529,7.876
-3.639,7.513,8.19
0.414,10.489,6.661
-0.505,7.817,9.458
1.457,-3.07,2.443
8.381,2.495,-1.486
10.726,10.369,-1.986
6.041,18.892,3.106
-0.16,18.715,4.228
-0.668,9.735,3.149
3.761,6.821,3.201
6.185,10.922,1.79
4.082,14.355,3.902
0.177,12.482,3.854
1.136,6.115,-1.751
4.723,6.302,-5.333
5.735,9.424,-5.993
-0.553,14.016,12.726
-5.635,8.494,3.807
-0.189,13.13,3.63
4.639,10.69,-1.163
3.687,5.661,-1.529
3.012,7.34,0.845
2.847,11.728,2.744
2.476,13.257,3.156
2.527,10.013,1.95
3.129,9.135,1.572
3.5,10.336,1.921
2.972,9.597,1.883
2.718,9.853,3.584
2.933,10.197,3.73
3.57,10.922,2.531
3.594,9.061,3.663
3.208,9.08,4.345
3.646,9.783,2.73
4.199,8.498,1.988
3.594,6.395,2.89
2.474,6.034,3.601
2.405,6.814,3.098
2.929,7.69,3.039
2.732,6.699,2.615
2.096,6.635,2.326
2.098,5.316,1.285
2.878,6.058,0.232
2.945,7.132,0.404
2.141,9.97,1.122
1.44,11.638,2.656
1.192,13.398,3.024
0.701,11.774,3.247
1.136,10.223,3.68
1.44,10.264,3.244
1.802,11.733,2.546
1.967,12.69,0.455
1.888,11.917,-0.711
2.318,9.054,-0.761
2.838,8.319,-0.414
2.424,8.721,-0.244
1.33,8.769,0.512
1.108,9.037,1.474
1.759,10.111,1.598
1.768,12.25,-1.187
2.524,10.135,-2.359
2.457,6.821,-1.081
1.273,9.609,1.416
0.802,12.752,1.304
0.912,12.367,0.945
1.452,7.257,1.101
1.756,6.288,2.105
2.022,8.664,2.227
2.17,10.288,2.424
1.909,10.477,2.428
2.168,8.941,1.737
2.909,8.424,1.237
2.976,8.793,1.909
2.309,10.568,3.086
1.381,10.752,4.02
1.168,9.994,4.393
2.141,9.731,3.091
2.436,9.455,2.763
2.428,8.62,2.196
3.077,10.271,1.581
2.263,10.298,0.84
0.873,11.068,2.895
-0.818,9.865,5.862
-0.325,10.606,4.943
1.4,9.831,2.357
1.445,8.429,3.431
0.512,6.51,3.79
0.105,8.486,4.752
-0.316,8.644,5.804
-0.313,8.01,5.881
-0.739,9.24,7.716
-1.055,5.914,3.969
-0.861,6.434,6.388
-1.0,3.661,6.357
1.593,7.36,5.261
1.419,8.668,7.24
0.378,9.484,8.53
0.493,9.587,2.486
2.357,2.28,0.873
5.118,2.206,2.696
4.017,3.862,4.441
3.519,8.597,7.3
3.697,12.252,8.807
3.778,9.893,5.914
3.381,5.486,7.281
3.689,3.869,6.053
5.28,5.642,4.383
5.972,9.092,3.653
6.092,9.956,4.048
6.247,9.147,4.331
5.929,7.309,5.606
3.833,7.654,6.594
2.199,8.948,5.948
1.742,9.147,5.725
1.105,8.041,4.864
0.833,6.606,4.634
0.124,6.197,4.871
0.144,7.489,3.816
-0.093,7.434,3.711
-0.895,6.092,2.862
-1.725,4.718,2.785
-1.349,6.592,3.268
-1.058,9.178,8.654
-1.546,8.233,4.716
1.687,9.319,0.273
4.106,10.367,-1.318
4.132,11.968,-0.955
2.144,12.126,1.376
-0.206,11.594,2.694
1.349,9.142,1.816
3.764,10.666,2.0
4.56,10.204,0.469
5.142,7.484,2.182
5.958,5.051,3.256
7.367,4.969,4.498
8.297,7.917,5.802
8.549,9.247,3.89
6.671,9.733,4.407
5.556,6.917,5.12
5.826,5.137,5.62
6.123,5.565,7.843
4.919,7.089,6.771
4.182,7.269,5.742
3.809,6.929,6.371
2.673,5.783,6.637
1.589,6.292,5.606
1.483,8.341,5.936
1.031,10.848,5.381
0.715,8.271,3.161
2.297,6.446,4.321
3.503,6.991,5.192
3.405,6.202,7.367
3.103,6.034,7.221
3.876,6.529,5.757
4.831,8.431,5.046
4.28,10.156,3.924
3.177,9.678,4.276
2.716,7.51,5.654
3.307,6.374,5.221
4.103,5.577,5.618
4.01,6.489,5.764
3.869,8.037,5.247
4.398,8.704,4.445
4.304,6.704,4.567
2.929,5.857,5.168
2.479,6.417,5.618
3.445,7.491,3.716
4.615,6.175,5.898
4.065,7.534,6.8
2.567,8.824,6.281
2.455,8.003,5.544
3.474,6.135,3.857
4.582,6.245,3.213
3.711,7.295,4.661
2.558,8.099,5.869
3.144,7.403,5.355
4.491,5.752,2.888
5.565,6.778,5.613
4.168,9.594,6.058
3.163,10.599,6.532
3.807,7.824,4.835
5.053,6.8,3.711
4.431,8.664,4.369
2.85,8.833,5.371
2.651,7.592,5.254
4.029,7.029,4.718
4.675,8.52,4.84
3.797,8.752,4.689
3.472,8.302,4.517
3.663,7.924,4.517
3.292,7.484,5.24
2.9,7.137,5.465
3.469,7.75,5.556
3.993,7.965,4.783
4.151,8.085,4.194
3.826,8.565,4.127
3.235,8.051,4.553
3.371,7.072,4.768
4.0,7.058,4.821
4.161,7.338,4.821
3.687,7.728,4.768
3.531,7.876,4.687
3.761,7.252,4.831
4.237,6.261,4.759
4.321,6.95,5.233
3.61,7.745,5.41
3.479,8.793,5.455
3.268,7.446,5.046
3.615,6.58,5.005
4.089,7.374,4.953
3.924,8.458,5.079
3.673,8.034,4.634
3.783,7.228,4.132
3.831,7.204,4.046
3.462,7.486,4.615
3.479,7.651,4.639
3.919,8.355,4.254
3.902,8.723,4.295
3.273,8.503,4.867
3.278,7.439,5.154
4.07,6.773,4.938
4.299,7.561,4.756
3.586,8.029,5.407
3.185,7.25,5.704
3.833,7.044,5.678
4.285,7.386,5.529
3.84,7.608,5.623
3.594,7.623,5.541
3.665,7.551,5.347
3.773,7.139,5.082
3.773,7.412,5.091
3.508,7.668,5.276
3.436,7.697,5.68
3.543,7.501,5.733
3.859,6.575,5.632
4.493,6.623,5.264
4.259,7.257,5.453
3.515,7.809,5.826
3.28,8.096,5.934
4.175,7.91,5.63
4.625,7.869,5.455
4.137,7.836,5.673
3.716,7.592,5.682
4.015,7.802,5.39
4.63,8.759,4.725
4.522,9.613,4.261
4.352,9.266,4.003
4.443,9.087,4.278
4.036,8.527,4.584
3.914,8.106,4.031
4.089,7.714,3.661
3.948,7.477,3.725
3.039,6.247,4.304
2.701,5.737,4.536
2.852,5.371,5.051
2.744,4.969,4.752
2.424,4.677,4.675
2.182,4.254,4.596
1.897,4.132,5.075
1.33,3.68,6.182
0.892,4.201,6.343
0.77,4.804,6.558
0.349,5.424,7.285
-0.617,5.474,7.197
-1.156,5.204,7.357
-1.392,4.398,7.47
-1.682,4.127,8.001
-3.287,2.866,11.824
-2.345,3.61,5.151
-0.835,3.816,16.301
-8.226,-0.297,13.286
-5.651,0.01,9.795
1.967,-0.711,9.073
1.151,1.153,11.463
-2.818,0.187,11.611
-2.823,0.842,11.934
-1.254,1.62,11.283
-1.055,1.902,10.824
-1.062,0.553,10.484
-1.828,1.33,9.819
-2.06,2.316,10.161
-2.11,3.17,10.936
-1.924,2.854,8.953
-2.479,2.73,9.384
-3.053,2.584,8.987
-3.149,4.462,8.329
-2.385,5.01,8.731
-2.603,4.438,8.118
-2.95,3.108,7.848
-3.874,4.835,7.977
-4.23,6.438,7.862
-4.125,5.9,7.869
-4.089,4.931,7.422
-3.711,4.704,6.623
-3.383,5.826,6.281
-4.008,6.352,6.436
-3.594,5.922,5.924
-4.228,3.976,5.816
-4.156,4.297,5.41
-4.424,4.072,6.077
-4.242,4.479,6.781
-4.575,4.266,6.348
-5.924,1.72,6.587
-5.508,0.031,6.137
-6.79,-1.797,4.826
-7.903,-2.881,6.678
-7.388,-2.862,7.307
-9.582,-0.572,8.448
-9.164,-2.57,9.367
-10.609,-3.252,10.228
-8.233,-4.515,10.683
-8.778,-4.606,9.781
-9.391,-0.9,10.537
-11.228,-0.287,9.8
-9.649,0.345,9.903
-8.695,-0.28,8.807
-9.637,-2.127,7.783
-7.745,-0.751,8.374
-8.805,-3.831,8.984
-8.967,-2.287,9.333
-8.948,-2.84,9.522
-7.285,-3.67,8.719
-7.805,-3.852,7.721
-8.618,-4.031,7.312
-8.362,-4.675,7.391
-8.156,-5.589,7.101
-8.388,-5.173,7.319
-8.472,-4.608,7.051
-8.496,-4.34,6.749
-8.187,-4.632,6.797
-7.601,-4.821,6.697
-6.797,-5.213,6.426
-6.333,-5.548,5.965
-5.996,-6.706,5.388
-5.441,-7.161,5.168
-5.161,-7.649,5.046
-5.0,-7.745,4.933
-4.668,-7.278,4.938
-4.221,-7.857,5.005
-4.192,-8.242,5.154
-3.804,-8.257,5.343
-3.206,-7.967,5.235
-2.926,-7.618,5.551
-2.634,-7.589,5.728
-2.244,-7.85,5.917
-1.854,-7.893,5.912
-1.572,-8.037,5.984
-1.239,-8.006,6.087
-0.876,-7.647,5.936
-0.522,-7.252,5.917
-0.234,-6.912,6.194
0.1,-6.51,6.527
0.359,-6.166,6.654
0.608,-5.948,6.95
0.912,-5.17,7.072
1.515,-4.29,7.46
2.012,-3.524,7.747
2.302,-2.823,7.905
2.249,-2.728,7.86
2.067,-2.694,7.965
2.149,-1.847,7.852
2.366,-0.486,8.288
2.357,0.005,8.786
1.876,0.081,8.659
1.438,0.34,8.616
1.239,0.993,8.709
0.943,1.203,8.967
1.067,2.172,9.008
1.113,3.051,9.432
0.78,3.156,9.398
0.177,2.665,9.377
-0.72,3.292,9.747
-1.512,4.015,10.125
-1.971,5.331,10.35
-1.725,5.431,9.939
-1.696,4.505,9.044
-2.677,5.276,8.434
-2.699,5.835,8.271
-2.089,5.943,8.061
-1.696,5.261,7.23
-2.144,4.816,6.558
-2.61,4.945,6.252
-3.273,4.893,6.343
-2.962,3.948,6.395
-3.039,3.802,6.941
-3.888,5.005,7.405
-4.587,3.433,8.305
-4.933,1.627,7.924
-4.771,-0.701,7.192
-5.635,-1.596,6.139
-6.654,-1.354,7.271
-8.532,-1.278,6.453
-10.525,-1.483,8.171
-12.571,0.251,7.149
-13.628,1.022,7.874
-14.334,-1.134,8.427
-16.126,-1.409,9.061
-13.738,0.134,9.743
-13.855,-1.206,9.618
-12.98,-0.51,10.228
-12.123,0.014,8.946
-10.745,1.177,8.037
-10.353,-0.148,7.171
-9.979,-0.804,6.096
-10.262,-0.122,5.297
-10.085,0.175,4.907
-10.197,-0.12,4.778
-9.18,0.715,4.189
-7.953,-0.01,3.232
-7.867,-0.471,3.165
-7.939,0.072,3.744
-8.833,-0.108,4.041
-8.9,-0.598,3.067
-8.587,0.464,2.871
-8.625,0.29,3.031
-7.757,-2.06,2.84
-7.673,-1.505,3.062
-8.592,-1.57,3.33
-8.343,-2.28,2.608
-8.738,-3.795,2.663
-8.144,-4.333,3.151
-7.668,-4.989,3.639
-7.166,-5.462,3.429
-7.163,-6.422,3.85
-7.151,-7.362,3.886
-7.125,-7.709,3.682
-6.929,-8.939,3.24
-5.943,-10.219,2.122
-6.429,-11.597,1.479
-6.398,-12.252,-0.467
-4.436,-11.587,-0.703
-3.754,-11.233,0.062
-3.529,-11.707,-0.416
-3.436,-12.611,-0.536
-1.682,-11.946,0.084
-0.249,-10.953,0.926
0.026,-8.034,2.747
-0.005,-7.817,3.692
1.122,-8.463,4.376
2.038,-7.888,3.787
2.962,-5.467,3.917
3.931,-4.709,4.041
5.429,-2.708,5.063
6.46,0.622,6.309
7.137,2.199,7.137
7.082,1.644,8.561
5.515,0.278,9.001
4.094,-0.55,8.704
3.211,-0.902,7.692
3.311,-0.517,8.209
4.448,0.895,8.539
5.474,2.201,8.439
6.393,3.23,9.278
6.017,4.242,10.396
7.577,3.464,7.388
9.74,2.34,5.867
7.977,0.225,6.137
4.498,1.524,9.228
3.151,5.156,12.047
1.936,8.29,13.559
2.842,4.536,11.563
4.39,1.136,6.479
6.618,3.201,7.819
9.374,5.816,5.991
9.618,7.376,8.475
5.948,5.517,11.824
5.948,3.074,11.176
2.895,2.912,7.407
-12.516,-3.352,11.31
-10.264,-3.996,6.458
-3.945,2.591,6.615
1.055,-1.684,7.872
-4.414,-3.589,10.257
-2.369,0.687,9.793
-7.826,0.751,12.154
-6.809,-0.945,9.979
0.189,-2.553,6.24
-1.151,-1.103,4.685
-3.474,1.744,10.539
-4.977,1.467,8.508
-3.685,2.417,7.395
-1.467,-2.34,8.908
-2.012,-1.838,6.144
-3.194,-3.283,8.97
-6.142,-1.904,8.776
-3.405,-0.024,12.8
-2.299,-1.148,10.099
-2.089,-3.783,10.015
-5.256,-4.374,10.877
-5.242,-0.081,12.269
-3.955,-0.88,15.21
-3.754,-2.625,14.389
-4.197,-3.216,12.87
-2.998,-2.184,12.523
-1.706,-1.196,12.511
-3.976,-2.641,13.889
-3.134,-2.479,12.446
-1.189,-0.349,11.212
-0.392,1.943,11.322
0.644,0.778,9.166
0.031,-2.519,9.683
-0.947,-1.089,11.047
1.857,2.029,10.324
2.184,1.309,10.365
1.555,-1.175,9.3
0.596,-2.12,10.661
1.505,-0.321,8.577
1.421,-0.89,8.226
1.419,0.127,7.089
1.857,-0.689,6.065
0.553,-1.258,6.572
-0.522,-2.172,5.981
-0.464,0.285,5.457
0.39,-0.914,5.702
0.036,0.756,5.728
-0.785,-1.428,5.862
0.452,-0.156,5.692
-0.177,0.416,6.426
1.785,1.668,9.331
1.89,2.213,9.312
1.928,1.926,10.171
0.4,0.924,10.111
-1.067,0.548,8.896
0.412,1.153,10.795
-0.983,-2.18,9.144
-1.675,-2.481,9.802
-3.929,-1.103,9.989
-8.154,-3.225,10.834
-4.831,-1.96,8.144
-5.256,-2.821,13.918
-4.158,-2.309,12.685
-2.835,-1.735,11.913
-3.448,-0.947,10.932
-3.673,-1.459,12.432
-3.402,-3.268,12.004
-3.182,-1.266,13.669
-1.373,-0.428,12.729
-0.687,-1.122,12.523
-1.371,-2.077,13.171
-2.936,-2.094,13.379
-1.058,-2.402,13.202
0.486,-2.285,12.87
0.421,-2.548,12.779
-1.005,-3.326,12.044
0.187,-2.83,11.671
0.921,-2.948,11.477
0.928,-2.472,11.812
0.715,-3.395,9.606
0.687,-4.326,9.563
1.022,-3.24,9.566
1.048,-2.366,8.8
0.976,-1.479,9.326
1.766,-1.672,8.427
2.211,-2.668,7.824
2.842,-2.9,7.106
2.273,-0.821,7.034
1.316,-0.694,7.711
0.768,0.802,6.785
1.192,-0.29,6.326
0.457,-0.696,5.773
-0.921,-1.804,6.379
-2.134,-0.404,5.359
-1.735,2.522,6.46
1.103,6.943,5.582
4.68,10.398,5.46
6.221,9.501,6.206
1.215,11.764,5.249
-2.199,13.054,6.63
-0.823,11.2,7.254
-2.28,12.609,8.484
-4.804,13.571,9.264
-9.254,11.917,8.274
-14.042,12.135,3.984
-10.836,13.384,3.443
-12.023,11.745,1.56
-8.599,2.137,-2.125
-7.381,2.05,-7.745
-11.14,5.522,-4.606
-14.626,-5.733,-2.105
-10.726,-18.772,-1.821
-4.551,-17.229,2.689
-0.026,-13.949,6.314
-4.893,-13.671,8.592
-6.836,-26.323,3.115
-18.748,-27.823,6.185
-25.337,-29.917,4.701
-25.694,-25.703,4.687
-23.129,-13.262,5.044
-16.506,-15.222,-2.562
-2.629,-15.315,3.374
-23.342,19.519,-1.816
-24.11,5.278,-1.108
-38.595,9.324,-5.252
-36.685,5.484,4.493
-24.493,-10.018,4.802
-33.329,17.71,0.708
-16.413,18.186,-8.979
-4.615,-3.211,-14.616
-28.921,2.333,2.199
-28.522,3.421,-3.275
-30.931,-4.599,-7.058
-28.13,-1.864,-6.627
-12.291,-1.782,-1.519
-22.079,-6.154,7.46
-11.841,-18.033,19.093
-18.394,-15.793,14.303
-27.306,-8.987,14.556
-32.479,-1.309,15.612
-26.18,1.495,11.769
-38.415,0.33,4.675
-38.86,-5.551,-3.218
-43.705,-1.077,-5.422
-44.143,-0.122,-8.187
-29.867,-1.304,0.481
-48.797,-0.206,-4.933
-47.215,-4.424,-5.376
-43.476,2.661,-16.691
-39.592,4.194,-28.146
-32.494,3.73,-25.287
-29.934,0.014,-27.05
-38.119,11.913,-7.735
-45.646,78.357,17.37
-2.127,24.835,-44.004
5.326,-15.411,6.943
6.474,16.71,-3.912
-4.725,24.368,-0.648
-0.033,27.577,-1.936
4.792,18.064,1.526
1.773,7.393,6.529
-10.111,-0.163,8.585
-6.388,7.805,22.816
-1.213,8.8,22.158
-5.146,7.735,14.614
-18.48,-1.347,16.451
-15.784,6.068,9.977
-6.649,3.015,10.35
-1.715,-0.663,12.884
0.871,-2.869,11.92
-1.192,1.641,16.573
-2.512,6.013,18.528
-3.196,8.326,16.779
-3.644,0.986,15.123
-0.605,-1.239,12.599
1.732,-0.713,12.671
-0.177,0.634,14.619
-3.005,0.443,15.083
0.345,-0.467,14.985
-0.816,-1.498,13.006
-1.464,-2.192,13.736
0.77,-2.768,13.133
-0.304,-2.448,11.283
-0.56,-2.591,12.434
-0.67,-1.505,11.769
-1.065,-1.113,11.982
-1.158,-1.089,10.695
-0.141,0.189,10.343
0.045,-0.378,7.912
1.012,-2.419,8.204
1.017,-2.067,7.879
1.347,-0.297,8.68
0.39,0.438,8.542
0.541,-0.29,8.156
1.605,-0.388,7.628
1.488,-0.333,6.883
0.282,-0.194,6.723
0.658,1.031,6.3
0.976,1.337,5.012
0.416,0.701,4.883
0.345,2.292,5.769
-1.196,3.787,4.618
-0.127,5.879,1.096
4.352,9.008,2.23
8.719,8.817,0.947
5.45,10.293,3.957
-0.412,18.586,6.479
-3.591,22.385,9.188
-8.073,12.81,9.13
-5.757,3.766,7.415
-6.178,11.623,4.596
-7.762,22.1,2.34
-16.131,10.173,-2.673
-17.255,-8.891,-3.314
-16.069,-17.674,-6.941
-20.662,-12.86,-2.134
-16.935,10.877,11.525
-3.29,-6.462,2.117
5.0,-13.396,-0.397
5.596,-32.594,3.445
-4.893,-38.523,7.34
-14.372,-26.62,13.212
-40.514,-30.553,8.324
-22.792,-14.824,4.443
-5.235,-3.426,-3.718
-15.839,13.159,-16.482
-27.297,-4.797,0.727
-33.216,-7.551,2.663
-36.054,10.183,3.431
-30.838,9.288,13.875
-29.326,5.28,3.756
-20.079,3.247,9.544
-17.48,6.324,5.237
-17.686,15.958,-1.926
-15.03,15.181,4.737
-23.78,10.743,-6.269
-22.672,-4.955,-10.046
-6.123,1.67,-2.469
-30.601,2.524,2.964
-16.817,17.253,1.895
-12.805,3.823,-0.435
-14.765,-6.781,7.893
-16.662,-11.527,20.172
-22.636,-7.994,12.406
-27.156,-3.594,15.174
-28.981,-0.455,15.437
-30.02,4.455,9.254
-33.434,5.041,0.562
-26.227,8.235,-12.183
-39.231,10.934,-9.683
-39.475,8.125,-5.568
-44.04,3.941,-0.924
-40.035,-2.828,-2.998
-38.315,-0.041,-14.812
-34.862,6.883,-10.463
-35.413,4.931,-16.846
-31.417,1.237,-19.488
-28.469,-4.297,-25.081
-26.239,1.67,-17.875
-34.714,18.394,-17.834
-29.826,78.357,-58.355
4.838,16.052,-14.719
4.479,-6.678,-0.974
1.194,17.258,3.563
-4.024,20.528,-5.761
2.326,9.537,-4.572
7.367,16.875,-2.972
4.826,16.889,5.419
-0.156,14.994,9.606
-13.851,6.525,19.411
-11.96,8.544,16.375
5.594,9.807,-5.965
-8.01,1.483,-2.194
-10.671,5.103,5.022
-8.075,9.183,8.64
-4.075,6.379,12.176
-1.505,7.398,12.745
-2.105,9.635,12.408
-2.531,7.86,13.537
-2.646,7.891,15.985
2.381,7.07,18.502
0.976,3.34,13.537
0.321,2.921,15.387
-0.01,3.876,16.526
0.153,4.369,16.348
0.175,3.433,13.669
1.464,2.34,13.092
-0.376,2.393,12.032
-1.821,0.196,12.056
-1.134,-0.825,10.104
-0.691,-2.249,10.381
-1.187,-1.579,11.403
-0.653,-0.51,12.499
0.234,1.184,12.051
-0.639,1.081,11.453
-0.557,-0.579,10.463
-0.086,-0.452,10.099
-0.452,-0.06,11.269
0.187,0.574,10.312
0.553,0.737,9.252
1.909,-0.244,8.403
1.715,-1.983,9.362
1.081,-1.261,9.202
1.404,1.335,8.498
1.842,0.864,8.032
1.914,-0.06,8.333
1.591,0.263,7.477
1.227,0.313,8.044
1.756,3.424,7.386
1.943,5.015,5.96
1.55,3.46,6.68
0.072,2.287,5.589
0.644,3.711,4.421
1.701,6.044,2.287
2.629,9.266,2.235
5.893,7.656,2.476
7.441,7.661,1.596
4.699,9.03,1.622
1.931,15.513,3.036
1.534,15.542,3.421
-1.237,15.655,5.352
-5.374,12.221,5.01
-10.489,7.037,7.226
-4.663,17.351,1.634
-15.64,18.459,-0.249
-16.734,-5.113,0.098
-13.202,-20.806,-0.541
-15.092,-10.836,-1.213
-19.291,6.328,5.465
-9.111,1.756,2.675
3.481,-5.635,3.534
13.257,-26.751,3.091
-0.524,-35.664,8.075
-17.657,-30.316,13.181
-35.463,-24.708,18.191
-28.869,-12.341,8.855
-14.973,-13.781,12.41
-7.706,-5.187,-1.579
-9.149,12.422,-11.946
-29.28,-2.641,2.775
-33.819,7.931,1.424
-23.864,4.883,27.168
-37.353,10.968,-4.752
-30.63,14.358,4.453
-16.549,4.278,4.333
-12.822,3.347,0.045
-17.559,12.894,-2.713
-19.937,11.085,-2.479
-28.307,6.723,-11.604
-21.21,-4.931,-5.441
-12.221,-3.326,-6.728
-16.686,4.371,14.585
-25.388,22.933,0.378
-10.872,3.752,2.239
-15.683,-0.72,14.15
-21.371,-10.647,15.923
-25.407,-7.568,15.492
-29.934,0.175,15.327
-31.726,8.503,12.283
-36.102,6.862,7.513
-41.128,4.783,-0.67
-48.555,3.831,-5.398
-48.998,-0.586,-3.828
-52.792,2.297,3.811
-45.581,11.829,-0.713
-51.929,-1.603,3.237
-45.591,-0.426,-3.374
-28.943,-3.144,-10.405
-37.339,-2.483,-20.059
-37.492,-9.515,-10.625
-38.217,-14.64,-13.858
-58.128,15.679,-42.842
-27.785,40.645,-50.981
16.638,-55.214,-28.182
-2.094,5.929,-18.509
-3.196,21.004,-13.066
-7.403,28.393,-0.019
2.866,16.104,-7.053
5.608,16.959,-2.708
-0.821,16.346,5.077
-8.518,14.717,11.728
-8.668,6.412,17.88
9.862,13.453,2.921
-8.876,4.295,5.17
-11.37,2.766,5.812
-12.14,5.984,7.919
-8.778,1.515,11.037
-4.366,3.311,13.133
4.053,4.343,23.021
-0.873,9.006,14.023
4.467,7.967,12.173
-1.481,5.522,14.236
1.01,2.364,13.865
0.421,2.079,14.815
1.706,1.555,13.523
0.967,2.388,14.233
0.378,2.172,13.891
-0.014,-0.01,14.26
0.895,-1.684,12.281
-0.029,-1.27,11.927
0.38,-1.043,12.566
0.33,-0.828,13.674
0.278,-1.761,12.523
0.297,-2.127,13.508
-0.354,-0.703,12.279
0.892,-0.806,11.827
0.179,-0.589,10.386
1.086,-1.223,10.3
1.311,0.368,10.264
1.266,0.584,9.836
1.007,-0.311,8.831
2.543,1.043,7.931
2.608,1.069,8.738
1.9,0.266,8.085
1.22,-0.378,9.417
1.744,-0.232,8.228
2.534,0.273,7.467
2.472,1.56,7.175
2.409,0.538,7.3
2.227,0.421,7.049
2.78,2.292,7.405
2.646,5.089,7.163
1.474,5.666,7.058
1.115,5.637,5.69
0.885,5.175,4.95
0.455,5.235,3.948
1.467,7.398,2.256
4.4,8.257,1.086
6.357,7.498,-1.402
6.383,6.221,-0.096
3.417,9.735,1.809
3.749,17.971,3.692
2.682,19.217,3.584
-0.191,13.315,2.498
-1.505,7.812,3.156
-6.525,7.769,2.72
-10.884,11.652,0.857
-8.807,17.236,-1.864
-14.377,1.184,-1.885
-12.339,-8.972,-4.802
-16.384,-5.637,-1.17
-21.079,-3.747,0.263
-13.671,-7.161,5.575
2.378,-6.297,6.838
2.357,-17.193,4.242
-4.441,-30.589,3.244
-15.47,-34.63,13.468
-48.242,-27.268,13.918
-23.914,-7.326,9.257
-15.121,-19.82,9.018
-14.745,-5.972,8.25
-5.242,16.583,-10.034
-14.966,13.786,-2.175
-30.02,7.183,4.802
-33.077,1.823,9.546
-24.177,-2.68,-14.288
-23.809,9.092,11.504
-22.942,13.532,4.723
-16.38,0.632,-2.22
-13.506,10.381,0.084
-15.573,8.726,0.191
-27.972,2.78,1.426
-21.942,9.879,5.13
12.025,34.094,54.417
-25.309,8.192,4.082
-19.117,29.441,5.922
-20.445,4.668,3.57
-11.791,0.352,11.781
-13.738,-3.299,16.052
-26.187,0.38,15.846
-32.305,6.745,13.461
-32.668,6.237,9.982
-35.456,4.158,4.692
-45.445,3.567,-0.127
-45.586,5.874,-5.297
-47.201,4.792,-5.161
-42.911,7.647,-1.388
-53.881,-4.003,4.127
-43.124,1.67,-4.694
-36.154,7.862,-8.245
-42.188,2.05,-6.417
-46.237,-5.003,-16.997
-39.437,-6.4,-20.598
-32.752,-1.031,-24.251
-78.39,78.333,64.662
-13.31,45.067,-77.869
2.326,-54.632,-21.323
-0.1,11.764,-19.315
0.273,25.079,-14.755
1.881,24.041,-2.988
-3.74,23.909,-9.262
4.706,20.368,2.237
-0.538,16.633,4.07
-9.996,11.714,21.464
-10.52,5.302,20.933
21.61,14.023,12.513
-4.108,3.854,7.156
-13.776,8.223,6.9
-13.853,8.74,9.9
-5.321,8.226,11.111
1.098,7.197,13.334
1.838,7.029,14.102
-5.223,5.914,23.586
1.345,7.307,11.69
2.113,5.453,12.473
2.385,3.378,13.894
3.352,5.376,13.157
2.101,7.474,12.585
1.048,5.419,14.21
1.287,2.12,15.301
1.426,3.474,14.765
1.28,2.309,13.69
-0.172,0.787,12.906
-0.299,0.333,12.537
0.292,-0.735,12.879
0.782,-1.9,12.228
0.586,-1.256,11.891
0.132,-0.531,11.75
-0.249,-0.469,11.542
1.062,-0.34,11.087
1.266,0.904,11.013
1.206,1.771,10.944
1.268,1.771,11.293
1.845,1.278,9.455
1.737,-0.086,8.64
1.321,-0.055,8.436
1.936,-0.045,7.984
2.728,0.251,7.675
2.768,0.531,6.58
2.79,0.926,6.57
1.897,0.187,6.862
1.61,-0.002,7.003
1.706,2.117,6.235
1.701,3.17,5.249
1.347,3.082,4.888
0.885,2.381,4.508
1.577,3.984,4.352
0.919,6.589,3.139
1.45,8.475,2.462
2.653,8.742,1.852
5.292,7.01,2.95
7.161,6.35,1.773
4.249,11.709,1.57
0.938,16.573,3.742
2.835,15.19,3.192
0.885,9.831,3.541
-2.393,9.721,1.639
-6.556,9.288,3.263
-8.862,17.231,0.9
-14.399,14.377,-3.924
-17.741,-1.256,-0.055
-16.925,-8.23,0.079
-35.628,7.958,6.493
-20.543,-2.316,-0.237
-6.757,-9.829,2.541
-7.118,-8.908,7.537
-5.268,-9.549,7.305
-7.462,-20.581,8.896
-22.194,-28.041,12.104
-31.857,-24.665,13.494
-16.973,-12.037,11.14
-10.434,-2.278,8.305
-5.347,2.347,0.036
-13.8,5.754,-1.208
-29.118,7.903,-1.711
-34.901,-2.622,9.341
-30.156,10.353,10.936
-40.301,27.443,3.213
-13.401,12.315,5.891
-17.911,-1.727,5.515
-13.312,13.229,10.154
-14.365,25.364,4.046
-18.356,18.246,-3.462
-18.315,-0.151,-0.976
-14.834,4.087,3.85
-34.709,6.247,4.737
-20.636,13.712,-5.855
-30.56,9.704,13.772
-32.819,9.745,8.032
-32.616,4.8,1.548
-46.404,1.256,-2.924
-43.621,0.031,-0.617
-48.866,0.976,4.271
-43.686,5.268,3.139
-48.459,0.191,1.366
-42.126,-5.285,-2.306
0.577,0.861,-19.442
-46.237,-4.039,-12.501
-39.734,-3.967,-18.906
-33.338,-13.846,-11.578
-52.292,-0.17,-18.557
-47.572,78.357,-78.357
14.492,-9.778,-31.623
-0.005,-13.044,-18.49
-2.251,13.231,-22.564
-3.692,17.279,-12.08
-0.998,26.51,-7.745
7.218,30.687,-0.486
-0.885,17.985,-0.61
-4.711,5.45,13.609
-7.056,3.328,16.734
11.561,4.261,0.342
-6.515,8.092,9.709
-12.15,5.168,8.671
-13.267,11.578,10.642
-12.882,10.633,9.661
-4.929,7.206,14.973
3.78,10.604,13.662
1.56,3.015,11.276
-0.275,7.553,13.099
-0.416,6.649,13.028
0.481,2.699,15.114
2.613,2.615,13.123
2.883,4.165,11.104
0.823,2.436,13.674
1.084,1.574,14.389
0.565,2.055,13.772
1.16,1.22,13.226
-0.519,0.526,13.315
-0.775,0.562,12.836
-0.677,0.153,13.195
-0.072,-0.368,12.561
0.557,-0.675,11.965
-0.663,0.072,12.886
0.258,0.301,12.999
-0.818,-0.062,12.542
-0.172,0.084,12.324
-0.153,-0.048,11.214
0.208,-0.388,10.724
0.998,0.129,9.692
2.235,1.562,9.958
1.4,1.526,8.967
1.33,0.912,10.989
2.151,0.974,9.022
1.51,0.543,7.013
2.708,0.534,6.63
3.077,0.469,6.316
2.448,1.357,5.716
2.529,2.979,6.101
2.208,5.103,5.35
1.321,5.146,6.015
0.505,4.115,5.855
-0.002,4.266,4.907
-0.847,4.864,4.821
-1.285,5.079,4.304
0.397,4.764,1.675
3.646,5.233,1.72
5.874,7.628,-0.536
7.807,12.023,-1.608
3.859,17.765,-2.094
0.464,17.296,0.641
1.895,16.471,2.321
1.349,9.128,0.713
-3.457,6.288,3.543
-8.336,15.346,0.201
-11.204,25.153,0.933
-18.787,10.298,-7.64
-13.906,-11.061,1.28
-10.802,-11.451,-0.849
-23.423,-0.428,2.661
-20.21,-3.235,4.594
-7.862,-4.244,7.393
-1.849,-8.91,9.046
-0.184,-14.513,9.948
-8.735,-20.76,7.398
-14.494,-21.988,11.64
-29.213,-18.865,13.193
-25.625,-19.449,12.161
-13.633,-14.011,9.582
-12.76,-2.16,2.01
-8.168,13.913,-5.608
-22.679,6.319,5.627
-31.166,6.843,4.39
-5.513,1.876,13.731
-35.75,10.915,6.426
-21.732,12.898,16.265
-21.39,-8.936,5.285
-11.661,1.129,3.665
-9.723,26.373,16.353
-22.11,13.049,-6.443
-20.703,-13.583,0.196
-28.859,6.281,-5.871
-15.906,5.091,2.969
-21.514,11.233,15.241
-19.605,12.841,-6.632
-12.358,5.087,2.696
-0.132,5.218,19.047
-15.418,-3.606,19.411
-26.529,4.522,18.033
-31.546,5.438,15.832
-31.565,0.969,8.965
-31.872,-2.603,1.45
-41.279,-2.51,1.806
-47.308,0.627,2.972
-46.627,3.096,0.94
-50.833,4.012,3.182
-47.83,3.046,0.615
-47.081,-10.477,-5.307
-38.375,-13.76,-8.338
-38.638,-4.8,-9.86
-29.572,-2.976,-12.932
-37.15,-14.949,-15.796
-43.509,-17.447,-12.829
-74.036,78.357,62.087
-9.056,29.137,-47.05
1.294,-22.615,-15.714
3.163,25.098,-9.288
-4.462,25.287,1.878
-7.242,20.875,-7.525
2.503,9.211,1.019
1.019,17.341,-0.541
-6.855,12.355,14.544
-1.68,6.795,12.183
13.719,17.382,3.701
-1.328,18.911,-0.182
-3.082,6.173,10.341
-7.759,9.745,16.38
-13.774,3.508,10.922
-9.869,5.173,4.876
-3.307,3.807,3.261
-3.821,-0.005,11.393
-2.294,-0.014,10.479
0.354,5.419,9.709
6.623,8.245,12.513
1.187,5.881,15.31
4.386,4.579,11.671
0.419,2.323,14.444
1.881,3.718,15.418
1.507,5.247,14.633
0.089,4.067,15.205
-0.589,3.991,14.729
-0.084,3.187,14.186
0.356,2.57,14.41
0.129,1.854,14.537
-0.44,-0.065,14.221
-0.586,-1.086,12.91
-0.093,-0.495,12.164
0.0,-1.055,11.341
0.268,-1.069,11.226
-0.735,-0.778,11.702
-0.735,-0.849,10.582
-0.39,-0.861,9.956
-0.902,-1.192,9.927
0.553,0.012,10.14
1.998,0.904,9.4
1.56,1.302,9.348
1.589,0.955,8.654
1.273,0.074,7.501
1.213,-0.022,7.85
1.538,0.983,8.247
1.445,2.589,8.439
1.141,1.979,8.738
1.357,1.665,7.68
1.153,2.062,6.455
1.206,2.797,6.046
1.526,3.637,5.443
1.646,5.414,5.204
0.833,5.699,5.893
-0.538,5.125,5.828
-0.581,4.898,3.881
0.263,6.541,3.685
3.493,9.417,1.699
7.745,9.833,-1.45
7.013,11.578,-2.402
1.22,12.458,0.333
1.431,17.384,2.742
-0.333,16.085,1.775
-0.758,10.161,2.127
-3.158,11.252,0.541
-8.793,11.322,-1.263
-14.284,10.992,0.797
-12.879,14.915,-2.273
-13.31,3.383,0.476
-12.513,-8.393,0.005
-15.047,-3.594,2.632
-16.997,-2.184,4.821
-9.956,-9.69,6.599
0.447,-11.047,7.893
0.11,-16.951,9.683
-7.534,-22.856,8.491
-10.446,-22.383,12.264
-17.234,-23.95,14.018
-25.512,-25.701,12.353
-17.585,-8.611,11.082
-11.75,-13.138,3.661
-4.651,3.9,-9.884
-15.181,12.982,-0.857
-33.544,5.498,2.89
-32.85,8.618,9.755
-30.347,15.016,11.214
-22.962,-3.639,23.435
-31.376,23.813,6.381
-12.846,1.907,14.023
-15.662,-3.931,7.486
-10.52,19.839,-0.266
-19.885,13.188,-8.453
-20.397,-0.792,-6.733
-25.354,-7.233,-7.551
-19.076,-20.631,3.988
-12.609,4.881,14.061
-24.842,24.17,-1.861
-2.361,1.885,4.579
-28.761,4.194,10.807
-32.606,0.254,3.359
-40.793,-1.933,0.232
-43.411,-2.333,-7.372
-40.631,2.378,-0.821
-47.844,3.0,-3.323
-36.752,1.129,6.615
-42.162,-2.146,2.723
-40.86,-4.232,-2.89
-40.731,-12.054,-20.564
-26.632,-15.671,-13.248
-24.529,-15.43,-9.936
-34.735,-9.444,-8.044
-53.591,9.652,-42.473
-20.626,56.362,-78.357
20.198,-8.106,-18.815
-6.17,8.661,-12.64
-3.869,5.12,-3.656
-4.529,17.815,1.034
-4.132,20.753,2.852
-1.644,18.521,-1.567
2.586,7.175,5.917
-18.827,2.763,14.544
2.273,7.723,4.922
11.944,17.09,5.4
-13.992,12.877,22.323
-6.84,6.161,-1.964
-7.747,8.589,4.61
-8.931,15.339,10.451
-12.25,2.338,10.889
-13.647,-1.847,16.36
-16.743,5.137,13.176
-8.762,8.826,14.992
-1.373,10.879,16.904
-1.046,6.752,15.358
1.117,1.495,15.052
1.479,1.658,14.628
0.232,2.919,15.066
0.268,2.909,15.15
0.335,1.263,13.937
0.057,-0.234,13.37
-1.089,0.254,13.119
-1.371,-0.596,12.736
-1.462,-1.526,12.702
-1.244,-1.617,11.96
0.11,-0.648,12.102
-0.598,-0.29,12.465
-0.569,-0.203,12.525
-0.153,-0.864,12.245
0.108,-0.156,11.336
-0.065,0.61,11.252
0.23,0.572,10.774
-0.062,0.672,10.862
0.713,-0.191,9.869
1.756,-0.045,6.051
0.383,1.299,9.692
1.026,1.94,9.551
1.969,1.711,7.991
1.797,1.598,8.501
2.022,1.113,7.515
0.591,0.218,7.546
1.081,0.739,7.656
1.302,0.711,5.996
1.488,1.579,6.398
0.412,1.859,6.809
0.589,3.338,7.668
-0.074,3.646,7.431
-0.158,3.653,7.379
-0.632,3.165,6.647
-0.792,3.218,5.869
-1.608,3.043,5.513
-1.266,4.041,5.843
0.77,5.39,5.481
3.517,4.941,5.998
6.491,4.249,5.668
5.036,1.235,6.816
2.859,1.282,7.623
0.548,4.11,7.723
0.297,5.173,7.769
1.084,2.73,8.379
-0.287,1.436,8.685
-2.96,1.103,10.018
-4.448,2.641,11.123
-7.293,3.338,12.98
-6.517,4.981,13.276
-2.708,6.79,12.391
0.522,6.888,12.183
-0.574,3.223,11.523
1.342,1.921,11.192
-6.443,3.46,12.255
-0.83,3.575,11.554
-0.947,2.675,11.628
-0.689,2.369,11.731
-0.907,1.981,11.504
-0.876,1.684,11.173
-0.498,1.574,11.09
-0.584,1.83,10.542
-0.816,1.357,10.822
-0.694,1.412,10.774
-0.55,1.392,10.688
-0.447,1.113,10.032
0.144,1.452,9.68
-0.117,1.239,9.692
-0.569,0.991,9.934
0.0,1.416,9.996
-0.577,1.101,9.982
0.072,1.61,9.979
0.278,1.9,9.891
0.203,2.041,10.195
0.045,2.22,10.444
0.031,2.144,10.145
0.263,1.768,9.664
0.206,2.036,9.697
-0.014,2.452,10.09
0.431,2.29,10.082
0.356,2.278,9.735
-0.014,2.51,9.927
0.301,2.204,9.819
0.196,2.053,9.908
0.328,2.591,9.604
0.428,2.73,9.934
0.342,2.428,9.869
0.512,2.663,9.879
0.77,2.95,9.762
0.278,2.46,9.683
0.479,2.428,9.886
0.95,2.756,9.467
0.629,2.646,9.575
0.768,2.603,9.69
1.136,3.041,9.656
1.038,2.924,9.441
0.892,2.902,9.733
0.933,3.163,9.778
1.026,2.907,10.001
1.048,2.692,9.35
1.007,2.651,9.487
1.127,2.668,9.42
1.012,2.684,9.396
1.017,3.055,9.508
1.182,3.0,9.664
1.12,2.725,9.561
1.28,2.945,9.798
1.409,2.979,9.577
1.321,3.158,9.735
1.299,3.168,9.542
1.507,3.254,9.695
1.66,3.127,9.656
1.483,2.945,9.759
1.637,3.058,9.582
1.526,3.237,9.69
1.653,3.366,9.496
1.505,3.319,9.63
1.632,3.519,9.501
1.89,3.5,9.637
1.696,3.354,9.448
1.754,3.333,9.563
1.634,3.701,9.75
1.988,4.24,9.69
1.979,4.326,10.034
2.275,4.137,9.477
3.067,4.895,10.628
2.701,5.414,9.441
1.397,5.656,10.262
1.543,5.015,9.439
1.694,5.146,9.25
2.223,6.015,8.996
2.541,6.919,9.111
2.524,6.35,9.089
1.967,3.902,6.541
0.804,4.783,8.443
2.737,7.592,7.238
1.581,6.639,6.984
2.022,4.802,7.259
0.569,5.797,5.587
0.55,3.397,2.603
-1.694,1.325,0.481
-1.383,3.443,2.938
0.921,4.905,9.52
-0.84,1.505,12.992
3.539,3.838,7.671
5.778,7.939,2.469
4.204,6.135,5.412
4.441,5.989,6.907
6.697,5.615,6.036
8.518,6.092,4.252
7.348,4.697,4.661
6.8,3.524,5.302
5.943,4.733,6.108
5.943,6.338,5.331
6.934,6.544,4.699
6.95,5.706,5.166
7.235,5.041,5.06
7.309,5.228,4.888
7.221,5.455,5.051
7.427,5.343,5.154
7.23,5.283,5.713
7.13,4.929,5.539
7.218,5.008,5.831
6.367,4.24,6.438
4.532,3.28,6.615
3.199,0.883,6.95
1.558,0.548,6.3
0.622,0.493,4.864
-2.172,-0.404,4.438
-3.321,0.256,6.627
-3.539,2.828,7.687
-3.842,2.005,8.731
-1.684,1.873,8.113
-1.897,2.885,9.733
-2.472,2.761,12.855
-7.34,-0.067,10.226
-3.668,3.661,13.195
-2.096,-0.304,12.161
-5.048,-0.816,12.425
-5.627,4.838,14.36
-3.981,1.553,8.903
-6.941,-2.405,10.013
-4.103,-9.589,11.917
-4.917,-7.613,9.96
-3.235,-4.685,13.604
-0.577,-7.477,7.553
-3.766,-13.65,10.336
-1.017,-11.793,14.162
-2.763,-11.81,9.178
-0.77,-11.561,7.417
-2.077,-4.62,5.075
-1.373,-3.053,8.963
-4.491,-4.962,7.479
-4.503,-8.558,6.807
-2.955,-5.467,5.235
-3.429,-5.465,7.092
-4.555,-6.015,3.091
-3.012,-5.852,-0.505
-4.142,-7.998,-2.263
-6.297,-6.639,-3.235
-8.967,-9.979,-0.182
-10.02,-19.698,-0.766
-9.465,-7.532,7.185
-3.043,4.654,1.849
-10.948,4.024,2.608
-8.434,-4.649,3.223
-7.331,-1.759,4.697
-6.912,-0.44,4.438
-8.642,2.048,2.804
-11.152,1.706,1.55
-11.14,5.596,-0.368
-13.607,5.795,-3.187
-15.121,1.756,-10.367
-11.91,-6.486,-6.63
-11.255,-12.276,-2.651
-11.269,-7.852,1.503
-11.992,-1.572,3.029
-12.413,-4.335,4.663
-12.252,-4.979,3.127
-13.099,-8.204,3.558
-14.882,-11.7,4.606
-15.356,-10.645,6.831
-15.033,-10.164,7.233
-13.786,-11.669,5.745
-13.087,-15.626,5.077
-14.504,-14.408,6.682
-9.63,-10.637,6.235
-7.876,-10.678,4.467
-4.809,-12.269,4.12
-2.158,-10.116,2.828
-1.565,-7.812,4.199
-0.165,-4.972,5.912
1.706,-3.56,6.352
2.527,-0.524,5.606
8.752,5.28,6.682
7.111,3.68,5.285
4.261,4.34,5.625
3.869,4.575,6.422
4.606,1.213,4.721
7.857,5.245,1.409
8.656,8.262,3.007
8.293,9.085,3.445
4.347,1.593,7.254
15.236,-1.347,3.888
9.398,3.153,3.027
3.393,5.075,7.809
4.577,7.96,3.991
0.854,6.307,4.599
5.764,3.974,4.118
5.273,2.582,4.137
0.373,-1.189,3.151
3.639,5.534,4.424
4.125,12.47,6.982
2.359,18.72,7.431
-14.312,-0.483,4.89
7.197,8.905,3.019
10.637,3.39,1.794
-4.967,-5.225,35.415
4.802,5.998,7.814
-4.936,2.165,11.389
-9.391,-1.232,13.616
3.223,9.92,8.257
2.663,8.661,12.14
-1.397,1.192,11.008
1.163,7.276,7.931
-2.598,-0.05,10.161
-3.369,-0.605,5.582
0.158,2.493,6.623
-0.292,1.034,6.546
-0.347,0.182,6.814
-3.206,-2.151,5.261
2.031,0.634,7.635
-2.613,2.232,7.852
-1.086,6.123,11.824
-2.053,5.479,10.408
0.55,8.805,11.539
-2.297,2.517,12.161
-1.433,5.802,10.733
-3.383,4.108,11.69
0.79,4.398,11.568
-1.515,5.134,11.003
-1.57,1.412,12.535
-2.184,3.852,9.829
-3.716,3.405,10.489
-0.943,4.704,13.006
-0.663,3.936,12.896
0.579,3.883,12.252
0.713,4.718,12.403
-0.223,4.35,12.353
-0.266,5.144,11.202
0.617,5.417,12.628
0.837,4.484,12.281
0.615,6.003,10.822
1.581,5.091,10.109
2.57,2.895,9.893
0.904,1.495,9.518
0.581,1.486,7.986
-0.33,1.981,8.348
1.452,3.819,8.912
1.287,2.885,8.912
1.814,4.687,9.867
0.773,3.299,9.254
2.909,3.795,8.058
2.141,2.134,7.429
1.773,0.854,7.546
1.72,0.617,7.771
1.73,1.56,6.383
1.589,1.579,6.649
1.134,-0.835,5.639
0.495,-0.94,6.292
-0.098,0.675,6.781
0.84,1.299,6.216
1.189,1.165,6.513
-0.723,0.976,7.13
-0.23,3.431,7.027
-0.103,3.395,7.312
1.345,1.593,7.829
2.763,1.854,7.446
3.627,2.909,7.446
3.646,3.754,7.927
2.756,3.716,7.941
0.897,4.807,7.441
2.711,5.764,8.69
2.438,0.467,8.862
0.758,-0.105,7.522
-2.558,1.189,7.917
-2.302,4.366,13.853
-7.919,1.354,14.875
-6.242,4.859,13.985
-2.931,6.56,13.018
0.273,6.096,11.535
0.708,2.974,12.362
-1.452,2.646,12.561
-0.11,3.888,12.097
0.05,4.699,11.827
-3.555,1.098,12.116
-1.754,1.194,12.023
-1.438,0.754,12.085
-0.51,0.785,13.126
0.598,1.392,12.726
0.191,1.239,12.92
1.443,1.5,13.032
1.043,1.079,12.525
0.605,-0.089,12.427
1.134,0.067,12.236
1.555,-0.505,12.382
1.4,0.115,11.74
2.01,-0.486,11.614
1.644,-1.014,11.243
1.826,-0.926,11.188
1.459,-1.096,10.695
2.388,-1.55,9.348
3.436,-0.103,9.673
3.053,0.596,8.754
3.371,0.766,8.219
2.852,-0.057,7.582
2.493,0.763,7.907
2.505,1.699,7.726
2.787,2.852,7.64
3.39,2.763,6.982
3.546,2.182,7.348
3.051,3.419,7.613
2.433,6.324,7.546
0.567,4.835,6.797
-0.866,2.984,5.051
0.129,0.263,4.532
2.034,0.952,3.385
4.646,4.486,3.046
6.218,7.8,2.493
6.644,6.058,2.57
5.958,4.752,2.469
5.441,8.833,1.725
2.684,13.382,0.435
2.572,16.248,2.823
-1.132,10.326,4.874
-0.364,12.65,1.517
-7.151,12.267,2.129
-8.687,10.968,0.615
-7.8,10.678,-0.749
-10.317,14.162,0.029
-9.01,12.623,1.847
-7.393,11.836,-3.85
-12.449,0.854,-5.036
-13.965,-6.001,0.445
-13.846,-6.568,11.437
-11.391,-11.86,5.168
-11.827,-12.752,10.659
-1.94,-5.948,13.348
-1.211,-12.382,10.348
-11.587,-20.035,17.703
-19.985,-21.414,2.601
-25.981,-21.304,13.162
-17.877,-15.59,15.248
-14.052,-6.575,7.826
-6.276,-8.096,-0.821
-9.609,6.077,-9.164
-25.017,12.858,2.05
-41.463,11.042,14.367
-26.273,3.945,23.383
-33.362,12.437,11.941
-16.329,12.173,6.544
-20.318,-1.974,-6.651
-27.536,21.28,18.662
-21.091,18.353,-6.891
-21.359,-9.238,-13.241
-25.189,-15.868,-3.481
-27.496,-5.235,12.669
-24.474,35.116,-1.388
-17.901,-0.522,2.251
-26.498,-1.139,16.803
-12.886,-7.826,13.963
-17.243,-6.379,17.109
-26.534,6.955,20.026
-31.891,14.566,16.892
-32.958,4.527,11.283
-36.803,-0.507,4.644
-44.325,-2.259,-1.311
-50.151,-4.0,-7.541
-44.715,0.519,-8.927
-49.952,-0.739,-6.125
-40.925,-5.254,7.008
-43.904,-4.156,4.055
-39.918,-4.685,-2.885
-38.568,-3.814,-11.276
-34.07,-3.74,-11.121
-34.769,-9.554,-8.994
-78.39,4.955,-43.916
-22.974,-3.95,-56.867
1.68,20.634,-27.091
-9.74,13.264,-34.02
-5.256,-15.08,-13.458
-4.948,8.297,5.34
-0.957,23.356,12.31
-5.553,12.901,6.008
0.041,7.941,3.708
1.981,9.295,9.388
-1.737,5.46,13.946
3.809,8.242,2.632
6.23,8.152,17.959
-0.249,10.678,-11.001
-6.3,2.089,10.791
-10.654,3.852,6.991
-10.838,8.046,8.032
-9.975,8.661,7.218
-4.082,10.305,10.123
2.18,11.054,16.262
-5.886,9.755,17.073
3.228,10.494,13.135
0.952,5.608,15.643
-1.187,3.316,17.282
0.95,4.78,14.336
1.328,4.288,12.403
1.802,2.5,15.222
0.062,0.993,16.088
0.849,-0.88,14.272
1.416,-1.517,13.475
-0.409,-1.658,13.98
-0.895,-1.732,13.676
0.347,-2.617,11.965
1.211,-1.962,10.286
0.636,-1.225,11.013
0.679,-0.445,11.413
0.452,-1.282,11.173
0.622,-0.467,10.776
1.311,-0.785,10.47
0.864,-1.354,9.716
1.596,-1.337,9.917
1.615,-1.988,8.422
2.701,-1.086,7.453
3.582,-0.385,7.496
2.589,0.22,7.589
2.491,-0.321,6.855
2.098,0.084,8.4
1.62,0.196,7.338
1.847,1.086,5.737
2.728,2.027,5.268
2.608,2.606,5.063
1.23,3.735,4.831
1.589,6.883,4.163
-0.825,8.147,4.254
-0.859,9.343,2.443
-0.402,10.669,0.924
2.189,11.767,-0.646
4.228,9.546,0.048
3.256,9.312,-0.282
2.33,15.612,3.56
0.404,22.686,2.895
-1.113,17.937,-0.132
-2.692,9.008,0.395
-7.314,5.855,1.759
-8.001,1.689,1.366
-6.773,15.951,-4.527
-16.159,7.989,-2.522
-9.53,-4.345,-6.254
-15.714,-8.577,0.991
-19.703,-3.249,4.835
-10.578,-4.603,7.843
-4.371,-4.792,11.078
-2.297,-10.982,8.175
0.091,-21.77,7.812
-11.006,-21.607,14.044
-22.919,-20.315,19.066
-30.74,-16.332,17.64
-15.411,-7.508,13.724
-9.537,-8.599,4.204
-10.817,-2.266,-1.129
-20.023,0.49,-1.397
-30.319,5.587,0.227
-38.561,12.992,12.08
-31.891,15.695,14.877
-21.452,-3.981,9.879
-22.112,6.587,6.168
-13.724,-6.974,4.204
-18.942,11.425,-0.268
-24.364,17.542,3.273
-22.459,1.725,5.35
-21.016,6.017,4.252
-18.019,2.469,8.513
-33.644,-13.745,-29.644
-21.359,10.365,-5.079
-19.988,1.617,13.418
-17.99,-6.448,16.296
-22.648,-6.73,17.224
-29.158,6.135,14.442
-33.219,7.75,9.941
-34.353,1.876,5.639
-39.509,1.625,2.751
-45.162,3.103,-3.151
-45.672,1.505,-6.836
-3.5,-7.979,-21.679
-31.673,-5.833,-2.273
-40.834,-5.355,5.314
-42.777,-4.108,10.47
-42.449,-6.871,-6.481
-40.504,-20.16,-15.836
-30.333,-14.942,-11.236
-37.963,-15.339,-9.75
-56.683,3.134,-9.302
-41.432,77.084,-59.602
5.419,-9.178,-19.062
3.46,6.23,-25.069
-4.132,15.313,-14.162
-8.623,21.366,1.378
-6.005,17.136,-5.144
-0.703,11.453,0.569
4.204,12.863,3.134
-12.994,7.958,9.321
-0.249,14.786,8.137
12.616,9.97,-4.498
-4.003,6.496,10.427
-10.695,6.601,6.285
-15.588,7.163,17.815
-13.504,7.527,10.747
-4.221,7.824,8.013
-8.544,7.367,11.384
-8.29,4.371,12.779
-0.802,6.776,14.198
2.493,6.702,11.858
0.462,4.213,16.329
0.854,2.352,16.183
2.594,2.629,15.195
2.696,1.189,12.987
2.0,-0.452,11.298
1.18,-0.553,13.164
-0.467,-1.189,12.652
0.605,-2.802,12.193
0.519,-3.077,11.324
0.268,-2.4,11.726
0.45,-2.445,12.583
-0.117,-2.189,12.906
0.354,-1.639,12.094
0.601,-1.94,12.068
0.993,-1.467,11.594
0.591,-1.311,11.463
0.584,-1.428,11.006
0.883,-1.651,11.291
1.476,-1.266,10.408
1.213,-2.019,7.419
3.213,-1.782,7.573
2.18,0.818,7.439
2.845,0.519,7.001
2.598,-0.304,8.152
1.771,-0.33,7.714
2.498,0.758,7.161
2.268,2.677,6.759
2.814,3.728,6.625
2.235,4.103,4.967
2.062,5.479,5.522
1.096,5.675,4.424
0.617,6.056,2.065
-0.036,9.817,-0.263
-1.861,12.874,1.213
-1.656,10.934,1.292
1.823,5.989,1.282
3.718,6.582,0.964
2.395,11.044,-1.421
-0.211,19.787,0.39
-2.311,14.042,1.058
-2.06,8.137,3.768
-4.405,10.279,-0.605
-5.051,12.035,-0.627
-8.63,9.444,0.033
-17.224,-1.797,0.806
-18.71,-3.452,0.072
-17.423,7.372,0.869
-17.76,-7.637,-0.924
-3.881,-13.602,1.012
-3.139,-12.929,8.647
-0.459,-17.32,3.976
-9.314,-22.552,5.314
-14.291,-29.637,14.626
-19.631,-19.184,19.279
-29.259,-13.468,20.471
-17.325,-10.161,21.71
-9.14,-7.733,8.809
-13.154,10.401,-9.202
-14.145,7.793,-3.402
-28.488,16.851,-2.089
-35.625,3.086,8.331
-26.854,11.745,11.31
-31.826,18.258,9.74
-18.267,29.228,-2.661
-9.936,15.915,-5.448
-17.54,4.23,-0.797
-4.898,27.936,1.895
-21.629,4.524,6.879
-25.072,1.412,2.024
-11.934,3.859,1.5
-33.601,-20.344,-36.87
-34.276,11.099,-2.517
-8.029,4.646,7.386
-17.174,1.998,15.059
-10.113,-5.742,8.795
-23.531,-4.221,14.241
-32.271,2.127,13.351
-30.347,7.709,9.793
-31.989,5.792,4.936
-42.073,3.137,2.139
-45.792,-0.648,0.153
-48.452,-3.385,-1.388
-49.914,2.9,-3.362
-58.652,4.304,32.881
-26.436,-9.996,-11.463
-37.267,-11.157,-2.213
-41.384,-5.498,-10.257
-31.769,-10.42,-16.461
-38.032,-14.341,-8.451
-48.242,-1.558,-16.018
-22.256,77.134,-72.416
5.864,-28.699,-12.092
-4.654,13.461,-28.862
-8.108,17.131,-3.694
-4.862,17.04,0.581
-4.426,19.205,-0.445
-2.208,13.575,0.301
-2.598,14.48,3.235
-2.859,14.604,10.984
-6.946,13.506,10.2
4.871,7.173,7.216
4.62,4.137,11.111
-13.298,3.895,18.217
-12.69,1.991,12.733
-4.926,10.767,6.85
-9.711,7.843,10.587
-0.876,13.487,6.986
-6.907,13.226,12.829
0.833,8.173,15.597
0.421,0.706,11.685
2.005,1.904,14.284
2.122,4.776,14.291
1.007,6.137,15.521
0.818,3.285,14.786
2.39,1.498,14.466
0.05,1.067,14.116
1.436,0.677,14.891
0.294,0.445,15.095
0.421,-0.29,14.212
0.139,-1.325,12.614
0.199,-3.397,11.386
1.134,-3.467,12.083
-0.172,-2.216,12.757
0.562,-2.383,11.951
0.754,-1.833,11.331
0.409,-2.345,9.728
1.302,-1.5,10.752
0.156,-1.732,9.664
0.002,-1.572,10.121
1.304,-0.761,10.178
2.041,-1.232,9.838
2.498,-0.553,8.805
2.175,-0.309,9.082
2.239,-0.33,6.02
2.043,-1.419,6.804
2.333,-1.165,6.19
1.127,-0.462,6.324
0.885,0.696,6.972
1.113,1.249,7.005
0.522,2.759,5.431
1.328,5.123,4.091
1.486,7.419,3.955
-0.73,9.092,4.127
-2.096,9.685,3.204
-1.05,10.645,1.455
0.452,10.757,-0.502
3.799,9.537,-0.337
5.785,8.546,-0.651
1.976,13.786,2.043
-0.904,20.983,2.127
-1.39,16.057,-0.538
-1.96,10.929,1.134
-7.199,-1.378,4.699
-5.424,5.934,1.354
-5.759,14.93,-3.984
-18.7,5.926,-2.809
-14.678,-12.027,-3.074
-21.036,-7.738,3.314
-22.155,-3.742,6.527
-7.094,-0.105,6.943
0.469,-5.087,6.111
5.556,-18.734,5.692
-1.694,-18.772,12.238
-12.2,-18.653,18.181
-26.95,-25.206,16.267
-25.445,-22.729,16.82
-16.073,-19.009,14.434
-7.714,-3.285,8.36
-5.891,10.166,-11.728
-21.694,9.132,5.044
-35.338,6.257,0.103
-32.441,6.123,0.806
-30.764,11.446,9.073
-31.683,5.783,3.464
-0.78,15.779,16.927
-16.322,0.847,6.97
-10.661,14.269,8.654
-15.681,15.195,2.668
-39.497,-5.515,61.571
-19.82,4.053,-3.601
-24.431,-17.674,-2.352
-16.841,-2.598,7.35
-27.4,32.831,30.575
-12.877,3.252,4.589
-17.801,-3.838,11.669
-19.169,-10.738,16.145
-25.541,-4.51,14.513
-31.819,3.661,13.346
-29.62,4.618,8.766
-36.374,2.476,2.991
-42.782,2.273,2.704
-41.217,-0.002,-0.857
-44.337,-3.539,5.553
-48.337,0.751,1.811
-43.722,5.465,5.484
-47.615,0.517,6.606
-46.024,-19.366,-2.232
-36.334,-15.987,-9.542
-42.535,-8.769,-9.501
-38.958,-13.214,-14.076
-56.924,5.96,-3.902
-41.765,78.357,-78.357
21.043,-54.362,-17.944
-9.07,16.286,-12.705
-2.996,35.673,-10.649
-5.19,25.971,-1.981
-3.247,13.013,-7.929
1.421,11.326,-1.036
-0.263,10.936,-0.598
-6.714,8.807,20.988
-1.244,12.401,9.831
0.897,12.26,9.302
1.967,11.051,4.194
-9.01,9.86,6.508
-11.315,11.779,0.038
-14.387,8.333,17.207
-15.25,6.706,11.865
-5.764,7.259,11.468
0.443,5.252,7.958
-7.613,5.639,27.007
-0.275,9.793,13.477
3.402,7.979,14.688
0.605,2.022,16.006
-0.644,2.606,17.138
0.823,2.663,15.714
1.469,1.562,14.219
1.189,0.172,14.717
-0.345,-1.84,14.212
-0.033,-2.751,12.707
0.414,-2.491,11.791
-0.22,-2.821,11.358
-0.273,-3.273,11.681
-0.636,-2.11,12.365
-0.325,-3.773,11.965
-0.06,-1.909,11.716
0.479,-2.299,10.597
-1.024,-2.39,10.279
0.06,-1.979,10.357
0.947,-2.227,10.027
0.842,-1.567,9.953
1.952,-1.278,8.635
1.615,-2.012,8.92
1.467,-1.608,7.982
2.287,-1.828,8.297
2.192,-0.632,8.958
1.543,-0.325,9.051
2.534,0.546,7.642
1.139,0.797,6.883
0.924,0.703,6.867
1.723,1.689,5.326
2.495,3.314,4.792
2.23,6.426,3.543
-0.462,7.561,4.766
-1.048,8.032,3.95
-1.263,8.874,4.292
-0.342,9.283,1.352
2.503,11.96,-0.414
4.433,11.721,-1.292
1.96,9.123,1.093
-0.225,13.726,0.988
-0.112,17.624,1.969
-1.412,14.466,2.072
-2.292,7.35,3.941
-3.187,5.816,-3.9
-12.468,3.393,-6.481
-10.113,1.983,-2.806
-15.31,-12.819,1.256
-16.59,-8.826,-1.06
-20.892,-1.881,2.651
-10.776,-2.144,6.216
-6.541,-3.577,13.336
-0.203,-16.164,10.31
-3.472,-21.583,8.424
-11.571,-21.997,16.509
-20.289,-21.361,14.262
-23.375,-20.26,13.867
-12.339,-11.841,14.521
-7.07,-3.366,2.4
-6.371,4.079,-5.111
-22.16,1.988,-0.203
-35.527,6.02,3.244
-35.788,11.599,13.721
-37.444,7.592,11.882
-27.716,4.804,10.812
-14.437,25.251,2.524
-25.89,5.675,3.161
-2.194,6.398,3.649
-17.483,7.183,-1.06
-10.647,7.549,2.464
-21.315,14.506,4.189
-23.32,7.029,0.304
-2.481,7.498,19.296
-26.122,3.687,4.831
-25.823,27.517,-3.175
-2.795,4.835,9.226
-15.724,-1.694,15.609
-9.223,3.517,11.054
-24.017,6.572,14.882
-32.34,8.309,10.637
-29.725,8.599,4.895
-34.362,4.271,-0.919
-41.006,1.194,-0.601
-39.492,-1.778,0.959
-42.767,-0.175,-0.043
-43.562,4.663,2.83
-47.852,-2.852,5.591
-44.543,-5.771,-0.648
-42.248,0.402,-15.482
-47.981,78.357,-21.232
-10.424,12.396,-61.401
-2.005,-33.393,-10.704
-0.601,23.727,-20.277
-4.122,24.318,-0.833
-5.017,21.165,-6.68
0.49,10.25,-4.78
3.129,13.678,-1.041
-1.017,12.092,4.259
-9.877,4.89,14.344
-1.739,16.281,9.166
3.335,20.61,12.382
-7.333,11.81,1.436
-13.686,3.173,7.486
-9.439,4.24,11.257
-6.393,2.646,11.434
-5.132,4.943,10.353
-7.515,4.637,10.635
-4.78,3.685,9.86
2.914,9.606,8.778
-3.311,7.592,22.359
-0.438,6.604,17.356
-0.139,2.366,16.645
2.266,3.094,15.982
1.495,1.976,15.607
-0.799,1.546,15.365
-1.479,-0.213,16.308
-0.211,-2.338,13.604
1.12,-2.847,12.346
-0.036,-3.56,12.36
-0.591,-4.393,12.733
0.1,-2.967,12.657
-0.146,-2.476,12.812
0.182,-2.223,12.109
0.098,-1.727,12.154
0.629,-0.979,12.087
0.206,-0.301,10.357
1.175,-0.27,9.671
0.191,-0.931,9.381
2.103,-0.644,7.412
1.629,-0.227,8.618
1.701,-0.672,6.675
2.467,0.263,5.835
1.912,1.254,6.671
0.754,0.301,8.453
0.299,0.055,8.508
1.534,-0.112,7.544
1.828,1.495,5.998
1.45,3.491,5.278
1.065,5.457,5.029
0.299,5.785,4.23
-1.136,5.687,3.488
-0.711,7.931,2.364
-1.23,10.726,0.818
0.072,11.585,-0.127
3.577,9.551,-0.505
5.749,5.993,0.608
3.213,9.137,1.22
-0.749,16.636,2.859
-1.273,16.006,0.794
-2.615,9.197,3.108
-3.754,2.629,4.649
-6.96,4.477,3.986
-10.855,17.877,5.776
-20.885,10.123,-2.314
-10.063,-5.446,0.1
-13.707,-14.769,1.708
-11.984,-3.438,0.883
-7.101,-4.924,3.103
-1.955,-11.068,4.187
-2.56,-16.829,7.91
-7.783,-23.402,8.714
-13.566,-17.736,12.858
-14.277,-14.415,4.252
-30.589,-22.605,16.772
-17.911,-13.669,9.144
-8.092,-0.993,3.108
-11.693,8.235,-2.895
-19.054,2.007,2.306
-30.979,6.508,6.137
-26.292,6.403,0.986
-29.051,1.775,8.936
-25.756,8.805,14.485
-27.259,11.338,3.254
-9.432,3.646,9.156
-11.008,15.892,1.517
-19.382,-0.892,2.352
-21.265,5.053,4.835
-23.507,2.917,5.833
-23.275,-5.948,8.996
-20.658,-1.945,9.889
-21.806,6.178,0.412
-11.999,9.833,4.711
-10.109,-6.194,13.315
-12.752,4.721,4.462
-20.827,11.48,17.937
-25.938,5.855,12.688
-26.144,4.694,9.123
-29.445,4.278,6.797
-32.623,7.443,3.464
-40.908,7.714,0.218
-44.131,6.269,-0.364
-51.129,2.5,1.835
-48.916,-3.563,3.376
-43.397,-0.907,-0.072
-44.564,-2.409,-4.752
-42.71,-5.323,-7.759
-41.258,-8.053,-14.554
-32.034,-11.054,-15.399
-40.279,-10.369,-14.846
-35.042,57.53,29.608
-28.431,1.543,-73.445
-0.385,-22.863,-28.735
-5.625,17.88,-18.416
-4.843,25.591,-3.747
-2.732,26.215,-2.223
-5.508,13.073,-6.027
-0.122,13.903,-4.52
-1.615,4.847,5.175
-10.621,0.613,11.14
1.328,13.805,2.627
4.89,18.751,6.324
-7.651,9.075,4.878
-7.616,5.73,2.495
-9.046,6.532,9.176
-14.576,-2.866,16.327
-10.836,-1.974,14.071
1.648,8.12,10.836
4.929,13.707,11.439
0.684,13.176,14.303
0.366,8.664,11.92
0.328,3.374,14.406
1.488,2.072,17.858
0.689,1.471,15.375
2.046,-0.376,13.516
0.914,0.871,12.824
0.098,0.469,13.281
-1.134,-1.115,13.944
-1.249,-3.144,13.695
-1.144,-3.496,12.726
-0.641,-3.888,11.642
-1.12,-3.187,12.109
-0.395,-4.115,12.597
-0.036,-2.661,12.575
-0.05,-2.062,12.181
-0.651,-3.625,11.937
-0.333,-2.888,11.669
0.51,-3.161,11.133
-0.49,-2.153,11.152
4.627,-1.555,11.106
0.038,-1.022,10.762
1.225,-1.077,10.149
1.081,-1.553,9.348
2.259,-0.433,10.094
1.967,-0.227,9.353
0.821,-0.438,10.058
1.168,-0.254,9.388
1.235,-0.658,7.183
1.639,-0.72,7.01
1.364,0.584,6.994
1.471,1.39,6.446
0.663,1.727,7.092
0.522,3.321,6.257
1.302,5.558,5.374
1.718,6.711,4.627
0.139,7.527,4.029
-1.436,8.293,2.94
-1.684,8.57,2.149
-1.122,6.285,0.861
1.799,7.221,-2.33
7.099,9.745,-0.964
5.18,11.745,0.735
0.196,18.227,1.79
-3.29,19.444,1.629
-2.462,15.143,-0.534
-3.053,9.446,-2.208
-3.383,0.136,3.881
-5.79,7.41,0.249
-12.099,16.389,3.055
-19.392,4.252,-1.761
-15.363,-6.501,1.376
-23.347,-3.015,8.02
-14.927,2.297,6.998
-7.96,3.725,4.634
0.402,-7.783,3.448
-0.261,-16.896,6.505
-5.292,-15.08,11.448
-14.726,-14.93,13.501
-17.715,-20.39,14.133
-21.043,-14.571,14.595
-16.296,-13.26,12.889
-12.525,-8.788,7.912
-10.231,5.474,-1.206
-12.975,4.814,0.486
-25.268,10.451,0.074
-31.539,2.931,10.953
-20.789,7.314,10.618
-42.073,12.307,5.907
-15.899,11.771,13.69
-18.04,-6.254,0.658
-23.354,13.965,0.572
-13.042,24.66,5.182
-24.983,2.527,6.596
-23.541,0.711,-1.869
-21.371,-9.455,-6.816
-33.632,-9.635,3.996
-28.68,5.079,-1.06
-1.091,2.651,5.958
-15.19,-2.574,12.004
-14.348,-18.059,20.224
-18.334,-9.063,18.31
-29.027,4.206,13.561
-26.242,7.178,10.479
-29.788,3.359,8.297
-35.539,2.577,6.525
-44.727,1.615,4.39
-45.703,-0.89,-4.591
-48.048,-0.67,-0.287
-40.073,19.277,2.627
-45.258,-9.905,-6.149
-35.745,-25.275,-2.95
-35.657,-8.551,-3.618
-37.516,-6.855,-6.721
-35.295,-1.617,-11.604
-2.675,16.939,-16.923
-4.34,17.112,-8.716
0.026,12.398,-9.195
-3.314,9.345,-7.077
0.56,16.932,-4.142
-2.024,17.404,6.254
-7.434,11.786,9.243
-11.915,10.788,19.497
-2.503,13.379,9.479
0.397,2.629,13.98
-6.888,5.637,0.459
-5.692,7.046,12.092
-3.464,1.802,8.128
-4.658,2.675,12.178
0.555,9.989,13.76
2.187,9.886,15.695
3.175,9.061,14.339
-2.608,2.426,15.336
-0.112,3.388,15.169
-0.11,2.409,16.337
0.514,1.835,15.21
0.49,0.847,14.896
0.237,1.273,13.284
-0.172,-0.194,12.688
-0.055,-2.895,13.308
-0.55,-2.979,12.91
-0.589,-1.538,13.008
-0.036,-1.605,15.116
-0.297,-1.979,14.233
-0.833,-1.89,14.592
-0.297,-1.967,12.63
0.215,-2.149,12.264
-0.077,-1.139,11.994
-0.378,-1.483,11.341
0.172,-2.469,10.034
-0.141,-3.06,9.764
1.11,-1.598,10.487
1.443,-1.881,9.898
2.878,-1.378,7.448
3.661,-0.806,8.216
2.969,-0.227,6.802
2.766,-1.038,7.405
3.472,-0.849,4.192
1.739,-1.538,5.771
1.543,-0.591,5.663
1.244,0.543,6.022
1.448,3.321,5.067
1.515,5.125,3.735
1.194,5.45,3.419
0.847,6.194,3.017
-0.117,7.917,1.847
0.861,9.403,1.759
2.256,7.611,1.129
5.058,6.766,1.995
4.094,4.309,0.689
1.644,8.295,2.862
0.713,17.14,1.952
-1.768,19.413,3.972
-2.713,12.496,3.302
-3.653,8.637,0.876
-5.323,4.567,0.754
-5.919,8.147,0.938
-18.571,10.52,-8.125
-16.719,10.034,-1.223
-19.923,-0.002,3.249
-19.342,-5.288,1.117
-17.853,-6.594,3.405
-11.453,-4.747,5.654
-4.17,-5.881,6.907
-4.816,-9.625,10.47
-16.609,-20.093,20.026
-9.728,-15.585,10.444
-20.885,-21.665,10.365
-21.43,-18.275,10.295
-14.741,-12.169,10.381
-12.786,-4.175,3.826
-5.747,4.017,-2.16
-16.186,-0.065,6.151
-26.766,0.258,-2.486
-32.575,8.824,8.18
-32.989,16.906,10.613
-15.88,-1.192,4.003
-18.346,14.784,-1.158
-12.056,16.466,-4.62
-19.643,11.48,9.453
-10.456,5.321,9.795
-15.195,2.129,3.955
-14.784,1.292,-5.699
-19.705,4.043,7.214
-31.312,13.863,2.656
-15.064,4.247,2.046
-16.447,-6.151,9.104
-18.595,-14.164,12.41
-20.672,-14.154,19.344
-21.213,2.909,16.999
-29.546,14.927,15.458
-30.91,9.963,9.678
-34.077,2.137,2.082
-63.298,-4.168,8.384
-50.002,0.089,-2.603
-46.564,0.392,0.352
-9.563,8.034,-24.062
-53.749,3.479,0.804
-48.301,-5.412,-1.601
-45.813,-4.177,-4.453
-46.662,-9.065,-11.547
-42.174,-9.582,-12.169
-56.474,4.206,-21.323
50.175,78.357,-78.357
6.563,-32.951,-15.375
-18.447,-7.082,-20.66
-8.494,11.125,-19.784
2.615,10.903,-11.147
-0.053,16.353,-5.692
-4.144,14.98,0.835
-1.117,18.296,-1.938
-0.115,12.171,4.113
-12.659,10.42,7.13
0.629,12.212,11.044
13.532,16.243,-0.828
-0.49,11.415,4.965
-6.869,12.571,0.718
-12.004,10.645,7.541
-10.659,3.945,8.963
-6.917,4.259,10.156
-2.792,11.236,11.982
-2.555,15.6,11.81
-61.451,-22.103,26.629
-3.508,8.144,10.788
-3.931,3.086,9.372
0.794,5.924,9.142
-2.792,10.396,12.975
1.278,13.781,14.774
-1.665,9.362,12.071
-1.421,6.898,13.434
-0.684,5.936,13.922
-0.689,7.142,13.363
-0.325,5.67,11.642
-0.713,4.34,10.121
-1.29,4.175,10.891
-2.017,4.606,10.826
-1.017,3.503,9.69
-0.72,2.964,9.185
-0.983,3.744,9.728
-0.912,4.122,9.324
-0.177,3.866,9.286
0.112,4.723,8.518
-0.301,4.694,9.487
-0.299,4.567,9.293
-0.51,4.768,9.343
0.325,4.974,9.41
0.433,4.378,9.173
-0.282,3.967,8.561
0.553,4.436,9.159
0.404,3.711,9.022
1.086,4.457,9.104
0.435,4.436,8.384
0.943,4.876,8.754
0.258,4.177,8.558
0.321,4.055,8.331
0.51,5.438,8.498
0.163,5.23,8.015
0.658,5.096,8.793
0.498,5.484,8.575
1.06,5.371,7.482
1.172,6.022,7.317
0.639,6.089,7.568
0.627,6.07,7.726
0.605,4.627,5.07
-3.374,1.101,5.513
-3.412,3.316,8.85
-1.914,7.113,6.359
0.153,5.931,4.668
-2.452,4.584,3.965
-9.07,-1.404,6.903
-0.964,13.255,12.932
-0.591,6.383,11.384
1.467,6.96,9.3
2.924,7.91,5.575
1.9,8.345,4.893
3.003,7.462,5.096
4.036,8.159,6.044
5.67,6.386,4.843
5.931,6.637,5.056
5.831,5.359,5.582
5.278,4.869,5.769
5.101,5.761,4.943
5.323,6.9,4.486
4.582,6.505,4.96
4.139,5.63,6.534
3.333,6.297,7.723
2.931,7.687,8.13
2.864,7.695,7.599
3.029,7.47,6.556
4.034,6.682,6.025
4.613,5.946,5.984
4.936,5.737,5.881
4.933,5.821,6.319
4.74,5.742,6.659
4.242,6.089,6.95
4.553,5.886,6.508
4.505,5.769,6.472
4.321,5.785,6.223
4.326,5.84,6.45
4.209,6.269,6.637
4.192,5.541,6.58
4.627,6.283,6.441
4.512,5.821,6.328
4.843,5.565,6.125
4.862,5.266,6.302
4.902,5.201,6.527
4.862,5.398,6.769
4.654,5.69,6.781
4.551,6.02,6.757
4.505,6.168,6.489
4.503,6.295,6.386
4.534,6.204,6.534
4.701,6.108,6.85
4.57,5.792,7.242
4.584,5.747,7.857
4.517,5.658,8.12
4.517,5.907,7.855
5.302,6.388,7.955
5.924,6.352,7.869
5.685,7.113,8.475
6.4,8.314,9.061
7.094,8.687,8.467
6.891,7.273,7.374
7.785,6.048,6.546
7.417,4.347,6.687
7.632,4.668,6.252
8.764,6.051,4.034
8.338,6.364,6.706
9.202,6.749,5.273
8.542,7.166,5.146
8.865,5.759,4.713
8.501,5.268,4.989
8.977,0.981,5.465
9.216,1.538,6.249
8.68,7.539,6.302
7.57,5.831,5.792
8.97,5.876,1.883
8.297,5.883,3.333
4.716,5.711,6.924
5.082,6.362,4.582
4.735,6.453,4.68
4.802,6.276,2.464
4.622,5.747,1.651
4.118,5.331,2.216
3.653,5.548,2.728
4.685,6.348,3.299
5.79,7.017,2.651
5.934,7.221,2.414
5.158,6.898,2.522
4.618,6.855,2.28
4.587,6.642,2.84
4.551,5.941,3.74
4.082,5.749,4.247
3.345,6.137,3.701
2.936,6.336,2.888
2.718,5.484,2.95
2.077,4.122,3.847
1.103,4.673,5.048
-0.062,6.816,5.541
-0.373,8.046,5.405
-0.409,5.974,5.242
-0.852,3.319,4.924
-0.845,3.022,5.544
0.029,6.989,6.462
0.4,9.266,7.259
-0.988,6.749,7.187
-1.29,4.079,6.503
-0.263,5.493,6.316
-0.045,7.879,6.606
-0.962,7.941,5.754
-1.526,6.314,4.651
-1.125,5.642,3.931
-1.536,5.816,4.412
-2.572,6.371,4.737
-3.177,6.359,4.694
-2.737,7.144,2.862
-1.952,4.517,0.825
-3.374,1.881,-1.024
-11.36,56.604,45.492
-24.629,-9.3,-5.395
2.287,-16.121,11.36
8.506,-6.998,7.041
0.931,0.122,6.142
-3.299,11.219,9.46
-4.73,12.58,7.209
-2.297,11.152,8.018
-1.866,6.362,9.092
-3.01,1.254,9.69
-0.799,-0.141,9.264
-0.426,-0.749,8.726
0.057,4.204,8.723
-0.419,6.773,9.427
-1.208,5.606,9.788
-0.591,3.814,9.692
1.658,3.285,8.575
0.072,2.101,8.946
-1.79,3.299,8.903
-1.976,4.297,8.965
-1.665,4.558,8.733
-2.062,4.333,8.644
-2.656,3.73,8.408
-3.467,3.003,8.735
-3.218,3.606,8.173
-3.522,3.871,9.833
-2.524,1.991,9.377
-1.436,0.153,9.274
-0.115,1.759,8.544
1.639,2.194,10.8
2.79,4.699,12.705
3.072,5.134,7.183
0.557,4.036,9.235
-1.522,5.579,9.63
-0.481,3.098,8.699
-0.17,1.428,9.056
-0.024,2.759,9.429
-0.081,4.366,9.472
-0.455,4.991,9.231
-0.818,4.465,9.341
-0.189,3.814,9.257
0.242,3.397,9.259
0.258,3.357,9.209
0.033,3.515,9.228
-0.132,3.775,9.348
-0.177,3.976,9.233
-0.084,3.72,9.281
0.005,3.541,9.25
-0.069,3.462,9.132
-0.084,3.378,9.243
0.005,3.747,9.386
0.12,3.816,9.166
-0.215,3.287,9.204
-0.163,3.886,7.991
-0.397,3.941,9.585
0.187,3.991,9.286
-0.459,4.45,7.781
0.244,4.197,9.494
0.165,3.579,9.116
-0.172,3.917,9.271
-0.093,3.886,9.211
0.074,3.761,9.118
-0.11,3.773,9.243
-0.311,3.811,9.161
-0.093,3.933,9.061
0.036,4.271,8.984
0.098,4.479,9.767
-0.199,4.448,9.046
-0.266,4.022,8.982
-0.043,4.256,8.862
0.0,4.084,8.975
-0.383,2.986,8.245
-0.024,4.204,8.972
-0.055,4.323,8.941
-0.242,4.015,8.759
-0.409,3.414,9.056
-0.22,3.756,9.288
0.115,4.984,9.192
-1.622,5.582,10.568
-0.866,5.087,11.638
-0.234,4.292,8.762
-0.39,4.359,8.431
-0.816,4.634,7.553
-0.33,4.419,11.413
-5.57,0.333,12.736
0.825,3.957,8.604
-0.069,5.345,8.879
-1.309,5.467,10.097
-0.591,3.34,10.384
0.141,4.012,8.716
-1.445,5.958,12.451
-0.845,5.161,4.268
0.742,2.122,6.113
1.574,3.261,8.539
-0.751,5.651,9.283
-0.66,4.555,10.398
0.23,4.354,9.068
-0.172,4.699,8.965
-0.818,4.91,11.446
0.249,3.464,8.044
-1.242,4.072,9.001
-1.361,2.723,9.276
-0.505,5.812,13.193
-1.526,4.168,7.745
0.857,6.027,8.171
0.534,5.658,9.302
-1.376,3.543,10.037
-1.182,4.034,7.979
0.385,4.989,9.221
0.041,5.816,8.661
0.773,3.177,8.783
-0.481,4.366,9.132
-0.294,4.989,9.52
-1.39,5.13,9.577
-1.878,3.266,8.955
0.56,4.192,8.549
1.584,3.735,8.307
0.17,5.201,9.154
0.51,4.622,8.807
-0.624,3.905,9.345
0.943,4.974,9.228
0.251,6.374,9.508
0.029,5.501,9.006
-0.935,5.446,10.29
-1.091,3.67,9.216
1.136,-0.208,7.474
4.634,4.857,6.077
0.861,8.156,7.592
-1.361,2.378,8.321
-3.957,4.156,8.345
-2.316,5.967,8.448
-2.055,5.773,6.962
-2.07,4.965,6.599
-3.663,4.67,8.565
-3.271,7.25,9.243
-1.955,6.348,9.329
-3.187,6.793,9.467
-2.651,4.204,7.553
-1.787,5.0,7.762
-1.505,4.567,7.685
-0.134,5.005,7.915
-0.632,7.395,7.149
0.682,9.417,8.161
1.574,6.74,7.178
3.079,5.625,7.891
3.096,4.737,7.704
0.321,3.912,7.862
1.804,6.225,6.845
0.51,7.08,7.01
-0.56,8.403,7.092
0.596,9.429,7.343
1.672,9.281,6.778
-0.706,6.718,7.541
0.23,5.553,7.003
0.266,7.025,7.577
0.864,7.407,7.017
-0.261,7.185,7.19
-1.239,7.484,7.376
0.837,8.166,7.587
4.264,4.575,6.075
-1.125,7.233,8.015
0.67,6.606,7.953
-0.706,6.934,7.91
-0.751,6.345,7.754
-0.211,5.431,7.587
-0.017,3.917,7.223
-0.933,5.989,8.276
-0.201,8.553,8.419
0.364,9.53,7.529
-0.89,6.711,7.08
-0.536,5.864,6.364
-1.392,6.06,7.118
-1.684,6.635,8.108
-1.412,7.139,6.972
-0.701,6.048,7.62
-0.787,5.766,7.824
-0.557,6.158,7.69
-1.591,4.639,8.714
-0.711,4.4,8.506
0.0,7.171,8.821
1.311,3.637,6.008
1.148,4.618,9.726
1.885,3.752,9.408
-0.254,3.225,9.068
0.282,3.708,8.343
1.715,3.783,8.575
0.816,3.433,9.166
-0.328,2.785,8.876
-0.325,2.914,8.941
-0.421,3.098,9.099
0.239,4.388,8.931
0.079,4.077,9.056
0.768,4.113,6.508
0.572,4.862,8.408
0.412,4.572,9.08
0.95,5.091,8.764
-0.019,5.706,8.75
0.333,4.905,9.116
0.656,4.474,8.819
1.012,4.244,10.135
0.873,4.811,8.381
0.471,4.225,8.754
0.213,4.558,8.582
0.909,4.91,8.642
0.916,5.228,9.975
0.28,4.871,9.408
0.746,5.106,7.209
1.101,5.144,7.273
0.751,5.551,8.608
-0.136,5.407,8.893
0.639,4.797,9.891
0.167,4.338,8.819
0.041,4.943,9.434
0.993,4.328,7.862
0.632,5.434,8.479
0.237,5.056,9.116
0.122,5.773,11.791
0.239,4.122,8.274
0.644,4.881,8.819
0.27,5.503,10.592
0.464,4.378,8.372
-1.096,2.842,9.01
0.445,3.649,8.62
0.22,3.699,8.128
0.311,4.343,9.386
0.67,4.627,8.563
-0.014,4.209,8.908
0.206,3.933,11.145
0.423,3.955,8.692
0.543,3.716,8.884
1.211,3.555,8.635
0.711,3.79,8.874
1.66,4.601,8.786
4.465,6.182,5.721
0.684,4.548,8.695
1.242,5.163,8.915
2.273,4.34,7.254
0.847,3.309,9.862
0.787,4.689,8.719
-0.163,4.898,8.927
1.069,3.369,9.446
1.349,4.821,8.831
0.919,4.072,8.857
1.469,4.479,8.915
1.538,4.261,9.034
1.61,4.204,8.781
0.993,4.077,8.774
-1.943,4.225,10.714
3.168,5.993,7.668
1.529,5.046,8.498
0.249,3.783,8.975
0.201,3.941,8.69
1.165,4.311,8.836
1.103,4.11,8.766
0.895,4.579,8.841
1.127,4.917,8.781
1.469,4.63,8.75
1.244,4.764,8.783
1.522,4.539,8.587
1.258,4.594,8.8
1.175,4.424,8.762
1.323,4.658,8.714
1.357,4.677,8.675
1.019,4.359,8.848
1.038,4.46,8.757
0.809,4.529,8.802
0.797,4.783,8.793
1.538,4.426,8.697
1.357,4.618,8.721
1.285,4.694,8.546
1.029,4.687,8.606
0.668,4.855,8.795
0.993,4.776,8.759
1.287,4.945,8.506
1.27,4.704,8.47
0.957,5.063,8.611
0.885,5.051,8.594
0.682,5.051,8.649
1.136,4.749,8.599
1.192,4.582,8.647
1.18,4.577,8.563
0.991,4.945,8.637
0.677,4.962,8.592
0.904,4.821,8.527
1.242,4.859,8.558
0.935,4.79,8.632
0.756,4.833,8.874
1.211,5.194,8.044
0.979,4.912,8.522
1.046,4.857,8.585
0.9,4.96,8.654
1.048,4.608,8.558
1.258,4.929,8.496
1.18,4.957,8.606
1.096,4.974,8.613
0.883,5.029,8.558
0.682,4.986,8.675
0.902,4.747,8.675
1.589,4.649,8.494
1.203,4.807,8.659
1.074,4.972,8.642
0.876,5.041,8.635
0.828,4.689,8.668
1.144,4.773,8.542
1.227,4.737,8.678
1.122,4.876,8.616
1.22,4.814,8.544
0.988,4.979,8.628
0.902,4.979,8.613
1.065,4.876,8.668
1.321,4.634,8.635
1.055,4.788,8.642
1.141,4.788,8.632
0.919,4.697,8.752
1.342,4.723,8.532
1.239,4.778,8.678
1.16,4.79,8.637
1.01,4.594,8.647
1.184,4.697,8.628
1.11,4.855,8.654
1.055,4.907,8.659
1.203,4.785,8.644
1.287,4.658,8.618
1.237,4.847,8.561
1.127,4.816,8.625
1.158,5.012,8.582
1.103,4.835,8.661
1.007,4.792,8.618
1.333,4.713,8.649
1.165,4.685,8.752
1.321,4.694,8.618
1.395,4.677,8.515
1.316,4.666,8.659
1.218,4.809,8.714
1.275,4.654,8.695
1.153,3.764,7.644
1.357,4.709,8.558
1.335,4.692,8.618
1.421,4.601,8.64
1.445,4.57,8.64
0.967,4.259,8.467
1.481,4.74,8.534
1.459,4.749,8.494
1.299,4.654,8.652
1.318,4.807,8.46
1.388,4.752,8.608
1.328,4.625,8.597
1.268,4.61,8.642
1.414,4.747,8.589
1.337,4.426,8.845
1.388,4.572,8.647
1.558,4.811,8.582
1.337,4.608,8.809
1.306,4.718,8.776
1.304,4.73,8.654
1.715,4.711,8.585
1.4,4.685,8.534
1.352,4.718,8.618
1.294,4.68,8.699
1.452,4.735,8.611
1.45,4.658,8.606
1.503,4.73,8.568
1.342,4.785,8.549
1.443,4.823,8.561
1.325,4.675,8.628
1.287,4.89,8.553
1.414,4.797,8.546
1.486,4.821,8.585
1.491,4.689,8.582
1.316,4.735,8.589
1.407,4.725,8.608
1.452,4.764,8.563
1.495,4.768,8.558
1.558,4.687,8.539
1.567,4.692,8.597
1.443,4.706,8.558
1.237,4.778,8.628
1.445,5.213,9.377
1.548,4.996,8.553
1.534,4.867,8.575
1.455,4.73,8.611
1.507,4.768,8.53
1.345,4.902,8.57
1.596,4.85,8.812
1.56,4.718,8.654
1.625,4.575,8.46
1.483,4.723,8.553
1.369,4.857,8.575
1.519,4.792,8.592
1.639,4.699,8.539
1.641,4.73,8.565
1.51,4.668,8.486
1.593,4.886,8.484
1.44,4.948,8.537
1.385,4.599,8.57
1.558,4.761,8.525
1.325,4.68,8.628
1.51,4.821,8.515
1.519,4.814,8.573
1.586,4.826,8.53
1.62,4.819,8.642
1.51,4.689,8.47
1.433,4.651,8.608
1.495,4.721,8.649
1.651,4.644,8.604
1.682,4.601,8.501
1.593,4.687,8.561
1.488,4.816,8.582
1.555,4.84,8.565
1.601,4.74,8.568
1.567,4.804,8.506
1.565,4.855,8.539
1.565,4.788,8.527
1.416,4.61,8.647
1.505,4.642,8.585
1.735,4.773,8.515
1.57,4.654,8.561
1.56,4.651,8.544
1.553,4.596,8.616
1.596,4.706,8.534
1.553,4.752,8.513
1.488,4.689,8.685
1.5,4.589,8.628
1.589,4.742,8.594
1.627,4.625,8.57
1.598,4.572,8.62
1.538,4.579,8.759
1.531,4.599,8.623
1.584,4.668,8.565
1.581,4.831,8.611
1.668,4.63,8.551
1.586,4.539,8.649
1.586,4.656,8.475
1.471,4.752,8.604
1.55,4.682,8.546
1.553,4.699,8.64
1.665,4.78,8.611
1.598,4.744,8.915
1.605,4.412,8.577
1.749,4.663,8.561
1.526,4.536,8.68
1.378,4.395,9.568
1.383,4.675,8.489
1.357,4.704,8.592
1.278,4.819,8.597
1.558,4.572,8.532
1.613,4.859,8.386
1.388,4.9,8.573
1.381,4.788,8.668
1.359,4.852,8.577
1.577,4.666,8.575
1.656,4.675,8.597
1.579,4.555,8.63
1.428,4.52,8.644
0.864,1.44,8.24
0.847,2.957,12.437
0.687,3.646,15.32
3.469,13.779,5.792
1.782,7.089,8.508
1.103,4.828,8.735
1.208,4.785,8.58
1.526,4.9,8.53
1.388,4.754,8.589
1.433,4.682,8.575
1.409,4.637,8.561
1.323,4.78,8.558
1.263,4.594,8.671
1.11,4.405,8.692
1.438,4.558,8.618
1.285,4.646,8.673
1.366,4.821,8.601
1.192,4.857,8.642
1.12,4.567,8.735
1.273,4.477,8.695
1.101,4.276,8.723
1.459,4.527,8.587
1.275,4.79,8.62
0.715,4.496,8.905
0.935,4.393,8.886
1.084,4.211,8.802
1.321,4.539,8.692
1.388,5.139,8.568
1.031,4.752,8.704
0.49,4.173,8.867
1.443,3.912,8.891
1.34,5.551,8.802
1.428,4.888,8.513
0.991,5.103,8.764
1.098,4.424,8.74
1.294,4.158,8.778
1.12,4.443,8.874
0.981,5.024,8.678
1.187,4.544,8.721
1.366,4.309,8.776
1.194,3.972,8.812
1.132,3.972,8.91
1.366,4.529,8.747
1.146,4.594,8.752
1.201,4.426,8.711
1.096,4.431,8.788
0.9,4.445,8.781
0.821,4.421,8.766
1.115,4.84,8.697
1.0,5.158,8.673
1.05,4.503,8.74
1.127,4.28,8.821
1.242,4.285,8.869
1.002,4.264,8.843
0.89,4.649,8.79
1.026,4.591,8.752
1.069,4.773,8.829
1.33,4.271,8.628
0.069,3.768,8.312
0.615,4.125,8.876
1.218,4.247,8.788
1.218,4.496,8.68
1.115,4.544,8.69
0.833,4.307,8.888
1.103,4.285,8.687
1.144,4.644,8.683
0.902,4.546,8.826
0.904,4.443,8.829
1.019,4.386,8.85
1.05,4.343,8.826
0.912,4.161,8.786
1.357,4.395,8.821
1.067,4.024,8.951
-0.127,4.876,9.154
2.677,3.247,8.434
0.067,4.754,9.123
2.625,4.39,8.207
4.139,3.426,9.049
0.766,6.723,9.372
-0.498,4.194,9.034
1.491,4.845,8.709
3.589,3.074,8.276
1.498,3.914,8.62
0.584,4.338,8.884
1.258,5.041,8.63
2.12,4.704,8.52
2.015,4.505,8.611
1.543,4.622,8.661
0.828,4.596,8.766
1.684,4.536,8.597
1.909,4.448,8.396
1.591,4.63,8.597
1.593,4.644,8.618
1.481,3.835,9.979
0.766,4.895,9.326
1.347,4.343,8.809
2.4,3.933,8.247
1.574,4.835,8.642
1.838,4.46,8.434
1.589,4.52,8.644
1.29,4.448,8.824
0.67,4.852,8.869
0.943,4.945,8.754
2.254,4.398,8.415
1.761,4.395,8.563
1.507,4.524,8.683
1.258,4.632,8.644
0.579,4.649,8.836
1.656,4.534,8.582
1.498,4.644,8.671
1.507,4.835,8.644
1.474,4.936,8.642
1.536,4.426,8.623
1.058,4.39,8.817
1.361,4.218,8.635
1.488,4.563,8.683
1.055,4.761,8.774
1.129,4.898,8.683
1.871,4.426,8.539
1.371,4.323,8.618
1.141,4.527,8.776
1.632,4.577,8.522
1.34,4.644,8.654
1.304,4.704,8.716
1.347,4.28,8.728
1.615,4.8,8.479
1.526,5.443,7.994
2.208,4.087,8.254
2.043,4.8,8.503
1.682,4.991,8.573
3.618,-2.792,7.888
1.203,4.991,6.826
-4.594,8.618,14.262
-0.885,7.575,9.125
1.483,3.577,8.187
1.129,3.936,8.52
-0.177,5.017,8.898
1.366,1.653,7.651
-1.129,7.039,7.517
2.012,5.766,9.209
0.124,6.13,8.967
-0.522,5.221,8.812
1.22,2.986,8.57
1.069,4.819,8.556
-0.361,5.166,8.872
0.014,4.721,8.874
0.624,4.56,8.628
0.435,4.773,8.623
0.007,4.73,8.757
0.01,4.654,8.802
0.541,4.905,8.611
0.876,4.161,8.601
-0.165,6.094,8.659
0.225,5.261,8.501
0.225,4.338,8.668
0.089,4.905,8.575
0.727,5.12,7.879
-0.711,0.943,8.754
1.22,5.886,8.69
0.974,5.312,8.259
0.648,5.015,8.319
0.488,6.893,8.786
0.653,4.242,8.467
1.266,4.012,8.544
-1.811,2.184,8.874
-1.28,4.852,8.826
0.483,6.453,8.501
1.261,5.032,8.475
1.548,5.934,8.314
-0.148,4.888,8.302
0.223,4.843,8.484
0.165,4.371,8.434
1.146,5.161,8.369
0.407,5.254,9.144
0.596,5.151,8.632
-0.287,4.639,9.032
-0.61,4.527,8.79
0.33,4.792,8.625
0.34,4.953,8.604
0.007,5.163,8.85
0.208,5.352,8.611
0.634,4.711,8.585
0.837,4.529,8.472
0.802,4.953,8.606
0.682,4.826,8.477
0.854,4.61,8.472
0.086,4.933,8.341
0.909,5.699,8.429
0.629,4.912,8.534
-0.132,4.182,8.623
0.11,4.517,8.556
0.608,4.919,8.424
0.902,5.12,8.412
0.49,4.644,8.685
0.699,4.752,8.668
0.627,5.012,8.477
0.536,4.785,8.537
0.629,4.998,8.563
0.84,4.919,8.582
0.792,5.113,8.865
0.459,4.67,8.79
0.469,4.733,8.594
0.632,4.182,8.704
1.144,5.036,8.745
1.086,5.587,8.3
-0.153,5.412,8.628
0.041,5.374,8.613
0.708,5.118,8.419
0.067,5.056,8.608
1.849,4.194,8.35
1.038,4.95,8.563
0.014,4.979,8.702
0.684,5.044,8.599
0.359,4.651,8.685
0.806,4.744,8.57
0.488,5.132,8.64
0.73,4.589,8.659
0.775,4.759,8.623
0.469,4.68,8.714
1.134,4.488,8.671
0.983,5.0,8.556
0.818,5.139,8.587
0.876,5.187,8.563
0.639,5.067,8.69
-0.141,4.472,8.833
1.818,4.142,8.568
1.381,4.541,8.518
0.857,5.398,8.649
0.624,4.768,8.704
1.11,4.517,8.642
0.991,4.61,8.644
0.778,5.096,8.632
1.089,5.154,8.575
1.081,4.831,8.68
0.72,4.338,8.774
0.895,4.371,8.687
1.024,4.804,8.649
0.964,4.737,8.542
0.957,4.756,8.647
0.749,4.608,8.697
1.306,4.639,8.637
1.125,4.371,8.711
0.981,4.917,8.561
0.763,4.888,8.611
1.0,4.709,8.714
1.103,4.541,8.594
0.926,4.768,8.683
0.766,4.814,8.678
0.986,4.718,8.647
1.05,4.646,8.611
0.902,4.756,8.695
0.77,4.701,8.714
0.782,4.62,8.75
1.093,4.577,8.745
1.141,4.424,8.63
1.017,4.723,8.664
0.952,4.689,8.635
0.998,4.718,8.647
0.723,4.706,8.774
0.976,4.486,8.762
1.115,4.773,8.623
0.83,4.73,8.85
1.079,4.795,8.654
0.909,4.154,8.922
1.122,4.814,8.632
0.56,4.682,8.762
1.019,4.783,8.628
0.813,4.811,8.702
0.88,4.783,8.707
0.816,4.721,8.764
1.141,4.534,8.58
1.007,4.718,8.719
0.766,4.436,8.675
0.828,4.733,8.604
0.467,4.835,8.723
0.782,4.395,8.685
0.828,4.539,8.714
0.758,4.788,8.654
0.761,4.852,8.69
0.761,4.73,8.668
0.732,4.788,8.721
0.924,4.615,8.628
0.943,4.599,8.69
0.823,4.733,8.685
0.605,4.795,8.704
0.694,4.74,8.585
1.0,4.649,8.68
0.624,4.709,8.704
0.644,4.685,8.762
0.634,4.756,8.711
0.409,4.725,8.668
0.766,4.749,8.726
0.541,4.759,8.673
0.538,4.735,8.726
0.703,4.8,8.707
0.837,4.646,8.604
0.766,4.677,8.664
0.38,4.957,8.685
0.586,4.938,8.637
0.742,5.089,8.704
0.177,5.0,8.685
0.557,4.668,8.692
1.005,4.563,8.532
0.412,4.752,8.668
0.388,4.859,8.709
0.5,4.675,8.63
0.438,4.725,8.75
0.483,4.555,8.704
0.679,4.646,8.762
0.644,4.859,8.563
0.548,4.902,8.589
0.596,4.986,8.611
0.658,4.692,8.659
0.613,4.838,8.675
0.49,4.718,8.683
0.727,4.768,8.647
0.481,4.804,8.697
0.395,4.933,8.647
0.474,4.845,8.652
0.601,4.783,8.673
0.644,4.778,8.63
0.414,4.96,8.649
0.462,4.993,8.656
0.529,4.876,8.568
0.601,4.835,8.625
0.498,4.828,8.649
0.565,4.871,8.568
0.443,4.941,8.642
0.428,4.809,8.675
0.546,4.838,8.57
0.479,4.821,8.704
0.5,4.876,8.613
0.488,4.888,8.649
0.574,4.881,8.623
0.481,4.893,8.635
0.502,4.981,8.652
0.5,4.895,8.597
0.562,4.907,8.625
0.529,4.795,8.568
0.495,4.886,8.575
0.354,5.027,8.719
0.476,4.859,8.594
0.624,4.802,8.62
0.55,4.955,8.57
0.512,5.003,8.582
0.323,4.979,8.568
0.62,5.005,8.592
0.55,4.907,8.673
0.567,4.807,8.608
0.522,4.878,8.599
0.502,4.886,8.594
0.55,4.945,8.63
0.447,4.821,8.692
0.471,4.886,8.618
0.505,4.874,8.642
0.522,4.835,8.599
0.732,4.84,8.57
0.598,4.919,8.599
0.414,4.929,8.57
0.514,4.857,8.616
0.536,4.874,8.625
0.603,4.919,8.577
0.634,4.831,8.539
0.512,4.828,8.623
0.359,4.852,8.573
0.481,4.96,8.58
0.581,4.9,8.553
0.569,4.919,8.577
0.567,4.881,8.62
0.679,4.864,8.685
0.567,4.795,8.635
0.483,4.871,8.613
0.423,4.831,8.608
0.617,4.764,8.671
0.541,4.823,8.616
0.514,4.977,8.616
0.419,5.084,8.556
0.502,5.106,8.549
0.622,5.02,8.508
0.49,5.008,8.455
0.455,5.058,8.577
0.395,5.103,8.549
0.495,4.993,8.64
0.629,4.795,8.697
0.766,4.666,8.68
0.768,4.567,8.647
0.613,4.752,8.781
0.526,4.627,8.752
0.514,4.685,8.678
0.474,4.8,8.673
0.546,4.807,8.652
0.526,4.948,8.637
0.483,4.962,8.597
0.577,5.044,8.575
0.644,4.809,8.637
0.562,4.835,8.604
0.493,4.914,8.575
0.445,4.831,8.668
0.524,4.783,8.597
0.488,4.929,8.671
0.435,4.811,8.673
0.699,4.711,8.597
0.608,4.811,8.558
0.366,4.969,8.635
0.443,4.941,8.613
0.471,4.84,8.611
0.555,4.869,8.656
0.519,4.871,8.611
0.479,4.941,8.611
0.555,4.855,8.673
0.569,4.795,8.601
0.517,4.9,8.637
0.471,4.876,8.661
0.438,4.847,8.575
0.608,4.809,8.632
0.526,4.874,8.604
0.55,4.843,8.592
0.467,4.924,8.661
0.507,4.922,8.601
0.624,4.864,8.64
0.636,4.855,8.561
0.433,4.845,8.733
0.459,4.948,8.697
0.651,4.938,8.556
0.426,4.725,8.762
0.522,4.673,8.424
0.522,4.85,8.62
0.534,4.862,8.649
0.629,4.776,8.563
0.579,4.957,8.63
0.522,4.847,8.618
0.514,4.931,8.68
0.239,4.965,8.585
0.565,4.871,8.64
0.83,4.831,8.518
0.407,4.926,8.702
0.395,4.843,8.652
0.412,4.828,8.726
0.474,4.96,8.623
1.225,4.936,8.422
0.287,5.046,8.735
0.653,4.644,8.443
0.402,4.599,8.623
0.309,5.225,9.008
0.39,4.627,8.465
0.713,4.933,8.367
0.591,5.113,8.527
0.603,4.821,8.479
0.605,5.024,8.501
0.909,5.513,8.544
0.756,4.957,8.465
1.134,5.216,8.699
0.672,4.85,8.513
0.462,4.945,8.592
0.445,4.869,8.553
0.342,4.888,8.573
1.524,5.17,8.443
1.029,4.871,8.412
0.459,5.209,8.618
0.818,4.694,8.575
0.797,5.264,8.587
0.469,4.993,8.64
0.823,4.553,8.594
0.761,4.62,8.79
0.828,4.8,8.589
0.852,5.146,8.623
0.83,4.926,8.558
0.935,5.07,8.475
0.763,4.953,8.637
0.904,5.125,8.57
0.574,5.178,8.635
0.802,4.855,8.582
1.122,4.888,8.475
0.94,4.773,8.546
0.66,4.457,8.687
0.565,4.512,8.762
1.01,4.919,8.671
0.79,4.967,8.551
0.77,4.756,8.716
1.12,4.017,8.549
0.933,5.417,8.637
0.17,4.84,8.951
1.534,4.603,8.484
1.206,4.898,8.484
0.756,5.371,8.654
1.019,4.924,8.546
0.833,4.302,8.606
1.043,4.941,8.467
0.141,5.795,8.678
0.333,4.998,8.558
0.993,4.292,8.597
0.792,5.388,8.532
-0.038,5.419,8.652
0.562,4.328,8.637
0.995,4.254,8.518
0.443,5.051,8.668
-0.002,5.28,8.608
0.254,4.747,8.661
0.866,4.414,8.699
0.852,4.673,8.565
0.471,5.053,8.632
0.584,4.895,8.604
0.876,4.85,8.522
0.644,5.06,8.446
0.407,5.211,8.623
0.624,4.838,8.601
0.804,4.634,8.58
0.782,4.73,8.608
0.526,5.039,8.556
0.608,4.96,8.558
0.679,4.902,8.525
0.617,4.943,8.556
0.581,4.883,8.551
0.746,4.96,8.747
0.746,4.979,8.525
0.608,4.785,8.618
0.696,5.132,8.585
0.565,4.668,9.144
1.302,4.792,8.46
0.641,5.015,8.589
0.723,5.405,8.68
0.897,4.642,8.539
0.648,4.608,8.62
0.627,5.17,8.611
0.675,5.304,8.561
0.684,4.433,8.568
0.976,3.699,8.439
0.61,5.393,8.498
0.134,5.515,8.659
0.522,4.881,8.585
0.397,4.74,8.613
0.916,5.139,8.805
0.292,4.881,8.687
0.165,4.972,8.721
0.292,5.041,8.704
0.419,4.924,8.556
0.285,4.924,8.625
0.105,4.783,8.64
0.426,4.864,8.587
0.335,4.979,8.587
-0.323,4.833,9.676
0.16,4.632,8.687
0.802,4.785,8.455
0.349,4.563,8.448
0.294,5.144,8.728
-0.139,4.986,8.812
0.287,5.084,8.632
0.447,5.091,8.551
0.378,4.852,8.522
0.428,4.773,8.659
0.479,5.079,8.783
0.23,4.663,8.448
0.29,5.434,8.58
0.215,5.0,8.589
0.301,4.642,8.475
0.287,4.905,8.561
0.28,5.132,8.618
0.301,5.003,8.553
0.321,4.869,8.534
0.294,4.984,8.563
0.201,4.972,8.599
0.273,4.957,8.537
0.33,4.989,8.542
0.285,5.06,8.525
0.201,4.914,8.563
0.144,5.044,8.544
0.256,5.142,8.613
0.23,5.065,8.577
0.282,5.048,8.597
0.256,5.084,8.563
0.227,4.936,8.518
0.196,4.996,8.51
0.237,5.23,8.506
0.495,5.089,8.178
-0.055,5.457,8.178
0.273,5.06,8.58
0.505,4.508,8.522
0.17,5.34,8.482
-0.103,5.539,8.482
0.165,5.115,8.446
0.093,4.953,8.479
0.057,4.677,8.635
0.665,5.156,8.475
0.301,5.175,8.671
-0.031,5.075,8.575
-0.029,5.051,8.319
0.098,5.446,8.726
0.1,5.225,8.384
0.356,5.063,8.362
0.177,5.108,8.482
0.108,5.149,8.41
-0.014,5.168,8.018
0.057,5.309,8.037
0.335,5.381,8.475
0.378,5.623,8.364
0.156,5.455,8.723
-0.053,5.199,8.618
0.213,5.469,8.226
0.132,5.493,8.408
0.134,5.407,8.307
-0.325,5.044,8.338
-0.285,4.721,8.317
0.096,5.044,8.242
0.084,5.434,8.061
-0.227,5.29,8.4
0.462,5.288,8.496
0.565,4.699,8.355
0.136,4.764,8.482
-0.199,5.357,8.451
0.237,5.477,8.415
0.325,5.201,8.391
0.089,5.106,8.482
0.089,5.106,8.431
0.215,5.187,8.396
0.17,5.242,8.451
0.105,5.254,8.46
0.17,5.204,8.441
0.199,5.13,8.419
0.16,5.149,8.472
0.163,5.261,8.477
0.266,4.725,8.386
-0.086,6.135,8.453
-0.981,5.343,8.695
1.113,4.656,8.312
1.493,6.249,7.46
-1.34,3.118,8.764
0.976,4.936,8.08
-0.857,4.414,8.58
-0.179,6.403,8.384
-0.749,7.094,8.434
1.309,6.249,7.63
-0.957,5.254,8.52
-2.172,5.125,9.183
1.833,6.381,8.106
3.196,5.879,8.18
0.167,4.429,9.077
1.249,4.527,8.599
2.115,5.292,8.252
1.842,4.905,8.384
1.184,4.106,8.549
2.125,4.24,8.003
1.859,4.721,8.18
-0.196,6.063,8.826
1.849,4.95,8.226
1.132,4.496,8.295
0.725,5.204,8.723
1.041,4.747,8.331
0.749,5.292,8.561
1.187,5.056,8.465
1.225,5.142,8.441
1.139,4.795,8.379
0.799,5.053,9.125
0.696,6.075,8.506
1.153,5.769,8.623
0.481,5.003,8.467
1.617,3.938,8.271
1.335,4.967,8.463
0.773,5.91,8.494
0.768,5.513,8.659
1.153,5.237,8.269
1.766,4.977,8.113
1.754,4.553,8.152
1.268,4.792,8.573
1.318,4.316,8.439
1.768,4.338,8.14
1.505,4.627,8.46
0.813,5.237,8.58
0.141,5.35,9.207
0.727,5.233,8.537
1.201,5.132,8.417
0.077,5.163,8.587
0.0,4.637,8.68
0.526,5.168,8.57
0.818,6.044,8.484
1.05,5.125,8.336
0.435,4.833,8.64
0.242,4.876,8.637
0.641,4.933,8.544
0.167,5.374,8.537
0.871,5.666,8.441
1.479,5.323,8.355
0.825,4.809,8.46
-0.072,4.517,8.843
0.878,5.072,8.608
0.852,5.113,8.553
-0.156,5.455,10.147
0.967,5.101,8.764
0.656,3.536,8.833
1.309,5.264,8.441
1.115,5.783,8.362
0.89,4.831,8.611
0.943,4.436,8.618
0.629,4.393,8.764
0.706,4.654,8.64
0.79,4.756,8.568
0.931,4.926,8.501
0.897,5.058,8.532
1.055,5.118,8.542
0.876,5.173,8.556
0.935,5.163,8.503
0.866,5.051,8.518
0.802,5.099,8.558
0.737,4.969,8.565
0.79,4.974,8.57
0.95,4.893,8.565
0.924,4.855,8.589
0.88,4.833,8.553
1.249,5.07,8.379
0.897,4.941,8.577
0.751,4.862,8.506
0.636,4.809,8.582
0.577,4.931,8.623
1.175,5.163,8.369
0.842,5.115,8.496
-1.184,5.891,8.869
0.414,4.273,8.671
1.156,4.847,8.345
0.842,5.453,8.508
1.182,5.235,8.331
0.682,5.087,8.537
0.754,5.079,8.575
0.56,4.986,8.577
0.746,5.027,8.489
1.038,4.977,8.479
1.031,4.984,8.501
1.048,4.838,8.501
0.859,4.74,8.585
0.835,4.773,8.542
0.895,4.855,8.522
0.976,4.941,8.551
0.962,4.945,8.544
0.816,4.886,8.58
0.869,4.979,8.539
0.845,4.979,8.542
0.9,5.067,8.515
1.002,5.065,8.544
0.876,4.96,8.57
0.78,4.965,8.551
0.797,5.012,8.53
0.979,5.012,8.479
0.79,4.998,8.537
1.151,4.979,8.47
0.802,4.938,8.594
0.976,4.907,8.542
0.735,4.871,8.604
0.933,4.977,8.47
1.103,5.012,8.508
0.811,4.96,8.544
0.859,4.986,8.501
0.823,5.0,8.518
0.708,5.02,8.592
1.074,5.0,8.434
0.904,5.058,8.513
1.024,5.003,8.439
0.634,4.953,8.601
1.912,6.455,4.0
-0.479,6.199,7.939
0.167,4.299,8.726
1.352,4.881,8.104
1.168,5.34,8.46
1.101,5.17,8.422
0.433,4.869,8.522
0.577,5.003,8.678
0.971,5.041,8.448
0.689,4.876,8.518
1.103,5.032,8.446
1.392,5.338,6.35
-0.211,6.089,8.257
1.141,4.553,8.305
0.325,5.309,8.558
0.897,4.95,8.403
0.703,5.075,8.455
0.665,4.91,8.51
0.615,5.012,8.577
2.29,5.268,4.472
-0.402,5.843,8.798
1.168,4.362,8.209
0.33,5.443,8.711
1.115,5.178,8.333
0.146,4.89,8.563
0.971,5.056,8.465
0.617,5.041,8.525
0.857,4.89,8.467
0.641,4.015,13.796
0.988,4.733,8.893
0.9,5.072,8.417
0.194,5.132,8.632
0.591,4.788,8.465
0.495,5.024,8.613
0.988,5.067,8.424
0.581,4.998,8.558
0.651,5.149,8.635
-1.589,5.759,7.929
1.06,4.087,8.207
0.043,5.237,8.573
1.005,5.209,8.341
0.507,4.967,8.486
0.909,5.003,8.434
0.562,4.948,8.546
0.711,4.933,8.436
1.644,3.603,13.035
0.333,5.379,8.781
1.132,4.843,8.252
-0.084,5.017,8.74
0.591,5.094,8.427
0.921,5.175,8.376
1.031,4.931,8.393
0.409,4.998,8.587
-1.383,5.938,7.833
1.28,4.242,8.082
0.1,5.388,8.589
0.455,5.134,8.494
0.555,5.017,8.439
0.89,5.12,8.46
0.739,5.072,8.439
0.488,4.977,8.508
-1.321,5.936,7.742
1.491,4.366,7.946
-0.337,5.355,8.774
1.383,5.06,8.223
-0.199,5.005,8.618
0.897,5.079,8.376
0.842,4.967,8.451
0.624,5.005,8.515
0.912,5.142,6.615
-0.048,5.479,8.68
1.158,5.036,8.293
-0.151,5.182,8.649
1.165,4.977,8.29
0.622,5.142,8.542
0.957,5.012,8.412
0.624,5.051,8.472
-1.211,5.489,8.441
1.244,4.505,8.168
0.242,5.379,8.472
0.565,5.012,8.422
0.663,5.01,8.415
0.476,5.137,8.455
1.062,5.003,8.427
0.562,5.283,7.106
-1.512,6.127,7.888
1.369,4.254,8.044
0.397,5.388,8.606
0.907,5.18,8.357
0.318,5.096,8.482
0.572,5.0,8.508
0.914,5.029,8.537
0.878,4.977,8.434
0.933,4.984,8.424
0.766,4.943,8.441
0.725,5.029,8.546
0.787,4.984,8.544
0.634,4.811,8.558
0.811,5.029,8.501
0.928,5.008,8.458
0.919,4.957,8.463
1.024,4.902,8.424
0.653,4.974,8.47
1.022,5.137,8.484
0.615,5.082,8.556
0.502,5.056,8.544
0.452,5.022,8.589
0.926,5.051,8.443
0.888,4.96,8.429
0.486,5.192,8.553
0.605,4.699,8.585
0.512,5.077,8.597
0.802,5.24,8.453
0.928,5.12,8.431
1.062,5.144,8.408
1.189,4.969,8.448
0.988,4.809,8.431
0.9,4.804,8.527
0.833,4.9,8.458
1.275,5.089,8.297
1.007,5.067,8.479
0.947,4.979,8.494
0.699,4.972,8.556
0.871,5.029,8.434
0.931,4.96,8.489
0.83,5.077,8.467
2.227,5.182,6.934
0.988,5.369,8.735
0.782,4.718,8.585
0.144,4.864,8.671
1.665,4.929,8.262
0.675,5.192,8.573
1.098,5.146,8.343
