3.735,-2.216,8.903
3.711,-2.134,8.936
3.778,-2.117,8.912
3.819,-2.132,8.953
3.847,-2.082,8.987
3.725,-2.053,8.9
3.577,-2.041,8.941
3.637,-2.058,8.934
3.718,-2.055,8.984
3.74,-2.048,8.982
3.701,-2.058,8.927
3.823,-2.074,8.927
3.893,-1.998,8.963
3.795,-1.881,8.953
3.833,-1.816,9.01
3.72,-1.876,8.998
3.704,-1.904,8.955
3.572,-2.01,8.953
3.467,-2.127,8.896
3.35,-2.283,8.731
3.591,-2.548,8.788
3.515,-2.474,9.013
3.665,-2.132,8.967
3.651,-1.979,9.022
3.311,-1.969,8.951
3.436,-1.833,9.049
3.433,-1.794,9.08
3.512,-1.854,9.056
3.378,-2.151,8.979
3.4,-2.077,8.931
3.531,-2.249,8.951
3.749,-1.771,9.073
3.639,-2.067,9.063
3.613,-1.904,8.989
3.644,-1.854,9.039
3.529,-2.022,9.042
3.445,-1.998,8.991
3.991,-2.141,8.96
3.383,-1.971,9.061
3.663,-2.058,9.049
3.716,-1.967,8.994
3.768,-1.983,9.003
3.577,-1.878,8.9
3.498,-1.78,9.075
3.582,-2.029,9.063
3.33,-1.89,9.001
3.488,-1.754,8.831
3.515,-1.773,9.01
3.63,-1.943,8.943
3.814,-1.864,8.984
3.405,-2.07,8.967
3.534,-1.775,8.903
3.785,-2.01,8.915
3.708,-1.79,8.929
3.649,-1.897,8.927
3.644,-1.936,8.936
3.618,-1.79,9.013
3.969,-1.804,8.927
3.9,-1.792,8.917
3.852,-1.828,9.013
3.893,-1.838,8.998
3.862,-1.907,8.931
3.704,-1.751,8.903
3.642,-1.756,8.91
3.567,-1.838,8.903
3.828,-1.945,8.982
3.95,-1.983,8.958
4.077,-1.751,8.998
3.988,-1.653,9.061
3.807,-1.737,9.044
3.799,-1.591,9.001
3.665,-1.163,9.161
3.481,-1.414,8.965
3.634,-1.426,8.936
3.637,-1.335,8.994
3.362,-1.426,8.869
3.864,-1.995,8.872
3.548,-1.878,9.027
3.766,-1.646,9.032
3.431,-1.45,9.106
3.486,-1.428,9.08
3.589,-1.66,9.039
3.653,-1.976,9.077
3.689,-1.926,9.001
3.668,-1.742,8.97
3.555,-1.744,9.027
3.45,-1.737,9.104
3.682,-1.869,9.07
3.646,-1.806,9.015
3.577,-1.687,8.982
3.606,-1.553,9.073
3.708,-1.495,9.082
3.878,-1.835,8.922
3.783,-1.849,8.965
3.364,-1.641,9.087
3.639,-1.601,8.96
3.78,-1.768,8.977
3.644,-1.897,9.022
3.685,-1.725,8.934
3.907,-1.838,8.989
4.048,-1.203,8.96
3.854,-1.481,8.884
3.469,-1.474,9.008
3.668,-1.483,8.867
3.785,-1.567,8.958
4.213,-1.51,8.874
4.407,-1.177,8.795
3.919,-1.646,9.195
3.68,-1.448,9.061
3.826,-0.969,8.915
4.429,-0.885,8.979
4.012,-1.754,9.058
3.811,-2.637,9.197
4.46,-1.101,9.489
3.613,-1.83,8.872
2.83,-1.524,8.879
3.058,-1.818,8.759
3.28,-2.046,9.171
3.993,-2.103,8.874
3.795,-2.163,8.719
3.606,-1.632,9.022
3.438,-0.959,9.142
3.366,-1.352,9.161
3.902,-1.684,9.022
4.079,-1.809,9.185
3.761,-1.816,9.377
3.713,-1.955,9.36
2.888,-1.916,8.922
2.405,-1.979,8.888
2.512,-1.864,9.53
3.074,-2.823,9.207
3.182,-3.366,8.977
2.929,-1.773,9.563
2.957,-0.969,9.652
2.388,-1.101,9.226
2.318,-1.586,8.886
2.409,-2.0,9.202
2.768,-2.873,9.618
2.524,-2.826,9.427
2.417,-3.302,8.924
1.787,-2.412,9.171
1.94,-2.266,9.326
2.529,-3.369,9.333
2.972,-2.34,9.872
2.436,-0.878,9.893
2.034,-0.919,9.482
1.976,-1.629,9.042
1.809,-1.859,9.314
2.321,-2.905,9.302
1.845,-2.388,9.408
1.56,-1.189,9.666
1.991,-1.945,9.628
1.285,-2.873,9.336
1.72,-3.278,8.41
1.048,-3.113,9.24
0.316,-2.184,9.838
2.089,-1.579,9.788
2.287,-1.098,9.903
2.393,-1.809,9.606
2.125,-1.983,9.319
1.572,-1.763,9.142
1.581,-1.644,9.903
1.964,-1.964,9.932
1.78,-1.794,9.979
1.967,-1.292,9.79
1.397,-1.251,9.333
1.581,-1.06,9.673
1.641,-1.397,9.802
1.069,-1.701,9.666
1.306,-1.33,9.922
1.364,-1.354,9.805
1.151,-1.725,9.656
1.093,-2.005,9.58
1.337,-1.799,9.494
1.452,-1.94,9.621
1.445,-2.371,9.874
0.998,-2.115,9.735
1.081,-1.842,9.408
1.093,-1.077,9.518
1.129,-0.471,9.499
1.744,-1.364,9.472
1.723,-1.625,9.814
1.232,-1.771,10.276
1.419,-1.921,10.25
1.622,-1.936,9.927
1.299,-1.826,9.644
1.287,-1.68,9.633
1.45,-1.751,9.58
1.452,-1.778,9.606
1.57,-1.672,9.788
1.385,-1.802,9.836
1.213,-1.72,9.719
0.926,-1.074,9.491
1.127,-1.12,9.374
1.256,-1.349,9.446
1.285,-1.294,9.716
1.452,-1.601,10.051
2.117,-2.158,10.032
2.149,-2.354,9.778
1.177,-2.182,9.812
0.481,-3.431,10.221
0.67,-1.005,9.877
1.05,-0.543,9.47
1.515,-2.015,9.298
1.708,-0.797,9.805
1.792,-1.802,9.905
1.529,-2.342,9.53
1.462,-2.175,9.633
1.469,-2.07,9.781
1.479,-2.053,9.68
1.309,-1.806,9.537
0.926,-1.692,9.429
0.813,-1.84,9.597
1.196,-2.244,9.53
1.627,-1.534,9.652
1.672,-1.337,9.967
1.438,-2.041,9.283
2.278,-2.345,9.496
2.132,-3.232,9.314
0.979,-4.118,8.989
0.526,-4.087,8.843
1.177,-3.043,8.606
2.778,-2.5,8.695
3.161,-2.237,9.783
2.036,-2.113,10.168
2.433,-3.156,9.307
2.393,-2.976,8.869
2.505,-2.802,8.809
2.323,-3.362,9.008
2.189,-3.345,9.245
2.735,-2.952,9.068
2.579,-2.905,9.149
2.716,-2.359,9.489
2.673,-2.644,9.223
2.5,-2.84,9.278
2.567,-2.108,9.405
2.517,-1.888,9.386
2.22,-2.242,9.314
2.591,-2.689,8.977
2.486,-2.682,9.211
2.644,-2.519,9.276
2.704,-2.864,9.271
2.524,-2.926,9.317
2.653,-2.189,9.226
2.644,-2.086,9.204
2.388,-2.074,9.338
2.428,-1.94,9.324
2.414,-2.165,9.3
2.577,-2.318,9.269
2.481,-2.127,9.317
2.656,-2.383,9.219
2.629,-2.23,9.312
2.457,-2.165,9.355
2.385,-2.328,9.266
2.464,-2.381,9.142
2.649,-2.357,9.168
2.625,-2.285,9.422
2.661,-1.995,9.506
2.543,-2.158,9.254
4.154,-2.428,9.063
1.89,-0.634,9.472
2.972,-2.651,9.116
2.469,-2.196,9.396
2.608,-2.39,9.228
2.737,-1.909,9.377
2.503,-1.481,9.757
2.905,-1.957,9.125
2.814,-2.199,9.104
2.371,-2.33,9.125
2.469,-2.878,9.015
2.531,-2.677,9.204
2.376,-1.95,9.379
2.527,-2.11,9.276
2.893,-2.06,9.185
3.089,-2.251,9.116
2.682,-2.091,9.269
2.632,-1.689,9.355
2.751,-1.601,9.405
2.785,-1.909,9.116
2.979,-2.189,9.166
2.835,-1.849,9.341
2.718,-1.933,9.264
2.797,-1.723,9.384
2.809,-1.826,9.245
2.802,-1.952,9.116
2.74,-2.007,9.101
2.787,-1.744,9.188
2.881,-1.653,9.341
3.108,-2.141,9.518
3.185,-2.268,9.312
3.065,-2.572,9.19
3.168,-2.0,9.089
3.07,-1.622,9.104
3.182,-1.775,9.216
5.125,-2.055,9.635
2.998,-2.031,9.295
3.086,-2.038,9.183
3.125,-1.06,9.183
3.311,-2.397,9.089
3.199,-1.993,9.039
3.426,-1.852,8.994
3.204,-1.306,9.109
3.113,-1.9,9.341
3.213,-2.115,9.159
3.204,-2.194,9.01
3.23,-2.086,9.008
3.175,-1.811,9.006
3.23,-1.44,9.092
3.33,-1.625,9.235
3.268,-1.632,9.254
3.357,-1.605,8.754
3.508,-2.022,8.874
3.376,-1.967,9.386
3.503,-2.728,9.001
3.579,-2.929,9.001
3.352,-2.572,9.075
3.378,-2.074,9.042
3.424,-2.129,8.924
3.261,-2.146,8.924
3.452,-2.498,8.898
3.488,-2.294,8.96
3.34,-2.369,8.888
3.249,-2.182,8.998
3.462,-2.376,9.188
3.309,-2.366,9.259
3.357,-2.55,8.764
3.4,-2.443,8.795
3.582,-2.426,8.929
3.407,-2.381,8.931
3.316,-2.462,8.845
3.175,-2.297,8.881
3.63,-2.594,8.965
3.426,-2.261,9.034
3.39,-2.122,9.099
3.534,-2.345,8.86
3.115,-2.297,8.675
3.685,-2.529,8.896
3.759,-2.218,8.924
3.441,-2.23,9.113
3.287,-2.735,8.92
3.534,-2.634,8.814
3.778,-2.335,8.872
3.405,-2.168,8.884
3.314,-2.424,8.888
3.505,-2.452,8.817
3.78,-2.486,8.874
3.553,-2.567,8.814
3.759,-2.701,8.726
3.775,-2.649,8.812
3.73,-2.472,8.991
4.082,-2.474,8.666
3.79,-2.208,8.793
3.697,-2.536,8.833
3.508,-2.823,8.836
3.244,-2.594,8.553
3.11,-2.866,8.611
2.668,-2.814,9.027
3.56,-3.041,8.802
3.68,-1.266,9.034
4.02,-3.297,8.63
3.28,-2.565,8.798
3.639,-3.141,8.781
3.591,-3.096,8.75
3.634,-2.955,8.695
3.536,-3.139,8.714
3.572,-3.125,8.618
3.589,-3.012,8.726
3.443,-2.783,8.922
3.517,-2.725,8.807
3.443,-2.771,8.692
2.957,-3.194,8.585
3.598,-2.766,8.726
3.431,-2.78,8.92
3.625,-2.931,8.829
3.328,-2.823,8.723
3.479,-2.704,8.941
3.34,-2.998,8.731
3.395,-2.929,8.814
3.421,-2.929,8.666
3.524,-2.694,8.809
3.842,-2.598,8.616
3.247,-2.756,8.896
3.12,-2.984,8.951
2.873,-3.141,8.843
2.881,-3.395,8.625
3.668,-3.254,8.836
3.304,-3.185,8.821
3.433,-3.101,8.745
3.498,-3.185,8.707
3.493,-2.955,8.876
3.45,-2.921,8.637
3.46,-2.967,8.929
3.371,-3.034,8.972
3.381,-3.113,8.735
3.383,-3.216,8.865
3.249,-3.254,8.757
3.103,-3.218,8.57
3.055,-3.23,8.726
3.051,-3.29,8.546
3.252,-3.314,8.501
3.18,-2.881,8.431
3.132,-2.67,8.821
3.323,-2.426,9.003
3.524,-2.969,8.881
3.594,-2.84,8.982
3.725,-3.106,8.927
3.323,-2.826,8.833
3.438,-3.297,8.644
3.33,-2.957,8.687
3.371,-3.319,8.884
3.505,-3.297,8.819
3.438,-2.871,8.75
3.342,-2.866,8.836
3.462,-2.699,8.867
3.644,-2.929,8.855
3.357,-3.024,8.872
3.199,-3.11,8.728
3.204,-3.165,8.618
3.232,-3.012,8.659
3.457,-2.747,8.917
3.474,-2.921,8.975
3.369,-3.196,8.809
3.381,-3.182,8.678
3.39,-3.094,8.745
3.271,-3.039,8.716
3.412,-2.998,8.809
3.443,-3.022,8.841
3.314,-2.888,8.776
3.232,-2.938,8.733
3.144,-2.945,8.888
3.247,-3.192,8.915
3.273,-3.23,8.802
3.237,-2.771,8.836
3.309,-2.876,8.819
3.345,-3.096,8.812
3.259,-3.06,8.836
3.33,-3.192,8.702
3.196,-3.098,8.704
3.103,-3.106,8.826
3.12,-3.297,8.805
2.988,-3.484,8.673
2.9,-3.182,8.764
3.175,-3.079,8.769
3.141,-4.177,8.577
2.357,-5.563,10.106
1.517,-10.221,16.468
4.682,3.689,3.144
3.957,-1.215,7.247
2.84,-3.783,8.381
3.362,-4.17,8.74
3.108,-4.266,8.321
3.216,-3.988,8.254
3.06,-3.438,8.711
3.048,-3.208,8.702
3.01,-3.591,8.618
2.909,-3.63,8.661
2.905,-3.685,8.549
2.931,-3.548,8.477
2.869,-3.579,8.443
2.864,-3.945,8.628
3.029,-3.555,8.601
3.048,-3.498,8.711
3.146,-3.732,9.164
3.048,-3.567,9.195
2.864,-3.316,8.752
2.816,-3.438,8.707
2.725,-3.342,8.664
2.78,-3.213,8.525
2.919,-3.275,9.07
3.053,-3.22,9.185
2.924,-3.304,9.054
2.871,-3.132,8.831
2.795,-3.074,8.85
2.771,-3.043,8.975
2.814,-3.189,9.089
2.696,-3.043,8.893
2.728,-3.165,8.786
2.775,-3.462,8.96
2.72,-3.388,8.874
2.572,-3.342,8.831
2.512,-3.359,9.123
2.713,-3.364,8.714
2.783,-3.531,8.597
2.591,-3.534,8.508
2.448,-3.452,8.683
2.256,-3.196,8.714
1.988,-3.051,8.625
1.704,-3.072,8.302
1.158,-3.015,8.101
0.335,-4.666,7.924
-1.024,-5.254,9.996
-2.842,-7.778,15.683
-0.258,6.604,3.821
-1.543,-3.196,7.618
0.151,0.029,8.168
1.524,-0.455,10.609
5.079,-5.395,8.747
3.888,-5.587,11.3
2.275,-2.979,10.767
1.512,-3.295,10.831
1.921,-4.244,9.288
2.062,-4.749,8.412
1.596,-3.141,9.53
1.433,-3.35,9.781
1.694,-2.448,9.434
2.003,-1.933,9.506
2.354,-2.55,8.443
2.541,-1.414,7.747
2.117,-0.804,7.604
2.091,-1.622,7.797
2.364,-0.543,9.202
1.914,-0.62,9.822
1.787,0.22,9.874
1.354,0.701,9.853
1.462,0.261,9.79
2.333,0.735,9.714
2.108,0.409,9.963
1.615,1.163,10.712
1.053,0.766,10.456
1.125,0.507,9.613
0.907,-0.211,9.01
1.002,-0.914,8.795
0.83,-1.27,9.738
1.026,-0.794,10.09
0.756,-0.854,10.142
1.328,-0.433,10.039
-0.4,-0.423,10.159
-0.371,-0.519,10.415
0.313,-0.366,10.314
-0.67,-0.933,9.171
0.952,-0.548,10.111
0.175,-1.022,9.991
0.017,-1.132,10.049
0.404,-0.608,9.747
0.201,-1.328,9.826
-0.122,-1.208,9.903
0.263,-1.282,9.644
0.586,-0.935,9.3
-0.199,-1.424,9.03
0.01,-1.67,9.233
0.39,-1.701,9.197
0.172,-2.065,8.991
0.22,-1.581,9.566
0.074,-1.517,9.987
0.16,-1.072,10.125
0.347,0.505,9.798
0.756,3.919,8.905
0.409,3.153,14.621
0.971,4.103,6.752
-1.522,-7.082,14.088
0.691,4.977,7.75
-1.213,-5.797,15.54
-0.531,0.148,6.548
-0.677,-2.476,12.094
-1.904,-2.993,10.877
-1.656,-3.876,10.568
-1.266,-2.83,10.535
-2.175,-2.364,10.427
-1.687,-2.689,10.066
-2.333,-3.436,9.113
-2.606,-4.529,8.013
-2.625,-3.699,8.142
-3.342,-3.266,8.104
-3.862,-2.919,7.958
-4.876,-3.886,7.273
-5.371,-5.661,6.656
-6.041,-5.539,6.903
-6.843,-5.374,7.063
-7.077,-6.41,6.96
-7.163,-7.027,6.321
-6.867,-6.513,5.962
-6.9,-6.57,5.812
-7.12,-6.513,5.855
-6.922,-5.991,5.718
-6.773,-7.281,4.948
-6.513,-6.627,4.51
-5.541,-6.295,4.905
-6.568,-5.919,5.06
-5.788,-7.293,5.02
-5.761,-7.69,4.713
-5.357,-7.281,4.675
-5.515,-7.936,4.352
-4.642,-8.336,4.694
-4.553,-7.68,5.501
-4.192,-7.829,5.802
-3.476,-8.037,5.513
-2.742,-8.056,5.154
-2.649,-9.044,4.398
-2.783,-9.19,3.996
-3.814,-8.259,3.603
-4.599,-8.364,2.996
-5.106,-8.199,2.242
-5.211,-7.699,1.515
-6.127,-6.745,1.012
-6.637,-6.931,-0.471
-7.135,-6.668,-1.39
-7.807,-6.86,-1.646
-8.14,-7.116,-2.187
-8.419,-7.092,-2.771
-8.082,-5.52,-2.806
-7.628,-4.005,-2.582
-7.077,-3.785,-2.673
-6.898,-3.39,-3.366
-6.558,-2.495,-3.493
-6.498,-2.534,-4.005
-7.269,-4.046,-3.594
-6.953,-4.187,-2.338
-6.051,-3.618,-2.003
-6.197,-3.098,-1.725
-5.737,-3.402,-1.706
-5.197,-4.01,-1.481
-5.721,-4.146,-2.158
-6.546,-5.264,-2.024
-7.139,-4.098,-1.481
-8.092,-2.268,0.043
-8.403,-1.883,1.242
-6.776,-0.737,0.502
-7.807,-3.539,-0.967
-10.176,-2.845,0.254
-11.207,-0.447,2.838
-10.707,-0.914,3.366
-9.915,-4.783,1.622
-9.302,-5.728,1.481
-9.781,-7.79,2.814
-11.437,-7.484,2.529
-12.051,-8.63,1.993
-11.054,-10.092,0.593
-11.42,-9.934,0.258
-13.348,-11.245,0.261
-13.08,-9.121,0.211
-14.762,-9.152,1.053
-14.214,-9.223,1.395
-12.941,-11.001,1.761
-13.365,-12.3,1.325
-13.336,-12.602,1.194
-10.743,-13.279,1.337
-9.202,-16.439,0.517
-8.57,-15.939,1.129
-6.548,-14.281,2.577
-5.481,-13.126,2.378
-3.883,-13.248,0.974
-2.613,-10.819,3.845
-0.739,-9.085,5.259
1.574,-7.041,5.228
2.395,-2.964,6.924
0.821,1.495,8.601
0.16,-2.472,6.498
16.86,27.565,3.232
-6.127,12.834,6.709
3.986,10.795,7.659
4.979,27.888,13.252
-0.433,5.953,3.795
7.905,0.797,-0.61
3.905,2.629,0.723
1.395,-13.238,5.017
12.406,6.443,11.623
6.927,7.427,8.116
3.194,2.893,9.716
-11.946,-0.589,7.644
-14.664,-2.761,7.302
-8.113,-0.744,7.833
-2.541,-1.084,9.771
1.125,0.493,11.618
-4.357,3.441,13.049
-1.565,2.007,11.676
-5.876,-0.627,12.224
-1.012,4.048,10.434
-0.919,-0.809,9.365
-4.386,-2.515,10.044
-4.675,0.067,9.101
-2.127,0.658,9.908
-2.266,0.395,9.762
-4.596,1.211,10.307
-2.795,-0.782,9.924
-5.479,0.538,10.922
-0.933,-1.077,10.118
-5.919,0.084,9.642
-2.409,-1.247,10.19
-4.673,0.921,9.623
-2.558,-0.026,10.862
-3.551,-1.873,10.223
-2.984,0.397,9.81
-3.357,-1.268,9.561
-2.773,1.943,9.812
-2.046,-0.163,9.465
-3.151,1.33,9.199
-1.835,0.488,9.616
-1.814,-1.957,9.056
-3.024,-0.306,8.496
-1.72,-1.201,9.173
-4.414,-1.524,10.245
-2.486,-0.792,10.542
-2.754,-0.385,10.049
-3.378,-1.663,10.204
-2.873,0.636,9.939
-1.696,-0.967,9.843
-3.053,-0.246,10.276
-2.572,-1.194,10.19
-2.091,0.211,10.432
-2.393,-0.368,10.745
-2.45,-0.385,10.264
-2.534,-0.017,10.556
-2.213,-0.062,10.18
-2.799,-1.163,9.989
-1.369,0.574,9.52
-3.618,-0.053,10.104
-1.235,-0.364,10.329
-2.747,0.036,10.745
-2.345,-0.498,10.724
-1.859,0.945,10.893
-1.89,0.048,10.539
-2.18,0.766,10.568
-2.33,0.366,10.774
-2.125,0.053,10.578
-1.459,0.144,9.848
-1.653,1.34,10.745
-1.718,0.419,10.704
-1.483,1.282,10.812
-1.904,0.01,10.219
-2.35,0.213,11.039
-1.373,-0.196,10.635
-1.287,-0.213,10.86
-1.139,0.335,10.879
-2.058,-0.215,11.336
-0.679,0.244,10.685
-1.404,0.136,10.709
-1.062,0.17,10.549
-2.79,4.596,12.951
1.684,-8.448,8.276
-0.273,2.29,9.912
-0.665,-1.022,9.384
0.055,0.459,9.054
0.201,-0.029,8.037
0.0,0.029,7.726
-0.06,-0.127,7.706
-0.373,0.132,7.13
-0.897,-0.938,7.199
-0.089,-0.285,7.527
-0.06,-0.187,7.405
-1.122,-0.665,8.388
-1.842,-0.986,8.338
-1.163,0.266,8.037
-1.617,-0.775,8.065
-0.749,-0.132,8.443
0.268,-0.153,8.62
2.024,0.672,9.582
2.806,0.11,10.054
2.239,0.969,10.783
1.23,-0.165,11.673
1.483,0.426,11.575
-0.581,-0.29,10.896
-1.0,0.11,10.501
-3.213,-1.861,10.953
-2.388,-0.589,10.001
-3.479,-2.68,9.281
-3.342,-1.359,10.86
-3.352,-0.132,11.638
-1.428,0.301,12.41
-3.223,0.541,12.81
-2.321,-0.187,11.432
-1.634,-1.378,10.838
-2.546,0.211,11.243
-2.483,-0.5,11.358
-2.129,0.031,11.111
-0.876,0.407,10.836
-1.436,0.017,10.831
-1.4,0.263,10.97
-1.29,-0.445,10.829
-0.845,0.136,10.843
-0.828,-0.041,10.525
-0.4,0.1,11.003
-0.562,-1.12,10.855
-0.629,-0.318,10.848
-1.593,-0.28,9.778
-0.924,-0.313,8.589
-0.857,-0.72,8.783
-0.342,-0.026,8.276
-0.244,-0.718,8.345
-0.225,0.5,8.479
-0.778,0.457,8.582
-0.543,-0.053,8.314
-0.086,0.469,7.735
-1.11,-0.297,7.532
-0.89,-0.127,7.443
-0.825,0.01,7.446
-1.495,-0.457,7.927
-1.392,-0.624,8.034
-1.629,-0.555,7.929
-1.893,-0.749,8.087
-1.675,-0.782,8.606
-0.799,-0.201,9.266
-0.084,-0.22,9.994
0.811,0.182,10.3
1.538,0.242,10.597
0.751,-0.079,11.152
0.871,-0.01,11.343
0.636,0.055,11.114
-1.069,-0.938,10.702
-2.07,-1.077,10.568
-3.567,-1.275,10.762
-4.474,-1.347,10.891
-4.058,-1.778,10.881
-4.142,-1.424,11.317
-2.498,-0.608,11.63
-2.845,-0.407,11.733
-3.074,-0.385,11.346
-3.536,-0.423,11.035
-3.24,-0.691,10.678
-3.199,-0.553,10.946
-3.072,-0.572,11.468
-2.969,-0.773,11.657
-2.33,-0.462,11.336
-2.457,-0.409,11.48
-2.22,2.029,10.683
-2.361,-2.321,10.415
-1.964,-0.462,10.783
-2.079,-0.792,10.996
-1.373,-0.45,10.793
-1.55,-1.139,10.346
-1.426,-0.94,10.183
-1.325,-1.012,9.922
-1.249,-0.469,9.711
-1.201,0.029,9.381
-1.648,1.629,8.867
-1.584,-0.651,8.149
-0.866,0.258,7.127
-1.366,-0.292,6.924
-1.663,-0.751,7.496
-1.648,0.187,8.027
-1.206,-0.598,8.089
-1.237,-0.065,8.513
-1.44,-0.837,8.503
-1.861,0.026,8.96
-1.715,-0.096,8.876
-1.897,-0.151,8.872
-1.936,-0.01,8.977
-1.091,-0.402,9.02
-0.646,-0.29,9.365
0.574,0.778,9.8
1.287,1.239,10.058
1.577,1.479,10.121
1.325,0.955,10.549
1.242,0.842,10.037
0.077,0.352,9.556
-1.565,-1.019,9.044
-2.833,-0.873,9.762
-3.795,-0.914,10.508
-3.847,0.22,10.91
-4.173,-0.787,11.212
-3.531,-0.196,11.42
-2.991,0.691,11.056
-2.936,0.273,10.901
-2.84,0.215,10.582
-3.158,0.531,10.795
-3.218,0.579,11.152
-3.204,0.191,11.233
-2.754,0.605,11.047
-2.483,0.907,11.219
-2.089,0.036,11.03
-1.869,0.617,11.111
-2.065,0.555,11.109
-1.68,2.127,12.398
-1.608,-1.627,11.183
-1.416,0.227,11.13
-1.438,-0.065,10.716
-0.94,0.043,10.405
-1.105,-0.062,10.685
-0.904,0.151,10.52
-0.756,0.565,10.235
-0.797,0.955,9.893
-0.885,-0.294,8.91
-0.651,-0.991,8.073
-0.4,-0.179,8.159
-0.758,-0.706,8.058
-0.679,-0.464,8.147
-0.471,-0.086,8.47
-0.479,0.359,8.532
-0.306,-0.275,8.544
-0.782,-0.569,8.558
-0.849,-1.16,8.247
-1.364,-1.419,8.381
-1.242,-1.017,8.647
-1.467,-0.522,8.91
-1.443,-0.73,9.123
-0.938,-0.66,9.137
-0.4,-0.708,9.568
0.589,-0.395,9.905
0.854,-0.036,10.274
1.45,0.134,10.245
1.498,0.05,10.149
1.881,0.347,10.408
2.251,0.636,10.149
0.483,-0.809,9.965
-1.153,-1.354,9.728
-2.098,-1.299,10.02
-2.783,-1.534,9.989
-3.247,-1.067,10.171
-4.07,-0.962,10.463
-2.668,-0.345,10.865
-2.108,-0.261,11.013
-1.352,-0.036,10.905
-2.414,0.031,10.685
-2.201,0.132,10.783
-2.933,-0.364,10.841
-2.292,-0.282,11.116
-1.976,-0.639,11.293
-1.615,-0.435,11.425
-1.44,-0.727,11.513
-1.194,-0.586,11.582
-1.067,-0.546,11.798
-1.443,-0.534,11.927
-1.505,-0.368,11.846
-1.058,-0.574,11.618
-1.213,-0.435,11.635
-0.959,-0.211,11.685
-0.775,0.136,11.53
-0.723,-0.153,11.303
-0.653,-0.194,11.073
-0.526,0.419,10.858
-0.569,0.134,11.068
-0.758,0.603,11.188
-0.457,0.687,10.592
-0.105,0.146,9.936
0.895,0.067,9.819
1.067,0.648,10.171
0.593,3.342,11.415
0.258,0.845,9.688
0.878,-1.177,7.355
0.797,1.192,7.223
-1.735,11.293,8.551
-4.364,2.625,8.97
3.519,1.632,7.357
1.316,1.127,7.07
0.914,-1.304,6.281
0.668,-0.711,6.522
-0.146,-0.211,7.496
0.9,3.689,7.68
1.232,4.926,6.357
2.12,2.579,4.78
2.558,3.558,6.216
4.07,1.876,6.359
5.835,-1.11,5.493
5.991,-3.11,5.934
3.414,-6.025,7.116
3.534,-6.295,9.848
2.878,-4.398,9.872
2.074,-2.902,10.951
0.191,-4.405,9.709
-1.677,-5.85,8.888
-0.988,-3.857,8.333
-0.787,-3.974,7.319
-1.05,-7.278,8.049
-0.345,-7.163,7.573
-0.756,-7.23,7.668
-1.038,-6.994,8.068
-1.084,-7.087,9.044
-1.627,-7.666,10.587
-1.591,-7.352,11.941
-1.459,-6.113,12.36
-0.89,-7.3,11.657
-1.294,-7.852,11.606
-0.964,-7.319,11.75
-0.73,-8.546,11.53
-0.634,-7.692,10.98
-0.567,-8.372,9.932
-0.897,-7.525,10.518
-0.541,-5.41,10.853
-0.754,-6.594,10.221
-0.359,-6.553,9.599
0.294,-6.615,8.965
0.189,-5.28,8.719
-0.392,-4.527,9.094
0.163,-3.984,8.8
0.208,-4.115,8.479
0.457,-3.886,8.245
0.49,-1.749,8.642
0.907,-1.491,8.046
1.914,-0.656,6.649
2.388,-0.062,5.943
2.082,0.175,5.584
1.345,0.17,5.563
0.376,0.136,5.922
0.723,0.06,6.139
1.407,-0.385,6.613
1.189,0.227,7.661
1.936,0.33,8.472
2.323,1.239,9.149
3.187,1.68,9.324
4.876,0.79,9.312
4.974,2.158,8.958
2.914,2.696,10.235
2.012,2.33,11.329
1.708,2.323,10.625
-0.05,1.89,10.293
-0.883,0.366,10.195
0.057,0.735,9.948
-0.385,0.412,9.087
-1.115,1.385,8.707
-0.443,1.818,8.958
1.28,1.541,8.63
0.065,2.543,8.262
-0.931,2.732,5.094
-2.194,3.488,5.376
-4.192,4.089,2.601
-5.883,6.068,-1.766
-8.702,9.329,-1.503
-12.171,3.376,-1.692
-12.011,0.924,-0.297
-9.173,3.201,-0.294
-8.673,0.773,-0.019
-11.702,-5.142,-0.596
-11.968,-12.456,-4.132
-11.788,-19.535,-6.565
-14.889,-32.142,-2.381
-23.124,-29.146,4.96
-28.187,-34.618,5.103
-25.979,-31.888,9.891
-32.477,-18.399,7.281
-28.953,-4.701,4.192
-10.85,11.145,3.333
-5.173,14.913,-3.366
-32.242,7.008,-6.283
-30.508,-6.604,5.867
-28.465,-3.383,7.508
-27.792,4.847,-11.716
-33.365,10.544,-9.769
-29.649,2.027,-10.434
-32.829,-8.317,-0.373
-47.598,-2.653,18.763
-56.412,1.634,78.39
-35.831,45.782,-1.577
18.088,22.361,2.974
-11.635,9.506,6.111
4.139,6.001,9.51
0.156,6.261,13.59
-2.579,3.639,14.454
-3.527,14.061,19.447
-1.723,4.881,10.81
-3.553,-6.283,8.652
-1.474,0.366,9.147
0.869,0.596,10.243
0.754,0.108,11.673
1.258,2.548,13.614
0.744,-1.835,13.063
-0.172,0.299,12.066
-1.227,1.823,10.664
0.136,-0.246,11.322
-0.423,-0.122,11.343
0.904,-0.483,9.793
-1.263,1.189,13.135
2.428,-4.467,10.056
1.653,-2.065,7.819
-0.584,-0.538,8.166
-0.601,-2.864,8.498
1.089,2.278,7.089
-0.11,0.49,6.326
-3.115,-0.596,4.998
0.919,-0.234,6.687
-3.381,2.058,5.436
-4.247,1.376,6.623
-5.694,1.897,5.599
-8.532,1.333,3.261
-11.09,4.469,0.991
-14.444,1.629,1.553
-13.489,-1.225,4.125
-12.367,-0.735,2.905
-11.616,-6.362,-0.34
-16.834,-10.118,-3.192
-19.564,-19.287,-8.575
-23.306,-27.094,-5.462
-23.478,-31.017,2.984
-26.555,-32.474,9.379
-26.371,-18.583,12.145
-20.696,-6.879,9.472
-10.147,10.075,6.082
-4.242,16.176,-5.919
-15.494,0.627,-4.055
-37.372,-9.513,-3.141
-28.429,0.443,1.926
-32.967,-3.565,6.225
-25.864,-5.283,6.431
-29.919,-4.352,6.383
-23.598,2.629,0.924
-16.356,-3.773,-2.122
-27.223,-8.101,5.78
-22.222,2.302,19.066
-17.803,11.551,6.223
-23.763,-4.323,6.254
-35.781,9.032,12.083
-20.342,7.651,-1.426
-18.971,12.666,-0.792
-25.354,15.076,3.909
-22.021,10.082,-1.479
-24.536,7.862,7.005
-26.254,4.725,4.725
-27.129,1.943,4.211
-30.343,1.821,2.029
-34.489,-0.732,0.758
-37.645,-1.814,-7.307
-37.642,0.524,-12.465
-38.561,2.878,-13.202
-35.776,0.479,-19.179
-28.496,-17.942,-27.809
-31.422,-20.131,-20.473
-46.246,-25.285,-31.448
-78.39,78.376,78.39
3.323,64.889,-36.231
-10.788,5.056,-15.406
-17.42,32.484,-2.318
-7.058,34.073,-0.907
-19.983,23.474,4.687
-10.52,21.825,5.381
-10.874,17.985,10.642
-4.725,12.757,4.211
-3.898,5.058,7.288
-2.273,1.869,7.448
-5.663,-0.172,7.175
-7.912,-5.29,5.948
-8.848,-8.19,7.977
-7.405,-8.542,10.051
-8.163,-9.563,10.458
-4.491,-10.654,8.979
-2.017,-11.061,7.484
-5.936,-8.551,8.709
-5.541,-6.749,9.412
-6.355,-8.683,8.077
-6.864,-9.58,6.965
-6.527,-11.183,5.56
-5.35,-12.544,5.23
-5.795,-12.666,4.398
-5.656,-12.035,3.924
-5.056,-10.841,3.115
-4.235,-12.197,2.029
-4.082,-12.693,0.366
-2.945,-12.224,-1.615
-1.069,-12.166,-1.39
-0.601,-11.623,-0.5
-0.447,-12.403,-0.4
0.297,-11.492,-0.902
0.543,-11.097,-0.342
0.816,-9.094,1.005
2.558,-8.544,0.77
4.0,-9.034,-1.136
4.177,-9.879,-1.144
3.876,-10.46,-0.766
4.125,-9.341,-0.435
4.017,-9.042,0.364
4.237,-8.96,1.845
4.41,-9.106,2.019
3.976,-9.623,1.737
3.409,-9.721,2.35
2.5,-5.204,2.017
2.455,0.091,5.962
5.924,-0.431,6.127
7.116,-5.28,2.206
6.714,-5.661,1.096
7.13,-6.86,-1.199
7.544,-9.508,-3.412
7.123,-9.226,-2.249
6.611,-9.362,-1.062
6.606,-8.762,-1.555
6.352,-8.455,-1.002
6.486,-8.238,-0.818
5.924,-8.075,0.388
5.814,-7.893,0.244
5.474,-6.604,-0.799
5.218,-5.429,-0.72
5.187,-5.931,-0.014
5.077,-7.592,-0.397
4.232,-9.073,-0.813
5.508,-9.991,-1.359
7.089,-10.305,-1.146
6.927,-9.64,-1.584
8.317,-5.926,0.316
8.534,-5.17,0.804
8.912,-5.706,-2.376
6.051,-2.0,3.094
5.4,-4.118,8.848
8.295,-9.513,7.635
8.161,-6.74,5.087
7.544,-8.187,3.981
8.52,-10.697,1.938
6.142,-8.723,3.144
6.068,-9.353,1.859
6.285,-9.02,0.311
3.974,-7.374,0.285
6.326,-7.293,-2.799
6.446,-9.537,-4.163
5.601,-8.96,-3.127
3.857,-10.597,-3.23
3.012,-10.245,-4.426
5.144,-9.513,-4.766
3.603,-10.977,-2.015
3.706,-9.173,-3.543
1.103,-9.85,-4.137
2.115,-9.798,-4.706
2.546,-10.515,-3.536
1.285,-12.116,-3.275
1.986,-11.764,-2.768
2.019,-11.786,-2.5
1.431,-11.604,-1.026
1.498,-11.858,-0.624
1.711,-12.008,-0.048
1.244,-11.221,0.924
1.141,-10.417,1.646
2.407,-8.331,2.704
1.881,-7.723,3.503
1.926,-5.151,4.295
1.605,-4.055,4.881
3.371,0.627,6.651
1.354,1.761,7.692
0.691,3.39,6.106
1.916,3.345,4.788
0.823,3.579,4.228
-0.041,3.591,4.735
0.914,5.417,5.003
-1.125,4.57,5.273
-1.335,4.881,2.763
-1.263,4.154,1.196
-3.283,3.177,0.581
-4.599,4.948,0.833
-6.481,4.783,1.586
-6.336,5.02,0.95
-7.644,3.649,1.325
-7.68,4.347,3.417
-8.46,3.151,3.646
-8.451,2.759,1.079
-8.604,-3.505,0.742
-8.168,-10.535,0.775
-12.217,-12.147,4.8
-12.171,-22.763,6.381
-19.327,-27.204,5.316
-19.543,-26.017,5.19
-18.856,-25.304,4.0
-23.486,-23.115,4.62
-24.572,-17.396,6.393
-20.646,-5.462,3.673
-16.188,5.974,-1.888
-16.648,15.724,-2.211
-15.784,11.917,3.402
-44.794,-1.206,7.374
-25.656,-12.324,1.577
-31.955,-2.218,4.658
-20.404,0.684,3.177
-23.78,-14.042,2.376
-27.9,-9.671,1.462
-21.33,-8.924,6.013
-15.784,-1.129,2.455
-20.325,5.572,5.046
-21.019,4.302,7.434
-11.587,-1.065,11.097
-14.432,17.401,11.078
-25.507,-3.618,2.283
-28.965,8.159,5.343
-19.916,6.867,0.569
-24.794,9.716,0.005
-22.811,11.724,5.218
-23.651,13.836,4.977
-26.761,11.31,1.39
-28.993,3.653,1.007
-30.091,2.299,3.685
-31.891,-0.878,0.907
-35.422,-0.546,-2.139
-39.253,-0.888,-9.07
-38.487,-0.749,-14.767
-36.913,2.835,-16.597
-31.462,5.938,-18.985
-24.711,0.818,-18.516
-31.438,-1.182,-17.631
-34.331,-5.19,-18.889
-78.39,-78.39,78.39
-35.231,69.722,10.264
15.468,17.172,-3.488
-13.867,12.757,6.728
0.175,15.313,3.531
2.266,11.458,4.137
0.507,11.441,8.159
-0.684,4.646,10.448
0.17,2.5,11.877
0.285,0.768,12.138
-1.273,-2.369,12.245
-3.103,-0.687,13.468
-2.488,6.742,12.853
-0.246,5.656,14.078
-10.996,4.347,9.259
-1.689,5.079,14.04
3.61,2.321,12.403
2.357,2.732,11.642
0.136,3.127,11.111
-0.601,2.651,11.137
-0.419,1.141,11.326
-0.821,3.18,10.819
-0.691,0.292,9.841
0.416,-0.541,9.314
-0.421,-0.813,11.188
-0.23,-0.036,10.381
-1.024,-0.77,9.314
-0.225,0.223,9.355
0.048,2.015,8.611
-0.933,1.534,8.269
-1.699,0.593,6.738
-2.495,0.048,3.965
-2.644,3.448,6.065
-4.522,5.498,5.627
-7.13,5.23,4.149
-11.027,2.448,1.873
-10.542,-0.718,1.455
-11.661,-2.041,0.924
-11.386,-4.424,0.945
-9.738,-5.065,1.024
-10.762,-5.29,0.873
-12.855,-15.664,-2.95
-20.035,-27.481,-2.483
-21.119,-29.335,3.881
-22.325,-25.488,5.895
-23.99,-23.402,10.422
-23.622,-13.097,6.931
-21.21,2.201,1.541
-7.36,0.428,-0.352
-9.618,18.921,-0.811
-16.174,0.244,-1.761
-34.898,4.314,3.953
-25.103,-0.964,4.137
-19.131,-4.048,8.774
-31.331,-0.675,6.309
-27.862,-9.747,1.742
-28.984,-6.749,-2.964
-20.78,-7.376,-5.941
-23.407,-9.343,1.974
-17.949,-3.689,10.927
-21.268,2.29,18.865
-18.765,9.745,9.283
-19.174,6.068,7.259
-27.448,0.689,0.739
-24.462,11.616,4.644
-26.469,6.68,5.816
-16.27,6.955,2.244
-21.521,6.943,4.919
-23.021,7.522,5.699
-24.239,-0.12,4.673
-23.366,-5.008,3.718
-25.663,-2.505,3.594
-30.388,0.534,0.591
-32.338,0.459,-6.429
-34.161,-2.024,-10.977
-34.446,-0.933,-12.295
-32.515,-4.197,-17.44
-27.529,-19.6,-26.304
-36.953,-22.06,-21.244
-57.699,-22.052,-47.962
-78.383,78.376,-25.981
11.013,33.015,-7.991
-21.873,1.78,-10.685
-10.934,25.239,1.943
-11.42,12.563,-1.321
-7.407,26.584,6.785
-20.392,16.413,8.965
-7.709,8.848,15.686
-14.133,14.068,10.489
-11.47,15.272,9.556
-6.063,7.613,8.819
-4.177,6.527,6.895
-10.133,4.414,5.285
-8.649,2.17,5.917
-10.788,0.945,3.948
-8.869,-5.453,3.039
-9.211,-8.412,1.732
-8.168,-10.621,2.522
-7.793,-9.099,2.452
-4.512,-9.872,5.302
-6.173,-10.91,5.022
-6.685,-8.271,8.573
-6.546,-8.479,7.807
-7.582,-9.154,7.929
-6.723,-9.91,7.723
-6.18,-8.601,7.817
-6.218,-9.31,8.482
-6.235,-9.003,8.551
-5.666,-9.666,8.391
-6.053,-10.846,7.668
-6.58,-10.96,6.228
-6.199,-10.46,6.089
-5.84,-10.822,6.359
-6.053,-10.405,5.802
-5.376,-10.989,5.108
-6.127,-10.654,5.436
-4.912,-11.011,4.462
-5.259,-11.097,3.364
-4.749,-11.496,2.134
-4.441,-10.884,1.522
-4.12,-10.826,1.414
-3.888,-11.008,0.945
-3.196,-10.929,0.687
-3.335,-10.422,0.601
-3.302,-10.094,0.498
-3.247,-9.958,0.553
-2.644,-9.889,0.203
-2.634,-10.097,0.045
-3.012,-10.527,-0.108
-2.783,-10.188,0.364
-3.027,-9.898,0.959
-3.11,-10.353,0.345
-1.991,-10.18,0.1
-0.711,-9.671,-0.395
0.024,-9.788,-1.005
0.34,-8.984,-0.687
0.744,-9.123,0.299
1.696,-8.434,1.053
2.469,-7.857,1.864
3.768,-7.056,2.06
4.922,-6.85,1.991
4.728,-7.19,2.239
5.18,-6.577,2.285
6.355,-6.448,2.33
6.374,-6.802,2.744
6.426,-6.089,3.165
6.752,-6.307,2.653
6.479,-8.417,3.058
6.711,-7.558,1.235
6.321,-4.374,3.689
7.147,-3.943,5.785
7.458,-7.857,4.362
7.321,-6.218,2.311
8.099,-7.685,-0.096
7.659,-7.762,1.12
7.876,-7.879,-0.986
9.25,-8.159,-1.885
7.848,-8.455,-0.878
7.221,-6.3,0.234
6.537,-8.678,0.912
6.972,-5.51,-0.041
7.534,-5.142,-0.979
6.814,-7.757,-1.687
6.644,-7.441,-2.031
7.314,-8.738,-1.706
8.247,-7.017,-1.227
6.087,-3.096,0.294
6.039,-2.862,0.711
5.134,-5.412,0.493
5.469,-6.778,-0.689
6.465,-8.448,-2.684
8.149,-6.709,-3.086
7.517,-7.599,-3.156
6.965,-7.273,-2.716
7.726,-6.891,-2.151
7.785,-7.326,-2.433
7.884,-7.173,-1.976
7.551,-8.498,-3.07
7.494,-10.664,-3.742
6.871,-2.649,-1.292
5.8,-4.264,1.503
7.577,-7.903,-1.483
7.587,-6.032,-2.196
7.45,-7.037,-1.577
7.958,-8.001,-1.359
7.537,-5.654,0.256
6.395,-6.281,1.914
5.96,-6.745,2.132
6.498,-6.807,0.919
7.211,-7.467,-0.282
6.938,-8.58,-0.727
6.809,-6.592,0.117
5.508,-5.457,0.34
4.103,-4.453,1.699
3.771,-4.106,1.347
3.369,-4.343,-1.038
4.515,-7.439,-3.766
0.878,6.135,-1.651
-0.055,4.828,-2.199
-1.072,-2.474,-0.991
-4.57,-8.297,2.177
-5.991,-7.223,1.227
-5.953,-8.099,4.043
-8.211,-7.606,4.931
-10.087,-11.42,4.424
-10.709,-14.899,4.809
-10.329,-14.736,4.142
-10.905,-14.188,5.704
-11.317,-10.262,7.18
-12.083,-11.652,4.646
-11.982,-16.03,2.101
-10.101,-12.958,2.017
-8.719,-11.549,2.854
-9.436,-8.982,2.902
-7.101,-8.752,0.928
-7.429,-8.025,-0.232
-7.575,-7.372,1.57
-10.747,-6.596,2.294
-7.214,-5.536,2.034
-6.47,-2.414,1.914
-7.699,-5.936,-0.244
-7.467,-3.567,-0.687
-9.104,-5.668,0.474
-8.912,-7.462,-0.27
-8.089,-4.23,-0.613
-7.85,-5.17,-0.773
-6.967,-5.278,-1.194
-7.245,-6.998,-0.935
-7.364,-9.02,-1.034
-7.632,-6.907,-0.572
-7.434,-7.183,0.0
-6.721,-5.883,0.55
-6.515,-5.077,0.579
-5.678,-6.79,-0.045
-5.912,-6.821,0.833
-6.967,-5.017,1.759
-7.474,-4.795,2.01
-8.111,-4.615,1.237
-8.35,-5.414,0.959
-7.922,-5.833,0.979
-8.434,-7.01,0.225
-7.754,-6.955,0.857
-8.687,-5.666,0.909
-8.664,-4.441,0.412
-8.434,-3.807,0.031
-8.434,-3.39,-0.077
-8.561,-2.395,-0.108
-8.326,-2.335,-0.502
-8.369,-2.74,-0.735
-8.415,-2.11,-0.445
-8.687,-1.747,-0.562
-8.659,-2.924,-1.357
-7.874,-2.606,-2.543
-7.723,-3.417,-3.5
-7.584,-1.665,-3.467
-8.073,-2.476,-3.555
-7.735,-2.795,-3.752
-8.041,-1.804,-3.914
-8.482,-3.383,-3.984
-7.716,-3.584,-4.084
-7.647,-2.768,-2.826
-8.398,-3.031,-2.627
-7.848,-4.015,-3.596
-8.264,-3.189,-3.572
-8.594,-3.29,-3.182
-8.659,-2.189,-0.924
-8.891,-4.046,-0.672
-9.482,-3.56,-0.739
-11.518,-4.986,-0.459
-11.341,-3.943,0.033
-10.463,-3.606,0.321
-11.391,-3.642,1.503
-12.013,-5.178,0.742
-12.489,-6.352,0.201
-13.032,-7.943,0.567
-13.824,-7.307,0.785
-11.898,-7.862,1.043
-13.709,-9.326,0.208
-13.791,-7.939,-0.711
-13.197,-10.549,-0.933
-12.427,-11.236,1.168
-12.595,-11.949,0.916
-10.939,-12.676,-0.098
-8.374,-13.805,-2.893
-8.039,-13.989,-2.634
-8.494,-10.372,0.179
-7.104,-11.027,-1.153
-5.438,-11.704,-0.959
-3.718,-13.353,-0.751
-3.919,-13.449,-0.56
-4.89,-14.733,-1.416
-4.118,-15.284,-1.141
-3.56,-10.738,-0.725
-2.574,-8.886,1.268
-1.096,-4.163,3.127
-2.826,-1.914,4.989
-0.435,1.273,4.948
3.125,13.375,8.527
10.178,15.272,7.534
8.352,16.102,8.113
17.145,35.901,3.78
8.02,4.333,-0.928
-7.324,11.965,9.872
-24.687,-9.867,9.568
22.11,-3.168,2.187
13.93,11.202,5.905
-0.136,3.979,10.786
14.384,1.273,10.099
0.134,-0.412,7.699
-7.594,-1.5,5.702
-16.487,-3.132,9.707
-12.815,-2.328,8.546
-5.103,-5.048,8.927
-3.06,3.015,11.413
-6.962,-1.22,11.669
-2.524,2.015,10.023
-5.312,-5.041,11.661
-2.713,1.412,12.449
-1.684,-5.256,7.927
-1.924,2.242,8.123
-5.73,-2.153,7.156
-3.862,-3.965,7.383
-7.149,-2.017,11.195
-3.787,-0.038,10.381
-6.525,-1.902,9.633
-1.445,-0.744,9.501
-5.058,0.677,9.341
-5.118,-1.019,9.132
-5.115,-1.383,9.101
-4.51,0.318,9.465
-5.149,0.158,9.702
-3.754,0.22,12.157
-5.393,-4.488,9.697
-4.91,-1.371,10.451
-4.031,-0.495,10.338
-3.376,-0.689,9.57
-4.235,-2.235,8.666
-3.441,0.912,8.939
-4.378,-0.806,9.36
-3.395,-0.553,9.362
-3.347,-1.668,9.908
-3.177,-1.56,9.147
-3.484,-0.658,8.527
-4.101,-1.108,8.733
-3.012,-0.895,8.702
-3.835,-1.725,9.317
-2.507,1.29,9.563
-4.431,-2.479,9.568
-2.634,-0.519,9.417
-3.996,-0.397,9.018
-2.311,-0.684,9.405
-3.838,-0.196,9.9
-3.754,-0.254,10.3
-2.708,0.483,10.121
-3.799,-1.046,10.322
-2.842,-0.945,10.262
-3.517,-0.012,10.314
-2.85,0.062,9.877
-2.888,-0.112,9.817
-3.62,-1.072,9.707
-3.804,-0.804,10.209
-3.546,-0.593,10.267
-3.376,-0.321,9.908
-3.055,-0.782,9.92
-3.146,0.055,10.434
-3.144,0.254,10.24
-3.405,-0.409,10.518
-2.012,0.191,10.326
-3.854,-0.316,10.587
-2.732,-0.223,10.496
-2.893,-0.335,10.623
-2.56,0.79,10.331
-2.78,-0.218,10.185
-2.728,-0.108,10.417
-2.708,-0.189,10.774
-2.438,0.433,10.752
-3.106,0.88,10.743
-2.519,0.742,10.872
-2.787,0.593,10.807
-2.342,0.323,10.898
-2.373,0.526,10.96
-1.854,1.134,10.826
-1.596,0.646,11.07
-2.273,1.0,11.035
-1.615,0.72,10.802
-2.632,9.188,10.759
-0.156,-5.522,9.716
-0.943,2.488,10.771
-1.507,-0.089,10.573
-1.144,0.526,10.836
-0.916,0.689,10.669
-1.0,0.031,10.424
-0.601,0.546,10.101
-0.663,0.416,9.972
0.022,0.29,9.594
-0.16,0.785,9.221
-0.395,1.172,8.9
0.12,1.436,8.79
-0.404,0.443,8.309
0.077,-0.402,7.829
0.117,0.608,7.362
-0.634,-0.388,7.838
-0.258,0.474,7.769
-0.493,0.069,7.84
-0.447,-0.397,7.678
-0.998,0.067,7.625
-0.785,-0.261,7.563
-1.5,-0.122,7.525
-1.61,-0.036,7.565
-1.275,-0.029,7.697
-0.378,0.316,8.223
0.28,0.254,8.998
0.924,1.349,10.001
1.254,1.476,10.822
0.878,1.175,11.614
0.945,1.696,12.178
1.093,1.967,12.279
-0.191,0.828,11.951
-1.493,0.359,11.453
-3.488,-0.646,11.228
-4.158,-0.156,11.049
-4.479,0.78,11.023
-4.692,0.218,11.338
-3.385,0.699,11.48
-2.579,0.495,11.518
-2.05,0.754,10.853
-2.869,1.132,10.556
-3.074,0.749,10.884
-3.127,0.048,11.03
-2.462,0.089,11.035
-2.158,0.581,10.771
-2.328,0.045,11.044
-1.648,0.885,10.747
-1.515,0.761,10.975
-1.67,0.514,11.312
-2.342,5.395,15.877
-0.646,-5.606,10.013
-1.806,0.732,10.769
-1.273,-0.995,10.604
-1.739,0.024,10.379
-1.026,-0.273,10.25
-0.787,0.421,10.121
-0.845,0.486,9.599
-0.687,0.474,8.929
-0.89,0.211,8.367
-0.495,0.488,8.077
-0.72,0.735,7.814
-0.447,0.105,7.809
-0.754,0.412,8.018
-0.995,-0.27,8.089
-0.725,0.091,8.219
-1.103,-0.517,8.015
-0.431,0.196,8.008
-0.847,-0.261,8.178
-1.244,-0.124,8.36
-1.608,-0.199,8.592
-1.455,-0.1,8.637
-1.113,0.28,9.042
-0.443,0.55,9.396
-0.263,0.572,9.783
0.672,0.818,10.137
1.57,0.677,10.362
0.933,0.203,10.64
1.077,1.069,10.767
1.06,1.22,11.011
0.038,0.584,10.788
-1.646,-1.0,10.774
-3.204,-0.787,10.91
-3.85,-0.61,11.197
-4.319,-0.691,11.245
-3.426,0.213,11.539
-2.72,-0.325,11.762
-1.967,0.144,11.504
-2.582,0.017,11.243
-2.601,0.486,11.013
-2.996,0.878,11.212
-3.299,0.471,11.001
-2.687,0.263,10.898
-2.658,0.208,10.877
-2.027,0.175,10.697
-1.519,0.459,10.697
-1.318,0.273,10.824
-1.627,0.211,11.003
-1.627,0.05,11.286
-1.103,0.211,11.398
-1.302,0.187,10.867
-1.22,-0.151,10.326
-0.751,-0.388,10.154
-0.672,0.553,9.776
-0.459,-0.072,9.451
-0.455,-0.313,8.951
-0.775,-0.086,8.666
-0.727,-0.053,8.35
-0.251,-0.242,8.101
-0.601,-0.361,7.539
-0.605,-0.514,7.704
-0.584,-0.297,7.632
-0.691,0.287,7.699
-0.5,-0.297,7.644
-0.864,-0.505,7.778
-1.127,-0.395,8.247
-1.378,-0.524,8.728
-1.392,-0.584,8.915
-1.254,-0.258,9.065
-1.024,-0.474,9.147
-0.469,-0.237,9.642
0.663,-0.115,9.924
1.926,0.677,10.149
2.78,0.852,10.314
2.278,0.455,10.86
1.448,0.27,11.106
0.167,0.05,10.826
-1.701,-0.488,10.633
-2.467,-1.225,10.716
-3.486,-0.651,10.929
-4.02,-0.536,10.838
-4.4,-0.522,10.944
-2.68,-0.213,11.489
-1.617,-0.077,11.257
-1.962,-0.244,10.968
-2.294,-0.517,10.814
-2.299,-0.467,10.747
-2.598,-0.519,10.795
-2.625,-0.433,11.027
-2.134,-0.345,11.003
-1.838,0.077,10.905
-1.864,-0.421,10.81
-1.354,-0.45,11.056
-1.141,-0.419,11.453
-0.952,-0.01,11.331
-1.091,-0.349,10.925
-0.952,-0.282,10.999
-0.768,-0.44,10.728
-1.16,0.486,10.913
-1.428,-0.557,10.389
-0.854,-0.498,10.771
-0.397,-0.404,10.702
-0.467,0.117,10.31
-0.531,-0.105,10.173
-0.486,0.392,10.123
-0.555,0.122,10.137
-0.423,0.301,9.908
-0.022,0.376,9.254
0.404,0.385,8.623
0.584,0.567,8.132
0.333,0.376,7.963
0.194,0.22,7.905
0.179,0.065,7.955
0.074,0.144,7.915
0.036,-0.203,7.965
0.072,-0.316,8.132
0.084,-0.5,8.336
-0.033,-0.857,8.431
-0.179,-0.794,8.711
-0.225,0.34,8.972
-0.493,-0.27,9.176
-0.404,-0.488,9.46
0.179,-0.395,9.609
0.565,-0.067,10.061
1.086,0.581,10.523
2.079,0.792,10.728
2.828,0.589,10.791
2.507,0.306,11.085
2.61,0.593,10.936
1.771,0.447,10.532
0.158,-0.553,10.269
-1.299,-1.062,10.322
-2.058,-1.139,10.434
-2.22,-0.426,10.561
-2.469,-0.359,10.683
-2.192,-0.333,10.733
-1.524,-0.249,10.869
-0.713,-0.5,10.673
-1.33,-0.364,10.637
-1.153,0.007,10.647
-1.689,-0.476,10.573
-1.364,-0.002,10.618
-1.007,-0.074,10.762
-0.928,0.175,10.838
-1.086,0.495,10.934
-0.792,0.292,10.819
-0.117,0.584,10.561
-0.388,-0.038,10.688
-0.282,0.39,10.779
-0.613,0.108,10.989
-0.531,0.323,10.831
-0.498,0.311,10.401
-0.428,0.684,9.991
0.773,-0.268,9.027
0.679,0.737,8.951
0.598,0.684,8.475
-0.335,0.383,8.266
-0.256,0.536,8.219
-0.151,0.239,7.881
0.053,-0.103,7.695
0.117,0.029,7.91
0.093,0.306,8.051
-0.45,-0.493,8.226
-0.266,-0.153,8.235
-0.79,-0.275,8.3
-1.132,-0.187,8.293
-0.979,-0.294,8.295
-0.955,-0.371,8.47
-0.847,-0.395,8.824
-0.677,-0.632,9.341
-0.459,-0.191,9.726
0.103,0.17,10.207
0.902,0.273,10.59
1.392,0.031,10.728
1.213,0.033,11.13
1.215,0.469,11.377
1.383,0.266,11.446
-0.033,-0.043,11.551
-1.495,-0.218,11.781
-2.182,0.048,11.401
-3.237,-0.024,10.948
-4.173,-0.538,10.814
-4.316,-0.498,11.173
-3.072,-0.632,11.41
-1.96,-0.608,11.154
-2.022,-0.409,10.999
-1.983,-0.139,10.903
-2.333,0.067,11.023
-2.436,-0.048,11.161
-2.012,0.069,10.752
-1.983,-0.024,10.7
-2.046,0.081,10.762
-1.622,0.036,11.123
-1.081,-0.002,10.676
-1.491,0.433,11.288
-1.007,1.256,11.898
-1.29,1.208,11.767
-1.046,0.959,11.647
-1.357,0.859,11.472
-1.048,0.151,11.058
-1.007,1.182,10.843
-1.105,0.955,10.963
-1.273,1.129,11.219
-0.799,1.287,11.047
-0.641,0.916,10.487
-0.395,1.388,10.068
0.23,0.584,9.867
-0.175,1.866,9.74
-0.069,4.051,10.343
-0.498,3.266,9.02
0.352,0.081,8.498
1.771,-0.773,6.642
1.342,1.507,6.221
1.479,2.818,6.855
-0.01,3.586,8.252
-2.603,6.029,7.838
1.902,1.407,6.864
-2.35,7.501,6.115
2.778,-0.366,6.936
1.321,-0.679,6.907
-0.658,0.816,8.116
0.225,1.225,7.97
0.412,3.441,7.762
0.421,5.266,7.745
1.704,4.419,7.271
2.713,5.178,7.257
3.718,3.39,7.934
4.73,3.536,9.494
3.627,4.137,10.585
4.821,3.01,12.066
3.618,1.696,12.298
1.969,0.467,11.951
0.751,1.584,11.594
-0.105,2.046,11.149
1.232,2.431,9.601
0.227,-2.055,8.642
0.464,-2.632,7.233
1.022,-1.682,6.163
0.141,0.115,6.498
0.208,2.751,7.132
-1.404,0.703,4.933
-1.866,1.412,3.658
-2.141,4.307,4.17
-4.441,7.328,5.572
-4.508,8.63,4.438
-4.393,7.984,2.316
-8.044,6.462,1.9
-10.398,5.728,2.163
-11.195,7.742,0.639
-14.413,1.522,-1.388
-16.894,0.089,-0.38
-14.58,-3.756,-3.012
-12.037,-7.958,-5.625
-15.198,-15.042,-4.718
-15.6,-24.89,-5.101
-17.152,-31.596,1.34
-18.643,-27.924,7.943
-23.519,-27.027,12.542
-20.899,-8.515,5.292
-14.358,3.68,3.034
-9.13,12.731,-0.641
-11.702,17.428,-3.441
-31.36,3.929,-1.651
-34.819,-1.593,6.388
-31.807,0.244,3.223
-20.827,-2.292,1.029
-23.127,-4.778,0.943
-23.859,-5.979,1.658
-19.059,-2.527,5.072
-21.883,-1.522,3.536
-20.705,-0.557,9.381
-20.751,5.807,14.303
-19.763,-4.156,11.35
-33.032,2.115,11.087
-23.189,16.927,12.094
-22.727,5.651,4.756
-23.643,11.25,3.187
-19.567,9.534,4.706
-21.883,11.358,5.374
-25.455,8.087,5.835
-25.866,2.821,4.45
-25.735,1.61,4.398
-29.044,2.326,3.115
-33.283,0.983,-0.45
-36.362,-0.61,-7.489
-37.054,0.569,-12.611
-37.446,0.668,-14.284
-34.075,-4.039,-20.22
-29.548,-17.918,-27.866
-41.794,-21.146,-20.849
-62.413,-19.983,-40.403
-66.492,62.252,2.651
5.357,21.045,-7.74
-12.865,8.029,-4.567
-9.451,33.534,3.208
-7.616,25.555,6.747
-8.781,21.418,7.73
-14.04,17.755,10.905
-9.539,15.461,7.037
-8.568,9.479,9.501
-5.881,8.096,10.106
-1.354,2.445,5.489
-2.103,-3.519,5.711
-7.52,-7.139,7.57
-6.496,-9.278,6.393
-6.374,-6.979,7.742
-6.328,-8.396,7.699
-6.108,-11.748,7.529
-3.01,-11.666,6.977
-4.412,-8.599,8.766
-4.414,-7.094,10.671
-5.115,-7.477,10.85
-5.735,-9.003,10.64
-5.228,-9.908,10.317
-4.022,-8.632,9.613
-3.768,-9.03,8.312
-3.419,-9.164,7.216
-2.83,-9.769,6.934
-2.754,-9.262,7.778
-2.821,-9.321,8.338
-3.228,-9.621,7.986
-3.567,-10.159,8.357
-3.098,-8.699,8.209
-3.579,-8.888,7.965
-2.778,-9.441,7.963
-3.017,-9.716,8.565
-3.11,-8.723,8.496
-2.725,-8.807,8.352
-1.993,-8.175,7.575
-1.749,-8.506,7.149
-1.715,-8.656,6.35
-0.912,-8.357,5.943
-1.18,-6.766,6.278
-0.952,-7.333,7.214
-1.117,-7.18,6.527
-0.309,-7.517,6.022
-1.065,-8.137,6.563
-0.266,-7.946,7.333
-0.294,-8.475,7.596
0.163,-8.532,7.142
0.22,-9.015,6.233
0.182,-9.422,5.977
0.304,-9.633,5.582
0.84,-9.515,5.886
0.955,-8.896,6.568
0.51,-8.331,7.12
1.158,-6.898,6.91
0.921,-6.498,6.986
1.881,-5.503,6.864
1.94,-4.663,6.931
2.443,-3.749,6.721
2.852,-3.055,6.158
2.809,-2.017,5.816
3.067,-0.328,6.056
3.976,-0.62,6.075
3.409,-0.251,6.166
2.728,0.285,6.395
3.199,0.488,7.616
1.333,1.361,8.314
1.605,1.893,8.367
2.515,1.615,8.333
3.381,1.639,8.417
5.465,1.842,8.312
5.711,2.146,9.015
5.163,1.73,9.216
3.917,1.347,9.944
3.586,1.828,9.721
3.668,2.704,9.891
2.103,2.316,10.235
1.775,2.56,9.733
-0.352,2.567,9.833
-0.306,1.747,9.195
0.23,1.644,8.185
1.275,0.256,7.881
0.739,0.993,8.537
0.005,1.189,8.855
0.569,0.409,8.412
0.105,0.146,7.261
0.641,0.182,6.225
-0.368,0.787,5.168
-1.34,1.565,2.811
-1.749,4.666,2.661
-3.498,7.862,1.464
-4.398,5.809,-1.089
-8.644,8.872,-0.785
-11.197,7.762,2.763
-11.142,8.723,2.754
-14.104,0.33,1.991
-15.155,-3.807,2.254
-11.874,-4.996,1.096
-11.042,-9.566,-0.909
-13.796,-17.774,-1.68
-11.537,-28.039,-3.429
-14.25,-32.986,2.945
-20.677,-30.41,5.864
-23.541,-27.445,12.039
-28.283,-28.326,8.979
-23.067,-14.566,5.446
-22.124,-15.222,-4.45
-10.719,12.528,-2.172
-11.755,29.331,-1.888
-29.713,-10.121,2.125
-38.721,-9.355,-0.656
-17.923,-0.077,1.945
-26.227,0.074,1.952
-20.074,-4.345,0.0
-18.035,-14.245,-0.959
-31.247,5.914,12.097
-19.767,0.744,2.426
-32.891,-2.077,8.946
-28.412,3.878,21.705
-29.651,14.513,14.178
-30.544,-20.469,11.02
-26.089,12.406,7.132
-22.416,15.368,1.797
-27.395,11.666,4.089
-29.455,17.868,4.79
-33.326,12.147,2.613
-33.805,4.931,-0.467
-35.221,2.003,-5.568
-37.185,-6.412,-6.627
-43.045,-8.018,-10.838
-48.773,-1.538,-11.216
-51.61,6.029,-12.011
-48.392,9.723,-12.386
-44.729,5.45,-14.016
-47.844,-0.134,-8.455
-56.783,12.805,14.236
-56.529,31.01,77.465
-63.178,68.559,22.555
-9.8,27.464,-0.419
-0.892,25.179,5.84
0.603,8.254,7.651
-1.715,20.832,20.555
4.515,8.915,-1.558
0.232,11.803,7.91
-1.68,8.388,11.604
-5.991,7.154,12.484
-1.768,9.69,11.843
-0.964,3.62,12.171
-0.122,-3.357,11.913
0.311,3.419,15.143
0.203,-0.022,18.894
-1.658,1.247,13.004
-0.06,0.536,7.891
-2.388,-2.335,11.599
3.598,2.718,9.305
0.723,3.278,7.809
-3.031,-0.311,16.722
4.168,-2.761,11.547
2.962,4.567,12.47
0.555,-0.306,12.63
-0.852,1.158,9.676
0.486,0.921,9.355
0.321,1.249,8.575
-0.306,2.103,6.156
-0.124,0.093,2.852
-0.962,1.641,4.991
-3.969,6.058,2.84
-7.979,4.256,3.067
-10.207,7.202,0.979
-13.542,-2.651,1.038
-14.327,-5.07,4.627
-8.594,3.405,5.835
-9.386,-4.508,2.151
-11.748,-9.434,-3.156
-12.207,-16.392,-3.577
-21.325,-30.338,-1.814
-21.83,-30.541,3.551
-24.057,-28.493,5.802
-27.653,-19.433,8.195
-26.914,-18.272,13.212
-13.083,-11.224,7.632
-9.422,-13.221,3.371
-7.589,19.277,-4.098
-10.049,10.446,-1.019
-43.59,-6.922,7.704
-43.538,0.014,9.757
-25.397,-6.348,-0.072
-25.227,-5.34,-2.455
-29.697,-8.582,-5.84
-25.806,-9.391,2.184
-26.708,3.893,0.072
-28.132,-16.09,6.343
-26.168,-1.203,12.827
-17.751,-4.357,7.376
-39.375,2.467,16.002
-23.761,6.496,9.36
-19.655,10.329,2.072
-20.564,14.248,4.778
-27.996,16.107,5.666
-31.592,13.599,6.065
-33.41,7.092,2.163
-33.192,2.184,0.995
-35.831,1.759,-0.323
-39.382,0.56,-4.855
-42.399,4.005,-9.223
-43.722,3.816,-11.992
-46.284,9.647,-12.078
-44.416,11.566,-13.042
-40.088,10.898,-14.796
-39.545,3.043,-9.697
-46.569,24.51,26.0
-53.163,71.237,71.081
-15.552,35.463,-2.869
-3.953,4.912,-1.022
-4.804,18.985,5.163
0.182,12.353,9.556
-1.397,7.192,10.037
-3.055,10.171,10.36
-2.11,18.042,14.288
-2.711,11.104,14.901
-1.584,6.938,10.152
0.627,5.056,10.386
-0.802,3.06,11.932
-0.749,1.412,12.293
-0.23,2.352,13.879
0.23,2.821,15.549
1.79,1.67,12.992
-3.383,0.981,9.793
2.4,0.646,9.833
-0.536,2.931,7.47
-0.096,2.0,10.063
1.694,-1.806,10.092
1.536,0.61,11.795
1.692,1.725,8.644
-1.574,-1.981,9.199
-0.091,-0.333,8.089
1.62,0.866,8.819
0.112,-0.742,8.319
2.015,-0.61,8.154
-2.283,-0.957,6.431
-2.905,-0.105,6.307
-3.816,1.476,6.891
-5.601,2.175,3.084
-9.302,-2.302,3.062
-13.817,-1.467,3.314
-10.712,-1.706,4.254
-7.209,1.18,5.146
-11.494,-6.364,1.156
-13.537,-13.504,-2.917
-15.956,-18.095,-4.017
-17.952,-26.103,-0.223
-19.382,-29.113,4.319
-25.715,-24.983,4.862
-27.199,-24.277,9.271
-24.146,-16.337,7.862
-16.315,-10.219,5.278
-14.162,-3.936,-1.448
-1.876,19.019,0.292
-11.381,-8.8,-3.235
-26.66,-0.89,4.331
-31.659,-0.053,9.685
-22.292,-5.24,2.972
-37.843,-5.474,-1.627
-25.002,-12.358,-3.304
-21.938,-6.015,-1.448
-23.196,-7.752,-4.235
-20.449,-3.161,5.252
-22.629,-8.704,10.518
-21.438,12.434,12.908
-20.89,-2.565,12.891
-34.525,-3.173,19.076
-21.674,2.17,1.797
-22.213,14.576,1.376
-28.5,14.439,0.0
-26.658,13.284,3.474
-31.245,8.542,0.163
-32.125,1.706,0.888
-32.407,1.481,-0.62
-36.238,0.479,-0.84
-38.64,0.935,-7.934
-41.002,7.362,-12.886
-44.622,4.419,-14.43
-43.476,7.147,-12.877
-39.367,10.293,-13.02
-39.667,9.877,-11.905
-42.614,13.231,6.369
-72.22,30.245,78.182
-60.793,50.684,46.552
-6.29,17.243,-3.531
2.644,13.982,2.125
-7.388,16.447,11.269
0.579,11.788,7.829
-0.301,10.094,10.616
-1.345,16.832,11.53
-5.237,20.526,22.631
-3.622,-5.218,7.46
-2.553,-1.835,8.754
1.354,5.859,11.192
0.416,3.85,12.422
-0.098,-0.579,12.061
0.043,-1.577,13.965
-0.514,-1.096,14.291
-1.553,0.811,12.633
3.663,-0.854,8.496
-0.457,-0.586,7.974
4.012,0.629,8.994
1.282,1.282,9.637
-0.677,3.584,11.472
1.507,-0.337,10.834
-0.864,-0.512,10.884
0.873,-2.495,10.281
1.297,-2.158,10.925
-0.907,-0.869,13.552
0.579,-0.957,10.118
1.089,-1.302,9.109
0.543,-1.065,9.644
-1.639,-1.036,8.63
0.206,-0.869,8.221
-2.038,-0.579,5.869
-3.003,0.39,6.682
-3.125,-0.447,6.206
-4.225,1.23,5.223
-4.95,1.481,4.926
-5.654,0.28,4.414
-7.245,-0.555,4.893
-8.939,2.0,4.981
-8.063,1.239,3.101
-11.271,-4.127,1.113
-12.274,-5.446,2.505
-12.25,-9.211,1.383
-17.935,-18.559,0.742
-22.706,-18.784,1.804
-19.394,-16.569,2.431
-20.552,-18.416,5.752
-23.05,-16.317,6.458
-14.939,-6.336,2.117
-8.02,-1.581,-1.503
-12.635,0.4,1.048
-10.286,13.951,-1.79
-19.33,0.615,-0.66
-30.725,-2.309,2.361
-28.352,-3.962,5.357
-34.81,-4.165,4.249
-25.158,-9.956,2.795
-27.409,-4.914,-0.584
-28.484,-15.461,3.342
-20.902,-10.257,10.984
-15.875,-4.905,11.535
-13.753,-0.065,8.046
-19.844,-10.508,8.843
-17.971,0.244,13.219
-12.764,5.094,10.231
-20.081,17.351,1.06
-34.532,10.613,2.4
-18.708,0.371,4.51
-17.669,3.642,6.625
-16.191,-0.359,6.477
-16.363,-6.934,9.542
-17.437,-3.237,6.572
-18.236,0.335,4.768
-21.411,-0.739,2.428
-25.603,1.211,0.091
-27.23,4.685,-4.027
-25.481,1.029,-5.685
-24.309,-2.409,-5.824
-26.208,6.039,-3.799
-26.421,4.967,-3.149
-25.77,-0.804,-2.763
-34.365,-0.986,7.18
-29.139,13.53,12.961
-25.711,16.444,16.372
-32.436,13.494,23.352
-16.181,-4.711,33.489
-31.898,24.699,14.535
-1.23,8.931,6.895
-4.431,7.317,14.107
-0.823,12.054,12.824
-2.543,6.551,10.298
-0.696,2.259,12.626
-1.34,1.771,13.597
-0.995,0.072,13.224
-1.263,-1.026,14.128
-1.816,1.538,13.355
-1.448,-1.385,13.128
-0.514,-7.06,6.922
1.031,-1.605,0.079
-3.292,-5.211,1.414
0.962,-0.022,8.336
-3.972,6.541,12.836
-2.737,2.993,13.147
-3.196,-1.543,11.949
-3.61,-4.024,15.592
-3.299,0.361,15.597
-2.11,-2.431,14.054
-1.043,-2.342,13.82
-0.263,-3.591,12.717
-0.294,-3.744,14.726
-1.359,-1.282,14.585
-3.895,-0.45,11.968
0.34,-0.474,14.001
1.325,-0.916,8.862
1.4,-2.005,9.948
1.759,-1.115,10.487
2.127,-2.256,9.372
2.283,-1.541,9.231
2.158,-1.144,9.759
1.677,-1.735,10.257
2.204,-1.577,9.183
1.955,-1.18,10.59
1.838,-2.072,10.147
1.251,-2.417,9.405
1.407,-0.971,9.719
1.481,-1.503,10.046
1.213,-0.995,10.03
1.29,-0.699,9.795
1.385,-1.029,9.539
1.098,-1.797,9.53
1.51,-1.182,9.963
1.9,-0.967,10.006
1.883,-1.768,9.92
1.459,-1.991,9.771
1.127,-1.617,9.74
1.361,-0.572,9.752
1.134,-1.165,9.697
1.024,-1.584,9.936
1.093,-1.031,9.781
1.328,-1.225,9.489
1.012,-1.45,9.697
1.101,-1.579,9.845
1.069,-1.629,10.075
0.986,-1.258,9.979
1.05,-1.369,9.814
1.05,-1.763,9.819
0.933,-1.735,9.929
0.677,-1.443,9.874
0.615,-1.591,9.92
0.672,-2.067,9.879
0.725,-2.132,9.716
0.751,-2.017,9.709
0.67,-2.0,9.075
0.574,-2.165,9.69
0.565,-1.991,9.788
0.557,-2.031,9.874
0.409,-1.96,9.934
0.301,-1.802,10.056
0.309,-1.584,9.982
0.301,-1.651,9.855
0.316,-1.816,9.755
0.007,-1.778,9.889
0.1,-1.893,9.845
0.234,-1.802,9.719
0.361,-1.986,9.656
0.385,-2.184,9.635
0.335,-2.153,9.642
0.179,-2.383,9.726
0.278,-2.113,9.649
0.39,-2.067,9.546
0.409,-2.235,9.489
0.282,-2.352,9.642
0.345,-2.448,9.69
0.261,-2.239,9.726
0.29,-2.137,9.688
0.242,-2.206,9.7
0.167,-2.297,9.798
-0.029,-2.405,10.018
-0.048,-2.378,9.97
-0.005,-1.948,9.877
0.122,-1.969,9.8
0.069,-2.091,9.896
0.031,-2.012,9.939
0.065,-1.852,9.824
0.163,-1.759,9.702
0.069,-1.696,9.709
-0.105,-1.833,9.771
-0.33,-1.871,9.843
-0.471,-1.713,9.86
-0.486,-1.701,9.776
-0.524,-1.51,9.879
-0.593,-1.488,9.936
-0.522,-1.718,9.963
-0.44,-1.771,10.123
-0.39,-1.838,10.295
-0.234,-2.125,10.393
-0.175,-2.821,10.724
-0.22,-3.185,11.058
0.234,-3.584,11.334
0.921,-3.529,11.353
0.962,-3.996,11.355
0.943,-4.12,11.018
1.192,-3.835,11.106
1.656,-3.886,10.599
2.208,-4.118,11.649
3.165,-3.388,11.252
2.78,-2.402,11.37
3.027,-3.266,10.594
3.515,-3.72,9.872
3.943,-3.996,9.448
4.383,-3.685,9.391
4.675,-3.362,9.755
4.505,-2.711,9.855
4.285,-2.625,9.609
4.467,-2.689,9.178
4.343,-2.835,9.506
5.058,-2.33,10.188
4.491,-0.943,10.489
3.967,-0.916,9.822
4.252,-0.646,9.302
4.429,-0.129,8.908
5.297,-0.022,7.58
3.484,0.201,6.871
4.264,0.266,5.099
5.393,0.402,3.943
2.754,1.361,5.4
2.488,0.821,3.84
3.101,0.196,2.22
2.232,0.768,1.998
1.469,-0.675,0.907
-1.12,-2.237,5.137
-2.151,5.618,8.465
-2.103,3.685,10.508
-0.598,4.194,15.234
1.273,5.484,16.152
3.601,1.192,12.867
6.156,-0.268,8.214
5.778,-0.474,5.929
5.62,0.679,5.948
6.206,1.151,6.546
6.393,2.969,8.235
5.682,3.146,8.934
4.938,1.785,8.812
4.139,0.531,8.97
4.421,0.45,8.941
5.063,1.079,8.963
5.314,1.498,8.386
5.613,1.512,7.941
5.563,1.692,8.238
5.383,1.952,8.599
5.398,2.682,8.656
5.62,3.029,8.3
5.898,2.943,7.611
5.962,2.579,7.183
5.809,2.555,7.094
5.699,3.261,7.151
5.864,3.785,7.106
5.862,3.79,7.204
5.752,3.352,6.936
5.639,2.948,6.74
5.639,3.45,6.69
5.56,4.11,6.91
5.501,3.988,6.855
5.615,3.802,6.814
5.436,3.653,7.29
5.434,3.548,7.632
5.469,3.637,7.58
5.513,3.847,7.369
5.618,3.826,7.211
5.412,3.859,7.034
5.307,3.385,6.68
5.41,3.697,6.989
5.335,3.986,7.47
5.328,3.924,7.403
5.381,3.586,7.283
5.446,3.307,7.178
5.402,3.677,7.419
5.331,3.723,7.41
5.206,3.598,7.534
5.225,2.964,7.307
5.276,3.457,7.479
5.364,3.615,7.632
5.319,3.309,7.501
5.19,3.326,7.565
5.316,3.39,7.498
5.264,3.402,7.45
5.163,3.33,7.467
5.07,3.031,7.802
5.417,2.754,7.752
5.467,2.936,7.771
5.314,3.144,8.034
5.362,2.742,7.915
5.338,2.23,7.69
5.465,2.431,7.757
5.369,2.723,7.795
5.187,2.766,7.879
5.235,2.61,7.833
5.45,2.433,7.589
5.362,2.481,7.482
5.237,2.304,7.704
5.178,1.883,7.953
5.455,1.483,8.144
5.395,1.416,8.278
5.721,0.809,8.123
5.895,0.512,7.91
5.989,0.412,7.702
5.802,0.323,7.273
5.723,0.445,7.3
5.663,0.237,7.379
5.501,0.122,7.46
5.522,-0.05,7.357
5.867,0.055,7.149
5.891,0.117,7.238
5.606,-0.043,7.324
5.4,-0.352,8.233
5.383,-0.636,9.58
5.323,-0.852,9.948
5.41,-0.481,9.216
5.489,-0.567,8.135
5.63,-0.256,7.709
5.467,-0.196,7.788
5.225,-0.256,8.192
5.209,-0.251,8.644
5.142,-0.366,8.738
5.223,-0.404,8.482
5.245,-0.34,8.154
5.118,-0.361,8.013
5.158,-0.368,8.161
5.132,-0.414,8.242
4.91,-0.605,8.652
4.914,-0.756,8.769
4.871,-0.864,8.704
4.835,-0.763,8.608
4.907,-0.687,8.475
4.862,-0.658,8.455
4.711,-0.732,8.635
4.675,-0.746,8.802
4.596,-0.718,8.869
4.467,-0.696,8.817
4.354,-0.701,8.862
4.436,-0.687,8.848
4.467,-0.727,8.862
4.374,-0.775,8.778
4.505,-0.732,8.826
4.517,-0.813,8.697
4.491,-0.797,8.671
4.448,-0.785,8.465
4.443,-1.663,8.073
4.852,-1.0,8.75
4.307,-0.392,9.185
3.938,-0.313,9.721
3.931,1.158,9.611
3.359,-0.787,8.826
4.491,-0.902,8.776
4.283,-0.854,8.723
4.352,-0.775,8.967
4.314,-0.847,8.9
3.936,-0.395,8.826
3.931,-0.244,8.819
3.972,-0.179,8.786
3.869,-0.23,8.812
3.886,-0.328,8.757
3.883,-0.378,8.879
3.919,-0.459,9.022
3.914,-0.452,9.015
3.953,-0.699,8.884
3.558,-0.435,8.814
3.448,0.213,9.176
3.768,0.158,8.924
3.699,0.053,8.781
4.252,-0.617,8.742
5.455,-0.9,8.551
2.424,-0.206,9.573
4.094,-0.534,8.953
3.833,-0.526,9.109
4.223,-0.878,8.922
3.374,-0.447,9.094
3.929,-0.249,9.111
3.524,-0.239,9.475
4.608,-0.746,9.051
4.467,-1.57,9.377
3.685,-0.519,8.924
3.417,0.211,9.738
4.288,-0.337,9.475
4.273,-0.823,9.135
4.053,-0.782,8.996
3.795,-0.203,9.094
3.821,-0.043,8.979
4.137,0.089,8.917
3.704,-0.258,9.128
3.807,0.053,9.14
4.256,-0.44,8.795
4.156,-0.29,8.735
4.11,-0.553,8.867
4.015,-0.412,9.061
3.996,-0.634,8.888
4.469,-0.586,8.702
4.185,-0.306,8.613
3.909,-0.292,8.549
3.766,-0.105,8.69
3.866,0.153,8.807
3.986,-0.352,8.91
3.888,-0.112,9.161
3.72,0.199,9.168
3.953,-0.036,9.188
3.991,-0.383,9.075
4.299,-0.62,8.953
4.479,-0.065,9.111
4.369,-0.347,9.178
4.457,-0.864,9.097
3.984,-0.998,9.116
4.089,-1.067,9.558
3.833,-0.849,9.101
3.795,-0.584,8.735
4.378,0.129,8.259
4.225,0.5,8.159
4.744,3.046,8.123
4.271,0.713,7.86
4.094,0.579,8.491
4.74,-0.005,9.049
4.551,0.725,9.266
4.833,-0.124,8.912
4.584,-0.323,8.659
4.73,-0.048,8.522
4.967,0.22,8.556
4.563,-0.294,8.685
4.089,0.062,8.915
6.127,-1.629,8.467
4.618,-0.969,8.865
5.158,-0.742,8.865
4.974,-0.203,8.644
1.95,3.596,9.678
1.715,3.945,9.075
2.105,3.12,8.556
1.876,3.378,8.807
2.268,3.28,8.795
2.129,3.211,8.934
1.751,3.62,9.374
1.845,3.601,9.317
1.814,3.508,9.137
1.67,3.792,8.903
1.931,3.505,8.68
2.192,3.414,8.96
2.261,3.086,8.951
1.993,3.431,8.96
2.175,3.242,8.8
1.608,3.433,9.252
1.986,3.407,9.288
2.158,3.613,9.056
2.101,3.208,8.826
1.933,3.206,9.118
2.381,2.95,9.477
1.675,3.165,9.704
2.134,3.129,9.266
2.182,3.393,9.089
2.364,2.981,9.037
2.472,3.151,9.176
1.771,3.572,9.482
1.806,3.297,9.159
2.149,3.165,9.144
2.017,3.266,9.269
2.182,3.213,9.223
2.043,3.031,9.319
1.928,3.338,9.188
2.263,2.967,9.345
2.359,3.228,9.479
2.117,3.108,9.324
1.785,3.132,9.365
2.201,3.314,9.152
2.082,3.216,9.422
2.11,3.271,9.19
1.871,3.309,8.802
2.098,3.584,8.865
2.184,3.39,8.762
2.065,3.543,9.056
2.007,3.395,9.142
2.084,3.395,8.924
2.11,3.431,9.049
2.268,3.316,8.97
2.153,3.28,8.886
2.232,2.905,8.855
2.251,2.725,9.006
2.467,2.933,9.269
1.72,3.314,9.475
1.089,3.295,9.08
2.242,3.898,9.01
2.22,3.426,8.963
1.814,3.512,9.089
1.9,3.663,8.991
1.677,3.615,8.927
1.711,3.402,8.853
2.015,3.352,8.972
1.854,3.307,9.259
1.838,3.129,9.472
1.95,3.376,9.214
2.084,3.129,9.228
2.041,3.17,9.159
2.105,3.237,9.276
1.646,3.216,9.149
1.814,3.431,9.018
1.797,3.412,8.905
1.79,3.23,9.001
2.019,3.273,9.07
1.806,3.376,9.085
1.794,3.35,8.934
1.926,3.342,8.939
2.034,3.283,9.054
1.744,3.397,9.113
1.952,3.345,8.975
1.981,3.321,8.975
1.909,3.295,9.058
1.948,3.287,9.116
1.955,3.419,9.042
1.873,3.443,8.965
2.022,3.374,8.951
2.113,3.261,9.25
1.971,3.419,9.338
1.971,3.359,9.161
1.866,3.462,9.099
1.993,3.359,9.063
2.122,3.079,9.132
1.952,3.098,9.111
1.924,3.563,9.161
2.129,3.309,9.197
2.017,3.505,9.314
1.991,3.366,9.379
2.18,3.572,9.046
2.0,3.656,9.01
2.278,3.883,9.269
2.249,3.242,9.061
2.158,3.725,9.324
1.95,3.665,9.109
2.196,3.596,8.857
2.251,3.876,8.924
2.129,3.761,8.915
1.964,3.847,8.802
2.165,3.697,8.652
2.213,3.67,8.75
2.11,3.854,8.862
2.129,3.692,8.855
2.278,3.68,8.733
2.024,4.005,8.831
1.981,3.778,8.862
1.976,3.976,8.869
2.043,3.749,8.85
2.182,3.61,8.865
2.139,3.732,8.893
1.79,3.752,8.943
2.153,3.723,8.709
2.335,4.075,9.197
2.39,3.627,8.819
2.235,3.797,8.809
1.794,3.9,8.759
2.218,3.979,8.979
2.326,3.716,8.996
1.849,4.053,9.209
1.579,3.969,9.25
1.421,3.988,9.156
2.015,3.955,8.783
1.077,2.809,8.991
3.316,2.783,9.006
2.283,4.326,8.922
1.811,2.806,8.86
2.225,4.175,8.848
1.79,3.63,8.769
2.034,3.601,8.833
2.07,3.385,9.221
2.194,3.479,9.209
2.055,3.642,9.054
1.902,3.354,8.831
2.182,3.749,8.666
2.096,3.577,8.874
1.936,3.228,8.972
2.137,3.761,9.233
2.07,3.378,9.183
2.134,3.596,9.192
1.771,3.718,8.812
2.098,3.773,9.051
2.062,3.321,9.329
1.782,3.548,9.307
2.23,3.476,8.857
2.177,3.417,8.853
1.909,3.701,8.903
2.292,3.388,8.853
2.015,3.601,8.876
1.979,3.658,8.948
2.053,3.266,8.85
1.864,3.546,9.128
1.957,3.488,9.08
1.976,3.261,9.051
2.271,3.385,9.003
1.663,3.273,9.054
2.199,3.39,8.881
2.144,3.319,8.984
2.223,3.029,8.912
1.744,3.448,9.164
2.082,4.125,9.065
1.818,3.565,8.805
2.259,3.708,8.929
1.869,3.462,8.955
2.232,3.464,8.891
2.082,3.591,9.128
2.237,3.409,9.061
2.254,3.108,9.295
1.991,3.307,9.379
1.282,3.108,9.032
1.699,3.768,9.271
1.761,3.493,9.166
1.778,3.536,9.365
1.897,3.371,9.317
1.991,3.244,9.278
1.957,3.18,9.31
2.256,3.321,9.226
2.108,3.376,8.977
2.194,3.309,8.671
2.096,3.374,8.522
1.914,3.517,8.546
1.993,3.534,8.623
1.809,3.857,9.022
1.668,3.149,9.393
2.077,3.555,9.575
2.125,3.309,9.283
2.218,2.948,9.094
1.916,3.33,9.298
2.244,3.419,8.963
1.897,3.173,8.893
2.491,3.319,8.96
1.962,3.395,9.183
1.885,3.295,9.101
1.672,3.685,8.757
2.95,3.622,8.542
1.101,3.168,9.037
2.419,2.919,9.353
1.933,3.512,9.441
2.089,3.235,9.001
2.098,3.261,8.965
1.991,3.108,8.922
2.263,2.909,9.226
1.926,3.161,9.36
2.0,3.546,8.977
2.043,3.311,9.022
2.098,3.127,9.319
2.084,3.115,9.209
2.117,3.457,9.01
2.01,3.376,8.826
1.991,3.096,9.032
2.012,3.192,9.278
2.096,3.275,9.132
1.842,3.708,9.104
1.861,3.594,9.113
1.672,3.383,9.149
1.763,3.852,9.121
1.919,3.608,8.896
2.125,3.048,8.987
2.18,3.237,9.386
2.445,2.96,9.054
2.058,3.34,8.766
2.175,3.433,8.616
1.988,3.271,9.07
1.967,3.469,9.183
1.888,3.512,9.113
1.912,3.472,8.953
1.921,3.424,9.034
2.043,3.304,8.929
2.058,3.201,9.032
1.995,3.338,9.128
2.06,3.309,9.121
1.967,3.12,9.362
1.955,3.211,9.388
1.974,3.63,9.156
2.015,3.558,8.905
1.725,3.141,8.998
2.546,2.878,9.367
1.701,3.407,9.243
1.696,3.716,8.905
1.928,3.33,8.934
2.117,2.972,9.164
2.041,3.421,9.534
1.976,3.519,9.137
2.187,3.173,8.857
2.213,3.29,9.07
2.077,3.151,9.202
1.792,3.598,9.058
1.926,3.39,8.922
2.046,3.352,9.125
2.017,3.462,9.369
1.964,3.295,9.238
1.854,3.438,9.075
2.086,3.452,9.044
1.811,3.304,8.931
1.948,3.582,9.075
1.921,3.491,9.192
1.873,3.56,9.044
1.924,3.642,8.922
2.015,3.438,8.819
2.204,3.309,8.953
1.704,3.914,8.874
2.251,3.479,8.635
1.72,3.701,8.838
1.988,3.436,9.025
1.928,3.704,9.465
1.694,3.429,9.254
1.845,3.529,9.295
1.924,3.476,9.125
1.792,3.57,9.109
1.869,3.527,9.008
1.778,3.632,8.876
1.878,3.354,8.776
1.962,3.385,8.857
1.873,3.474,8.905
1.921,3.706,8.795
1.701,3.414,8.814
2.041,3.56,8.888
1.579,3.653,9.14
1.866,3.768,9.097
1.826,3.61,9.132
1.747,3.783,9.018
2.094,3.586,9.202
1.529,3.027,9.183
1.761,3.747,9.142
1.952,3.438,8.879
2.003,3.149,9.159
1.785,3.668,9.252
1.861,3.596,9.042
1.809,3.551,9.156
2.038,3.677,9.264
2.098,3.436,9.353
2.101,3.385,8.967
1.684,3.302,8.683
1.608,3.347,9.025
2.096,3.814,9.235
1.804,3.548,9.278
1.438,3.242,9.305
2.151,4.02,9.221
1.371,3.046,9.168
2.043,3.833,8.977
1.687,3.512,8.874
1.771,3.761,8.951
1.842,3.524,8.972
1.754,3.517,8.939
1.89,3.567,8.884
1.692,3.376,9.221
1.385,3.677,9.238
1.148,3.519,9.142
1.488,3.457,9.116
2.058,3.759,9.154
1.924,3.63,9.305
1.735,3.347,9.178
1.866,3.572,8.79
1.893,3.278,8.68
1.971,3.381,8.783
1.591,3.594,9.073
1.84,3.539,8.881
1.668,3.546,8.819
1.687,3.613,8.929
1.663,3.692,9.089
1.603,3.799,9.231
1.663,3.567,9.178
1.436,3.754,9.216
1.644,3.603,9.149
1.797,3.498,9.104
1.847,3.582,9.008
1.603,3.476,9.07
1.732,3.536,9.137
1.687,3.551,9.094
1.771,3.543,9.077
1.701,3.572,9.13
1.737,3.51,9.14
1.771,3.39,9.025
1.773,3.469,8.924
1.687,3.586,9.015
1.816,3.563,8.982
1.684,3.577,9.08
1.725,3.637,9.01
1.687,3.646,9.015
1.715,3.596,9.08
1.593,3.589,9.128
1.785,3.527,9.257
1.821,3.464,9.195
1.723,3.436,9.051
1.658,3.615,8.996
1.742,3.522,9.077
1.694,3.479,9.185
1.893,3.608,9.259
1.727,3.467,9.161
1.469,3.539,9.441
1.498,3.536,9.147
1.706,3.541,9.219
1.522,3.402,9.204
1.893,3.481,9.03
1.878,3.273,9.054
1.857,3.515,9.137
1.847,3.472,8.991
1.653,3.531,8.996
1.225,3.385,8.857
1.747,3.462,9.094
1.763,3.352,9.02
1.715,3.493,9.252
1.969,3.529,9.082
1.881,3.536,9.049
1.653,3.455,8.996
1.84,3.61,8.867
1.656,3.493,8.898
1.866,3.586,9.018
1.754,3.565,9.099
1.737,3.522,9.223
1.488,3.677,9.264
2.125,3.625,8.771
1.268,3.237,8.745
2.345,2.988,9.274
2.129,3.165,9.377
1.821,3.369,8.963
2.082,3.517,8.843
1.876,3.519,8.869
1.79,3.682,9.058
1.371,3.677,9.082
1.261,3.496,9.436
1.584,3.57,9.726
1.751,3.33,9.53
1.919,3.431,9.197
1.916,3.431,8.872
2.065,3.218,8.8
2.048,2.969,8.573
1.957,3.371,9.123
1.828,3.656,9.123
1.928,3.472,8.987
1.785,3.436,9.087
1.725,3.675,9.209
1.668,3.563,9.152
1.715,3.63,9.326
1.759,3.563,9.331
1.663,3.488,9.075
1.715,3.524,8.979
1.61,3.256,9.171
1.833,3.586,9.269
1.739,3.565,9.015
1.66,3.661,8.695
1.878,3.455,8.731
1.948,3.359,8.941
1.696,3.869,9.149
1.895,4.146,8.707
1.553,4.048,8.46
0.926,3.823,8.766
0.679,3.73,9.097
1.036,3.036,9.855
1.208,3.39,10.515
1.053,3.632,10.424
1.208,3.4,9.81
1.18,2.732,9.477
1.268,2.964,9.324
1.565,3.74,8.91
2.347,3.237,8.082
1.818,2.833,7.41
1.924,2.89,7.762
1.247,4.201,9.386
0.144,5.414,10.245
0.782,4.761,9.14
1.663,5.355,9.144
1.854,5.103,9.266
1.787,5.118,9.044
0.993,5.134,8.709
0.129,4.374,9.479
0.074,2.663,10.776
0.196,2.175,10.716
1.883,2.964,8.819
2.036,3.189,6.714
1.818,4.151,5.938
1.57,5.266,5.993
1.11,5.666,7.539
0.404,5.168,9.185
0.873,4.532,10.214
1.675,4.663,10.111
1.73,4.206,8.814
1.361,4.491,7.905
1.311,4.462,7.563
1.046,4.118,7.625
0.95,4.163,8.25
1.165,4.376,9.439
1.591,3.857,9.97
1.536,3.529,9.795
1.663,3.579,9.089
1.79,3.864,8.958
1.505,4.12,9.049
1.325,4.249,9.027
1.474,4.132,8.967
1.239,4.259,8.836
1.388,4.244,8.786
1.558,4.309,8.714
1.598,4.168,8.381
2.027,3.828,8.312
2.098,3.653,8.613
2.053,3.811,9.137
1.885,3.938,9.199
1.634,3.718,9.142
1.747,3.553,9.345
1.838,3.756,9.573
1.742,3.893,9.36
1.622,3.785,9.089
1.814,3.957,8.776
1.873,3.924,8.747
1.622,3.955,8.75
1.66,3.919,8.934
1.644,3.799,9.178
1.689,3.713,9.173
1.725,3.929,9.221
1.711,3.73,9.054
1.838,3.768,9.022
1.79,3.816,9.039
1.725,3.907,8.958
1.859,3.936,9.049
1.701,4.036,8.826
1.684,3.933,8.613
1.759,3.933,8.742
1.857,3.866,8.888
1.936,3.835,8.774
1.768,3.866,8.843
1.888,3.835,8.869
1.823,3.79,8.836
1.974,3.819,8.824
1.89,3.878,8.824
1.818,3.893,8.924
1.814,3.802,8.982
1.988,3.771,9.008
1.893,3.869,8.766
1.971,3.938,8.587
1.957,3.924,8.664
1.895,3.886,8.738
1.916,3.814,8.953
1.924,3.914,8.967
1.742,3.981,9.109
1.952,3.783,9.013
1.883,3.929,8.975
2.005,3.857,8.905
2.017,3.665,9.154
1.869,3.998,9.446
2.271,3.103,9.116
1.782,3.637,8.821
1.574,2.577,8.721
2.491,3.189,9.331
2.39,5.302,8.475
1.541,4.426,9.111
1.936,5.056,8.575
1.627,4.555,8.568
1.83,3.972,8.51
2.117,4.508,8.869
1.84,3.871,8.865
1.861,4.177,9.128
2.196,4.668,9.42
1.89,3.455,8.264
2.005,4.244,8.314
2.038,4.084,8.403
2.015,4.168,8.635
2.024,4.151,8.656
1.656,4.185,8.742
1.732,4.096,8.855
1.888,4.149,9.027
1.893,4.01,8.891
1.768,4.091,8.764
1.814,4.206,8.783
1.823,4.106,8.738
1.802,4.209,8.733
1.866,4.142,8.807
1.732,4.216,8.776
1.694,4.319,8.754
1.653,4.402,8.69
1.634,4.24,8.704
1.847,4.17,8.687
1.785,4.165,8.778
1.775,4.168,8.872
1.802,4.103,8.709
1.708,4.271,8.809
1.675,4.158,8.388
1.802,4.221,8.735
1.759,4.24,9.054
1.78,3.732,8.931
1.625,4.759,9.374
1.84,4.328,9.015
1.742,4.051,8.735
1.775,4.192,8.635
1.771,4.165,8.675
1.771,4.225,8.788
1.787,4.115,8.915
1.622,4.118,8.821
1.756,4.211,8.774
1.713,4.24,8.766
1.711,4.276,8.747
1.574,4.228,8.762
1.581,4.161,8.709
1.718,4.06,8.85
1.749,4.034,8.989
1.771,4.072,8.929
1.668,4.082,8.812
1.596,4.201,8.752
1.646,4.063,8.647
1.668,4.163,8.8
1.782,4.206,8.745
1.634,4.089,8.8
1.68,4.091,8.807
1.675,4.072,8.709
1.656,4.003,8.795
1.759,3.986,8.922
1.727,4.077,8.958
1.66,4.106,8.922
1.732,4.189,9.008
1.694,4.244,8.987
1.771,4.297,8.752
1.596,4.232,8.826
1.68,4.072,8.891
1.873,4.139,8.788
1.735,4.149,8.664
1.615,4.084,8.848
1.849,4.098,8.85
1.821,4.087,8.678
1.849,4.089,8.869
1.821,4.12,8.896
1.802,4.187,8.924
1.701,4.185,8.769
1.699,4.156,8.857
1.67,4.132,8.936
1.804,4.122,8.936
1.78,4.154,8.778
1.806,3.941,8.809
1.797,4.06,8.719
1.744,4.051,8.788
1.632,4.127,9.293
1.61,3.778,9.111
1.498,4.283,9.305
1.713,3.979,8.833
1.787,4.204,8.697
1.809,4.087,8.635
1.957,3.912,8.675
2.005,3.756,8.731
1.782,3.838,8.91
1.962,3.974,8.838
1.811,3.993,8.865
1.9,3.941,8.788
1.677,4.067,8.989
1.945,4.082,8.893
1.883,4.017,8.965
1.78,3.969,8.874
1.744,4.043,8.941
1.912,4.022,8.915
1.921,3.859,8.733
1.9,3.766,8.826
1.983,3.799,8.766
1.768,4.077,8.848
1.924,3.998,9.015
1.754,4.07,9.046
1.273,4.077,8.994
1.826,3.976,8.862
2.007,3.809,8.96
1.852,3.921,8.867
1.828,3.96,8.733
1.909,3.948,8.984
1.983,3.783,8.912
1.366,3.917,9.152
1.727,4.108,8.841
1.785,4.098,8.788
1.969,3.838,8.86
1.895,3.917,8.874
1.735,4.175,8.989
1.739,4.079,8.879
1.763,3.976,8.821
1.699,3.857,8.934
2.029,4.043,8.8
1.66,3.854,9.097
1.713,3.807,8.738
1.675,4.266,8.958
1.596,4.17,8.948
1.794,4.087,8.908
1.845,3.895,8.884
1.794,4.125,8.958
1.577,4.199,8.903
1.763,4.17,8.754
1.826,4.18,8.821
1.689,3.881,8.869
1.828,4.319,8.788
1.78,4.118,8.776
1.522,4.472,8.903
1.72,3.72,8.738
1.739,4.264,8.867
1.663,4.12,8.955
1.771,4.156,8.924
1.718,4.142,8.769
1.787,4.091,8.702
1.974,3.979,8.731
1.72,4.218,8.762
1.811,3.591,8.876
1.689,4.96,9.087
1.67,4.06,8.766
1.553,4.414,8.92
1.902,4.534,8.8
1.907,4.13,8.721
1.67,4.34,8.745
1.782,4.343,8.723
1.701,4.094,8.742
1.73,4.199,8.927
1.766,3.957,8.869
1.761,4.132,8.929
1.749,4.256,8.764
1.677,4.335,8.74
1.838,4.225,8.802
1.751,3.998,8.893
1.83,4.156,8.896
1.727,4.125,8.838
1.823,4.012,8.92
1.933,3.871,8.857
1.869,3.919,8.793
1.823,4.113,8.896
1.857,4.115,8.891
1.919,4.046,8.754
1.955,3.919,8.872
1.897,3.852,8.912
1.761,4.139,9.032
1.574,4.127,8.953
1.727,3.718,8.829
2.043,4.046,8.819
1.838,4.383,8.721
1.526,4.151,8.92
1.974,3.909,8.946
2.072,3.761,9.195
2.239,3.735,8.908
1.151,4.57,8.982
2.227,3.752,8.843
1.727,3.984,8.975
1.96,4.087,8.987
1.792,4.003,8.903
1.919,3.835,8.85
1.902,3.96,8.747
1.759,4.072,8.759
1.95,3.974,8.843
1.883,4.012,8.812
1.749,4.113,8.86
1.866,4.218,8.86
1.725,3.965,8.831
1.811,4.065,8.929
1.89,4.015,8.91
1.878,4.048,8.843
1.708,3.768,8.546
1.663,4.194,8.666
1.931,4.223,8.805
1.83,4.393,8.838
1.648,3.979,8.838
2.017,4.0,8.965
2.091,3.644,8.719
1.034,3.976,8.939
2.393,4.005,8.977
1.555,4.051,8.836
2.082,3.931,8.891
1.84,3.828,8.817
1.847,3.957,8.733
1.895,3.929,8.845
1.897,3.914,8.912
1.94,3.976,8.874
1.952,4.048,8.812
1.771,4.175,8.697
1.79,3.988,8.853
1.833,4.072,8.798
1.682,4.139,8.967
1.849,4.077,8.939
1.881,4.017,8.984
1.883,4.01,8.929
1.692,4.144,8.798
1.534,4.087,9.192
2.149,3.618,8.86
1.567,3.998,9.03
1.835,4.232,9.044
1.979,4.338,8.963
1.696,4.369,8.963
1.869,3.953,9.058
2.232,3.618,8.766
0.955,3.883,8.943
2.397,4.029,8.769
1.732,3.905,8.853
2.0,4.027,8.865
1.763,3.993,8.845
1.768,4.041,8.809
1.787,4.11,8.862
1.778,3.972,8.845
1.785,4.115,8.86
1.79,4.118,8.853
1.806,3.924,8.778
2.027,3.984,8.745
1.936,4.036,8.745
1.89,3.917,8.721
1.933,3.991,8.812
1.952,4.055,8.788
1.763,4.108,8.872
1.804,4.24,9.039
1.771,4.063,8.931
1.761,4.082,8.836
1.821,4.041,8.955
1.871,4.058,8.924
1.787,3.345,8.558
2.139,4.395,8.855
1.744,4.299,8.905
2.019,3.711,8.817
1.541,4.084,8.9
2.098,4.094,8.809
1.715,3.943,8.833
1.859,4.041,8.917
1.861,4.077,8.975
1.873,3.933,8.939
1.751,4.0,8.996
1.866,3.974,9.027
1.933,3.957,8.998
1.799,4.039,8.946
1.873,3.89,8.821
1.814,4.055,8.754
1.816,4.122,8.826
1.924,3.924,8.972
1.857,4.053,8.941
1.723,4.091,8.912
1.768,4.024,8.85
1.897,4.029,8.91
1.878,3.9,8.905
1.916,3.89,8.857
1.962,3.895,8.783
1.883,3.943,8.759
1.749,4.106,8.783
1.811,4.008,8.977
1.876,3.895,8.893
1.866,4.101,8.867
1.668,4.027,8.991
1.962,3.414,8.623
1.57,4.29,9.161
1.802,3.792,8.872
1.617,4.302,8.869
1.936,4.005,8.819
1.931,3.692,8.649
1.962,3.878,8.731
1.725,4.091,8.798
1.754,4.089,8.824
1.845,4.041,8.862
1.773,3.979,8.929
1.936,3.981,8.955
1.811,3.917,8.994
1.756,3.972,8.965
1.792,3.85,9.068
2.05,3.831,9.087
1.84,3.976,8.953
1.727,4.058,8.963
1.799,3.948,8.951
1.699,3.886,8.96
1.826,3.874,9.001
1.816,3.921,8.924
1.802,3.871,8.977
1.964,3.988,8.958
1.96,3.95,8.903
1.969,3.871,8.742
1.957,3.9,8.845
1.859,3.955,8.759
1.926,3.902,8.742
2.05,3.842,8.795
1.871,3.833,8.819
1.89,4.048,8.869
1.921,3.962,8.879
1.842,3.976,9.003
1.871,3.859,9.051
1.847,3.929,8.982
1.957,3.881,8.97
2.017,3.744,8.884
1.933,3.787,8.826
1.89,3.845,8.819
1.907,3.864,9.01
2.005,3.898,8.984
1.986,3.807,8.9
2.024,3.811,8.805
2.019,3.761,8.927
2.113,3.9,8.879
1.993,3.976,8.812
1.883,3.965,8.652
1.955,3.988,8.805
1.924,4.118,8.951
1.969,4.089,8.994
1.854,4.058,8.867
1.873,3.948,8.85
1.907,3.883,8.888
2.364,3.785,8.776
1.952,3.898,8.958
1.861,3.907,9.101
1.857,3.909,9.147
1.986,3.85,9.039
1.881,4.125,9.142
1.979,3.835,9.003
2.01,3.953,8.798
1.706,3.976,8.8
2.168,3.869,8.85
1.969,3.943,8.721
1.955,4.017,8.635
1.909,3.996,8.853
1.61,3.948,8.886
1.677,3.988,9.166
1.593,4.07,9.176
1.596,4.213,9.068
1.742,4.118,8.649
2.196,3.584,8.833
2.261,3.457,8.769
2.007,3.326,8.778
1.902,3.649,8.8
1.957,3.759,9.003
1.814,3.9,9.07
1.715,3.85,9.104
1.749,4.043,9.149
1.706,4.125,9.104
1.749,4.103,9.188
1.144,4.098,9.477
1.567,4.127,9.125
1.57,4.192,8.687
1.725,3.807,8.769
1.665,3.864,8.695
1.651,3.493,9.056
2.184,3.529,9.178
1.962,3.199,9.393
1.885,3.036,9.668
2.476,3.041,8.982
2.706,3.177,8.18
2.316,3.804,8.063
1.522,4.625,8.455
1.665,4.567,8.96
1.122,3.936,9.711
2.194,3.141,8.958
1.495,3.771,9.585
1.622,4.46,9.18
1.842,4.261,8.073
1.309,4.479,9.688
2.409,3.536,9.077
2.017,3.414,8.96
1.098,4.189,9.623
1.603,4.175,8.984
2.378,4.163,8.742
1.615,4.079,8.922
2.091,4.194,8.324
2.235,3.531,8.197
1.725,3.553,8.845
2.086,3.479,8.4
2.596,3.876,8.331
1.881,3.972,8.561
2.316,4.11,8.274
1.718,4.433,8.91
0.445,4.366,10.747
1.943,4.0,8.427
3.28,3.271,7.412
1.665,3.658,8.998
1.299,3.419,9.874
1.529,3.589,9.788
2.096,3.304,9.494
1.754,3.519,9.104
1.613,3.252,9.106
1.184,3.625,9.054
3.015,3.462,9.168
0.83,4.898,8.673
1.184,2.328,8.757
2.524,3.328,8.374
2.302,3.859,8.465
2.407,3.505,8.594
1.983,3.345,9.424
1.785,3.723,9.855
2.05,3.216,9.365
2.268,2.96,9.228
1.773,3.68,9.396
1.656,3.395,9.24
1.938,3.476,9.037
2.225,3.366,8.862
2.436,3.261,8.857
2.086,2.838,8.408
1.921,3.584,9.054
1.409,3.278,9.412
2.572,3.33,8.795
3.189,3.895,8.477
2.34,4.52,8.934
1.878,4.175,9.295
1.658,3.563,9.936
1.476,3.862,10.054
1.907,3.969,10.207
2.027,4.06,9.329
2.553,3.608,8.264
2.376,3.01,7.848
2.617,2.467,8.108
2.902,2.962,8.431
2.55,3.625,9.161
2.405,3.259,9.319
2.342,3.158,8.874
2.055,2.483,9.149
1.646,2.926,9.494
1.701,3.338,9.575
2.189,3.491,9.207
1.278,3.938,9.125
1.546,4.187,9.341
2.44,3.201,8.484
2.168,3.192,8.3
2.34,3.273,8.575
1.548,4.323,9.089
2.079,3.249,8.754
2.527,3.115,8.675
2.55,3.127,8.293
2.196,3.156,9.018
2.381,3.048,9.525
2.524,3.058,9.374
2.531,3.086,9.164
2.062,3.235,9.092
2.326,3.137,9.025
2.062,3.646,9.264
3.283,2.206,9.032
3.015,2.278,8.711
2.438,1.739,8.664
1.084,3.543,8.821
2.316,2.811,8.788
2.534,4.209,8.302
3.139,4.12,8.565
3.022,3.45,9.326
2.299,2.381,10.018
1.079,4.197,9.372
1.232,3.531,8.965
1.938,3.625,8.594
2.799,3.261,8.998
2.792,3.405,9.238
3.764,3.68,9.054
3.431,3.213,8.996
3.266,3.0,8.958
2.421,3.505,9.142
2.223,3.28,8.888
2.381,3.024,8.888
2.249,2.74,8.941
2.661,2.493,9.109
2.871,2.321,9.29
2.273,2.893,9.348
2.443,3.058,9.408
2.845,3.225,9.101
3.441,3.163,8.872
3.11,3.125,8.857
2.893,2.981,9.106
2.639,3.146,9.135
2.842,3.041,9.087
2.823,3.005,9.02
2.802,3.0,8.841
2.83,2.835,8.886
2.749,2.979,8.79
2.943,3.118,8.549
2.261,3.01,8.989
2.034,2.78,9.47
2.445,3.096,9.106
2.622,3.452,8.869
2.673,3.292,8.951
2.256,3.328,9.199
2.285,3.299,9.161
2.543,3.515,9.128
2.795,3.524,8.96
2.756,3.28,8.881
2.354,3.271,8.884
2.519,3.125,8.994
2.261,3.086,9.061
2.507,3.046,8.831
2.553,3.01,8.788
2.67,2.938,8.879
2.646,3.134,8.905
2.505,3.015,9.003
2.524,3.132,8.862
2.847,3.137,8.979
2.883,3.285,9.032
2.577,3.263,9.008
2.498,3.192,9.003
2.29,3.125,9.001
2.562,2.931,9.08
2.869,3.161,9.018
2.495,3.225,9.058
2.314,3.127,9.137
2.519,3.165,9.077
2.787,3.218,8.967
2.83,3.07,8.936
2.835,3.146,8.745
2.673,3.007,8.912
2.673,3.084,8.927
2.725,3.096,9.063
2.742,2.897,9.02
2.725,2.938,9.137
2.613,3.127,9.101
2.591,3.003,9.168
2.684,3.07,9.111
2.649,2.938,9.058
2.649,2.96,9.061
2.68,2.948,8.987
2.735,3.029,8.922
2.802,3.019,8.994
2.737,3.051,8.977
2.713,3.089,9.013
2.735,3.034,8.931
2.649,3.115,8.994
2.735,3.232,9.013
2.701,3.101,8.879
2.763,2.96,8.898
2.613,2.873,9.037
1.931,0.333,8.498
0.864,0.313,14.647
0.328,0.175,16.325
2.639,7.228,11.649
2.082,1.529,9.79
3.017,3.146,9.032
2.816,3.388,8.97
2.627,2.996,9.018
2.572,2.924,9.085
2.531,2.763,9.128
2.756,2.637,9.046
3.211,3.151,8.975
2.704,3.058,8.984
2.326,2.684,9.142
2.096,2.383,9.166
3.328,3.988,9.008
3.658,3.187,8.927
2.536,2.938,9.032
2.031,2.818,9.53
2.029,2.385,9.343
2.223,3.371,9.231
2.737,3.429,8.963
2.988,3.024,8.886
2.517,2.89,9.369
3.079,2.984,9.274
2.395,2.67,9.034
2.51,2.744,9.01
2.216,2.519,9.082
1.742,3.247,12.91
2.326,3.086,8.967
2.572,2.897,8.843
2.495,2.653,8.85
2.29,3.508,9.259
1.847,3.256,9.36
2.086,2.866,9.19
2.278,2.613,9.24
2.51,2.534,9.14
2.165,2.924,9.185
2.196,2.972,9.037
2.127,3.089,9.195
2.149,2.955,9.195
2.134,3.259,9.18
2.048,3.323,9.209
1.924,3.328,9.042
2.012,3.132,9.037
2.007,3.153,9.094
1.574,0.921,9.199
2.472,3.118,9.278
1.823,3.4,9.613
2.445,3.917,9.31
1.854,3.455,9.094
2.034,3.161,9.027
2.256,2.969,8.998
2.06,3.062,9.056
2.105,2.952,9.089
1.995,3.4,9.314
2.108,3.144,9.209
2.094,2.773,9.132
2.144,2.79,9.216
1.976,2.799,9.321
2.132,2.888,9.319
2.005,3.603,9.259
2.132,3.129,9.037
2.074,2.94,8.984
2.053,3.086,9.128
2.086,3.041,9.231
2.015,3.027,9.144
1.991,3.261,9.281
2.12,2.972,9.226
2.098,2.9,9.149
2.125,3.091,9.216
2.137,3.192,9.173
2.012,3.156,9.168
2.184,3.007,9.087
2.168,2.639,9.039
2.084,3.053,9.228
2.208,3.132,9.271
2.175,3.149,9.161
1.854,3.113,9.25
2.11,2.864,9.257
2.16,2.988,9.341
2.235,2.974,9.302
2.177,2.914,9.147
2.12,2.871,9.056
2.223,2.852,9.02
2.249,3.101,9.123
2.108,3.163,9.042
2.347,3.204,8.975
2.117,2.917,8.958
2.065,3.129,9.202
2.0,3.084,9.147
1.785,3.441,9.271
2.022,3.275,9.245
1.974,2.95,9.178
1.95,2.905,9.161
2.261,6.96,6.709
4.383,-0.292,7.915
1.696,4.283,9.673
1.132,-1.17,7.96
1.589,0.536,7.917
2.483,4.144,9.558
1.469,2.996,9.092
2.275,2.826,8.924
2.232,2.902,9.042
1.993,3.168,9.101
2.0,2.905,9.164
1.957,3.015,9.219
2.204,3.06,9.164
2.012,3.319,9.147
1.957,3.118,9.171
2.12,2.979,9.101
2.122,3.46,9.147
1.823,3.266,9.14
2.065,3.012,9.121
2.05,3.177,9.156
2.096,3.01,9.07
1.967,4.259,8.979
1.237,2.22,8.833
1.828,3.302,9.331
0.687,7.917,9.671
1.909,6.103,9.601
2.144,3.854,9.221
2.428,3.62,9.544
1.828,3.328,8.96
2.18,2.881,8.85
1.979,3.122,9.171
2.139,3.017,9.113
2.101,3.079,9.099
2.417,1.534,8.731
2.027,3.299,9.073
1.897,3.11,9.113
2.091,3.156,9.245
2.0,3.273,9.31
1.928,3.572,9.259
2.048,3.295,9.034
2.247,2.256,8.994
2.151,3.646,9.104
1.969,3.287,9.164
2.424,2.914,9.092
2.015,3.132,9.154
2.098,3.307,9.161
2.094,3.141,9.142
2.122,3.034,9.156
2.101,3.039,9.254
2.134,3.094,9.077
2.067,3.192,9.099
2.074,3.158,9.125
2.189,3.06,9.113
2.062,3.015,9.049
2.17,3.33,9.333
2.46,2.718,9.039
2.125,3.132,9.171
2.294,3.017,9.092
2.268,2.885,9.118
2.151,3.285,9.254
1.988,3.484,9.281
2.105,2.897,9.101
2.132,2.857,9.125
2.505,3.079,9.027
2.058,3.383,9.14
2.189,2.993,9.027
2.503,1.445,9.13
2.254,2.821,9.185
2.062,3.024,9.044
2.172,2.579,9.058
3.285,3.118,8.807
2.431,3.036,9.156
0.876,2.438,9.214
2.062,4.142,9.738
1.646,3.067,9.408
2.249,3.29,9.276
3.151,2.661,8.888
2.06,2.955,9.001
2.443,2.933,9.097
2.065,3.455,8.948
2.251,3.019,9.18
2.036,2.9,9.221
2.29,2.996,9.022
2.254,2.979,9.106
2.235,3.055,9.188
2.292,2.907,9.188
2.345,3.012,9.228
2.285,2.936,9.247
2.259,3.173,9.219
2.266,3.125,9.132
2.306,2.838,9.061
2.199,2.787,9.125
2.28,3.012,9.173
2.235,2.405,9.388
2.129,3.101,9.101
2.378,3.074,9.022
2.261,3.005,9.027
2.359,2.96,9.173
2.464,2.725,9.135
3.687,3.627,8.341
2.431,2.809,9.223
0.591,4.036,9.731
2.51,2.397,9.068
2.354,2.192,9.372
2.462,3.622,8.829
2.208,3.096,9.14
2.16,3.175,9.116
2.244,3.177,9.099
2.175,2.895,9.278
2.077,3.185,9.264
2.158,2.986,9.13
2.108,2.223,9.037
1.833,3.517,9.147
0.711,3.543,9.154
3.211,3.663,9.484
0.452,2.57,9.47
2.149,3.864,9.307
2.34,2.713,9.19
2.07,3.687,9.35
1.967,3.189,9.14
2.55,3.027,8.943
2.292,3.003,8.905
2.192,3.278,9.001
2.149,2.89,9.111
2.139,3.29,9.054
2.163,3.273,9.089
2.199,3.467,9.209
2.239,3.022,8.91
2.294,3.18,9.099
2.354,3.048,8.963
2.294,2.864,8.922
1.904,3.584,9.051
2.196,3.132,9.135
2.34,3.108,9.046
2.204,3.211,9.111
2.065,3.268,9.065
2.206,3.244,9.022
2.225,3.165,9.001
2.125,3.311,9.042
2.237,3.237,8.979
2.153,3.185,9.077
2.113,3.232,9.068
2.153,3.271,9.135
2.175,3.096,9.171
4.668,1.759,4.941
1.799,5.103,10.637
1.73,3.333,10.223
2.065,4.24,9.257
1.648,4.283,8.879
1.613,3.737,8.931
1.483,3.869,9.393
0.416,3.945,9.027
-32.338,-2.675,10.436
19.674,8.754,9.848
-39.186,2.62,8.381
19.404,5.23,7.135
-9.446,2.637,9.219
1.663,4.649,8.929
0.268,4.364,9.338
-0.337,4.213,8.731
0.679,4.079,9.046
1.117,4.713,9.192
0.11,1.376,9.81
-0.313,1.632,10.085
-0.694,2.708,9.755
0.536,4.216,9.566
-1.266,3.565,9.915
9.24,5.374,7.723
1.684,1.644,8.223
2.45,3.606,9.075
2.45,2.687,8.929
2.089,3.268,8.915
2.168,3.242,8.879
1.859,3.24,9.092
1.924,2.948,9.262
1.988,3.06,9.312
2.015,3.089,9.458
2.027,3.383,9.259
1.981,3.055,9.092
2.0,3.053,9.228
2.129,3.182,9.128
2.146,3.034,9.073
2.07,3.082,9.13
2.177,3.098,9.089
2.194,3.055,9.027
2.053,3.067,9.156
2.17,3.196,9.199
2.201,2.993,9.018
2.211,2.969,9.089
2.115,2.969,9.049
2.259,3.072,9.08
2.273,2.871,9.068
2.184,3.046,9.049
2.206,3.036,9.185
2.23,3.005,9.144
2.199,3.015,9.156
1.957,3.055,9.149
2.038,2.885,9.343
2.218,3.106,9.24
2.103,3.086,9.156
2.194,2.917,9.128
2.304,2.83,9.147
2.548,3.0,8.845
2.287,2.945,8.836
2.34,3.089,8.955
2.297,3.0,8.984
2.345,3.046,9.104
2.053,3.122,9.202
2.266,3.24,9.29
2.165,2.629,9.262
2.029,3.436,9.252
2.352,2.967,9.123
2.139,3.23,9.245
1.904,2.9,9.283
1.871,2.94,9.412
1.897,2.907,9.817
2.168,2.684,9.451
2.637,2.256,9.178
2.62,3.338,9.077
2.196,3.725,8.92
2.402,1.907,8.671
2.103,3.622,9.525
2.381,2.979,8.97
2.055,2.986,9.14
2.321,2.775,8.903
2.833,3.438,9.061
1.811,3.397,9.274
1.672,3.333,9.568
3.043,3.029,9.355
2.211,3.156,9.039
0.83,2.125,9.154
2.113,3.381,9.484
2.094,3.055,8.888
1.974,2.83,9.221
2.062,2.804,9.08
2.113,2.9,9.116
2.766,3.007,8.96
1.598,3.529,9.252
1.916,3.096,9.056
1.95,2.744,9.099
3.225,3.299,9.049
1.665,3.598,9.173
1.223,4.02,9.458
2.108,3.443,9.197
2.438,3.058,9.144
2.108,2.878,9.049
2.017,3.151,8.991
2.452,3.563,8.977
1.524,3.4,9.226
1.546,3.051,9.207
1.842,3.098,9.195
2.572,3.354,9.271
2.187,3.57,9.329
2.0,3.034,8.987
1.687,3.065,9.221
1.873,2.969,9.228
2.347,2.589,9.082
2.304,2.716,9.082
1.952,3.041,9.166
1.888,3.015,9.123
2.149,2.866,9.044
2.536,2.991,9.216
1.971,2.979,9.259
2.005,2.981,9.262
2.098,2.948,9.173
2.204,3.077,9.188
2.381,2.993,9.207
2.094,2.972,9.24
1.835,2.696,9.228
1.902,3.084,9.422
2.089,3.084,9.393
1.979,3.479,9.635
2.294,2.909,9.24
1.943,3.027,9.365
2.031,3.072,9.274
2.83,3.364,8.833
2.342,3.668,9.233
1.699,3.565,9.219
2.046,3.225,9.049
2.259,3.062,8.843
2.445,3.256,8.781
2.388,3.201,8.769
2.139,3.304,8.9
1.928,3.321,8.841
1.876,3.311,9.02
2.058,2.924,9.001
1.553,3.015,9.455
2.077,3.374,9.439
1.648,3.517,9.613
1.967,3.673,9.176
2.041,3.455,8.979
2.149,3.079,8.747
2.125,2.826,8.85
2.213,3.041,9.068
1.945,3.584,9.252
1.998,3.438,9.219
2.038,3.335,9.479
1.847,1.816,9.235
1.426,3.756,9.429
1.292,4.508,9.446
1.469,4.113,9.369
-0.323,0.572,10.286
-0.239,2.596,10.408
1.672,1.916,9.611
2.146,2.835,8.64
2.127,3.397,8.869
2.029,3.448,8.903
1.861,3.5,8.922
1.931,3.565,9.125
1.952,3.311,9.195
1.916,3.201,9.317
2.125,1.244,8.819
1.763,3.321,9.393
1.771,3.548,9.324
1.711,3.345,9.164
1.931,3.393,9.156
2.23,3.256,8.929
1.883,3.558,8.884
1.926,3.51,8.996
1.9,3.311,8.841
1.749,5.51,8.86
1.682,1.72,8.891
2.814,1.637,7.912
1.067,5.223,9.798
1.866,2.938,9.006
2.321,3.419,9.455
1.988,3.369,9.116
2.266,3.352,8.848
2.132,2.998,8.874
2.012,3.065,9.111
2.086,2.967,9.109
2.113,3.443,9.243
1.948,3.417,9.099
1.981,3.302,9.111
2.062,2.979,9.015
2.156,3.311,9.226
2.048,3.362,9.24
2.086,3.529,9.312
2.012,3.11,9.068
2.268,3.237,8.998
2.113,3.134,8.843
2.117,3.431,8.975
2.06,3.232,9.099
2.01,3.254,9.144
2.003,3.108,9.319
2.184,3.012,9.216
2.086,3.12,9.063
1.943,3.228,9.02
2.094,3.271,9.034
1.237,6.115,8.833
1.031,1.847,8.752
1.622,5.539,9.539
1.78,2.345,9.271
2.378,3.519,9.305
1.945,3.445,9.458
2.003,3.228,9.003
2.311,2.969,8.896
2.381,2.443,9.049
2.199,2.723,9.319
2.089,2.802,9.412
2.065,3.129,9.4
2.165,2.914,9.209
2.177,2.862,9.015
2.182,3.089,8.994
2.177,3.189,8.884
2.031,3.316,9.13
2.077,2.962,9.254
2.07,2.972,9.345
1.921,3.249,9.362
1.976,3.201,9.259
2.043,3.062,9.226
2.141,3.053,9.199
2.003,2.809,9.008
2.113,3.017,9.051
2.084,3.278,9.099
1.983,3.216,9.202
2.158,2.78,9.257
1.895,3.01,9.286
1.948,3.522,9.3
1.804,3.316,9.056
2.122,2.634,9.046
2.304,2.845,9.188
2.091,3.658,9.082
2.11,2.95,8.865
2.115,2.878,8.951
2.479,2.955,9.534
2.254,2.826,9.506
1.598,3.041,9.391
2.029,3.881,9.245
2.175,3.393,9.183
2.227,2.732,9.13
2.46,2.699,9.008
2.266,3.019,8.998
2.105,3.06,9.08
1.914,3.414,9.288
1.751,3.51,9.324
1.792,3.232,9.36
2.098,3.039,9.348
2.058,3.058,9.269
1.967,3.175,9.087
2.067,2.907,9.266
2.376,2.979,9.173
2.151,2.902,8.946
2.294,3.015,8.733
2.476,2.988,8.841
2.122,3.302,8.936
2.134,3.005,9.147
1.969,3.041,9.288
1.988,3.091,9.41
2.163,2.991,9.286
2.005,3.082,9.247
2.07,3.122,9.247
2.299,2.998,9.154
2.345,2.802,9.042
2.311,2.945,8.972
2.134,3.201,8.97
2.192,3.196,9.013
2.225,3.003,9.08
2.012,2.991,9.293
2.096,2.833,9.121
2.361,2.981,8.905
2.146,3.213,9.073
2.194,2.998,9.135
2.103,2.881,9.223
2.11,2.921,9.357
2.07,2.883,9.286
2.718,3.462,9.58
1.89,2.407,9.209
2.311,3.065,9.747
2.048,3.752,9.745
2.472,2.283,9.085
2.397,2.283,8.738
2.17,2.792,9.039
2.287,2.565,9.089
2.378,2.89,9.082
2.158,2.79,8.97
2.134,2.969,9.097
2.022,3.165,9.106
2.139,3.053,9.168
2.194,3.072,9.274
2.278,2.96,9.01
2.223,2.89,9.022
2.223,2.94,9.13
2.254,2.938,9.128
2.275,2.885,9.101
2.271,3.007,9.039
2.189,3.161,8.977
2.165,3.003,9.001
2.216,2.792,9.049
2.132,3.024,9.125
2.031,3.275,9.135
2.134,3.134,9.19
2.18,2.929,9.092
2.139,2.955,9.118
2.216,2.852,9.24
1.986,3.201,9.388
2.082,2.967,9.219
2.117,3.003,9.408
2.16,2.964,9.321
2.426,2.421,9.616
2.278,2.811,9.51
2.103,3.383,9.31
1.967,3.165,9.223
2.287,3.051,9.18
2.17,2.936,9.192
2.266,2.761,9.128
2.149,2.943,9.295
2.28,2.948,9.329
2.271,2.921,9.142
2.187,2.869,8.963
2.139,2.986,8.991
2.266,2.967,9.027
2.318,2.917,8.991
2.223,3.015,9.037
2.139,2.945,9.223
2.086,2.952,9.293
2.271,3.134,9.209
2.156,3.101,9.271
2.163,2.974,9.178
1.998,2.883,9.29
2.115,2.749,9.257
2.263,2.957,9.245
2.115,3.129,9.032
2.151,2.833,8.917
2.302,2.948,8.869
2.409,3.149,8.97
2.22,3.24,9.101
1.78,3.127,9.233
2.086,2.816,9.319
2.376,2.656,9.321
2.35,2.582,9.307
2.038,3.153,9.092
2.192,2.919,9.137
2.306,2.998,9.235
2.311,2.835,9.209
2.149,3.122,9.372
2.175,3.22,9.18
2.094,2.873,9.235
2.113,2.988,9.331
2.172,3.017,9.343
2.096,3.074,9.319
2.156,3.017,9.365
2.256,2.929,9.178
2.294,3.003,9.034
1.838,2.16,9.326
2.455,3.113,9.479
2.558,3.058,9.233
1.567,2.369,8.994
2.481,3.132,9.216
2.091,2.897,9.195
2.318,3.012,9.168
2.074,3.134,9.19
2.144,2.979,9.14
1.78,1.517,9.063
2.196,3.326,9.47
1.962,3.237,9.331
2.357,3.35,8.879
2.094,2.902,9.063
2.259,2.964,9.111
2.23,3.23,9.154
2.297,2.907,8.972
2.223,3.058,8.984
1.971,2.955,9.29
1.912,3.091,9.733
1.842,2.785,9.281
2.065,3.216,9.262
2.141,3.039,9.274
2.129,2.876,9.164
2.366,3.017,8.936
2.125,3.003,9.154
1.73,1.771,9.518
2.39,3.515,9.953
2.11,2.684,9.403
1.318,2.929,9.302
2.417,2.936,9.027
1.842,3.223,9.156
2.249,3.094,9.116
2.271,3.141,9.001
2.117,2.584,9.161
2.182,3.141,9.692
1.665,3.046,9.611
2.775,2.885,9.104
1.766,3.196,9.455
2.187,3.036,9.231
2.113,3.259,9.113
2.414,3.182,8.486
2.78,1.854,8.86
1.919,3.051,9.161
1.488,3.263,9.403
2.318,2.876,9.46
2.268,3.103,9.601
1.835,3.232,9.391
2.046,3.787,9.298
2.218,2.924,8.939
3.613,4.4,5.582
1.634,3.668,9.372
1.455,3.163,9.726
2.175,2.51,8.927
2.199,3.536,9.051
2.036,3.06,9.018
2.163,3.5,9.214
2.172,2.897,9.051
1.555,2.646,9.051
2.218,2.773,10.07
3.852,3.496,8.778
1.469,3.043,8.934
2.354,3.457,9.188
2.012,2.905,9.135
2.287,3.295,9.082
2.089,2.79,8.97
2.713,4.213,6.656
1.349,3.247,9.613
3.359,3.534,8.886
1.459,2.704,8.891
2.216,3.665,9.257
2.053,2.914,9.082
2.271,3.287,9.037
2.184,2.94,8.941
2.172,1.567,9.01
1.759,3.51,9.786
2.318,4.206,9.039
1.998,2.383,8.613
2.094,3.74,9.061
2.074,2.967,9.037
2.16,3.371,9.025
2.201,2.998,8.977
2.259,2.838,9.427
1.768,2.701,10.204
2.041,3.9,8.965
2.364,2.814,8.848
2.07,3.68,9.211
2.199,3.043,9.018
2.232,2.933,8.819
2.924,3.876,7.513
1.383,2.586,9.271
1.273,3.084,9.719
2.428,2.933,9.147
2.232,3.56,9.128
1.967,2.818,9.054
2.235,3.917,9.054
2.376,2.493,8.786
3.139,3.005,10.281
2.799,2.287,10.125
3.491,3.173,8.807
2.05,3.512,9.123
2.067,3.424,9.132
2.359,2.94,8.963
2.335,2.96,8.963
2.196,2.957,9.08
1.577,2.5,10.269
1.983,2.696,9.616
2.115,3.01,9.254
2.137,3.158,9.094
2.417,2.938,8.967
2.345,3.129,9.013
2.137,3.156,9.015
2.153,3.129,9.214
2.105,3.122,9.214
2.07,3.201,9.173
2.158,3.146,9.13
2.223,3.11,9.125
2.22,3.146,9.075
2.149,3.223,9.142
1.847,3.074,9.226
2.168,3.412,9.142
2.242,2.476,9.02
1.952,3.371,9.216
2.18,3.082,9.106
2.223,2.919,9.054
1.89,3.285,9.152
2.146,3.34,9.125
2.177,3.285,9.176
2.0,3.024,9.132
2.113,3.187,9.046
2.084,3.149,9.104
2.149,3.151,9.14
2.182,3.134,9.142
2.072,3.192,9.125
2.017,3.28,9.116
1.969,2.936,9.111
1.924,3.354,9.231
2.302,3.132,9.101
2.187,3.287,9.058
2.058,3.266,9.073
2.187,2.948,8.946
2.206,2.594,8.838
2.778,3.412,9.257
1.89,2.854,9.515
1.718,4.321,9.585
