-0.603,-6.479,8.376
-1.491,-7.764,7.52
-0.55,-7.415,7.261
-1.017,-7.436,7.23
-0.01,-6.649,7.757
-0.624,-6.462,7.436
-0.591,-6.623,6.931
-0.993,-7.226,6.747
-0.873,-6.386,7.065
-1.206,-6.929,7.395
0.758,-7.02,7.147
-0.857,-6.192,7.41
-0.199,-7.651,7.154
-0.921,-7.795,6.845
-0.261,-7.147,7.285
-1.701,-7.345,7.467
-0.794,-7.065,7.747
-1.108,-6.848,8.032
-1.189,-6.977,7.886
-0.388,-6.4,7.872
-2.204,-7.096,7.733
-1.378,-6.273,7.752
0.11,-6.46,7.836
0.711,-7.108,7.393
-1.041,-6.41,7.742
-0.043,-5.771,7.986
1.481,-5.041,7.941
0.526,-6.517,8.221
0.421,-4.254,7.998
-0.223,-5.558,8.171
0.624,-5.216,7.879
-0.481,-6.96,7.936
-0.5,-5.685,8.065
1.83,-5.053,7.74
2.873,-5.328,8.831
2.165,-6.912,8.295
2.847,-5.201,7.551
0.701,-5.625,7.704
0.249,-5.197,7.675
1.215,-5.161,7.771
1.893,-4.847,7.628
2.022,-3.74,7.998
1.763,-4.955,7.927
-0.22,-7.202,7.754
-0.065,-6.001,7.826
0.502,-5.965,7.972
0.876,-5.414,8.113
0.864,-5.766,7.898
-0.005,-6.185,7.934
-0.036,-5.907,8.18
0.019,-5.816,8.096
0.103,-5.881,8.018
0.356,-5.874,8.085
0.261,-5.797,8.19
0.074,-5.816,8.288
-0.146,-5.828,8.166
-0.002,-5.747,8.226
0.053,-6.003,8.111
-0.026,-5.843,7.996
-0.057,-5.603,8.3
-0.055,-5.713,8.144
-0.402,-6.015,8.312
-0.254,-6.001,8.41
-0.002,-6.214,8.345
-0.124,-6.02,8.199
-0.711,-6.056,8.297
-0.364,-5.979,8.19
-0.402,-5.965,8.307
-0.459,-6.19,8.362
-0.402,-5.938,8.18
-0.376,-5.828,8.058
-0.225,-5.745,7.972
-0.474,-5.78,7.996
-0.376,-5.783,8.065
-0.395,-5.737,7.965
-0.397,-5.802,8.13
-0.416,-5.821,8.195
-0.524,-5.888,8.152
-0.469,-5.926,8.168
-0.524,-5.9,8.135
-0.49,-5.931,8.276
-0.435,-5.905,8.226
-0.483,-5.862,8.288
-0.679,-6.206,8.219
-0.758,-6.276,8.197
-0.514,-5.835,8.142
-0.474,-5.788,8.259
-0.622,-5.91,8.257
-0.266,-5.802,8.199
-0.385,-5.888,8.221
-0.677,-5.893,8.183
-0.701,-5.847,8.312
-0.467,-5.833,8.19
-0.239,-5.556,8.099
-0.129,-5.534,7.929
-0.443,-5.678,8.018
-0.569,-5.718,8.075
-0.574,-5.979,8.039
-0.677,-5.922,8.01
-0.761,-5.929,8.063
-0.426,-5.718,8.056
-0.524,-5.673,8.173
-0.373,-5.874,8.161
-0.311,-5.754,8.195
-0.531,-5.845,8.264
-0.517,-5.661,8.274
-0.581,-5.745,8.305
-0.608,-5.752,8.326
-0.354,-5.874,8.302
-0.416,-5.723,8.283
-0.682,-5.886,8.163
-0.55,-5.682,8.092
-0.653,-5.764,8.08
-0.531,-5.833,8.08
-0.352,-5.666,7.96
-0.49,-5.584,7.905
-0.51,-5.68,8.077
-0.825,-5.953,8.125
-0.512,-6.206,8.106
-0.371,-5.833,8.312
-0.426,-5.639,8.341
-0.359,-5.481,8.345
-0.309,-5.792,8.264
-0.419,-6.721,8.269
-0.426,-5.565,8.254
-0.029,-5.702,8.419
-0.239,-6.35,8.35
0.043,-6.206,7.826
-0.388,-5.998,8.039
-0.976,-6.111,7.946
0.081,-5.52,8.228
0.416,-5.862,8.018
0.184,-5.266,8.068
-0.124,-5.539,8.214
-0.292,-5.443,8.192
-0.378,-5.304,8.032
-0.376,-5.044,8.094
-0.292,-5.402,8.257
-0.057,-5.821,8.503
-0.167,-5.938,8.269
-0.613,-6.434,8.202
-0.892,-6.084,8.309
-0.821,-5.687,8.207
-0.79,-6.053,8.106
-0.285,-5.958,8.185
-0.007,-6.302,7.766
-0.634,-6.139,8.061
-1.828,-6.795,8.51
-0.165,-6.359,8.166
-1.168,-5.642,8.403
-0.534,-5.922,8.264
-0.754,-5.869,8.12
-0.739,-5.8,8.123
-0.684,-6.032,8.087
-0.782,-5.8,8.01
-0.981,-5.886,8.006
-0.926,-5.859,8.118
-0.636,-5.867,7.917
-0.601,-5.838,7.762
-0.852,-5.785,7.723
-1.096,-5.84,7.783
-0.739,-6.113,7.948
-0.919,-5.912,7.893
-0.857,-6.103,7.898
-0.797,-6.35,7.972
-0.756,-6.053,8.08
-0.926,-6.077,8.092
-0.73,-5.9,8.159
-0.613,-6.381,8.128
-1.199,-6.367,7.97
-1.0,-5.565,8.152
-0.794,-6.123,8.276
-0.627,-6.216,8.049
-1.079,-6.02,8.101
-1.893,-5.855,8.329
-1.471,-5.776,8.458
-1.079,-5.41,8.276
-1.404,-5.63,8.242
-0.914,-5.582,8.336
-3.577,-3.563,7.886
-0.804,-6.429,8.003
-1.275,-5.85,7.963
-1.474,-5.996,8.101
-1.522,-5.733,8.175
-0.998,-7.345,8.352
-1.483,-4.893,8.515
-0.981,-5.541,8.503
-1.194,-5.407,8.417
-0.45,-6.001,8.252
-1.031,-5.965,8.101
-1.113,-6.06,8.087
-1.038,-5.991,8.056
-1.007,-5.723,8.247
-1.014,-5.582,8.312
-1.345,-5.843,8.254
-0.95,-6.113,8.003
-0.928,-5.69,7.986
-0.725,-5.668,8.204
-1.053,-5.637,8.302
-1.046,-5.484,8.075
-1.05,-5.594,7.977
-1.168,-6.132,7.888
-0.691,-5.991,7.965
-0.766,-6.048,7.986
-1.17,-5.855,8.175
-1.079,-6.039,8.271
-1.115,-5.929,8.192
-0.869,-5.67,8.096
-0.897,-5.79,8.096
-0.723,-5.704,8.197
-0.658,-5.613,7.989
-0.62,-6.051,7.8
-0.938,-5.898,7.915
-0.986,-6.12,7.922
-0.959,-5.934,7.989
-0.876,-5.936,8.032
-0.895,-6.034,8.049
-0.668,-6.039,8.116
-1.074,-6.111,8.094
-1.029,-6.147,8.209
-1.012,-5.991,8.288
-0.84,-5.821,8.3
-0.962,-6.065,8.238
-0.964,-5.936,7.967
-1.089,-6.158,7.97
-1.237,-6.154,8.037
-1.266,-5.893,8.085
-1.081,-5.874,8.106
-0.892,-5.938,8.123
-0.933,-5.769,8.015
-0.847,-5.737,7.965
-0.792,-5.692,7.972
-0.876,-5.893,7.977
-0.754,-5.673,7.984
-1.046,-5.792,8.015
-0.83,-5.996,8.087
-0.864,-5.989,8.034
-0.869,-5.943,8.029
-1.05,-5.967,8.159
-1.184,-6.068,7.97
-0.988,-6.077,8.025
-0.34,-5.948,8.051
-1.017,-5.733,8.419
-0.763,-5.814,8.242
-1.089,-5.692,8.156
-0.859,-5.936,8.094
-0.711,-5.876,8.209
-0.78,-5.541,8.295
-0.914,-5.934,8.247
-1.022,-6.017,8.13
-1.105,-6.113,8.094
-1.012,-6.137,8.185
-0.902,-6.113,8.123
-0.876,-5.969,8.001
-0.799,-5.84,8.053
-0.823,-5.924,8.015
-0.876,-5.893,8.02
-0.687,-5.91,8.137
-1.199,-6.06,8.034
-0.615,-5.984,7.989
-1.151,-5.898,8.008
-1.0,-5.788,8.101
-0.895,-5.675,8.056
-0.828,-5.642,8.202
-0.904,-6.178,8.195
-1.263,-5.926,7.903
-0.919,-5.711,7.848
-0.873,-5.766,7.967
-0.825,-5.785,8.008
-0.656,-5.883,8.111
-1.445,-6.075,8.01
-1.316,-6.13,7.891
-1.151,-5.969,8.108
-1.036,-5.888,8.271
-0.797,-5.79,8.245
-1.05,-5.929,8.01
-0.857,-5.886,8.013
-0.952,-5.627,8.125
-0.871,-5.769,8.266
-1.18,-6.039,8.132
-1.201,-6.072,8.015
-1.182,-6.039,7.948
-1.06,-5.867,7.888
-0.904,-5.843,7.998
-0.88,-5.776,7.97
-0.921,-5.931,7.852
-0.869,-5.706,7.929
-0.871,-5.785,7.903
-1.014,-5.78,7.8
-0.897,-5.852,7.757
-1.022,-5.955,8.065
-0.94,-5.972,8.324
-0.914,-5.948,8.427
-1.524,-6.077,8.271
-1.658,-6.242,7.553
1.029,-5.513,8.537
-1.28,-5.749,8.817
-0.897,-5.9,8.216
-1.041,-5.926,7.951
-1.369,-5.553,7.862
-1.036,-6.359,8.161
-1.203,-5.615,8.357
-1.225,-5.515,8.242
-0.993,-5.673,8.163
-1.012,-5.69,8.238
-1.201,-6.23,8.125
-0.991,-5.599,8.221
-1.172,-5.501,7.958
-0.557,-5.522,8.154
-0.593,-5.704,7.903
-0.287,-5.733,7.668
-0.986,-6.407,7.429
-1.335,-6.781,7.604
-1.51,-6.144,7.692
-0.675,-6.094,8.008
-1.192,-6.376,8.226
-0.986,-6.517,8.19
-1.457,-6.345,8.041
-1.098,-5.859,8.393
-1.804,-4.022,8.955
-0.852,-5.931,8.338
-0.258,-6.752,8.324
-0.72,-6.254,8.41
-0.615,-5.4,7.922
0.792,-6.156,7.314
0.062,-5.577,8.204
-1.105,-6.089,8.032
-0.751,-6.204,7.747
-0.596,-6.214,7.668
0.883,-5.539,7.795
0.074,-5.888,7.649
-0.541,-6.443,7.34
-0.29,-6.005,7.498
-0.512,-6.149,7.352
-0.203,-5.742,7.503
-0.526,-5.615,7.915
-1.215,-6.438,7.903
-0.586,-6.426,7.862
0.103,-6.63,7.843
-0.613,-6.292,7.955
-1.113,-6.216,8.104
-0.754,-6.094,8.25
0.404,-6.773,7.874
-0.629,-6.632,7.979
-0.83,-6.359,8.132
-0.636,-5.769,8.199
-0.672,-5.69,8.142
0.156,-6.249,7.974
-0.94,-6.558,8.128
-0.78,-6.833,7.953
-0.163,-5.692,7.891
-0.191,-5.874,8.063
0.27,-6.161,7.867
-0.354,-6.173,7.986
-1.677,-6.529,8.195
-0.335,-5.924,7.972
0.636,-6.053,7.836
0.852,-6.355,7.862
-0.342,-6.367,8.214
-1.438,-5.024,8.357
-0.122,-6.52,8.288
2.108,-5.936,7.221
-0.66,-6.405,7.632
-1.766,-6.869,8.085
-0.23,-5.338,7.984
0.816,-5.522,7.891
-0.888,-5.132,8.171
-0.837,-6.491,8.532
-1.445,-5.658,8.738
-1.23,-5.206,8.063
0.514,-6.352,7.836
-0.873,-5.563,8.704
-0.811,-5.288,8.666
-0.557,-5.754,7.608
-0.751,-4.254,7.563
0.077,-5.68,7.824
0.857,-4.646,8.451
-0.333,-4.61,8.379
0.318,-5.309,8.259
-0.842,-5.469,8.419
-1.44,-5.579,9.635
-2.806,-7.857,9.13
-2.931,-6.316,9.101
-0.227,-9.111,6.328
0.608,-4.077,8.604
-1.639,-6.807,9.235
-0.598,-7.233,7.903
0.045,-6.331,7.884
-0.598,-6.659,8.089
-0.39,-6.295,8.08
-0.234,-6.048,8.046
-0.251,-5.742,7.974
2.919,-3.122,3.467
0.036,-4.445,8.352
0.223,-5.993,7.888
-0.304,-4.467,8.183
-0.306,-4.933,7.977
0.553,-5.087,7.752
0.29,-5.668,7.797
-0.483,-6.525,7.317
-0.019,-4.534,8.475
-0.531,-6.137,8.616
0.148,-5.711,7.776
-0.213,-4.9,7.649
-0.287,-6.331,7.776
-0.502,-6.938,6.101
1.991,-5.369,7.596
0.354,-5.376,7.948
-1.101,-7.13,8.24
0.462,-6.69,8.812
1.455,-4.771,8.807
0.043,-6.426,7.541
0.201,-6.781,6.202
-0.993,-6.627,5.685
-0.318,-9.484,4.567
1.814,-8.314,3.675
0.988,-8.025,2.625
1.122,-9.845,1.254
2.261,-10.527,1.043
0.074,-10.714,-0.536
0.598,-11.996,-1.785
0.794,-9.551,-1.361
0.902,-10.446,-0.127
1.321,-9.829,-0.706
1.014,-9.869,-1.407
1.548,-10.03,-2.105
1.608,-9.372,-2.184
1.237,-9.577,-2.292
1.668,-9.683,-2.785
1.653,-9.594,-3.144
1.912,-9.711,-3.015
1.773,-9.817,-2.85
2.105,-9.247,-2.842
1.926,-9.377,-2.862
2.158,-9.544,-2.924
2.347,-9.018,-2.696
2.259,-9.329,-2.596
1.57,-10.113,-2.857
2.393,-8.876,-2.436
2.082,-8.771,-2.61
1.773,-9.317,-2.44
1.842,-9.52,-2.204
2.129,-9.417,-2.297
1.603,-10.006,-2.622
1.603,-9.589,-2.44
1.579,-9.353,-2.407
2.22,-8.881,-2.507
2.019,-8.649,-2.606
2.101,-9.149,-2.503
1.928,-9.525,-2.651
2.216,-9.211,-2.689
1.747,-9.802,-2.5
1.869,-9.254,-2.23
1.488,-9.824,-2.909
1.493,-9.484,-2.113
1.373,-9.685,-2.405
2.012,-9.723,-2.216
1.943,-9.128,-2.268
2.68,-9.211,-2.113
1.802,-8.549,-2.235
1.924,-9.223,-2.046
2.235,-9.065,-2.192
2.058,-9.202,-2.259
1.991,-9.006,-2.086
1.838,-8.843,-1.778
2.043,-10.147,-1.574
2.505,-9.42,-1.771
1.689,-9.121,-2.364
1.723,-9.35,-2.263
2.038,-9.274,-2.141
2.082,-9.482,-2.031
1.787,-9.996,-2.333
1.646,-9.81,-2.519
1.634,-9.927,-2.424
1.701,-8.719,-2.433
1.45,-14.408,0.455
0.976,-16.442,-6.194
0.431,-19.906,-4.194
1.708,-6.615,-2.534
1.553,-9.767,-2.113
1.924,-9.987,-2.156
1.723,-9.231,-2.072
2.153,-8.946,-1.641
1.955,-9.321,-1.579
1.881,-9.03,-2.015
1.756,-9.417,-2.079
2.053,-9.422,-2.053
2.244,-9.269,-2.225
2.149,-9.551,-2.208
1.694,-9.319,-2.428
2.536,-9.321,-2.725
2.031,-8.664,-1.881
2.565,-9.41,-1.967
2.003,-9.149,-2.046
2.134,-9.295,-2.034
2.113,-9.812,-1.96
2.113,-9.845,-2.156
2.278,-9.467,-2.381
2.436,-9.204,-2.225
2.402,-8.752,-2.275
2.45,-8.757,-2.376
2.196,-9.233,-2.464
2.07,-9.137,-2.376
2.108,-9.802,-2.369
2.158,-9.862,-2.139
2.448,-9.018,-1.723
2.137,-9.116,-1.869
1.883,-9.176,-2.101
1.699,-9.319,-2.153
2.07,-9.35,-2.194
2.187,-9.467,-2.065
1.969,-9.348,-2.094
1.9,-9.436,-2.263
1.529,-9.616,-3.646
2.445,-9.549,-2.206
2.321,-9.209,-2.194
2.077,-9.444,-2.34
2.062,-9.357,-2.383
2.199,-9.566,-2.232
2.211,-9.625,-2.117
2.082,-9.496,-2.196
1.96,-9.276,-2.22
1.436,-11.559,0.811
2.385,-4.168,1.467
2.266,-5.115,2.237
2.919,-0.644,-1.608
1.72,-8.046,-1.251
2.103,-9.231,-1.196
1.888,-9.216,-2.077
1.83,-9.42,-2.091
1.835,-9.499,-2.06
1.96,-9.752,-2.077
1.785,-9.654,-1.878
1.883,-9.451,-2.05
1.914,-9.405,-2.079
2.151,-9.501,-1.986
2.199,-9.513,-1.9
1.955,-9.506,-1.866
2.036,-9.671,-1.995
1.976,-9.774,-2.0
1.955,-9.793,-2.003
2.043,-9.79,-1.955
2.019,-9.836,-2.089
2.132,-9.269,-1.787
1.593,-9.611,-1.859
1.873,-9.757,-2.218
2.708,-8.857,-1.976
1.818,-9.487,-2.094
2.373,-9.01,-2.027
2.495,-9.164,-2.292
2.524,-9.19,-2.326
2.225,-9.262,-2.098
2.347,-9.147,-2.18
2.278,-9.154,-2.153
2.314,-9.307,-2.034
2.256,-9.652,-1.914
2.378,-9.324,-1.869
2.192,-9.463,-1.866
2.455,-9.204,-1.782
2.29,-9.176,-1.696
2.091,-8.094,-1.239
1.926,-9.936,-1.95
2.242,-9.566,-1.962
2.141,-10.147,-1.885
2.402,-9.881,-1.928
2.175,-9.355,-1.983
2.299,-9.262,-1.957
2.28,-9.259,-2.11
2.565,-9.3,-1.943
2.376,-9.585,-1.761
2.235,-9.482,-1.976
2.249,-9.661,-2.158
2.359,-9.824,-2.206
2.187,-9.532,-2.11
2.18,-9.235,-2.105
2.172,-9.3,-2.07
2.206,-9.326,-1.893
2.326,-9.369,-1.854
2.326,-9.29,-1.854
2.579,-9.494,-1.936
2.663,-5.706,-4.651
3.283,-0.337,0.141
3.141,-3.512,-4.835
1.304,-19.502,-5.125
2.4,-6.788,3.254
3.161,-3.086,-4.634
1.096,-20.244,-2.742
2.211,-6.572,-3.168
2.335,-9.527,-2.579
2.474,-9.446,-1.684
2.294,-9.288,-1.9
2.39,-9.508,-1.95
2.448,-9.195,-1.715
2.608,-9.137,-1.658
2.39,-9.188,-1.902
2.321,-9.455,-2.084
2.232,-9.644,-2.046
2.45,-9.417,-1.928
2.428,-9.233,-1.782
2.4,-9.144,-1.816
2.35,-9.118,-1.826
2.486,-9.109,-1.749
2.572,-9.326,-1.761
2.543,-9.326,-1.771
2.431,-9.173,-1.768
2.371,-9.589,-1.771
2.361,-9.577,-1.806
2.335,-9.58,-1.641
2.46,-9.317,-1.816
2.476,-9.312,-1.866
2.414,-9.35,-1.787
2.457,-9.324,-1.802
2.402,-9.341,-1.907
2.574,-9.453,-1.928
2.491,-9.333,-1.711
2.507,-9.006,-1.785
2.45,-9.176,-1.962
2.328,-9.381,-1.78
2.294,-9.434,-1.888
2.266,-9.549,-1.969
2.383,-9.455,-1.895
2.357,-9.329,-1.802
2.44,-9.147,-1.864
2.488,-9.266,-1.84
2.565,-9.319,-1.864
2.534,-9.499,-1.885
2.455,-9.525,-1.919
2.381,-9.661,-1.845
2.373,-9.611,-1.802
2.421,-9.396,-1.771
2.397,-9.36,-1.715
2.354,-9.293,-1.787
2.335,-9.377,-1.68
2.4,-9.434,-1.84
2.417,-9.503,-1.869
2.436,-9.42,-1.785
2.342,-9.317,-1.687
2.524,-9.329,-1.57
2.366,-9.611,-1.828
2.182,-9.4,-1.974
2.199,-9.341,-1.873
2.28,-9.219,-1.864
2.373,-9.24,-1.866
2.402,-9.446,-1.9
2.596,-8.848,-1.62
2.192,-9.14,-1.5
2.677,-9.266,-1.782
2.369,-9.633,-2.005
2.67,-9.606,-2.196
2.579,-9.688,-2.137
2.338,-9.51,-1.995
2.529,-9.238,-1.914
2.417,-9.616,-1.924
2.565,-9.85,-1.933
2.4,-9.659,-1.904
2.335,-9.446,-1.94
2.409,-9.147,-1.742
2.512,-9.247,-1.701
2.407,-9.448,-1.605
2.417,-9.29,-1.797
2.417,-9.219,-1.938
2.673,-9.197,-1.766
2.05,-8.666,-1.184
2.388,-9.381,-1.565
2.06,-9.118,-1.859
2.402,-9.692,-1.945
2.426,-9.422,-1.914
2.723,-9.147,-1.704
2.419,-9.362,-1.904
2.613,-9.051,-1.979
2.417,-9.343,-1.95
2.548,-9.384,-1.998
2.479,-9.582,-2.034
2.316,-9.566,-2.117
2.426,-9.551,-1.902
2.436,-9.92,-1.687
2.338,-9.716,-1.888
2.335,-9.412,-1.907
2.431,-9.467,-1.684
2.57,-9.305,-1.646
2.67,-9.527,-1.847
2.347,-9.367,-1.739
2.699,-8.565,-1.754
2.232,-9.295,-2.16
2.412,-9.331,-1.926
2.393,-9.644,-1.914
2.347,-9.479,-1.952
2.601,-9.312,-1.814
2.352,-9.36,-1.835
2.555,-9.204,-1.771
2.536,-9.307,-1.644
2.483,-9.403,-1.852
2.529,-9.386,-1.826
2.589,-9.36,-1.809
2.412,-9.269,-1.854
2.455,-9.41,-1.845
2.376,-9.286,-1.928
2.414,-9.228,-1.849
2.421,-9.221,-1.759
2.589,-9.348,-1.761
2.385,-9.51,-1.928
2.242,-9.51,-1.931
2.275,-9.331,-1.826
2.33,-9.24,-1.699
2.979,-8.711,-1.072
2.206,-9.266,-1.57
2.357,-9.228,-1.893
1.723,-10.006,-2.218
2.747,-10.355,-1.931
1.821,-9.75,-2.058
2.756,-9.534,-1.797
4.087,-8.671,-1.323
1.177,-9.556,-1.943
3.675,-9.47,-1.976
1.904,-9.006,-2.146
2.577,-9.405,-2.4
2.352,-9.381,-2.137
2.603,-9.534,-1.969
2.395,-9.362,-1.78
2.483,-9.307,-1.761
2.292,-9.458,-1.873
2.297,-9.188,-1.799
2.309,-9.156,-1.663
2.412,-9.104,-1.696
2.383,-9.4,-1.646
2.302,-9.326,-1.579
2.366,-9.281,-1.505
2.414,-9.106,-1.754
2.158,-9.221,-1.89
2.218,-8.75,-1.885
2.328,-9.465,-1.979
2.46,-9.386,-1.66
2.354,-9.922,-2.0
2.371,-9.503,-2.091
2.464,-9.719,-2.074
2.716,-9.305,-2.031
2.646,-9.398,-2.129
2.493,-9.534,-2.314
2.455,-9.597,-2.172
2.558,-9.487,-1.988
2.464,-9.372,-1.909
2.4,-9.238,-1.826
2.424,-9.202,-1.811
2.431,-9.235,-1.696
2.512,-9.391,-1.682
2.424,-9.463,-1.847
2.469,-9.185,-1.787
2.44,-9.24,-1.723
2.565,-9.013,-1.725
2.601,-9.027,-1.995
2.486,-9.152,-1.907
2.44,-9.3,-1.888
2.452,-9.451,-1.904
2.433,-9.345,-1.904
2.527,-9.219,-1.995
2.646,-9.185,-1.969
2.613,-9.336,-1.96
2.649,-9.262,-1.933
2.622,-9.367,-1.998
2.548,-9.386,-2.003
2.531,-9.405,-1.869
2.452,-9.487,-1.907
2.443,-9.52,-2.005
2.412,-9.405,-1.902
2.515,-9.211,-1.866
2.543,-9.341,-1.833
2.476,-9.439,-2.031
2.462,-9.558,-2.067
2.598,-9.216,-2.089
2.56,-9.271,-1.885
2.505,-9.058,-1.732
2.57,-9.408,-2.058
2.615,-9.288,-2.003
2.409,-9.487,-1.885
2.405,-9.453,-1.857
2.314,-9.53,-1.995
2.254,-9.594,-1.969
2.476,-9.266,-1.79
2.634,-9.211,-1.799
2.61,-9.056,-1.804
2.617,-9.295,-1.73
2.498,-9.432,-1.904
2.574,-9.412,-1.778
2.469,-9.247,-1.9
2.376,-9.056,-2.0
2.529,-9.149,-1.888
2.572,-9.465,-1.885
2.445,-9.432,-1.852
2.369,-9.412,-2.003
2.402,-9.264,-1.66
2.531,-9.324,-1.888
2.792,-9.314,-1.881
2.462,-9.446,-1.637
2.766,-9.448,-1.893
2.531,-9.156,-1.988
2.495,-9.319,-1.943
2.479,-9.314,-1.888
2.56,-9.546,-2.239
2.364,-9.798,-2.165
2.373,-9.577,-1.983
2.539,-9.209,-1.971
2.668,-9.075,-1.888
2.689,-9.135,-1.68
2.529,-9.226,-1.653
2.546,-9.52,-1.747
2.385,-9.534,-1.986
2.359,-9.396,-1.852
2.476,-9.298,-1.615
2.617,-9.264,-1.859
2.342,-9.264,-1.983
2.457,-9.07,-1.991
2.603,-8.987,-1.744
2.675,-9.104,-1.732
2.431,-9.365,-2.053
2.232,-9.501,-1.964
2.467,-9.161,-1.759
2.515,-9.243,-1.828
2.419,-9.099,-1.916
2.141,-9.484,-1.995
2.35,-9.551,-1.967
2.467,-9.642,-1.84
2.412,-9.561,-1.785
2.426,-9.202,-1.704
2.632,-9.379,-1.804
2.675,-9.479,-1.873
2.539,-9.441,-1.967
2.46,-9.262,-1.847
2.517,-9.207,-1.938
2.421,-9.417,-1.993
2.448,-9.266,-2.058
2.55,-9.451,-2.055
2.495,-9.345,-1.998
2.426,-9.386,-1.84
2.385,-9.283,-1.849
2.438,-9.46,-1.969
2.507,-9.415,-1.962
2.529,-9.341,-1.84
2.481,-8.965,-1.826
2.577,-9.221,-1.948
2.584,-9.329,-1.945
2.333,-9.29,-1.95
2.376,-9.369,-2.043
2.424,-9.353,-2.103
2.483,-9.259,-1.907
2.577,-9.073,-1.842
2.586,-9.333,-1.878
2.582,-9.245,-1.895
2.572,-9.333,-1.823
2.57,-9.221,-1.95
2.589,-9.326,-1.89
2.467,-9.412,-1.785
2.35,-9.499,-1.895
2.393,-9.446,-1.876
2.5,-9.307,-1.771
2.493,-9.235,-1.904
2.546,-9.192,-1.924
2.505,-9.374,-2.036
2.603,-9.233,-2.084
2.481,-9.269,-1.885
2.472,-8.994,-1.849
2.522,-9.113,-1.957
2.44,-9.307,-2.091
2.51,-9.441,-1.94
2.266,-9.432,-1.995
2.467,-9.154,-1.893
2.196,-9.755,-2.151
2.227,-9.216,-2.034
2.043,-9.329,-2.134
2.065,-9.35,-2.278
1.735,-9.336,-2.644
1.349,-9.441,-3.024
0.77,-9.781,-3.115
0.699,-9.654,-2.936
0.797,-9.812,-2.39
0.364,-10.544,-1.622
-0.105,-10.53,-0.981
-0.349,-10.604,-0.414
0.141,-11.288,0.708
0.438,-10.747,1.598
0.412,-9.465,2.94
0.469,-8.453,4.749
1.002,-7.187,6.24
1.627,-5.599,7.666
1.57,-4.532,8.618
1.727,-3.551,9.484
1.591,-2.582,10.413
0.864,-1.574,10.879
1.854,0.476,10.582
2.199,1.409,9.994
2.818,1.012,8.843
1.519,1.007,8.951
1.239,0.038,8.943
0.926,-0.079,9.243
0.526,-0.151,9.42
-0.05,-0.292,9.762
-0.246,-0.129,9.836
-0.471,-0.261,9.589
-0.768,-0.12,8.869
0.026,0.502,8.295
-0.084,1.17,8.733
-0.428,1.412,9.75
-0.708,1.144,9.702
-0.651,0.048,9.056
-0.713,1.354,8.905
0.632,3.352,8.343
0.79,3.768,8.223
0.38,3.003,8.183
-0.146,1.749,8.489
-0.543,1.292,8.821
-0.512,0.572,8.424
-0.943,-0.287,8.173
-1.127,-1.323,8.281
-1.084,-2.211,8.077
-1.359,-3.744,8.948
-1.699,-4.223,8.965
-0.959,-4.572,8.601
-0.648,-5.852,8.814
-1.038,-5.718,9.221
-0.014,-4.941,8.996
0.144,-6.101,9.044
-0.249,-7.527,9.03
0.737,-7.943,8.482
1.127,-8.07,7.618
1.136,-8.594,6.821
0.883,-8.417,6.008
1.101,-7.984,5.245
1.168,-8.577,5.051
0.534,-9.877,5.295
0.254,-9.86,5.34
0.636,-9.386,4.929
0.725,-9.377,4.699
0.577,-9.302,4.864
0.854,-8.996,4.742
0.847,-9.362,4.359
0.479,-10.41,4.161
0.467,-10.173,3.854
0.787,-9.927,3.491
0.871,-10.269,3.316
0.94,-10.69,2.974
1.067,-11.221,2.247
1.134,-11.171,1.574
0.938,-11.233,1.113
1.129,-10.755,0.67
0.938,-10.489,0.758
0.77,-10.042,0.847
0.548,-10.401,0.792
0.304,-10.633,0.78
0.672,-9.848,0.971
1.036,-9.3,1.151
1.218,-8.989,1.428
1.519,-9.013,1.318
1.426,-9.656,1.127
1.409,-10.267,1.146
1.452,-10.219,1.285
1.452,-9.807,1.096
1.366,-9.889,1.242
1.182,-9.788,1.215
1.022,-9.707,0.938
0.857,-9.58,0.648
0.737,-9.743,0.464
0.007,-10.554,0.33
-0.208,-10.826,0.22
-0.419,-10.877,0.725
-0.517,-12.066,1.436
-0.632,-10.685,0.964
0.402,-9.317,0.098
-0.151,-11.183,0.51
-0.969,-10.884,0.828
-0.428,-10.209,0.725
-0.251,-9.951,0.675
-0.479,-9.984,0.5
-0.165,-9.735,0.258
-0.297,-9.865,0.163
-0.62,-9.944,0.153
-0.591,-9.499,-0.105
-0.62,-9.374,-0.402
-0.792,-9.508,-0.455
-0.986,-9.678,-0.462
-1.122,-9.963,-0.452
-1.127,-10.02,-0.708
-0.991,-10.204,-1.261
-0.672,-10.463,-1.311
-0.304,-10.747,-1.144
0.364,-11.023,-0.916
0.895,-11.118,-0.763
1.306,-11.159,-1.01
1.512,-11.288,-1.055
1.754,-11.439,-0.962
2.137,-11.111,-0.627
2.4,-11.355,-0.428
2.792,-11.504,-0.227
2.873,-11.48,-0.163
2.818,-11.078,-0.301
3.01,-11.812,-0.316
3.07,-11.578,0.22
2.988,-10.791,0.608
3.61,-9.243,0.62
2.833,-9.353,0.751
2.211,-9.563,0.701
2.031,-10.52,0.299
2.192,-9.613,-0.139
2.199,-8.51,-0.321
1.682,-8.312,0.0
0.823,-7.907,-0.045
0.546,-6.694,0.127
0.892,-6.137,0.651
1.227,-7.604,0.581
2.192,-7.826,0.825
1.206,-7.817,1.938
1.036,-8.238,2.012
1.72,-9.353,2.414
0.883,-8.62,4.455
-0.132,-8.608,5.876
0.096,-8.415,5.51
-0.366,-9.58,4.354
-1.517,-8.386,4.993
-1.058,-6.864,4.814
-2.495,-6.218,7.348
-1.625,-6.307,8.465
-1.761,-6.163,8.582
-2.708,-6.91,8.101
-2.022,-6.455,8.025
-1.168,-6.965,8.221
-1.974,-6.584,7.592
-1.464,-6.496,6.333
-0.065,-6.9,5.546
0.34,-5.716,6.388
0.641,-5.194,7.362
0.95,-5.613,7.364
1.034,-5.228,7.955
0.517,-5.388,8.329
0.409,-5.759,8.113
-0.821,-7.479,7.199
-1.692,-7.709,5.646
-1.62,-8.515,4.357
-1.448,-8.874,3.907
-1.981,-8.056,5.158
-3.156,-7.266,6.065
-2.967,-6.094,6.508
-3.118,-5.493,6.627
-3.445,-5.273,6.742
-3.07,-6.304,5.764
-2.787,-6.821,5.381
-2.979,-6.479,5.536
-4.154,-5.845,5.197
-2.962,-5.646,4.914
-3.792,-6.493,5.383
-3.606,-7.192,5.685
-3.503,-6.687,5.173
-1.988,-4.833,6.281
-2.141,-4.922,7.663
-3.165,-5.405,8.317
-4.091,-5.74,8.661
-2.993,-4.823,8.199
-3.412,-4.936,8.69
-3.749,-5.209,8.879
-4.622,-5.747,8.915
-3.586,-6.008,8.742
-5.175,-6.075,9.793
-5.678,-6.946,9.463
-3.082,-4.646,10.068
-3.694,-6.333,10.905
-3.56,-8.262,11.245
-3.431,-7.534,10.288
-1.593,-6.63,9.735
-2.316,-9.135,9.197
-1.924,-9.692,9.281
-2.151,-9.075,8.97
-0.991,-6.235,9.25
-0.423,-7.967,9.46
-2.007,-9.19,8.79
-2.936,-8.386,8.288
-2.907,-7.302,8.269
-1.56,-7.922,7.623
-1.488,-6.781,6.958
-1.019,-4.843,6.63
1.177,-4.216,7.441
2.778,-3.345,8.092
3.577,-1.498,8.123
4.816,0.127,8.094
7.08,1.11,7.312
8.388,1.067,7.967
9.068,2.515,8.113
9.245,-0.306,8.113
9.132,-1.438,7.896
7.647,-2.084,6.635
8.697,-3.433,6.912
10.262,0.218,6.115
0.644,-0.739,11.889
-8.374,-6.092,12.42
-9.357,-8.553,13.772
-7.008,-11.547,14.645
-3.362,-7.697,9.814
-0.79,-6.07,7.233
-2.45,-1.512,8.604
-1.081,-2.311,10.183
-1.419,-4.189,9.063
-1.18,-6.441,11.786
4.177,-2.278,9.903
-2.897,-9.147,8.285
2.814,-3.316,8.475
1.218,-6.355,11.092
-0.39,-4.479,11.343
0.368,-6.783,12.071
1.778,-5.886,13.391
1.263,-6.395,11.006
0.232,-6.515,9.977
-0.684,-6.84,10.106
1.443,-6.147,9.855
-0.481,-5.773,11.118
1.873,-3.608,10.381
0.691,-6.199,8.994
0.744,-4.941,7.781
0.543,-4.046,9.759
1.184,-3.618,9.822
0.792,-3.953,9.503
0.203,-4.481,8.903
0.536,-4.749,8.699
1.526,-4.544,8.597
-0.282,-4.608,8.697
0.981,-3.962,8.62
0.402,-3.871,8.058
0.335,-5.216,7.395
0.388,-4.18,7.74
0.514,-4.886,7.403
-1.318,-4.137,7.594
0.024,-4.474,7.12
-0.818,-3.921,7.69
-0.191,-3.613,6.845
0.258,-3.481,7.226
-0.718,-4.936,7.24
-0.127,-5.039,7.596
0.555,-3.919,8.403
2.361,-2.912,8.766
2.46,-3.024,9.274
3.874,-2.527,8.539
3.775,-2.402,8.886
3.754,-1.804,9.692
4.017,-0.823,9.527
4.62,-3.003,8.869
3.381,-3.024,9.161
2.192,-4.242,9.307
-0.802,-3.62,10.145
-1.838,-3.706,10.542
-3.634,-4.031,10.391
-5.041,-4.084,10.63
-2.725,-3.962,11.003
-2.364,-5.364,11.838
0.069,-5.4,11.181
-0.354,-6.214,11.295
1.354,-5.685,10.267
0.261,-5.69,11.087
0.821,-4.919,10.604
1.857,-5.67,10.965
0.546,-4.699,10.802
-0.553,-4.998,10.429
1.404,-4.51,11.099
-0.572,-4.249,11.288
0.912,-4.735,10.171
-0.06,-3.838,10.338
0.892,-4.237,10.424
0.323,-4.575,10.042
0.086,-3.811,10.106
-0.294,-5.158,9.506
0.364,-3.261,8.759
0.007,-4.017,8.142
0.364,-2.869,9.29
-0.129,-3.362,7.575
0.084,-4.859,6.362
0.579,-5.888,5.187
0.55,-5.386,5.541
0.337,-4.859,5.931
-0.34,-6.115,5.426
0.916,-3.828,7.604
0.031,-2.019,6.249
-0.124,-1.785,6.41
0.349,-2.137,8.467
0.517,-1.249,6.735
0.026,-0.505,7.163
1.921,2.027,7.939
1.646,1.759,8.453
1.5,4.29,8.431
1.802,5.443,8.314
-0.313,4.527,8.376
-1.235,9.274,11.25
0.237,11.054,7.381
2.45,9.262,3.027
-1.146,5.8,2.225
-9.577,9.211,3.689
-11.259,4.39,1.924
-12.886,4.412,0.239
-11.456,5.331,-1.244
-14.341,3.484,-1.629
-14.53,0.574,-3.704
-14.305,-0.053,-5.307
-18.353,-9.429,-7.714
-17.794,-9.458,-6.343
-18.253,-16.877,-5.668
-17.026,-26.919,-3.048
-18.679,-28.539,-2.732
-25.397,-37.951,0.237
-30.517,-24.555,-2.929
-24.83,-7.573,1.28
-26.823,2.278,-4.984
-14.315,16.837,-4.737
-12.729,15.968,4.347
-21.825,18.822,-0.672
-24.856,10.123,5.249
-38.616,0.959,6.525
-33.912,-6.108,8.881
-33.802,-2.964,10.269
-32.451,-0.124,5.941
-18.626,9.276,4.544
-22.533,-7.869,4.168
-27.919,-9.259,8.757
-24.017,3.235,3.716
-28.563,-10.546,0.519
-24.73,0.249,2.701
-19.208,-2.223,3.847
-15.817,3.864,5.414
-22.875,15.363,9.202
-8.362,7.948,7.405
-17.932,9.668,4.725
-28.094,6.249,4.252
-29.096,-6.302,0.684
-30.135,-11.642,-2.876
-28.142,-7.967,-7.285
-25.364,-10.238,-10.7
-21.416,-9.118,-11.659
-18.557,-7.35,-11.238
-14.669,-5.855,-13.207
-11.611,-2.488,-15.686
-8.207,2.773,-16.183
-4.027,-0.993,-12.961
-6.194,-7.137,-11.745
-16.609,-11.712,-11.578
-21.447,-0.543,-14.384
-20.124,9.266,-21.497
-34.398,31.632,-4.986
-52.374,40.487,10.314
-19.741,8.62,-0.213
-10.53,16.904,8.147
-7.974,16.856,4.302
-2.129,13.375,5.558
-7.513,5.352,12.439
-0.694,9.381,12.348
3.091,8.522,22.153
0.108,5.934,14.982
-6.613,3.84,17.935
-4.445,3.163,16.215
-0.471,1.919,12.628
-1.347,4.584,13.176
1.342,3.491,11.927
-0.519,1.577,12.906
-1.983,-1.29,10.771
-0.921,-0.737,11.264
-2.644,1.462,12.427
-1.692,1.266,11.623
-0.935,-0.146,10.042
-1.491,-0.407,9.286
-1.713,-1.751,9.056
-1.476,-1.304,9.745
-1.424,0.036,10.046
-1.928,-1.081,10.322
-1.84,-1.778,9.903
-0.964,-0.38,9.087
-1.278,-0.73,9.841
-0.72,-0.864,10.03
-0.22,-0.825,9.788
-0.596,-1.534,9.688
-1.44,-1.189,9.467
-0.534,0.395,8.821
-1.225,-0.603,8.766
-2.156,-0.22,9.128
-1.701,0.567,9.336
-1.694,0.823,9.312
-1.498,1.55,8.326
-1.754,1.67,8.326
-1.416,1.974,8.312
-2.096,3.108,8.546
-3.194,4.977,9.226
-3.529,5.745,10.164
-3.689,5.972,10.941
-4.701,5.819,11.819
-5.457,2.311,7.75
-1.139,2.196,4.244
-2.488,3.926,6.295
-7.331,6.436,6.218
-7.819,4.881,5.012
-8.041,2.421,3.33
-8.565,5.642,3.677
-6.816,7.199,2.338
-9.209,1.869,0.924
-10.168,0.062,-0.237
-9.424,-2.852,-1.428
-11.195,-6.788,-1.237
-13.257,-10.972,-1.194
-12.379,-14.693,-1.012
-15.379,-23.34,-4.209
-19.277,-30.022,1.668
-24.94,-28.125,2.266
-29.115,-23.483,1.026
-30.01,-24.285,1.373
-32.273,-15.607,-6.245
-26.347,10.781,-13.42
-17.698,38.087,-4.737
-2.12,30.661,-8.075
-18.392,27.44,11.367
-58.845,9.477,15.011
-28.864,-4.637,15.284
-42.09,-5.938,16.6
-31.936,-3.539,11.31
-26.582,0.49,1.091
-30.778,6.06,-1.335
-24.304,-16.99,0.177
-24.849,-3.527,-1.218
-19.174,-4.084,-0.538
-31.364,-6.654,-6.491
-15.018,-5.335,-0.531
-25.101,0.407,-3.053
-26.761,7.238,-5.766
-19.751,3.749,3.247
-24.931,-10.867,1.244
-20.162,2.206,1.005
-9.142,8.683,9.427
-8.19,18.899,8.563
-13.324,11.078,12.477
-20.935,12.02,8.307
-25.091,5.134,2.701
-25.952,-2.89,0.124
-21.27,-1.904,-1.029
-19.334,-2.548,-1.993
-17.248,-2.07,-3.898
-15.301,-3.433,-4.137
-13.654,-2.907,-5.515
-10.764,-3.586,-7.398
-10.346,-4.558,-8.24
-11.236,-2.35,-9.104
-11.259,-0.694,-9.202
-10.513,1.366,-9.018
-10.41,3.228,-8.979
-12.867,2.687,-8.302
-15.102,2.728,-11.465
-15.504,5.149,-12.721
-13.205,1.18,-11.831
-17.117,-8.589,-14.403
-78.39,12.152,78.39
-12.152,21.921,12.65
-9.788,18.538,11.755
-17.485,14.303,9.104
1.785,16.076,1.737
-0.419,14.277,8.149
-6.273,7.139,10.769
-6.477,8.135,20.246
16.66,8.015,0.146
-3.438,3.962,14.43
-9.274,10.613,15.167
3.134,3.082,10.023
2.462,7.852,11.645
-1.187,5.367,12.415
-0.44,0.701,11.635
-1.699,0.333,11.76
-0.522,1.632,10.078
-0.766,0.278,10.623
-1.163,-0.39,10.42
-2.546,1.347,10.226
-1.407,1.093,9.944
-1.426,0.526,9.831
-2.065,-1.129,9.884
-1.316,-0.66,9.877
0.165,-0.041,10.609
-0.546,-0.074,10.496
-0.723,0.34,10.326
-0.926,0.089,10.379
-1.57,-1.584,9.527
-1.4,-1.093,9.637
-1.101,-0.909,10.29
-0.38,-0.354,10.355
-0.33,-0.737,10.274
-0.23,-0.062,10.092
-0.412,-0.301,9.475
-0.423,-0.074,7.843
-1.263,-1.476,7.824
-0.624,-1.416,8.163
-1.005,-1.335,8.776
-1.495,0.553,9.305
-1.775,-0.024,9.439
-2.431,1.165,9.676
-1.806,2.393,8.778
-1.828,3.101,9.034
-2.311,4.366,9.254
-2.517,6.032,10.771
-2.321,4.347,10.322
-4.919,2.486,11.74
-3.651,6.261,12.676
-2.785,6.68,11.874
-3.206,9.326,9.152
-2.907,5.661,6.757
-4.924,-1.069,6.855
-7.183,3.376,7.486
-9.518,3.371,7.924
-8.357,1.479,5.374
-6.429,-4.414,-0.232
-4.534,-0.983,0.11
-7.659,4.677,0.385
-6.706,-1.23,-1.766
-7.709,-3.694,-3.869
-11.008,-8.774,-5.347
-12.248,-12.425,-1.148
-15.71,-14.925,2.62
-16.078,-21.04,0.153
-22.387,-17.119,0.294
-16.071,-19.858,1.584
-29.517,-17.949,8.245
-29.266,-17.645,3.862
-32.034,-12.913,-4.742
-25.744,0.782,-8.967
-29.601,25.983,-9.152
-6.127,37.075,-6.802
-15.839,38.071,5.826
-68.595,4.311,15.571
-26.864,-10.298,16.557
-44.442,3.799,10.671
-25.215,-14.04,8.281
-29.242,-2.373,-4.266
-18.155,-3.323,2.555
-21.813,-8.762,-0.165
-19.815,-8.652,0.758
-22.287,-4.036,-3.23
-17.652,-1.55,-5.407
-24.775,8.065,-3.196
-18.868,7.357,4.187
-23.103,6.288,-2.019
-25.402,-2.955,2.06
-23.265,-4.106,6.726
-22.21,9.728,9.085
-10.908,12.52,10.477
-17.49,12.016,10.659
-26.505,2.213,7.29
-24.28,-4.113,0.691
-26.172,-11.181,0.833
-23.746,-4.441,-0.108
-19.339,-0.737,-2.519
-17.736,0.804,-3.237
-15.92,0.909,-4.11
-12.532,-0.421,-5.831
-11.374,-3.177,-6.704
-14.408,-6.56,-6.309
-15.836,-3.275,-8.355
-13.54,0.285,-10.209
-13.243,1.723,-12.243
-14.341,2.529,-13.48
-15.944,1.723,-13.456
-19.65,-4.749,-8.699
-26.637,-1.787,-14.638
-25.194,-0.069,-10.628
-78.39,13.846,39.31
-13.683,29.149,2.519
-11.616,10.566,5.986
-12.193,13.676,5.312
8.171,14.308,3.335
-4.118,13.396,4.795
-10.334,6.898,9.326
-3.553,10.724,17.76
3.699,13.293,18.136
-7.733,2.689,12.635
-3.091,7.135,14.111
-0.909,4.024,11.989
-0.479,7.199,11.264
-0.462,6.06,11.748
-0.543,2.871,10.561
-0.541,0.991,10.09
-0.342,1.144,10.451
-1.024,2.522,10.465
-0.579,2.871,10.635
-0.433,-0.567,10.59
-0.895,-0.912,10.633
-1.347,-0.167,10.338
-2.259,1.988,10.413
-2.507,2.251,10.893
-1.821,1.586,10.147
-2.649,0.333,9.7
-1.273,-0.117,9.228
-1.0,0.285,9.221
-1.797,0.763,10.063
-1.443,1.034,10.2
-1.72,0.053,9.491
-2.225,0.507,9.276
-1.495,0.546,9.625
-1.735,-0.182,9.774
-1.081,-0.153,9.723
-1.139,-1.342,9.566
-0.05,-0.622,9.551
-0.51,0.376,9.326
-0.924,0.129,8.379
-2.239,-0.464,7.972
-1.572,-0.591,8.022
-3.256,0.878,9.982
-2.005,0.873,9.982
-1.981,0.864,9.68
-2.4,1.371,9.262
-2.476,2.584,8.656
-2.144,3.29,9.111
-0.804,3.376,10.365
-3.486,2.859,10.063
-3.252,4.67,9.41
-3.412,5.149,10.669
-4.156,3.957,12.52
-4.18,3.249,11.972
-3.043,4.563,6.773
0.658,1.866,5.809
-3.85,5.111,5.111
-7.269,6.166,4.699
-8.869,4.096,3.749
-7.958,3.752,2.299
-7.517,2.113,2.242
-7.977,2.85,-0.419
-7.709,-4.768,-1.921
-10.377,-6.192,-2.316
-8.876,-12.035,-4.302
-15.396,-11.697,-3.132
-15.138,-17.341,2.491
-19.363,-20.741,4.768
-21.667,-25.558,7.625
-22.933,-22.538,4.797
-25.888,-20.93,3.304
-28.955,-17.975,2.742
-28.003,-15.884,4.323
-22.612,3.953,-12.776
-20.94,16.719,-10.609
-2.28,33.565,-8.219
-10.228,27.44,2.732
-52.486,19.155,5.06
-23.189,4.457,11.953
-39.193,-3.515,10.939
-33.274,1.782,3.723
-25.273,-7.084,1.768
-25.892,-7.269,-0.498
-23.411,-10.915,0.723
-28.201,-9.185,0.835
-21.21,2.139,-6.383
-24.031,-9.745,-1.634
-21.677,-0.845,-3.079
-24.397,-3.95,-0.438
-17.763,10.561,2.0
-25.462,19.581,3.252
-17.595,-8.185,-2.787
-18.906,-4.398,1.239
-15.451,4.855,9.068
-16.284,7.056,9.994
-14.269,7.931,8.647
-19.09,4.742,11.114
-19.94,-1.395,4.249
-18.332,-1.66,2.749
-19.71,-0.711,2.4
-18.397,-0.225,1.591
-17.215,-0.577,0.44
-17.576,-0.615,-1.043
-15.702,-0.203,-2.462
-12.757,0.727,-5.795
-7.405,0.991,-8.695
-5.678,-0.955,-8.704
-7.419,-3.316,-8.831
-9.633,-4.744,-8.163
-10.518,-2.873,-8.527
-12.994,-1.103,-9.441
-14.212,1.189,-9.793
-14.789,1.407,-7.479
-16.071,1.68,-9.46
-16.688,0.065,-10.738
-21.342,58.63,39.332
-34.403,15.289,19.543
-13.135,14.779,11.953
-10.628,12.059,11.011
-10.008,13.568,11.001
-2.864,17.416,6.422
1.366,8.774,7.123
-1.316,3.247,9.092
2.857,6.572,8.405
-0.56,7.563,12.941
-10.57,8.087,25.663
-1.83,7.281,8.764
2.694,0.957,7.517
0.402,5.759,11.164
0.562,4.701,11.013
0.727,2.275,11.618
0.95,2.225,11.879
-1.101,1.531,10.31
-1.409,0.199,10.324
-0.146,-0.163,10.374
-1.201,0.62,9.898
-1.639,1.038,10.085
-2.065,0.955,10.35
-2.074,-0.323,10.058
-2.082,-1.014,9.089
-2.153,-1.287,8.331
-1.412,-1.168,9.781
-0.682,-0.859,10.125
-1.534,0.05,9.843
-1.302,-0.325,9.415
-1.467,-0.014,8.695
-1.141,-1.615,9.18
-1.651,-1.914,10.288
-1.232,-1.125,9.905
-0.112,-0.569,9.956
-0.761,-1.388,9.757
-1.153,-0.866,9.216
-0.356,-2.541,8.434
0.132,-2.914,8.135
-1.12,-1.998,8.987
-1.287,-0.438,9.178
-1.046,-1.553,8.575
-0.409,-1.816,9.159
-1.581,-1.907,9.458
-0.933,0.991,8.723
-2.079,1.823,8.991
-2.567,1.962,9.068
-2.383,3.333,10.659
-2.168,2.46,10.156
-3.541,3.45,10.537
-3.441,3.201,10.927
-2.668,2.113,10.858
-3.139,2.917,10.142
-2.984,4.211,6.467
-2.424,0.313,5.264
-5.455,3.321,6.266
-6.125,6.431,7.51
-9.908,-0.062,5.579
-10.582,3.065,5.515
-10.214,0.804,4.756
-7.589,2.646,1.644
-8.403,-1.462,1.766
-12.31,-5.125,1.538
-8.841,-5.156,-2.127
-10.642,-7.168,-2.751
-14.937,-15.076,0.081
-15.576,-21.806,3.598
-16.973,-22.406,1.261
-18.935,-25.354,3.522
-21.646,-15.487,2.751
-31.764,-19.212,5.103
-28.412,-15.789,1.369
-22.237,10.444,-9.403
-22.907,18.514,-8.594
-10.862,20.093,-9.415
-8.733,26.309,-5.814
-48.773,25.208,8.941
-23.722,-6.749,22.227
-30.797,-5.599,11.178
-23.287,4.237,6.302
-26.003,0.191,5.668
-31.015,-4.876,2.417
-17.368,-12.673,-0.553
-21.775,-4.273,-0.876
-18.296,-3.161,-6.692
-29.204,-12.094,-5.635
-19.622,-6.331,-4.134
-19.954,10.726,1.148
-21.248,9.752,4.493
-32.003,7.589,-0.306
-17.853,16.212,6.73
-13.542,5.948,9.845
-13.2,8.159,8.415
-16.595,10.212,5.335
-22.694,1.967,3.252
-24.421,-4.752,0.196
-18.815,-0.122,-1.754
-14.92,-1.646,-2.469
-16.602,-5.099,-2.189
-14.894,-1.95,-3.634
-10.956,-1.402,-6.015
-10.238,-1.739,-6.783
-9.518,-1.737,-7.62
-10.53,-6.529,-5.632
-12.992,-4.814,-7.309
-14.102,2.091,-12.3
-9.027,5.699,-14.121
-7.563,3.034,-12.15
-9.321,6.154,-11.446
-9.386,7.391,-12.7
-5.429,2.57,-17.655
-6.663,-3.45,-14.69
-9.999,-10.07,-7.285
-78.39,17.571,72.794
-21.387,3.594,9.826
-9.257,13.97,14.511
-9.063,7.814,10.779
-8.345,20.758,8.247
1.038,11.568,0.892
-4.955,10.63,8.649
-6.924,10.762,16.32
9.247,11.216,9.522
-1.263,7.948,13.396
-6.316,6.362,14.655
0.809,4.098,12.389
1.859,6.185,10.996
0.321,5.477,11.678
0.409,0.869,10.489
0.584,-0.234,11.425
-0.323,1.818,12.027
-0.134,2.804,11.312
0.268,0.246,10.075
0.775,-1.069,8.912
-1.108,-1.459,10.262
-1.251,-0.345,10.826
-1.428,0.823,10.676
-2.019,-0.567,10.312
-0.775,-1.67,9.496
-0.244,-1.634,9.171
-0.428,-1.452,9.159
-0.77,-1.443,9.238
-1.5,-1.558,9.475
-0.579,-1.189,9.018
-0.687,-2.149,8.826
-1.168,-1.543,8.778
-0.278,-1.749,8.783
-0.031,-2.407,9.589
-0.849,-1.512,9.953
-0.555,-0.857,10.353
-0.888,-2.041,9.767
-0.036,-1.247,8.288
-0.225,-1.95,7.762
-1.462,-1.632,7.558
-1.036,-1.983,8.082
-0.66,-1.371,8.477
-1.794,-0.005,9.087
-1.325,-0.057,8.723
-0.23,0.031,8.489
-2.957,-0.735,9.678
-2.055,0.974,9.647
-2.012,2.539,10.314
-3.103,1.369,9.702
-2.28,1.914,9.704
-3.098,2.385,10.432
-3.874,2.57,11.886
-3.158,3.043,12.178
-4.386,2.596,12.348
-3.024,2.864,10.19
-3.596,1.873,4.266
-3.098,0.345,4.23
-8.388,0.452,5.977
-8.855,2.711,6.898
-8.486,1.909,5.522
-9.972,1.766,3.919
-10.13,2.0,3.345
-6.635,1.737,3.311
-9.204,-1.369,2.323
-10.767,-5.211,-0.596
-12.068,-9.582,-3.252
-14.733,-15.116,-4.441
-17.894,-24.665,-1.51
-19.184,-23.55,2.273
-22.134,-23.754,2.845
-21.861,-24.175,7.089
-27.486,-24.548,3.548
-24.77,-9.307,2.984
-18.959,0.481,-4.4
-12.975,13.879,-10.058
-5.295,40.181,-10.963
-16.133,37.642,7.747
-45.129,10.609,5.367
-21.993,-0.569,12.798
-37.987,-2.579,2.474
-26.196,-4.209,7.056
-23.531,2.445,4.713
-21.414,-10.731,4.867
-22.959,-8.46,0.191
-21.5,-6.493,-7.96
-21.703,-10.554,-4.886
-27.61,-8.537,-8.979
-21.686,-2.527,-6.58
-27.512,0.577,-0.38
-26.235,9.508,2.096
-23.064,-6.443,1.809
-18.43,10.597,4.378
-20.837,4.029,4.67
-13.59,7.137,5.13
-19.899,-1.199,7.302
-17.93,-4.948,5.785
-20.873,3.096,3.771
-20.308,0.505,2.555
-19.198,-3.041,1.763
-15.731,-0.758,-1.72
-13.272,-0.622,-2.706
-13.686,-2.493,-1.519
-9.874,-0.806,-4.548
-6.35,-1.213,-4.477
-8.063,-2.902,-2.974
-10.171,-3.438,-3.747
-10.592,-1.995,-6.381
-10.929,0.158,-8.585
-11.173,1.196,-10.018
-10.604,4.802,-11.013
-8.07,9.922,-12.185
-5.089,7.137,-12.348
-4.02,4.374,-11.147
-3.06,1.17,-12.396
-7.132,-4.981,-13.073
-9.247,-9.121,-13.999
-72.222,-8.412,62.602
-28.742,-7.802,13.066
-2.503,3.019,13.587
-12.004,3.615,10.137
-5.596,11.226,3.653
4.46,14.355,4.52
-7.477,7.111,13.008
-13.473,7.281,19.38
2.113,7.62,13.765
-1.235,6.175,17.212
-5.986,6.18,17.841
-2.606,5.958,11.855
1.108,3.007,10.003
0.282,7.082,11.7
0.876,1.919,9.558
0.51,-0.837,9.628
-1.51,0.022,11.3
-1.945,2.314,12.116
-0.502,1.584,10.427
0.869,-1.098,9.814
-1.022,-1.144,9.149
-1.689,0.263,10.872
-2.184,1.89,10.645
-2.0,0.237,10.042
-1.046,-3.319,8.86
-1.098,-2.395,8.929
-0.072,-1.983,9.446
-1.156,-0.49,10.298
-1.598,-0.794,9.446
-1.648,-1.67,9.02
-0.469,-2.268,9.305
-1.213,-1.821,8.573
-0.964,-2.0,8.558
0.165,-1.469,8.542
-0.426,-1.335,9.463
-0.469,-2.0,10.767
-0.225,-0.888,10.692
-1.005,-0.926,10.948
-2.261,-1.44,9.522
-1.526,-1.967,8.226
-1.046,-2.735,8.833
-2.306,-3.051,9.515
-0.799,-2.9,9.867
-0.388,-2.543,9.147
-0.258,-2.072,9.216
-0.574,-1.656,9.154
-1.335,-0.392,9.001
-1.84,-0.022,9.03
-2.065,0.852,8.998
-1.943,0.696,9.652
-2.038,-0.646,9.625
-2.469,0.402,10.02
-3.725,2.996,10.444
-2.885,3.759,10.826
-3.012,3.304,11.259
-4.675,2.682,11.858
-4.752,1.538,9.987
-2.041,1.4,4.95
-3.991,-1.323,4.907
-6.525,1.041,3.756
-8.415,2.347,4.012
-8.276,2.85,2.962
-8.24,1.596,0.309
-7.113,-0.184,-0.182
-9.357,-1.175,2.237
-9.814,-5.895,-0.711
-9.7,-8.685,-2.522
-13.398,-9.733,-1.916
-16.219,-15.396,0.002
-17.631,-21.409,4.333
-21.918,-21.174,5.417
-20.727,-18.296,1.529
-22.076,-23.373,-4.022
-24.335,-19.858,5.969
-31.716,-16.731,-0.345
-25.012,9.283,-6.527
-9.396,7.075,-12.042
-10.494,27.06,-10.429
-17.81,20.602,7.821
-34.893,15.083,6.235
-18.739,7.285,15.377
-28.699,-6.687,9.903
-36.286,-8.599,5.386
-24.976,0.646,-0.572
-24.153,-0.51,-3.314
-17.6,-11.807,-0.617
-24.036,-8.484,-0.467
-17.282,-2.517,-2.684
-23.213,-3.381,-4.955
-19.301,-9.188,-4.271
-19.892,4.127,-3.237
-22.311,4.773,4.833
-23.715,6.938,3.244
-16.755,4.472,0.723
-19.531,4.773,-1.251
-19.49,11.748,6.848
-12.829,6.539,6.895
-20.062,6.087,2.806
-22.335,-3.003,5.338
-18.358,-4.445,2.873
-19.911,-2.235,3.735
-20.179,0.318,1.988
-17.404,-1.507,-0.974
-13.92,-1.371,-2.873
-11.216,-3.448,-4.771
-8.872,-4.606,-5.771
-8.125,-3.943,-5.111
-7.101,-2.342,-4.986
-9.625,-3.608,-5.204
-13.243,-2.261,-7.082
-14.03,2.058,-8.893
-11.891,7.175,-11.271
-10.755,9.467,-12.757
-8.228,8.51,-13.774
-8.455,2.766,-12.961
-9.64,-1.404,-10.216
-10.982,-5.635,-9.788
-13.071,-3.316,-6.24
-78.39,-5.154,23.454
-22.538,-2.723,4.811
-6.874,18.818,13.654
-8.257,11.267,9.628
-9.195,20.782,24.766
0.708,16.088,8.795
-1.948,8.637,10.422
-7.369,8.494,15.707
2.541,9.867,13.865
-4.07,-0.514,11.042
-8.321,5.828,17.329
-0.206,3.029,12.719
1.254,4.996,11.226
2.18,6.438,12.965
-0.768,1.048,10.98
-0.452,0.153,11.09
0.797,0.888,11.413
-0.397,1.232,11.049
-0.261,-0.555,9.996
0.495,-1.053,9.767
-0.108,-0.825,10.489
-1.986,0.048,10.568
-1.732,0.883,10.372
-2.424,0.744,9.833
-0.912,0.318,9.845
-0.976,-0.646,9.377
-1.471,-0.924,8.946
-1.412,-0.546,9.379
-0.859,-0.187,10.034
-0.522,0.117,9.63
-1.002,-0.062,9.128
-0.457,-0.182,8.853
-2.015,-2.019,8.168
-1.275,-1.522,8.695
0.033,-0.689,9.778
-1.177,-0.601,11.355
-1.464,1.029,11.097
-0.397,0.857,9.833
-1.208,0.12,9.207
-1.34,-0.388,9.128
-0.534,0.239,8.549
-1.184,0.414,9.319
-2.058,0.806,9.781
-1.376,1.378,9.518
-1.562,0.029,8.786
-2.122,0.849,9.886
-2.481,2.23,10.271
-3.098,2.665,10.415
-3.192,2.357,10.171
-4.477,2.33,10.724
-3.321,3.61,10.384
-1.914,3.242,10.654
-2.993,4.232,11.434
-2.806,3.89,10.439
-3.352,1.964,10.456
-3.845,0.555,11.032
-3.39,1.895,10.312
-3.34,3.108,6.316
-2.376,0.593,4.35
-6.369,-0.093,4.737
-9.034,-0.086,4.139
-7.517,1.215,4.228
-7.309,-0.438,4.419
-10.147,1.33,3.828
-7.814,-0.524,1.711
-8.18,-3.689,1.105
-11.446,-7.166,0.156
-10.281,-10.128,-0.598
-11.47,-14.035,-1.988
-14.04,-13.274,2.979
-18.688,-21.94,4.235
-21.16,-24.081,4.924
-19.59,-18.629,-1.395
-29.587,-22.854,3.101
-21.277,-23.282,3.242
-29.804,-10.609,-4.237
-26.115,-1.337,-3.476
-14.499,16.145,-9.776
-5.642,34.676,-10.14
-21.981,32.568,7.671
-28.759,16.389,10.783
-35.137,-5.596,10.518
-28.237,-5.254,8.967
-28.534,-7.326,2.285
-22.416,-2.151,6.175
-26.617,-5.065,1.189
-24.136,-9.817,-6.496
-20.55,-3.476,2.969
-21.715,-2.68,-0.445
-22.892,-10.709,-0.914
-25.141,-1.885,0.208
-18.119,-0.057,-0.445
-19.741,6.812,-5.926
-22.823,8.991,-2.756
-19.416,-10.829,-2.665
-19.212,-4.603,1.711
-20.236,7.271,3.347
-13.032,14.645,4.187
-16.846,3.072,5.716
-14.911,12.561,6.546
-19.691,4.474,6.295
-23.177,-3.809,3.95
-22.878,-1.718,2.957
-21.351,-2.345,0.813
-21.155,-2.804,0.593
-21.768,-3.924,-0.983
-17.442,-1.459,-4.936
-13.784,-0.471,-6.637
-11.288,-0.991,-8.422
-8.553,-1.818,-9.226
-9.637,-2.845,-10.046
-11.257,0.062,-10.733
-9.333,3.912,-10.594
-7.458,2.852,-11.312
-11.082,-2.254,-9.503
-15.834,-3.78,-8.537
-18.636,2.146,-13.365
-20.658,-4.682,-11.886
-31.673,25.464,45.21
-57.209,27.728,-12.245
-14.166,20.402,6.474
-5.735,6.546,8.903
-5.048,15.851,6.855
-2.156,18.095,7.893
-5.658,15.923,11.549
-7.568,3.407,13.291
-1.567,5.237,8.264
-4.788,12.729,17.042
-4.371,0.902,18.519
0.153,7.886,13.631
-0.742,1.589,9.276
0.931,4.309,11.271
-0.124,2.479,10.57
-0.218,2.488,9.917
1.357,1.493,10.616
-1.014,0.416,11.48
-0.285,0.189,10.566
0.725,-0.471,9.987
-0.869,-0.861,9.881
-1.156,0.093,9.953
-1.079,0.687,10.539
-1.979,0.438,10.546
-1.562,-0.469,10.432
-1.632,-1.357,9.585
0.072,-0.019,9.747
-1.349,-0.065,10.204
-1.964,0.022,10.31
-0.608,-0.72,9.544
0.266,-0.17,9.3
0.122,-0.687,9.649
-1.323,-1.012,9.159
-0.574,-0.89,8.113
-0.835,-1.916,8.082
-1.474,-0.919,9.367
-2.412,-0.61,9.494
-0.744,-0.646,8.568
-0.531,-1.433,8.326
-0.763,-1.225,8.274
-1.208,-1.323,8.266
-1.9,-2.027,8.475
-1.62,-0.904,9.123
-0.17,-0.261,9.403
-0.323,-1.053,9.046
-1.976,1.684,9.819
-2.495,1.62,10.121
-3.385,3.366,10.008
-2.649,3.838,10.671
-4.173,3.278,10.647
-4.45,4.993,11.197
-4.474,6.082,12.226
-3.773,8.539,13.535
-3.764,8.35,13.482
-3.321,7.144,12.922
-2.318,7.123,11.929
-3.883,5.666,6.089
-2.574,0.495,3.067
-7.501,0.778,2.694
-7.051,2.5,2.787
-7.589,3.558,3.036
-9.142,2.751,0.304
-9.185,-0.158,1.266
-8.884,0.529,1.656
-7.958,-2.223,-0.567
-10.872,-9.434,-1.144
-9.324,-10.75,-1.538
-9.709,-11.511,-1.491
-11.111,-18.535,0.526
-13.518,-22.273,1.605
-15.664,-26.022,3.63
-23.431,-19.77,6.089
-26.909,-19.267,-0.179
-26.115,-20.528,7.104
-25.467,-10.319,-1.601
-21.095,2.263,-12.384
-15.863,21.021,-4.374
-7.85,41.724,-4.146
-20.052,31.726,10.874
-54.036,-2.625,14.489
-34.984,-10.441,12.932
-20.847,1.053,3.871
-29.812,2.089,2.402
-22.112,-10.429,5.206
-27.484,-5.709,0.677
-18.117,-0.294,2.481
-23.378,-1.55,-0.435
-14.59,-13.91,2.483
-26.883,5.029,-5.553
-21.873,-0.462,-1.201
-20.098,5.051,-2.639
-21.784,11.98,0.711
-25.447,7.161,-8.285
-16.837,4.498,-1.794
-23.263,0.412,-1.486
-22.088,1.373,4.883
-11.623,12.805,11.817
-14.083,15.004,3.462
-27.484,-4.189,4.922
-22.725,-5.094,4.733
-18.464,-0.926,3.39
-22.258,-0.124,4.359
-20.78,1.321,2.646
-18.255,3.302,1.074
-16.727,3.019,-1.589
-16.719,-1.247,-2.754
-16.392,-3.656,-1.881
-12.183,-2.515,-5.824
-9.776,-4.106,-7.766
-12.066,-2.952,-7.781
-13.848,-0.096,-8.659
-12.855,2.156,-10.037
-13.741,2.297,-10.877
-17.071,3.814,-12.635
-18.32,4.393,-12.798
-18.44,0.713,-15.817
-20.153,-0.029,-18.327
-19.775,-5.156,-21.997
-78.39,-8.417,78.39
-11.233,16.853,12.513
-4.421,19.124,15.616
-5.742,8.393,9.384
-2.835,13.336,8.508
-10.295,16.559,10.891
-3.816,8.987,10.078
-6.539,7.955,9.688
5.3,1.665,5.331
-3.895,2.383,10.578
-10.171,2.156,11.161
-1.651,8.905,9.073
-0.756,6.95,7.611
-2.589,4.589,6.388
-2.455,4.606,4.448
-1.964,7.216,2.706
-3.821,9.506,0.05
-7.127,7.367,-0.983
-7.927,13.779,-0.794
-6.771,18.894,-1.555
-5.864,18.078,-0.964
-11.472,17.81,-0.483
-7.424,20.746,0.912
-1.448,28.84,1.467
-13.602,18.918,0.684
-9.807,21.961,4.45
-10.977,17.253,-5.123
-16.468,12.331,-6.489
-12.906,18.1,-9.666
-17.906,13.58,-9.86
-16.42,7.843,-12.367
-12.315,8.704,-13.963
-19.129,4.618,-14.406
-21.27,7.692,-13.023
-15.796,8.652,-12.008
-13.442,7.084,-12.26
-8.498,8.003,-9.939
-10.037,7.082,-10.07
-6.173,3.271,-11.934
-5.4,2.562,-10.475
-3.347,-0.069,-7.386
0.703,0.634,-5.642
-2.981,-2.472,-12.339
2.83,-1.62,-8.982
-1.493,5.572,-3.496
7.367,13.645,-3.682
12.183,9.085,3.409
-0.026,-1.395,11.568
8.587,9.324,13.087
6.4,0.842,4.575
5.713,-5.036,5.572
2.043,-4.144,8.173
6.986,-1.036,10.415
0.883,2.821,0.775
5.508,10.604,7.68
-5.424,14.47,15.75
3.972,1.024,1.412
0.311,18.662,-3.46
-6.728,7.63,-0.347
-3.965,6.831,1.838
-1.9,10.027,5.125
-6.812,12.226,6.962
-5.297,13.317,1.68
-5.259,14.308,4.333
-6.757,8.867,2.105
-4.154,12.245,-0.057
-7.831,6.326,1.4
-5.819,10.776,2.677
-5.075,9.826,2.639
-5.883,7.884,3.996
-7.654,6.383,5.24
-8.238,8.759,3.606
-8.553,7.84,3.149
-8.171,17.373,7.034
-5.613,16.095,8.752
-2.842,7.156,5.173
-1.952,7.529,2.797
-4.546,10.824,0.081
-4.347,5.228,-0.359
-4.589,-1.548,-0.816
0.837,-1.95,1.108
1.385,10.202,3.876
0.861,14.456,4.098
-1.794,11.276,5.115
-0.959,13.185,6.462
0.144,13.745,5.912
1.256,12.949,2.498
2.122,12.482,0.691
-1.12,4.984,-0.057
-1.802,1.586,3.563
-0.194,2.046,8.032
-1.873,2.462,8.355
0.038,7.862,8.051
0.593,8.228,6.96
-1.098,8.805,6.025
-0.33,10.441,6.118
0.792,9.197,5.706
0.423,6.994,5.706
0.124,7.08,7.963
1.873,8.338,7.075
2.378,6.967,6.879
1.689,4.797,6.127
1.012,8.826,8.118
-0.043,3.397,11.972
-1.723,4.221,10.348
3.529,7.814,11.968
5.024,8.886,11.401
2.201,8.733,5.41
0.648,-0.129,6.852
-6.053,9.432,13.927
3.273,7.695,18.081
-5.07,5.981,11.64
0.258,7.199,12.855
-11.137,-4.036,11.08
-8.728,-0.096,9.07
-6.364,0.5,6.867
-5.204,-3.479,3.481
-3.256,-3.429,10.259
-4.61,-1.203,16.26
-4.472,1.945,16.619
-2.986,-0.687,15.458
-4.477,-0.179,11.236
-0.9,-0.356,8.786
1.471,-5.472,11.606
-0.809,-2.902,14.339
0.553,-3.345,13.284
1.727,-3.223,12.721
-2.797,-6.929,11.379
1.66,-6.316,9.917
-0.507,-3.773,12.19
0.323,-2.383,11.877
-0.421,-1.086,11.456
1.921,-1.921,11.618
1.349,-1.653,10.774
-0.998,-3.531,8.321
1.192,-0.251,9.47
-0.431,-2.507,8.896
1.366,-0.613,6.96
-0.084,-1.778,5.441
-0.9,-1.125,6.922
0.16,-1.826,8.427
-0.629,-1.488,8.623
-0.206,-0.397,7.79
1.17,-0.758,7.513
0.203,-0.943,7.082
-1.199,-1.835,8.123
-0.469,-1.926,8.089
0.124,-2.354,7.886
-0.512,-0.28,8.795
-1.144,-1.333,9.396
-0.005,-0.646,8.647
-0.022,-1.39,8.207
1.73,-2.165,8.113
0.737,-1.148,8.747
1.57,1.254,8.613
5.072,-0.414,8.948
2.926,2.015,10.056
0.744,-1.225,8.934
4.823,14.36,14.044
5.881,6.484,12.257
-1.931,6.261,11.044
1.608,6.247,10.104
0.105,4.132,7.513
-8.046,5.914,4.773
-8.515,11.504,4.278
-7.84,3.85,0.837
-5.869,3.228,-0.423
-7.984,1.278,2.756
-11.585,5.206,4.149
-10.767,5.919,3.137
-8.472,-3.381,-1.184
-14.049,-0.043,-2.321
-11.312,-3.62,-2.06
-14.477,-11.755,-3.704
-13.863,-14.174,-3.457
-22.909,-18.519,3.153
-22.43,-27.158,-2.247
-25.627,-34.183,-1.945
-24.378,-36.81,0.653
-22.737,-21.741,0.957
-21.497,-5.706,1.337
-15.545,11.982,-6.73
-14.241,11.075,-1.835
-20.794,17.676,8.295
-15.547,17.061,4.544
-29.364,5.706,8.965
-42.44,-13.288,5.723
-35.353,-0.057,8.96
-30.529,0.196,10.867
-24.433,1.452,3.304
-36.427,-11.614,1.376
-21.454,-2.562,0.682
-21.088,-1.022,-0.522
-13.638,1.627,-4.268
-28.103,10.379,-2.933
-27.809,10.85,-3.84
-29.812,15.913,0.634
-16.2,-6.391,-4.012
-24.538,-4.969,-3.201
-25.345,-1.352,4.922
-19.626,-1.127,7.838
-21.299,3.986,10.523
-23.49,-1.141,10.003
-29.577,-8.683,5.256
-30.661,-11.085,1.644
-26.909,-7.068,-2.893
-21.751,-5.931,-5.182
-22.155,-5.245,-4.335
-21.098,-2.577,-6.288
-16.944,-3.141,-9.125
-16.231,-6.225,-10.338
-17.7,-4.101,-12.446
-13.963,1.584,-16.215
-7.013,4.331,-16.837
-4.005,1.546,-14.564
-10.393,-6.871,-13.949
-17.662,-6.005,-14.36
-21.49,-1.144,-17.798
-26.139,1.134,-18.952
-66.262,44.959,78.39
-33.24,23.375,23.428
-13.497,21.418,17.818
-12.518,1.907,10.133
-5.467,20.181,11.446
-5.809,16.808,9.039
-8.324,6.922,10.637
0.17,2.835,12.303
13.604,8.692,16.066
-7.501,2.163,18.217
-8.369,5.484,17.306
4.005,2.149,12.068
-1.589,3.682,12.949
1.342,7.283,12.274
1.897,-0.258,9.585
-1.416,-2.096,9.554
-2.175,-0.156,10.039
0.837,-1.199,9.391
-0.208,-0.112,9.13
-1.89,-0.495,9.731
-0.617,0.593,9.673
-0.278,-0.479,10.532
-1.809,-2.988,8.893
-1.771,-3.323,9.123
-1.292,-2.464,8.788
-0.005,-0.668,8.946
-0.988,-3.505,10.223
-1.833,-1.333,10.403
-1.534,-1.503,9.848
-1.648,-2.55,9.685
-2.266,-3.268,9.566
0.385,-2.476,10.156
0.407,-2.74,9.369
-0.684,-3.56,9.606
0.079,-1.684,9.757
-0.476,-2.594,9.42
-1.912,-3.615,8.446
-0.852,-2.309,7.178
-0.61,-1.208,7.254
-0.766,-0.225,8.271
-2.457,-0.053,9.422
-3.419,0.947,9.077
-1.9,2.701,8.608
-2.015,2.775,8.331
-2.326,3.29,9.204
-3.33,3.742,10.209
-3.73,5.501,10.401
-3.309,4.12,10.046
-2.833,3.926,9.85
-2.266,8.608,5.438
-5.405,4.465,7.678
-7.833,6.632,7.321
-9.57,5.847,5.529
-9.594,4.814,5.027
-10.465,0.873,5.323
-9.822,3.048,3.022
-7.041,0.687,-0.153
-9.118,-2.869,-1.4
-9.185,-7.125,-2.938
-12.774,-12.874,-2.053
-14.03,-18.198,0.206
-14.521,-20.074,1.708
-16.494,-23.019,2.364
-20.471,-23.093,1.921
-22.289,-19.734,4.175
-29.56,-24.591,1.969
-22.117,-6.577,-3.531
-30.843,-6.788,-12.011
-21.16,22.198,-2.333
-21.007,24.94,-9.934
-9.039,26.479,-3.247
-16.999,26.452,2.558
-68.2,2.51,16.313
-30.948,-16.983,7.379
-29.359,1.605,7.857
-30.163,-8.589,8.807
-22.902,-3.414,9.762
-18.148,-4.89,1.27
-22.162,-4.977,-3.737
-14.836,-2.33,-3.173
-21.117,-4.666,-9.235
-20.808,-8.465,-0.203
-23.698,0.974,1.261
-15.588,7.352,-0.742
-21.469,15.966,-5.316
-13.58,12.47,-3.211
-21.598,-9.173,-1.227
-27.919,0.615,5.457
-3.929,12.006,8.915
-14.482,11.855,9.738
-16.705,11.731,10.037
-19.832,1.802,10.042
-19.916,-3.053,6.754
-21.918,-1.96,5.4
-25.053,-2.933,2.402
-21.459,-2.393,-2.436
-20.61,-1.553,-4.036
-19.265,-1.39,-6.529
-14.303,-1.069,-8.783
-9.867,-1.402,-8.994
-9.245,-4.206,-7.738
-12.575,-2.22,-7.556
-13.114,1.266,-9.324
-9.889,3.33,-11.056
-7.628,3.443,-11.714
-8.817,-0.187,-11.678
-13.255,-4.139,-10.391
-14.968,-0.112,-11.831
-17.521,-1.931,-14.894
-46.347,24.055,56.651
-26.694,24.926,17.734
-12.925,24.876,9.922
-11.185,14.176,8.661
-2.256,23.048,6.127
-4.079,15.446,9.42
-9.611,0.952,10.781
-4.728,1.014,17.837
0.51,4.156,18.657
0.794,3.878,16.796
-11.848,9.606,19.105
-1.026,6.309,11.604
3.866,5.986,10.063
-0.51,4.632,11.185
-0.986,1.787,11.853
-0.072,-0.335,10.915
1.433,-2.151,9.628
-0.086,-1.519,10.743
-1.385,-2.122,10.953
-1.302,-0.333,11.937
-0.806,0.758,10.963
0.072,-0.409,9.161
-1.797,-3.118,8.764
-1.644,-3.311,9.719
-0.955,-2.67,9.927
-1.316,-2.4,10.003
-0.73,-3.61,9.709
-0.957,-2.491,9.963
-0.732,-1.759,9.556
-2.077,-1.28,8.62
-0.057,-2.352,7.556
-0.139,-2.531,8.297
0.167,-1.802,9.329
0.488,-1.349,9.68
-0.639,-1.402,10.09
-0.507,-0.813,9.484
-0.38,-1.711,9.015
0.136,-1.404,8.302
-1.053,-0.682,8.369
-2.335,-1.376,8.795
-1.739,-2.677,8.219
-1.567,-2.194,8.807
-1.235,-0.94,9.061
-1.467,-0.318,8.379
-0.402,-0.191,8.405
-1.519,0.847,9.137
-2.443,3.194,10.042
-2.73,3.352,10.8
-1.629,2.239,11.716
-2.84,2.668,12.764
-4.113,4.156,13.245
-3.417,3.417,11.35
-3.933,1.608,10.735
-4.271,1.768,6.443
-2.433,1.45,6.431
-5.003,-0.955,6.295
-7.793,-0.227,6.391
-9.3,3.055,5.017
-8.489,3.17,4.512
-8.628,1.002,2.809
-7.4,0.947,0.962
-9.781,-2.448,-0.024
-11.056,-5.185,-0.876
-9.405,-3.912,-2.914
-12.394,-3.874,-3.285
-15.509,-14.848,-0.529
-20.626,-22.426,1.206
-16.645,-18.748,0.287
-25.225,-20.861,2.314
-23.081,-16.004,1.835
-25.091,-20.648,1.651
-22.861,-14.355,-4.823
-20.071,2.235,-0.12
-18.935,4.584,-5.046
-11.453,18.772,-8.211
-15.037,28.498,6.721
-48.72,24.421,9.135
-19.815,-2.397,7.003
-42.432,-4.398,3.22
-24.809,-3.06,2.579
-26.256,-11.032,1.261
-24.376,-3.926,-2.773
-19.641,-11.666,-2.96
-24.876,-6.855,-2.201
-17.947,-5.946,1.96
-14.229,-5.579,-4.371
-10.592,-2.146,-4.347
-21.134,3.412,-1.543
-27.574,15.676,-0.591
-12.839,5.06,1.239
-25.656,-1.572,-4.615
-25.364,4.182,-4.685
-10.255,12.659,5.606
-13.329,12.568,8.616
-19.789,7.718,7.764
-22.423,-8.295,7.084
-20.134,1.079,2.589
-23.06,-2.146,2.247
-23.206,-0.746,2.079
-19.169,-1.11,-0.301
-16.64,-0.945,-2.395
-15.724,-3.5,-3.694
-15.47,-5.125,-4.716
-13.028,-3.228,-6.151
-9.836,-2.469,-6.249
-10.877,-2.407,-7.017
-12.951,0.904,-8.991
-11.7,4.015,-10.97
-9.341,5.4,-11.673
-8.101,1.55,-11.836
-11.365,-0.912,-13.19
-14.422,-0.888,-15.674
-16.073,1.364,-14.946
-18.516,0.751,-9.649
-78.39,-17.241,33.214
-29.709,11.8,16.387
-10.228,15.906,13.202
-6.374,15.19,7.171
-7.35,14.841,8.252
-1.833,7.783,9.319
-4.584,1.019,14.26
-3.249,2.534,9.891
7.888,6.824,14.686
-6.637,6.515,23.593
-12.14,3.809,17.03
1.16,2.589,11.303
1.751,3.082,10.549
-0.598,3.766,11.19
-0.409,1.969,11.389
0.443,0.081,10.305
-0.409,-0.036,11.255
-1.893,-0.629,12.2
-0.778,-2.149,10.721
-1.536,-1.51,10.212
-0.404,-1.072,9.19
-1.328,-1.964,9.903
-1.991,-1.517,9.996
-1.617,-1.605,9.798
-1.663,-2.082,9.747
-2.117,-0.876,9.912
-0.957,-1.223,9.932
-1.656,-1.254,9.953
-1.373,-1.115,10.286
-1.56,-1.297,10.133
-1.086,-0.354,9.692
-1.653,-1.266,9.166
-1.175,-2.661,8.946
-0.407,-2.216,8.668
-0.22,-1.522,9.487
-1.713,-1.373,9.81
-1.873,-2.419,9.872
-1.247,-1.239,9.807
-0.785,-1.182,9.7
-1.177,-1.658,8.872
-0.239,-1.359,8.491
-0.687,-1.345,9.085
0.144,0.108,9.494
-0.823,0.536,9.561
-1.802,0.589,9.211
-1.041,0.761,9.123
-1.727,1.404,8.917
-3.364,3.51,9.061
-2.058,4.288,9.058
-2.055,3.417,9.286
-4.479,5.142,9.202
-5.127,5.06,9.915
-4.941,4.91,11.145
-4.266,3.146,9.912
-1.924,6.788,4.965
-2.232,6.668,6.446
-6.489,5.821,5.769
-6.386,8.659,5.156
-6.922,5.048,2.869
-8.608,3.383,1.895
-6.706,3.976,0.969
-8.57,5.613,1.364
-9.69,0.419,-0.153
-12.626,-3.51,2.579
-10.357,-5.601,0.778
-9.128,-8.341,-0.56
-13.159,-15.188,0.828
-14.882,-17.597,4.058
-13.925,-21.906,4.977
-17.243,-22.081,1.546
-20.827,-21.115,-3.407
-21.516,-17.083,2.51
-24.804,-16.877,-2.086
-21.136,-1.912,-2.103
-20.54,2.084,-7.544
-15.016,14.678,-7.465
-12.992,21.481,-2.854
-18.796,27.644,3.228
-42.248,7.601,12.248
-27.498,-2.0,15.628
-31.761,1.861,8.821
-26.878,-5.118,2.309
-30.163,-3.474,-2.235
-26.924,-4.082,2.507
-22.014,-3.283,1.275
-21.643,-4.309,-6.649
-17.978,-7.245,-9.051
-20.55,-1.536,-8.041
-21.438,-2.998,-7.326
-17.873,6.025,-2.596
-19.854,2.926,-5.383
-21.016,0.615,-2.146
-13.162,7.082,2.098
-18.164,5.785,-0.191
-15.473,9.262,3.984
-7.874,12.987,5.046
-13.583,8.341,6.431
-21.287,8.388,8.12
-20.447,2.57,4.807
-20.693,1.538,3.036
-19.392,0.981,1.438
-18.724,-1.196,-0.036
-19.32,-2.034,-1.469
-17.136,-2.137,-4.252
-14.193,-2.129,-6.259
-10.922,-1.038,-7.613
-7.814,-1.51,-8.331
-8.077,-2.11,-7.321
-10.374,0.273,-6.804
-9.747,2.804,-7.484
-9.525,2.737,-9.223
-8.967,4.668,-10.439
-8.972,-0.512,-11.178
-13.997,-4.582,-11.812
-16.549,0.679,-13.583
-14.824,-0.703,-14.229
-47.328,30.867,78.39
-34.183,6.575,17.32
-9.872,24.206,10.592
-11.039,9.204,9.611
-10.044,13.568,9.278
0.62,16.26,6.07
0.811,8.802,7.587
-9.128,5.881,13.937
-7.106,4.175,5.383
2.366,7.766,15.552
-10.288,1.878,21.062
-6.252,5.094,15.049
3.103,4.816,10.635
-0.653,3.297,10.649
-1.321,2.895,12.559
-1.471,1.486,10.853
0.572,-0.419,10.484
-0.266,-0.457,10.903
-1.605,-2.335,10.489
-1.132,-1.976,10.623
-0.61,-1.065,11.082
-1.196,-0.304,10.501
-1.672,0.574,10.262
-1.646,0.304,10.508
-3.62,-1.139,10.362
-1.62,-0.105,9.577
-1.51,0.258,9.35
-0.892,0.61,10.133
-2.053,0.675,10.19
-1.141,1.098,9.893
-1.024,-0.727,9.577
-1.407,-0.01,9.247
-1.804,-0.428,9.264
-1.995,-1.014,9.226
-1.651,-1.938,8.943
-0.679,-1.991,9.424
-0.397,-1.096,10.073
-0.9,-1.266,10.147
-0.546,-0.876,9.197
-0.802,-2.548,8.888
-1.44,-2.682,9.317
-1.101,-1.799,9.298
-1.488,-2.038,8.908
-0.864,-1.991,8.642
-0.057,-1.735,8.515
-0.519,-0.275,9.068
-1.297,1.359,8.599
-1.392,1.725,8.68
-2.661,1.739,9.262
-3.5,2.876,10.082
-4.0,4.766,10.346
-3.376,5.07,11.228
-2.448,5.036,12.279
-2.737,5.0,12.561
-2.964,5.012,12.178
-2.878,4.673,8.484
-1.744,3.405,6.577
-3.211,4.053,7.558
-4.639,5.902,5.953
-7.417,3.261,4.878
-10.322,5.524,5.347
-9.353,4.213,3.208
-7.41,3.036,1.282
-9.436,3.802,1.658
-7.532,-0.053,0.024
-9.219,-1.924,-0.854
-10.305,-5.321,-2.905
-11.855,-11.386,-3.902
-13.547,-11.97,0.024
-15.284,-12.623,-2.034
-14.796,-20.897,0.955
-19.677,-24.065,-0.306
-25.378,-25.184,2.074
-25.608,-16.727,5.943
-27.005,-19.421,5.419
-27.914,-13.65,1.223
-22.885,5.591,-8.766
-19.633,20.157,-7.625
-9.793,32.477,-5.034
-19.624,30.436,1.72
-37.221,9.384,11.489
-32.13,-8.826,4.663
-34.353,-3.35,7.778
-23.285,4.249,5.316
-24.086,-1.007,5.728
-26.684,-6.572,-7.974
-24.947,-5.13,-7.068
-29.096,-6.522,-4.031
-18.645,-9.298,-2.491
-15.949,9.776,-1.924
-15.133,13.025,-3.206
-16.906,12.908,-3.517
-21.452,-4.216,-7.671
-23.194,-2.747,4.173
-16.815,14.985,6.601
-13.91,14.068,11.547
-16.284,9.659,10.401
-21.493,4.448,9.905
-20.404,1.297,5.187
-20.887,-2.132,3.742
-23.428,-3.9,2.55
-21.217,-3.881,0.091
-17.581,-3.342,-2.062
-15.841,-2.56,-4.206
-12.642,-1.818,-5.453
-9.338,-2.871,-5.613
-8.979,-4.477,-5.288
-11.025,-3.577,-5.611
-12.506,-0.859,-6.706
-11.865,1.335,-8.872
-10.791,3.677,-10.561
-9.807,5.513,-11.714
-8.929,2.852,-12.035
-11.788,-1.538,-10.659
-15.657,-0.124,-7.379
-18.808,2.838,-13.004
-65.559,25.859,78.39
-45.035,11.611,-1.364
-10.757,10.621,5.326
-7.872,12.295,14.195
-3.515,9.984,10.295
-4.532,15.621,13.52
-1.558,8.75,13.185
-5.247,2.749,12.14
0.782,7.34,13.451
8.434,7.604,9.915
-3.335,5.297,17.363
-10.673,7.348,14.81
2.684,2.684,10.645
4.357,5.457,10.47
-2.204,2.378,11.96
-2.168,0.409,10.621
0.735,0.763,10.745
1.4,-0.593,11.664
0.055,-0.206,11.563
-0.077,-0.223,10.496
0.404,-0.737,10.29
-0.103,-0.691,10.714
-1.723,0.103,10.858
-1.838,-0.84,11.008
-2.314,-1.818,10.314
-1.742,-1.555,9.874
-1.235,-2.065,9.522
-0.658,-1.608,10.322
-1.641,-1.632,10.616
-0.854,-1.046,10.336
-1.306,-0.213,9.31
0.505,-1.299,8.463
-0.366,-1.974,8.216
-0.079,-2.397,8.513
-1.203,-2.627,9.36
-0.246,-2.677,10.164
-0.883,-1.404,10.386
-1.361,-1.979,9.695
-0.823,-2.34,8.515
-0.266,-1.369,8.238
-0.392,-1.861,8.412
-1.682,-2.187,9.118
-1.428,-1.816,9.666
-0.548,-0.919,9.824
-0.787,-2.287,9.341
-0.852,-2.213,9.843
-1.101,-0.715,9.814
-0.462,-0.132,8.994
-1.771,-0.177,9.113
-2.022,0.486,9.585
-3.024,1.108,9.755
-3.268,1.254,10.018
-2.094,1.512,10.652
-3.838,1.596,11.889
-4.398,1.902,12.595
-3.137,3.452,10.925
-1.768,3.541,4.343
-2.129,1.156,3.967
-6.249,0.412,4.118
-8.824,5.201,5.039
-8.156,2.539,3.749
-10.444,0.591,2.89
-12.068,-0.385,3.929
-9.745,0.445,2.61
-7.561,-1.732,0.5
-9.719,-4.512,-1.584
-11.477,-10.235,-2.055
-11.738,-13.64,-2.316
-14.265,-11.599,-1.275
-16.045,-23.337,1.354
-22.531,-27.321,3.364
-20.134,-21.27,6.025
-20.507,-18.844,5.663
-24.455,-20.392,-1.766
-29.067,-4.524,-2.239
-19.767,7.864,-6.398
-14.387,24.299,-14.03
-16.839,33.118,-4.603
-34.197,25.651,5.216
-30.941,-1.73,12.245
-34.982,-0.691,8.285
-34.735,-2.5,2.479
-26.206,-9.283,-0.746
-22.251,-7.795,2.206
-22.155,-6.032,4.821
-22.67,-0.455,4.608
-19.748,-9.252,-1.648
-16.868,-4.335,-8.032
-21.95,-8.058,-4.596
-18.129,-1.56,-0.995
-17.999,-0.077,-0.957
-17.942,4.843,-4.986
-20.83,13.434,-3.567
-16.401,-0.412,-1.715
-21.583,4.374,4.462
-15.195,11.389,7.005
-9.688,11.846,11.508
-13.15,11.862,8.161
-19.088,3.199,10.24
-21.332,1.194,5.134
-19.497,-1.62,2.675
-17.607,-2.326,1.861
-17.954,-2.964,1.373
-17.593,-2.23,-0.668
-15.427,-0.73,-2.673
-12.374,-1.388,-4.871
-9.214,-1.096,-6.381
-6.221,-1.203,-6.548
-4.91,-2.192,-6.001
-7.896,-2.529,-4.788
-11.781,0.309,-5.931
-10.697,4.371,-7.336
-10.202,4.967,-8.075
-13.214,3.742,-8.745
-16.018,1.541,-8.656
-20.002,0.512,-8.943
-15.973,5.003,-13.121
-10.348,2.156,-11.437
-27.438,11.458,70.447
-56.807,-17.169,32.362
8.905,22.064,7.84
-5.96,1.744,7.498
-9.254,16.839,11.001
-9.106,12.956,8.419
-2.177,7.517,9.487
-0.129,9.812,13.154
-4.237,10.149,19.523
1.904,4.878,33.006
-4.345,9.367,13.891
-3.819,3.831,12.341
0.847,3.752,9.695
1.83,4.185,8.463
1.519,2.177,10.223
1.132,-0.591,10.252
-0.823,0.658,10.341
0.711,1.27,11.405
-0.203,-0.043,10.913
-0.349,0.813,11.47
-1.311,0.546,11.317
-0.873,1.579,10.743
-0.84,2.103,10.704
-2.696,0.345,10.472
-2.103,0.127,9.764
-1.354,-0.651,8.312
-2.067,-1.354,8.867
-1.916,-0.136,9.422
-1.479,-0.033,8.96
-2.053,-0.17,8.85
-1.663,-0.785,8.874
-1.187,0.234,8.838
-2.433,-0.754,9.329
-1.727,-1.251,9.609
-1.526,-2.357,8.47
-2.771,-2.065,9.611
-2.55,-0.907,9.69
-2.094,-0.084,8.972
-1.725,-1.515,7.836
-1.562,-2.242,8.003
-1.474,-1.256,8.326
-0.675,-0.471,9.073
-2.225,-0.928,9.934
-2.529,-0.108,10.346
-1.735,1.192,9.656
-2.091,2.414,8.936
-2.412,3.381,8.152
-3.177,2.948,8.723
-3.682,3.381,9.219
-2.725,4.905,10.231
-4.73,6.814,11.678
-4.969,6.046,13.26
-3.216,5.788,13.063
-2.531,6.807,7.551
-1.309,3.421,7.891
-4.96,3.976,8.561
-6.84,7.051,8.049
-8.728,2.756,6.209
-9.661,0.646,4.582
-8.647,1.067,3.876
-8.245,-0.299,1.459
-7.065,-1.16,0.536
-8.556,-3.347,0.507
-9.733,-6.682,-0.445
-8.69,-4.969,1.278
-10.735,-7.178,1.548
-13.549,-15.908,0.45
-13.982,-15.179,1.68
-20.531,-21.605,2.469
-20.215,-15.315,3.756
-22.887,-19.27,1.648
-27.823,-9.159,0.325
-23.789,-24.127,-2.56
-19.203,5.948,-0.665
-19.928,7.651,-8.372
-15.889,17.203,-3.919
-18.885,35.898,8.183
-29.381,7.163,5.807
-25.861,1.507,8.41
-25.589,-12.465,5.312
-29.931,4.175,3.065
-30.269,-2.936,2.426
-20.868,-6.178,-0.49
-25.548,-8.446,4.472
-19.992,1.802,4.022
-15.14,-4.888,2.632
-21.653,-8.317,-2.144
-20.574,-0.912,-2.089
-14.561,1.9,-2.945
-14.109,2.314,-1.505
-15.487,12.03,-2.833
-10.697,14.322,-2.847
-32.908,7.498,-10.281
-12.444,3.519,0.457
-13.571,7.429,4.682
-12.233,15.588,6.192
-12.968,8.704,6.407
-17.509,-0.337,8.152
-15.753,-4.95,5.335
-15.248,-3.194,5.331
-16.004,-1.464,6.563
-16.686,-0.091,5.127
-15.633,2.086,2.699
-13.504,0.804,0.847
-12.164,1.048,-0.639
-10.195,-0.526,-2.357
-8.326,-2.383,-3.622
-7.278,-1.507,-2.644
-7.034,-0.703,-2.809
-7.826,1.589,-3.378
-9.199,2.682,-5.613
-8.853,4.701,-7.85
-6.941,5.67,-8.941
-4.532,5.374,-9.63
-6.312,-2.622,-8.709
-11.628,-7.025,-10.518
-16.04,-5.39,-9.377
-17.94,-3.433,-9.188
-19.54,-3.216,-11.255
-60.953,38.265,67.538
-26.704,1.526,15.217
-2.309,24.134,14.781
-4.826,5.898,8.726
-6.029,15.179,15.748
1.639,12.985,10.379
-2.606,5.56,14.537
-12.248,3.443,18.961
4.17,12.135,13.843
-1.73,3.259,7.151
-7.245,3.33,14.693
0.323,4.417,12.339
1.412,2.352,13.348
-1.125,1.251,10.874
-0.557,1.046,9.786
1.031,1.641,9.219
0.782,0.194,10.415
-1.924,-0.677,12.865
-2.268,2.168,13.276
-1.151,2.797,11.154
-0.746,1.9,10.154
-1.857,1.096,10.913
-1.526,0.806,10.147
-1.651,0.878,10.702
-2.175,1.605,10.625
-2.852,-0.416,10.056
-1.369,-0.967,10.044
-0.409,-0.28,9.393
-1.44,-0.629,9.319
-1.773,-0.615,9.147
-0.883,-1.857,9.757
-0.356,-2.12,9.743
-0.636,-1.9,9.338
-1.297,-1.526,10.231
-1.189,-1.007,10.372
-1.904,-0.493,9.661
-0.969,-0.479,8.41
-1.354,-0.23,8.934
-2.062,-0.598,9.606
-1.553,-0.153,9.877
-1.581,-1.275,9.934
-1.926,-2.151,9.786
-1.893,-2.125,9.826
-1.424,-0.512,9.671
-2.084,-0.158,9.101
-2.211,-0.694,8.991
-1.957,-0.144,9.278
-2.168,0.708,9.302
-2.309,2.393,8.888
-2.507,2.18,9.63
-2.548,1.814,11.365
-4.35,4.421,11.039
-3.158,5.111,10.231
-1.641,5.307,5.527
-0.914,3.575,4.977
-5.446,7.4,6.261
-7.75,4.563,5.115
-7.233,4.701,4.053
-7.998,1.883,2.481
-9.838,0.156,2.18
-8.561,1.555,1.586
-11.051,0.816,0.859
-9.999,-5.312,-1.218
-13.446,-9.111,-0.404
-10.944,-8.041,-1.744
-12.791,-6.417,1.62
-15.09,-22.328,1.5
-15.305,-16.688,0.938
-20.179,-24.206,2.038
-20.378,-23.885,4.402
-21.435,-20.476,4.488
-19.968,-18.023,0.988
-18.698,-0.005,-1.488
-15.08,12.501,-2.517
-15.789,8.309,-8.312
-15.753,21.397,-4.651
-19.696,17.523,4.175
-38.217,4.943,14.882
-31.048,0.455,9.929
-33.3,-12.922,9.673
-30.804,-8.766,1.773
-20.04,-5.572,5.053
-26.084,-2.72,2.684
-12.042,-1.785,3.998
-26.902,-3.969,-2.661
-20.138,-9.092,-1.574
-20.387,-8.441,-2.742
-14.379,-0.151,-5.713
-18.246,1.44,2.015
-17.047,5.343,-2.787
-17.487,5.094,2.007
-20.397,4.091,-0.395
-24.376,10.654,4.182
-16.49,6.97,2.558
-12.726,11.161,6.651
-17.932,11.477,5.168
-18.416,3.933,1.567
-22.94,-3.319,5.036
-18.655,-2.589,5.39
-17.612,-0.658,4.776
-18.734,-1.232,4.075
-19.531,-0.708,2.594
-16.473,0.49,-1.101
-13.54,-3.192,-3.852
-12.915,-5.556,-5.242
-9.207,-2.873,-6.388
-4.649,-1.928,-6.575
-4.359,-1.342,-5.931
-6.005,-0.005,-4.625
-7.455,2.711,-3.634
-10.003,3.007,-5.192
-10.403,4.764,-8.939
-8.429,5.321,-12.054
-8.18,0.758,-11.602
-14.47,-3.352,-9.934
-17.724,-1.402,-12.606
-16.612,-2.658,-18.141
-29.864,7.142,27.12
-45.406,10.659,16.703
-8.537,13.683,12.374
-10.484,8.496,10.609
-5.802,15.363,8.716
-1.637,16.15,10.8
-7.762,14.111,11.008
-11.977,2.335,12.379
1.455,4.149,10.786
-0.416,4.024,16.796
-5.883,-1.172,20.921
-4.424,6.125,9.534
2.433,1.797,11.571
1.861,4.56,11.336
-1.821,5.457,13.647
-2.038,2.94,12.161
-0.388,1.311,10.427
1.091,1.61,10.721
-2.519,-0.349,10.731
-2.464,-0.727,11.173
0.06,0.184,10.42
-0.964,0.254,10.152
-0.845,0.988,9.939
-1.526,0.679,10.003
-2.208,0.77,10.374
-1.242,-0.084,9.862
-2.062,-0.792,9.245
-1.225,-0.689,8.8
-2.333,-0.821,9.223
-2.811,-1.67,9.288
-1.433,-0.727,9.506
-1.134,-0.682,9.424
-1.546,-1.881,8.903
0.952,-1.436,8.728
-0.524,-2.488,8.553
-1.369,-1.711,9.039
-1.723,-2.448,9.434
-1.651,-1.218,10.558
-2.68,-1.376,10.869
-2.158,-1.629,10.068
-1.23,-1.826,8.623
-1.349,-1.854,8.106
-0.988,-2.297,7.946
-1.328,-1.586,7.824
-1.22,-0.869,8.08
-1.775,-0.665,8.544
-1.361,0.335,8.46
-1.687,0.531,7.532
-1.928,0.5,7.565
-3.244,1.605,7.762
-3.72,4.453,8.905
-3.598,4.898,9.867
-3.993,6.202,11.829
-3.656,5.962,12.953
-2.531,6.192,12.97
-3.199,5.4,8.53
-1.247,7.532,7.544
-4.79,5.429,9.092
-6.546,6.599,9.996
-7.144,6.168,10.02
-8.372,3.553,6.635
-8.798,2.716,4.85
-7.295,0.378,2.85
-8.367,-1.495,3.381
-8.482,0.012,0.39
-8.599,-3.56,-0.849
-9.207,-3.177,-2.596
-8.324,-1.486,-4.17
-10.669,-6.998,-2.74
-16.018,-20.191,0.919
-17.894,-17.344,0.969
-12.298,-15.279,1.448
-22.574,-20.698,4.998
-19.696,-18.253,5.599
-27.139,-19.172,1.357
-28.211,-20.617,0.122
-27.519,-4.472,2.141
-15.054,13.375,-14.753
-2.082,34.209,-10.518
-17.648,34.298,0.591
-27.618,17.274,7.41
-40.202,-3.316,9.336
-29.065,-3.11,7.692
-34.396,-4.725,2.675
-24.005,-1.151,1.663
-22.002,-13.958,-2.194
-21.332,-9.403,2.251
-20.679,-5.041,-1.665
-19.5,-3.665,-2.445
-25.144,-0.079,-1.237
-13.018,-5.268,-0.613
-17.815,10.676,-3.278
-19.901,12.032,-2.385
-19.897,8.58,-0.895
-14.444,-4.366,0.519
-21.256,2.797,-0.689
-14.573,11.403,5.802
-13.542,7.683,1.55
-16.626,5.529,9.731
-17.473,8.223,8.391
-17.959,1.237,4.299
-19.801,-2.768,4.933
-19.279,-0.225,5.12
-17.16,0.423,3.931
-16.844,0.857,3.003
-16.827,-0.115,1.381
-13.97,-0.421,-0.823
-12.209,-0.256,-2.512
-10.446,-0.479,-4.13
-8.508,-1.007,-4.326
-9.987,-1.821,-5.206
-10.905,0.689,-6.508
-10.08,4.433,-8.087
-8.171,5.316,-8.939
-7.941,4.61,-7.422
-10.669,1.065,-8.396
-15.303,-1.782,-13.183
-21.146,-1.687,-17.143
-20.614,1.189,-16.987
-21.229,7.245,6.86
-52.268,35.226,9.688
-3.718,27.328,9.475
-6.977,3.998,10.02
-13.229,11.051,19.61
-4.01,14.418,10.58
-6.08,8.018,10.551
-4.338,5.515,14.401
4.022,8.355,12.874
1.366,6.534,16.468
-16.968,2.177,16.655
-5.503,4.9,16.27
2.553,4.893,11.628
0.4,4.735,10.642
-1.802,3.725,10.913
-0.861,2.656,10.231
-0.179,-0.261,9.597
-0.873,-2.055,11.233
-1.955,-1.361,12.011
-0.766,-0.869,11.216
0.813,0.294,10.255
-1.101,-0.129,10.513
-0.67,1.108,10.908
-1.397,-0.278,11.41
-1.268,0.328,10.999
-1.672,-1.041,9.573
-0.904,-0.596,9.226
-1.622,-1.749,9.063
-2.103,-1.613,10.011
-1.079,-1.29,9.558
-0.541,-2.089,9.061
-0.682,-1.936,9.25
-0.605,-1.531,9.566
-1.026,-1.971,8.948
-0.629,-2.053,9.656
-0.026,-2.95,9.52
0.483,-1.574,9.525
-0.086,-0.694,9.563
-0.773,-1.201,9.152
-0.864,-2.33,8.374
-1.093,-2.821,7.36
-1.031,-1.567,7.788
-0.435,-0.813,8.774
-0.921,-0.517,9.759
-1.002,-0.49,9.585
-1.156,-0.282,9.29
-1.495,1.108,8.788
-1.737,2.665,8.46
-2.019,3.732,9.458
-2.976,4.046,11.044
-2.254,3.732,10.843
-2.029,2.433,10.293
-4.398,0.574,11.197
-3.854,2.615,11.69
-4.603,0.804,10.984
-3.775,3.051,6.477
-2.591,1.512,7.742
-4.907,2.988,8.998
-5.821,6.139,8.807
-5.891,4.051,7.25
-6.276,3.39,5.448
-8.601,3.036,5.91
-8.599,4.701,5.797
-8.111,5.79,5.113
-7.951,2.417,3.551
-8.271,2.617,3.469
-10.479,2.304,2.493
-8.8,0.526,1.622
-8.025,-2.795,-0.282
-9.221,-4.591,-1.23
-12.508,-12.331,0.758
-13.185,-9.08,2.096
-13.305,-16.389,1.002
-17.475,-17.344,0.507
-18.444,-19.203,2.237
-22.088,-16.683,4.91
-23.014,-12.389,5.022
-27.531,-22.885,1.526
-23.21,-11.939,3.455
-17.569,8.063,1.644
-15.358,6.225,-7.419
-5.888,25.579,-9.109
-16.817,18.184,-0.065
-36.126,17.502,9.977
-21.222,8.429,11.293
-22.631,-4.689,0.524
-18.473,-5.96,-1.495
-25.349,-3.357,-1.12
-22.761,-4.902,1.354
-23.754,-8.006,0.397
-21.607,0.869,2.192
-17.557,1.95,0.33
-17.662,3.125,-0.187
-16.32,7.661,0.098
-17.676,11.183,-2.878
-16.372,-0.196,-4.273
-12.054,0.622,3.878
-12.791,9.233,0.596
-14.384,7.465,6.666
-19.098,-0.189,8.297
-18.191,1.785,9.58
-19.22,4.039,9.666
-16.899,4.354,6.984
-15.772,1.172,4.261
-12.906,-0.462,1.534
-11.245,-1.235,0.696
-9.721,-1.653,0.749
-8.463,-1.684,-1.292
-7.752,-1.775,-2.333
-7.25,-0.914,-1.931
-5.874,-0.29,-2.486
-5.886,1.017,-1.945
-8.264,2.632,0.412
-11.305,5.45,0.211
-9.266,11.31,0.12
-10.759,10.814,-1.89
-13.037,12.25,-3.335
-7.522,18.016,2.079
-11.556,5.472,2.696
-14.911,5.003,6.309
-11.269,16.226,10.156
-11.188,8.601,11.587
-10.91,4.043,9.264
-8.652,6.391,8.74
-9.69,5.386,6.816
-7.888,4.572,5.309
-6.706,2.443,5.405
-16.923,33.621,65.693
22.684,5.651,-41.997
-10.771,0.412,21.339
-11.073,-8.374,12.449
4.149,0.091,5.969
-3.118,-14.214,11.264
1.553,-1.22,5.814
3.304,-4.567,10.432
2.146,-1.536,9.889
2.833,-3.926,9.702
1.416,-3.0,8.905
-0.05,0.481,12.695
0.993,-0.227,14.552
-4.326,-5.618,7.831
-2.0,-5.862,9.522
-5.931,-4.192,8.941
-5.764,-6.95,8.908
-3.68,-3.484,5.895
-1.72,-0.598,5.575
-0.112,-1.725,6.123
3.086,-0.555,6.13
5.565,-2.51,5.809
5.132,-0.945,4.376
6.218,-2.998,4.39
5.62,2.467,7.015
6.477,1.924,13.853
6.261,9.558,16.277
5.821,5.446,11.946
5.273,-1.479,10.733
5.108,-5.297,8.419
2.79,-1.151,9.905
4.496,5.302,12.592
5.137,2.857,11.183
5.606,-1.175,6.692
6.936,-5.163,5.52
5.345,2.754,9.915
5.199,4.24,8.788
5.989,1.254,7.427
5.692,0.421,9.647
5.891,1.103,8.455
6.065,0.397,8.092
5.56,1.12,7.843
5.907,1.938,7.367
5.606,1.4,7.587
4.788,5.187,11.279
5.326,0.921,6.383
6.919,-1.165,7.269
5.4,1.622,7.553
5.216,4.139,7.599
5.508,1.751,8.087
5.953,2.01,8.707
5.52,0.909,7.692
5.902,1.833,7.139
5.599,1.431,8.12
5.577,0.78,6.675
6.592,0.445,7.963
6.175,1.249,8.238
5.895,1.452,8.199
6.032,0.646,7.862
5.991,1.62,7.439
5.556,1.002,7.896
6.084,0.354,8.185
6.326,1.199,7.802
5.558,0.079,7.439
5.484,1.345,8.058
5.778,0.761,8.419
5.723,0.167,7.364
5.206,1.115,7.376
5.843,0.182,8.561
5.802,-0.38,7.838
5.546,1.06,7.039
5.379,0.677,7.872
5.826,0.232,8.589
5.477,0.651,7.9
4.802,0.78,7.183
5.422,-0.005,8.106
5.735,-0.055,8.608
5.639,0.754,7.951
5.675,-0.06,7.919
5.843,-0.182,7.762
5.453,1.125,7.831
5.352,1.105,8.85
5.596,0.036,8.441
5.685,-0.244,7.47
5.434,1.06,8.649
4.957,1.548,8.384
5.201,0.658,8.027
5.438,0.837,7.534
5.606,0.165,7.74
5.283,0.644,8.135
5.302,0.813,8.24
5.548,-0.019,7.769
5.737,0.641,8.049
5.529,0.352,8.542
5.623,0.622,8.553
5.225,0.584,8.434
5.596,0.337,8.161
5.905,-0.529,8.242
5.383,0.433,8.465
4.565,2.038,7.647
4.297,2.196,7.226
4.843,1.629,7.951
5.582,1.247,8.479
5.666,1.445,9.219
5.434,0.591,8.664
5.453,1.416,8.664
5.371,1.419,9.247
5.364,1.416,9.767
5.895,1.436,9.865
5.953,1.672,9.979
6.336,2.285,10.451
6.08,3.173,11.015
5.211,2.893,10.779
4.823,3.132,12.736
5.845,4.835,12.212
6.802,5.929,11.104
6.166,4.675,9.63
5.668,3.33,9.02
5.766,1.261,8.238
5.869,-0.526,7.393
5.702,-0.007,7.544
6.749,0.758,7.699
7.187,-0.943,7.793
6.094,-0.955,6.828
6.175,0.438,6.381
4.953,-2.548,5.067
3.976,-5.596,4.462
3.015,-3.656,5.127
1.912,-4.154,4.149
0.792,-7.656,4.008
0.156,-8.094,3.807
0.617,-6.831,3.4
0.967,-7.034,3.354
0.737,-7.513,3.981
0.672,-7.127,4.412
0.914,-6.716,3.991
1.227,-7.005,4.165
0.864,-7.144,5.099
0.132,-6.857,5.857
0.392,-7.07,5.618
0.572,-7.977,5.462
0.268,-8.216,5.446
0.727,-8.618,5.266
1.254,-9.465,5.304
0.601,-9.585,5.747
0.318,-9.36,5.737
1.268,-9.446,4.864
1.833,-9.52,3.962
1.354,-10.116,3.649
1.302,-9.563,4.383
1.921,-7.472,4.52
1.412,-8.187,4.23
1.491,-8.862,3.852
1.969,-9.75,3.665
1.775,-10.111,3.732
1.579,-10.018,3.481
2.194,-9.929,3.397
2.507,-9.934,3.522
1.957,-9.874,3.665
1.613,-9.711,3.773
2.005,-8.967,3.689
1.854,-8.415,3.534
1.694,-8.331,3.455
1.926,-8.69,3.448
2.304,-7.135,3.871
1.677,-7.618,3.747
3.287,-7.305,3.642
3.237,-9.927,2.823
3.847,-8.958,3.606
3.503,-9.549,3.158
3.689,-9.764,3.302
0.366,-11.882,3.984
-1.227,-9.329,4.527
0.325,-8.532,4.084
2.517,-8.843,3.534
1.017,-7.52,3.565
1.615,-7.618,4.426
2.531,-9.403,4.778
0.79,-10.594,4.295
0.919,-8.125,3.816
0.017,-11.307,4.371
-0.1,-9.36,4.661
3.268,-9.879,3.517
0.356,-7.64,3.831
0.23,-8.819,4.11
1.474,-8.963,4.256
2.385,-9.513,3.742
2.452,-9.8,3.728
-0.141,-9.506,3.235
0.852,-10.984,2.294
1.579,-8.984,2.826
1.826,-8.037,3.385
2.472,-8.618,3.153
2.438,-7.489,3.586
2.5,-9.324,3.644
2.4,-9.03,3.259
2.957,-9.537,2.821
1.369,-8.41,3.448
1.814,-8.424,3.984
2.046,-9.288,3.874
1.541,-8.874,4.11
1.945,-8.642,2.957
1.682,-8.929,3.0
2.227,-9.037,2.921
2.998,-9.365,1.916
1.622,-9.42,2.4
1.526,-9.216,2.814
1.455,-9.331,3.309
1.696,-9.695,2.704
1.242,-9.69,2.199
0.959,-9.783,2.728
0.852,-9.814,3.225
1.94,-10.152,3.192
1.96,-10.235,2.347
1.515,-9.819,2.354
1.156,-9.774,3.012
0.955,-9.369,3.311
1.916,-9.585,3.074
1.651,-9.386,3.11
1.129,-8.917,3.517
1.637,-8.879,3.63
1.747,-8.934,3.548
1.778,-8.798,3.764
1.33,-9.061,4.228
1.512,-9.178,3.986
1.383,-9.333,3.649
1.316,-9.329,3.919
0.967,-8.967,4.063
0.713,-8.946,4.197
1.294,-9.042,3.965
1.349,-9.044,3.811
1.474,-8.876,3.869
1.412,-8.943,3.821
1.864,-9.061,3.637
1.524,-9.192,3.61
1.5,-8.831,3.567
1.412,-8.656,3.57
1.488,-8.831,3.795
1.555,-9.252,3.68
1.333,-9.123,3.787
1.16,-8.934,3.874
0.813,-8.977,4.154
0.818,-9.025,4.266
0.866,-8.903,4.34
0.768,-9.061,4.658
1.613,-9.506,4.149
0.967,-9.381,4.02
1.069,-9.307,4.299
0.957,-9.082,4.299
0.682,-8.728,4.194
1.141,-8.838,4.345
0.849,-9.235,4.45
1.94,-9.805,3.979
0.883,-9.47,4.213
0.677,-9.264,4.015
0.916,-8.824,3.84
1.062,-8.817,3.854
0.658,-8.836,4.098
0.873,-9.166,4.108
1.079,-9.324,4.185
0.656,-9.558,4.309
0.854,-9.453,4.752
0.897,-9.403,4.735
1.002,-9.006,4.548
1.309,-8.874,4.529
1.325,-8.898,4.457
0.921,-8.776,4.522
1.091,-8.726,4.491
0.766,-8.656,4.503
0.706,-8.63,4.594
1.16,-8.841,4.488
0.988,-8.697,4.565
0.921,-8.79,4.881
0.974,-8.733,4.701
1.129,-8.508,4.381
1.22,-8.534,4.591
1.024,-8.597,4.668
1.072,-8.525,4.768
0.811,-8.776,4.876
1.014,-8.853,4.709
1.086,-8.874,4.594
0.775,-8.721,4.723
0.818,-8.57,4.522
0.988,-8.939,4.465
0.857,-8.726,4.634
1.098,-8.632,4.541
1.098,-8.716,4.455
1.034,-8.709,4.453
1.012,-8.802,4.383
0.955,-8.75,4.433
0.761,-8.774,4.366
0.687,-8.757,4.405
0.737,-8.821,4.515
0.813,-8.738,4.366
0.885,-8.939,4.555
0.316,-9.068,4.874
0.431,-9.121,5.046
0.792,-9.238,4.869
0.562,-8.979,4.917
0.443,-8.824,5.084
0.388,-9.058,4.917
0.208,-9.077,4.9
0.311,-9.049,4.706
0.038,-8.8,4.867
0.17,-8.62,5.053
0.632,-8.726,4.735
0.531,-8.829,4.852
-0.093,-8.903,5.087
-0.27,-8.97,5.111
-0.148,-8.862,4.941
-0.019,-8.589,4.845
0.024,-8.587,4.759
-0.084,-8.601,4.73
0.067,-8.64,4.857
0.299,-8.47,4.936
0.682,-8.716,4.744
0.926,-8.697,4.733
0.517,-8.568,4.811
0.421,-8.486,4.823
0.581,-8.489,4.754
0.285,-8.582,4.73
0.211,-8.668,5.017
-0.861,-8.695,5.357
0.022,-8.664,5.438
0.536,-8.807,5.089
-0.524,-8.733,5.546
-0.483,-8.884,5.713
-0.036,-8.845,5.441
-0.17,-8.592,5.075
0.218,-8.649,5.178
-0.158,-8.441,5.302
-0.242,-8.183,5.304
0.596,-8.953,5.355
0.156,-8.393,5.247
-0.038,-8.152,5.422
-0.445,-7.941,6.127
-0.531,-8.475,6.314
0.847,-9.377,5.771
0.057,-8.623,5.489
-0.184,-8.053,5.79
0.17,-7.762,5.943
0.517,-8.056,5.572
0.179,-8.07,5.395
-0.05,-7.912,5.412
0.077,-7.967,5.785
-0.627,-8.022,6.101
0.084,-8.625,5.845
-0.311,-8.467,5.62
-0.447,-8.12,5.804
-0.361,-7.917,5.991
0.189,-8.704,6.156
-0.112,-8.352,6.075
0.297,-8.211,5.924
-0.282,-8.006,6.237
-0.096,-7.733,6.249
0.385,-7.881,6.314
0.306,-7.628,6.125
0.378,-7.826,5.792
0.242,-7.623,5.857
0.038,-7.742,6.036
-0.026,-7.802,6.259
0.031,-7.896,6.46
-0.167,-7.793,6.281
0.237,-7.805,6.094
-0.096,-10.862,5.077
-0.718,-10.008,11.673
-1.096,-11.769,12.15
-0.108,-8.032,11.075
-0.072,-8.931,5.584
0.141,-8.369,5.716
-0.136,-8.123,5.955
0.199,-7.881,6.127
0.703,-8.027,5.843
1.074,-8.152,5.654
0.723,-8.068,6.182
0.397,-8.089,6.111
-0.287,-8.132,5.912
-0.287,-7.829,5.986
0.27,-7.297,6.592
-0.077,-7.407,6.529
0.995,-7.773,6.103
0.069,-7.994,6.383
-0.531,-7.924,6.283
-0.785,-8.274,5.914
-0.967,-6.934,6.352
0.067,-7.919,5.898
7.034,0.751,-9.939
-0.165,-9.4,6.417
-1.598,-8.056,6.202
-1.574,-11.078,5.85
-0.237,-6.498,5.68
-0.084,-8.977,5.895
-0.359,-7.063,6.58
-0.689,-7.546,6.604
-1.144,-7.326,6.486
-0.301,-6.922,6.491
-1.134,-7.659,6.225
-0.921,-7.3,6.369
0.163,-8.35,5.381
0.644,-8.216,5.381
0.845,-8.719,5.953
0.337,-8.678,5.405
0.282,-7.403,5.816
0.969,-7.503,6.324
-0.435,-8.221,6.632
-0.562,-7.936,6.697
0.127,-8.113,5.924
0.909,-7.446,5.63
0.469,-8.324,5.223
0.033,-9.118,4.929
-0.038,-8.862,4.969
0.273,-8.4,4.488
1.11,-8.484,3.792
0.328,-9.898,2.921
-0.112,-10.365,2.486
0.873,-10.98,1.459
1.495,-10.558,0.153
1.053,-10.508,-0.108
1.251,-10.458,-0.479
1.06,-10.913,-1.058
2.723,-10.539,-1.309
1.802,-11.499,-0.711
1.247,-10.724,-1.096
2.912,-8.96,-0.457
2.555,-10.087,-0.165
0.878,-11.453,-1.01
2.68,-10.063,-1.132
3.924,-9.745,-2.074
3.579,-10.637,-2.388
2.845,-9.47,-1.725
2.656,-9.68,-2.625
2.146,-8.285,-2.428
2.361,-7.783,-1.613
3.017,-8.431,-1.921
4.067,-7.065,-1.637
7.934,-11.764,-2.735
1.945,-9.113,-1.146
1.457,-8.297,-1.251
3.933,-7.4,-2.29
4.031,-5.347,-2.912
4.311,-5.936,-2.079
4.177,-7.441,-2.969
3.129,-7.242,-2.594
3.735,-7.202,-2.682
5.388,-7.963,-3.046
6.237,-7.886,-3.177
5.113,-7.395,-3.118
4.417,-8.223,-2.862
5.132,-8.034,-3.496
5.28,-7.163,-3.845
5.369,-7.017,-3.362
5.28,-7.343,-3.237
5.051,-7.125,-3.505
4.232,-7.73,-3.194
6.225,-8.838,-3.512
5.362,-7.51,-3.761
5.027,-7.096,-2.737
5.254,-7.319,-2.431
5.024,-7.383,-2.926
5.314,-7.51,-2.818
5.907,-7.517,-2.584
5.343,-7.613,-2.44
5.256,-7.257,-2.775
4.967,-7.778,-3.041
5.414,-7.951,-3.448
5.149,-7.601,-2.864
5.388,-7.809,-2.467
5.209,-7.718,-2.357
5.276,-7.604,-3.213
5.611,-7.379,-3.003
4.888,-7.013,-2.823
5.386,-8.228,-2.407
5.958,-6.943,-3.953
4.608,-7.204,-1.998
5.103,-7.405,-2.256
5.84,-7.429,-2.216
5.649,-7.075,-1.637
5.173,-7.52,-2.242
4.962,-7.718,-2.297
5.204,-7.706,-2.51
5.67,-7.391,-2.436
5.508,-8.324,-2.663
4.862,-7.805,-2.771
5.158,-7.309,-2.981
5.383,-7.297,-3.079
5.369,-7.532,-2.847
5.563,-7.948,-3.12
4.984,-8.08,-3.156
4.754,-7.584,-3.039
4.938,-8.154,-2.847
5.106,-8.161,-2.948
4.656,-8.202,-2.804
4.809,-8.352,-2.455
5.154,-7.541,-2.266
5.453,-7.742,-2.127
5.312,-8.037,-2.237
4.797,-7.781,-2.699
4.048,-8.161,-3.122
4.457,-8.716,-2.862
5.601,-8.285,-2.606
5.314,-7.955,-2.713
5.201,-6.991,-2.596
4.091,-7.891,-3.366
3.019,-10.307,-4.61
4.311,-8.853,-4.242
5.405,-8.089,-2.431
5.668,-7.821,-2.543
4.144,-7.491,-2.06
4.869,-7.257,-2.651
5.347,-7.508,-2.962
4.867,-8.061,-2.665
4.986,-8.089,-2.641
4.862,-8.259,-2.603
5.087,-7.824,-2.488
4.871,-7.884,-2.378
4.764,-8.099,-2.266
4.673,-8.472,-2.194
4.783,-8.307,-2.261
5.036,-7.912,-2.175
4.912,-7.477,-1.914
4.61,-7.759,-1.814
4.898,-7.941,-2.18
4.881,-8.029,-2.483
4.723,-8.486,-2.541
4.953,-8.264,-2.309
4.709,-8.144,-2.373
4.692,-8.106,-2.474
4.85,-8.264,-2.699
4.728,-8.384,-2.615
4.768,-8.144,-2.634
4.771,-8.077,-2.565
4.965,-7.783,-2.625
4.749,-7.884,-2.634
4.828,-8.061,-2.701
4.843,-8.35,-2.775
4.878,-8.242,-2.814
4.869,-7.91,-2.606
4.658,-8.166,-2.443
4.742,-8.065,-2.292
4.711,-8.163,-2.35
4.63,-8.219,-2.515
4.802,-8.163,-2.5
4.783,-8.216,-2.424
4.723,-8.125,-2.22
4.749,-7.963,-2.512
4.756,-8.202,-2.72
4.814,-8.18,-2.596
4.603,-8.448,-2.357
4.761,-8.343,-2.283
4.618,-8.276,-2.359
4.723,-7.912,-2.527
4.735,-8.051,-2.608
4.534,-7.917,-1.847
5.498,-7.312,-2.565
4.381,-8.403,-2.323
4.364,-8.527,-2.443
4.771,-8.455,-2.61
4.933,-8.271,-2.646
4.752,-7.927,-2.651
4.833,-7.771,-2.682
4.905,-8.094,-2.732
4.692,-8.238,-2.696
4.768,-8.288,-2.747
4.79,-8.278,-2.586
4.778,-8.075,-2.505
4.666,-7.982,-2.235
4.687,-8.025,-2.12
4.716,-7.946,-2.242
4.694,-8.173,-2.385
4.687,-8.434,-2.306
4.61,-8.415,-2.424
4.74,-8.183,-2.5
4.737,-8.061,-2.412
4.63,-8.19,-2.297
4.809,-8.175,-2.369
4.692,-7.941,-2.529
4.85,-7.915,-2.393
4.603,-8.185,-2.242
4.603,-8.23,-2.299
4.821,-8.156,-2.476
4.701,-8.271,-2.51
4.752,-7.991,-2.491
4.713,-7.989,-2.505
4.713,-7.989,-2.572
4.761,-8.228,-2.584
4.713,-8.211,-2.519
4.699,-8.12,-2.608
4.709,-8.163,-2.536
4.682,-8.166,-2.572
4.656,-8.211,-2.589
4.646,-8.209,-2.591
4.721,-7.982,-2.476
4.634,-8.13,-2.448
4.512,-8.183,-2.495
4.589,-8.269,-2.539
4.644,-8.314,-2.512
4.634,-8.271,-2.505
4.565,-8.307,-2.536
4.426,-8.388,-2.539
4.613,-8.264,-2.498
4.68,-7.929,-2.486
4.63,-7.862,-2.464
4.579,-8.041,-2.45
4.575,-8.228,-2.455
4.567,-8.264,-2.558
4.634,-8.185,-2.62
4.529,-8.168,-2.577
4.508,-8.187,-2.555
4.582,-8.053,-2.653
4.579,-8.219,-2.763
4.457,-8.408,-2.696
4.486,-8.446,-2.751
4.407,-8.233,-2.625
4.376,-8.388,-2.617
4.249,-8.53,-2.639
4.505,-8.494,-2.751
4.486,-8.556,-2.677
4.41,-8.329,-2.694
4.433,-8.008,-2.687
4.486,-7.929,-2.632
4.46,-8.12,-2.582
4.366,-8.278,-2.751
4.182,-8.494,-3.029
4.924,-8.467,-2.823
4.579,-9.003,-2.481
3.909,-8.659,-2.546
4.57,-9.204,-2.912
4.137,-8.388,-2.579
4.354,-8.056,-2.414
4.704,-7.745,-2.239
4.374,-7.448,-2.139
4.223,-7.881,-2.266
4.512,-7.986,-2.436
4.969,-4.161,-0.514
3.842,-5.608,-0.388
3.613,-9.685,-1.849
4.656,-10.805,-3.893
4.438,-9.853,-4.728
4.453,-8.721,-4.73
4.393,-8.022,-4.079
4.776,-7.728,-3.823
6.735,-7.728,-3.866
3.735,-7.738,-3.354
2.407,-9.243,-3.744
5.132,-8.829,-3.673
4.005,-8.486,-3.067
2.955,-8.975,-3.225
3.247,-9.214,-2.811
3.146,-9.451,-1.519
2.041,-9.893,-1.869
1.275,-9.006,-0.84
1.754,-10.403,-0.01
2.139,-11.078,-0.112
-1.101,-4.941,2.866
-0.282,-13.013,3.933
1.802,-5.606,6.151
-0.895,-1.67,4.725
2.55,-0.648,7.534
-0.629,0.778,9.537
2.33,1.995,10.523
0.864,0.613,11.355
2.117,1.66,10.834
0.569,0.385,10.733
-1.168,0.713,10.891
2.096,1.601,10.702
2.149,1.871,10.479
-0.017,1.127,10.606
1.129,1.689,10.255
-0.572,-2.227,9.288
3.287,2.4,10.685
1.395,-1.718,10.544
-0.644,1.199,10.712
-1.45,-0.971,10.023
-0.041,-0.955,11.154
0.66,-0.292,10.499
1.196,1.242,9.274
0.256,0.656,9.125
1.101,0.902,9.601
0.577,-0.455,9.934
1.416,-0.811,10.015
0.713,-0.967,9.74
1.05,-0.517,8.759
1.227,0.909,9.987
2.175,1.012,9.877
0.112,0.139,9.91
1.297,0.206,10.018
0.847,0.165,9.649
1.538,0.093,9.357
1.625,0.285,9.484
2.297,1.756,9.482
1.55,-0.419,9.628
0.158,-0.715,9.685
0.88,-0.404,9.79
0.77,-0.945,9.642
1.041,-0.648,9.843
0.974,-1.091,9.776
0.689,-0.955,9.951
1.462,-1.12,9.623
-0.038,-0.78,9.956
0.486,-1.297,9.908
0.79,-0.735,9.884
0.823,-0.593,9.755
0.732,-0.751,9.723
0.986,-0.615,9.881
1.352,-1.041,9.786
1.486,-1.218,9.678
0.433,-0.947,9.903
0.947,-1.017,9.769
6.927,0.864,8.429
0.809,-1.029,10.027
0.696,-0.462,9.819
0.196,-0.694,9.649
0.799,-0.498,9.599
1.225,0.309,9.606
2.177,0.146,9.872
1.06,0.361,10.118
-0.452,-1.766,9.601
0.864,-0.522,9.975
0.684,0.397,9.824
0.244,-0.409,10.073
-0.045,-0.309,10.338
0.105,-0.524,10.25
0.529,-0.974,10.008
0.751,-1.639,9.91
0.459,-1.928,9.874
0.713,-1.732,9.956
0.754,-1.668,9.972
0.479,-1.601,10.08
1.019,-1.321,9.91
0.754,-1.072,9.9
1.093,-0.713,9.889
0.816,-0.983,9.69
0.991,-0.548,9.353
1.067,-0.624,9.168
0.696,-0.821,9.295
0.584,-1.223,9.467
0.739,-0.981,9.501
0.909,-0.584,9.623
1.024,-0.94,9.829
0.002,-1.665,9.915
0.301,-1.665,9.161
3.543,2.067,10.453
0.433,-1.648,9.967
0.124,-1.192,10.185
-0.256,-1.323,10.166
0.33,-0.682,10.283
0.069,-1.273,10.31
0.167,-0.677,10.654
-0.866,1.491,9.932
-0.22,-2.462,9.496
0.983,0.694,10.149
0.105,-1.081,10.19
0.507,-0.794,10.075
0.79,-0.378,9.984
0.435,-0.668,9.81
0.127,-1.524,9.721
0.957,-1.541,9.853
0.854,-1.73,9.53
0.553,-2.251,9.549
0.778,-2.196,9.733
0.828,-2.481,9.264
1.0,-1.629,9.317
0.955,-1.469,9.666
0.971,-1.385,9.757
0.56,-0.981,9.74
0.567,-1.048,9.956
0.735,-0.821,9.991
0.88,-0.653,9.721
0.95,-0.648,9.704
0.9,-0.902,9.668
0.775,-1.0,9.769
0.701,-1.416,9.721
0.787,-1.371,9.822
0.828,-1.486,9.865
0.613,-1.455,9.881
0.775,-1.531,9.767
0.955,-1.744,9.637
0.792,-2.062,9.57
0.347,-1.969,9.838
-2.251,-1.153,6.214
2.541,-0.914,9.329
0.285,-2.359,9.857
1.235,-0.861,10.063
0.112,-2.625,9.915
0.636,-1.316,10.121
0.833,-1.555,9.879
0.828,-1.708,9.884
0.852,-2.017,9.786
0.474,-2.168,9.788
0.431,-1.993,9.857
0.821,-1.491,9.795
0.742,-1.531,9.788
0.991,-1.388,9.7
0.931,-1.792,9.527
1.156,-1.366,9.652
1.172,-1.151,9.582
1.034,-1.077,9.568
0.952,-1.285,9.633
1.105,-1.546,9.542
0.928,-1.581,9.57
0.646,-1.811,9.652
0.656,-1.586,9.805
0.794,-1.541,9.838
0.871,-1.519,9.903
0.852,-1.601,9.836
0.88,-1.696,9.673
0.742,-1.826,9.652
0.711,-1.57,9.776
0.613,-1.797,9.817
0.368,-1.9,9.917
0.368,-1.926,9.915
0.419,-1.72,10.24
0.356,-1.754,10.31
0.467,-1.627,9.991
0.447,-1.73,9.91
0.507,-1.945,9.838
0.811,-1.708,9.853
1.022,-1.469,9.558
1.055,-1.436,9.613
0.974,-1.725,9.606
0.967,-1.653,9.613
0.412,-1.443,10.25
1.026,-1.337,9.776
0.687,-1.782,9.568
0.845,-1.826,9.458
1.318,-2.56,10.752
0.23,-0.778,10.068
1.414,-1.318,9.633
1.199,-1.019,9.353
0.761,-4.314,8.831
0.311,-0.371,10.013
0.517,-1.053,10.058
0.297,-3.046,9.982
0.83,0.412,10.499
0.428,-0.95,9.704
0.51,-1.4,10.006
0.847,-0.687,10.334
0.849,-1.086,10.145
-0.313,-2.806,9.865
0.28,-2.12,10.085
0.237,-2.216,9.967
0.904,-1.242,10.135
0.813,-1.058,10.015
-0.378,-2.522,9.836
0.495,-2.084,9.702
0.483,-1.706,9.542
0.742,-1.05,9.678
0.945,-1.57,9.719
0.601,-2.029,9.613
0.569,-2.11,9.477
0.907,-1.548,9.652
0.813,-1.278,9.845
1.053,-1.627,9.795
0.778,-2.034,9.69
0.636,-2.172,9.563
0.842,-1.383,9.755
0.787,-1.302,9.757
0.787,-1.349,9.829
0.677,-1.826,9.81
0.479,-1.842,9.824
0.593,-1.474,9.886
0.591,-1.206,9.908
0.574,-1.404,9.884
0.715,-1.711,9.709
0.66,-1.852,9.568
0.73,-1.964,9.518
-0.423,-2.019,8.166
3.988,-0.601,8.666
0.964,-1.345,10.125
-0.084,-1.553,9.661
0.794,-1.952,9.688
0.746,-2.182,9.709
0.77,-1.644,9.795
0.708,-1.651,9.97
0.342,-1.969,9.893
0.67,-2.072,9.664
0.412,-1.967,9.867
0.603,-1.682,10.173
0.83,-1.701,10.073
0.701,-1.701,9.96
0.51,-1.682,9.932
0.572,-1.933,10.36
0.77,-1.938,9.865
0.9,-1.821,9.7
0.49,-1.687,9.819
0.371,-1.653,9.829
0.244,-1.921,9.745
0.428,-1.945,9.711
0.624,-1.773,9.601
0.266,-1.421,9.79
0.141,-1.282,9.723
0.251,-1.515,9.393
0.342,-1.629,9.384
0.723,-1.617,9.216
0.821,-1.648,9.52
0.586,-1.976,9.664
0.849,-2.034,9.757
2.038,-3.151,10.702
0.5,-1.739,10.453
0.567,-1.089,10.018
0.761,-1.369,9.867
0.601,-2.091,9.912
0.505,-1.926,9.838
0.749,-1.964,9.503
0.931,-2.005,9.448
1.022,-1.916,9.487
1.055,-1.938,9.566
1.074,-1.864,9.491
1.258,-1.893,9.355
1.28,-1.94,9.475
1.089,-1.904,9.429
1.022,-1.964,9.534
1.074,-2.175,9.484
1.182,-2.055,9.377
1.314,-2.156,9.35
0.959,-1.962,9.542
0.768,-2.141,9.518
0.617,-2.56,9.429
0.613,-2.694,9.577
0.998,-2.235,9.802
0.907,-1.967,9.731
0.737,-2.113,9.75
0.593,-2.649,9.652
0.297,-2.723,9.711
0.333,-2.431,9.697
0.572,-2.529,9.008
3.046,-1.78,8.817
0.512,-2.12,9.889
0.9,-2.139,9.726
-0.081,-2.543,9.857
0.309,-2.369,9.996
0.548,-2.074,9.865
0.706,-2.33,9.841
0.632,-2.414,9.836
0.529,-2.129,9.908
-0.215,-2.493,9.941
3.34,-1.127,8.269
0.361,-1.919,9.862
0.002,-3.072,9.532
-0.108,-2.689,9.745
0.646,-2.919,9.24
0.459,-2.417,9.233
0.383,-2.45,9.757
0.27,-2.833,9.721
0.416,-2.644,9.345
0.077,-2.608,8.931
2.007,-2.402,8.649
0.234,-2.426,9.621
0.845,-2.529,9.455
0.615,-3.027,9.501
0.352,-2.974,9.561
0.435,-3.194,9.91
0.132,-2.656,9.874
-1.314,-2.483,8.348
0.691,-2.141,9.812
0.538,-1.534,10.032
-0.278,-1.555,10.279
0.677,-2.68,9.585
0.012,-3.228,9.568
0.419,-2.85,9.649
0.148,-2.761,9.826
-0.16,-3.012,9.831
-0.438,-3.146,9.589
-1.17,-3.519,9.202
3.283,-1.507,9.094
-0.421,-2.158,10.087
-1.223,-2.397,9.42
-0.653,-3.429,9.64
-0.593,-3.618,9.477
0.373,-3.007,9.501
0.0,-2.818,9.25
-0.227,-3.359,9.274
0.672,-4.584,8.984
-0.002,-1.629,10.219
-0.333,-3.728,9.482
-1.902,-5.355,9.298
-0.127,-3.785,9.197
-0.165,-3.182,9.499
0.672,-3.041,9.726
-0.333,-2.998,9.709
-1.916,-1.251,10.948
0.397,-2.637,9.778
1.297,-2.936,9.97
-0.935,-3.701,10.046
-1.127,-4.063,9.621
0.038,-3.266,9.314
1.333,-2.476,9.637
0.368,-2.771,9.91
0.601,-2.905,9.534
0.036,-3.412,9.058
-1.431,-3.132,7.111
2.352,-1.67,8.798
0.629,-1.842,9.81
-0.785,-3.407,9.465
-0.943,-3.62,9.003
0.713,-3.034,9.046
0.033,-2.888,9.58
0.474,-2.984,9.625
-0.045,-3.206,9.305
-0.419,-3.335,9.176
0.931,-3.663,8.498
0.139,-1.926,9.848
-0.124,-2.79,9.64
-0.624,-3.33,9.494
-1.637,-4.321,9.424
0.766,-3.173,9.439
-0.144,-3.094,9.702
0.17,-2.926,9.566
0.12,-2.653,9.752
-2.806,-1.314,14.006
1.27,-2.266,9.865
0.565,-2.364,10.142
-0.79,-2.94,10.439
-1.481,-3.711,9.764
-0.199,-2.783,9.611
0.318,-2.993,9.601
0.359,-2.562,9.817
0.203,-2.83,9.666
-1.122,-3.529,8.831
1.907,-2.127,8.86
0.845,-2.268,9.872
0.108,-2.419,9.896
-2.938,-4.555,9.616
0.407,-3.158,9.455
0.148,-3.163,9.463
1.041,-2.795,9.257
0.402,-2.713,9.503
-0.646,-3.048,9.455
3.618,-2.158,8.099
-0.172,-2.158,10.159
-0.34,-2.634,9.97
-2.242,-3.424,9.41
0.062,-3.914,9.092
0.268,-3.273,9.228
0.079,-3.115,9.31
0.089,-2.993,9.484
-0.122,-2.967,9.568
0.507,-2.967,9.412
0.266,-3.445,9.31
0.505,-3.656,9.111
0.261,-3.996,9.121
0.811,-3.747,8.998
0.847,-3.467,9.283
1.12,-3.508,9.18
1.182,-3.807,9.207
0.345,-3.668,9.039
0.653,-3.62,9.14
0.775,-4.149,9.664
0.924,-3.979,9.585
0.309,-3.196,9.747
0.414,-3.304,9.412
0.299,-3.63,9.061
0.519,-3.807,8.965
0.364,-3.881,9.204
0.232,-3.842,9.235
0.534,-3.594,8.862
0.739,-3.744,8.903
0.718,-3.761,9.247
1.227,-3.814,9.204
0.991,-3.438,9.384
0.593,-3.567,9.534
0.502,-3.584,9.711
0.656,-3.539,9.585
0.565,-3.196,9.587
0.249,-3.177,9.331
0.321,-2.919,9.089
0.258,-2.833,9.326
0.567,-3.01,9.36
0.553,-3.412,9.353
0.366,-3.634,9.381
0.141,-3.718,9.252
0.077,-3.663,9.154
0.45,-3.656,9.109
0.555,-3.397,9.073
0.562,-3.448,9.054
4.694,-3.445,7.525
1.503,-2.105,9.465
0.749,-3.173,9.494
