1.608,6.778,7.163
1.646,6.304,7.254
1.577,6.534,7.194
1.531,6.651,7.216
1.622,6.486,7.221
1.629,6.491,7.161
1.665,6.556,7.12
1.572,6.534,7.202
1.608,6.465,7.269
1.503,6.453,7.192
1.512,6.395,7.216
1.608,6.431,7.247
1.553,6.529,7.211
1.524,6.403,7.242
1.498,6.359,7.197
1.768,6.307,7.242
1.574,6.455,7.18
1.536,6.525,7.171
1.416,6.508,7.221
1.608,6.336,7.3
1.775,6.467,7.221
1.641,6.558,7.163
1.615,6.556,7.159
1.613,6.446,7.204
1.457,6.369,7.197
1.596,6.422,7.154
1.641,6.596,7.187
1.658,6.943,7.144
1.711,6.371,7.161
1.562,6.158,7.214
1.512,5.862,7.36
1.579,6.316,7.202
1.838,6.824,7.077
1.79,6.752,7.087
1.773,6.481,7.147
1.603,6.374,7.19
1.352,6.228,7.269
1.823,6.192,7.247
2.271,6.788,7.025
1.919,6.816,7.092
1.579,6.412,7.108
1.696,6.45,7.159
1.053,5.824,6.974
2.28,7.192,6.977
1.467,6.778,7.18
1.881,6.481,7.108
1.706,6.252,7.135
1.519,6.403,7.218
1.412,6.376,7.173
2.933,6.967,6.852
1.637,6.627,7.037
-0.038,6.173,7.508
1.608,6.721,7.125
1.639,6.288,7.118
1.766,6.352,7.025
1.818,6.405,7.065
1.725,6.498,7.065
1.615,6.481,7.135
1.809,6.642,7.123
1.814,6.804,7.001
1.842,6.761,6.962
1.926,6.654,6.991
2.108,6.802,7.022
1.735,6.312,7.056
1.806,6.697,6.984
1.802,6.773,7.027
1.747,6.733,7.02
1.711,6.613,7.063
1.883,6.415,7.068
1.816,6.405,7.096
1.782,6.587,7.044
1.785,6.563,7.008
1.751,6.515,7.072
1.723,6.532,7.063
1.756,6.479,7.037
1.859,6.623,7.022
1.854,6.592,6.994
1.404,7.278,7.037
1.861,6.711,7.053
1.821,6.46,7.053
1.902,6.369,7.07
1.778,6.671,6.984
1.897,6.666,6.998
1.806,6.697,6.998
1.869,6.651,6.974
1.885,6.584,6.979
1.787,6.52,6.994
1.821,6.551,7.032
1.821,6.517,7.049
1.771,6.604,6.998
1.84,6.546,7.015
1.782,6.572,7.015
1.826,6.551,7.027
1.814,6.716,6.965
1.95,6.611,6.943
1.838,6.721,7.001
1.881,6.525,6.974
1.689,6.647,7.008
1.998,6.577,6.953
1.799,6.642,6.941
1.773,6.563,7.017
1.864,6.546,7.032
1.766,6.709,6.984
1.864,6.891,6.998
1.806,6.666,7.022
1.926,6.424,6.996
1.849,6.558,6.97
1.883,6.642,6.903
1.821,6.532,7.068
1.775,6.666,7.001
1.876,6.663,6.958
1.799,6.639,6.953
1.852,6.513,6.998
1.83,6.599,6.979
1.842,6.635,6.97
1.95,6.539,6.967
1.845,6.63,6.927
1.849,6.632,6.943
1.656,6.615,7.008
1.756,6.565,7.005
1.534,6.754,6.972
1.67,6.797,6.946
2.127,6.221,6.891
1.816,6.642,6.97
2.323,6.52,6.821
1.749,6.869,6.867
1.881,6.632,6.927
1.921,6.62,6.886
1.881,6.611,6.927
1.883,6.666,6.879
1.857,6.723,6.96
1.912,6.735,6.848
1.931,6.594,6.886
1.737,6.556,6.895
1.773,6.474,7.003
1.871,6.68,6.898
1.66,6.876,6.852
2.019,6.845,6.766
1.242,7.527,6.871
2.287,6.264,6.938
1.495,6.723,7.017
1.699,6.845,6.888
1.974,6.69,6.876
1.869,6.778,6.812
1.948,6.625,6.812
1.993,6.649,6.788
1.912,6.828,6.857
1.756,6.582,6.898
1.847,6.651,6.924
1.806,6.611,6.967
1.814,6.69,6.924
1.787,6.618,6.879
2.0,6.855,6.862
1.579,6.498,6.989
1.859,6.637,6.912
1.787,6.759,6.867
1.885,7.223,6.828
1.955,6.458,6.946
1.866,6.517,6.97
1.802,6.613,6.879
1.943,6.692,6.824
1.924,6.694,6.907
1.787,6.656,6.941
1.981,6.675,6.828
2.065,6.627,6.785
1.897,6.584,6.922
1.969,6.864,6.816
1.871,6.73,6.857
1.792,7.025,6.972
1.869,6.778,6.831
1.971,6.673,6.816
1.802,7.087,6.864
2.141,6.668,6.802
1.89,6.687,6.869
1.998,6.711,6.769
1.933,6.367,6.864
1.9,6.726,6.929
1.857,6.776,6.864
2.046,6.838,6.79
1.799,6.611,6.95
1.979,6.907,7.07
1.778,6.671,6.862
2.51,6.338,6.551
1.634,6.905,6.802
1.983,6.611,6.831
1.677,6.706,6.965
1.833,6.625,6.996
2.017,6.709,6.802
1.993,6.812,6.785
1.749,6.685,6.809
1.809,6.544,6.938
1.976,6.496,6.895
1.95,6.718,6.855
2.16,6.934,6.699
2.038,7.003,6.678
2.216,6.513,6.869
1.928,6.381,7.352
2.242,6.69,6.738
1.787,6.848,6.826
1.785,6.974,6.79
2.019,6.474,6.769
2.357,6.338,6.778
2.842,6.075,6.635
1.424,7.582,6.795
-2.663,2.603,7.388
1.627,6.206,6.843
1.986,6.702,6.905
1.792,6.692,6.965
1.546,6.73,6.852
1.871,6.374,6.879
1.723,6.321,6.915
2.208,6.493,6.79
2.067,6.759,6.749
1.72,7.178,6.778
1.534,6.977,6.824
2.35,6.996,6.673
2.06,6.46,6.824
1.883,6.625,6.852
1.421,6.613,6.95
1.967,6.668,6.843
2.57,7.041,6.635
1.505,6.673,6.989
1.512,6.546,6.907
1.625,6.508,6.934
2.113,6.577,6.807
2.137,6.86,6.759
1.945,7.238,6.714
2.151,6.972,6.74
1.971,6.424,6.596
4.51,5.575,9.967
0.888,6.946,6.905
-2.804,3.974,7.252
5.233,8.12,6.204
0.471,6.084,7.137
2.675,6.3,6.764
1.531,6.97,6.862
2.125,6.618,6.879
1.802,6.745,6.893
2.019,6.632,6.891
1.747,6.489,6.986
1.885,6.666,6.936
2.036,6.757,6.749
2.168,6.726,6.766
1.986,6.587,6.862
1.766,6.594,6.996
1.866,6.649,6.936
1.995,6.828,6.79
2.024,6.742,6.788
1.857,6.647,7.063
1.919,6.474,6.879
1.95,6.62,6.876
1.68,6.364,6.742
2.017,6.814,6.761
2.065,6.577,6.723
1.979,6.85,6.855
2.094,6.79,6.8
1.861,6.659,6.986
1.916,6.448,6.864
1.804,6.596,6.948
2.024,6.795,6.754
2.024,6.529,6.912
2.144,6.663,6.738
1.962,6.804,6.769
2.079,7.049,6.714
2.122,6.915,6.709
2.12,6.522,6.833
1.993,6.35,6.91
1.904,6.943,6.747
2.237,6.766,6.596
2.07,6.682,6.836
1.976,6.491,6.819
2.034,6.656,6.797
2.072,6.769,6.778
2.103,6.749,6.781
2.029,6.704,6.814
1.998,6.51,6.9
2.079,6.773,6.723
2.108,6.97,6.647
2.132,6.821,6.726
2.019,6.582,6.804
2.084,6.601,6.783
2.11,6.761,6.776
2.07,6.793,6.709
2.024,6.804,6.781
2.031,6.592,6.824
2.065,6.613,6.831
2.127,6.761,6.769
2.053,6.812,6.728
2.053,6.666,6.785
2.103,6.718,6.783
2.089,6.924,6.749
1.981,6.759,6.793
2.031,6.501,6.883
2.096,6.57,6.8
2.175,6.558,6.802
2.172,6.9,6.666
2.163,6.611,6.671
2.254,6.797,6.584
2.134,6.436,6.8
2.304,6.718,6.814
1.957,6.898,6.781
1.916,6.989,6.819
2.235,6.769,6.747
2.223,6.522,6.831
1.804,6.718,6.869
2.182,6.608,6.807
1.945,6.522,6.874
2.182,6.584,6.819
1.962,6.694,6.838
2.096,6.682,6.852
1.761,6.699,6.888
1.775,6.599,6.982
1.658,6.781,6.869
1.747,6.998,6.807
2.024,6.592,6.814
2.259,6.52,6.781
1.993,6.548,6.85
1.83,6.871,6.749
2.034,7.096,6.721
1.907,6.802,6.752
2.259,6.553,6.807
1.859,6.474,6.85
2.01,6.771,6.781
2.017,6.735,6.814
2.067,6.927,6.8
1.924,6.539,6.888
2.761,9.609,5.91
2.881,8.577,4.29
2.524,14.25,8.977
1.864,9.659,9.286
1.426,4.776,7.223
2.132,6.553,6.819
2.12,6.8,6.749
2.086,6.809,6.673
2.038,6.594,6.814
1.952,6.73,6.802
2.084,6.769,6.721
2.003,6.57,6.881
1.907,6.855,6.85
1.699,6.742,6.977
1.871,6.84,6.828
1.847,6.496,6.766
2.141,6.623,6.706
1.936,6.606,6.814
2.07,6.735,6.84
2.029,6.927,6.733
2.01,6.962,6.769
2.156,6.57,6.73
2.043,6.604,6.862
2.043,6.455,6.833
2.072,6.709,6.721
2.098,6.721,6.776
1.976,6.974,6.699
2.12,7.001,6.635
2.072,6.783,6.764
1.845,6.443,6.871
2.129,6.336,6.754
2.251,6.977,6.601
1.998,6.938,6.726
2.089,6.769,6.716
1.909,6.527,6.922
1.983,6.539,6.946
2.127,6.804,6.831
2.029,7.106,6.627
2.012,7.015,6.682
2.027,6.635,6.764
2.05,6.383,6.816
2.077,6.68,6.797
2.165,7.149,6.615
2.065,6.922,6.793
2.101,6.773,6.716
2.103,6.649,6.716
2.311,6.828,6.546
2.074,6.867,6.553
2.251,6.682,6.726
1.639,4.347,7.348
1.945,4.496,5.644
2.79,13.19,10.757
1.696,6.924,10.228
3.077,9.295,4.5
2.44,7.092,6.381
2.22,6.599,6.706
2.287,6.728,6.678
2.213,6.843,6.706
1.981,6.773,6.871
2.053,6.556,6.797
2.225,7.02,6.608
2.249,6.828,6.666
2.342,6.816,6.733
2.048,6.47,6.886
1.9,6.465,7.058
2.105,6.637,6.938
2.45,7.785,8.64
1.971,8.281,13.898
2.704,6.874,6.462
2.058,6.738,6.723
2.531,6.362,6.639
2.254,6.434,6.764
2.149,6.546,6.936
1.957,6.895,6.955
2.18,7.008,6.754
2.18,6.714,6.857
2.259,6.752,6.857
1.938,6.283,7.025
1.67,5.931,7.372
1.699,6.508,7.23
-0.419,10.326,9.003
2.11,5.175,6.254
3.321,5.608,6.259
1.799,6.548,6.953
2.285,6.532,6.395
2.22,6.23,6.929
1.756,5.819,7.687
1.971,6.398,7.446
2.113,6.675,7.317
2.304,6.288,7.01
1.971,6.869,7.166
1.849,7.137,7.247
2.285,6.441,7.151
1.885,5.847,7.307
1.849,5.515,7.027
1.811,5.759,7.12
1.416,5.965,7.977
2.055,5.627,7.955
1.376,4.445,7.68
1.668,5.847,7.963
1.895,5.412,7.726
1.579,5.9,7.537
2.098,6.149,7.293
1.287,5.467,7.826
2.256,5.563,8.321
1.101,5.28,7.972
2.153,7.352,7.331
1.488,-0.132,9.362
2.854,14.777,4.424
2.639,12.604,3.359
2.661,14.53,2.673
2.905,15.805,3.33
2.433,11.106,9.144
1.787,1.407,10.798
2.725,10.348,7.541
2.259,6.678,7.568
1.931,6.237,7.618
1.694,5.515,7.771
1.457,5.221,7.982
1.474,5.869,7.907
1.72,5.857,7.62
2.031,6.192,7.541
1.907,6.001,7.278
1.804,5.467,7.644
1.397,5.491,7.991
1.579,6.127,7.912
2.043,6.202,7.532
1.873,5.979,7.575
1.981,5.558,7.582
1.704,5.56,7.86
1.625,5.807,7.508
2.017,6.027,7.429
2.01,6.036,7.541
1.864,5.804,7.776
1.646,5.855,7.946
1.739,5.725,7.812
2.027,5.737,7.142
1.993,6.204,7.4
1.89,5.965,7.649
1.768,5.587,7.864
1.622,5.608,7.855
1.902,5.79,7.491
1.967,6.209,7.436
1.928,5.778,7.661
1.675,5.658,7.762
2.072,5.778,7.496
2.084,5.771,7.405
2.07,6.003,7.328
1.907,6.316,7.525
1.806,6.125,7.718
1.931,5.776,7.446
1.833,5.845,7.479
1.955,6.06,7.422
1.952,6.178,7.563
1.828,5.845,7.659
1.893,5.95,7.596
2.043,5.902,7.498
2.034,6.036,7.077
2.079,6.168,7.34
1.782,6.247,7.716
1.885,5.783,7.551
2.074,5.804,7.338
2.046,6.113,7.372
2.007,6.125,7.35
1.936,6.099,7.388
1.708,5.914,7.604
2.216,6.108,7.364
1.988,5.804,7.462
1.964,5.814,7.606
1.797,6.192,7.613
1.979,6.06,7.391
2.036,6.376,7.328
2.058,5.912,7.436
1.859,5.833,7.632
1.57,5.802,7.742
1.912,5.845,7.474
2.254,6.211,7.192
2.175,6.156,7.223
2.017,5.972,7.45
1.78,5.67,7.565
1.983,5.917,7.494
1.802,5.721,7.711
1.89,5.256,7.534
1.864,6.348,7.668
1.799,5.977,7.546
2.027,6.008,7.448
2.055,5.682,7.625
1.732,5.876,7.735
1.713,5.881,7.616
1.974,6.017,7.661
1.866,5.917,7.582
2.005,6.065,7.326
2.027,5.943,7.443
1.515,5.618,7.831
1.558,5.678,7.769
1.835,5.998,7.491
1.584,6.513,7.51
2.067,5.955,7.501
1.091,5.615,7.919
1.627,5.938,7.697
1.294,5.639,7.551
1.581,6.017,7.515
1.718,5.814,7.644
1.909,5.651,7.721
1.9,5.51,7.668
1.893,7.029,7.127
1.943,5.127,7.522
1.715,5.752,7.994
1.814,5.656,7.587
1.761,5.364,7.824
1.873,6.17,7.439
2.058,6.422,7.458
1.948,6.005,7.64
1.625,5.414,7.735
1.761,6.06,7.635
1.967,6.12,7.489
1.897,6.19,7.577
1.553,5.386,7.525
1.754,6.137,7.479
2.015,5.895,7.584
1.495,6.254,7.139
1.804,5.91,7.381
1.754,5.771,8.027
2.163,6.522,7.132
1.876,6.108,7.668
1.696,7.419,7.479
4.125,3.725,7.307
2.476,2.89,9.953
1.842,5.407,7.852
2.065,6.29,7.838
1.818,6.654,7.616
2.077,5.185,7.766
1.663,5.584,7.812
1.782,6.089,7.534
1.967,6.125,7.484
2.003,5.845,7.522
1.838,5.582,7.723
1.849,5.85,7.64
1.89,6.242,7.534
1.799,5.824,7.721
1.806,5.496,7.793
1.727,5.843,7.745
1.771,5.879,7.647
1.957,5.955,7.601
1.895,5.867,7.695
1.936,5.845,7.625
1.759,5.713,7.781
1.842,5.623,7.793
1.914,5.694,7.733
1.907,5.785,7.692
1.909,5.826,7.718
1.967,5.859,7.573
2.058,5.835,7.573
1.826,5.795,7.728
1.845,5.589,7.75
1.799,6.161,7.872
1.912,6.084,7.594
1.893,5.993,7.613
2.024,5.73,7.482
1.986,5.625,7.573
1.914,5.673,7.711
1.871,5.862,7.771
1.928,5.824,7.625
1.821,5.95,7.735
2.105,5.563,7.577
1.907,5.721,7.757
2.12,5.728,7.527
1.876,5.819,7.776
1.909,5.625,7.817
1.826,5.692,7.68
2.019,5.864,7.462
2.216,5.905,7.211
2.07,6.144,7.307
1.873,6.237,7.613
1.919,5.998,7.711
1.833,5.742,7.687
1.854,5.824,7.494
2.11,6.068,7.238
1.881,6.044,7.336
2.177,5.819,7.549
1.957,5.749,7.766
1.943,5.867,7.721
2.01,6.158,7.462
2.108,6.225,7.431
2.046,6.036,7.479
1.945,5.785,7.498
1.821,5.977,7.606
1.804,5.737,7.623
1.792,5.807,7.702
2.412,5.414,7.618
1.895,5.694,7.91
2.017,5.991,7.424
2.16,6.247,7.355
2.077,5.929,7.415
1.933,5.867,7.752
1.907,5.596,7.716
1.964,5.828,7.73
1.938,5.881,7.604
2.067,5.924,7.529
1.871,5.833,7.601
1.811,5.984,7.647
2.211,5.776,7.596
1.826,5.792,7.479
1.668,5.807,7.651
1.78,5.847,7.69
1.861,5.694,7.757
2.005,5.728,7.668
2.038,5.721,7.62
1.957,6.017,7.546
1.66,5.893,7.733
1.907,5.809,7.594
1.053,5.802,7.675
2.18,5.891,7.618
2.216,6.034,7.489
1.955,6.013,7.506
1.696,5.723,7.558
2.038,5.666,7.596
1.845,6.345,7.635
1.983,5.965,7.544
1.938,5.977,7.618
1.866,5.804,7.635
1.881,5.656,7.611
1.979,5.934,7.544
1.876,6.142,7.477
1.861,6.139,7.594
1.852,5.943,7.606
1.854,6.013,7.467
2.294,5.958,7.41
1.787,5.986,7.556
1.957,5.673,7.628
1.704,5.843,7.714
1.857,5.85,7.671
1.838,5.8,7.683
2.074,5.831,7.647
1.909,5.924,7.546
1.909,6.13,7.558
1.833,5.828,7.661
1.893,5.757,7.692
1.852,5.737,7.608
1.919,5.843,7.616
1.936,5.984,7.604
1.94,5.713,7.582
2.084,5.682,7.661
1.739,5.651,7.754
2.091,5.905,7.632
2.024,6.111,7.654
1.916,5.938,7.594
1.94,5.845,7.596
1.971,5.594,7.675
2.007,5.737,7.635
1.89,5.984,7.649
1.893,6.053,7.599
2.007,5.969,7.494
2.031,5.723,7.702
2.027,5.618,7.673
1.768,5.635,7.663
1.909,5.931,7.683
1.904,5.946,7.656
1.861,5.847,7.75
1.95,5.797,7.678
2.149,5.852,7.477
2.12,6.106,7.494
1.912,6.039,7.63
1.952,5.807,7.711
1.672,5.369,7.819
2.043,5.654,7.695
2.108,5.568,7.683
1.945,5.639,7.785
1.67,5.606,7.826
2.12,6.142,7.654
2.177,6.221,7.474
2.005,5.694,7.573
1.885,6.077,7.584
1.924,5.914,7.74
1.809,5.993,7.685
2.565,6.206,7.135
2.213,5.969,7.546
2.074,5.78,7.773
2.137,5.919,7.879
2.108,5.847,7.888
2.031,5.584,8.02
1.974,5.517,8.283
1.873,5.953,8.537
1.871,5.843,8.116
1.436,5.795,7.805
1.507,6.316,8.556
2.393,7.482,7.34
3.441,6.654,6.288
3.086,4.103,5.953
2.519,3.431,6.843
2.402,4.527,6.864
2.873,5.405,6.953
3.283,5.316,7.613
3.048,4.173,7.812
2.287,3.139,7.97
2.16,4.407,8.238
2.639,5.828,7.97
2.529,6.537,8.111
1.979,6.034,8.008
1.864,5.84,7.998
1.754,6.501,7.785
1.692,6.508,7.812
1.952,6.316,7.781
2.019,6.075,7.793
1.761,6.292,8.503
0.991,5.783,9.812
0.057,5.486,10.441
0.079,6.269,9.982
0.285,6.316,10.039
-0.065,5.972,10.379
-0.1,6.687,10.322
0.122,6.491,9.649
-1.864,5.625,8.977
-0.447,4.979,6.675
-3.996,4.28,7.539
-2.345,4.455,8.549
1.785,5.146,7.159
0.371,5.986,6.245
-0.201,5.19,4.706
1.328,3.723,3.785
2.452,2.433,3.452
3.95,2.917,3.854
4.826,4.12,3.965
5.185,5.163,3.242
5.84,5.051,2.51
6.953,4.331,1.402
8.128,3.579,0.998
8.879,3.548,2.247
10.312,3.847,4.536
12.09,3.563,6.367
9.338,3.79,4.486
10.46,2.462,7.455
11.312,-2.5,6.879
10.302,-1.802,7.584
9.302,-1.677,8.386
9.549,-1.127,9.156
8.757,-1.189,9.81
7.551,-2.017,8.996
7.474,-3.077,6.649
6.139,-1.988,6.821
7.084,3.469,6.699
6.601,9.946,11.154
5.347,8.202,11.752
6.852,2.098,8.826
5.785,0.596,6.96
6.123,3.019,5.934
6.192,4.878,6.235
7.163,3.866,7.168
7.216,2.955,7.266
6.982,1.885,6.903
7.022,2.122,6.424
7.178,2.247,6.393
7.905,1.945,5.393
8.506,1.78,4.802
7.752,2.187,6.204
7.183,3.091,6.297
7.324,1.792,6.185
7.721,1.878,5.297
7.742,2.371,5.479
7.905,1.859,5.536
8.034,1.548,5.225
8.575,1.261,4.857
8.556,1.251,4.534
7.965,1.443,4.481
7.927,1.457,4.74
8.341,1.086,4.46
8.563,0.938,4.654
8.168,0.998,5.008
8.408,0.938,4.893
7.927,1.16,5.015
8.594,0.885,4.637
8.855,0.78,4.912
8.747,0.285,4.938
8.941,0.254,5.23
8.759,1.426,5.041
8.329,1.515,4.603
8.235,0.866,4.23
8.374,0.794,4.297
8.534,0.615,5.245
8.374,0.73,5.699
8.599,0.49,5.266
8.573,0.313,4.85
8.721,0.28,4.644
8.762,0.962,4.474
8.664,0.746,4.175
8.606,0.629,4.823
8.606,0.684,4.929
8.616,0.835,4.321
8.704,0.687,3.854
8.604,0.727,4.197
8.616,0.861,4.663
8.695,0.617,4.441
8.652,0.857,4.426
8.544,0.935,4.46
8.575,1.242,4.905
8.62,1.002,4.814
8.659,0.952,4.091
8.719,0.962,4.015
8.534,1.232,4.491
8.692,0.95,4.73
8.63,1.153,4.922
8.465,1.258,4.886
8.716,1.062,4.57
8.754,1.067,4.065
8.503,1.318,4.4
8.362,1.302,4.936
8.506,1.079,5.02
8.668,1.223,4.321
8.527,1.208,4.302
8.608,1.117,4.529
8.769,1.182,4.795
8.494,1.448,4.553
8.422,1.117,3.948
8.386,1.349,4.596
8.348,1.768,4.68
8.47,1.199,4.919
8.35,1.479,4.809
8.24,1.732,4.197
8.427,1.79,4.077
8.326,1.904,5.084
8.202,1.986,4.79
8.168,1.684,4.201
8.398,1.593,4.189
8.47,1.998,5.12
8.573,1.333,4.694
8.652,1.464,4.321
8.417,1.902,4.634
8.152,1.907,4.969
8.393,1.969,4.8
8.443,1.493,4.18
8.417,1.945,4.536
8.355,2.285,4.912
8.3,2.189,4.955
8.446,2.0,4.663
8.329,2.151,4.776
8.175,2.027,5.101
8.207,2.268,4.869
7.986,2.079,4.292
8.168,2.297,3.493
8.178,2.158,3.687
8.262,2.239,4.666
8.266,2.333,5.221
8.434,2.299,5.151
8.451,2.141,4.819
8.3,2.292,4.663
8.242,2.562,4.687
8.118,2.562,4.85
8.204,2.292,4.658
8.422,2.235,4.252
8.285,2.333,4.316
8.281,2.445,4.512
8.36,2.751,4.886
8.329,2.651,5.051
8.338,2.589,4.919
8.52,1.995,4.154
8.486,2.383,3.84
8.204,2.675,3.948
8.135,3.043,4.218
8.006,2.873,4.541
8.41,2.632,4.309
8.175,2.574,4.271
8.13,2.929,4.419
8.073,2.677,4.347
8.477,2.701,4.323
8.274,2.574,4.254
8.152,2.673,4.151
8.111,2.799,4.125
7.896,2.761,3.871
8.07,2.457,3.948
8.199,2.79,3.991
8.585,2.694,4.596
8.477,2.57,5.123
8.848,2.077,4.706
8.807,2.266,4.5
8.788,2.512,4.809
8.436,2.696,4.419
8.245,2.634,3.802
8.175,2.68,3.5
8.238,2.627,3.553
8.448,2.405,3.591
8.537,2.278,4.055
7.982,2.617,4.821
7.644,2.553,5.005
6.871,1.452,5.312
6.761,0.526,5.022
7.288,0.768,4.242
7.333,0.268,2.986
7.699,0.026,2.163
8.793,1.617,1.244
8.972,1.629,1.251
9.286,1.833,1.086
9.489,1.971,1.175
9.719,2.038,1.926
9.709,2.704,2.352
9.633,2.68,2.661
9.475,2.835,2.381
9.199,3.252,2.57
9.314,2.78,2.766
9.582,2.187,2.4
9.489,1.704,2.29
9.475,1.067,2.744
9.489,0.23,3.575
9.625,0.287,3.955
9.477,0.304,4.335
9.556,0.012,4.364
9.266,-1.034,4.29
9.07,-2.079,4.438
9.13,-2.39,4.802
8.821,-2.117,4.752
8.781,-1.902,4.484
8.798,-2.005,4.343
8.683,-2.608,4.4
8.752,-2.72,5.0
8.845,-2.347,5.032
8.69,-2.027,5.146
8.62,-1.974,5.402
8.364,-1.981,5.611
8.283,-2.385,5.527
8.211,-2.687,5.776
8.312,-2.082,6.053
8.381,-1.366,6.094
8.343,-1.771,5.972
8.077,-2.041,5.969
7.69,-1.926,6.448
7.139,-1.572,6.927
6.613,-1.352,7.029
6.4,-1.199,6.843
5.929,-1.182,7.453
5.544,-1.881,8.288
5.623,-1.553,8.654
5.651,-1.804,8.563
5.646,-1.632,8.544
5.618,-1.211,8.498
5.123,-0.845,8.408
4.673,-0.947,8.125
4.376,-1.345,7.886
3.955,-1.275,8.183
3.551,-1.201,8.326
3.153,-0.883,8.508
2.539,-0.529,8.893
2.261,-0.962,8.989
2.883,-1.285,8.929
2.462,0.56,9.281
2.074,1.885,9.915
1.364,2.141,10.078
0.756,1.555,9.991
1.074,2.089,10.125
-0.029,2.852,11.056
0.022,3.443,10.996
-0.797,2.917,11.042
-0.646,3.261,10.563
-0.507,3.017,10.621
-0.974,2.964,10.403
-1.187,3.352,10.317
-2.067,3.582,10.499
-1.883,3.943,9.958
-2.943,4.496,9.343
-2.498,4.122,8.305
-2.85,3.802,7.721
-2.862,3.811,8.099
-3.395,3.354,8.07
-3.476,4.28,8.202
-3.598,5.075,8.685
-3.431,5.594,8.508
-3.725,4.871,8.817
-4.51,4.288,9.185
-4.46,2.845,9.082
-4.862,2.201,9.192
-4.333,0.699,8.527
-3.689,-0.266,7.86
-3.158,-2.716,7.405
-3.34,-4.386,7.632
-4.103,-4.414,8.788
-3.771,-2.67,9.958
-2.972,-3.242,9.953
-2.211,-4.223,10.369
-2.591,-3.146,11.568
-2.802,-2.134,11.841
-2.168,-1.498,12.635
-2.158,-2.531,13.183
-2.261,-1.663,13.075
-2.127,-0.337,13.827
-2.775,-0.426,13.788
-1.83,0.565,12.267
-1.562,-0.498,11.504
-2.988,0.103,10.173
-1.395,2.094,10.757
-2.223,-2.302,10.922
-2.022,-0.926,12.949
-2.012,-1.06,13.43
-2.512,-2.244,13.513
-1.665,-2.433,12.834
-1.931,-1.369,12.085
-1.321,0.134,11.745
-0.249,2.385,11.233
0.182,1.481,10.637
1.617,0.254,10.207
2.041,-1.883,10.18
2.778,-2.094,10.2
3.35,-2.239,10.334
3.586,-2.541,10.338
3.823,-3.283,9.81
3.309,-4.718,8.917
3.333,-4.457,8.716
2.467,-3.675,9.061
2.096,-3.613,8.853
1.4,-3.426,7.706
-0.05,-2.347,6.62
-1.058,-0.141,6.412
-1.744,4.041,7.762
-3.687,5.764,7.958
-4.711,9.01,9.293
-5.704,12.286,10.101
-5.036,12.018,11.537
-4.529,10.807,12.121
-3.106,9.345,12.81
-2.177,7.515,13.437
-0.955,5.29,13.867
-0.797,3.842,12.362
-1.589,1.392,10.92
-1.431,-0.459,9.393
-0.268,-0.66,9.314
-0.897,-3.06,9.269
-0.598,-2.534,10.506
0.39,-3.945,10.702
1.282,-6.893,9.556
1.622,-9.374,8.161
1.151,-11.805,7.051
2.086,-13.401,5.73
2.352,-13.58,3.967
2.991,-14.42,3.876
1.225,-10.767,7.156
1.431,-9.611,9.458
3.108,-6.816,10.128
1.66,-8.077,9.111
2.539,-8.4,9.293
3.12,-6.221,10.685
2.929,-0.383,11.834
3.173,-2.952,9.757
3.931,-4.022,8.635
3.991,-3.697,8.893
3.917,-3.988,8.987
5.536,-2.101,8.398
5.06,-0.062,8.544
4.979,-0.62,8.317
4.335,-3.352,8.252
4.962,-3.689,8.278
4.663,-1.206,8.599
4.022,-0.328,8.451
3.462,-2.256,7.922
3.505,-2.723,8.082
4.158,-2.55,7.824
4.809,-2.73,7.738
4.694,-1.67,7.934
4.369,-1.591,8.142
4.02,-1.871,8.314
3.725,-0.799,8.073
2.699,-1.369,8.12
1.976,-1.443,8.219
0.725,-2.929,7.764
1.345,-2.479,8.439
0.794,-0.275,9.566
0.694,-1.883,9.204
1.201,-1.18,9.082
0.368,0.05,9.451
-0.299,0.675,10.379
-1.278,2.254,10.618
-1.641,2.476,10.781
-1.325,2.873,11.061
-1.993,2.567,13.858
-1.357,-0.694,14.36
0.486,-0.569,11.386
-0.361,0.852,10.994
-0.002,-1.297,8.774
-0.376,-0.646,8.073
0.127,-0.435,8.568
-0.072,-2.316,9.168
0.51,-3.058,9.247
1.517,-3.584,9.417
1.055,-2.51,9.936
0.995,-1.553,10.125
0.971,-0.787,10.697
0.457,-0.813,11.08
-0.526,-2.651,11.207
-0.017,-1.646,11.434
-0.56,-2.519,11.212
-0.677,-2.031,10.642
-0.682,-2.237,10.18
-0.651,-2.115,9.8
-0.83,-2.945,9.25
-0.67,-2.46,9.295
-0.859,-1.974,9.324
-0.811,-1.519,9.156
-0.979,-1.096,8.915
-1.144,-1.55,8.664
-1.459,-1.263,8.343
-1.754,-2.242,7.573
-1.687,-2.811,6.632
-1.847,-2.61,6.068
-2.321,-2.512,5.603
-2.799,-2.35,4.847
-2.718,-1.964,4.008
-3.247,-1.302,3.826
-3.866,-2.675,4.072
-3.594,-3.582,3.96
-4.156,-2.783,4.046
-5.168,-2.718,4.122
-4.828,-3.007,4.297
-5.056,-2.33,5.223
-4.608,-2.412,6.503
-6.003,-1.747,8.166
-5.577,-2.237,8.802
-7.328,-2.192,9.508
-7.793,-2.61,10.063
-6.795,-2.766,10.372
-5.441,-4.091,8.166
-6.278,-0.852,12.461
-6.161,-3.33,11.877
-5.331,-4.285,12.781
-5.28,-3.888,14.186
-4.933,-3.864,13.92
-4.266,-5.405,13.25
-3.127,-5.242,13.339
-3.519,-5.465,13.855
-3.988,-6.187,13.372
-4.079,-6.663,12.683
-4.048,-5.855,9.922
-3.385,-5.917,8.927
-3.077,-5.658,9.843
-2.84,-5.065,10.087
-3.945,-4.998,9.269
-3.78,-5.56,7.953
-4.307,-5.981,6.431
-3.4,-6.187,6.163
-3.685,-6.386,6.568
-2.5,-5.364,6.596
-0.983,-5.544,5.426
1.323,-5.132,7.218
2.936,-3.893,9.281
3.385,-1.912,11.446
2.802,-0.904,11.097
4.031,1.029,10.848
3.78,0.096,9.702
4.534,-0.79,9.592
3.893,-0.644,11.592
4.771,1.105,12.427
7.005,-0.007,9.312
8.783,0.223,9.372
6.812,2.268,9.444
6.716,2.44,8.245
4.206,2.314,8.386
-5.237,-2.728,10.334
-13.169,-3.742,11.556
-7.269,-6.237,7.417
0.581,-4.149,5.347
-4.512,5.247,8.577
-9.707,5.501,12.353
-7.194,2.05,11.166
-3.23,-3.622,7.802
-4.701,-0.165,11.082
-3.156,-2.658,11.221
-3.4,-2.637,10.329
-2.869,-2.539,9.683
-3.292,-1.05,11.056
-2.649,-2.763,10.314
-3.158,-2.216,9.455
-3.61,-2.665,8.388
-3.405,-3.273,9.333
-3.127,-2.421,10.831
-2.917,-2.615,9.845
-2.278,0.11,9.776
-2.622,-2.034,10.032
-2.371,-3.18,9.759
-2.979,-4.881,9.137
-1.632,-1.625,9.855
-0.596,-2.986,11.724
-0.866,-4.584,11.611
-1.364,-3.546,10.807
-1.739,-4.003,11.367
-0.969,-5.17,10.027
-1.354,-4.819,9.939
-2.342,-4.45,10.07
-1.345,-4.467,10.807
-0.45,-1.79,10.451
-0.665,-2.015,10.594
0.16,-4.022,10.027
-0.971,-3.275,9.752
-1.096,-3.711,10.68
-0.526,-2.192,10.716
0.311,-3.74,11.807
-0.83,-2.16,11.245
-0.167,-2.931,10.355
-1.294,-1.964,9.594
-0.488,-3.677,10.726
-0.086,-2.802,11.398
0.73,-2.531,10.523
0.423,-2.0,10.501
-0.01,-1.534,10.092
-0.474,-2.024,9.534
0.273,-4.034,9.81
0.603,-4.649,9.501
0.139,-5.338,10.599
0.163,-4.694,11.59
-0.089,-3.089,11.338
-1.29,-3.182,12.169
-0.007,-3.0,11.03
-1.067,-2.541,10.293
0.768,-2.981,10.168
1.402,-2.146,9.551
1.857,-1.727,7.941
0.141,-1.053,7.601
-0.048,-1.328,6.946
2.005,-3.005,5.12
1.9,-2.101,5.623
4.197,-1.28,6.015
0.648,-0.883,6.154
0.876,-2.306,5.656
2.498,-3.668,7.922
4.421,-1.713,10.202
4.512,-2.338,10.422
2.821,-1.704,8.75
3.321,-1.261,7.549
4.503,-0.816,7.388
3.976,0.156,8.92
2.725,-0.4,10.956
-2.637,-0.56,12.702
-1.213,-2.811,12.214
-1.806,-5.728,10.867
1.565,-5.254,10.568
0.359,-3.787,12.37
-0.014,-2.285,12.252
1.57,-3.369,11.228
1.431,-2.038,10.606
1.921,-2.287,9.891
2.254,-2.354,9.477
1.426,-2.479,10.082
1.603,-2.94,10.329
1.814,-3.383,10.659
0.947,-3.601,11.315
0.727,-4.01,11.848
1.467,-3.847,13.252
0.945,-3.991,13.707
1.462,-4.242,13.619
1.227,-3.431,12.329
1.605,-4.998,10.862
1.409,-6.015,10.003
2.405,-5.735,9.747
2.67,-5.02,8.061
2.476,-4.57,7.69
2.206,-3.472,8.491
1.546,-2.22,8.599
1.639,-2.952,7.608
2.816,-2.952,7.852
2.816,-1.555,7.69
1.223,0.27,6.867
1.883,0.239,6.147
2.897,-1.57,5.398
5.685,-2.543,5.704
4.204,-1.244,5.886
4.331,-0.739,5.333
4.823,-1.036,4.74
4.319,-1.337,5.161
3.591,-2.168,6.647
3.228,-1.464,7.718
2.598,0.165,9.006
2.606,-0.462,9.79
0.849,-2.778,10.657
-1.084,-4.292,10.97
-0.866,-4.728,9.532
2.615,-5.051,8.415
2.376,-3.199,10.003
1.213,-2.055,11.965
0.007,-1.139,12.329
1.806,-1.775,11.023
2.268,-2.701,10.168
1.292,-2.187,10.384
2.012,-2.634,9.843
1.916,-1.699,9.57
1.613,-2.366,10.334
1.069,-0.986,11.944
1.402,-2.55,12.3
0.892,-3.74,12.37
1.282,-3.974,12.389
1.318,-4.599,12.027
1.467,-4.101,11.982
1.419,-4.328,12.083
1.323,-6.008,11.994
1.208,-6.723,11.264
1.5,-6.699,10.503
1.67,-4.259,10.848
1.694,-3.084,10.968
1.33,-5.077,10.023
1.428,-5.254,9.628
2.795,-1.637,9.597
3.23,-0.498,8.625
3.589,-1.885,7.051
3.35,-4.012,5.776
2.316,-3.972,4.783
2.83,-1.467,5.563
3.048,2.505,5.089
2.302,5.008,5.18
1.562,3.9,5.498
2.823,3.567,6.637
3.106,2.579,6.63
4.072,2.235,6.001
4.335,-0.976,4.558
3.062,-6.716,4.311
0.998,-10.719,4.974
3.175,-7.314,6.108
4.661,-4.02,7.096
4.316,-2.902,9.121
3.764,-1.955,10.97
0.845,-3.689,12.319
0.907,-4.175,11.638
2.457,-6.781,9.81
2.72,-7.001,9.324
2.931,-6.103,10.228
2.706,-5.833,11.279
2.608,-5.792,11.831
2.11,-3.926,12.925
2.206,-3.402,12.571
1.524,-4.888,11.532
1.156,-6.041,11.413
1.34,-6.07,11.523
1.292,-5.948,11.413
1.615,-5.111,11.401
1.258,-5.065,11.09
1.536,-5.316,10.221
1.84,-5.721,9.649
1.718,-5.84,8.687
2.206,-5.417,7.649
2.385,-5.431,7.637
2.01,-4.989,8.262
1.27,-4.723,8.266
1.385,-4.266,8.573
1.888,-3.933,8.608
2.625,-2.991,8.747
2.996,-2.78,8.97
3.385,-2.634,8.963
3.981,-1.706,9.343
4.316,-1.381,8.946
4.302,-2.005,8.556
3.96,-2.256,8.183
4.596,-2.182,8.183
4.776,-2.017,8.278
4.548,-2.402,8.171
4.8,-2.091,7.989
4.685,-2.44,8.175
5.005,-2.474,8.195
5.371,-2.354,8.178
6.048,-2.28,7.891
5.831,-2.156,7.651
5.108,-1.928,7.472
4.615,-1.349,7.13
4.11,-0.746,6.771
3.969,-0.577,6.723
3.747,-0.045,6.35
3.067,-0.091,6.178
2.165,0.144,5.479
1.072,-1.043,5.182
0.907,-1.737,4.878
0.897,-2.074,4.725
-0.041,-2.536,6.288
0.534,-3.129,7.312
1.249,-1.794,8.544
1.78,-1.567,8.759
0.132,-2.302,8.285
0.38,-2.431,8.525
0.227,-2.409,8.24
-0.88,-2.594,9.592
2.266,-0.498,8.152
1.593,-3.079,9.295
0.593,-2.302,9.542
-0.962,-2.866,30.02
-1.462,-1.45,10.697
-0.646,-2.766,10.836
-0.502,-2.522,8.53
-0.407,-2.864,9.546
-0.153,-2.007,9.664
0.577,-1.78,11.228
0.244,-0.902,9.446
0.991,-0.967,8.74
0.373,-0.079,10.228
1.364,-0.945,10.302
0.871,-1.438,9.477
0.024,0.443,9.403
-0.38,0.156,9.683
-0.88,0.61,7.661
-2.579,-0.129,8.247
-2.211,-2.094,6.687
-3.146,-3.137,3.687
-5.792,-1.933,4.323
-5.675,-1.842,3.531
-7.13,-2.218,2.125
-8.649,-3.747,0.175
-9.908,-4.11,0.316
-11.291,-1.668,2.036
-15.791,-4.024,4.443
-11.834,-2.424,6.764
-12.353,-1.579,5.692
-12.867,-3.216,2.428
-13.767,-5.996,0.251
-16.942,-7.537,2.07
-17.552,-9.824,1.469
-18.598,-10.451,4.003
-26.787,-11.891,2.606
-23.88,-3.058,1.0
-16.911,-10.647,2.821
-29.453,-5.709,7.156
-24.916,-11.058,4.474
-28.907,-8.585,6.867
-27.141,-12.535,9.633
-27.05,-11.582,7.704
-21.627,-6.438,5.323
-17.002,-10.223,3.287
-23.0,-1.457,1.732
-20.055,-13.815,0.78
-19.88,0.062,2.708
-17.1,-5.661,1.206
-12.812,-2.16,-3.85
-8.264,-5.02,-7.077
-10.652,-5.819,-7.403
-11.628,-1.452,-1.751
-13.875,5.302,3.11
-11.695,-0.806,4.546
-11.678,2.811,9.857
-13.786,5.359,12.985
-5.276,-6.517,17.306
-3.072,-17.609,17.064
-6.857,-11.561,7.893
-11.865,-6.204,10.032
-13.93,-2.952,12.425
-19.461,-0.412,15.19
-20.715,3.259,15.133
-19.696,-0.414,12.712
-18.538,-3.981,9.982
-16.241,-5.809,8.276
-13.872,-6.915,6.407
-13.341,-5.568,3.192
-12.461,-4.608,0.445
-10.989,-2.579,-0.9
-11.003,-2.606,-0.144
-10.702,-6.412,1.881
-13.781,-7.108,3.005
-18.155,-4.563,6.649
-16.724,2.713,6.544
-13.197,4.792,6.175
-14.387,4.704,6.726
-14.449,4.589,6.668
-12.348,6.986,7.254
-10.317,9.659,7.032
-9.666,11.109,6.271
-8.23,11.293,6.706
-7.12,10.97,7.4
-8.152,10.566,8.486
-10.25,11.774,10.925
-5.223,14.071,10.405
-2.749,11.841,6.886
-2.094,5.955,4.249
0.775,3.675,5.0
-3.287,2.682,8.647
1.696,4.151,8.35
1.455,4.048,9.915
-0.553,5.582,12.394
-0.077,4.426,12.906
0.909,3.878,9.585
-0.421,1.108,9.743
-0.117,2.103,10.14
-0.352,1.175,8.235
-0.739,1.794,10.386
-4.051,-0.761,11.982
2.759,1.325,8.628
-1.065,-0.053,8.12
-0.962,-0.95,8.829
0.084,-1.617,8.984
1.203,-0.445,8.434
-0.184,-0.146,9.022
1.725,-1.266,8.795
1.785,-0.66,9.29
1.849,-0.964,8.546
1.632,-2.041,8.539
1.445,-1.644,7.561
1.043,-0.88,7.706
-0.723,-1.247,8.393
-0.309,-1.739,7.692
-0.445,-2.921,7.465
-3.622,-4.689,7.257
-4.718,-2.799,7.46
-5.108,-1.871,3.919
-4.996,0.689,2.704
-5.639,-1.058,4.658
-7.077,-2.038,2.933
-7.955,-4.919,2.208
-10.669,-7.343,1.904
-13.666,1.672,5.242
-8.568,1.318,4.797
-10.286,-6.656,1.766
-13.202,-6.371,1.893
-12.951,-4.733,0.842
-14.379,-9.412,0.809
-18.15,-11.259,4.213
-20.725,-11.489,1.854
-23.612,-15.049,1.914
-22.485,-10.439,3.11
-27.031,-9.499,0.713
-23.282,-9.302,7.058
-23.541,-10.276,5.9
-23.576,-10.551,3.725
-24.976,-4.209,7.345
-25.086,-12.329,6.489
-19.689,-7.223,6.35
-20.622,-11.695,0.498
-21.93,-9.422,2.043
-20.435,-8.678,1.888
-20.064,-3.802,-0.287
-13.882,-8.872,-0.845
-15.966,-0.108,-4.278
-11.111,-3.945,-4.182
-13.102,0.78,-2.608
-16.016,5.082,0.184
-15.257,3.878,0.696
-11.776,-1.68,-3.34
-13.499,-0.73,1.046
-9.814,1.818,7.206
-9.896,3.716,14.298
-14.099,-21.172,13.587
-2.512,-16.365,9.984
-5.12,-6.546,10.953
-9.295,-2.452,13.571
-15.956,3.45,15.729
-18.078,7.833,17.222
-15.631,4.881,13.927
-15.863,1.376,11.061
-14.915,-5.623,7.762
-12.688,-8.046,6.221
-11.666,-7.434,5.027
-10.704,-5.96,0.122
-12.906,-4.682,4.766
-13.016,-5.312,3.551
-13.104,-7.857,3.881
-15.674,-8.329,4.742
-18.772,-4.615,3.96
-18.342,-0.093,4.606
-17.411,0.337,5.046
-14.674,0.632,6.539
-14.8,0.679,7.75
-14.827,1.658,5.611
-13.083,2.806,4.189
-11.171,3.223,4.443
-7.972,5.759,5.271
-6.139,6.833,4.78
-7.458,6.931,4.943
-11.635,9.75,11.346
-16.128,20.102,16.968
-6.027,17.834,13.085
-5.441,11.472,7.082
-1.627,9.877,2.481
-0.278,7.056,3.512
-1.507,6.678,7.216
-1.194,8.982,9.262
-0.321,9.743,9.31
-0.333,8.274,7.482
0.313,6.907,8.575
-0.239,3.936,10.413
-0.495,4.594,7.628
-1.993,5.474,8.632
0.206,5.132,9.092
-0.802,3.22,7.041
0.66,4.048,5.948
0.986,2.586,7.628
0.718,2.043,6.824
2.364,1.562,5.271
1.036,1.876,4.752
0.33,0.885,8.805
0.833,-0.711,8.211
0.23,0.981,8.819
0.16,-0.218,7.752
-1.139,-2.376,8.735
0.589,-3.464,8.934
0.22,-3.63,10.288
0.313,-2.211,9.176
0.479,0.084,7.599
1.373,1.046,8.144
0.746,-0.091,9.101
1.239,0.273,9.386
-0.156,-0.598,7.869
-0.373,0.538,8.341
0.435,0.983,10.357
-1.342,0.569,9.688
-0.593,0.998,9.367
-2.254,-0.237,8.053
-4.505,-0.031,9.276
-4.204,0.27,7.905
-4.311,-0.342,8.085
-4.393,2.271,10.357
-5.455,4.759,11.499
-7.721,-0.5,11.779
-8.396,-1.388,9.484
-7.879,-1.493,7.302
-6.359,-4.031,4.558
-9.202,-6.202,1.677
-12.288,-8.417,2.481
-13.178,-6.656,0.383
-13.207,-5.553,-1.215
-11.937,-5.39,-0.392
-11.743,-9.606,-1.613
-11.35,-4.297,0.873
-19.82,-6.781,2.582
-16.432,-4.436,2.316
-16.317,-10.52,2.266
-20.571,-9.357,-1.223
-21.722,-12.2,-0.792
-21.205,-7.608,0.223
-18.827,-10.637,0.617
-22.935,-8.798,3.163
-23.368,-6.776,6.127
-25.108,-7.372,5.802
-21.241,-6.123,3.192
-21.447,-5.685,2.505
-21.043,-4.132,3.567
-15.028,-6.96,4.06
-17.509,-8.482,0.979
-12.659,-9.795,-0.751
-14.688,-7.852,-0.388
-11.932,-1.873,-0.457
-8.659,-0.892,-1.672
-14.245,5.486,0.237
-9.745,0.732,-0.093
-12.439,10.855,-0.696
-14.918,-0.328,0.225
-11.817,8.364,6.572
-8.575,10.535,-6.355
-12.042,1.816,-6.704
-8.556,2.622,9.058
-11.537,-9.444,13.279
-10.652,-17.035,10.551
-1.955,-8.589,8.288
-1.309,-1.916,10.286
-12.508,3.735,18.353
-15.963,10.475,17.952
-17.791,6.453,15.186
-16.619,3.031,10.393
-15.281,-1.593,8.003
-14.401,-6.022,6.529
-14.138,-7.807,7.309
-13.831,-6.486,7.692
-15.013,-3.101,8.058
-16.669,-0.66,7.254
-17.533,-1.725,3.85
-17.404,-2.29,2.766
-16.14,-0.452,1.337
-16.743,-0.407,1.847
-13.884,1.268,3.335
-13.255,2.692,4.091
-12.492,4.486,4.615
-9.996,7.443,3.45
-12.401,4.91,3.771
-11.807,5.166,4.283
-8.953,8.546,4.395
-7.293,10.714,4.486
-6.08,12.956,4.654
-6.07,12.788,4.692
-6.46,15.377,5.087
-10.783,19.014,5.182
-6.446,22.17,14.712
-8.01,14.64,10.544
-4.345,8.893,2.816
-5.704,10.046,4.122
0.29,5.254,5.333
-4.39,1.115,7.742
-3.034,2.57,13.377
3.268,4.098,9.144
0.828,7.333,10.422
-1.998,5.608,11.147
-0.211,3.486,7.979
1.127,-0.012,6.355
-0.141,-0.244,6.436
-0.014,0.531,8.585
2.0,2.529,9.441
0.474,-0.715,9.637
0.835,0.629,9.446
0.098,-0.811,11.312
0.928,-0.969,9.819
-0.27,-0.304,6.216
1.378,0.95,8.85
0.668,0.407,8.467
0.991,-1.299,9.188
0.301,-2.235,8.278
-0.622,1.983,10.764
2.431,-0.481,7.668
1.871,-0.388,6.235
1.964,-0.385,7.228
0.089,-1.227,8.601
0.29,-0.878,8.795
0.562,0.914,8.695
-0.471,0.773,8.79
-0.39,-1.172,8.441
0.098,-0.763,7.974
-0.215,-1.893,8.07
-1.883,-1.452,8.314
-2.833,-0.203,9.116
-4.761,-0.979,8.226
-3.842,0.445,5.96
-6.826,2.074,6.41
-5.864,0.517,5.146
-5.847,-1.029,4.955
-7.089,-3.814,3.637
-10.338,-6.321,2.287
-11.386,-6.539,1.627
-10.274,-6.053,3.642
-13.401,-4.242,4.328
-9.924,-6.752,3.902
-12.396,-6.111,2.433
-15.798,-11.611,2.902
-17.566,-9.183,4.335
-16.215,-6.029,4.972
-12.92,-5.565,5.163
-19.076,-7.111,5.233
-18.205,-9.166,3.072
-22.514,-14.042,4.015
-18.007,-0.751,3.697
-21.004,-7.616,1.871
-25.596,-2.608,5.242
-24.904,-5.154,5.879
-22.653,-7.522,3.259
-22.162,-9.446,4.682
-21.5,-9.819,1.33
-17.138,0.029,2.653
-20.619,-4.85,0.584
-17.365,-5.201,1.062
-14.03,-5.06,-1.342
-13.614,-0.83,0.562
-14.975,0.273,-0.11
-15.915,3.091,-2.127
-13.925,6.467,0.206
-8.979,6.142,-1.22
-13.812,6.056,0.005
-10.436,1.495,-0.053
-10.91,6.759,1.579
-7.948,5.168,8.252
-11.389,13.7,13.927
-12.484,-11.891,15.892
-10.015,-6.769,10.453
2.79,-0.347,9.845
-12.303,-5.032,14.425
-17.183,2.079,16.128
-17.509,1.33,14.341
-17.303,5.453,11.618
-13.82,2.988,9.281
-11.977,-1.56,7.711
-11.846,-5.213,8.041
-13.087,-7.501,7.704
-13.508,-7.757,6.895
-14.064,-6.092,6.481
-14.315,-4.546,5.178
-15.655,-3.63,4.134
-17.255,-4.898,3.603
-19.607,-6.771,1.888
-21.631,-2.945,0.706
-19.693,-0.275,1.909
-18.002,0.641,5.8
-15.246,2.256,7.594
-14.509,3.567,7.972
-13.934,4.579,6.503
-13.188,2.694,5.003
-10.027,3.29,6.599
-6.472,6.771,5.115
-7.467,8.152,4.175
-7.872,7.635,4.472
-12.02,17.468,17.636
-6.001,15.624,15.313
-8.068,16.069,13.487
-5.84,10.245,5.197
-1.172,8.364,1.845
-0.091,6.19,6.192
-2.656,7.539,8.056
-0.304,8.278,8.187
0.165,6.807,8.142
1.56,6.127,8.175
0.813,5.941,10.984
0.062,6.34,10.156
-0.809,2.33,7.261
2.649,3.653,8.879
2.024,3.9,6.994
-0.818,2.393,8.135
3.213,2.015,12.695
1.555,1.376,8.367
0.555,0.921,7.702
1.933,-1.062,10.984
0.794,-0.223,9.874
0.924,-0.031,5.139
-0.44,1.232,9.515
0.278,0.019,7.73
0.679,1.73,8.905
2.962,-0.935,10.523
1.505,-0.105,9.137
1.364,0.694,8.975
0.644,0.141,8.518
-0.359,-0.993,7.465
-0.476,-0.663,9.609
-0.041,-0.323,10.288
0.507,0.885,8.475
0.395,1.194,7.049
-0.546,1.751,8.319
-2.663,1.459,8.865
-1.553,0.708,8.398
-1.038,1.615,8.683
-2.541,1.069,8.202
-1.751,-1.419,7.991
-2.716,1.381,8.912
-4.536,2.036,11.264
-4.871,1.979,11.894
-5.883,-0.589,10.98
-5.247,-0.605,8.63
-7.372,-1.361,8.061
-9.171,-2.964,5.271
-9.7,-2.539,1.665
-11.47,-3.366,2.462
-14.021,-5.752,3.376
-11.582,-3.596,3.852
-12.975,-8.285,-0.9
-12.819,-5.606,-0.05
-12.717,-4.852,-0.041
-15.329,-4.089,-0.694
-13.568,-8.396,1.048
-12.671,-5.395,1.464
-17.229,-4.115,-1.921
-18.98,-10.295,-2.615
-15.88,-9.396,-1.395
-25.502,-13.028,1.919
-18.229,-12.336,2.634
-24.868,-6.415,1.625
-20.256,-17.715,2.383
-25.938,-10.188,5.132
-20.179,-8.123,-0.557
-21.94,-5.541,5.297
-21.186,-4.189,2.294
-19.633,-6.776,1.725
-13.908,-5.431,5.221
-20.949,-7.668,1.799
-10.965,-3.137,0.39
-14.308,-3.756,-1.12
-13.442,0.433,-1.553
-9.944,0.766,-3.476
-14.054,-2.058,-2.845
-10.604,-1.94,-1.34
-8.434,0.998,-4.582
-10.267,6.79,-1.993
-9.91,10.898,1.627
-10.312,13.58,-1.838
-7.754,-1.182,-7.321
-7.965,3.622,2.675
-11.654,8.108,11.965
-11.157,-6.144,11.24
-8.793,-3.146,8.008
-1.847,-5.623,7.381
-6.051,-2.933,9.317
-10.59,-2.086,12.75
-13.963,1.538,13.169
-14.681,-0.581,11.805
-14.403,0.419,10.903
-14.171,0.213,10.647
-13.798,-0.591,10.034
-13.894,-1.285,9.786
-13.719,-2.606,8.242
-13.877,-2.079,6.864
-13.724,-1.713,5.929
-13.657,-1.416,6.324
-14.277,-0.9,6.202
-16.078,-1.16,5.993
-17.073,-1.704,3.0
-16.332,-0.361,1.34
-13.176,4.587,2.328
-11.386,1.849,4.07
-10.743,0.423,4.311
-10.159,0.213,1.754
-8.826,4.594,-0.443
-7.886,7.111,-0.301
-7.915,8.819,2.438
-6.312,12.944,4.797
-5.745,14.011,5.23
-11.965,17.526,4.488
-7.687,16.425,3.799
-13.913,21.502,7.876
-10.535,18.794,7.049
-4.395,5.867,-2.78
-0.459,9.312,0.758
-3.053,6.68,4.455
-2.775,3.61,6.453
-4.388,5.541,13.846
1.373,6.371,8.97
-0.182,6.568,9.788
1.804,9.149,2.783
1.062,3.23,8.666
-1.177,4.225,14.025
2.192,2.211,7.278
-0.223,1.57,9.582
-1.519,2.074,7.963
0.495,2.175,10.195
0.77,0.086,9.166
-0.323,0.203,9.4
-0.493,0.797,9.075
0.909,0.175,9.293
-0.055,0.203,9.982
0.191,-0.177,9.53
0.804,-0.979,9.245
-0.208,-0.443,9.384
0.479,-1.586,8.379
1.211,-2.45,7.599
1.148,-2.05,9.018
0.739,-1.696,9.621
0.596,-1.287,9.238
1.244,-1.637,8.565
0.823,-0.964,8.242
0.605,-0.629,8.57
0.935,-0.557,8.427
0.9,-0.077,8.513
0.904,0.191,9.171
0.656,0.522,8.963
-0.641,0.763,8.788
-1.096,-0.768,7.795
-1.759,-1.622,7.57
-3.12,-1.058,7.496
-4.625,-2.546,6.63
-5.62,-1.254,9.692
-4.572,-1.017,4.749
-6.204,-0.543,4.756
-7.082,-0.713,3.749
-10.372,-5.225,3.551
-9.417,-4.125,3.771
-11.81,-7.218,3.735
-11.128,-4.347,3.586
-12.48,-4.589,5.804
-12.068,-4.091,3.668
-10.843,-2.251,3.694
-13.315,-8.728,1.78
-16.463,-10.125,3.381
-13.384,-7.671,2.68
-18.286,-9.362,2.491
-21.495,-8.869,0.361
-15.391,-8.927,1.361
-21.272,-7.86,-0.328
-19.148,-11.829,4.85
-21.141,-1.258,1.402
-20.172,-2.077,2.127
-29.4,-0.194,1.866
-18.65,-10.092,0.356
-26.333,-4.694,2.747
-19.686,-9.508,2.318
-20.148,-1.378,2.847
-19.956,-2.945,1.491
-15.253,-5.417,0.177
-17.317,-3.074,0.878
-14.257,-1.471,-0.203
-14.884,1.479,-0.787
-12.446,1.522,-4.852
-8.4,1.337,-4.012
-13.217,2.574,-3.163
-12.437,3.543,-0.624
-10.171,6.604,3.007
-7.288,1.103,-2.505
-5.331,0.043,0.658
-3.546,5.656,5.785
-9.941,8.058,14.848
-7.501,-3.431,13.817
-11.827,-5.434,10.865
-3.527,-4.371,8.379
-8.027,-6.032,10.391
-13.169,0.596,13.068
-17.071,2.055,14.712
-15.159,2.584,14.492
-14.889,2.644,12.666
-15.612,-0.337,11.702
-16.669,-2.225,11.506
-16.731,-3.761,11.176
-18.275,-3.689,10.535
-19.557,-1.969,8.058
-18.2,-2.565,4.043
-16.1,-1.402,1.519
-14.839,-0.103,2.132
-14.578,-1.481,4.094
-17.425,-7.118,5.371
-17.963,-4.802,3.244
-15.796,-0.323,2.187
-14.549,4.402,3.101
-13.552,1.491,4.242
-14.638,-0.278,3.948
-14.48,1.921,3.017
-13.375,1.869,4.165
-8.422,6.118,4.575
-5.082,8.451,4.132
-6.321,7.661,5.395
-9.982,8.656,8.534
-14.434,13.879,15.095
-8.719,16.521,13.686
-6.57,8.398,3.512
-1.589,7.716,1.476
-0.569,5.666,5.371
-1.053,4.261,7.769
-1.601,5.056,8.692
0.191,8.13,9.563
0.971,6.675,8.652
0.61,6.486,8.245
-0.467,4.448,10.472
-0.072,3.17,9.233
1.01,5.343,9.515
1.572,4.625,8.175
0.45,3.01,8.288
0.49,0.498,8.908
3.546,3.496,4.223
1.727,3.795,4.417
1.034,2.428,9.286
1.347,1.998,8.886
2.85,-1.395,4.28
-0.804,-0.828,6.682
1.105,1.421,9.192
1.026,-0.182,9.434
-0.153,1.055,9.953
2.395,-0.505,5.69
-1.206,-3.01,10.898
0.313,-0.433,11.41
0.443,0.656,8.534
0.696,0.373,8.36
0.488,-1.574,8.297
0.323,-1.938,9.243
0.761,-0.345,9.006
0.974,0.184,9.154
0.636,-0.352,9.338
-0.802,0.158,9.07
-0.323,0.888,8.75
0.215,2.247,8.381
0.258,0.352,7.998
-0.514,-0.4,9.522
-3.175,-0.536,9.728
-4.149,-0.534,9.884
-4.484,-0.703,9.085
-5.015,-2.06,9.845
-6.144,-1.802,9.905
-8.156,-1.01,9.341
-7.269,-2.079,8.757
-8.211,-2.268,5.809
-8.599,-3.577,3.402
-9.08,-4.082,1.852
-12.202,-3.661,3.883
-13.753,-3.173,5.175
-13.973,-2.077,2.23
-12.054,-5.611,-2.464
-12.353,-6.587,-4.285
-15.779,-8.855,-4.953
-11.415,-11.08,-2.912
-17.619,-11.396,-0.237
-17.688,-14.449,-3.019
-16.159,-10.616,-2.421
-24.28,-15.133,-1.388
-20.856,-4.895,0.758
-22.39,-10.367,2.409
-18.98,-9.774,7.943
-15.346,-7.884,5.785
-19.5,-6.453,4.362
-19.255,-10.183,3.443
-20.617,-8.534,0.916
-21.086,-6.836,5.721
-17.416,-6.458,1.392
-14.726,-5.216,0.615
-15.908,-1.96,-0.301
-13.248,-5.123,-3.328
-11.102,-5.022,-0.955
-14.968,-3.831,-2.964
-10.609,-0.199,-2.086
-11.341,0.663,-1.89
-10.441,-0.5,-2.938
-6.223,4.158,-2.23
-10.178,6.627,-0.742
-9.377,4.304,-0.311
-13.059,7.037,1.06
-7.934,-0.543,5.412
-10.587,7.84,12.98
-3.01,-1.754,12.965
-8.242,-0.9,9.46
-1.117,-3.496,6.46
-8.41,-0.182,6.269
-16.822,-1.888,12.008
-18.533,4.216,13.882
-17.825,3.048,12.755
-17.461,-2.084,10.027
-16.877,-2.622,8.757
-16.963,-4.436,5.687
-15.82,-4.867,5.702
-14.097,-4.974,2.945
-13.286,-3.192,1.964
-14.193,-4.63,2.029
-13.03,-3.283,1.668
-13.918,-5.24,2.369
-19.066,-6.151,5.3
-18.574,0.73,6.123
-14.076,2.608,5.204
-12.255,0.95,2.85
-11.946,-0.775,0.613
-11.846,2.79,1.318
-9.929,7.788,5.012
-8.166,7.163,5.599
-8.506,8.994,7.386
-7.967,10.951,11.169
-13.169,11.25,13.427
-11.405,17.306,16.085
-9.065,9.57,8.518
-2.909,5.223,3.522
-2.385,7.886,6.592
-2.565,4.11,12.039
-0.735,1.648,5.072
-1.452,3.972,8.092
-2.395,4.596,9.896
-3.225,7.974,12.425
-1.213,4.402,12.762
0.084,2.986,9.621
-0.44,4.335,6.314
2.474,5.881,8.687
-0.758,2.084,8.482
0.333,1.818,9.271
1.589,0.775,8.709
0.67,2.749,10.829
1.084,1.902,8.558
2.345,1.254,5.213
-0.402,-2.184,7.348
-0.311,-1.534,8.063
-0.29,-0.799,6.929
-0.129,-0.567,7.508
0.402,-0.608,7.644
-0.782,-0.546,9.238
1.077,-0.495,9.02
-0.261,1.622,9.259
0.854,0.191,8.673
0.636,0.385,9.089
0.342,-0.83,7.589
-1.847,-1.854,7.458
-0.873,-2.043,8.678
-0.39,-1.986,7.778
-1.309,-2.85,6.876
-1.493,-2.275,6.838
-3.555,-1.072,6.044
-2.713,-2.687,5.835
-3.783,-0.385,6.862
-7.235,-3.436,8.245
-8.872,-1.818,8.388
-7.855,-1.943,6.424
-7.063,-0.646,4.486
-9.008,-2.984,3.699
-13.681,-2.306,7.41
-13.714,-3.921,8.149
-13.446,0.986,6.991
-14.121,-5.125,2.268
-13.475,-5.96,-1.002
-15.315,-6.008,0.258
-12.544,-7.41,-0.285
-14.975,-7.216,0.191
-13.726,-9.903,-1.51
-12.016,-7.647,-1.799
-16.31,-11.661,-1.457
-17.782,-6.95,-1.452
-20.358,-7.596,0.648
-22.22,-8.721,0.378
-22.859,-11.886,5.826
-18.782,-7.845,4.96
-28.11,-12.551,6.56
-24.244,-9.556,5.362
-19.916,-6.048,0.194
-24.923,-4.656,2.785
-11.001,-3.831,0.132
-16.468,-2.299,1.215
-11.848,-7.269,-1.117
-14.437,-3.137,1.787
-13.827,-5.644,0.041
-14.693,1.567,-2.261
-7.948,1.383,-3.831
-9.97,-2.137,-6.194
-11.494,-0.093,-4.835
-9.611,0.694,-6.527
-7.79,0.95,-3.718
-7.769,2.495,-2.802
-7.998,3.668,-1.103
-9.757,8.972,-2.117
-5.802,11.276,-3.168
-7.453,5.843,-0.656
-5.989,0.347,5.34
-5.742,0.01,8.027
-7.558,-1.519,7.204
-2.172,0.227,5.737
-6.084,-1.354,5.814
-9.319,0.261,10.513
-10.85,-1.488,12.721
-15.6,-0.304,12.882
-14.566,-1.625,12.025
-18.131,-0.196,12.417
-17.406,-0.22,12.217
-17.669,-0.749,13.212
-17.164,-1.213,12.489
-17.246,-2.206,9.044
-17.416,-1.567,5.204
-15.746,-4.101,2.354
-16.133,-4.917,3.462
-16.499,-4.235,3.668
-15.171,-3.792,2.024
-15.399,-6.142,3.232
-16.081,-2.256,3.132
-15.305,0.311,2.345
-12.695,0.912,3.031
-10.212,2.649,3.998
-11.92,3.381,2.452
-9.929,4.704,3.333
-10.056,5.546,3.888
-12.023,7.23,4.345
-10.391,9.618,5.144
-9.491,9.845,7.194
-10.238,12.286,10.468
-11.181,13.927,12.975
-7.446,13.877,10.594
-7.111,6.407,4.187
-4.512,8.331,4.436
-1.196,4.11,1.357
-2.574,4.711,8.427
-1.469,4.582,10.087
-1.94,5.936,9.594
1.261,8.379,9.697
-1.699,5.355,11.527
-0.672,4.529,9.635
0.847,1.459,9.25
-1.208,3.577,8.577
1.163,3.467,8.163
-0.179,2.905,8.671
0.026,1.605,9.786
1.019,1.763,8.998
0.589,3.663,8.972
-0.282,2.113,8.245
-1.002,1.024,8.427
0.876,1.002,8.087
0.947,0.912,9.159
-0.639,0.108,7.738
0.462,-0.294,6.065
-1.189,0.663,8.558
-0.837,0.177,9.001
-1.122,1.165,9.482
-0.627,1.067,9.106
0.34,-0.201,8.096
-0.457,1.12,9.422
-1.615,0.878,9.577
-1.091,2.632,9.685
-2.036,-0.507,9.656
0.581,1.476,8.891
-1.835,0.278,8.168
-1.792,-1.235,6.211
-3.287,-3.096,5.008
-5.759,1.634,5.474
-9.051,0.053,8.984
-10.738,0.201,8.202
-7.364,2.491,1.546
-9.958,-3.601,0.696
-11.494,-10.573,-0.191
-18.997,-13.43,2.594
-19.43,-6.857,1.369
-12.884,-1.258,-1.718
-13.554,-10.362,-2.974
-16.164,-9.554,-2.168
-11.776,-2.991,-0.388
-19.76,-12.044,-0.825
-22.196,-6.864,-0.971
-23.45,-8.647,-3.694
-17.284,-11.037,-1.955
-30.491,-23.775,-0.833
-17.605,-13.798,-1.737
-24.555,-11.836,1.687
-20.701,-17.995,-0.818
-23.098,-22.622,2.926
-19.433,-13.458,3.948
-24.531,-7.934,-0.885
-22.856,-10.704,3.589
-16.612,-14.561,0.268
-22.95,-3.811,6.812
-15.793,-6.415,6.659
-13.757,2.572,5.072
-13.937,8.486,-0.227
-17.021,3.766,-0.778
-23.533,12.743,1.73
-14.652,3.644,-0.211
-13.193,-2.912,-3.697
-21.232,-10.85,7.584
-12.595,-23.1,3.366
-14.174,-13.989,7.68
-8.489,-11.056,12.872
-15.504,3.141,14.547
-18.387,0.254,17.337
-18.574,5.692,20.37
-19.327,4.62,20.397
-18.72,-1.17,10.779
-18.6,-10.384,4.737
-14.944,-12.518,4.905
-14.939,-12.188,4.785
-13.779,-11.891,2.562
-14.193,-12.051,1.156
-16.293,-9.29,-0.234
-17.346,-8.149,3.426
-17.121,-9.611,7.635
-16.047,-8.082,7.415
-17.755,-4.457,3.967
-18.779,-2.787,0.01
-20.44,-5.221,0.483
-21.213,-4.462,3.694
-18.885,2.553,4.01
-15.954,9.252,0.158
-18.471,19.83,-3.644
-16.805,10.822,5.474
-11.793,10.858,1.263
-7.075,8.896,-11.827
-4.417,-14.181,-15.789
-12.374,-8.192,2.146
-12.059,-7.415,5.371
-16.765,-10.322,6.493
-18.318,-3.802,7.302
-16.559,1.299,-4.778
-23.373,-5.041,5.824
-24.038,-13.197,2.108
-20.823,-6.072,3.967
-21.993,-11.606,7.508
-20.677,-6.206,5.804
-21.186,-11.236,1.881
-21.906,-13.296,4.314
-22.686,-12.836,1.737
-21.495,-14.867,3.266
-26.443,-18.15,6.149
-28.895,-11.458,6.671
-18.002,-10.965,4.292
-28.74,-10.7,0.935
-21.825,-0.931,8.666
-17.633,-11.322,-6.209
-26.062,-14.509,-6.214
-24.998,-6.898,-10.391
-21.083,-3.309,-3.18
-11.549,-6.405,-8.384
-12.248,0.567,2.027
-10.336,0.258,0.689
-13.492,12.781,3.792
-7.994,3.948,-3.78
-4.264,-9.85,-5.216
-31.498,-16.607,-13.506
11.379,-14.052,-1.483
6.886,5.395,4.881
6.003,11.764,7.656
0.813,5.898,10.458
1.476,0.804,7.862
5.979,0.345,9.475
8.266,-5.362,9.144
7.032,-3.857,8.46
6.79,-3.792,8.343
3.706,-2.381,8.69
5.587,-5.309,6.259
2.158,-9.199,7.317
2.811,-0.892,1.098
1.043,3.452,-12.614
2.12,0.29,-12.724
1.28,12.788,-9.341
1.995,9.702,-9.704
2.038,2.682,-15.657
4.591,-1.876,-17.033
3.455,2.598,-12.365
0.395,6.828,-11.013
-0.191,5.702,-11.85
2.366,7.733,-9.721
-8.266,2.701,-7.582
2.067,12.843,-8.015
4.149,10.669,-5.936
0.962,13.133,-3.441
0.572,15.291,-0.045
2.12,14.748,0.708
0.593,10.434,2.443
-0.299,9.721,4.945
-0.541,10.267,6.072
-1.038,11.353,7.912
-1.213,11.87,7.601
-4.113,6.625,6.721
-4.529,11.384,12.221
-5.639,5.548,7.537
-2.294,1.081,7.013
-3.374,4.783,11.468
-2.83,0.672,10.908
-5.268,2.122,10.436
-3.412,3.594,12.568
-2.83,3.567,7.19
-3.481,2.814,8.36
-2.79,-0.33,9.137
-2.388,0.029,8.994
-1.474,-0.502,8.987
-1.986,-1.201,8.881
-2.359,-0.404,8.396
-1.869,0.311,8.757
-1.627,1.864,8.106
-0.914,3.524,9.338
-0.014,-0.383,10.75
1.852,-1.692,14.463
2.189,-2.469,14.413
2.225,-1.627,11.243
2.751,2.338,10.018
2.68,4.888,9.635
3.055,0.739,10.032
3.697,-1.737,10.444
5.137,-2.883,11.901
5.18,-3.146,12.585
5.056,-1.258,11.616
4.524,-3.323,12.104
4.223,-5.367,13.255
2.981,-6.419,13.281
3.759,-5.194,11.248
2.902,-5.931,9.764
1.859,-6.881,11.532
8.147,-4.18,9.764
1.081,-1.388,10.381
-4.465,-1.125,10.145
-11.111,-6.726,7.412
-14.054,-0.933,2.862
-10.075,-3.007,5.797
-7.017,-4.173,9.132
-6.759,-3.34,9.374
-7.608,-4.867,13.721
-10.276,-3.649,10.642
-9.281,-5.247,9.25
-6.824,-3.017,9.807
-5.551,-2.756,8.128
-5.29,-7.927,2.534
-3.945,-4.182,4.486
-3.756,-8.979,4.419
-4.795,-7.663,7.149
-5.201,-8.111,7.687
-5.685,-8.006,6.699
-5.575,-4.079,5.891
-3.601,-4.969,7.017
-3.443,-4.225,6.671
-3.546,-6.082,6.761
-4.816,-5.8,7.714
-5.094,-6.321,7.623
-5.254,-6.96,7.013
-4.855,-4.185,7.082
-5.472,-6.08,7.18
-6.336,-6.127,6.807
-6.156,-6.694,7.905
-4.448,-6.285,7.663
-3.895,-6.761,6.003
-5.254,-7.955,5.955
-5.206,-6.348,6.209
-4.953,-7.611,5.56
-4.048,-7.185,5.948
-3.385,-7.74,4.807
-3.866,-8.518,5.699
-3.706,-8.467,4.472
-3.199,-8.436,4.57
-3.275,-8.594,5.357
-3.5,-8.501,5.18
-3.73,-8.345,4.776
-3.603,-8.152,4.419
-3.668,-8.178,4.189
-3.089,-8.252,4.878
-2.763,-7.503,4.768
-2.929,-7.52,5.304
-3.486,-8.14,4.936
-3.22,-8.412,5.003
-4.154,-7.74,5.28
-3.338,-8.496,5.201
-3.737,-8.553,5.379
-3.505,-9.302,4.96
-3.089,-9.408,4.656
-2.799,-9.384,4.197
-3.0,-9.489,3.642
-2.806,-9.884,3.393
-2.381,-10.09,3.792
-1.428,-9.977,3.847
-1.144,-9.743,3.381
-1.531,-10.81,2.515
-1.153,-9.896,2.479
-0.991,-10.922,2.359
-0.675,-10.441,2.988
-0.928,-10.463,2.979
-1.019,-10.149,2.835
-1.467,-10.018,3.072
-0.955,-9.755,2.905
-0.785,-10.154,2.905
-0.366,-10.087,2.584
-0.304,-10.563,2.342
-0.249,-9.963,2.113
0.45,-10.343,1.95
0.78,-10.52,1.725
0.869,-11.439,1.682
1.325,-11.295,2.019
1.258,-10.776,1.84
1.062,-10.53,1.68
2.079,-9.46,1.885
1.412,-10.073,2.184
1.125,-11.496,1.89
1.625,-11.063,1.96
1.931,-10.652,2.433
1.603,-10.396,3.115
2.067,-8.955,3.077
1.684,-9.747,3.005
1.759,-9.18,2.974
1.933,-9.757,3.223
2.237,-9.924,3.369
2.641,-9.341,3.505
2.828,-8.006,3.156
2.883,-7.951,2.706
3.089,-7.695,2.996
2.809,-5.19,3.218
2.873,-5.422,2.641
2.751,-5.424,2.591
3.022,-4.936,2.84
4.206,-4.567,2.412
4.216,-4.512,1.625
3.701,-5.237,0.947
3.299,-5.673,1.749
3.74,-5.352,3.041
2.548,-5.625,4.266
2.883,-6.034,3.488
3.931,-6.663,2.235
5.675,-7.663,1.536
5.39,-6.977,2.304
4.649,-7.355,3.383
3.429,-8.869,3.424
1.687,-9.903,3.201
0.773,-9.939,2.22
-0.725,-10.57,1.744
-1.218,-11.015,0.912
0.72,-11.542,0.677
2.732,-12.157,1.192
3.96,-12.879,1.103
2.323,-13.279,1.668
1.632,-13.114,2.433
1.388,-12.018,3.0
1.208,-12.19,3.603
2.208,-12.54,3.335
3.019,-11.53,3.129
2.098,-10.405,2.041
1.66,-10.652,1.986
1.857,-11.145,2.613
3.22,-12.075,2.979
3.232,-11.319,2.61
2.74,-10.293,3.943
2.113,-9.604,4.445
2.34,-9.427,4.426
2.658,-9.271,3.831
2.385,-9.762,3.699
2.431,-9.415,3.137
2.05,-8.874,3.531
2.316,-8.331,4.072
2.204,-8.135,4.419
1.873,-8.355,4.713
2.187,-8.14,4.979
1.629,-7.563,5.481
1.608,-7.474,5.816
1.565,-7.305,6.623
1.754,-6.369,6.833
2.232,-5.663,6.721
2.512,-5.584,6.663
2.141,-6.211,6.228
2.172,-5.905,6.336
1.895,-5.591,6.331
1.357,-5.175,6.651
1.639,-5.314,6.816
2.031,-5.529,6.855
2.058,-5.924,6.915
2.086,-6.029,6.671
1.809,-6.084,6.773
2.005,-6.297,6.74
2.084,-6.142,6.68
2.034,-6.515,6.759
2.364,-6.934,6.587
2.675,-6.687,6.4
2.85,-6.092,6.312
3.395,-6.132,6.393
4.015,-5.237,6.752
4.264,-3.924,7.68
3.85,-2.539,8.451
4.455,-1.914,8.735
5.194,-2.216,8.719
5.323,-2.012,8.673
4.677,-1.45,8.446
3.237,-0.749,8.802
2.345,-0.811,8.726
1.615,-1.103,8.79
2.105,-2.127,8.766
1.83,-1.275,8.905
1.735,-2.397,8.719
1.751,-2.522,8.68
1.548,-2.443,8.632
1.014,-1.814,8.853
0.323,-1.235,9.223
0.34,-1.376,9.898
0.979,-0.584,9.558
0.304,-1.414,9.223
0.321,-2.323,9.003
0.266,-1.125,8.943
-0.512,-0.971,8.343
-1.134,0.136,9.099
-0.629,-0.653,9.393
-0.012,0.361,9.475
-0.053,0.081,9.767
-0.129,0.766,9.814
-0.335,0.397,9.862
-0.29,0.79,10.549
0.005,-0.646,9.979
-0.179,-1.39,9.975
-0.785,-1.311,9.606
-0.837,-1.122,9.42
-1.206,-1.108,9.75
-1.158,-2.589,9.092
-1.328,-2.409,9.542
-1.773,-1.648,9.35
-0.79,-0.51,8.46
-0.593,-0.347,7.424
-1.292,0.256,7.491
-1.034,0.732,7.673
-0.605,1.139,8.592
-0.682,0.928,8.86
-0.89,1.421,8.783
-1.239,-0.026,7.424
-2.558,2.283,7.044
-1.857,2.153,7.455
-2.034,2.718,9.058
-2.493,2.46,9.908
-2.969,2.548,10.073
-3.725,3.397,9.259
-5.594,3.273,9.642
-6.883,0.9,9.343
-7.704,1.845,9.42
-9.652,0.366,6.637
-9.671,-0.258,2.541
-10.422,-5.534,1.725
-10.836,-8.106,1.371
-12.927,-4.534,1.139
-14.394,-10.506,-0.156
-13.631,-3.577,3.079
-12.13,-8.721,0.237
-10.403,-4.955,0.301
-14.841,-2.5,-0.864
-14.872,-8.644,0.938
-22.062,-8.439,3.034
-17.791,-9.31,2.967
-24.426,0.799,-0.153
-21.545,-11.331,-1.242
-26.541,-11.685,1.113
-21.995,-11.853,2.158
-27.603,-4.323,6.678
-22.483,-5.699,5.036
-21.619,-6.45,5.635
-24.6,-8.611,3.196
-20.545,-7.666,3.06
-19.131,-3.845,2.385
-9.331,-7.183,-0.12
-20.277,-8.142,3.168
-12.705,-5.733,-0.622
-12.37,-3.189,-3.22
-11.566,-1.373,-1.629
-10.896,-1.763,-2.146
-4.981,1.902,-1.165
-11.604,3.981,-3.984
-9.283,8.326,-2.306
-11.255,-1.89,-1.715
-11.815,-1.601,5.194
-10.348,11.015,6.001
-7.424,6.793,5.737
-8.678,10.867,11.587
-7.85,-5.898,13.954
-12.147,-5.407,8.788
0.153,2.668,8.161
-7.355,-0.529,10.52
-16.734,-1.768,10.755
-16.705,-0.591,9.972
-15.427,-0.167,9.984
-15.001,-1.11,10.434
-13.82,-0.443,11.984
-14.011,-1.816,13.609
-14.772,-5.168,11.403
-15.7,-5.448,8.661
-15.272,-5.486,4.967
-14.489,-5.335,2.864
-12.688,-3.33,2.208
-11.305,-3.18,2.127
-12.492,-5.52,2.885
-14.97,-5.527,3.189
-17.083,-2.132,4.699
-17.246,3.474,5.087
-15.049,3.242,4.852
-13.745,2.249,4.675
-15.155,1.05,4.268
-14.248,1.416,5.297
-12.843,2.682,5.611
-10.109,6.663,5.166
-6.333,8.872,5.223
-8.283,8.675,6.498
-16.939,21.371,18.901
-4.864,19.322,14.068
-7.635,7.343,3.0
0.29,8.984,2.445
-1.739,5.855,5.221
-1.845,6.929,8.077
-1.668,9.254,10.14
-0.837,9.144,10.642
-0.608,7.575,9.52
-0.744,4.024,10.334
0.06,1.979,9.018
1.388,4.144,9.788
1.019,3.613,8.357
0.072,1.206,10.642
1.562,4.266,8.19
1.148,2.95,9.941
-0.845,0.924,13.229
1.462,0.1,8.881
0.833,0.605,7.793
1.091,1.175,7.666
2.041,1.113,6.288
1.041,-0.742,7.02
-1.256,-0.993,11.69
-0.17,-1.481,8.896
-0.172,-2.206,9.35
-4.204,-5.271,9.295
-0.672,-0.691,9.324
1.438,-0.407,7.663
0.275,-0.933,8.065
0.223,-0.419,9.673
-0.019,0.199,9.499
0.34,-0.596,8.262
0.471,0.557,7.661
0.227,0.514,9.207
-1.16,0.407,10.381
0.06,0.502,9.132
-1.163,0.88,8.477
-0.775,0.234,8.192
-3.067,-0.01,7.893
-3.811,-2.28,7.704
-4.735,-2.338,7.556
-6.814,0.194,8.898
-5.654,2.22,10.228
-5.111,-0.572,10.535
-8.585,0.56,9.305
-9.336,-2.979,7.972
-8.417,-2.364,6.154
-11.37,-0.907,5.759
-10.523,-4.386,3.826
-13.705,-3.632,4.295
-15.64,-4.261,2.83
-13.049,-5.773,-0.754
-13.154,-9.008,-3.319
-12.796,-10.429,-2.921
-13.681,-12.669,-2.259
-14.229,-11.279,-1.122
-18.164,-12.066,-2.06
-21.172,-16.157,-1.603
-22.165,-1.936,0.184
-22.273,-13.36,2.582
-19.87,-3.842,1.285
-24.201,-7.577,5.859
-25.613,-10.073,5.017
-21.215,-9.525,3.67
-23.888,-10.645,2.354
-18.143,-15.212,4.304
-19.636,-5.881,4.445
-19.169,-6.845,2.11
-14.518,-6.95,0.11
-15.767,-8.013,-0.632
-11.848,-2.936,-2.077
-13.889,-1.775,-4.299
-11.812,-5.709,-1.5
-13.75,1.412,-2.218
-7.056,-1.577,-2.673
-10.018,2.493,-2.251
-9.642,-1.105,-4.223
-11.965,2.964,-1.268
-7.013,1.976,1.67
-7.697,5.981,5.022
-6.484,5.747,-1.287
-6.225,5.843,6.312
-9.24,-0.718,12.322
-14.872,-3.051,10.982
-9.226,0.981,9.353
-0.522,7.072,12.238
-16.193,8.006,10.867
-10.599,5.589,10.298
-13.726,1.842,10.013
-13.925,-2.139,9.178
-13.461,-5.213,9.41
-13.561,-4.689,10.398
-13.071,-3.761,9.508
-12.824,-3.34,7.836
-12.714,-3.876,5.934
-12.836,-2.414,5.553
-12.121,-0.388,5.036
-11.752,0.249,3.821
-11.922,-1.268,3.68
-12.056,-1.857,2.024
-11.59,-0.718,2.11
-10.432,1.627,4.795
-9.35,2.098,6.661
-9.903,1.732,6.659
-10.018,4.354,5.646
-10.609,4.445,5.816
-10.293,3.436,7.197
-10.692,2.969,8.874
-11.267,3.452,9.814
-10.936,6.089,7.802
-10.228,7.149,6.156
-9.144,6.228,5.924
-10.932,9.755,11.561
-8.211,14.71,17.155
-5.546,12.319,10.451
-3.132,3.034,4.965
-1.302,7.903,7.4
-3.263,3.953,10.142
-0.146,2.316,9.238
5.029,2.304,6.046
0.457,3.486,13.25
-0.146,5.962,10.494
-0.873,6.214,10.7
0.797,3.309,9.747
-0.311,1.27,9.398
0.182,1.727,9.018
1.708,1.529,9.324
0.179,1.445,9.635
-0.67,0.122,12.059
-1.182,0.938,9.963
0.234,-0.495,8.798
0.096,-1.127,9.46
0.158,-1.172,8.556
0.859,-1.115,9.195
1.747,-0.847,10.171
1.311,-1.361,8.872
0.761,-1.79,9.489
-0.526,-1.321,8.879
1.261,-1.826,9.558
0.871,-1.139,9.372
0.44,-0.84,9.518
0.943,-1.184,9.388
0.61,0.017,9.802
0.014,-0.562,9.759
0.873,0.237,10.621
0.158,1.759,9.321
0.682,0.368,9.068
-1.914,-0.227,10.212
-1.55,-1.957,9.331
-2.395,0.153,9.176
-3.378,0.768,8.123
-3.577,0.567,6.726
-6.07,2.756,4.819
-6.924,-0.778,4.893
-7.343,-0.294,5.204
-7.151,-2.373,4.381
-9.113,-6.343,0.888
-9.764,-6.9,0.505
-10.661,-3.632,2.675
-9.176,-4.981,3.496
-11.582,-3.854,2.888
-12.14,-7.424,0.998
-12.767,-6.793,2.007
-12.128,-5.383,1.445
-14.949,-6.563,2.929
-16.116,-10.802,1.558
-18.478,-7.788,1.809
-20.957,-5.912,3.431
-17.038,-9.824,1.438
-24.002,-5.802,1.184
-27.053,-10.549,1.433
-21.301,-13.298,1.735
-17.736,-4.845,5.591
-20.725,-5.493,4.792
-26.237,-6.706,1.416
-29.728,-5.505,3.45
-17.136,-6.056,-0.156
-17.911,-7.549,1.768
-15.621,-9.46,1.605
-18.932,-9.132,0.689
-15.494,-5.02,1.823
-11.417,0.122,-4.864
-12.245,-4.826,-4.56
-10.738,-2.077,-2.783
-7.314,7.388,-2.481
-8.443,10.496,2.639
-13.867,3.876,2.644
-10.568,-5.802,1.665
-4.776,-0.945,6.367
-9.302,11.671,12.463
-3.33,-0.957,13.635
-12.295,1.555,14.286
-3.134,-3.656,11.53
-6.225,-1.438,11.003
-15.425,-1.22,11.716
-13.808,1.885,13.949
-12.999,1.203,13.178
-11.614,0.117,12.925
-11.91,-1.814,12.951
-11.702,-4.163,12.977
-12.626,-4.826,12.08
-13.743,-5.857,10.575
-13.647,-4.91,8.295
-13.272,-4.235,6.103
-12.92,-2.603,5.127
-12.508,-1.849,4.197
-12.621,-2.728,3.39
-13.523,-4.63,3.237
-15.49,-5.111,3.967
-16.827,-2.57,4.998
-15.269,0.416,5.462
-12.855,0.086,6.168
-12.487,-1.555,6.364
-13.075,-0.392,5.965
-13.444,0.653,6.166
-11.104,2.749,6.934
-8.549,4.926,6.886
-5.563,5.431,6.027
-4.716,6.19,4.723
-10.996,3.235,15.982
-9.824,21.253,18.928
-3.237,12.188,12.994
-5.3,7.553,3.95
-2.919,11.664,4.589
-3.802,4.677,6.025
-3.132,4.311,5.989
-2.271,4.395,9.089
-1.244,6.336,10.106
-1.256,6.12,11.405
-1.517,5.077,12.678
-1.072,2.094,10.869
-1.156,1.203,10.422
1.096,5.441,6.551
-2.28,1.23,6.668
3.716,3.0,7.147
0.993,0.574,6.57
3.019,2.082,9.802
1.158,1.323,6.886
0.912,0.584,6.795
-0.115,0.282,8.793
-2.756,5.704,5.654
0.426,-0.378,8.185
-0.687,-1.318,9.3
0.297,-0.751,9.271
0.933,-2.06,9.999
-0.409,-1.077,10.587
0.483,-0.134,9.941
0.328,-0.261,9.606
0.031,0.218,10.082
0.022,-0.756,9.956
-0.201,1.139,9.635
-0.026,-0.366,9.484
-0.127,-0.706,8.838
-1.67,-0.488,8.429
-0.199,-0.555,8.666
-1.361,0.639,8.216
-1.378,-0.756,8.178
-3.204,-1.672,7.417
-3.89,-2.05,8.592
-5.003,-4.371,7.336
-4.295,-1.684,6.46
-6.309,0.177,7.395
-8.29,0.84,10.085
-9.046,-1.708,12.066
-8.446,-1.074,9.774
-8.065,-0.933,6.4
-8.649,-1.151,3.914
-11.604,-5.398,3.888
-12.733,-4.39,4.558
-12.578,-2.775,6.056
-11.891,-2.539,0.598
-12.159,-9.149,0.026
-12.968,-9.946,0.598
-11.697,-8.876,-0.354
-12.81,-11.884,-1.991
-13.951,-11.338,-4.477
-14.324,-12.726,-3.917
-12.272,-12.236,-2.967
-16.693,-9.357,1.05
-18.452,-7.084,2.696
-19.854,-6.288,4.996
-22.631,-10.549,3.488
-21.244,-6.285,5.898
-20.583,-6.405,8.434
-20.588,-9.034,6.627
-22.409,-5.788,4.443
-18.408,-11.905,2.132
-21.382,-2.596,1.352
-16.351,-1.799,0.445
-13.683,-2.596,-1.725
-15.894,-4.034,-0.495
-13.13,-0.682,-3.601
-8.585,-1.273,-4.142
-10.867,-6.101,-5.359
-7.616,0.548,-5.075
-8.475,1.967,-5.154
-10.647,3.091,-0.823
-7.718,6.144,-2.632
-9.176,0.629,-1.0
-10.317,5.218,3.692
-8.608,10.879,7.958
-8.065,7.867,11.69
-2.055,-4.213,9.829
-10.109,-4.278,12.233
-0.866,-2.89,10.362
-11.039,1.22,11.396
-13.791,0.615,12.599
-16.552,6.974,14.891
-15.396,3.933,12.042
-15.492,0.888,12.989
-15.815,-1.036,13.008
-16.906,-3.12,12.161
-17.459,-3.976,10.367
-17.514,-3.689,7.364
-17.327,-3.941,3.287
-16.052,-2.799,-0.091
-14.492,0.246,0.481
-13.04,1.677,3.833
-11.927,-0.718,1.586
-14.444,-7.288,0.746
-17.023,-6.063,1.914
-15.243,-1.249,2.608
-13.13,2.634,4.165
-9.972,2.802,3.72
-8.546,5.065,4.398
-6.927,6.73,6.85
-6.606,9.164,7.819
-8.417,6.522,8.295
-9.695,11.724,8.896
-15.083,9.996,13.41
-10.08,21.433,20.82
-9.917,13.75,14.896
-8.948,8.137,5.969
-4.11,6.388,5.702
0.768,5.321,4.936
-1.158,3.938,7.62
-1.809,4.35,8.195
-1.486,5.697,10.652
-2.464,6.161,9.719
-1.828,3.988,9.747
1.835,1.129,9.996
-0.419,2.024,10.042
0.847,2.617,8.238
0.464,3.586,9.668
0.464,3.194,9.381
0.275,2.845,8.778
1.005,2.895,8.807
0.644,4.079,7.02
0.78,1.235,9.147
0.869,0.895,9.302
2.436,1.005,8.364
1.55,0.378,8.563
0.175,0.402,8.881
0.017,-0.474,7.869
1.069,-1.177,8.283
-1.148,-0.651,8.398
-0.33,-1.766,8.173
0.895,-0.919,8.781
1.708,-1.409,7.613
0.699,-1.663,8.338
0.392,-1.495,8.254
0.553,-0.325,7.62
1.524,0.883,8.408
1.247,1.153,7.919
0.273,0.273,8.046
0.227,0.507,7.47
0.242,-0.55,8.592
0.16,0.323,6.85
-0.199,2.354,6.738
-2.847,0.981,8.374
-1.213,0.091,10.166
-3.582,-2.12,9.109
-4.57,-0.488,10.168
-5.395,-0.476,9.199
-5.833,-2.096,8.178
-6.85,1.321,9.534
-8.096,-0.804,11.279
-8.788,-1.72,10.582
-10.125,-2.718,12.26
-10.13,-1.292,7.096
-9.788,-3.067,7.025
-12.688,-2.878,7.295
-13.721,-0.818,4.541
-12.374,-4.981,-0.438
-12.252,-4.5,-2.864
-11.865,-6.635,-5.096
-11.652,-10.872,-4.893
-13.575,-12.008,-2.431
-16.648,-13.305,-1.672
-16.676,-9.099,1.093
-19.763,-7.757,-3.175
-20.78,-11.566,0.684
-22.088,-9.558,0.388
-19.83,-12.221,2.034
-19.715,-9.415,-0.971
-23.165,-10.936,3.005
-17.928,-8.963,3.692
-22.531,-12.032,2.747
-18.739,-13.047,0.323
-19.875,-4.165,1.847
-15.834,-7.625,2.239
-13.47,-1.034,2.881
-17.136,-9.941,-2.342
-13.461,-3.426,-2.919
-12.185,-3.146,0.986
-11.492,0.991,-0.447
-11.499,-2.498,-2.617
-10.377,-5.675,-3.07
-6.637,1.215,-5.668
-11.587,7.328,-3.857
-8.484,6.955,-2.883
-11.815,1.864,1.419
-8.348,-0.579,-0.962
-10.992,-1.687,9.439
-13.65,1.893,12.477
-5.594,0.397,12.729
-6.742,0.562,7.4
1.342,3.747,6.91
-5.345,3.685,9.35
-11.807,10.147,11.248
-10.793,9.635,10.286
-10.975,7.477,9.695
-9.099,1.644,8.886
-8.4,-3.266,9.171
-8.029,-6.46,10.484
-7.941,-7.45,11.46
-9.075,-6.711,11.645
-10.166,-4.826,11.439
-10.334,-2.766,9.197
-10.341,-0.481,7.104
-9.573,0.299,4.811
-9.266,0.189,4.204
-9.518,-0.928,4.366
-10.513,-0.919,4.283
-11.571,1.014,4.488
-10.683,0.603,3.933
-9.47,-0.184,3.807
-10.424,1.18,5.692
-11.044,1.11,6.618
-10.661,2.302,6.596
-10.018,5.182,6.615
-8.149,4.785,6.415
-7.173,5.603,6.015
-5.718,7.381,4.517
-8.439,9.932,4.053
-7.776,6.374,5.95
-7.178,0.926,9.623
-6.907,4.163,8.484
-8.891,15.832,16.487
-11.874,21.124,9.623
-3.091,16.246,7.96
-6.69,6.393,2.754
-1.11,9.018,6.599
-7.197,10.64,-3.141
1.617,0.447,7.226
3.603,5.426,7.517
-0.112,6.606,12.181
-0.67,5.783,11.709
-3.46,4.209,12.236
0.39,2.261,9.774
-0.517,1.146,10.212
0.83,1.041,10.279
0.821,-0.065,9.039
-1.476,1.842,10.901
0.105,-0.732,9.331
0.569,-2.187,8.752
1.065,-1.299,9.257
-0.038,-0.115,9.977
-0.431,0.316,9.759
0.572,0.562,9.13
0.713,-0.12,9.958
0.005,-0.44,10.599
0.426,-1.67,9.472
0.646,-1.335,9.188
0.445,-0.282,8.958
1.199,-0.158,8.324
0.72,-1.081,8.716
0.225,-0.39,9.092
1.239,-0.189,8.144
0.364,-0.586,8.257
0.584,-0.134,9.068
-0.199,-0.56,9.178
0.751,-0.409,9.164
0.065,-0.304,9.956
-2.297,-0.141,10.322
-1.67,-0.254,10.575
-1.364,-1.163,9.633
-2.694,-1.426,9.032
-3.878,-2.141,8.441
-3.787,-0.474,7.24
-5.18,1.364,6.02
-5.969,0.912,5.527
-5.871,0.732,6.07
-6.965,0.502,4.888
-5.747,-0.474,2.754
-10.415,-7.214,2.629
-12.48,-3.543,3.304
-12.276,-5.888,4.819
-11.834,-6.415,0.639
-11.058,-8.702,1.005
-11.865,-8.79,0.677
-11.98,-10.07,1.593
-13.202,-10.872,1.141
-11.154,-9.412,2.244
-14.31,-9.245,2.586
-16.298,-5.13,2.728
-13.221,-5.601,2.859
-15.669,-8.544,1.816
-18.078,-7.443,2.771
-16.219,-9.298,0.825
-20.557,-3.965,3.017
-20.887,-6.187,0.445
-19.15,-9.034,2.388
-20.837,-5.907,3.359
-19.899,-8.058,4.075
-22.028,-1.986,3.067
-21.143,-6.364,0.912
-17.576,-7.817,-2.237
-17.77,-4.632,-0.024
-12.817,-4.62,0.711
-15.396,-1.153,2.091
-13.31,2.321,-0.4
-12.382,-0.816,-3.464
-11.432,-0.292,-3.469
-8.903,2.242,-1.981
-8.269,3.11,-1.345
-8.477,9.412,-2.962
-7.238,-0.565,-2.998
-7.257,2.728,0.799
-8.494,5.187,5.874
-8.501,11.355,7.726
-2.842,-2.96,2.897
-1.94,-2.567,5.027
-7.872,-2.067,7.766
-10.006,3.601,12.54
-11.999,7.309,14.367
-11.128,6.359,14.908
-9.582,5.297,14.836
-9.767,2.33,14.195
-10.764,-1.139,14.154
-11.324,-3.653,13.76
-12.276,-4.792,11.073
-12.805,-5.484,8.711
-12.793,-4.74,6.606
-13.011,-3.24,4.895
-12.444,-2.227,4.515
-11.858,-1.436,4.302
-12.408,-1.751,2.586
-14.147,-1.651,1.684
-13.925,-1.974,2.275
-13.025,-1.785,2.888
-14.293,-2.737,3.053
-15.487,-1.893,4.625
-13.284,-1.029,4.795
-11.779,1.019,4.252
-8.53,4.029,3.376
-6.07,5.513,4.96
-6.534,6.068,5.548
-5.759,7.197,5.06
-7.328,6.759,6.175
-11.255,14.384,10.403
-10.154,11.688,13.523
-8.147,15.033,14.48
-8.018,9.135,6.438
-3.254,6.558,3.22
-2.873,9.377,6.115
-4.225,4.907,5.929
-2.158,5.941,8.264
-2.397,7.697,10.465
-1.493,6.723,9.695
0.072,8.939,8.692
0.139,4.199,10.295
-0.919,4.778,10.29
-0.634,1.931,10.226
0.864,-0.057,10.42
-0.045,4.467,8.96
-1.773,2.29,10.59
-1.019,3.699,9.247
0.957,1.431,8.917
-0.383,0.816,9.793
1.443,1.177,8.903
0.074,0.29,8.606
0.904,1.058,7.204
0.12,1.27,8.142
0.026,-0.66,9.644
1.038,-1.189,8.876
0.622,-2.589,8.123
0.352,-1.44,9.149
0.419,-1.029,9.982
-0.335,-2.115,10.283
-0.526,-2.254,9.424
0.562,-0.555,9.01
0.837,-0.275,8.814
0.366,0.459,8.754
0.29,0.591,8.635
-0.084,1.22,8.781
0.077,0.402,8.704
-0.1,0.644,8.513
-0.002,0.629,8.611
0.34,1.747,8.463
-0.806,0.61,9.642
-1.235,0.646,9.204
-1.249,-0.373,9.173
-1.888,-1.771,8.343
-4.646,-0.866,8.022
-5.819,0.457,8.537
-7.362,-0.907,10.503
-8.065,1.687,10.719
-9.049,2.617,10.054
-7.029,0.89,8.96
-6.257,0.553,8.998
-8.257,-1.325,9.372
-9.238,-2.579,8.271
-11.453,-0.756,6.85
-9.092,0.969,6.304
-9.101,0.758,5.481
-11.315,-1.366,3.673
-10.841,-4.266,-0.823
-9.319,-10.523,-1.842
-12.19,-11.216,-4.199
-10.317,-9.518,-4.366
-13.81,-11.549,-1.66
-12.724,-12.331,0.565
-15.6,-13.671,0.086
-16.418,-10.542,2.046
-19.148,-14.09,0.749
-16.121,-7.752,4.91
-17.083,-7.671,4.625
-17.593,-2.682,5.252
-14.597,-6.761,3.642
-16.975,-7.678,4.649
-19.93,-7.278,3.204
-15.856,-6.544,4.23
-15.624,-7.919,2.936
-17.492,-7.111,3.405
-18.1,-4.295,-0.175
-17.239,-5.022,1.201
-14.329,-5.699,-0.51
-11.848,-2.366,-2.216
-13.286,-1.78,-3.787
-11.082,-3.134,-2.826
-11.044,-3.85,-1.926
-11.087,-4.378,-0.804
-8.168,-1.538,-0.407
-11.618,0.426,-1.488
-10.192,0.51,-2.208
-8.659,3.543,-3.003
-6.931,5.268,-1.668
-8.128,2.232,-1.598
-8.75,7.907,-0.146
-8.635,5.869,2.716
-6.764,7.584,8.975
-3.352,8.386,9.329
1.529,7.886,2.9
-1.038,-0.407,0.1
-4.654,7.695,-0.751
-8.558,6.175,0.242
-5.321,9.525,2.041
-6.584,7.044,3.385
-5.979,7.805,6.903
-6.441,4.326,8.936
-6.747,-1.388,11.35
-7.814,-5.28,12.676
-9.503,-5.539,12.25
-10.826,-4.089,12.583
-11.865,-2.759,13.573
-12.496,-2.464,14.04
-13.219,-3.091,12.882
-14.128,-2.553,10.317
-13.915,-1.713,8.183
-13.157,-0.239,6.592
-11.965,1.041,5.094
-10.14,0.548,3.735
-9.025,-0.431,3.586
-9.695,-2.952,3.63
-11.678,-6.084,3.838
-11.649,-4.017,3.768
-11.688,-2.065,2.936
-11.085,-1.089,2.417
-10.391,-1.483,3.632
-8.618,0.333,5.367
-7.922,2.409,5.35
-7.589,2.802,4.96
-6.773,3.756,3.151
-7.328,1.869,2.835
-9.025,2.39,5.448
-16.638,8.836,16.911
-12.441,15.748,16.959
-10.582,14.681,14.86
-5.575,5.73,6.058
-3.369,7.264,7.412
-7.857,6.726,8.702
-0.368,0.663,8.979
-0.096,5.879,9.991
-2.029,7.697,9.934
-0.529,7.254,8.876
-0.352,5.546,8.855
-1.519,3.034,14.781
-1.687,2.517,12.597
0.349,4.886,8.898
-0.727,5.457,9.305
1.572,3.852,6.106
-0.823,1.794,8.975
0.51,2.378,8.085
0.675,2.546,8.652
0.041,2.067,9.597
1.213,0.081,6.537
0.797,-0.347,8.759
0.51,0.144,8.965
-0.223,0.593,8.561
0.538,0.689,9.113
0.852,-0.139,9.398
0.148,-0.055,8.242
-0.333,-1.127,9.85
0.065,-0.821,10.36
-0.199,0.067,10.257
-0.012,0.041,9.513
-0.39,-0.237,9.429
-0.383,-0.297,10.137
-0.892,0.414,10.355
-0.402,-0.184,9.341
0.17,0.591,9.094
-1.117,1.727,9.022
-1.457,0.713,9.477
-0.514,0.349,9.025
-1.455,1.768,9.551
-0.818,2.988,9.192
-1.249,2.809,9.396
-1.919,1.83,8.678
-1.859,-2.467,6.977
-1.96,-3.338,7.506
-3.756,-2.445,8.522
-6.197,-0.407,8.91
-6.202,0.127,10.343
-7.257,-1.579,9.807
-6.802,-0.548,8.185
-6.867,-1.306,7.494
-9.085,-3.565,8.046
-9.29,-4.527,8.211
-10.85,-2.491,7.754
-10.424,0.182,4.878
-11.063,-0.227,3.07
-11.74,-5.544,0.95
-12.006,-4.182,1.558
-14.219,-6.013,1.081
-14.281,-6.584,-1.696
-14.43,-10.207,-3.405
-12.355,-14.384,-3.144
-16.406,-10.898,0.089
-19.753,-13.82,1.158
-11.539,-11.623,-0.514
-17.241,-8.939,0.5
-15.509,-11.671,1.849
-14.568,-6.73,3.697
-19.019,-9.204,3.438
-17.741,-10.759,3.139
-17.411,-7.288,3.003
-17.987,-9.948,0.601
-15.523,-4.646,-0.163
-14.681,-4.005,-0.452
-14.966,-1.967,-0.957
-14.41,-4.01,-0.823
-12.523,-4.187,-1.919
-13.635,-1.089,-1.706
-12.638,0.084,-3.055
-10.343,-1.562,-4.146
-8.965,0.727,-3.555
-11.248,-0.574,-3.22
-8.259,0.821,-2.718
-8.271,3.137,-3.548
-9.185,5.558,-4.087
-10.104,6.821,-2.546
-8.86,3.307,-5.029
-7.357,3.299,-3.051
-7.417,7.163,2.153
-5.493,7.623,4.596
-7.044,4.649,8.573
-3.354,-1.57,1.849
-0.045,-0.567,0.402
-1.802,3.498,0.409
-6.216,6.127,5.62
-6.946,8.666,7.326
-7.675,10.336,9.829
-6.565,6.754,9.685
-6.738,0.983,9.142
-6.106,-3.761,9.781
-7.283,-6.673,10.712
-8.163,-7.101,11.508
-8.924,-5.407,11.889
-8.699,-2.969,11.781
-8.396,-1.814,10.491
-8.254,-2.091,8.551
-8.128,-2.151,6.532
-8.111,-1.211,5.376
-8.142,-0.615,4.453
-8.163,0.318,4.216
-8.415,-0.392,4.29
-8.628,-0.957,3.747
-9.073,-2.156,4.663
-11.228,-1.369,5.991
-12.138,-1.658,6.216
-10.099,-0.017,6.118
-10.465,0.72,6.903
-10.865,1.78,6.07
-8.254,2.405,5.493
-7.553,4.297,5.757
-8.62,5.3,7.465
-11.149,14.135,5.601
-8.381,14.635,4.857
-8.874,12.221,9.113
-8.623,10.133,10.855
-6.845,10.917,13.932
-5.101,8.802,7.156
-3.615,6.448,6.941
-5.481,7.561,9.398
-4.173,9.357,5.469
-4.352,5.024,6.946
-2.07,-0.665,6.493
-3.149,5.883,7.439
0.72,4.331,4.941
0.311,5.02,9.551
-4.098,6.314,11.733
-2.9,3.323,10.936
0.979,0.036,10.657
-0.007,3.563,9.07
0.017,2.548,9.592
0.321,3.062,9.707
0.361,1.522,9.422
0.17,0.318,9.434
0.397,1.5,9.886
0.043,1.431,10.331
-0.187,1.18,9.64
-0.49,0.971,8.707
-0.428,0.39,8.434
-0.321,-0.557,8.757
0.079,-0.325,9.161
-0.246,-0.45,9.355
0.079,-0.986,8.668
-0.979,-0.292,8.183
0.081,-0.694,8.738
-0.17,-0.117,8.233
0.045,-0.61,8.147
0.591,-0.534,8.544
0.447,-1.56,15.42
-0.309,0.883,9.446
-0.718,-0.665,8.874
-1.22,-0.821,9.867
-1.328,0.227,10.456
-2.077,0.371,10.838
-2.897,-0.014,10.255
-3.493,-0.947,9.293
-3.61,0.227,9.156
-4.771,-0.266,7.905
-5.635,-1.333,4.84
-6.553,-0.947,3.764
-6.666,-4.484,1.838
-8.908,-5.405,1.483
-9.582,-5.032,1.945
-10.176,-5.929,1.512
-10.92,-6.608,2.964
-10.738,-3.586,3.917
-11.164,-4.699,2.912
-11.599,-5.28,1.11
-14.188,-4.065,1.67
-15.485,-4.778,2.328
-17.48,-5.082,3.048
-13.372,-7.171,4.694
-21.375,-8.166,3.043
-16.104,-7.472,0.763
-19.27,-10.92,-1.16
-20.964,-10.503,0.309
-21.213,-5.833,1.235
-19.681,-10.408,3.314
-19.983,-3.823,0.787
-22.648,-8.087,2.608
-17.315,-5.039,2.952
-16.356,-3.132,3.639
-20.09,-5.73,3.448
-19.351,-5.642,2.586
-16.092,-4.728,0.835
-16.784,-5.3,2.428
-14.056,-3.646,1.026
-10.795,-3.074,-0.203
-16.205,-5.187,-0.799
-9.288,-1.802,-2.5
-11.523,0.469,-3.936
-8.637,0.691,-2.409
-10.288,6.515,-1.168
-8.211,7.522,-3.878
-9.927,-1.904,-4.993
-6.261,-0.098,-0.033
-5.902,4.529,3.065
-5.572,4.477,6.025
-4.687,12.288,11.09
-5.369,-0.476,9.321
-5.278,-0.627,6.058
-3.752,-0.713,4.749
-1.948,0.687,6.118
-10.008,6.448,11.121
-10.015,10.415,12.822
-12.75,8.209,13.444
-13.279,3.634,12.908
-13.049,-1.311,12.673
-13.635,-2.271,13.796
-13.298,-2.976,14.052
-13.932,-2.053,13.305
-13.621,-1.759,10.602
-13.645,-3.419,6.874
-13.238,-5.769,3.225
-12.678,-5.058,1.957
-12.602,-2.905,1.366
-12.563,-0.668,1.041
-12.272,-1.579,1.866
-12.396,-3.228,2.751
-13.597,-3.421,5.077
-14.6,-0.689,5.687
-15.145,1.761,6.156
-12.587,2.964,5.78
-10.506,3.436,5.637
-7.979,3.051,4.596
-8.202,2.673,5.563
-7.687,4.713,4.34
-10.171,6.084,5.673
-11.405,9.42,8.221
-10.582,10.393,12.36
-11.599,12.75,15.437
-8.427,12.985,14.384
-8.63,7.826,6.91
-3.536,7.017,3.737
-2.335,5.864,5.879
-0.455,6.355,7.446
-2.56,4.371,8.857
-0.053,5.819,9.503
-1.337,5.056,8.446
-1.586,6.692,9.819
-0.679,4.62,11.188
0.098,3.287,7.424
-0.273,1.986,8.879
0.268,2.625,10.965
-0.156,0.907,8.484
0.684,0.964,6.694
1.211,0.816,8.927
0.208,0.802,8.759
0.299,-0.249,12.611
-0.931,-0.919,9.434
0.278,-0.29,7.745
0.907,-0.73,9.929
0.675,-0.67,9.238
0.586,-1.175,9.582
-1.206,-1.019,8.711
0.223,-1.048,10.168
-0.519,-2.089,10.197
0.873,-2.094,10.747
0.069,-1.593,10.391
0.581,-0.943,8.865
0.022,-1.0,9.044
0.01,-0.122,8.637
-0.316,-1.462,9.298
0.167,-1.735,9.388
0.658,-0.845,8.941
1.239,-0.278,7.494
0.23,0.859,7.747
-0.211,0.866,8.723
-0.337,0.785,8.92
-0.479,0.809,9.013
-1.347,1.574,8.534
-2.539,1.251,8.659
-4.343,-0.639,9.125
-3.79,0.23,9.032
-4.905,1.192,10.008
-5.493,0.964,12.341
-6.218,1.12,11.09
-6.783,2.873,10.281
-6.891,-0.9,9.656
-7.439,-2.503,8.221
-9.984,-0.66,10.245
-9.353,-1.794,4.484
-9.723,-1.048,3.756
-12.161,-5.864,-1.218
-11.76,-8.207,-1.28
-14.004,-6.005,0.285
-14.769,-6.828,0.634
-12.403,-6.386,-1.756
-14.193,-9.008,-1.038
-13.245,-13.666,-0.347
-16.71,-10.616,-0.79
-14.37,-13.781,-1.287
-17.389,-9.286,-0.955
-17.069,-9.7,-1.184
-14.621,-10.269,0.462
-20.715,-13.992,1.641
-17.535,-6.871,1.828
-19.916,-12.906,-0.421
-22.308,-6.048,0.428
-23.045,-8.305,1.799
-19.581,-9.367,1.873
-14.193,-5.697,2.933
-14.554,-5.594,-0.435
-15.669,-7.522,-2.11
-10.322,-3.266,-1.091
-12.336,-5.575,0.823
-10.377,-0.29,-0.51
-12.219,1.787,-2.539
-12.518,3.376,-1.811
-9.845,4.477,-2.122
-12.367,2.967,-1.515
-9.427,4.625,-1.199
-9.063,3.421,-3.842
-9.769,0.074,-1.421
-9.262,-0.565,4.295
-5.658,5.749,9.692
-4.484,-1.794,7.812
-1.893,-6.331,2.95
-3.941,0.581,2.835
-4.477,0.854,7.541
-6.714,5.589,9.238
-7.563,6.489,10.542
-8.491,5.036,10.369
-7.824,2.256,9.355
-7.635,-1.328,9.616
-7.515,-3.974,10.149
-7.441,-4.859,11.279
-8.142,-3.898,11.513
-8.975,-3.12,10.391
-9.152,-1.101,9.903
-9.233,0.562,9.721
-8.85,1.218,8.3
-8.436,-0.268,6.319
-8.166,-1.488,4.764
-8.458,-1.799,4.127
-9.477,-1.538,3.84
-9.996,-1.5,4.754
-9.487,-1.146,4.254
-9.427,-0.002,4.065
-9.886,0.103,3.811
-10.274,0.263,4.642
-10.231,0.969,5.357
-8.623,3.51,6.694
-7.781,3.484,6.125
-8.998,4.654,5.331
-12.238,6.161,5.312
-13.932,15.226,6.106
-8.987,11.298,1.931
-8.783,13.573,2.814
-13.607,6.637,7.8
-10.142,10.302,17.566
-5.28,9.417,10.85
-6.69,11.192,9.489
-6.613,9.381,7.185
-3.225,6.137,8.393
-5.01,2.366,6.13
2.376,-1.483,8.551
2.728,-0.141,12.535
-1.002,5.314,11.118
-0.412,3.51,10.791
-2.952,2.567,12.731
-1.986,2.802,11.573
-0.311,1.904,9.551
-0.091,-0.16,8.869
0.254,0.943,9.654
0.038,1.66,9.654
0.012,2.134,10.331
0.388,0.983,10.104
-0.014,0.328,10.2
-0.629,0.4,9.771
-0.321,0.732,9.644
0.402,1.108,9.099
0.148,1.416,9.427
-0.144,1.325,9.317
-0.017,1.227,9.025
-0.469,0.086,8.594
-0.744,0.751,9.166
-0.658,1.754,9.388
0.041,1.634,8.955
-0.01,1.445,8.525
-0.297,1.553,8.637
-0.524,1.751,9.111
-0.864,1.828,5.201
-2.84,0.945,4.785
-2.936,1.969,11.578
-2.888,2.206,15.925
-3.263,3.591,14.25
-2.06,2.754,12.65
-0.531,3.45,11.587
-1.364,2.211,10.594
-5.857,1.546,14.205
-2.199,0.998,11.939
-0.251,2.565,10.53
0.055,1.747,10.401
0.701,1.273,10.192
1.531,1.967,9.589
1.235,1.352,10.75
0.691,1.247,10.716
0.27,0.61,10.487
0.081,1.424,10.381
0.952,2.038,9.582
1.443,1.266,9.635
0.639,1.223,10.214
0.318,1.285,9.994
0.249,1.354,9.917
1.208,1.05,8.841
0.333,-0.313,8.175
-0.902,-1.091,6.711
-1.701,-2.058,4.74
-2.701,-2.938,2.249
-3.333,-3.029,-0.055
-4.292,-2.936,-0.842
-3.156,-0.84,-1.792
-4.795,1.526,0.957
-5.91,1.019,5.223
-8.087,1.658,8.812
-6.139,4.036,10.09
-6.154,3.448,9.814
-8.372,4.56,12.056
-9.936,4.185,9.621
-9.374,4.63,12.606
-11.317,-3.859,14.908
-8.728,-0.029,14.583
-9.494,-8.374,11.563
-7.379,-0.364,11.07
-8.419,-7.482,9.429
-8.819,-4.094,10.822
-10.881,-5.747,9.707
-9.807,-5.754,9.161
-7.089,-3.113,8.015
-8.082,-4.993,8.508
-11.341,-6.694,8.955
-9.857,-4.192,8.824
-8.128,-2.73,8.695
-9.647,-3.113,8.319
-9.929,-3.299,7.546
-8.549,-3.775,6.534
-7.618,-2.579,6.84
-8.955,-2.785,7.008
-8.592,-2.208,7.551
-8.826,-1.744,7.785
-9.994,-2.383,7.424
-9.649,-4.031,6.749
-10.274,-3.311,7.053
-10.889,-3.665,7.039
-11.245,-3.589,7.187
-11.819,-4.139,7.065
-12.36,-4.06,7.001
-13.298,-3.668,7.642
-13.154,-3.472,7.757
-11.429,-2.687,7.477
-12.831,-2.11,7.252
-11.946,-3.244,6.783
-11.078,-3.682,6.635
-10.647,-3.118,6.682
-9.001,-3.342,5.977
-7.723,-2.751,5.993
-6.17,-2.694,5.965
-4.943,-3.362,6.871
-4.364,-2.933,7.642
-2.984,-3.541,7.395
-2.407,-3.189,7.613
-2.094,-3.807,7.745
-2.163,-4.723,7.757
-1.629,-4.677,7.745
-0.842,-4.438,7.802
-0.624,-4.917,7.84
-0.648,-5.618,7.486
-0.067,-4.802,7.221
0.462,-4.319,7.247
1.457,-4.235,7.005
2.07,-3.347,7.029
3.005,-3.283,6.615
3.785,-4.276,6.068
4.173,-5.3,5.575
4.816,-5.891,5.106
5.493,-6.048,5.271
6.139,-6.615,4.905
6.699,-7.252,4.522
6.599,-8.106,4.637
7.266,-7.508,4.4
7.75,-7.642,4.283
7.62,-8.187,4.644
8.096,-8.147,4.206
8.271,-8.305,4.34
8.166,-7.319,3.957
7.855,-6.359,4.572
8.015,-5.434,4.089
7.96,-4.744,3.285
7.293,-4.151,3.244
6.795,-4.28,2.488
6.278,-3.637,2.852
5.462,-1.835,5.91
5.453,-0.517,6.584
4.625,-0.67,5.881
3.45,-0.656,4.79
3.766,1.258,5.575
3.699,3.476,6.357
2.414,4.024,5.745
1.584,3.441,4.527
1.9,3.787,4.754
1.933,5.627,6.522
1.043,6.319,7.367
1.333,6.046,5.946
2.455,6.678,5.34
1.22,6.142,5.218
1.278,9.408,6.357
1.177,10.628,7.328
1.871,10.185,6.965
1.397,9.786,7.063
1.287,9.027,6.47
1.909,8.903,5.618
2.101,8.472,4.654
2.591,8.271,3.89
2.785,8.314,2.938
2.546,7.501,1.885
2.684,7.331,2.098
2.481,7.642,2.85
2.486,7.929,3.333
2.402,8.235,3.34
2.07,8.565,3.634
1.828,8.798,3.685
1.864,8.865,3.074
1.73,9.03,2.833
1.601,9.262,3.084
1.601,9.714,3.419
1.835,10.355,3.656
1.828,10.843,3.78
2.201,10.154,3.122
2.555,10.594,2.991
2.888,10.47,3.263
2.914,10.647,4.003
3.115,10.061,4.421
4.213,8.64,2.012
4.491,8.12,1.864
4.209,7.805,2.768
4.144,7.671,3.74
4.051,6.431,4.048
4.079,6.553,4.156
3.426,5.642,4.252
2.955,5.544,4.737
2.388,5.278,5.417
2.017,5.35,6.163
1.45,6.448,7.053
0.471,6.711,7.592
0.713,6.869,7.606
0.967,6.747,7.635
0.897,6.953,7.534
0.603,6.438,7.357
0.134,6.048,7.183
0.151,6.814,6.371
0.785,7.644,5.718
1.565,6.809,6.096
1.34,5.323,6.237
1.381,5.309,6.204
1.328,6.407,6.577
1.292,6.415,6.967
1.22,4.63,7.395
1.759,4.12,7.106
1.522,3.426,6.84
1.115,3.531,7.029
0.995,3.747,7.831
1.318,3.512,8.319
1.814,3.61,7.958
1.117,3.211,8.259
-0.033,2.424,10.226
-0.555,3.237,13.908
-0.239,3.728,15.552
0.232,2.405,10.618
0.787,3.369,7.934
1.818,4.223,8.695
2.17,3.816,9.281
1.849,3.165,9.156
1.84,3.268,9.345
1.718,2.943,10.164
1.445,2.046,10.685
1.445,-0.167,10.855
-0.426,1.701,9.893
3.376,0.112,9.386
1.72,0.847,10.14
2.649,-0.239,9.692
1.981,1.05,9.262
0.945,0.397,10.226
0.356,0.505,10.02
0.902,0.811,10.044
0.084,-0.481,10.556
2.031,1.002,9.738
1.438,0.842,9.484
0.672,0.196,9.884
2.196,0.687,9.338
1.974,-0.16,9.922
0.44,0.567,10.527
1.06,0.352,9.953
0.579,0.644,9.9
1.323,0.148,10.523
0.797,0.806,11.281
1.309,1.282,9.408
0.763,0.816,10.556
1.381,1.093,9.726
0.577,1.687,10.216
1.512,0.471,9.865
0.993,0.95,9.982
1.129,0.914,9.812
1.091,1.091,9.956
1.555,1.192,9.747
1.483,1.512,9.805
0.945,1.476,9.975
1.072,1.175,9.929
1.189,1.012,9.855
1.192,0.871,9.786
0.931,1.12,9.642
0.983,1.151,9.893
0.878,0.957,9.867
0.806,0.955,9.889
0.778,0.861,9.903
0.928,1.046,9.898
1.292,1.172,9.833
0.732,0.88,10.054
1.168,1.065,9.788
1.263,0.991,9.879
0.871,1.017,9.991
1.151,1.017,9.817
1.158,1.031,9.881
1.239,0.964,9.822
0.919,1.058,9.776
1.017,1.036,9.786
1.333,1.005,9.853
1.699,1.515,9.771
0.711,0.991,9.941
0.847,0.926,9.896
1.129,0.701,9.869
0.907,0.589,9.936
0.634,0.622,9.908
1.354,0.921,10.448
1.861,0.589,9.635
1.677,1.01,9.738
1.617,0.423,9.738
0.555,0.629,9.994
1.12,0.691,9.874
0.218,0.854,10.051
1.007,0.909,9.929
0.718,0.854,9.946
0.744,0.622,10.003
0.974,0.888,9.853
1.148,1.144,9.752
0.983,1.139,9.881
0.847,1.378,9.934
0.73,1.081,9.975
0.964,1.646,9.676
0.823,0.902,9.939
0.778,0.907,9.905
0.615,1.005,9.912
0.653,0.787,9.967
0.445,0.723,9.912
0.476,0.809,9.862
0.522,0.687,9.936
0.371,0.677,9.953
0.356,0.565,10.003
0.187,0.77,10.011
0.495,0.763,9.944
0.534,0.792,9.915
0.5,0.979,9.862
0.613,0.84,9.932
0.608,0.794,9.994
0.67,0.613,9.984
0.529,0.668,9.905
0.445,0.715,9.886
0.531,0.677,9.953
0.756,0.761,9.853
0.546,0.703,9.936
0.519,0.495,9.884
0.495,0.646,9.857
0.541,0.742,9.953
0.641,1.182,9.886
0.534,1.115,9.963
0.622,0.935,9.829
0.703,0.737,9.738
0.541,0.84,9.893
0.407,0.804,10.051
0.5,1.321,9.972
0.447,1.093,9.867
0.677,1.268,9.702
0.735,1.113,9.676
0.493,1.27,9.905
0.479,0.916,10.018
0.347,1.196,10.168
0.519,1.275,10.104
0.33,1.369,9.958
0.445,1.397,9.788
0.615,1.373,9.97
0.797,1.273,9.786
0.49,1.416,9.982
0.56,1.603,9.762
0.622,1.459,10.011
0.61,1.431,10.082
0.069,1.156,9.781
3.096,3.936,9.759
0.196,2.086,9.922
1.081,1.96,9.781
0.725,1.397,9.97
0.682,0.258,9.635
0.313,1.117,9.805
0.39,1.168,9.91
0.44,1.45,9.702
0.065,1.225,10.085
0.507,1.148,9.91
0.447,1.888,9.867
0.227,1.022,9.979
0.55,1.759,9.877
1.16,1.062,9.805
0.912,1.223,9.721
0.785,1.29,9.845
0.457,2.158,9.826
0.715,2.254,9.762
0.495,2.34,9.867
0.77,2.421,9.711
0.849,2.098,9.74
0.534,1.952,9.788
0.976,1.653,9.757
1.093,1.988,9.582
0.995,2.086,9.649
0.924,2.192,9.618
1.256,1.849,9.788
0.971,1.572,9.609
1.096,1.916,9.556
0.876,2.189,9.587
0.988,2.113,9.503
0.799,1.861,9.781
0.852,1.979,9.824
0.947,1.859,9.869
1.189,1.859,9.769
0.751,1.321,9.757
0.658,1.397,9.786
0.708,1.988,9.812
0.746,1.797,9.735
1.081,2.019,9.587
0.754,2.038,9.721
0.909,1.483,9.757
0.648,1.971,9.647
0.823,2.692,9.623
1.041,2.696,9.707
0.648,2.713,9.692
-0.337,2.735,9.745
0.426,2.213,9.769
0.636,2.723,9.618
0.749,2.55,9.587
0.828,2.921,9.625
1.031,3.225,9.549
0.275,2.828,9.611
0.567,2.974,9.506
0.811,3.031,9.518
1.306,4.936,8.467
1.385,5.371,8.412
1.337,4.993,8.415
1.311,4.57,8.489
1.139,4.388,8.618
1.251,5.032,8.585
1.357,5.347,8.446
1.409,4.677,8.455
2.091,3.95,8.4
1.572,3.821,8.553
0.239,4.737,8.886
1.285,5.082,8.53
1.254,4.8,8.601
1.211,4.627,8.673
1.57,3.773,8.695
1.239,4.393,8.726
1.474,4.331,8.714
1.249,4.785,8.752
1.34,4.553,8.754
1.17,4.271,8.597
1.517,4.354,8.613
1.577,5.015,8.608
1.165,4.711,8.68
1.199,4.259,8.687
1.397,4.211,8.709
0.957,4.194,8.814
1.361,4.017,8.752
1.17,4.362,8.781
0.986,4.402,8.678
1.151,4.381,8.774
1.381,4.579,8.62
1.395,4.701,8.652
1.56,4.371,8.721
1.227,4.34,8.845
1.218,4.311,8.805
1.421,4.158,8.776
1.347,4.149,8.841
1.177,4.544,8.778
1.56,4.395,8.733
-20.887,-4.311,4.699
7.187,2.003,11.25
1.098,3.754,9.221
0.701,3.228,9.219
1.17,4.333,8.996
1.034,4.57,8.886
1.404,4.065,8.989
0.89,4.364,8.963
1.261,3.955,8.965
1.524,3.943,8.915
1.041,3.883,9.061
1.227,4.139,9.01
1.486,3.876,8.915
1.22,3.72,9.01
1.213,3.383,9.056
1.273,3.826,8.989
0.933,4.098,9.01
1.192,4.06,8.987
1.419,3.957,8.972
1.113,3.953,9.054
1.206,3.874,9.054
1.383,3.555,9.07
1.266,3.675,9.054
1.381,3.96,9.03
1.27,3.938,9.034
1.141,3.713,9.118
0.83,3.917,9.159
1.058,3.615,9.089
1.225,3.601,9.104
0.823,3.795,9.154
0.962,3.632,9.128
0.876,3.498,9.223
0.974,3.773,9.056
1.117,3.498,9.171
1.062,3.424,9.231
1.024,3.642,9.173
1.065,3.921,9.118
1.079,3.893,9.173
1.084,3.467,9.216
1.069,3.321,9.199
1.036,3.527,9.159
0.993,3.424,9.221
0.876,3.598,9.262
0.933,3.627,9.243
0.991,3.352,9.238
1.12,3.287,9.293
1.18,3.464,9.245
0.94,3.295,9.223
0.809,3.529,9.231
1.022,3.311,9.243
1.122,3.115,9.278
1.187,2.94,9.336
0.981,3.263,9.324
0.782,3.72,9.245
1.017,3.699,9.266
1.093,3.311,9.321
1.043,3.163,9.252
1.038,2.919,9.266
1.132,2.938,9.341
1.172,3.182,9.245
1.053,3.189,9.202
1.058,3.45,9.286
1.189,3.445,9.276
1.29,3.395,9.321
1.519,3.129,9.293
1.452,3.139,9.247
1.014,3.134,9.31
1.196,3.129,9.343
1.041,3.261,9.207
1.11,3.072,9.317
1.285,3.046,9.305
1.23,2.725,9.295
1.208,3.311,9.319
1.211,3.512,9.233
1.153,3.433,9.302
1.349,3.421,9.226
1.158,3.452,9.238
1.239,3.352,9.188
1.342,3.481,9.113
1.282,3.151,9.176
1.258,3.354,9.199
1.23,3.452,9.235
1.093,3.39,9.235
1.17,3.417,9.231
1.136,3.402,9.243
1.299,3.307,9.298
1.182,3.369,9.274
1.23,3.445,9.207
1.089,3.646,9.185
1.158,3.407,9.214
1.266,3.357,9.266
1.282,3.488,9.121
1.383,3.517,9.075
1.359,3.472,9.02
1.321,3.579,9.152
1.182,3.441,9.166
1.213,3.548,9.211
1.275,3.536,9.188
1.235,3.575,9.154
1.304,3.484,9.121
1.23,3.431,9.176
1.292,3.319,9.29
1.299,3.412,9.156
1.127,3.496,9.176
1.373,3.503,9.135
1.354,3.395,9.164
1.349,3.311,9.262
1.306,3.24,9.31
0.751,3.335,9.188
1.029,3.225,9.247
1.23,3.256,9.326
1.314,3.292,9.264
1.323,3.405,9.171
1.419,3.33,9.211
1.402,3.352,9.243
1.134,3.436,9.221
1.189,3.469,9.293
1.182,3.424,9.243
1.309,3.316,9.233
1.278,3.232,9.185
1.29,3.268,9.302
1.352,3.228,9.266
1.053,3.4,9.281
1.239,3.342,9.235
1.421,3.228,9.183
1.249,3.419,9.35
1.206,3.295,9.135
1.194,3.223,9.211
1.196,3.34,9.185
1.117,3.33,9.219
1.206,3.185,9.281
1.227,3.144,9.216
1.225,3.319,9.228
1.208,3.488,9.247
1.062,3.388,9.259
1.177,3.429,9.214
1.201,3.278,9.326
1.247,3.309,9.25
1.232,3.369,9.207
1.17,3.333,9.252
1.199,3.362,9.18
1.27,3.414,9.283
1.201,3.33,9.254
1.27,3.304,9.269
1.055,3.362,9.271
1.227,3.187,9.214
1.299,3.278,9.231
1.345,3.319,9.254
1.122,3.445,9.25
1.139,3.321,9.221
1.007,3.196,9.29
1.211,3.228,9.243
1.321,3.338,9.199
1.34,3.333,9.293
0.959,3.381,9.178
1.074,3.352,9.252
1.294,3.285,9.238
1.278,3.484,9.152
1.206,3.642,9.238
1.139,3.524,9.209
1.187,3.235,9.137
1.17,3.39,9.298
1.407,3.409,9.168
1.163,3.601,9.19
0.928,3.481,9.35
1.144,3.299,9.235
1.16,3.385,9.188
1.22,3.45,9.207
1.297,3.235,9.221
1.048,3.335,9.25
0.995,3.457,9.214
1.074,3.419,9.178
1.125,3.321,9.247
1.196,3.431,9.245
1.153,3.323,9.238
0.94,3.464,9.185
1.163,3.498,9.195
1.235,3.527,9.221
2.271,6.304,9.714
3.108,11.104,8.405
0.821,3.455,10.941
-0.579,-2.321,9.831
1.73,3.692,9.381
1.287,3.474,9.113
1.22,3.5,9.128
1.196,3.481,9.07
1.203,3.376,9.08
1.136,3.687,9.204
1.129,3.625,9.173
1.048,3.61,9.207
1.184,3.503,9.207
1.093,3.405,9.164
1.809,3.094,9.109
1.553,4.125,9.164
1.247,3.582,9.013
0.983,3.352,9.073
0.72,2.826,9.3
0.799,3.515,9.221
1.782,3.62,9.125
0.914,4.168,9.214
0.706,4.043,9.254
1.074,3.321,9.161
0.778,3.177,9.13
0.947,3.431,9.197
1.053,3.685,9.197
0.952,3.723,9.147
0.993,3.725,9.149
0.799,3.563,9.286
1.096,3.39,9.051
0.617,3.208,9.204
1.44,3.295,9.149
1.101,3.775,9.142
1.194,4.079,9.087
1.136,3.965,9.037
1.01,3.486,9.101
0.947,3.213,9.228
1.024,3.35,9.199
0.902,3.601,9.185
0.998,3.73,9.166
0.67,3.728,9.271
0.476,4.407,9.142
0.823,3.335,9.19
0.869,3.618,9.233
0.766,3.866,9.238
1.311,3.869,9.013
1.175,3.486,9.075
0.964,3.658,9.173
0.926,3.357,9.19
1.089,3.764,9.183
0.847,3.577,9.219
0.962,3.586,9.046
0.943,3.575,9.121
0.88,3.618,9.197
1.129,3.713,9.058
0.988,3.835,9.099
1.058,3.761,9.197
1.014,3.646,8.85
1.957,2.845,8.836
0.476,4.036,9.233
1.213,3.878,9.111
0.938,3.965,9.065
0.768,3.936,9.109
1.627,3.73,8.857
1.342,4.278,8.96
1.438,4.371,8.874
1.196,3.663,9.003
1.062,3.759,9.109
1.199,3.689,9.094
1.278,3.919,9.025
1.479,3.728,8.862
1.263,3.732,8.975
1.266,3.917,8.96
1.041,4.211,9.061
1.01,3.665,9.08
1.101,3.775,9.061
0.957,3.931,9.027
1.306,4.347,8.898
0.833,3.74,9.149
0.852,3.429,9.156
1.024,3.68,9.144
1.402,4.046,9.039
1.081,3.764,8.915
1.299,3.797,8.989
1.177,3.692,9.058
0.967,3.228,9.221
1.321,3.321,9.142
0.782,3.268,9.269
0.933,3.168,9.283
1.139,3.775,9.092
1.203,3.701,9.125
1.012,3.773,9.24
0.969,3.24,9.276
1.017,3.158,9.219
1.007,3.577,9.178
1.129,3.661,9.223
1.017,3.127,9.178
0.991,3.285,9.262
1.01,3.335,9.324
1.206,2.565,9.599
0.983,3.051,9.326
1.196,3.512,9.19
0.979,3.469,9.281
1.165,3.335,9.252
0.993,3.252,9.211
1.093,3.22,9.245
1.0,3.098,9.348
1.046,3.397,9.254
0.962,3.321,9.307
0.88,3.405,9.29
1.069,3.256,9.235
1.091,3.151,9.235
1.0,3.357,9.262
1.005,3.433,9.314
0.926,3.333,9.283
0.964,3.328,9.264
1.067,3.385,9.278
1.002,3.285,9.247
1.031,3.476,9.207
1.031,3.498,9.214
1.108,3.481,9.192
1.046,3.314,9.216
1.024,3.242,9.24
1.043,3.694,9.204
1.026,3.414,9.259
1.017,3.196,9.238
1.151,3.328,9.149
0.983,3.457,9.262
1.113,3.551,9.137
0.998,3.323,9.288
1.053,3.606,9.219
1.237,3.756,9.173
1.043,3.086,9.238
0.778,2.852,9.317
0.983,3.254,9.262
1.067,3.787,9.156
1.194,4.187,9.152
1.211,3.505,9.188
1.129,3.24,9.18
1.864,4.809,8.465
1.519,3.591,8.975
0.811,2.862,9.24
1.419,3.433,9.168
0.998,3.342,9.159
1.115,2.78,9.424
0.904,4.017,9.207
0.904,3.486,9.192
1.06,3.259,9.219
1.132,3.515,9.104
1.096,3.563,9.128
1.096,3.653,9.147
1.275,3.577,9.154
1.158,3.704,9.106
1.247,3.847,9.075
1.227,3.543,9.142
1.189,3.206,9.142
1.014,3.323,9.159
1.101,3.842,9.142
1.055,3.675,9.137
0.89,3.527,9.199
1.072,3.438,9.223
1.024,1.95,9.542
0.897,2.972,9.252
1.27,3.029,9.125
0.718,3.565,9.199
1.072,3.811,9.08
0.823,4.299,9.097
0.77,3.68,9.209
0.811,3.539,9.252
1.017,3.17,9.173
0.971,3.118,9.231
1.0,3.414,9.19
0.794,3.778,9.166
0.864,3.792,9.14
0.916,3.632,9.195
0.991,3.4,9.092
0.88,3.651,9.14
1.053,3.73,9.097
0.94,3.46,9.183
1.098,3.651,9.097
0.866,3.74,9.214
0.967,3.795,9.185
1.074,3.625,9.099
1.038,3.527,9.132
1.06,3.673,9.171
1.06,3.73,9.132
1.017,3.601,9.209
0.852,3.304,9.209
1.012,3.512,9.209
1.208,3.742,9.104
1.156,3.62,9.336
1.05,3.39,9.147
0.967,3.548,9.353
1.134,3.603,9.113
0.986,3.46,9.324
1.077,3.577,9.211
1.242,3.653,9.226
1.203,3.517,9.116
0.995,3.689,9.173
1.632,3.792,8.649
1.995,3.539,8.946
0.976,3.072,9.166
0.711,4.677,9.106
1.768,3.955,8.941
0.816,3.383,9.216
1.18,3.61,9.121
1.141,3.577,9.037
0.988,3.472,9.13
1.026,3.565,9.188
1.017,3.687,9.219
0.89,3.89,9.343
1.266,3.711,8.915
0.601,3.376,8.623
0.79,3.079,9.281
0.94,3.311,9.271
0.914,3.326,9.259
0.9,3.457,9.247
0.892,3.551,9.295
0.914,3.474,9.204
0.904,3.531,9.223
1.026,3.429,9.173
0.95,3.201,9.197
0.873,3.199,9.271
0.904,3.263,9.264
0.888,3.345,9.271
0.995,3.522,9.467
0.782,3.247,9.31
0.89,3.129,9.209
0.845,3.302,9.319
0.694,3.359,9.52
0.763,3.216,9.331
0.739,3.149,9.52
0.732,3.12,9.312
0.943,3.108,9.302
0.912,3.165,9.305
0.861,3.182,9.307
0.912,3.407,9.353
1.029,3.352,9.298
0.88,3.118,9.441
0.919,3.366,9.29
0.907,3.302,9.264
0.902,3.228,9.262
0.88,3.247,9.3
0.435,3.474,9.441
0.809,3.572,9.3
0.335,2.022,9.489
1.455,2.553,9.195
1.05,3.352,9.319
1.017,3.529,9.142
0.737,2.357,9.446
0.823,2.216,9.429
0.715,2.292,9.386
0.883,3.677,9.286
1.108,3.627,9.257
0.864,3.139,9.281
0.876,2.981,9.336
0.902,3.213,9.343
0.835,3.297,9.314
0.711,3.216,9.341
0.787,3.295,9.377
0.78,3.383,9.324
0.768,3.196,9.393
0.864,3.144,9.353
0.83,3.103,9.381
0.77,3.196,9.372
0.818,3.146,9.393
0.833,3.127,9.321
0.672,3.089,9.367
0.897,3.007,9.338
0.873,3.058,9.365
1.005,3.149,9.262
0.89,3.33,9.31
0.816,3.139,9.331
0.866,3.127,9.365
0.828,3.204,9.374
1.0,3.196,9.3
1.036,3.275,9.333
0.847,3.223,9.281
0.852,3.18,9.293
0.878,3.168,9.35
0.998,3.237,9.317
0.921,3.149,9.283
0.873,3.218,9.302
1.007,3.101,9.31
1.988,3.189,8.869
0.933,2.053,9.367
0.964,2.924,9.52
0.773,4.491,9.123
1.187,3.646,9.228
1.12,3.845,9.293
0.871,3.436,9.321
0.78,2.797,9.362
1.007,3.003,9.298
0.971,3.426,9.257
0.959,3.524,9.231
1.062,3.615,9.209
0.919,3.29,9.214
0.861,3.29,9.254
0.897,3.304,9.298
0.926,3.153,9.317
0.835,3.567,9.298
0.933,3.476,9.216
0.916,3.429,9.283
0.246,3.326,9.788
0.933,3.51,9.508
0.78,3.268,9.417
1.055,3.35,8.991
0.469,3.077,9.448
1.421,3.359,9.097
0.811,3.139,9.278
1.105,3.517,9.046
0.574,3.067,9.341
1.048,3.271,9.281
0.94,3.187,9.216
0.837,3.22,9.329
0.873,3.28,9.377
0.947,3.4,9.29
1.014,3.63,9.226
1.103,3.665,9.197
0.447,3.242,9.164
1.165,3.192,9.286
0.967,3.424,9.106
1.11,3.409,8.951
1.127,3.419,9.233
1.048,3.182,9.365
0.986,3.027,9.384
0.988,2.95,9.362
1.081,3.103,9.369
1.443,2.79,9.434
0.873,2.771,9.417
1.127,2.938,9.3
0.991,3.201,9.408
1.144,3.108,9.439
0.9,2.85,9.398
0.926,2.646,9.391
1.06,2.524,9.367
0.835,2.871,9.47
0.952,2.888,9.398
0.852,2.728,9.513
0.854,2.713,9.534
0.761,2.737,9.508
0.976,2.912,9.444
1.01,2.74,9.47
0.933,2.787,9.424
1.034,2.802,9.388
1.022,3.051,9.546
0.981,2.582,9.465
0.892,3.122,9.417
0.857,3.18,9.412
1.067,3.149,9.298
0.979,3.194,9.307
0.998,2.632,9.494
0.902,2.792,9.436
1.129,2.847,9.427
0.701,3.563,9.31
1.342,3.462,9.156
1.151,3.771,9.216
0.945,3.048,9.317
0.871,3.211,9.372
1.014,3.326,9.31
1.022,3.263,9.341
0.835,3.024,9.41
0.878,3.156,9.353
0.916,3.161,9.235
1.113,3.366,9.192
1.091,3.321,9.223
1.017,3.314,9.283
1.125,3.266,9.274
1.105,3.498,9.233
0.904,3.29,9.288
1.002,3.304,9.243
1.065,3.084,9.274
1.096,3.476,9.254
1.175,3.326,9.228
1.005,3.297,9.18
1.029,3.34,9.317
1.146,3.342,9.345
1.263,3.493,9.209
1.125,3.345,9.185
2.338,4.993,8.472
1.28,3.01,9.178
1.251,3.297,9.259
1.187,3.723,9.211
1.172,3.46,9.214
1.079,3.196,9.293
1.091,3.007,9.281
1.151,3.405,9.262
1.144,3.455,9.25
1.648,4.929,8.692
1.361,2.74,9.235
1.586,3.338,9.118
1.165,3.254,9.25
0.928,3.338,9.36
1.0,3.345,9.298
0.976,3.163,9.36
0.888,2.962,9.405
1.392,4.524,8.967
1.436,2.696,9.3
1.543,3.424,9.137
1.038,3.572,9.305
1.026,3.077,9.388
0.995,2.895,9.415
0.897,2.651,9.482
0.859,2.854,9.403
1.385,3.929,8.357
1.125,2.431,9.333
0.818,2.428,9.503
0.974,3.199,9.434
0.983,3.338,9.444
0.902,3.039,9.422
1.031,2.883,9.357
0.991,2.639,9.4
0.871,3.156,9.455
1.117,2.397,9.845
0.323,3.275,9.515
1.383,2.917,9.29
0.926,3.23,9.367
0.981,2.761,9.467
0.988,2.78,9.31
1.024,3.132,9.374
0.993,3.137,9.372
0.378,2.373,9.833
0.522,3.027,9.499
0.821,2.945,9.453
1.0,3.309,9.369
0.952,2.993,9.408
0.928,2.885,9.367
1.05,3.089,9.417
0.988,3.196,9.302
1.689,3.015,9.125
0.861,2.986,9.455
0.919,3.388,9.326
1.002,3.321,9.362
0.897,3.0,9.393
1.041,2.936,9.209
0.95,3.187,9.338
1.103,3.366,9.271
1.883,3.084,9.01
0.95,3.218,9.403
0.9,3.371,9.372
1.218,3.414,9.288
0.883,2.878,9.35
1.098,2.897,9.374
1.079,3.249,9.321
0.931,3.273,9.357
-0.543,3.486,10.247
0.438,2.67,9.467
1.665,3.563,9.109
1.069,3.493,9.262
0.964,2.955,9.355
0.998,2.866,9.365
1.014,3.125,9.369
0.967,3.445,9.317
1.763,5.151,8.577
0.758,2.859,9.321
1.498,3.701,9.135
1.06,3.29,9.329
0.928,3.007,9.372
1.053,3.046,9.384
1.055,3.273,9.31
0.945,3.266,9.314
0.945,3.196,9.326
1.56,2.909,9.183
1.28,4.065,9.331
1.22,2.998,9.159
1.005,3.165,9.374
1.136,3.024,9.345
1.062,2.9,9.377
0.976,2.979,9.329
1.247,2.306,9.41
0.615,3.005,9.434
1.763,3.472,8.738
0.981,3.328,9.424
0.947,3.132,9.343
1.352,2.775,9.329
1.01,2.972,9.412
0.053,4.029,9.264
0.658,2.778,9.472
1.211,2.615,9.36
0.897,3.309,9.398
1.084,3.192,9.42
1.347,2.957,9.271
0.969,2.852,9.348
1.048,3.053,9.405
0.998,2.902,9.446
0.931,2.78,9.4
0.931,2.79,9.432
0.857,3.039,9.496
1.084,3.012,9.35
0.971,3.022,9.405
1.232,2.854,9.321
0.897,2.984,9.484
0.859,2.94,9.374
0.84,2.847,9.436
0.861,2.828,9.448
0.969,2.83,9.336
0.787,2.981,9.46
0.835,2.85,9.46
0.904,3.177,9.465
1.098,2.938,9.381
1.017,2.723,9.42
0.816,3.046,9.46
0.806,3.11,9.47
0.888,2.964,9.412
0.778,2.83,9.513
0.926,2.675,9.41
0.892,2.584,9.484
0.912,2.625,9.47
0.871,2.689,9.491
0.907,2.806,9.503
0.885,2.838,9.458
0.869,2.732,9.499
0.708,2.553,9.561
0.921,2.687,9.472
1.019,2.936,9.422
1.053,2.728,9.429
0.993,2.687,9.479
1.029,2.62,9.489
0.88,2.589,9.503
0.935,2.732,9.441
1.072,2.917,9.465
1.275,2.883,9.477
