-2.574,1.689,9.757
-3.541,2.577,9.764
-2.833,1.455,9.36
-2.613,1.108,9.094
-2.818,1.12,9.51
-2.895,1.452,9.484
-2.665,1.247,9.432
-2.761,1.132,9.355
-2.847,1.349,9.4
-2.83,1.51,9.412
-2.766,1.4,9.331
-2.768,1.314,9.372
-2.773,1.349,9.415
-2.818,1.256,9.444
-2.79,1.299,9.398
-2.78,1.409,9.396
-2.852,1.392,9.353
-2.539,1.306,9.314
-2.74,1.397,9.795
-3.189,0.892,9.494
-2.905,0.763,8.982
-2.11,0.897,9.606
-2.397,1.94,9.039
-1.5,2.617,9.434
-1.861,1.39,9.372
-3.565,1.323,8.857
-3.39,1.526,9.417
-3.268,2.687,9.321
-3.438,2.4,9.245
-2.699,0.763,8.872
-1.926,0.531,9.501
-3.256,3.24,9.757
-2.594,1.895,8.869
-4.008,1.043,8.888
-2.046,1.029,9.652
-3.689,0.651,9.396
-3.498,1.282,9.563
-3.139,1.735,9.836
-2.933,2.036,9.429
-3.086,3.225,9.152
-2.338,4.264,9.589
-3.469,2.082,7.817
-3.333,1.364,8.977
-2.704,1.438,9.037
-3.211,1.337,9.731
-2.766,0.744,9.697
-2.684,0.593,9.393
-2.584,0.986,9.245
-3.053,0.732,9.458
-2.873,0.95,9.259
-3.034,0.813,9.106
-2.859,1.292,9.453
-2.938,1.268,9.455
-2.938,1.534,9.219
-3.101,1.646,9.274
-3.319,1.421,9.336
-3.027,1.754,9.116
-2.929,2.146,9.168
-3.005,2.244,8.927
-2.467,1.235,9.467
-2.919,1.18,9.52
-2.603,1.091,9.252
-2.845,1.122,9.711
-3.115,1.325,9.767
-3.019,1.39,9.585
-3.07,1.567,8.888
-3.436,2.254,9.082
-2.462,1.806,9.534
-2.641,1.857,9.448
-2.756,1.227,9.489
-3.467,0.706,9.247
-3.139,1.211,9.408
-2.299,0.457,9.219
-2.347,0.811,9.132
-2.905,1.218,9.338
-2.541,1.426,9.266
-3.622,1.287,9.168
-2.529,0.897,9.463
-3.594,1.168,9.367
-3.424,1.39,9.549
-3.29,1.397,9.324
-2.658,1.416,9.243
-2.696,1.258,9.597
-2.988,1.062,9.408
-2.574,0.876,9.405
-2.967,1.333,9.501
-2.388,1.333,9.522
-3.065,1.211,9.379
-3.039,0.813,9.321
-3.094,0.907,9.348
-3.45,0.924,9.302
-3.062,1.101,9.513
-2.527,0.885,9.362
-2.96,0.883,9.223
-3.493,1.244,9.408
-2.646,1.687,9.467
-2.804,1.18,9.494
-2.737,1.081,9.319
-3.039,0.94,9.336
-3.062,0.928,9.355
-3.098,1.074,9.436
-3.115,1.175,9.355
-2.912,1.407,9.281
-2.658,1.036,9.508
-3.043,0.876,9.479
-3.196,0.919,9.515
-2.747,1.206,9.312
-2.718,1.206,9.353
-2.986,1.134,9.405
-2.952,0.983,9.319
-3.098,0.916,9.439
-2.984,1.038,9.417
-3.192,0.962,9.161
-2.35,0.94,9.221
-3.077,0.979,9.341
-3.062,1.263,9.556
-2.706,1.495,9.568
-2.527,1.062,9.013
-1.878,3.768,9.795
-3.78,-0.622,9.704
-3.366,-0.447,9.558
-3.196,0.957,8.687
-3.003,0.531,9.336
-2.706,0.852,9.365
-3.764,1.95,10.094
-1.895,1.488,9.326
-3.362,0.809,9.649
-2.936,1.089,9.367
-2.885,0.778,9.396
-2.905,0.878,9.379
-2.804,1.172,9.398
-2.744,1.182,9.372
-2.866,1.113,9.24
-2.972,1.256,9.575
-2.811,0.888,9.29
-2.79,1.256,9.441
-2.842,0.952,9.386
-3.034,1.065,9.353
-2.847,1.103,9.317
-2.996,1.18,9.429
-2.852,1.199,9.384
-2.785,1.27,9.396
-2.799,1.194,9.439
-2.878,1.27,9.436
-2.881,1.256,9.388
-2.9,1.187,9.415
-2.921,1.206,9.417
-2.668,1.247,9.525
-2.96,1.117,9.295
-2.929,1.311,9.274
-2.962,1.192,9.302
-2.905,1.125,9.479
-2.579,1.168,9.386
-2.608,1.333,9.522
-2.885,1.125,9.324
-3.094,1.12,9.558
-3.091,0.876,9.434
-2.897,0.962,9.405
-2.876,1.148,9.343
-2.857,1.189,9.484
-2.862,1.158,9.41
-2.885,1.06,9.436
-2.873,1.316,9.735
-3.225,1.239,9.826
-3.034,1.239,9.537
-2.862,1.208,9.405
-2.84,1.069,9.448
-2.902,1.062,9.408
-3.017,1.184,9.654
-2.83,1.141,9.427
-3.043,1.27,9.185
-2.969,1.158,9.563
-2.732,0.703,9.36
-4.472,-6.91,11.685
-2.55,7.41,12.13
-1.0,0.766,9.769
-2.072,-0.007,8.623
-3.366,1.258,9.759
-3.029,1.68,9.601
-2.711,1.055,9.161
-2.627,1.182,9.25
-3.177,1.251,9.384
-2.914,1.091,9.278
-2.759,1.108,9.264
-2.921,1.189,9.35
-2.799,1.211,9.372
-2.859,1.17,9.379
-2.797,1.261,9.374
-2.821,1.321,9.429
-2.893,1.352,9.417
-2.878,1.309,9.386
-2.854,1.285,9.314
-2.917,1.33,9.388
-2.847,1.194,9.432
-2.79,1.316,9.424
-2.766,1.359,9.453
-2.962,1.323,9.372
-2.878,1.347,9.42
-2.787,1.345,9.362
-2.862,1.323,9.314
-2.866,1.22,9.353
-2.838,1.168,9.403
-2.89,1.139,9.396
-2.854,1.261,9.377
-2.845,1.302,9.403
-2.821,1.388,9.365
-2.737,1.39,9.415
-2.967,1.306,9.321
-2.962,1.407,9.362
-2.79,1.519,9.348
-2.854,1.369,9.379
-2.852,1.237,9.415
-2.797,1.211,9.46
-2.869,1.33,9.391
-0.88,4.23,-6.479
-2.649,7.855,10.75
-3.23,2.665,11.439
-2.919,-1.462,5.721
-2.9,-0.148,9.228
-2.835,1.816,9.857
-3.421,2.505,9.515
-2.838,1.452,9.207
-2.718,1.007,9.245
-3.065,1.357,9.451
-2.78,1.247,9.329
-2.783,1.299,9.444
-2.866,1.316,9.379
-2.869,1.448,9.326
-2.914,1.4,9.362
-2.838,1.526,9.372
-2.797,1.457,9.357
-2.871,1.404,9.321
-2.768,1.335,9.42
-2.838,1.388,9.388
-2.787,1.213,9.02
-2.888,1.498,9.398
-2.847,1.292,9.398
-2.888,1.328,9.333
-2.809,1.395,9.384
-2.85,1.419,9.388
-2.842,1.357,9.35
-2.85,1.373,9.348
-2.89,1.34,9.386
-2.862,1.285,9.374
-2.878,1.357,9.377
-2.838,1.347,9.379
-2.842,1.321,9.408
-2.852,1.309,9.348
-2.835,1.318,9.348
-2.847,1.369,9.362
-2.859,1.314,9.36
-2.838,1.256,9.429
-2.814,1.292,9.381
-2.84,1.369,9.391
-2.845,1.474,9.365
-2.878,1.503,9.343
-2.864,1.44,9.403
-2.885,1.27,9.331
-2.826,1.263,9.434
-2.847,1.177,9.432
-2.905,1.266,9.357
-3.024,1.562,9.353
-2.79,1.536,9.365
-2.797,1.294,9.391
-2.818,1.347,9.353
-2.845,1.247,9.434
-2.814,1.395,9.369
-3.967,0.201,9.51
-1.66,3.271,9.156
-2.768,1.122,9.195
-3.651,1.031,9.676
-3.223,1.443,9.36
-1.78,1.857,8.742
-2.641,1.79,9.455
-3.125,2.094,9.082
-2.744,2.247,9.807
-2.22,3.096,9.987
-2.818,1.608,9.819
-2.428,0.041,8.85
-2.823,1.304,10.235
-2.644,1.333,10.257
-1.706,1.677,9.331
-2.852,0.629,10.381
-1.823,1.589,9.336
-1.706,1.926,10.35
-1.897,1.141,8.931
-8.845,4.235,8.58
-0.945,3.086,9.034
-1.306,0.959,9.391
-0.849,0.395,10.135
-2.098,1.431,8.647
-0.404,0.103,9.522
-0.914,-0.536,9.896
-2.536,0.148,9.879
-1.51,2.271,10.02
-1.89,2.28,9.881
-1.651,3.405,9.96
-3.034,-0.964,8.64
-3.029,2.098,10.104
-2.799,2.857,10.223
-1.938,1.806,9.707
-1.797,1.12,9.644
-1.567,0.964,9.487
-1.94,1.392,9.623
-2.05,1.574,9.719
-1.902,1.404,9.549
-1.869,1.39,9.532
-1.94,1.357,9.577
-1.955,1.381,9.597
-2.007,1.352,9.539
-2.005,1.534,9.654
-1.644,1.211,9.582
-1.713,1.069,9.628
-2.091,1.132,9.697
-1.983,1.708,9.616
-1.782,1.45,9.506
-1.914,1.29,9.566
-1.826,1.247,9.573
-1.749,1.613,10.728
-1.515,1.443,9.403
-1.873,1.132,9.166
-1.718,0.895,9.436
-1.849,1.22,9.616
-2.187,1.213,9.92
-2.048,-0.05,9.817
-1.804,1.785,9.606
-1.821,1.448,9.534
-2.077,1.187,9.561
-1.907,1.323,9.582
-1.897,1.45,9.649
-1.948,1.349,9.63
-1.876,1.364,9.599
-1.864,1.323,9.644
-2.01,1.321,9.656
-1.213,1.988,9.207
-1.854,0.737,9.367
-2.455,1.151,9.647
-2.85,0.768,10.271
-2.084,3.196,10.401
-0.859,3.381,9.171
-1.412,1.902,9.128
-2.261,1.165,9.587
-2.57,1.144,8.994
-1.309,0.787,9.52
-2.723,0.715,9.444
-0.531,3.766,9.625
-2.225,1.794,7.23
-3.213,1.373,9.652
-1.641,0.955,7.266
-1.263,1.23,8.781
-1.165,1.926,9.793
-1.61,0.378,9.776
-2.34,0.586,10.066
-3.737,1.098,9.372
-3.677,1.766,9.085
-3.496,0.897,9.7
-3.118,4.957,10.145
-3.701,1.751,7.946
-3.936,2.443,8.893
-3.326,4.309,9.338
-3.096,3.764,9.415
-3.505,4.567,9.046
-3.455,2.972,9.008
-3.833,-0.596,9.065
-4.462,-0.639,8.994
-3.957,0.557,9.276
-3.067,0.536,9.321
-2.333,1.194,9.317
-2.086,2.345,9.085
-2.369,1.4,9.228
-2.275,1.751,9.405
-1.739,1.706,9.752
-1.809,3.347,12.549
-2.062,2.003,9.3
-3.122,-0.347,10.903
-3.931,2.543,9.432
-3.22,1.402,9.372
-2.141,-1.048,6.833
-3.936,2.216,10.023
-2.361,2.692,10.073
-2.204,1.857,9.41
-3.055,0.581,9.415
-2.151,1.4,8.989
-2.204,0.938,9.336
-1.852,2.108,9.518
-0.395,0.244,8.879
-4.651,2.132,10.145
-3.905,-0.352,10.384
-3.077,-2.237,4.661
-1.672,9.774,10.3
-0.935,9.685,9.307
-3.838,3.615,7.015
-3.292,1.148,9.726
-2.866,1.835,9.826
-3.467,1.304,9.357
-1.826,2.474,9.656
-1.543,2.639,8.625
-0.744,3.228,8.943
-3.074,3.168,8.955
-4.852,2.744,8.022
-0.962,3.981,8.341
-2.323,3.579,9.211
-2.902,2.184,9.362
-2.137,2.053,9.405
-2.254,0.833,9.274
-2.259,0.615,10.061
-2.043,0.507,9.656
-2.082,0.691,9.68
-1.687,1.182,9.197
-1.617,4.048,9.408
-3.51,5.132,8.305
-3.809,2.39,6.996
-2.615,-1.249,9.159
-3.062,-0.419,10.525
-1.23,4.759,9.934
-0.706,2.393,8.975
-0.809,1.759,9.755
-0.546,-11.657,12.441
-5.28,5.675,12.166
-2.359,1.215,8.774
-2.522,2.294,9.056
-1.359,2.436,9.056
-1.036,1.541,8.905
-1.572,2.838,9.42
-2.223,3.397,9.264
-2.522,4.343,9.812
-0.553,1.833,9.692
-2.641,4.381,9.707
-2.933,3.598,8.893
-3.632,3.177,9.42
-2.266,3.467,9.18
-1.979,3.338,8.979
-1.436,5.359,8.013
-2.027,4.859,7.269
-2.866,3.929,8.979
-0.337,10.97,4.352
-1.598,11.953,9.81
-3.35,8.003,12.827
-4.101,5.379,8.333
-2.529,2.507,8.965
-1.907,-1.498,8.185
-1.873,0.701,8.171
-1.639,1.737,8.752
-1.235,2.268,9.042
-2.003,2.704,9.094
-0.304,2.759,7.941
-1.129,1.605,9.522
-3.517,3.493,9.704
-3.113,4.685,10.003
-3.699,2.818,9.798
-2.835,4.307,9.513
-2.804,2.931,8.915
-2.275,3.429,9.001
-3.132,3.137,8.616
-3.364,3.608,8.664
-3.297,3.567,8.876
-2.873,3.295,8.525
-3.85,3.024,8.589
-3.969,3.153,8.472
-3.584,3.402,8.998
-3.965,3.149,9.104
-4.087,4.139,8.924
-4.13,3.933,8.742
-4.012,3.354,8.709
-6.257,1.558,6.702
-3.127,3.842,7.718
-3.503,3.543,8.427
-3.692,2.96,8.697
-4.034,2.07,8.309
-4.087,2.309,8.876
-3.354,2.553,8.329
-2.232,3.263,8.396
-3.795,3.062,8.888
-5.457,3.948,8.285
-0.12,-4.728,8.731
-2.251,-2.23,7.733
-4.096,1.292,9.018
-1.419,3.512,10.558
-1.225,2.113,9.546
-3.4,1.302,9.668
-4.077,0.244,9.424
-2.792,-0.924,9.056
-3.223,0.495,9.288
-2.462,1.72,9.726
-2.811,1.775,9.829
-3.931,1.589,10.087
-2.699,0.596,10.267
-2.16,-0.132,9.338
-3.194,-0.287,9.061
-3.247,0.239,9.054
-3.441,0.17,9.202
-2.89,2.802,8.565
-2.522,3.567,14.363
-3.72,-7.821,10.953
-3.704,-6.814,11.614
-2.83,2.704,15.303
-1.869,11.164,12.437
-3.022,2.036,4.364
-4.383,-8.795,5.735
-3.118,-0.067,9.999
-3.479,0.926,9.152
-3.235,-0.089,9.192
-2.885,-0.057,9.085
-2.687,-0.053,9.365
-3.259,0.44,9.348
-3.065,1.316,9.745
-2.89,1.809,9.719
-3.065,1.058,9.432
-3.01,0.579,9.266
-2.938,1.007,9.31
-3.029,0.89,9.333
-3.077,0.897,9.341
-3.005,1.014,9.374
-2.991,1.129,9.417
-3.007,1.005,9.455
-3.043,0.914,9.408
-2.986,0.998,9.283
-2.976,1.084,9.348
-2.866,0.909,9.305
-3.268,1.144,9.499
-3.225,1.093,9.4
-3.084,1.113,9.259
-2.699,0.94,9.063
-2.964,1.101,9.501
-3.23,1.105,9.436
-2.864,1.194,9.329
-2.725,1.397,9.448
-3.125,1.249,9.436
-2.622,1.201,9.238
-3.199,1.129,9.333
-3.378,1.548,9.228
-3.003,1.268,9.118
-3.027,1.026,9.305
-2.972,1.026,9.652
-2.625,0.825,9.518
-2.912,0.821,9.324
-3.488,1.053,9.42
-2.974,0.88,9.35
-2.766,0.885,9.386
-2.61,0.627,9.621
-3.768,0.974,9.673
-3.029,0.864,9.4
-3.051,0.892,9.329
-3.065,1.148,9.477
-2.821,1.072,9.3
-2.795,1.146,9.333
-2.845,1.156,9.286
-2.943,1.089,9.424
-2.957,1.012,9.446
-2.921,1.038,9.398
-2.912,1.029,9.489
-2.914,0.878,9.453
-2.821,0.849,9.41
-2.842,1.067,9.518
-2.996,1.215,9.556
-3.0,1.01,9.398
-2.862,0.909,9.278
-2.993,1.0,9.293
-3.036,0.986,9.422
-2.895,1.11,9.388
-3.0,1.16,9.479
-2.847,0.907,9.4
-2.885,0.871,9.458
-3.022,1.024,9.436
-3.005,0.9,9.369
-2.909,1.034,9.326
-2.996,1.115,9.211
-2.919,1.113,9.362
-3.007,1.163,9.403
-2.943,1.098,9.362
-2.95,1.058,9.463
-3.022,1.06,9.353
-2.936,1.11,9.329
-2.931,1.098,9.393
-2.905,1.081,9.446
-2.945,1.046,9.384
-2.895,1.065,9.321
-3.048,0.957,9.403
-2.969,1.079,9.386
-3.036,1.053,9.36
-2.96,0.928,9.326
-3.031,0.959,9.381
-2.976,0.916,9.3
-2.9,0.991,9.365
-2.991,1.01,9.405
-2.929,1.055,9.422
-2.976,1.077,9.35
-2.94,1.017,9.4
-2.933,1.139,9.374
-2.936,1.189,9.408
-2.96,1.172,9.417
-3.07,1.05,9.444
-2.976,1.034,9.283
-2.986,1.132,9.283
-2.933,0.962,9.408
-2.998,0.845,9.496
-2.998,0.931,9.432
-2.792,1.091,9.377
-3.091,0.947,9.396
-3.082,1.06,9.463
-3.031,1.136,9.47
-2.761,0.933,9.374
-3.005,1.158,9.42
-3.072,1.16,9.13
-2.826,1.424,9.491
-3.366,0.931,9.482
-2.684,0.818,9.188
-3.034,1.287,9.427
-2.917,1.153,9.458
-2.761,0.976,9.338
-2.917,1.218,9.453
-2.933,1.232,9.472
-2.876,0.945,9.355
-2.897,1.242,9.415
-2.991,1.189,9.451
-2.929,1.172,9.348
-2.926,1.125,9.336
-2.984,1.127,9.31
-2.862,1.144,9.245
-3.012,1.031,9.453
-3.273,0.983,9.86
-2.759,0.651,9.499
-3.034,1.184,9.281
-2.89,1.125,9.317
-2.979,0.95,9.46
-3.036,1.125,9.403
-2.85,1.285,9.209
-3.039,1.256,9.482
-2.57,1.17,9.415
-3.007,1.28,9.417
-2.89,1.144,9.489
-2.797,1.079,9.369
-2.986,1.22,9.396
-2.988,1.05,9.388
-2.96,1.053,9.357
-3.015,1.146,9.341
-2.955,1.086,9.341
-3.017,1.127,9.367
-2.952,1.093,9.388
-2.945,1.165,9.398
-2.933,1.038,9.348
-2.952,1.086,9.439
-2.976,1.153,9.429
-2.921,1.148,9.374
-2.943,1.132,9.312
-2.979,1.151,9.393
-2.962,1.074,9.386
-2.931,1.175,9.403
-2.9,1.172,9.377
-2.988,1.12,9.429
-2.943,1.175,9.333
-2.89,1.081,9.341
-2.948,1.048,9.386
-2.991,1.034,9.353
-2.909,1.117,9.41
-2.938,1.177,9.056
-3.125,1.113,9.659
-2.802,1.297,9.398
-2.828,1.239,9.231
-2.909,1.321,9.326
-3.086,1.134,9.374
-2.89,0.969,9.317
-3.086,1.29,9.396
-2.905,1.132,9.388
-2.895,1.074,9.36
-2.981,1.208,9.429
-2.905,1.093,9.42
-2.919,1.158,9.403
-2.972,1.136,9.408
-2.94,1.215,9.386
-2.96,1.165,9.436
-2.952,1.089,9.408
-2.9,1.134,9.36
-2.929,1.129,9.365
-2.955,1.139,9.465
-2.94,1.16,9.417
-2.938,1.266,9.377
-2.876,1.182,9.467
-2.938,1.105,9.417
-3.036,1.108,9.393
-2.974,1.199,9.31
-2.885,1.144,9.393
-2.876,0.952,9.377
-2.905,1.165,9.063
-2.859,1.11,9.484
-3.027,1.316,9.42
-3.113,1.436,9.441
-2.85,1.192,9.348
-2.974,1.11,9.353
-2.957,1.218,9.444
-2.897,1.127,9.4
-2.909,1.117,9.432
-2.924,1.117,9.453
-2.862,1.139,9.408
-2.9,1.122,9.391
-2.931,1.091,9.384
-2.926,1.048,9.384
-2.979,1.096,9.398
-2.933,1.048,9.393
-2.948,1.036,9.42
-2.948,1.081,9.427
-2.914,1.153,9.355
-2.979,1.184,9.393
-2.95,1.031,9.396
-2.921,1.022,9.362
-2.893,1.18,9.451
-2.909,1.127,9.422
-2.979,1.089,9.47
-3.022,1.084,9.384
-2.926,0.998,9.377
-2.852,1.007,9.369
-3.005,1.072,9.58
-2.943,1.165,9.475
-3.153,1.318,9.415
-2.988,1.194,9.343
-2.969,1.074,9.307
-2.897,0.998,9.31
-3.11,1.184,9.434
-2.85,1.024,9.415
-2.881,1.12,9.424
-2.964,1.065,9.408
-2.888,1.062,9.398
-2.945,1.096,9.42
-2.969,1.101,9.388
-3.01,1.12,9.355
-2.938,1.105,9.381
-2.955,1.168,9.417
-2.926,1.136,9.388
-2.957,1.141,9.446
-2.931,1.103,9.403
-2.885,1.127,9.388
-2.909,1.091,9.405
-2.883,1.146,9.412
-2.945,1.141,9.388
-2.9,1.151,9.434
-2.94,1.062,9.415
-2.912,1.184,9.101
-3.039,1.012,9.671
-2.811,1.141,9.367
-3.12,1.359,9.372
-2.974,1.239,9.384
-2.919,1.196,9.192
-3.187,1.263,9.42
-2.881,1.062,9.398
-2.876,1.093,9.41
-2.952,1.139,9.439
-2.864,1.091,9.496
-2.9,1.081,9.374
-2.931,1.192,9.396
-2.876,1.16,9.422
-2.885,1.177,9.393
-2.981,1.12,9.386
-2.96,1.192,9.398
-2.948,1.103,9.355
-2.881,1.132,9.386
-2.914,1.17,9.374
-2.926,1.196,9.417
-2.972,1.203,9.393
-2.936,1.215,9.381
-2.845,1.23,9.35
-2.96,1.034,9.432
-2.967,1.067,9.439
-2.857,1.227,9.4
-2.95,1.168,9.432
-2.976,1.182,8.685
-3.031,0.572,10.173
-3.658,1.912,10.133
-2.646,1.318,8.833
-2.539,0.861,9.065
-3.249,1.01,9.573
-3.127,1.189,9.52
-2.797,1.414,9.305
-2.933,1.203,9.434
-2.981,1.156,9.432
-2.933,1.062,9.444
-2.929,1.203,9.412
-2.96,1.227,9.434
-2.988,1.22,9.386
-2.964,1.12,9.333
-3.007,1.146,9.374
-2.962,1.235,9.381
-2.931,1.17,9.379
-2.96,1.156,9.422
-2.969,1.187,9.393
-2.871,1.16,9.415
-2.962,1.239,9.427
-2.95,1.232,9.429
-2.972,1.201,9.372
-2.94,1.18,9.362
-2.948,1.168,9.396
-2.952,1.201,9.369
-2.893,1.28,9.448
-2.885,1.139,9.415
-2.936,1.117,9.403
-2.984,1.172,9.4
-2.957,1.146,9.341
-2.991,1.077,9.357
-2.984,1.148,9.384
-2.895,1.247,9.429
-2.893,1.239,9.345
-2.936,1.122,9.369
-2.869,1.194,9.393
-2.957,1.242,9.422
-2.974,1.196,9.391
-2.862,1.251,9.321
-2.572,1.165,8.41
-3.503,0.912,10.281
-3.194,1.287,9.822
-2.223,1.445,8.74
-2.783,0.859,9.314
-3.452,0.859,9.762
-2.787,1.168,9.276
-2.854,1.397,9.321
-3.079,1.129,9.499
-2.859,0.95,9.367
-2.9,1.053,9.343
-2.972,1.232,9.451
-2.902,1.127,9.412
-2.909,1.026,9.377
-2.95,1.163,9.429
-2.888,1.139,9.436
-2.95,1.046,9.444
-3.017,1.158,9.391
-2.926,1.089,9.355
-2.881,1.062,9.367
-2.943,1.091,9.398
-2.938,1.139,9.444
-2.895,1.182,9.405
-2.895,1.17,9.41
-2.902,1.151,9.41
-2.905,1.122,9.422
-2.931,1.153,9.417
-2.94,1.129,9.391
-2.919,1.18,9.379
-2.936,1.203,9.424
-2.926,1.096,9.444
-2.943,1.093,9.374
-2.929,1.223,9.405
-2.95,1.192,9.367
-2.905,1.18,9.367
-2.917,1.201,9.398
-2.9,1.163,9.415
-2.909,1.196,9.439
-2.919,1.182,9.36
-2.917,1.235,9.384
-2.926,1.196,9.393
-2.912,1.208,9.384
-2.917,1.244,9.326
-2.859,1.258,9.439
-2.919,1.172,9.448
-2.936,1.292,9.393
-2.909,1.215,9.372
-2.921,1.132,9.372
-2.96,1.153,9.393
-3.005,1.249,9.372
-2.972,1.273,9.355
-2.964,1.251,9.417
-2.897,1.211,9.4
-2.902,1.261,9.403
-2.888,1.203,9.42
-2.897,1.189,9.424
-2.957,1.225,9.405
-2.964,1.215,9.377
-2.95,1.237,9.331
-2.94,1.218,9.369
-2.962,1.17,9.396
-2.95,1.158,9.393
-2.962,1.223,9.384
-2.938,1.242,9.393
-2.981,1.227,9.4
-2.948,1.182,9.415
-2.95,1.168,9.369
-2.972,1.192,9.403
-2.9,1.247,9.405
-2.852,1.306,9.415
-2.852,1.321,9.491
-2.761,1.402,9.496
-2.823,1.263,9.446
-3.022,1.347,9.369
-3.039,0.689,9.408
-3.086,0.794,9.307
-3.125,1.043,9.314
-3.041,1.211,9.338
-3.079,1.074,9.324
-2.955,0.943,9.367
-2.945,0.837,9.408
-2.924,0.797,9.487
-2.9,0.785,9.525
-2.73,1.108,9.479
-2.85,1.074,9.41
-2.766,1.203,9.355
-2.866,0.854,9.331
-3.115,0.785,9.269
-3.106,1.596,9.544
-2.728,2.223,10.137
-2.862,0.84,9.501
-2.149,0.562,9.281
-3.503,0.792,9.635
-3.371,-0.038,9.223
-3.137,0.83,9.424
-3.242,0.572,9.484
-2.816,0.608,9.446
-2.713,0.993,9.408
-2.907,0.263,9.331
-2.696,0.775,9.379
-3.01,1.943,9.556
-2.862,2.11,9.353
-3.213,2.656,9.166
-2.917,4.551,9.384
-3.065,3.256,9.051
-2.993,3.452,8.549
-2.945,3.603,8.896
-2.311,5.563,8.879
-2.809,4.433,8.422
-2.395,3.225,9.044
-2.945,1.792,9.542
-3.216,0.83,9.585
-2.885,0.189,9.975
-2.589,-0.38,10.19
-2.369,-0.392,9.183
-2.704,-0.053,9.484
-2.665,0.1,9.747
-3.5,1.507,10.307
-4.493,1.519,10.168
-3.79,1.828,11.939
-3.345,2.888,12.099
-3.405,3.61,12.248
-3.857,2.744,12.023
-4.469,2.223,11.571
-4.974,1.711,11.592
-4.357,1.735,10.762
-4.297,1.256,10.362
-4.362,0.962,9.649
-4.02,0.646,9.453
-3.646,0.684,9.118
-3.323,0.041,8.281
-3.35,0.215,7.74
-3.508,0.538,7.561
-3.18,0.885,7.427
-2.95,1.256,7.058
-2.964,1.046,6.778
-2.952,1.407,6.405
-2.675,1.926,6.027
-2.512,2.23,5.965
-2.747,2.201,6.178
-2.718,2.472,6.127
-2.85,2.33,6.484
-3.134,2.397,6.584
-3.424,2.488,7.046
-3.35,2.907,7.584
-3.175,3.333,7.958
-2.835,3.603,7.994
-2.617,3.792,7.79
-2.306,3.749,7.204
-1.861,3.73,6.498
-1.524,3.735,5.314
-2.227,3.345,5.166
-2.517,2.787,4.926
-2.438,2.347,4.347
-2.742,1.849,3.359
-4.127,0.962,3.768
-4.587,0.268,3.883
-4.797,0.287,3.283
-5.795,-0.112,3.046
-7.096,0.258,2.483
-8.211,0.268,2.412
-9.597,0.546,2.579
-10.405,0.871,2.924
-9.951,0.72,2.96
-9.465,0.653,1.878
-10.346,3.28,2.838
-13.291,-1.763,4.582
-23.974,-5.103,15.557
-3.644,4.053,7.891
-11.279,-0.05,5.292
-11.398,-1.01,3.976
-8.637,-0.792,2.539
-14.65,-3.18,-1.699
-18.712,-6.041,4.276
-14.064,-5.941,0.962
-14.308,-7.439,5.242
-14.111,-4.589,2.328
-14.267,-4.567,5.577
-12.851,-4.063,4.292
-12.104,-2.003,2.194
-10.535,-1.354,3.218
-10.322,1.077,2.208
-10.465,-0.656,5.285
-9.688,-0.074,1.871
-7.587,1.452,2.574
-7.446,-0.12,2.481
-7.711,-0.189,3.484
-7.082,1.337,5.319
-7.678,-1.995,3.668
-7.273,-1.909,5.359
-6.316,0.163,4.029
-7.422,-0.754,4.022
-7.51,-1.127,2.876
-7.161,-1.598,2.271
-7.721,-1.017,2.271
-8.723,-2.235,2.818
-7.049,-4.137,0.88
-9.853,-4.972,1.132
-9.606,-3.689,1.158
-10.027,-6.127,-0.921
-11.133,-8.551,-2.519
-9.989,-7.52,-2.393
-12.219,-7.23,-2.625
-13.434,-9.254,-5.498
-13.568,-5.843,-6.23
-14.521,-10.546,-7.843
-13.963,-11.137,-7.032
-13.453,-14.028,-6.12
-14.233,-9.967,-4.02
-13.645,-16.638,-6.68
-11.649,-9.321,-5.565
-9.845,-11.59,-6.558
-8.946,-12.408,-7.235
-5.46,-12.75,-4.802
-5.307,-11.219,-2.529
-3.376,-11.056,-3.036
-2.529,-7.565,-4.264
-3.125,-4.115,-6.615
-3.572,-1.278,-0.701
-4.838,2.239,4.603
-6.235,5.125,6.833
-0.895,32.398,11.853
-19.119,3.558,8.958
-2.117,-14.076,7.721
-11.604,-1.644,7.113
-12.181,-3.933,3.936
-1.919,5.455,9.941
8.814,8.948,11.389
5.371,0.419,7.522
3.881,-3.17,3.242
3.321,2.885,8.53
5.431,2.675,11.011
4.625,4.395,11.568
5.357,3.575,9.546
6.051,3.412,10.195
7.419,4.13,11.977
9.893,3.519,12.851
9.625,3.034,13.753
7.922,2.95,12.484
7.781,4.721,11.917
8.056,1.096,10.977
4.02,1.584,11.894
-4.797,0.1,11.233
-13.02,-6.687,12.987
-13.513,0.182,13.664
-3.586,-2.211,12.037
0.06,0.672,9.369
-1.211,-3.146,12.138
-3.543,-0.919,13.678
-5.56,2.156,14.6
-4.316,-1.904,9.271
0.467,1.129,8.742
-3.644,-0.758,8.869
-3.108,-0.134,10.07
-2.531,-0.376,10.582
-2.199,0.297,10.759
-1.084,-1.084,10.255
-2.491,-1.378,9.996
-0.364,-0.12,10.853
-1.993,0.818,9.671
1.081,1.952,6.886
0.23,1.268,6.101
-2.488,-0.227,7.209
0.871,0.148,5.548
-5.225,11.48,5.749
-1.18,-2.113,7.955
0.414,0.256,6.486
0.364,-0.239,6.022
-2.986,-0.096,5.455
-1.058,-0.316,5.989
0.218,-1.254,6.656
-0.184,-1.105,7.431
-1.177,-4.173,7.439
-1.156,-1.778,8.144
1.565,2.438,9.111
-1.459,0.574,13.707
1.775,-0.852,11.609
-1.215,-2.55,10.592
0.17,0.268,11.793
-0.792,-0.703,10.702
0.926,-3.548,11.015
-2.364,-2.838,10.264
-6.455,-4.388,10.59
-2.893,-0.507,12.049
-2.12,-1.038,12.518
-2.17,-2.419,10.649
0.51,-1.254,9.616
-2.23,-0.086,9.137
-3.558,-1.06,10.621
-0.725,-0.014,11.482
-2.68,-1.285,11.157
-1.73,0.089,11.465
-0.613,-1.634,11.97
-2.077,-1.292,11.855
-2.271,-0.589,10.771
-1.5,-1.127,10.288
-0.136,-1.077,10.011
-2.077,-1.567,9.865
-2.524,-1.615,9.642
-1.421,-0.991,11.53
-0.203,-1.904,10.142
-1.617,-0.735,10.145
-1.175,-1.44,9.219
0.629,-2.036,8.573
-0.383,-2.383,10.563
0.579,-1.916,10.049
1.39,-1.983,9.759
1.89,-1.658,9.879
3.479,-1.555,9.18
3.615,-0.842,8.448
2.596,-1.084,8.841
3.852,-0.596,8.372
3.831,-2.017,6.752
0.356,-2.871,8.08
-0.802,-5.579,5.278
1.424,-5.967,4.701
1.792,-6.919,6.568
-0.359,-4.441,8.967
0.914,-1.668,8.149
0.057,1.89,9.07
0.282,0.486,8.345
-1.893,0.148,11.367
-2.141,-0.292,10.384
-0.299,-1.871,5.414
0.45,-0.467,6.998
-3.706,1.457,8.441
-3.517,1.242,7.742
-0.356,0.227,8.656
-1.06,-0.596,4.905
-3.362,0.084,4.036
-4.168,-0.754,4.527
-2.859,1.29,5.096
-1.086,2.73,3.637
-6.108,0.682,6.077
-8.565,1.144,7.907
-3.852,-0.517,6.838
-2.517,2.266,6.345
-6.147,0.952,4.134
-8.74,-2.543,-1.333
-9.561,1.108,-1.251
-9.542,-3.888,-1.12
-14.334,-2.316,-0.711
-15.987,-3.283,1.227
-21.208,-3.491,4.407
-16.939,-8.661,0.383
-18.373,-23.777,2.795
-21.012,-33.12,7.604
-30.35,-20.138,11.575
-21.181,-19.296,2.761
-26.093,-11.642,-3.558
-29.807,-5.28,-8.843
-25.584,0.964,-12.963
-18.621,13.786,-4.61
-23.308,19.26,-10.458
-32.396,13.781,5.673
-43.885,9.235,9.329
-37.394,-10.731,13.42
-36.283,-6.666,0.514
-28.809,-7.037,-4.508
-31.072,-20.124,-2.024
-37.822,-10.549,-1.452
-32.202,-14.722,-1.388
-31.063,-8.539,0.074
-29.587,-1.424,-4.151
-24.467,-0.971,-0.727
-18.184,-1.108,1.94
-27.484,5.312,7.544
-22.371,0.179,11.013
-26.213,-5.455,7.668
-28.113,-1.168,5.259
-28.598,-3.472,3.017
-30.292,-5.699,-0.88
-30.675,-11.582,-6.348
-30.402,-10.417,-7.817
-30.666,-8.475,-10.68
-27.85,-7.197,-13.162
-32.329,-2.574,-8.659
-37.683,1.878,-7.372
-41.064,6.47,-8.783
-37.487,7.116,-13.767
-25.101,10.599,-18.992
-25.337,12.669,-12.126
-17.317,4.386,-2.151
-20.449,10.336,-6.288
-25.976,6.525,7.79
-45.976,28.857,55.515
-5.812,64.635,-3.496
-0.476,12.561,4.264
-4.017,7.417,4.008
-9.633,3.185,12.616
-6.096,5.958,15.475
-6.986,-1.849,11.37
-6.74,4.381,12.975
-4.862,4.551,12.738
-3.17,1.464,4.01
-4.855,4.146,7.032
-2.565,-6.324,7.142
2.275,-3.711,9.896
1.467,-0.23,9.633
-2.199,4.187,8.108
-3.452,-1.416,10.91
-4.163,-2.11,9.314
-2.862,0.459,7.783
-1.266,0.031,7.991
-2.342,-2.845,8.467
-2.701,-2.651,8.599
-3.988,-4.393,6.826
-2.957,-2.816,6.525
-3.34,-3.907,5.099
-4.675,-2.4,5.713
-5.632,-0.88,3.732
-6.17,-2.536,1.675
-7.613,-2.338,0.835
-9.178,-2.22,0.615
-13.061,-3.682,-0.711
-13.473,-7.022,-2.244
-14.315,-8.542,-0.799
-16.738,-2.732,1.019
-20.086,-10.714,1.302
-21.914,-18.365,0.146
-19.562,-20.303,1.739
-18.679,-25.718,3.969
-24.62,-21.552,3.945
-31.434,-9.716,1.605
-26.505,-0.512,-7.97
-22.146,-3.752,-10.946
-16.092,15.446,-10.683
-18.574,17.956,1.448
-37.652,11.939,8.783
-45.318,-5.919,11.76
-30.431,-20.99,10.855
-31.809,-9.02,5.912
-25.113,-15.669,-7.606
-28.017,-18.248,-7.704
-32.998,-12.212,-10.654
-27.885,-13.231,-3.809
-26.299,-5.649,-7.616
-23.866,-4.711,2.115
-31.017,3.833,-1.936
-20.713,-0.998,-0.144
-28.13,0.22,11.35
-20.947,-0.857,10.537
-22.904,2.5,7.257
-24.883,0.136,3.512
-24.801,-2.603,3.874
-25.981,-0.646,0.546
-26.026,-4.319,-1.632
-21.449,-5.06,-5.742
-22.808,-7.393,-7.336
-21.758,-7.293,-7.793
-27.816,-4.867,-6.096
-29.278,-0.1,-8.644
-28.754,2.747,-5.905
-32.321,2.084,-8.721
-33.384,3.9,-11.448
-27.57,9.589,-11.903
-19.55,10.357,-5.278
-16.667,4.577,-2.783
-16.53,0.627,-2.445
-19.028,4.309,-2.51
-68.543,31.391,22.607
-5.929,50.479,22.028
-6.946,29.577,-0.029
-6.005,7.91,3.055
-2.108,8.458,6.455
-8.242,7.235,13.968
-13.698,1.802,5.883
-6.532,-1.081,8.352
-2.18,6.927,18.009
-2.488,-0.885,3.73
-7.855,-0.553,5.615
-0.136,2.783,6.135
-0.117,-3.773,7.905
-1.931,-1.802,5.898
-1.979,-3.17,6.773
-4.295,1.438,6.575
-4.752,-0.613,6.431
-1.78,-2.704,5.503
-2.06,-4.84,7.982
-2.926,-3.957,5.493
-4.493,-2.555,5.532
-5.692,-1.007,5.931
-5.206,-2.194,6.711
-5.273,-1.4,5.455
-5.572,-3.761,5.003
-6.541,-0.438,3.823
-7.142,0.182,2.641
-8.604,-3.675,1.268
-12.305,-2.72,2.12
-13.781,-6.111,-0.026
-13.922,-6.972,-0.569
-14.016,-7.218,0.78
-17.463,-7.984,3.929
-18.99,-17.717,5.678
-20.808,-26.079,2.806
-20.397,-25.129,5.194
-23.277,-21.66,2.201
-25.096,-16.571,-2.204
-26.998,-2.976,-7.807
-23.844,0.718,-10.649
-16.803,3.804,-4.945
-12.188,26.074,-2.763
-25.325,16.097,-3.778
-40.973,-6.025,9.898
-33.879,-19.442,9.355
-24.629,-4.632,10.97
-31.467,-9.642,-5.307
-24.34,-13.322,-5.067
-30.094,-11.216,-6.572
-28.74,-14.688,-5.993
-22.536,-18.394,-4.371
-23.844,-5.644,0.689
-23.385,0.237,2.225
-22.507,3.412,-1.902
-21.512,-2.534,2.534
-24.148,-1.141,-0.811
-19.626,-6.941,5.977
-21.861,-7.367,6.994
-21.399,-1.038,6.833
-22.497,-0.122,3.397
-26.395,0.574,1.215
-24.847,1.383,-3.907
-23.77,-0.617,-7.671
-22.395,-2.505,-9.848
-24.871,-3.797,-8.192
-24.514,-3.842,-6.654
-32.888,-1.4,-7.254
-32.269,1.306,-10.204
-31.412,2.713,-10.812
-33.214,3.496,-11.769
-31.522,3.814,-11.513
-27.417,4.469,-10.329
-21.811,6.783,-6.843
-17.71,5.826,-3.632
-16.612,3.675,-6.692
-33.944,-3.134,0.562
-18.408,43.741,45.21
-17.973,43.047,0.213
-11.81,14.114,-3.835
8.467,18.064,-13.891
4.029,9.111,6.034
-0.581,-0.223,12.798
-2.85,0.28,16.896
-6.651,-2.534,12.367
-5.824,6.17,10.269
-2.814,1.335,10.281
-5.328,4.304,10.877
-5.453,0.388,10.901
-3.089,3.34,11.025
-1.531,2.361,8.994
-2.555,1.029,8.673
-3.383,-0.5,9.738
-4.158,1.043,8.173
-4.56,1.775,7.886
-4.972,-0.727,6.517
-7.659,1.074,6.216
-5.252,1.117,5.314
-4.366,0.275,5.737
-4.46,0.488,6.398
-4.9,2.876,7.144
-5.972,3.125,7.233
-5.326,0.132,7.204
-8.556,1.51,7.082
-6.407,0.49,6.364
-6.12,0.706,4.768
-6.912,1.223,5.278
-7.551,0.701,0.73
-10.18,-2.878,-0.16
-11.456,-5.702,-0.323
-15.159,-0.041,0.928
-14.485,-2.015,1.416
-15.966,-3.448,2.031
-17.959,-9.324,0.94
-19.538,-13.671,3.651
-18.129,-19.291,2.096
-19.145,-29.072,5.237
-24.132,-29.189,13.255
-27.862,-18.83,15.473
-27.857,-3.601,4.618
-20.739,-10.013,-7.175
-17.674,0.029,-13.487
-23.196,3.988,-11.425
-18.662,6.604,-9.515
-19.014,25.656,-1.9
-27.72,12.915,4.759
-35.74,4.465,12.738
-32.424,-0.859,10.346
-36.071,-7.613,6.821
-23.356,-13.382,0.754
-23.316,-17.152,-2.816
-29.35,-7.546,-5.706
-30.369,-11.305,-6.68
-25.215,-9.874,-3.352
-24.141,-4.431,-4.237
-25.955,-4.663,-1.562
-25.036,-1.261,0.167
-19.827,0.364,-1.519
-22.631,-0.38,0.081
-19.126,-6.465,7.427
-17.755,-2.407,8.604
-21.837,0.211,9.049
-15.09,2.984,6.867
-19.476,0.347,6.013
-23.28,-0.924,3.57
-20.277,-4.036,0.153
-19.715,-6.903,-4.063
-18.301,-6.618,-6.237
-18.854,-5.766,-5.273
-28.938,-4.998,-1.381
-27.46,-0.132,-6.776
-23.45,1.404,-9.278
-26.038,2.101,-8.357
-29.323,3.072,-7.958
-27.333,5.84,-8.893
-22.227,6.967,-7.005
-19.224,5.725,-3.869
-17.396,2.539,-0.366
-16.92,4.572,1.091
-17.638,4.857,2.134
-43.523,17.789,17.885
-13.693,42.339,12.673
-9.769,31.778,5.319
-7.563,11.111,1.196
-3.163,7.797,1.66
-4.063,7.07,9.216
-5.666,1.512,8.989
-8.912,-0.258,9.7
-3.548,1.096,8.506
-4.448,2.955,8.436
-3.895,1.517,11.283
-3.005,0.093,11.551
-5.816,-2.237,4.749
-0.83,-1.756,5.886
-3.381,1.615,6.821
-3.615,-3.244,7.367
-3.362,-3.732,7.01
-4.192,-3.539,8.838
-0.835,-4.206,7.008
-1.254,-3.823,6.666
-3.452,-6.668,6.362
-4.57,-1.136,6.584
-3.816,-2.625,6.601
-3.366,-2.543,4.797
-4.206,-2.859,4.8
-5.398,-2.969,3.512
-5.819,-2.89,3.45
-8.379,-2.924,2.426
-11.082,-1.022,1.223
-14.257,-1.696,0.699
-14.41,-3.682,0.407
-16.121,-7.62,-0.77
-16.262,-11.087,0.268
-20.923,-14.707,0.849
-22.497,-19.421,-0.488
-23.954,-26.407,0.979
-27.534,-27.941,5.797
-22.1,-17.162,4.996
-22.962,-15.437,-4.455
-22.607,-1.78,-11.597
-18.148,-6.151,-6.848
-13.394,13.628,-6.429
-12.293,18.181,-0.172
-26.464,7.704,2.16
-39.511,-7.283,12.329
-29.23,-18.43,12.071
-27.199,-5.024,2.761
-32.785,-13.26,-7.422
-21.428,-16.616,-7.233
-30.154,-21.091,-16.983
-28.383,-6.45,-12.927
-24.579,-4.02,-4.479
-22.947,-4.218,0.05
-23.218,2.61,-1.323
-23.928,3.302,-0.67
-22.993,-1.593,3.127
-25.914,4.486,2.44
-21.67,-3.424,8.573
-23.1,-2.483,7.233
-20.54,-4.237,4.335
-19.234,-2.996,2.091
-21.933,-3.438,1.16
-20.665,-2.974,-1.644
-21.519,-4.146,-3.464
-21.296,-4.407,-6.412
-19.648,-5.414,-6.8
-19.758,-4.56,-6.015
-23.562,-3.129,-4.371
-25.467,0.368,-8.219
-23.16,1.876,-5.833
-28.496,2.261,-7.764
-31.166,2.388,-9.427
-26.778,7.206,-11.87
-20.098,6.912,-6.91
-16.305,1.555,-3.546
-16.25,-4.354,0.074
-56.486,-11.618,30.991
-27.01,29.032,6.362
5.077,43.2,5.161
-8.128,22.617,7.656
-0.711,7.568,3.319
-0.641,1.912,4.237
-4.276,1.373,12.64
-11.592,9.79,15.396
-4.347,5.34,11.281
-3.519,-2.565,13.602
-5.209,0.902,12.367
-4.048,5.558,11.374
-3.28,0.962,10.826
-5.407,1.273,7.972
1.218,0.359,2.467
3.33,-2.326,7.62
-0.981,-3.859,6.18
-3.558,0.179,9.549
-4.027,-2.309,7.833
-3.579,-1.29,7.84
-3.773,-2.031,7.919
-2.338,-4.06,6.608
-3.182,-3.754,5.824
-5.242,-1.658,6.058
-4.488,-0.983,6.95
-3.28,-3.577,6.45
-5.41,-2.658,5.434
-3.23,-2.266,5.036
-3.625,-3.146,5.441
-4.929,-0.409,3.854
-8.711,-2.864,2.223
-9.979,-3.661,-1.409
-14.583,-3.405,-2.29
-13.676,-5.101,-0.005
-15.308,-4.752,2.641
-17.729,-7.769,4.197
-18.717,-11.379,0.663
-19.148,-19.607,1.419
-20.562,-29.556,3.027
-27.204,-25.797,7.716
-24.959,-16.2,4.486
-24.849,-11.982,-2.01
-27.46,-3.206,-6.479
-19.287,-1.019,-8.458
-12.142,6.9,-5.807
-8.817,23.631,-5.34
-25.596,6.706,3.945
-28.711,0.842,13.798
-30.723,-15.525,11.972
-29.455,-7.73,6.417
-28.57,-9.522,0.665
-27.835,-19.964,-10.463
-26.61,-11.109,-10.953
-25.601,-17.028,-7.046
-26.263,-5.711,-3.591
-25.668,1.4,-3.192
-19.559,1.739,-0.998
-22.237,4.271,-1.881
-23.115,-4.149,4.335
-23.249,-4.204,5.529
-29.285,-0.507,10.011
-25.017,-8.553,8.544
-20.22,-5.441,7.685
-20.179,-1.811,2.795
-24.821,-7.228,0.225
-27.302,-4.682,-3.965
-25.967,-3.429,-8.542
-24.167,-2.873,-10.075
-24.694,-2.842,-9.932
-27.78,-3.869,-5.912
-32.101,-1.505,-6.355
-28.445,0.323,-6.788
-28.45,3.015,-11.779
-29.591,2.417,-9.783
-29.998,2.294,-10.066
-26.608,3.701,-8.946
-21.162,5.268,-4.809
-15.1,2.857,-2.735
-16.078,2.792,-2.766
-23.876,-1.983,-4.039
-12.951,27.196,30.989
-11.745,36.329,0.543
-6.793,27.83,2.95
-0.493,16.258,-0.067
-4.058,6.517,6.017
-11.46,4.804,9.331
-5.649,3.907,13.322
-4.029,-0.589,11.073
-5.005,1.471,11.638
-1.187,3.395,14.049
-5.371,4.17,10.685
-4.244,1.395,8.628
0.598,1.469,7.163
-0.457,0.701,5.725
-3.041,-0.285,8.64
-4.754,-0.557,7.953
-4.087,-0.005,7.41
-4.666,1.306,6.426
-3.455,-0.12,4.893
-3.448,2.23,6.058
-5.663,-1.232,5.838
-4.73,1.132,7.427
-5.584,2.366,7.546
-5.02,0.591,8.087
-6.704,0.689,6.096
-7.596,2.543,6.446
-6.886,2.244,7.546
-6.795,2.062,7.36
-6.367,3.414,6.06
-7.517,1.11,4.582
-8.219,0.524,3.493
-8.396,0.129,-0.392
-11.901,2.809,-1.565
-14.853,1.359,-1.115
-14.915,-3.682,-1.103
-18.923,-7.001,1.416
-21.354,-10.135,1.014
-22.981,-13.693,1.443
-21.318,-20.894,4.792
-22.476,-28.335,8.094
-24.794,-18.169,11.398
-28.201,-15.377,8.367
-27.79,-5.699,0.639
-26.656,-5.711,-10.121
-23.622,3.974,-9.774
-16.274,13.552,-10.3
-10.977,20.547,-6.814
-22.399,11.372,-4.768
-37.451,12.877,7.245
-33.774,-7.269,4.855
-26.017,-1.034,6.965
-26.51,-5.347,2.809
-23.737,-9.958,1.646
-26.134,-8.513,-2.565
-26.416,-12.19,-6.209
-23.509,-2.192,-2.194
-27.362,3.553,0.565
-22.167,-6.656,-1.615
-19.703,4.45,2.754
-19.399,2.101,5.838
-21.15,-3.938,2.022
-26.775,1.749,5.216
-19.387,-9.427,6.383
-24.141,-0.392,8.417
-15.583,-2.074,4.412
-19.27,-3.484,4.053
-24.431,-4.029,2.541
-22.588,-5.292,-0.215
-22.45,-6.886,-3.9
-12.996,-8.671,-5.972
-21.804,-7.47,-3.713
-27.558,-4.654,-5.199
-26.756,-1.852,-9.099
-29.819,-0.524,-10.774
-31.692,0.636,-11.41
-33.14,2.625,-11.063
-28.486,3.787,-10.357
-24.548,2.768,-6.46
-23.871,1.565,-0.057
-50.828,17.332,10.915
-25.852,36.193,-3.639
-10.434,33.532,7.029
-6.23,27.0,7.238
-4.869,11.654,-0.213
-4.225,7.941,2.747
-2.845,10.216,5.34
-9.912,-3.685,5.718
-7.269,2.01,14.698
-3.027,1.302,10.585
-2.244,-1.491,13.614
-7.4,3.316,11.91
-4.376,4.139,10.611
2.132,-0.419,8.484
-0.529,-4.235,4.063
0.371,-1.615,4.326
-4.244,-1.598,8.489
-4.003,-1.483,7.343
-1.258,-1.285,6.615
-2.811,-4.804,7.982
-1.943,-5.587,8.027
-2.56,-3.467,4.967
-1.144,-0.187,6.938
-4.316,-4.008,6.441
-4.933,-3.144,5.984
-3.852,-2.938,5.292
-4.677,-3.12,3.874
-6.364,-2.797,4.433
-7.63,-1.471,4.419
-8.338,-2.072,3.572
-9.321,-0.048,1.904
-11.621,-1.464,1.904
-14.722,-3.079,0.644
-16.841,-5.596,-0.057
-18.999,-4.823,0.158
-18.1,-8.233,0.967
-18.959,-14.387,0.33
-21.229,-20.263,-0.359
-24.778,-23.055,2.677
-25.467,-22.785,3.957
-21.447,-12.583,-0.395
-20.339,-11.2,-8.068
-25.445,-1.601,-10.109
-19.89,-5.163,-12.894
-11.032,16.415,-3.424
-13.319,14.736,4.67
-42.779,-1.505,8.163
-33.228,-17.696,14.293
-28.713,-6.123,-0.311
-26.928,-7.632,-2.771
-26.481,-11.623,-7.434
-20.681,-11.841,-0.282
-27.524,-9.049,-4.74
-29.599,2.156,-7.151
-19.899,-4.654,-6.472
-16.021,0.275,0.172
-20.524,6.316,-1.079
-22.06,-4.008,4.036
-21.95,1.964,2.567
-22.954,-0.608,-0.294
-25.519,-11.315,2.847
-23.268,-11.635,3.259
-15.43,-3.369,2.883
-19.547,-1.976,2.72
-24.39,-3.457,0.921
-22.713,-1.199,-2.474
-22.703,-2.869,-5.216
-20.796,-3.697,-8.061
-25.498,-3.9,-6.407
-30.783,-1.419,-6.804
-31.214,2.555,-11.807
-27.058,2.988,-11.267
-28.828,1.878,-8.108
-31.077,2.625,-10.707
-27.106,5.046,-10.499
-20.445,6.292,-8.795
-18.066,4.02,-2.967
-17.76,3.718,-2.072
-24.859,3.352,-5.962
-43.473,17.973,21.141
-1.127,33.006,2.586
-7.864,21.126,7.214
-6.02,14.422,-0.12
2.029,16.037,3.89
0.849,8.69,6.577
-0.187,0.593,16.724
-3.287,2.751,9.159
-2.924,3.012,11.14
-3.311,-1.16,13.614
-3.237,1.629,8.391
-4.704,-3.886,4.819
-1.916,2.964,8.781
-1.763,3.216,9.68
-1.187,2.945,7.561
-1.73,1.723,7.73
-2.945,-2.94,7.745
-5.149,-1.292,7.556
-4.084,2.74,6.41
-3.625,1.455,7.663
-5.359,2.11,7.721
-3.792,1.5,7.044
-4.28,3.455,6.898
-5.556,1.129,7.197
-3.728,1.529,7.01
-5.398,-1.141,6.604
-5.414,4.819,5.752
-7.635,0.73,6.709
-7.939,1.113,5.953
-6.544,0.842,4.871
-6.292,1.189,3.677
-8.467,1.337,3.596
-9.609,0.431,2.622
-11.243,-1.67,0.61
-12.86,-3.898,-1.677
-15.961,-2.505,-2.271
-17.241,-5.881,-1.199
-17.514,-5.3,0.845
-20.009,-9.613,2.826
-20.22,-19.559,6.577
-21.983,-26.144,8.348
-19.827,-23.273,10.262
-23.411,-20.99,8.455
-28.386,-15.784,7.032
-29.261,-8.951,0.581
-20.581,-5.85,-5.654
-24.411,10.901,-10.719
-15.482,12.37,-10.982
-11.996,22.825,-5.594
-27.885,12.181,-0.067
-35.166,5.321,6.147
-29.395,1.141,11.798
-28.151,-7.06,5.67
-28.587,-13.095,-0.524
-26.053,-10.676,-3.189
-21.947,-16.423,-8.118
-24.806,-9.929,-7.142
-24.957,-10.331,-9.898
-22.564,-3.278,-11.688
-17.492,-6.24,-8.321
-20.215,2.682,0.684
-14.645,2.888,0.964
-18.16,5.393,2.627
-13.803,2.096,-1.048
-20.516,-1.005,-0.557
-19.299,-4.498,9.623
-19.992,-8.384,8.867
-20.763,-4.905,5.587
-20.5,-4.52,2.5
-23.986,-4.144,2.149
-25.825,-3.173,-0.148
-27.893,-5.553,-2.405
-25.345,-5.338,-7.407
-23.567,-4.847,-6.089
-25.299,-3.261,-5.687
-27.632,0.165,-10.755
-28.012,0.278,-11.999
-32.07,0.464,-12.75
-32.663,-0.648,-13.236
-28.725,-0.311,-10.173
-26.644,-0.555,-5.833
-22.253,2.617,-3.192
-25.081,5.34,0.081
-37.238,12.236,21.493
-11.563,34.905,-1.309
-7.24,33.939,2.696
-5.757,13.989,-0.797
-1.658,9.326,3.828
-3.46,4.886,6.032
-7.266,4.015,6.606
-6.407,4.304,12.762
-0.201,5.563,10.085
-6.225,2.39,12.37
-3.615,0.952,9.432
-7.551,5.032,7.695
-3.326,3.022,10.903
-0.648,1.249,6.675
-0.096,-1.328,6.257
-0.134,-1.519,5.991
-2.034,-3.206,6.804
-3.309,-2.462,7.29
-3.438,-4.249,7.295
-3.232,0.084,8.018
-2.921,-2.828,7.742
-2.67,-3.345,7.223
-3.158,-2.433,7.539
-3.036,-2.498,6.735
-2.981,-5.513,5.52
-6.077,-2.055,4.807
-7.092,-3.699,4.055
-5.953,-3.409,4.701
-5.658,-1.105,3.991
-7.477,-2.931,2.397
-11.944,-2.799,2.359
-12.353,-2.452,-0.869
-12.92,-5.065,-0.847
-12.973,-4.333,1.043
-14.248,-11.42,7.037
-20.294,-14.652,6.668
-17.774,-19.088,6.671
-19.791,-16.767,6.783
-22.182,-22.122,6.438
-24.227,-15.224,-0.031
-23.136,-16.937,-7.955
-27.768,-12.803,-8.207
-27.429,-7.809,-6.123
-14.903,9.099,-1.979
-5.321,12.922,-9.874
-27.775,15.444,1.625
-36.635,-3.187,8.35
-31.046,0.952,13.351
-27.424,-8.07,3.632
-23.981,-10.319,3.476
-25.715,-11.537,-4.575
-26.61,-19.275,-10.19
-24.624,-9.008,-10.314
-25.89,-13.877,-6.515
-25.924,-7.214,-11.74
-24.301,1.883,-8.36
-18.344,-3.098,-6.848
-19.052,1.998,-3.297
-19.37,-1.864,0.825
-24.99,4.323,-2.294
-24.467,-6.769,14.877
-26.742,-10.149,11.446
-18.892,-4.493,4.68
-20.169,-11.508,3.972
-25.703,-12.992,0.754
-26.046,-10.343,-1.699
-27.9,-10.515,-7.778
-19.035,-6.644,-11.013
-24.191,-6.156,-9.302
-23.687,-5.565,-11.006
-18.971,0.397,-16.973
-25.797,0.002,-16.112
-23.698,2.431,-17.925
-20.703,5.015,-13.427
-17.021,-0.232,-11.482
-19.212,10.602,-13.03
-19.607,22.799,-5.154
-21.906,9.362,1.017
-27.311,52.792,-13.69
-20.026,26.122,-5.446
-11.169,35.889,-6.577
-1.57,27.957,-9.561
-2.756,8.285,-9.496
-12.54,11.812,-1.287
-12.846,14.882,-1.704
-16.482,13.453,-3.22
-12.595,11.858,-0.263
-17.236,5.379,-6.4
-23.483,1.376,-14.37
-16.76,-0.361,-6.718
-22.045,2.522,-5.352
-21.923,1.651,-6.23
-23.658,-0.971,-8.783
-26.369,-11.228,-7.687
-22.72,-6.223,-9.678
-20.885,-11.542,-9.908
-16.839,-17.858,-8.214
-17.92,-10.676,-6.383
-8.082,-16.076,-6.539
-12.018,0.646,-3.567
-12.176,1.538,4.426
-7.977,3.12,3.476
-2.617,3.907,3.196
-6.668,10.853,2.206
-4.156,17.162,0.699
-11.913,12.312,2.828
-11.197,18.404,-0.988
-5.833,23.768,-4.354
-14.415,23.655,-9.893
-17.518,23.576,-16.662
-24.041,20.483,-11.221
-26.909,5.118,-4.496
-28.347,5.063,3.979
-19.299,-14.97,-2.687
-25.914,-12.071,-17.538
-7.455,-13.126,-18.944
-8.891,-15.021,-11.963
-9.353,-4.082,-20.454
-13.75,-8.666,-12.114
-13.829,-12.535,-8.034
-21.426,-9.496,-8.197
-16.805,-6.367,-4.292
-18.71,0.416,-5.682
-11.889,-2.816,-6.446
-29.082,-8.608,-1.976
-18.212,-1.067,-4.878
-23.651,-7.051,1.421
-25.974,-9.68,6.039
-23.842,-5.271,8.061
1.098,1.105,6.927
1.058,-0.687,6.391
1.318,3.156,7.946
1.18,4.577,9.415
0.737,5.06,11.408
-0.799,1.34,12.633
-2.85,0.469,10.628
-3.639,-1.79,9.896
-4.855,0.857,11.838
-3.713,0.158,12.528
-2.517,-0.591,11.324
-1.086,-0.598,10.008
-1.342,1.065,11.683
-2.943,1.684,12.159
-3.646,1.656,12.016
-3.007,1.175,12.425
-1.596,-0.297,10.3
-1.292,-1.026,11.09
-1.12,-1.139,10.544
-1.055,-1.768,10.329
-1.199,-1.436,9.664
-1.069,-0.266,10.207
-1.309,-0.191,10.357
-0.708,-0.62,10.726
-1.168,-0.553,9.814
-0.696,-1.218,9.934
-0.409,-1.223,9.551
-0.079,-0.675,9.884
-0.17,-0.89,9.18
0.146,-0.278,9.223
0.524,-0.959,8.592
0.077,-1.069,9.733
0.955,-1.469,8.982
1.558,-1.605,9.594
1.627,-2.05,10.532
2.433,-1.66,9.755
2.787,-1.412,9.951
2.996,-0.423,8.673
3.555,-1.158,6.864
2.61,-1.938,6.618
2.608,-2.443,5.381
2.503,-3.519,5.668
1.235,-3.161,8.008
-0.359,-3.517,9.056
1.943,-2.596,7.238
-0.861,-3.421,8.422
-1.96,-4.199,8.644
-0.479,-2.933,9.611
-0.55,-0.526,10.635
-0.459,2.041,8.965
1.187,0.689,6.281
-0.761,-2.23,6.525
-0.813,-1.914,6.362
-2.826,-2.479,6.225
-3.953,-0.775,5.137
-3.625,0.215,7.51
-3.984,0.701,6.95
-2.936,1.833,6.237
-2.01,-1.247,5.398
-5.359,1.926,7.577
-6.429,-0.94,9.812
-4.845,1.66,8.848
-4.345,1.22,8.041
-4.797,3.4,7.876
-7.51,1.4,6.324
-5.479,2.73,5.01
-7.075,-1.436,6.458
-6.903,-1.134,5.292
-8.573,-0.931,3.522
-10.317,-3.61,0.651
-9.312,-4.67,-0.869
-11.956,-2.488,-2.778
-15.521,-2.483,0.354
-17.2,-3.419,2.065
-15.482,-8.314,-0.043
-17.377,-14.164,0.065
-20.466,-22.055,3.816
-22.15,-32.797,6.568
-25.993,-32.352,14.116
-28.539,-15.214,7.25
-23.502,-7.171,0.524
-24.397,-4.78,-8.269
-22.44,7.183,-11.748
-21.804,17.688,-8.903
-7.393,30.979,-8.209
-28.072,1.486,8.738
-32.805,1.931,12.281
-34.046,1.254,8.226
-23.888,-1.438,4.462
-30.642,-12.039,5.154
-23.079,-19.198,-5.857
-28.39,-16.628,-5.417
-24.043,-12.279,-14.616
-23.38,-13.946,-10.929
-25.634,-9.525,-15.272
-16.59,0.825,-2.271
-18.83,-0.739,0.077
-14.992,4.807,-0.933
-15.97,-0.569,-1.491
-21.251,0.471,-1.771
-24.9,0.514,2.172
-22.71,-11.092,6.18
-16.478,-13.92,7.903
-13.197,-5.103,6.821
-20.404,-4.242,7.558
-23.89,-4.218,3.039
-23.878,-2.584,-1.648
-24.1,-5.737,-3.967
-21.404,-5.271,-4.845
-19.528,-5.812,-4.192
-22.792,-6.632,-3.041
-30.386,-2.962,-3.752
-33.35,0.593,-6.611
-34.81,4.527,-9.257
-36.728,4.821,-10.582
-32.553,9.36,-11.716
-24.854,10.743,-7.941
-17.102,6.309,-2.486
-16.413,5.295,-0.735
-16.313,4.24,-2.94
-26.457,0.227,2.833
-26.747,31.8,49.486
-15.446,48.596,-13.169
-14.939,8.393,-3.761
4.256,14.119,2.211
-1.297,9.458,9.91
-3.237,0.366,7.13
-4.914,2.117,9.379
-4.517,3.898,10.999
-2.553,4.417,13.2
-6.254,3.938,12.774
-3.996,1.275,8.876
-3.732,-3.488,7.123
-0.816,-3.68,8.226
-1.067,-2.105,4.649
-2.306,2.048,6.996
-2.914,-4.089,6.383
-1.397,-1.151,9.269
-5.759,-3.213,5.223
-4.319,-3.543,8.656
-4.216,-1.232,8.948
-2.852,-1.893,7.345
-3.048,-3.584,5.833
-3.323,-4.649,5.826
-4.584,-3.127,6.647
-3.929,-2.988,5.206
-4.185,-2.194,5.725
-5.737,-2.163,4.771
-5.599,-1.883,4.622
-6.666,-0.177,3.57
-9.164,-0.775,0.979
-11.056,-2.369,0.067
-13.784,-2.699,-0.979
-14.286,-5.91,-1.285
-15.88,-9.621,0.194
-20.445,-7.46,3.206
-19.672,-13.566,2.629
-17.164,-22.351,3.381
-20.105,-23.71,7.58
-22.806,-20.792,6.288
-22.971,-21.153,-2.486
-26.778,-19.215,-4.634
-26.034,-9.446,-1.818
-23.687,5.646,-1.244
-3.28,24.388,-3.945
-19.308,16.482,1.431
-32.541,1.598,8.683
-30.077,-6.371,11.465
-26.931,-2.474,7.386
-30.027,-9.941,1.273
-24.605,-15.951,-3.579
-24.127,-13.985,-6.027
-23.014,-11.638,-3.254
-30.749,-9.566,-3.95
-22.543,-5.261,-0.988
-23.091,2.694,0.084
-26.003,3.708,1.656
-22.287,-2.426,6.362
-21.05,4.761,3.278
-23.081,-0.691,1.723
-24.411,-10.599,2.895
-22.56,-15.99,5.835
-16.437,-10.446,4.108
-18.791,-4.532,2.34
-20.763,-2.72,1.354
-18.796,-0.261,-1.043
-19.746,-1.995,-2.699
-21.449,-2.962,-4.405
-22.576,-2.474,-5.304
-22.641,-2.527,-4.498
-26.292,-1.325,-3.984
-29.879,0.435,-6.297
-29.206,1.924,-8.372
-29.252,3.4,-8.987
-29.941,4.008,-8.96
-25.842,5.326,-8.599
-22.005,5.816,-6.891
-19.447,2.84,-4.601
-16.325,4.029,-1.493
-33.628,27.247,35.977
-12.633,25.306,14.116
-3.778,30.809,5.852
-8.556,15.877,7.439
-3.725,10.501,2.242
4.993,11.154,4.912
1.515,1.838,12.585
-3.137,1.232,10.542
-4.577,3.326,16.346
-4.462,2.316,19.076
-0.464,0.057,9.984
-2.091,0.964,7.381
-1.144,0.122,8.75
-1.601,0.404,8.281
-2.732,-0.017,7.041
-3.575,1.909,11.03
-1.732,-0.457,8.448
-1.83,1.285,8.178
-4.429,0.261,7.52
-1.586,1.409,6.103
-1.971,1.838,6.491
-5.615,1.247,6.91
-5.072,-1.031,5.879
-5.032,0.132,9.42
-4.309,0.679,9.606
-4.546,1.771,7.661
-5.338,-2.811,6.539
-6.161,3.383,5.711
-5.19,1.158,6.919
-7.773,2.323,6.855
-6.35,1.012,4.199
-5.024,0.756,6.403
-8.317,-0.627,3.481
-9.338,-0.902,1.835
-9.814,0.682,-0.012
-11.066,-1.172,-0.928
-14.399,-3.821,-0.383
-16.133,-3.565,-0.502
-16.308,-6.489,2.505
-17.889,-7.86,3.058
-19.265,-13.162,3.319
-19.239,-21.945,4.974
-20.153,-30.436,4.831
-23.108,-28.567,7.721
-24.751,-14.143,7.489
-29.381,-9.46,2.572
-24.38,0.691,-8.037
-22.997,7.817,-13.339
-21.411,9.271,-9.266
-10.523,26.414,-5.139
-26.651,8.36,5.57
-30.97,6.41,14.116
-29.233,2.306,8.726
-32.601,-11.779,4.634
-24.144,-11.748,-1.211
-25.931,-13.293,4.878
-26.826,-11.846,-1.522
-24.072,-7.506,-7.821
-30.572,-6.182,-3.799
-23.679,-4.558,-6.209
-19.052,-3.309,-7.599
-21.555,1.22,-1.18
-14.346,3.328,-4.063
-20.37,2.522,-0.572
-19.485,-4.28,-0.634
-24.0,-4.261,1.275
-20.445,-10.448,8.951
-19.275,-11.858,9.831
-16.612,-3.122,6.816
-21.105,-3.319,7.104
-24.388,-2.95,2.806
-22.323,-3.474,-1.038
-22.878,-7.178,-4.036
-22.423,-6.654,-7.276
-19.588,-3.182,-5.587
-23.23,-5.149,-2.84
-26.302,-2.216,-3.589
-29.96,0.041,-3.775
-36.556,3.118,-9.934
-38.243,4.331,-13.061
-30.541,7.893,-11.312
-19.633,3.663,-1.787
-16.825,0.553,1.462
-19.777,-0.443,-2.479
-55.807,-2.196,14.741
-25.481,16.114,14.719
-4.582,55.223,-4.675
-18.411,2.338,-16.504
-2.873,12.243,-1.366
-0.261,2.218,9.427
2.381,4.881,5.804
-7.601,0.761,12.305
-1.955,0.388,8.912
-5.706,1.816,13.896
-3.486,4.859,8.183
-7.245,0.943,8.061
-4.953,2.256,8.065
-1.914,-0.935,9.051
-0.813,-3.596,8.427
-1.424,-0.409,9.235
-3.012,-1.986,9.989
-1.601,-4.795,6.302
-2.759,-2.194,6.726
-4.024,-3.467,6.812
-5.45,-3.302,7.986
-2.85,-3.084,7.577
-2.139,-3.524,6.541
-1.72,-2.761,6.154
-3.986,-2.402,6.156
-3.802,-3.273,4.563
-3.981,-2.627,3.804
-4.02,-1.979,3.321
-5.716,-2.098,2.802
-8.585,-1.704,2.35
-9.97,-2.905,2.022
-11.508,-1.701,1.646
-12.7,0.672,0.514
-13.985,-2.555,0.775
-16.399,-3.048,3.548
-19.904,-7.331,2.438
-20.598,-12.362,3.799
-18.937,-17.712,0.751
-21.205,-22.507,1.323
-24.333,-21.806,7.891
-22.579,-19.208,3.0
-20.775,-12.595,-2.991
-20.72,-9.183,-7.642
-15.009,-3.926,-9.46
-12.829,10.934,-2.053
-7.809,19.09,-0.278
-24.73,9.259,4.61
-29.412,2.132,7.68
-31.809,-4.697,11.927
-22.292,-10.125,-3.443
-30.247,-10.982,-1.412
-20.729,-9.015,0.086
-23.347,-10.994,-6.771
-23.131,-11.324,-5.199
-21.296,-6.034,-5.548
-18.109,-1.797,-3.586
-20.442,2.531,-2.617
-24.768,4.977,2.364
-19.842,2.098,5.902
-17.865,-4.393,4.938
-19.385,-0.359,6.747
-21.272,3.579,10.063
-24.691,-8.675,7.867
-18.066,-2.663,5.974
-21.918,-5.072,1.72
-24.383,-5.103,-0.813
-24.01,-3.366,-4.266
-25.854,-4.39,-6.936
-26.304,-3.608,-7.051
-27.651,-3.412,-4.797
-29.666,-4.053,-3.263
-30.871,-1.153,-7.439
-27.699,0.926,-9.197
-28.441,2.426,-10.396
-25.249,2.022,-8.874
-24.778,2.359,-7.977
-23.454,2.055,-5.436
-22.287,2.397,-1.704
-20.373,7.008,-1.385
-18.751,8.192,-4.031
-52.567,-13.183,41.009
-24.105,13.805,16.298
-1.737,31.577,-1.811
-5.264,12.353,4.06
2.292,17.291,4.448
1.938,9.929,7.235
0.112,5.993,13.174
-5.113,-1.486,17.033
0.447,3.969,10.027
-3.51,4.079,10.781
-5.02,4.182,16.954
-5.249,1.199,11.669
-3.756,1.062,7.309
-2.156,-0.139,10.07
-2.725,1.187,6.247
-2.72,-1.735,8.561
-1.593,1.883,7.836
-3.247,1.507,6.86
-2.084,0.746,5.953
-3.881,-1.742,10.29
-2.96,2.785,6.3
-4.07,1.333,6.312
-5.168,0.278,6.819
-8.163,2.431,15.753
-4.213,2.141,7.163
-4.182,1.627,7.644
-6.149,1.995,5.8
-6.537,1.84,6.276
-5.905,3.354,6.716
-5.934,1.464,5.668
-9.671,2.311,6.498
-8.041,0.132,4.821
-7.309,0.78,3.062
-9.621,0.584,2.486
-9.967,-1.105,-0.115
-11.805,-0.608,0.663
-13.343,0.182,-0.423
-16.494,-4.354,-0.335
-17.528,-5.072,3.079
-19.105,-5.632,3.522
-22.84,-14.887,5.639
-22.43,-21.361,8.216
-19.66,-17.885,6.903
-19.246,-19.98,4.228
-23.11,-16.937,5.134
-25.835,-13.985,5.328
-20.189,0.61,-3.175
-17.894,4.075,-10.264
-14.836,7.173,-12.154
-17.152,17.76,-7.027
-19.095,12.178,1.002
-44.681,4.749,11.212
-31.836,-10.362,15.853
-26.988,3.551,9.13
-23.502,-7.532,-1.895
-27.792,-6.836,-4.867
-29.491,-15.784,-9.451
-20.918,-16.77,-7.266
-28.376,-4.079,-8.008
-21.782,0.278,-4.565
-23.265,0.5,-2.285
-23.017,-3.127,0.852
-18.468,7.245,-5.199
-23.902,5.632,4.677
-23.672,-6.673,-0.309
-21.251,-4.972,3.007
-23.323,-8.396,5.149
-24.703,-10.07,9.554
-21.705,-4.187,9.226
-22.445,-2.668,2.881
-22.241,-3.907,0.502
-21.902,-3.129,-2.062
-22.617,-5.723,-4.898
-21.248,-4.871,-7.099
-20.442,-4.402,-5.67
-24.629,-3.701,-4.721
-26.732,-0.416,-6.362
-26.548,1.78,-7.092
-28.378,1.414,-9.403
-28.603,2.038,-11.149
-25.569,2.522,-8.759
-21.296,2.218,-3.369
-18.511,1.924,0.83
-18.265,3.134,1.407
-42.062,-7.424,34.302
-36.011,16.937,15.731
-2.684,32.108,3.756
-11.214,23.294,-3.383
1.488,3.924,1.069
1.211,4.733,5.843
0.211,9.271,12.214
-6.326,5.039,13.059
-7.321,0.395,13.867
-7.924,0.206,9.307
-2.527,-0.014,10.695
-5.448,1.794,13.281
-4.244,3.998,8.977
-2.302,0.644,6.525
-1.177,-1.199,5.73
-3.168,-0.038,7.317
-0.713,0.464,9.46
-4.539,-6.065,8.434
-1.921,1.558,7.18
-2.357,-4.173,6.604
-3.503,-3.027,6.539
-2.701,-2.668,7.412
-4.544,-2.464,6.113
-1.077,-5.044,5.312
-2.44,-4.029,5.462
-4.228,-4.603,4.967
-5.134,-4.785,2.05
-5.115,-5.386,4.591
-6.998,-1.742,3.479
-8.118,-2.96,3.031
-10.226,-3.082,2.491
-12.274,-2.474,1.706
-14.099,-3.512,0.084
-14.884,-6.915,-0.103
-17.09,-10.623,0.928
-20.229,-14.229,1.637
-20.703,-21.215,0.995
-22.447,-26.062,2.433
-21.409,-21.873,6.383
-23.014,-14.265,0.967
-19.275,-8.238,-3.996
-22.564,-9.848,-3.852
-14.492,0.766,-0.73
-5.501,16.803,0.912
-21.909,8.321,2.818
-35.594,-0.687,7.625
-32.29,-10.168,16.37
-25.012,-7.852,7.084
-28.374,-7.245,-6.084
-24.871,-17.05,-3.0
-26.108,-12.334,-6.541
-21.634,-7.919,-1.663
-24.467,-5.544,-4.18
-20.081,-6.572,-1.402
-21.045,-0.457,-3.72
-17.681,3.431,0.335
-18.566,3.28,2.711
-19.878,-2.967,2.823
-20.653,-5.728,3.003
-22.418,-1.809,7.862
-21.483,-8.719,9.874
-20.083,-9.365,6.675
-19.729,-2.46,5.833
-21.906,-2.62,2.723
-21.933,-2.979,-0.002
-22.548,-2.998,-3.972
-22.952,-4.108,-6.824
-21.543,-2.85,-8.412
-20.612,-3.237,-6.661
-23.313,-4.694,-3.165
-29.395,-2.285,-3.443
-27.673,0.641,-6.515
-28.776,3.474,-7.051
-30.958,4.766,-8.927
-27.108,7.254,-11.051
-21.411,6.601,-8.977
-17.253,3.582,-3.563
-15.363,2.309,-2.225
-30.407,-4.189,23.581
-38.753,15.502,18.021
-7.482,33.293,2.881
-2.421,23.017,6.235
4.395,12.056,2.759
4.237,17.203,10.879
1.414,6.113,10.231
-9.35,-3.778,20.04
-1.629,4.036,7.74
-4.807,-0.562,8.606
-2.113,5.565,14.688
-0.34,0.069,10.094
-5.221,0.565,9.207
-2.802,-0.935,10.927
-3.34,-0.184,8.094
-2.864,3.352,6.417
-2.761,1.177,7.553
-7.802,-0.026,10.704
-3.914,-1.581,8.829
-1.864,0.888,5.35
-3.357,1.134,7.096
-2.378,0.443,6.714
-4.948,-2.713,6.663
-5.819,0.895,7.424
-4.34,-0.081,7.185
-2.335,1.522,5.749
-4.398,-0.412,8.254
-3.33,1.534,6.364
-7.556,-0.112,6.003
-6.139,0.543,7.209
-5.723,-0.385,5.764
-7.678,1.888,4.488
-7.96,1.445,3.809
-8.809,-0.167,2.79
-11.221,-1.711,0.048
-11.582,-0.56,-0.538
-15.363,-3.247,-0.081
-17.564,-1.093,0.512
-19.263,-2.096,3.089
-18.808,-8.075,3.637
-21.356,-15.521,2.668
-18.767,-26.005,6.481
-20.897,-22.253,8.948
-20.162,-21.758,8.912
-25.242,-15.557,7.998
-22.115,-10.346,1.744
-23.268,-4.778,-9.252
-23.608,7.821,-11.405
-19.428,11.52,-9.365
-15.066,12.817,-3.783
-20.875,9.702,-1.534
-35.24,11.075,13.839
-26.771,-2.424,9.69
-27.204,-4.493,0.514
-21.976,-8.97,-2.859
-23.821,-11.915,-0.546
-25.696,-12.599,-4.761
-24.208,-14.985,-5.493
-25.392,-7.058,-7.604
-21.27,-1.651,-3.06
-19.284,-1.775,-4.237
-20.598,4.089,-3.173
-16.983,6.733,-5.871
-18.454,-1.335,2.51
-20.33,-3.728,0.971
-16.707,-1.421,0.112
-21.768,-3.254,11.59
-22.689,-9.8,10.228
-16.325,-3.177,5.376
-18.432,-3.615,5.419
-22.05,-6.379,1.347
-20.93,-5.728,-1.902
-22.127,-5.314,-5.422
-22.44,-5.101,-6.529
-19.657,-3.529,-5.106
-20.703,-4.67,-3.086
-27.333,-3.941,-2.936
-27.283,-0.864,-6.671
-28.18,1.744,-7.049
-30.135,1.928,-9.606
-30.156,3.792,-8.982
-26.038,1.644,-5.142
-21.794,-1.077,-0.62
-22.225,1.751,2.007
-41.315,-1.019,23.727
-28.828,20.198,14.717
-4.591,30.477,2.237
-5.115,27.783,8.037
5.84,3.85,1.172
-0.038,6.455,3.637
-2.352,7.142,10.269
-10.367,4.661,9.898
-5.041,2.089,10.645
0.522,1.378,5.228
-0.333,3.888,12.42
-4.855,2.074,11.018
-6.285,2.132,8.417
-1.479,0.95,8.35
-1.505,-2.113,8.671
-1.06,-0.022,4.058
-0.861,-1.055,7.226
-3.285,-1.007,7.221
-8.998,-3.929,15.112
-2.661,-3.055,5.991
-3.484,-3.481,7.666
-2.747,-1.526,6.577
-1.318,-1.474,6.273
-4.0,-2.783,6.994
-3.955,-3.898,7.245
-3.685,-4.967,6.403
-3.933,-1.704,6.58
-5.106,-4.426,4.508
-5.328,-3.869,3.668
-7.974,-4.699,1.677
-8.972,-2.278,2.158
-11.506,-1.218,2.058
-13.93,-1.369,2.405
-14.937,-2.091,1.627
-14.614,-3.991,1.058
-16.487,-7.608,1.125
-19.93,-12.508,1.45
-22.761,-16.081,-0.433
-20.464,-23.22,0.323
-22.167,-31.108,4.926
-22.813,-16.805,5.57
-20.251,-5.536,-6.23
-22.54,-6.783,-8.068
-15.497,-2.998,-5.111
-3.653,23.993,-0.603
-14.497,20.54,3.173
-38.977,0.072,11.805
-32.604,-20.55,16.947
-20.662,-2.945,11.274
-26.33,-4.055,-2.778
-25.981,-18.619,-6.02
-24.455,-13.013,-9.077
-23.019,-13.707,-9.065
-20.196,-9.075,-3.4
-15.6,-2.017,-2.486
-20.803,4.45,2.847
-21.021,-2.299,1.469
-20.763,-0.517,5.355
-22.143,-2.897,8.429
-12.061,0.524,6.235
-18.377,-1.912,11.295
-24.696,-8.544,7.814
-19.624,-5.123,5.209
-18.7,-3.314,3.747
-21.629,-5.527,1.366
-21.751,-3.039,-0.854
-22.385,-2.649,-3.653
-23.694,-3.039,-6.328
-24.749,-2.957,-6.596
-24.603,-3.216,-5.685
-28.943,-2.483,-3.601
-31.721,-0.258,-5.797
-26.89,1.998,-7.142
-28.658,1.852,-7.582
-27.783,2.917,-8.07
-24.297,4.065,-7.869
-21.184,3.23,-5.168
-19.064,2.376,-2.754
-18.406,3.553,-3.632
-30.869,-0.404,1.574
-33.654,11.654,18.26
-6.264,33.204,4.338
-9.333,23.122,6.326
-0.548,14.169,2.924
-1.459,8.862,1.306
-1.735,4.465,8.869
-5.489,0.105,11.19
-4.902,0.916,12.171
-4.742,0.651,6.697
-2.68,0.83,10.312
14.102,2.445,13.195
-2.689,0.065,7.685
-4.393,-0.203,10.515
-0.9,3.842,6.441
-0.081,-2.512,5.053
-4.555,-0.313,8.79
-2.663,0.402,9.243
-1.871,1.617,8.513
-1.711,2.419,7.896
-3.077,-0.352,6.974
-3.965,-0.72,6.257
-4.68,0.938,8.211
-5.161,1.211,8.235
-4.436,1.39,7.482
-5.847,-0.624,7.245
-3.543,0.998,5.879
-4.802,-0.957,5.646
-6.783,-0.081,5.058
-6.039,4.685,5.4
-7.953,1.57,5.79
-7.19,1.385,5.556
-8.025,2.452,5.204
-8.362,-0.005,3.106
-9.822,-1.134,2.603
-11.913,-0.955,-0.584
-13.209,-1.682,-3.448
-15.87,-3.443,-1.261
-18.057,-4.185,0.718
-20.413,-6.206,2.534
-21.799,-11.929,3.307
-19.502,-21.416,3.852
-19.471,-23.847,6.017
-24.598,-24.94,10.286
-27.208,-16.798,7.702
-27.823,-7.62,4.601
-23.165,-2.964,-2.534
-20.114,8.259,-11.606
-27.964,6.328,-6.618
-10.535,24.739,-6.891
-20.213,18.868,4.201
-33.199,4.223,12.673
-33.975,-1.849,12.827
-28.378,-7.709,4.505
-26.373,-6.041,3.275
-25.778,-10.544,-1.921
-25.06,-4.417,-6.223
-24.225,-9.68,-2.881
-22.098,-4.522,-5.891
-22.672,-2.888,-4.778
-22.007,-1.419,-0.29
-19.547,4.386,-4.295
-14.439,4.421,-3.778
-13.642,1.536,-1.488
-21.904,-4.735,2.948
-18.002,-3.493,5.063
-22.05,-4.436,10.434
-22.265,-5.831,6.661
-21.062,-6.838,5.056
-22.859,-3.498,4.881
-22.926,-4.165,0.813
-21.162,-2.546,-1.936
-20.669,-4.814,-5.235
-20.409,-5.594,-6.438
-20.839,-5.673,-5.446
-24.706,-5.704,-3.876
-34.013,-1.452,-2.842
-29.075,2.486,-9.685
-27.586,2.476,-9.063
-30.111,2.007,-11.475
-25.66,6.348,-11.81
-22.155,4.055,-8.934
-20.612,1.457,-3.898
-20.894,0.895,1.086
-42.05,43.069,46.792
-9.214,39.714,2.893
-4.902,22.832,10.475
-6.965,10.391,-0.579
1.785,13.798,4.216
2.455,6.094,10.669
-1.349,-0.01,10.994
-6.257,1.325,13.989
-6.077,0.093,9.077
-3.498,3.601,17.896
5.056,6.099,7.963
14.468,5.213,0.502
-4.139,3.637,10.566
-2.625,1.046,9.034
-1.89,0.947,7.202
-3.515,-2.476,7.07
-1.165,-2.962,6.395
-0.522,-3.948,5.28
-0.242,-3.859,4.443
-2.862,-1.089,6.477
-5.489,-0.909,8.264
-4.249,0.079,8.994
-3.204,-3.299,7.886
-4.51,-2.082,6.051
-3.244,-2.507,5.457
-5.044,-1.593,6.381
-5.12,0.115,7.829
-6.235,-2.711,6.871
-5.615,-3.309,4.041
-6.656,-0.794,4.347
-6.776,-1.215,3.955
-7.403,-0.751,3.445
-9.305,-1.823,-0.287
-12.456,-4.302,-0.823
-14.611,-2.747,0.883
-17.506,-4.63,-0.045
-19.543,-8.831,0.981
-21.77,-13.523,1.981
-22.356,-18.626,5.556
-23.976,-19.382,5.503
-21.665,-19.842,6.814
-22.457,-17.018,2.802
-26.204,-11.609,-1.096
-24.959,-5.517,-2.981
-21.344,-3.208,-6.113
-13.052,5.01,-2.684
-4.577,17.983,-1.663
-14.48,16.368,3.031
-28.529,4.29,8.953
-33.24,-3.761,14.157
-27.295,-12.181,6.264
-24.897,-8.903,2.723
-26.103,-17.999,-9.202
-24.467,-8.881,-9.841
-22.796,-12.513,-8.412
-22.715,-6.752,-3.158
-19.148,0.225,-3.354
-17.617,-0.196,-0.45
-23.038,4.548,-0.864
-18.454,3.247,1.818
-18.198,-1.304,0.333
-18.483,1.046,2.074
-23.995,-5.376,10.582
-22.335,-8.805,7.577
-15.825,-2.842,5.802
-15.528,-0.311,4.232
-18.846,-1.127,1.261
-16.777,0.134,-1.352
-14.59,0.325,-3.5
-14.817,1.046,-3.807
-16.317,1.108,-3.297
-18.387,1.098,-2.582
-18.212,0.189,-3.29
-19.44,0.187,-2.747
-24.557,2.579,-4.242
-23.242,5.489,-5.405
-20.708,6.376,-6.415
-19.246,7.111,-6.388
-17.703,6.991,-6.156
-15.334,6.563,-4.326
-13.64,5.606,-2.237
-12.599,5.479,-2.11
-12.673,7.278,0.196
-17.652,41.609,40.2
-10.989,27.51,4.431
-5.142,20.598,3.362
-9.676,10.125,8.527
-7.68,7.453,6.955
-4.579,8.771,8.544
-3.364,11.36,12.099
-2.436,6.814,13.719
-4.027,4.115,12.638
-3.297,8.183,-0.1
-2.505,2.656,8.36
-2.29,4.122,12.523
-2.823,0.802,10.403
-2.735,0.912,10.025
-0.895,0.0,10.056
-1.61,-2.536,10.503
-1.744,-2.804,10.288
-2.266,-2.302,10.13
-2.481,-1.275,9.061
-2.22,-1.816,10.056
-1.897,-2.015,10.018
-2.089,-2.373,9.889
-2.141,-1.5,9.448
-2.33,-1.871,9.312
-2.632,-2.823,9.503
-2.495,-2.199,9.209
-1.67,-2.917,8.618
-1.577,-2.414,8.931
-1.247,-2.01,9.044
-1.491,-2.783,8.711
-1.732,-3.201,8.587
-1.656,-2.572,8.711
-2.196,-1.869,8.527
-2.701,-1.854,8.405
-2.979,-1.692,9.068
-3.082,-2.103,9.534
-1.888,-1.39,9.982
-1.948,-1.203,9.778
-2.103,-1.306,9.18
-2.299,-1.864,8.934
-2.352,-1.637,8.814
-2.488,-1.83,8.798
-2.656,-2.201,8.915
-2.711,-1.79,8.338
-2.294,-1.536,8.032
-2.096,-1.804,7.575
-2.452,-2.417,7.422
-2.804,-2.589,7.783
-2.132,-2.4,3.216
-3.699,-3.247,1.648
-5.216,-5.862,5.225
-4.957,-7.833,9.453
-7.654,-6.192,11.817
-5.039,-0.498,12.982
-4.481,1.146,11.707
-4.74,-2.854,10.731
-4.144,-3.469,10.908
-3.972,-0.648,11.783
-4.13,-2.448,11.202
-3.357,-3.795,11.006
-3.675,-3.598,10.958
-3.933,-4.462,10.546
-4.311,-5.371,10.173
-4.766,-5.517,9.388
-4.756,-5.228,8.355
-4.127,-4.048,6.092
-3.189,-2.232,4.345
-2.335,-0.964,1.895
-1.943,-0.359,0.388
-3.232,0.239,0.385
-4.259,0.648,2.22
-4.594,-1.964,3.723
-5.814,0.476,4.173
-5.615,0.677,5.379
-6.934,0.055,8.798
-8.714,-2.263,10.039
-9.496,0.146,11.092
-10.537,2.347,10.479
-10.18,-5.778,8.283
-14.317,-0.304,12.066
-13.375,-4.658,10.066
-9.46,-5.831,7.874
-12.69,-1.943,9.264
-13.458,-7.506,8.898
-9.879,-2.01,7.474
-11.824,-1.51,7.73
-12.185,-1.646,7.809
-10.865,-3.012,7.338
-10.393,-0.907,7.986
-11.913,-0.694,8.613
-11.664,-2.833,8.745
-11.432,-3.472,7.443
-11.97,-4.826,6.759
-12.327,-5.398,4.378
-10.925,-5.958,1.775
-9.759,-7.125,1.443
-9.317,-9.262,-0.364
-8.896,-11.262,-0.33
-8.19,-9.472,-0.435
-7.261,-10.403,-0.739
-6.388,-8.396,1.024
-6.13,-7.651,2.354
-4.79,-7.891,2.216
-3.017,-10.515,2.125
-1.72,-10.843,2.146
-0.617,-11.31,3.082
0.373,-10.783,2.962
0.938,-11.477,4.216
1.383,-11.106,4.651
1.407,-12.063,4.838
0.854,-12.312,3.685
2.448,-9.475,3.558
2.924,-10.29,2.433
3.185,-10.57,3.022
2.603,-10.398,3.438
2.35,-9.417,4.788
3.708,-10.192,5.438
3.067,-9.467,4.455
3.957,-8.58,6.135
5.376,-8.302,6.166
6.242,-7.221,4.338
6.47,-7.161,4.01
4.529,-6.108,4.548
2.675,-6.17,3.847
4.728,-5.18,5.431
5.182,-5.278,6.216
3.464,-3.945,6.651
3.859,-3.062,7.534
2.555,-2.33,9.051
0.758,-3.79,8.903
3.252,-0.857,9.735
3.319,0.957,11.185
2.541,0.294,8.695
2.649,0.586,8.228
2.665,1.366,7.302
2.907,0.811,7.534
3.366,1.526,7.745
3.407,1.842,7.673
6.343,1.68,9.216
2.9,0.407,2.137
3.668,3.249,6.541
5.85,2.945,6.266
5.446,1.519,6.68
3.697,0.038,6.795
2.852,-0.806,6.704
1.62,-1.237,7.111
0.933,-0.766,7.058
1.026,-0.122,6.938
1.971,1.359,6.575
2.189,2.189,6.761
1.945,2.304,6.895
1.871,2.342,6.539
2.16,1.948,6.094
2.005,2.213,6.931
1.656,3.73,8.269
1.598,4.376,9.561
1.321,3.826,9.14
0.761,4.386,9.226
0.529,4.914,9.975
0.892,5.343,10.24
1.273,5.175,9.865
0.9,4.919,9.577
0.921,4.565,8.958
0.83,3.838,8.685
0.813,3.778,8.606
0.816,4.488,8.085
0.914,4.933,7.84
0.699,4.266,7.596
0.182,3.797,7.486
-0.06,3.682,7.683
0.416,4.211,7.419
-0.237,4.443,7.34
-0.943,3.85,7.221
-1.5,2.888,7.226
-3.187,1.022,8.039
-4.268,1.876,8.848
-2.507,4.675,10.812
-3.182,5.369,13.451
-3.084,5.481,13.54
-1.909,5.558,12.286
-0.01,3.058,9.008
-1.323,6.039,6.726
2.105,1.206,5.034
1.785,1.294,7.099
0.28,3.118,8.831
-1.584,2.792,10.082
0.481,5.333,9.822
0.048,4.185,9.396
-0.359,3.474,9.073
-0.534,-0.421,9.063
-1.01,1.541,10.319
-1.483,1.732,10.594
-1.625,2.649,10.848
-0.811,2.625,9.513
-0.098,3.051,8.912
-0.246,2.139,8.853
-0.177,3.335,9.453
-0.275,3.278,9.374
-0.452,3.151,9.209
-0.34,3.711,9.503
-0.182,4.182,9.577
-0.553,4.455,9.252
-1.036,4.084,8.982
-0.476,4.677,8.441
11.159,7.991,2.993
-7.484,1.555,9.362
0.002,4.981,8.649
-2.328,3.369,9.111
-2.297,3.706,8.731
-1.275,4.13,7.608
-2.33,3.462,8.927
-3.792,3.189,9.659
-2.907,3.295,9.453
-2.486,2.929,8.951
-2.285,2.383,8.747
-2.137,2.706,9.003
-2.232,2.641,9.111
-2.455,2.878,9.01
-2.969,3.244,9.089
-3.017,3.479,9.3
-2.842,1.948,9.075
-2.232,3.326,8.678
-2.885,2.314,9.379
-3.146,2.443,9.893
-2.45,2.103,9.192
2.132,3.139,8.678
-2.225,2.732,7.907
-3.017,2.799,9.288
-2.335,2.914,8.905
-2.62,2.137,9.214
-3.046,1.488,9.345
-2.151,2.948,9.635
-2.572,2.507,9.104
-2.883,3.07,8.929
-2.802,2.385,8.972
-2.103,2.311,9.056
-2.275,2.146,9.338
-2.18,1.83,9.649
-2.598,2.074,9.496
-2.165,1.285,9.436
-2.833,2.426,9.735
-2.694,1.885,9.522
-2.077,1.608,9.381
-1.785,1.464,9.18
-2.632,1.321,9.391
-2.682,1.507,9.326
-2.433,1.792,9.434
-2.436,1.581,9.64
-2.242,1.462,9.75
-2.455,2.704,9.867
-2.579,1.95,9.589
-2.438,1.562,9.357
-2.687,1.574,9.152
-2.199,1.412,9.283
-2.086,1.955,9.266
-2.196,2.507,9.266
-2.586,1.921,9.412
-2.579,1.94,9.444
-2.338,1.73,9.276
-2.242,1.739,9.3
-2.216,1.651,9.508
-2.419,1.713,9.783
-1.759,1.952,9.874
-1.507,1.991,9.29
-1.742,1.849,9.295
-1.459,1.646,9.018
-2.216,1.359,9.075
-1.763,1.928,8.963
-0.902,3.263,6.539
-3.682,3.108,8.936
-4.898,4.005,9.64
-1.385,4.163,9.685
-1.878,2.629,8.594
-2.663,3.22,9.166
-3.338,3.558,9.597
-2.9,4.034,10.563
-4.701,2.823,8.879
-3.441,1.854,8.826
-2.677,1.515,9.365
-2.256,2.192,9.152
-1.782,1.352,8.826
-0.94,3.725,10.037
-2.519,3.067,9.63
-1.45,2.127,8.953
-2.017,2.314,9.219
-2.376,2.651,9.759
-2.577,2.895,9.879
-2.096,2.723,9.561
-1.464,2.117,9.168
-2.45,1.005,8.891
-0.957,1.792,8.912
-1.687,1.921,9.465
-2.641,2.151,9.85
-1.656,1.945,9.676
-1.701,2.314,9.47
-1.579,2.498,10.527
3.364,2.792,8.707
-1.16,1.613,9.975
-0.706,2.273,9.666
-0.356,1.428,9.484
-1.086,2.11,9.647
-0.902,2.445,10.094
0.1,2.378,9.537
-0.22,2.072,9.518
-1.471,1.847,9.554
-0.254,2.486,9.52
0.751,2.766,9.266
-0.919,1.924,8.924
-1.526,2.05,9.094
-3.33,0.833,10.037
-0.215,1.641,9.618
-0.244,1.818,9.278
-0.256,1.723,9.515
-0.854,1.512,9.664
-1.227,1.416,9.927
-0.979,1.244,9.783
-1.404,1.282,9.659
-2.402,1.053,9.283
-2.249,1.605,9.57
-1.136,1.608,9.388
-1.12,1.596,9.599
-1.235,1.407,9.728
-2.44,1.244,10.058
-1.242,1.304,9.7
-1.452,1.163,9.568
-2.151,1.17,9.728
-2.483,1.05,9.764
-1.62,1.254,9.534
-1.828,1.282,9.654
-1.893,1.321,9.551
-1.888,1.192,9.532
-2.034,1.321,9.585
-1.766,1.206,9.496
-1.615,1.29,9.625
-1.199,0.507,9.527
-1.692,1.369,9.982
-1.95,1.256,9.711
-2.027,1.45,9.568
-2.414,1.026,9.374
-2.05,1.175,9.455
-1.208,1.232,9.633
-1.665,1.117,9.683
-1.651,1.086,9.487
-2.034,0.95,9.463
-1.732,1.043,9.752
-1.928,0.866,9.7
-2.082,0.823,9.743
-2.156,0.546,9.845
-1.928,0.534,9.958
-2.038,0.703,10.087
-1.909,0.605,9.881
-2.082,0.763,9.783
-1.878,0.636,9.721
-1.627,0.663,9.731
-1.804,1.069,9.903
-1.866,0.579,9.554
-1.924,0.828,9.671
-2.108,0.653,9.721
-1.809,0.615,9.58
-2.055,0.735,9.664
-2.019,0.79,9.711
-1.811,0.708,9.613
-1.983,0.711,9.64
-1.615,0.658,9.814
-1.823,0.56,9.881
-1.95,0.541,9.877
-1.852,0.474,9.685
-1.881,0.546,9.566
-1.909,1.122,9.661
-1.969,0.837,9.623
-1.988,0.852,9.762
-1.782,0.624,9.546
-1.653,0.51,9.575
-1.381,0.237,9.623
-1.486,0.658,9.877
-2.263,0.361,9.714
-1.419,0.476,9.75
-1.572,0.313,9.843
-1.596,0.433,9.807
-1.821,0.306,9.798
-2.048,0.447,9.745
-1.708,0.615,9.678
-1.751,0.486,9.46
-2.046,0.519,9.68
-1.787,0.368,9.666
-1.964,0.543,9.661
-0.744,0.706,9.752
-1.531,0.895,9.123
-2.811,0.892,9.776
-2.732,0.691,10.367
-1.581,0.713,9.833
-1.357,0.208,9.673
-1.517,0.359,9.554
-2.098,0.347,9.551
-1.955,1.349,9.877
-1.629,0.256,9.764
-2.996,0.388,9.525
-2.562,-0.124,9.755
-2.517,0.244,9.475
-3.232,-0.074,9.747
-1.397,-0.237,11.056
-1.359,1.101,9.762
-1.883,0.16,9.192
-1.715,0.651,9.601
-1.794,0.122,10.025
-1.957,-0.555,10.374
-1.488,1.637,9.786
-2.428,0.225,10.068
-1.28,0.668,9.432
-2.235,0.261,9.106
-0.679,0.337,9.848
-2.055,-0.232,9.733
-1.976,0.156,9.953
-1.67,0.663,10.003
-2.12,0.184,9.494
-1.335,-0.031,9.489
-0.438,-0.191,9.582
-1.787,0.426,9.795
-2.199,0.258,9.807
-1.84,0.488,9.867
-1.806,0.608,9.936
-0.565,0.352,9.824
-1.177,0.476,9.874
-2.151,0.203,9.898
-1.467,0.215,9.958
-1.718,-0.165,9.81
-1.215,-0.127,9.716
-0.77,0.12,9.7
-1.873,-0.074,9.96
-1.321,-0.577,9.778
-0.955,0.313,9.707
-1.668,-0.206,9.338
-1.991,-0.158,10.133
-2.237,-0.641,9.932
-1.433,-0.33,9.75
-1.56,-0.28,9.616
-1.038,0.139,9.647
-1.426,0.026,9.778
-1.723,-0.007,9.845
-2.05,-0.309,10.185
-1.304,0.036,9.599
-1.579,-0.12,9.769
-1.62,0.129,9.881
-1.744,0.117,9.783
-1.531,-0.038,9.767
-1.498,-0.098,9.728
-1.531,-0.177,9.668
-1.68,-0.356,9.8
-1.51,-0.081,9.845
-1.66,0.139,9.824
-1.601,0.074,9.769
-1.512,0.031,9.769
-1.684,-0.304,9.757
-1.79,-0.187,9.79
-1.395,-0.179,9.776
-1.653,0.002,9.778
-1.675,-0.225,9.771
-1.629,-0.299,9.786
-1.625,-0.395,9.752
-1.727,-0.5,9.752
-1.67,-0.452,9.757
-1.732,-0.419,9.762
-1.718,-0.388,9.774
-1.457,-0.534,9.75
-1.699,-0.581,9.719
-1.971,-0.641,9.716
-1.603,-0.546,9.723
-1.701,-0.486,9.743
-1.751,-0.502,9.762
-1.663,-0.586,9.814
-1.739,-0.644,9.728
-1.747,-0.711,9.735
-1.785,-0.732,9.666
-1.694,-0.605,9.688
-1.644,-0.601,9.704
-1.646,-0.555,9.805
-1.792,-0.663,9.649
-1.756,-0.467,9.776
-1.782,-0.553,9.75
-2.0,-0.44,9.747
-1.586,-0.565,9.716
-1.61,-0.723,9.74
-1.548,-0.701,9.774
-2.354,-0.998,9.967
-2.285,-0.624,9.788
-2.144,-0.9,9.79
-2.146,-0.768,9.68
-1.605,-0.869,9.656
-1.861,-1.012,9.683
-1.969,-0.763,9.709
-1.548,-0.763,9.654
-1.931,-0.459,9.786
-1.833,-0.622,9.661
-1.986,-0.306,9.75
-1.708,-0.187,9.738
-1.526,-0.316,9.692
-1.699,-0.462,9.865
-1.893,-0.639,9.912
-1.96,-0.61,9.833
-1.799,-0.234,9.798
-1.68,-0.325,9.68
-1.299,-0.443,9.561
-1.696,-0.713,9.503
-1.68,-1.132,9.771
-2.062,-0.507,9.817
-1.799,-0.263,9.728
-1.747,-0.356,9.8
-1.66,-0.479,9.869
-1.794,-0.323,9.79
-2.227,-0.713,9.719
-1.737,-0.598,9.671
-1.452,-0.141,10.006
-1.577,-0.347,9.829
-1.651,-0.196,9.831
-3.326,-1.031,9.889
-1.515,-0.519,10.137
-1.529,-0.383,9.838
-1.668,-0.325,9.795
-1.637,-0.345,9.767
-1.589,-0.598,9.702
-1.428,-0.416,9.688
-1.646,-0.541,9.781
-1.531,-0.622,9.802
-1.601,-0.517,9.786
-1.548,-0.584,9.8
-1.785,-0.495,9.836
-1.73,-0.648,9.688
-1.395,-0.785,9.621
-1.51,-0.682,9.709
-1.392,-0.768,9.731
-1.325,-0.627,9.649
-1.608,-0.804,10.018
-1.534,-0.44,9.719
-1.553,-0.562,9.793
-1.57,-0.538,9.759
-1.505,-0.632,9.711
-1.522,-0.806,9.707
-1.727,-0.746,9.853
-1.584,-0.835,9.764
-1.438,-0.816,9.707
-1.469,0.139,10.046
-1.558,-0.799,9.656
-1.541,-0.694,9.688
-1.651,-0.935,9.735
-1.515,-0.802,9.735
-1.735,-0.737,9.711
-1.297,-0.577,9.75
-1.66,-0.711,9.75
-1.617,-0.876,9.79
-1.89,-0.809,9.786
-1.213,-1.036,9.683
-1.66,-0.474,9.544
-1.926,-1.459,9.999
-1.325,-0.098,9.755
-3.371,-0.646,9.898
-0.538,-0.761,9.566
-0.356,-0.06,9.482
-2.378,-1.725,9.563
-2.311,-1.316,9.774
-1.309,-0.378,9.68
-1.359,-0.835,9.525
-1.385,-0.342,9.767
-1.381,-0.816,9.896
-1.617,-1.531,9.604
-1.462,-0.912,9.688
-2.067,-0.526,9.857
-0.995,-0.73,9.702
-1.081,-0.596,9.69
-1.761,-0.876,9.855
-1.727,-0.895,9.915
-1.055,-0.945,9.841
-1.108,-1.61,9.422
-1.177,-1.428,9.661
-1.421,-0.799,9.673
-1.352,-0.572,9.991
-1.512,-1.005,9.829
-1.206,-1.156,9.719
-0.864,-0.971,9.64
-2.316,-1.337,9.979
-0.806,-2.29,9.484
-0.773,-1.146,9.621
-1.227,-0.663,9.903
-0.828,-0.73,9.92
-0.548,-1.364,9.757
-0.56,-0.969,9.702
-1.115,-1.321,9.654
-0.414,-0.29,11.372
-0.924,-1.349,9.723
-1.503,0.182,10.118
-0.278,-0.758,9.836
-0.428,-1.024,10.101
-0.44,-0.947,9.869
-0.512,-0.821,9.635
-0.447,-0.483,9.951
-1.062,-0.928,10.075
-1.39,-0.519,9.762
-1.536,-0.859,10.02
-0.529,-0.488,9.807
4.307,0.613,8.58
-5.706,-1.778,10.901
-4.017,-1.024,10.783
0.053,-1.306,9.082
1.438,-0.713,9.312
-1.433,-0.392,9.977
-1.778,-0.981,9.91
0.28,-2.022,9.233
-1.471,-0.866,9.862
-1.488,-0.758,9.805
-1.586,-0.656,9.819
-0.813,-1.117,9.599
-1.163,-1.048,9.68
-1.388,-1.034,9.685
-1.347,-0.622,9.841
-1.428,-0.888,9.838
-1.18,-0.617,9.798
-1.625,-0.426,9.977
-1.866,-0.713,9.678
-1.469,-0.665,9.812
-1.536,-0.897,9.738
-1.488,-0.88,9.738
-1.591,-0.701,9.757
-1.515,-0.79,9.733
-1.577,-0.751,9.68
-1.725,-0.935,9.802
-1.388,-0.986,9.685
-1.373,-1.026,9.585
-1.555,-0.962,9.731
-1.761,-1.0,9.75
-1.84,-0.969,9.709
-1.381,-1.065,9.721
-1.656,-0.95,9.714
-1.646,-0.976,9.649
-1.921,-0.773,9.628
-2.271,-0.811,9.752
-1.687,-0.78,9.671
-1.383,-0.821,9.781
-1.756,-1.098,9.745
-2.311,-1.065,9.625
-2.094,-0.926,9.661
-2.134,-0.555,9.697
-1.646,-0.644,9.714
-2.266,-0.694,9.659
-2.132,-0.897,9.683
-1.692,-0.799,9.771
-1.835,-0.766,9.778
-2.218,-0.754,9.805
-1.986,-0.677,9.642
-2.084,-0.749,9.613
-2.206,-1.002,9.597
-1.625,-1.17,9.767
-0.864,-0.945,9.709
-1.103,-1.567,9.491
-1.696,-1.146,9.726
-1.014,-1.369,9.195
-1.84,-0.696,9.977
-2.074,-0.522,9.994
-1.756,-0.739,9.795
-1.376,-1.103,9.807
-1.153,-1.036,9.845
-0.842,-0.845,9.668
-1.046,-0.541,9.716
-1.759,-2.206,9.534
-0.175,-1.026,9.833
-0.476,0.452,10.597
-2.409,-1.366,9.496
-2.445,-1.117,9.582
-0.835,-1.019,9.747
-0.256,-1.701,9.482
-1.019,-1.689,9.664
-1.158,-1.297,9.613
-1.689,-0.378,10.104
-1.223,-0.557,10.011
-0.244,-0.428,9.379
-1.347,-1.665,9.889
-2.16,-1.591,10.073
-0.73,-1.002,9.822
-0.179,-0.136,9.592
-0.837,-0.163,9.903
-1.553,-0.033,10.346
-2.074,-0.768,10.209
-0.861,-0.687,9.53
-0.273,-0.555,9.767
-0.89,-0.849,9.989
-0.902,-0.816,10.156
-0.914,-1.084,10.044
-0.565,-0.703,9.843
0.06,-0.34,9.881
-1.45,-1.223,10.147
-2.019,-0.809,9.63
-1.572,-0.883,9.951
-1.885,-0.828,9.786
-1.206,-1.558,9.46
-1.826,-1.184,9.934
-0.194,-1.491,8.582
2.448,0.072,8.089
-5.627,-1.639,10.597
-2.885,-0.723,9.929
-1.572,-0.608,9.63
-1.409,-0.352,9.721
-2.158,-0.711,9.893
-2.294,-0.543,9.838
-1.579,-0.854,9.642
-0.945,-0.708,9.374
-1.792,-1.194,9.743
-1.761,-0.928,9.85
-1.421,-1.553,9.661
-1.098,-0.548,9.566
-2.074,-1.196,9.673
-2.194,-0.596,9.611
-2.768,-0.526,9.613
-1.735,-0.156,9.494
-3.283,-0.979,9.838
-2.483,-1.397,9.353
-2.072,-0.524,9.819
-2.474,-0.39,9.762
-2.665,-0.567,9.599
-2.737,-0.321,9.788
-1.378,-0.629,9.522
-2.79,-1.23,9.96
-2.907,-1.258,9.826
-1.976,0.538,9.814
-2.223,-0.837,9.245
-2.481,-1.347,9.716
-2.381,-0.534,9.922
-2.156,-0.397,9.589
-2.385,-0.51,9.57
-2.984,-0.416,9.51
-2.881,0.366,9.9
-1.785,0.062,9.676
-1.873,-0.151,9.855
-1.51,-0.869,9.357
-1.34,-0.684,9.822
-2.275,-1.335,9.506
-2.376,-0.78,10.032
-2.311,-0.763,9.728
-1.931,-0.871,9.573
-1.199,-0.866,9.369
-1.5,-0.818,9.518
-2.326,-0.837,9.75
-2.285,-0.995,9.618
-2.17,-0.823,9.759
-1.916,-0.749,9.709
-1.06,-1.062,9.723
-1.345,-0.706,9.707
-2.491,-0.981,9.733
-1.919,-0.859,9.652
-1.625,-1.103,9.743
-1.043,-0.39,9.625
-1.651,-1.06,9.594
-2.239,-0.79,9.862
-0.971,-0.646,9.824
-1.019,-0.94,9.618
-1.771,-1.046,9.69
-2.486,-1.067,9.845
-1.05,-0.562,9.867
-0.632,-0.61,9.424
-1.847,-1.136,9.769
-1.538,-0.998,9.865
-2.364,-0.869,9.798
-2.113,-1.605,9.558
-0.713,-0.907,9.778
-1.146,-0.969,9.618
-1.94,-0.928,10.034
-1.627,-0.857,10.097
-1.294,-0.802,9.649
-1.168,-1.002,9.417
-1.287,-0.947,9.503
-0.706,-1.189,9.589
-1.859,-0.421,10.197
-3.053,-0.84,10.097
-0.282,-0.373,9.46
-1.034,-1.184,9.673
-1.811,-1.091,9.64
-3.278,-1.44,10.276
-1.706,-0.342,9.647
-0.794,-1.038,9.331
-1.316,-1.067,9.783
-1.763,-1.311,9.814
-1.727,-1.328,9.709
-1.239,-0.919,9.644
-1.436,-0.615,9.74
-1.687,-0.821,9.738
-2.122,-0.706,9.561
-1.902,-0.316,9.582
-2.144,-0.4,9.905
-1.785,-0.794,9.558
-2.019,-0.971,9.613
-0.297,-1.672,9.321
-1.838,-1.096,9.616
-1.833,-0.694,9.889
-1.861,-0.864,9.74
-1.325,-0.577,9.762
-1.89,-0.945,9.707
-2.261,-0.907,9.735
-2.065,-1.002,9.783
-1.852,-0.888,9.656
-1.976,-1.041,9.661
-1.847,-1.06,9.659
-1.711,-1.172,9.709
-1.818,-1.242,9.688
-2.017,-1.218,9.656
-1.67,-0.902,9.652
-1.665,-1.002,9.587
-2.058,-1.072,9.762
-1.797,-0.983,9.855
-1.656,-1.105,9.695
-1.775,-1.0,9.726
-1.663,-1.175,9.652
-1.67,-1.01,9.704
-2.129,-1.086,9.704
-1.962,-1.151,9.747
-1.715,-0.943,9.688
-1.866,-0.947,9.652
-1.811,-1.184,9.709
-1.95,-1.12,9.771
-1.696,-1.34,9.668
-1.5,-1.321,9.556
-1.692,-1.141,9.604
-1.792,-0.959,9.702
-1.524,-1.218,9.635
-1.854,-1.306,9.757
-1.971,-1.189,9.69
-1.818,-1.151,9.659
-1.715,-1.034,9.716
-1.718,-1.101,9.81
-1.469,-1.17,9.74
-1.926,-1.237,9.786
-1.912,-1.101,9.812
-1.675,-0.816,9.757
-1.926,-0.754,9.721
-1.574,-0.938,9.618
-1.397,-0.809,9.606
-1.462,-0.969,9.609
-1.531,-0.924,9.735
-1.404,-1.184,9.786
-1.873,-0.847,9.853
-1.826,-1.048,9.683
-1.883,-0.751,9.793
-1.979,-1.192,9.7
-1.637,-1.151,9.726
-1.412,-1.321,9.759
-1.593,-1.258,9.774
-1.67,-1.144,9.702
-1.419,-1.089,9.719
-1.845,-1.053,9.74
-1.998,-0.955,9.778
-1.314,-0.77,9.664
-1.141,-1.019,9.778
-2.127,-0.983,9.738
-2.292,-1.192,9.745
-1.345,-1.196,9.709
-0.802,-0.086,9.513
-1.376,-1.553,9.702
-1.675,-1.323,9.688
-1.857,-0.883,10.087
-0.782,-1.211,9.822
-0.328,-0.579,9.728
-0.718,-0.797,9.75
-1.299,-0.495,9.924
-1.199,-0.397,9.795
-1.646,-0.026,9.898
-1.704,0.258,10.334
-1.802,-1.395,9.594
-1.433,-1.206,9.652
-1.605,-1.318,9.692
-1.732,-1.462,9.568
-2.029,-1.287,10.044
-1.689,-1.12,9.767
-1.878,-1.026,9.709
-2.103,-0.845,9.824
-2.227,-1.017,9.898
-1.802,-0.979,9.661
-1.888,-1.101,9.824
-1.916,-1.05,9.707
-1.849,-1.074,9.762
-1.787,-1.019,9.52
-2.096,-1.036,9.817
-1.646,-1.213,9.53
-1.512,-0.869,9.977
-2.027,-1.05,9.53
-1.78,-1.089,9.661
-1.993,-1.275,9.743
-1.876,-1.129,9.747
-1.682,-1.007,9.709
-1.845,-0.976,9.733
-1.914,-1.103,9.688
-1.648,-0.907,9.623
-1.72,-1.268,9.908
-1.615,-1.244,9.575
-2.048,-1.206,9.747
-1.646,-1.046,9.8
-1.672,-0.924,9.74
-2.015,-0.895,9.853
-1.481,-1.105,9.616
-1.675,-1.098,9.695
-1.916,-1.196,9.723
-2.144,-0.962,9.795
-1.431,-1.12,9.666
-1.273,-0.921,9.659
-1.629,-1.079,9.704
-2.101,-0.907,9.75
-2.0,-1.263,9.783
-1.826,-1.06,9.874
-1.414,-1.058,9.668
-1.586,-0.912,9.661
-2.022,-1.014,9.948
-1.608,-0.916,9.709
-1.838,-1.062,9.802
-1.136,-1.311,9.843
-0.467,-1.926,9.874
-3.862,-0.971,10.812
-2.421,-0.012,10.324
-1.522,-0.589,9.838
-0.22,-2.113,8.467
-1.771,-0.476,10.044
-2.041,-1.28,9.85
-1.574,-1.062,9.788
-1.567,-0.802,9.628
-1.653,-0.746,9.702
-1.79,-1.11,9.845
-1.787,-1.081,9.824
-1.608,-0.998,9.743
-1.555,-1.151,9.666
-1.814,-1.223,9.716
-1.84,-1.17,9.757
-1.737,-1.007,9.857
-1.744,-1.017,9.688
-1.823,-1.101,9.659
-1.62,-1.065,9.755
-1.605,-1.093,9.745
-1.601,-0.995,9.601
-1.668,-1.031,9.716
-1.622,-1.093,9.838
-1.641,-1.072,9.788
-1.694,-1.019,9.738
-1.558,-0.931,9.776
-1.72,-0.979,9.774
-1.615,-1.014,9.757
-1.644,-1.086,9.826
-1.735,-1.034,9.788
-1.584,-1.026,9.743
-1.637,-0.947,9.81
-1.735,-1.01,9.769
-1.536,-0.986,9.716
-1.622,-0.971,9.731
-1.675,-1.01,9.783
-1.538,-0.991,9.69
-1.692,-1.024,9.74
-1.656,-0.926,9.673
-1.579,-0.845,9.654
-1.646,-0.845,9.673
-1.653,-0.945,9.745
-1.849,-1.048,9.783
-1.802,-1.105,9.747
-1.67,-1.031,9.764
-1.639,-1.048,9.731
-1.754,-1.005,9.802
-1.826,-1.031,9.807
-1.78,-1.081,9.743
-1.835,-1.103,9.788
-1.833,-1.053,9.786
-1.725,-1.062,9.714
-1.838,-1.043,9.79
-1.754,-1.031,9.786
-1.782,-0.991,9.778
-1.811,-0.94,9.757
-1.778,-0.943,9.747
-1.632,-0.967,9.733
-1.799,-0.998,9.731
-1.751,-1.077,9.778
-1.945,-1.012,9.735
-1.684,-0.964,9.7
-1.706,-1.074,9.719
-1.598,-1.093,9.68
-1.763,-1.187,9.716
-2.091,-1.172,9.774
-1.787,-0.971,9.723
-1.352,-1.153,9.649
-1.873,-1.201,9.685
-2.44,-1.084,9.664
-1.912,-0.636,9.948
-1.699,-1.113,9.644
-2.163,-1.194,9.556
-1.962,-1.211,9.723
-1.89,-0.957,9.97
-1.802,-0.806,9.781
-1.117,-0.799,9.554
-1.378,-0.809,9.649
-1.979,-1.381,9.833
-1.926,-1.302,9.8
-1.861,-1.093,9.704
-1.967,-1.089,9.714
-1.756,-0.981,9.74
-1.737,-1.029,9.714
-1.749,-1.27,9.704
-1.739,-1.342,9.776
-1.579,-1.046,9.759
-1.952,-1.062,9.745
-1.787,-0.957,9.776
-1.782,-0.945,9.767
-1.818,-0.957,9.767
-1.562,-1.132,9.659
-1.579,-1.144,9.618
-1.943,-1.194,9.778
-1.902,-0.983,9.726
-1.627,-0.998,9.678
-1.828,-0.857,9.781
-2.156,-0.928,9.723
-1.677,-0.945,9.719
-1.861,-1.086,9.833
-1.799,-1.144,9.709
-1.861,-0.909,9.609
-1.866,-1.036,9.778
-1.613,-0.675,9.788
-1.668,-1.007,9.7
-1.89,-0.988,9.747
-2.129,-1.029,9.747
-1.725,-0.924,9.755
-1.936,-1.017,9.74
-1.572,-1.022,9.664
-1.847,-1.017,9.69
-2.091,-1.084,9.666
-2.019,-1.062,9.7
-1.672,-0.735,9.518
-1.967,-0.928,9.972
-2.237,-1.156,9.874
-2.046,-0.727,10.106
-0.981,-1.471,9.29
-1.914,-0.754,9.707
-1.861,-0.632,9.743
-1.881,-0.79,9.678
-2.007,-0.866,9.688
-1.773,-0.749,9.709
-1.735,-0.952,9.798
-1.818,-1.081,9.81
-1.333,-0.871,9.752
-1.483,-0.962,9.649
-2.003,-1.048,9.678
-1.883,-0.916,9.783
-0.359,-1.799,7.376
-3.869,-0.067,11.111
-2.701,-0.376,10.312
-1.493,-0.615,9.329
-0.423,-0.414,9.216
-2.579,-1.629,9.884
-2.584,-0.907,10.075
-1.481,-0.735,9.57
-1.388,-0.758,9.577
-1.763,-0.763,9.97
-1.866,-0.9,9.841
-1.814,-0.933,9.676
-1.589,-0.938,9.7
-1.897,-0.95,9.788
-1.873,-0.916,9.764
-1.816,-0.991,9.755
-1.84,-0.859,9.798
-1.778,-0.876,9.7
-1.72,-0.921,9.716
-1.718,-0.916,9.733
-1.682,-1.065,9.783
-1.766,-0.962,9.807
-1.828,-0.94,9.75
-1.715,-0.916,9.704
-1.663,-0.952,9.747
-1.725,-1.029,9.733
-1.816,-1.065,9.74
-1.763,-1.041,9.769
-1.739,-1.002,9.702
-1.773,-0.998,9.75
-1.799,-1.093,9.833
-1.735,-1.043,9.752
-1.838,-0.957,9.697
-1.794,-1.017,9.671
-1.675,-1.069,9.745
-1.751,-1.108,9.793
-1.881,-1.084,9.776
-1.823,-1.048,9.728
-1.73,-0.998,9.709
-1.838,-1.007,9.728
-1.804,-0.974,9.824
-1.706,-0.919,9.807
-1.687,-0.95,9.75
-1.696,-0.993,9.74
-1.739,-1.026,9.769
-1.713,-0.938,9.738
-1.675,-0.974,9.7
-1.751,-0.924,9.707
-1.711,-0.988,9.771
-1.653,-1.014,9.721
-1.768,-1.026,9.81
-2.053,-1.101,9.747
-1.782,-1.072,9.762
-1.211,-0.849,9.767
-1.744,-0.773,9.996
-1.586,-0.766,9.807
-1.56,-0.864,9.714
-1.648,-0.986,9.812
-1.651,-0.988,9.788
-1.316,-0.821,9.747
-1.608,-0.916,9.723
-1.864,-0.995,9.826
-1.459,-0.84,9.743
-1.45,-0.974,9.743
-1.469,-0.828,9.762
-1.916,-0.902,9.728
-2.017,-1.16,9.814
-1.232,-0.873,9.711
-1.861,-0.897,9.714
-2.012,-0.95,9.824
-1.732,-0.768,9.771
-1.56,-0.526,9.805
-1.522,-0.84,9.668
-1.866,-0.835,9.75
-1.689,-0.782,9.786
-1.768,-0.703,9.723
-1.409,-0.132,9.42
-1.952,-1.366,9.877
-2.567,-0.833,10.125
-2.046,-0.921,9.711
-1.232,-0.907,9.74
-0.869,-0.495,9.558
-2.103,-1.103,9.716
-1.744,-0.969,9.733
-1.491,-0.687,9.711
-1.637,-0.775,9.721
-1.787,-0.847,9.805
-1.55,-0.763,9.781
-1.634,-0.955,9.783
-1.534,-1.005,9.747
-1.785,-0.955,9.783
-1.888,-1.014,9.692
-1.818,-0.825,9.783
-1.663,-0.694,9.778
-1.486,-0.713,9.656
-1.625,-0.732,9.877
-1.826,-0.787,9.881
-1.878,-0.88,9.628
-1.371,-0.723,9.74
-1.634,-0.739,9.716
-1.503,-0.847,9.652
-2.271,-0.919,9.75
-1.589,-0.837,9.774
-1.577,-0.818,9.666
-1.61,-0.957,9.654
-1.833,-0.768,9.764
-2.117,-0.811,9.745
-1.871,-0.768,9.817
-1.385,-0.651,9.697
-1.871,-0.873,9.714
-1.854,-0.962,9.711
-1.601,-0.955,9.8
-1.739,-0.957,9.726
-2.543,-0.603,9.659
-2.979,-0.565,9.946
-2.857,-0.144,10.044
-1.804,-0.761,9.527
-0.988,-1.201,9.668
-1.328,-1.244,9.836
-2.381,-0.55,9.599
-1.995,-0.957,9.8
-1.72,-0.758,9.733
-1.79,-0.818,9.613
-1.842,-0.835,9.733
-2.024,-1.184,9.745
-1.9,-0.737,9.661
-1.838,-0.902,9.707
-1.96,-0.904,9.709
-1.859,-0.9,9.769
-2.029,-0.976,9.845
-1.914,-0.888,9.728
-1.696,-1.117,9.635
-1.735,-0.897,9.659
-1.646,-0.955,9.671
-1.945,-0.979,9.709
-1.677,-0.897,9.721
-1.871,-0.859,9.747
-1.916,-0.847,9.692
-1.861,-0.758,9.723
-1.84,-0.919,9.726
-0.991,-1.378,9.513
-2.417,-0.869,9.697
-2.797,-0.431,9.946
-1.11,-1.471,9.589
-1.682,-0.77,9.908
-1.78,-0.864,9.53
-2.115,-0.701,9.551
-2.012,-0.885,9.848
-1.962,-0.79,9.74
-1.737,-0.703,9.618
-1.845,-0.926,9.764
-1.938,-0.986,9.79
-1.907,-0.888,9.843
-2.038,-0.842,9.776
-1.895,-0.871,9.755
-2.027,-0.689,9.633
-1.634,-0.833,9.668
-1.909,-0.919,9.661
-1.828,-0.9,9.726
-1.821,-0.859,9.683
-1.83,-0.823,9.755
-1.723,-0.79,9.7
-1.821,-0.758,9.642
-1.792,-0.818,9.707
-1.866,-0.885,9.783
-1.816,-0.818,9.714
-1.771,-0.916,9.616
-1.646,-0.833,9.633
-1.861,-0.813,9.771
-1.39,-1.127,9.664
-1.459,-0.514,9.967
-2.806,-0.904,9.778
-2.369,-0.723,9.843
-2.101,-0.739,9.752
-1.995,-0.684,9.726
-2.019,-0.744,9.75
-1.469,-0.94,9.69
-1.581,-0.907,9.731
-1.617,-0.983,9.652
-1.835,-0.802,9.707
-1.768,-0.639,9.664
-2.476,0.529,9.015
-3.046,-0.711,9.752
-1.452,-0.725,9.824
-1.871,-0.852,9.716
-1.311,-0.548,9.587
-1.598,-0.904,9.652
-2.297,-0.706,9.896
-1.823,-0.869,9.767
-1.754,-0.742,9.647
-1.964,-0.746,9.728
-1.967,-0.919,9.661
-1.888,-0.95,9.709
-1.907,-0.928,9.666
-1.737,-0.983,9.7
-1.859,-1.036,9.704
-2.182,-0.869,9.74
-1.835,-0.935,9.745
-1.677,-0.888,9.69
-1.79,-0.955,9.826
-1.919,-0.933,9.743
-1.818,-0.845,9.664
-1.68,-0.694,9.738
-1.938,-0.768,9.652
-1.129,-0.342,9.159
-3.256,-1.177,9.96
-1.548,-0.955,9.865
-1.476,-1.002,9.812
-1.644,-0.88,9.726
-1.835,-0.507,9.592
-2.079,-0.995,9.75
-1.869,-0.617,9.848
-1.969,-0.739,9.633
-2.005,-0.778,9.711
-1.974,-0.825,9.79
-1.727,-1.036,9.8
-1.637,-0.919,9.692
-1.931,-1.067,9.707
-2.335,-1.132,9.783
-1.79,-0.677,9.941
-1.388,-0.687,9.798
-1.172,-0.787,9.64
-1.218,-0.907,9.726
-1.883,-1.081,9.853
-1.548,-1.069,9.8
-1.402,-0.854,9.757
-1.639,-0.988,9.793
-1.699,-0.991,9.709
-1.371,-0.873,9.613
-1.68,-0.962,9.822
-1.381,-1.034,9.802
0.572,-1.45,8.331
-3.405,-0.316,11.795
-2.96,-0.555,10.575
-1.086,-0.407,9.228
0.361,-0.916,9.132
-2.249,-1.311,9.979
-2.12,-0.995,9.946
-1.641,-0.945,9.592
-1.469,-0.668,9.769
-1.45,-0.524,9.96
-1.395,-0.677,9.752
-1.558,-1.093,9.723
-1.706,-1.129,9.836
-1.605,-1.041,9.755
-1.639,-1.05,9.733
-1.481,-0.804,9.695
-1.44,-0.77,9.86
-1.617,-0.967,9.807
-1.479,-0.993,9.671
-1.663,-0.964,9.688
-1.586,-0.919,9.7
-1.381,-0.892,9.743
-1.517,-0.857,9.865
-1.629,-1.041,9.877
-1.656,-0.835,9.819
-1.579,-0.902,9.716
-1.412,-0.859,9.8
-1.464,-0.83,9.759
-1.529,-0.78,9.74
-1.84,-1.12,9.857
-1.337,-0.732,9.745
-1.285,-0.656,9.795
-1.593,-0.914,9.767
-1.771,-0.849,9.853
-1.66,-0.763,9.817
-1.4,-0.672,9.704
-1.371,-0.802,9.781
-1.486,-0.931,9.788
-1.677,-0.914,9.824
-1.629,-0.823,9.778
-1.51,-0.725,9.747
-1.505,-0.794,9.64
-1.692,-0.919,9.745
-0.581,-1.412,9.482
-2.354,-0.359,10.659
-2.369,-0.823,10.178
-1.187,-0.395,9.668
-1.146,-0.483,9.321
-1.409,-1.007,10.02
-1.687,-1.438,9.874
-0.435,-1.019,9.503
-3.199,-0.426,10.09
6.3,-1.414,8.175
1.321,-0.964,8.817
-1.574,-0.672,10.298
-1.692,-1.069,9.733
-1.625,-0.983,9.697
-1.73,-0.959,9.764
-1.715,-1.024,9.778
-1.775,-1.024,9.716
-1.751,-0.818,9.774
-1.73,-0.833,9.822
-1.72,-0.773,9.721
-1.672,-0.885,9.69
-1.656,-1.048,9.795
-2.28,-1.388,9.587
-0.794,-2.003,9.42
-1.912,-0.787,9.893
-2.127,-1.046,9.743
-2.125,-0.818,9.75
-2.036,-0.412,9.843
-2.144,-0.194,9.759
-1.175,-1.598,9.568
-0.268,-1.66,9.819
-1.014,-0.912,9.719
-1.505,-0.902,9.759
-1.711,0.17,9.96
-2.223,0.256,9.802
-1.366,0.294,9.841
-0.677,0.538,9.7
-1.45,-0.237,10.259
-2.259,-1.725,9.869
-2.457,-1.479,9.448
-1.986,-0.931,9.822
-1.536,-0.782,9.814
-1.895,-0.677,9.786
-2.082,-0.794,9.86
-2.005,-0.593,9.592
-1.404,-1.263,9.597
-1.797,-0.565,9.778
-2.287,-0.565,9.905
-1.842,-0.806,9.74
-1.586,-1.122,9.656
-1.629,-0.983,9.716
-2.297,-0.907,9.793
-2.433,-0.696,9.845
-2.68,0.273,9.673
-2.249,-0.821,9.635
-2.388,-0.187,9.642
-2.419,-1.158,9.453
-3.194,-2.912,8.987
-2.22,-0.299,9.848
-0.873,-0.486,9.532
-2.259,-1.022,9.644
-3.118,-0.474,9.793
-2.893,-0.818,9.623
-1.581,-0.873,9.659
-2.146,-1.211,9.695
-1.536,-0.945,10.537
-1.598,-1.141,9.546
-1.546,-0.931,9.238
-1.34,-1.122,9.786
-1.165,-1.218,10.262
-0.77,-0.546,10.156
-1.857,-1.168,9.054
-2.103,-0.723,9.819
-1.584,-0.962,10.092
-1.16,-1.192,9.886
-0.861,-1.156,9.436
-1.247,-1.61,9.379
-1.902,-1.957,9.793
-2.098,-1.294,9.752
-0.928,0.947,10.312
-0.459,-1.926,9.283
-2.747,0.61,9.759
-2.082,-0.723,9.874
-1.605,-1.328,9.623
-1.215,-2.235,9.477
-2.725,-1.962,9.319
-1.849,0.12,10.209
-1.436,-0.175,9.908
-1.744,-1.156,9.606
-1.787,-1.845,9.458
-2.273,-0.321,9.982
-1.771,-0.955,9.922
-1.646,-0.842,9.743
-1.68,-0.505,9.695
-1.704,-0.723,9.728
-1.952,-0.644,9.721
-1.759,-0.9,9.922
-1.773,-0.593,9.738
-1.498,-0.737,9.635
-1.656,-0.644,9.714
-1.838,-0.675,9.778
-1.751,-0.706,9.829
-1.696,-0.524,9.716
-1.644,-0.644,9.7
-1.68,-0.766,9.79
-1.687,-0.802,9.86
-1.845,-0.629,9.771
-1.809,-0.708,9.75
-1.617,-0.694,9.79
-1.615,-0.78,9.786
-1.838,-0.668,9.735
-1.72,-0.665,9.826
-1.627,-0.732,9.647
-1.536,-0.703,9.786
-1.608,-0.811,9.709
-1.83,-0.775,9.817
-1.792,-0.809,9.824
-1.725,-0.821,9.688
-1.596,-0.703,9.644
-1.522,-0.792,9.793
-1.684,-0.754,9.769
-1.766,-0.73,9.807
-1.701,-0.756,9.723
-1.687,-0.675,9.747
-1.641,-0.701,9.767
-1.778,-0.617,9.764
-1.648,-0.723,9.723
-1.749,-0.713,9.692
-1.632,-0.813,9.81
-1.732,-0.672,9.836
-1.708,-0.713,9.781
-1.756,-0.672,9.745
-1.637,-0.732,9.702
-1.754,-0.837,9.721
-1.852,-0.864,9.731
-1.637,-0.61,9.757
-1.744,-0.761,9.762
-1.634,-0.833,9.659
-1.672,-0.713,9.625
-1.644,-0.792,9.798
-1.751,-0.651,9.726
-1.62,-0.78,9.678
-1.644,-0.775,9.848
-1.608,-0.73,9.721
-1.706,-0.677,9.812
-1.869,-0.675,9.778
-1.648,-0.744,9.673
-1.672,-0.73,9.628
-1.672,-0.77,9.833
-1.768,-0.596,9.8
-1.684,-0.833,9.829
-1.735,-0.742,9.69
-1.699,-0.696,9.628
-1.663,-0.792,9.735
-1.744,-0.711,9.843
-1.859,-0.526,9.838
-1.584,-0.749,9.767
-1.708,-0.739,9.697
-1.72,-0.691,9.652
-1.653,-0.785,9.877
-1.823,-0.694,9.822
-1.629,-0.754,9.654
-1.718,-0.79,9.554
-1.648,-0.708,9.704
-1.596,-0.756,9.822
-1.608,-0.811,9.896
-1.737,-0.665,9.733
-1.756,-0.601,9.594
-1.725,-0.61,9.688
-1.715,-0.565,9.814
-1.658,-0.706,9.922
-1.742,-0.66,9.817
-1.723,-0.584,9.721
-1.601,-0.476,9.647
-1.589,-0.682,9.666
-1.727,-0.72,9.86
-1.66,-0.735,9.826
-1.617,-0.663,9.762
-1.842,-0.502,9.592
-1.787,-0.546,9.683
-1.766,-0.541,9.924
-1.428,-0.459,9.786
-1.589,-0.751,9.589
-1.933,-1.203,9.848
-1.536,3.017,12.475
-2.622,-7.692,5.271
-1.983,-6.604,2.486
-1.043,3.89,8.491
-1.108,0.251,9.305
-1.991,-0.498,9.676
-1.692,-0.581,9.85
-1.715,-0.553,9.733
-1.732,-0.541,9.755
-1.696,-0.364,9.714
-1.778,-0.4,9.802
-1.694,-0.565,9.728
-1.581,-0.536,9.704
-1.627,-0.457,9.788
-1.732,-0.579,9.731
-2.127,-0.347,9.872
-1.73,-0.546,9.759
-1.632,-0.668,9.697
-1.639,-0.682,9.745
-1.816,-0.864,9.743
-1.885,-0.823,9.75
-1.653,-0.433,9.723
-1.627,-0.072,9.63
-1.285,0.244,9.886
-1.392,-0.345,9.743
-1.775,-0.273,9.719
-1.66,-0.072,9.86
-1.773,-0.266,9.893
-1.761,-0.333,9.661
-2.438,-0.687,9.678
-2.153,-1.125,9.601
-2.314,-0.947,9.731
-1.943,-0.024,9.922
-1.785,-0.866,9.649
-1.912,-1.239,9.295
-1.794,-0.809,9.63
-2.304,-0.536,9.855
-2.278,0.098,9.848
-2.06,-0.127,9.642
-2.07,-0.792,9.621
-1.938,-0.593,9.8
-2.285,-0.732,9.716
-1.814,-0.615,9.716
-1.909,-0.593,9.673
-2.019,-0.694,9.676
-1.926,-0.754,9.618
-1.83,-1.251,9.551
-2.424,-0.725,9.625
-2.689,-0.136,9.833
-2.007,-0.802,9.759
-1.933,-0.615,9.673
-2.007,-0.691,9.656
-1.603,-1.091,9.582
-1.412,-1.239,9.544
-1.605,-1.086,9.654
-2.105,-0.859,9.767
-2.534,-0.629,9.747
-2.395,-0.813,9.767
-1.826,-0.84,9.656
-2.015,-0.919,9.601
-1.577,-1.342,9.783
-1.637,-1.007,9.702
-1.897,-0.957,9.666
-1.95,-1.043,9.726
-1.933,-0.871,9.7
-2.079,-0.914,9.623
-1.787,-0.914,9.79
-1.61,-1.096,9.721
-1.962,-1.232,9.704
-1.933,-1.309,9.556
-1.61,-0.986,9.611
-1.328,-0.809,9.644
-2.247,-0.787,9.688
-2.584,-0.825,9.69
-2.376,-0.522,9.716
-2.395,-0.356,9.711
-2.019,-0.476,9.678
-2.007,-0.536,9.721
-2.192,-0.813,9.728
-2.204,-0.861,9.752
-5.958,-9.221,7.288
-0.701,3.63,11.499
-1.34,0.593,11.159
-1.613,-0.203,9.101
-2.943,-2.474,8.477
-2.696,-0.1,10.027
-1.787,-0.677,9.982
-1.5,-0.962,9.484
-1.663,-1.175,9.537
-1.926,-0.682,9.893
-1.962,-0.73,9.69
-1.876,-0.763,9.7
-0.955,-1.125,9.412
-2.074,-0.687,9.592
-2.091,-0.938,9.738
-2.074,-0.758,9.814
-2.984,-1.036,10.346
-1.357,-1.402,8.821
-1.486,-0.354,9.491
-2.067,-1.072,9.51
-1.948,-0.615,9.68
-2.113,-0.55,9.728
-1.943,-1.093,9.752
-1.974,-1.007,9.714
-2.065,-0.935,9.707
-1.904,-0.684,9.616
-1.993,-0.892,9.731
-2.012,-0.852,9.444
-1.828,-0.581,9.836
-1.531,-0.49,9.843
-1.469,-0.522,9.544
-2.12,-0.412,9.747
-0.964,-0.883,9.735
-1.512,-0.756,9.848
-1.823,-0.498,9.805
-2.39,-0.512,9.759
-2.28,-0.632,9.884
-1.445,-0.763,9.683
-1.445,-0.471,9.508
-1.816,-0.825,9.656
-1.586,-1.005,9.845
-1.952,-1.019,8.991
-1.653,-1.053,9.566
-2.07,-0.593,9.51
-2.172,-0.991,9.561
-2.019,-0.869,9.726
-2.007,-0.959,9.692
-2.012,-0.794,9.759
-1.658,-0.835,9.692
-1.723,-0.464,9.573
-1.469,-0.778,9.692
-1.694,-0.921,9.716
-1.852,-0.912,9.695
-2.046,-1.266,9.728
-2.055,-0.744,9.546
-1.314,-1.213,9.642
-1.247,-1.017,9.53
-2.07,-0.983,9.743
-2.067,-0.739,9.843
-1.778,-0.916,9.8
-0.945,-0.675,11.427
-1.567,-0.613,9.556
-2.536,-0.995,9.659
-2.007,-0.639,10.037
-1.45,-1.146,9.563
-1.591,-0.435,9.738
-1.644,-0.206,9.496
-1.266,-0.392,9.721
-1.306,-0.84,9.673
-1.744,-0.658,9.606
-2.125,-0.646,9.728
-1.914,-0.773,9.733
-1.916,-0.933,9.733
-1.988,-0.651,9.611
-2.065,-0.785,9.666
-1.988,-0.845,9.74
-1.751,-0.94,9.628
-1.967,-0.921,9.561
-1.835,-0.928,9.697
-1.689,-0.586,9.659
-1.799,-0.723,9.685
-1.792,-0.608,9.654
-1.651,-0.586,9.755
-1.79,-0.629,9.747
-1.5,-0.651,9.843
-1.78,-0.522,9.649
-1.792,-0.517,9.719
-1.881,-0.617,9.633
-1.761,-0.455,9.709
-2.005,-0.318,10.166
-1.443,-1.165,9.589
-1.591,-0.878,9.606
-1.881,-0.737,9.905
-1.864,-0.897,9.697
-1.737,-0.706,9.778
-1.936,-0.627,9.951
-1.002,0.622,7.439
-1.395,-0.66,9.853
-2.113,-1.809,9.685
-1.924,-0.785,9.633
-1.476,-0.297,9.817
-1.9,-0.467,9.8
-1.66,0.163,9.822
-1.376,-0.129,9.465
-1.359,-0.368,9.678
-1.596,-0.488,9.829
-1.806,-0.605,9.757
-1.943,-0.981,9.853
-1.876,-0.935,9.664
-1.9,-0.806,9.582
-1.967,-0.95,9.542
-1.857,-1.062,9.678
-1.675,-1.046,9.757
-1.823,-0.935,9.745
-1.811,-0.79,9.589
-1.849,-0.634,9.618
-1.849,-0.691,9.8
-1.785,-0.84,9.714
-1.51,-0.553,9.908
-1.574,-0.751,9.874
-1.715,-0.605,9.85
-1.637,-0.866,9.613
-1.744,-0.849,9.652
-1.72,-0.919,9.714
-1.17,-0.321,9.97
-2.39,-1.72,9.74
-2.129,-0.407,9.764
-1.806,-0.598,9.755
-1.713,-1.235,9.738
-1.483,-0.77,9.673
-1.768,-1.005,9.503
-1.603,-0.184,9.709
-2.007,-1.696,9.771
-2.201,-1.163,9.743
-1.395,-1.337,9.585
-1.579,-1.163,9.819
-1.553,-0.976,9.58
-1.749,-0.617,9.793
-1.854,-0.577,9.944
-1.737,-0.483,9.719
-1.495,-0.727,9.769
-1.464,-0.737,9.288
-2.16,-0.735,9.908
-2.06,-0.854,9.757
-1.715,-0.581,9.64
-1.756,-0.557,9.637
-1.708,-0.845,9.774
-1.873,-0.78,9.79
-1.952,-0.701,9.743
-1.768,-0.873,9.726
-1.723,-0.857,9.666
-1.744,-0.912,9.649
-1.756,-0.947,9.688
-1.89,-0.821,9.735
-1.95,-0.732,9.743
-1.699,-0.658,9.637
-1.677,-1.024,9.685
-1.768,-0.883,9.767
-1.67,-0.677,9.728
-1.617,-0.562,9.798
-2.027,-1.007,9.666
-2.034,-0.859,9.743
-1.799,-0.964,9.094
-1.866,-0.708,9.688
-1.598,-0.897,9.793
-1.861,-1.371,9.343
-1.168,-0.11,9.384
-2.156,-0.955,10.2
-1.546,-0.486,9.893
-1.385,-0.665,9.613
-1.416,-0.938,9.534
-2.089,-0.703,9.987
-1.924,-0.746,9.762
-1.613,-0.77,9.57
-1.799,-0.754,9.664
-1.763,-0.792,9.738
-1.711,-0.847,9.661
-1.665,-0.849,9.599
-1.763,-0.935,9.642
-1.976,-0.869,9.738
-2.163,-0.88,9.716
-1.969,-0.933,9.668
-2.091,-1.512,9.434
-1.495,-0.412,9.644
-1.596,-0.778,9.831
-2.053,-0.904,9.709
-1.943,-1.196,9.664
-1.713,-0.634,9.644
-1.864,-0.663,9.759
-1.842,-0.806,9.673
-1.605,-0.866,9.654
-1.749,-0.909,9.704
-1.936,-0.792,9.829
-1.857,-0.694,9.728
-1.821,-0.701,9.716
-1.833,-0.703,9.726
-1.821,-0.799,9.64
-1.677,-0.782,9.628
-1.845,-0.785,9.726
-1.732,-0.713,9.676
-1.68,-0.711,9.637
-1.902,-0.883,9.704
-1.797,-0.581,9.786
-1.802,-0.634,9.776
-1.763,-0.84,9.53
-1.94,-0.967,9.762
-1.971,-1.01,9.642
-2.182,-1.23,9.633
-1.715,-1.462,9.549
-1.51,-0.065,9.503
-2.369,-1.632,10.14
-1.593,-1.309,9.154
-1.273,-1.287,9.903
-2.316,-0.703,9.836
-1.94,0.412,10.025
-1.73,0.4,9.697
-1.414,-0.311,9.702
-1.701,-0.967,9.865
-1.9,-1.053,9.604
-1.869,-1.117,9.522
-2.232,-1.314,9.575
-2.316,-1.11,9.745
-2.141,-0.605,9.666
-1.95,-0.632,9.635
-1.948,-0.876,9.889
-1.964,-1.153,9.577
-1.866,-0.957,9.7
-1.828,-0.739,9.659
-1.871,-0.608,9.656
-1.964,-0.778,9.709
-1.976,-0.84,9.745
-1.95,-0.821,9.68
-2.036,-0.732,9.709
-1.952,-0.802,9.64
-1.787,-1.081,9.508
-0.45,0.61,6.726
-0.804,0.543,9.333
-2.163,-2.452,9.623
-2.572,-0.907,9.661
-2.498,0.093,10.08
-2.211,-0.275,9.805
-2.395,-0.603,9.592
-2.024,-0.512,9.589
-1.297,-1.034,9.599
-2.163,-1.187,9.743
-2.199,-0.964,9.678
-2.182,-0.572,9.692
-1.986,-0.584,9.611
-1.902,-0.706,9.745
-2.17,-0.988,9.563
-1.869,-1.06,9.63
-1.957,-0.718,9.79
-2.007,-0.718,9.707
-2.007,-0.627,9.613
-2.077,-0.648,9.659
-2.041,-0.909,9.532
-1.692,-1.017,9.561
-1.926,-0.818,9.735
-2.031,-0.694,9.695
-1.96,-0.663,9.778
-1.806,-0.727,9.714
-1.881,-0.842,9.68
-1.799,-0.847,9.623
-1.921,-0.854,9.738
-2.373,-2.543,4.728
-0.316,3.285,10.506
-1.907,-0.433,10.336
-3.252,-1.653,8.697
-1.625,-0.608,9.082
-1.811,-0.49,9.956
-2.182,-0.72,9.869
-1.95,-0.854,9.355
-1.799,-0.78,9.623
-1.983,-0.646,9.714
-2.074,-0.775,9.659
-1.821,-0.837,9.75
-2.065,-0.787,9.733
-1.916,-0.909,9.594
-1.816,-0.821,9.656
-1.976,-0.813,9.726
-1.943,-0.802,9.654
-1.775,-1.074,9.633
-1.838,-0.912,9.685
-1.948,-0.739,9.743
-1.983,-0.639,9.714
-1.821,-0.876,9.637
-1.869,-0.974,9.695
-1.888,-0.962,9.719
-1.907,-0.959,9.671
-1.869,-0.914,9.654
-1.964,-0.802,9.721
-1.943,-0.77,9.75
-1.933,-0.813,9.695
-1.924,-0.816,9.702
-1.869,-0.854,9.647
-1.921,-0.945,9.664
-1.89,-1.017,9.613
-1.84,-1.005,9.673
-1.928,-0.94,9.7
-1.885,-0.818,9.731
-1.852,-0.842,9.654
-1.871,-0.935,9.633
-1.859,-1.086,9.609
-1.967,-1.232,9.589
-1.969,-1.005,9.711
-1.794,-0.758,9.714
-2.0,-0.608,9.714
-1.94,-0.591,9.747
-1.888,-0.998,9.64
-3.354,-2.294,-5.01
-0.278,3.35,9.802
-1.419,0.258,10.616
-1.854,-0.83,9.652
-2.421,-1.541,8.446
-2.027,-1.036,9.688
-1.55,-0.727,10.008
-1.687,-0.919,9.561
-4.527,-5.099,5.412
0.019,3.73,10.939
-1.419,0.089,11.324
-2.074,-1.931,8.879
-2.218,-1.677,8.931
-1.806,-0.632,10.034
-1.402,-0.648,9.776
-1.811,-1.136,9.386
-2.732,-3.809,13.848
-1.237,0.67,11.42
-1.584,0.548,10.752
-1.806,-1.744,8.049
-2.034,-1.866,9.104
-2.271,-0.754,10.202
-1.68,-0.512,9.853
-1.069,-0.557,7.388
-1.775,3.089,9.065
-2.653,0.581,10.898
-2.005,-0.115,9.862
-1.098,-2.06,8.829
-2.184,-1.189,9.769
-2.175,-0.663,10.228
-1.483,-0.952,9.51
-4.845,-6.58,8.699
-0.56,1.735,10.192
-1.479,0.861,11.185
-2.077,-1.06,8.831
-1.775,-1.933,9.113
-2.522,-1.031,9.798
-1.952,-0.708,10.078
-1.483,-1.043,9.568
-2.833,-5.316,12.946
-0.854,1.218,11.092
-1.902,-0.684,10.499
-1.615,-2.153,8.74
-1.902,-0.974,9.144
-1.806,-0.45,9.927
-1.581,-0.897,9.79
-1.775,-1.06,9.484
-2.507,-4.481,11.709
-0.572,1.077,10.721
-1.895,-0.479,10.587
-2.493,-2.333,8.97
-1.835,-0.567,9.515
-1.656,-0.364,9.862
-1.61,-0.938,9.668
-1.471,-0.345,5.934
-0.938,1.242,9.57
-1.495,-0.05,10.769
-1.904,-1.067,9.453
-1.876,-1.421,9.238
-1.957,-0.562,9.695
-1.62,-0.567,9.97
-1.689,-0.926,9.64
-2.201,0.093,9.137
-2.0,-0.383,10.728
-2.129,-1.177,9.898
-1.182,-2.094,8.338
-1.711,-0.268,9.396
-2.007,-0.833,9.956
-1.73,-1.019,9.755
-1.5,-2.12,10.817
-2.235,-0.385,10.427
-2.436,-0.598,10.477
-2.139,-1.292,9.379
-1.244,-0.861,9.159
-1.541,-0.749,9.857
-2.079,-0.845,9.881
-1.404,-0.622,8.41
-1.787,0.098,9.46
-2.527,-0.613,10.769
-2.213,-1.278,9.446
-1.263,-0.9,9.032
-1.591,-0.651,9.81
-2.115,-0.916,10.001
-1.842,-1.108,9.561
-1.476,-1.515,5.725
-1.725,1.125,10.087
-2.637,-0.397,10.853
-1.83,-0.818,9.869
-1.402,-0.971,9.164
-1.809,-0.83,9.585
-1.871,-0.761,9.927
-1.663,-1.134,9.594
-1.201,-0.617,7.321
-1.847,0.624,9.3
-2.146,0.242,11.111
-2.098,-0.794,10.034
-1.955,-1.893,8.35
-1.376,-0.679,9.472
-1.811,-0.723,10.106
-1.921,-1.101,9.661
0.701,0.603,-2.17
-1.359,2.18,9.819
-2.663,0.352,11.499
-2.165,-1.29,9.027
-1.242,-1.443,8.513
-1.498,-0.672,9.948
-2.129,-0.761,10.207
-1.737,-1.172,9.451
-1.644,-0.976,9.446
-1.936,-0.711,9.987
-1.986,-0.837,9.829
-1.677,-0.84,9.558
-1.751,-0.782,9.7
-1.991,-0.943,9.7
-1.873,-0.957,9.633
-1.677,-0.919,9.609
-1.821,-0.897,9.601
-1.871,-0.967,9.647
-1.828,-0.969,9.709
-1.854,-0.809,9.671
-1.782,-0.699,9.709
-1.756,-0.694,9.707
-1.787,-0.816,9.685
-2.335,-1.555,10.36
