-2.094,-1.976,9.685
-1.766,-1.852,9.817
-1.541,-2.371,9.532
-1.653,-2.33,9.714
-1.704,-2.309,9.692
-1.668,-2.177,9.685
-1.771,-2.048,9.635
-1.696,-1.931,9.738
-1.732,-1.885,9.819
-1.761,-1.876,9.893
-1.701,-1.883,9.807
-1.371,-1.854,9.833
-2.189,-1.397,10.03
-2.053,-1.916,9.881
-1.991,-1.806,9.577
-1.818,-1.536,9.601
-1.926,-1.481,9.939
-1.625,-1.833,10.128
-1.577,-2.247,9.951
-2.089,-2.505,9.733
-1.242,-2.864,9.597
-1.349,-3.249,9.723
-1.605,-3.335,9.726
-1.869,-3.11,9.688
-2.11,-3.235,9.824
-2.239,-3.244,9.685
-1.763,-3.091,9.587
-0.462,-3.397,9.264
-0.557,-3.438,9.384
-1.153,-3.132,9.484
-0.845,-2.713,9.489
-0.732,-2.763,9.312
-0.809,-3.125,9.152
-1.125,-3.409,9.499
-1.311,-3.309,9.549
-1.866,-3.493,9.491
-2.283,-3.225,9.711
-2.263,-3.228,9.872
-1.823,-2.857,9.592
-3.0,-2.981,9.393
-3.019,-2.562,9.436
-2.914,-2.615,9.343
-2.436,-2.804,9.458
-2.199,-3.01,9.575
-2.692,-2.967,9.436
-2.469,-2.761,9.369
-2.11,-2.67,9.467
-1.761,-2.058,9.592
-1.215,-1.792,9.587
-1.761,-2.271,9.757
-2.043,-2.436,9.886
-2.022,-2.653,9.489
-1.706,-3.261,9.905
-1.771,-3.699,9.444
-2.467,-3.988,9.652
-3.084,-3.831,9.362
-3.098,-3.393,9.314
-2.507,-2.634,9.432
-2.046,-2.543,9.467
-1.304,-2.617,9.893
-1.794,-2.823,9.656
-1.928,-2.44,9.776
-1.737,-2.452,9.726
-2.027,-2.555,9.688
-2.015,-2.632,9.719
-2.464,-2.596,9.573
-2.632,-2.405,9.702
-2.548,-2.354,9.532
-2.079,-2.39,9.611
-1.297,-2.472,9.869
-1.67,-2.735,9.723
-1.909,-2.747,9.489
-2.204,-2.601,9.24
-1.907,-2.512,9.499
-1.383,-2.529,9.932
-1.833,-2.256,9.97
-2.077,-2.103,9.843
-2.141,-2.639,9.79
-2.029,-2.378,9.786
-2.665,-2.34,9.642
-2.591,-1.878,9.723
-2.321,-1.876,9.776
-1.524,-1.816,10.305
-1.677,-2.094,10.207
-1.206,-1.79,9.972
-0.79,-1.648,9.391
-1.443,-2.027,9.922
-1.325,-1.713,9.872
-0.28,-1.995,9.759
-0.349,-2.244,9.989
-1.211,-1.61,10.032
-1.818,-1.433,9.786
-2.137,-1.515,9.953
-2.467,-1.151,9.922
-2.797,-1.256,9.893
-2.283,-0.089,9.393
-2.012,-1.345,10.118
-2.177,-1.5,10.235
-1.601,-1.117,9.929
-1.507,-0.852,9.771
-1.57,-1.036,9.86
-1.096,-1.134,9.975
-1.723,-1.522,9.86
-1.519,-1.605,10.121
-1.761,-2.5,10.276
-1.132,-1.589,9.874
-1.072,-1.156,9.85
-1.498,-0.895,10.389
-1.857,-1.05,10.247
-1.876,-1.261,10.104
-1.548,-1.072,10.149
-1.134,-0.885,9.714
-2.005,-1.306,9.644
-1.931,-1.534,9.824
-1.488,-1.285,10.087
-1.613,-1.333,9.97
-1.701,-1.682,10.082
-1.907,-1.687,9.802
-1.675,-1.349,10.223
1.108,0.921,10.197
-0.569,-1.445,9.453
-0.636,-1.062,9.757
-0.778,-1.223,10.546
-0.572,-0.689,10.267
-0.967,-0.746,9.967
-0.665,-0.665,10.097
-1.163,-1.05,10.625
-1.072,-0.797,10.31
-1.479,-1.125,10.154
-0.967,-1.146,10.319
-1.395,-1.129,10.087
-1.479,-1.06,10.424
-1.342,-1.239,10.197
-1.251,-1.304,9.891
-0.78,-0.967,10.049
-1.122,-0.993,10.032
-1.182,-1.01,9.934
-1.421,-1.081,9.917
-1.476,-1.28,10.18
-1.57,-1.069,9.833
-1.483,-1.084,9.908
-1.591,-1.141,9.92
-1.28,-1.103,9.822
-1.29,-1.177,10.051
-1.538,-1.244,10.171
-1.455,-1.072,10.099
-1.617,-1.196,9.967
-1.026,-0.969,10.037
-0.842,-1.153,9.963
-1.392,-1.098,10.015
-1.754,-1.201,10.015
-1.629,-1.455,10.111
-1.529,-1.404,10.109
-1.646,-1.235,9.915
-1.687,-1.383,10.027
-1.797,-1.18,9.819
-1.318,-1.701,9.884
-1.421,-1.761,10.185
-1.503,-1.235,9.963
-0.852,-1.354,10.104
-1.287,-1.182,10.257
-2.893,-2.151,10.125
-0.579,-1.196,9.757
-0.969,-1.151,9.903
-1.385,-1.017,10.276
-1.376,-0.909,10.18
-1.306,-0.89,10.154
-1.505,-1.311,10.255
-0.318,0.596,10.724
-1.811,-1.799,10.176
-1.378,-1.431,10.037
-1.108,-1.44,10.13
-1.172,-1.316,9.963
-1.553,-1.108,10.063
-1.787,-1.139,10.049
-1.615,-1.031,10.044
-1.55,-1.337,9.996
-1.388,-1.201,9.8
-1.567,-1.192,10.03
-1.613,-1.244,10.039
-1.677,-1.247,9.97
-1.534,-1.081,10.011
-1.541,-1.079,9.941
-1.553,-1.022,10.027
-1.55,-1.101,9.934
-1.452,-1.101,10.034
-1.483,-1.148,10.113
-1.51,-1.16,10.087
-1.438,-1.117,10.042
-1.543,-1.199,9.936
-1.62,-1.287,10.02
-1.57,-1.392,10.066
-1.684,-1.287,9.956
-1.61,-1.158,9.824
-1.541,-1.074,9.716
-1.263,-1.055,9.74
-1.297,-1.108,9.967
-1.436,-1.177,9.628
-1.579,-1.33,10.034
-1.627,-1.175,10.006
-1.567,-1.27,10.257
-1.471,-1.089,9.996
-1.534,-1.086,9.817
-1.627,-1.352,10.037
-1.735,-1.572,10.274
2.503,-0.622,11.114
-1.646,-1.622,10.262
-1.778,-1.385,10.302
-1.936,-1.036,10.434
-0.955,-1.395,9.91
-1.476,-1.189,9.644
-1.294,-1.361,9.944
-1.495,-1.347,9.695
-1.512,-1.29,9.774
-1.421,-1.309,10.049
-1.469,-1.354,10.042
-1.457,-1.242,9.819
-1.459,-1.201,9.912
-1.634,-1.282,9.982
-1.438,-1.347,10.094
-1.581,-1.438,10.195
-1.565,-1.404,10.133
-1.553,-1.268,10.02
-1.699,-1.354,9.862
-1.687,-1.436,9.956
-1.503,-1.325,10.09
-1.455,-1.199,10.149
-1.491,-1.129,10.183
-1.493,-1.093,9.893
-1.491,-1.06,9.833
-1.402,-1.108,9.924
-1.316,-1.144,9.812
-1.366,-1.184,9.884
-1.517,-1.251,10.073
-1.536,-1.215,10.149
-1.555,-1.311,10.063
-1.675,-1.4,10.001
-1.546,-1.325,9.848
-1.699,-1.299,10.046
-1.474,-1.249,10.008
-1.443,-1.225,10.078
-1.419,-1.115,9.884
-1.373,-1.127,9.893
-1.366,-1.077,9.85
-1.196,-0.928,9.798
-1.345,-1.019,10.025
-1.543,-1.115,10.276
-1.634,-1.182,10.204
-1.692,-1.18,10.044
-1.438,-1.163,9.965
-1.357,-1.172,9.912
-1.388,-1.093,10.018
-1.5,-1.146,10.061
-1.553,-1.168,10.145
-1.404,-1.081,9.965
-1.421,-1.024,10.006
-1.349,-1.034,10.006
-1.481,-1.134,10.135
-1.581,-1.215,10.039
2.567,-3.263,-4.826
-0.811,-3.95,8.745
-0.407,-0.787,10.506
-2.18,-1.577,10.369
-0.864,-0.256,10.223
-1.278,-0.806,9.984
-1.093,-0.94,9.75
-1.474,-1.108,9.91
-1.534,-1.158,9.912
-1.637,-1.297,9.936
-1.438,-1.357,9.908
-1.495,-1.409,10.006
-1.536,-1.316,10.015
-1.479,-1.342,10.042
-1.488,-1.381,9.958
-1.438,-1.335,10.049
-1.361,-1.247,10.032
-1.479,-1.345,9.879
-1.579,-1.55,9.956
-1.282,-1.402,9.826
-1.414,-1.457,9.97
-1.558,-1.479,10.066
-1.715,-1.61,9.714
-1.481,-1.383,9.958
-1.567,-1.369,9.994
-1.548,-1.349,10.094
-1.421,-1.275,9.979
-1.359,-1.263,9.879
-1.206,-1.189,9.774
-1.285,-1.337,9.697
-1.29,-1.579,9.585
-1.584,-1.811,10.046
-1.656,-1.692,9.85
-1.596,-1.548,10.046
-1.704,-1.39,9.903
-1.768,-1.61,10.075
-2.003,-1.998,9.755
-2.242,-2.244,9.965
-1.83,-2.024,10.042
-1.385,-1.648,9.893
-1.086,-1.105,9.977
-1.014,-0.639,9.652
-1.151,-0.452,10.312
-1.103,-0.014,10.137
-1.273,-0.201,10.011
-1.775,-0.4,10.223
-1.73,-0.337,10.324
-1.115,-0.282,10.247
-0.935,-0.251,9.726
-1.108,-0.529,9.877
-1.507,-0.708,10.015
-1.634,-0.866,10.147
-1.847,-1.117,10.113
-1.541,-1.134,9.898
-1.498,-0.931,9.932
-4.795,-10.561,3.476
-2.105,-1.73,9.231
-0.998,-0.677,10.429
-2.244,-0.914,10.757
-2.278,-1.495,10.111
-0.852,-0.672,9.726
-1.56,-0.852,9.743
-1.531,-0.976,9.685
-1.809,-1.304,10.011
-1.885,-1.459,10.03
-1.751,-1.522,9.884
-1.665,-1.541,9.767
-1.711,-1.589,9.891
-1.818,-1.639,9.972
-1.876,-1.639,9.865
-1.742,-1.385,10.003
-1.708,-1.134,9.853
-1.773,-1.062,9.977
-1.546,-0.754,10.015
-1.601,-0.754,10.075
-1.634,-0.883,10.101
-1.744,-1.036,10.025
-1.646,-1.132,9.984
-1.641,-1.146,9.755
-1.835,-1.285,9.774
-1.859,-1.306,9.833
-1.364,-1.404,9.977
-1.479,-1.424,9.905
-1.787,-1.299,9.869
-1.771,-1.012,9.999
-1.395,-0.926,10.192
-1.715,-1.163,10.197
-1.924,-1.275,10.123
-1.986,-1.426,9.872
-1.909,-1.438,9.563
-1.68,-1.433,9.537
-1.55,-1.469,9.912
-1.773,-1.62,10.25
-1.809,-1.424,10.302
-1.56,-1.115,10.056
-1.646,-1.026,9.759
-1.529,-1.014,9.759
-1.625,-1.196,9.953
-1.67,-1.361,9.977
-1.838,-1.316,9.989
-1.876,-1.218,10.03
-1.816,-1.182,10.111
-1.328,-1.153,9.934
-1.474,-1.18,10.13
-1.345,-0.971,10.027
-1.302,-0.809,9.932
-1.723,-1.062,9.743
-2.326,-2.795,11.051
-1.921,-2.486,9.587
-2.086,-2.663,9.635
-2.278,-2.347,9.688
-2.091,-2.194,9.637
-1.306,-1.505,9.321
-0.617,-1.113,9.85
-1.608,-1.814,9.879
-2.35,-1.96,9.912
-2.129,-1.802,10.011
-1.51,-2.414,9.903
-2.452,-2.802,9.843
-2.428,-2.677,9.69
-1.976,-2.237,9.853
-2.127,-2.885,9.666
-1.971,-3.204,9.709
-4.378,-7.431,12.257
-1.531,-1.751,9.814
-1.983,-1.658,9.601
-1.275,-2.716,10.417
-1.904,-3.953,9.889
-1.802,-2.294,7.819
-2.304,-2.952,8.786
-0.641,-3.448,9.274
-1.983,-3.419,8.989
-2.421,-3.586,9.257
-2.003,-3.328,9.872
-1.412,-3.716,9.719
-1.436,-3.314,9.384
-2.364,-3.735,9.231
-2.503,-2.529,9.209
-0.804,-3.189,9.889
-1.069,-3.63,9.597
-1.294,-3.196,9.482
-1.577,-3.129,9.554
-1.316,-2.933,9.798
-1.06,-2.747,9.556
-1.043,-2.897,9.755
-1.125,-2.773,9.647
-1.589,-2.9,9.628
-1.838,-3.859,9.489
-2.055,-3.706,9.379
-1.677,-3.046,9.599
-1.861,-2.986,9.597
-2.005,-2.85,9.822
-1.668,-2.938,9.721
-1.852,-3.079,9.628
-1.605,-3.173,9.652
-1.744,-2.976,9.695
-1.869,-2.821,9.63
-1.759,-2.993,9.733
-1.835,-3.091,9.68
-1.778,-2.881,9.566
-1.857,-2.696,9.508
-1.754,-2.94,9.549
-1.78,-2.828,9.644
-1.78,-2.926,9.793
-1.859,-2.706,9.702
-1.792,-2.61,9.623
-1.57,-2.522,9.752
-1.56,-2.582,9.85
-1.792,-2.546,9.79
-1.816,-2.39,9.735
-1.823,-2.35,9.604
-1.536,-2.543,9.819
-1.634,-2.287,9.755
-1.785,-2.235,9.776
-1.749,-2.237,9.53
-1.732,-2.33,9.628
-1.481,-2.421,9.738
-1.596,-2.519,9.805
-1.543,-2.45,9.743
-1.711,-2.448,9.692
-1.849,-2.417,9.659
-1.756,-2.445,9.824
-1.749,-2.479,9.783
-1.67,-2.479,9.704
-1.486,-2.481,9.554
-1.699,-2.443,9.58
-1.591,-2.555,9.726
-1.471,-2.46,9.783
-1.615,-2.436,9.776
-1.723,-2.333,9.685
-1.988,-2.373,9.723
-1.632,-2.448,9.836
-1.388,-2.366,9.975
-1.742,-2.292,9.893
-1.847,-2.35,10.03
-1.948,-2.433,9.975
-1.706,-2.306,9.795
-1.739,-1.998,9.64
-1.871,-1.914,9.86
-1.395,-1.89,9.831
-1.639,-2.153,9.709
-1.627,-1.988,9.692
-1.759,-1.785,9.948
-1.593,-1.864,10.216
-1.711,-1.881,10.212
-0.756,-2.146,9.905
-1.577,-1.986,9.848
-1.806,-2.251,9.936
-1.921,-2.594,9.843
-2.299,-2.945,9.654
-0.644,-2.457,9.424
-1.72,-2.751,10.054
-1.139,-1.94,9.857
-2.029,-1.838,10.274
-1.864,-2.019,9.738
-1.134,-2.213,10.013
0.129,-3.175,9.728
0.067,-4.149,9.073
-3.553,-2.431,9.707
0.912,-1.61,10.913
-0.041,-4.407,8.759
0.258,-3.685,9.135
-0.73,-3.369,9.735
-0.658,-3.364,9.678
-0.309,-3.68,9.465
-0.294,-4.029,9.324
-0.426,-4.003,9.393
-0.493,-3.792,9.549
-0.505,-3.799,9.537
-0.794,-4.043,9.618
-1.156,-3.907,9.592
-1.098,-3.78,9.573
-0.665,-3.73,9.417
-0.634,-3.931,9.444
-0.962,-3.744,9.546
-0.986,-4.933,10.432
-0.562,-8.96,8.412
-1.136,-12.554,13.836
0.208,4.091,3.039
-0.328,-1.098,9.365
0.694,-2.749,7.996
1.132,-3.201,8.876
0.758,-4.072,9.219
-0.175,-4.462,9.446
-0.706,-3.878,9.384
-0.593,-3.498,9.585
-0.498,-3.429,9.628
-0.29,-3.484,9.649
0.151,-3.546,9.484
0.744,-3.089,9.53
0.883,-3.113,9.345
0.404,-3.673,9.211
-0.103,-4.01,9.561
-0.275,-3.409,9.932
0.225,-2.972,9.934
0.694,-3.441,9.022
0.299,-4.924,9.166
0.093,-4.555,8.857
1.263,-1.469,8.69
3.304,-0.132,8.417
3.74,0.924,7.64
0.462,2.192,10.956
0.888,3.065,10.393
2.05,5.005,10.654
2.534,5.489,9.577
3.177,3.886,8.396
3.412,2.409,7.864
3.132,5.419,8.245
4.558,7.077,7.565
5.355,6.249,6.513
5.302,5.501,5.666
4.96,6.01,6.395
4.761,7.302,7.187
4.393,7.379,7.587
3.089,6.833,7.649
2.201,7.843,8.123
1.869,7.393,8.144
1.282,6.08,9.314
0.572,5.058,11.145
-1.335,4.067,10.109
-1.388,3.909,6.998
0.316,3.409,5.534
-0.763,3.168,5.115
-1.4,-0.105,6.525
-1.792,-1.129,10.527
1.943,10.53,11.236
1.936,-6.692,3.919
1.189,9.783,5.792
1.352,8.922,6.537
5.168,4.029,5.709
8.539,2.137,4.814
6.821,4.835,7.362
4.197,6.374,9.331
6.118,2.472,7.776
8.848,-0.835,6.199
8.254,2.29,7.185
6.321,6.422,9.719
5.783,6.24,10.178
5.883,3.764,9.345
4.888,3.266,7.833
5.603,2.699,6.407
5.984,-1.512,7.151
0.012,-2.845,10.903
1.285,-1.849,9.355
4.814,0.328,8.207
4.587,0.775,7.08
4.441,-0.187,7.194
3.134,1.132,8.544
4.139,2.682,9.123
5.211,2.184,8.384
5.304,0.251,8.427
5.0,0.11,9.307
5.307,0.967,9.293
5.981,-0.086,7.84
5.699,-2.338,9.123
4.213,-2.199,9.86
4.596,-1.9,9.29
5.395,-2.598,7.931
5.759,-2.713,7.51
3.986,-3.11,8.247
4.565,-3.381,8.788
4.371,-4.508,7.915
5.343,-3.441,6.656
3.819,-5.596,6.297
4.699,-4.053,7.362
4.73,-3.747,6.453
4.374,-5.077,7.393
4.273,-6.8,6.218
3.943,-6.965,7.082
3.247,-6.601,7.441
3.472,-7.357,7.216
3.634,-7.45,7.659
4.218,-8.678,7.862
4.063,-6.69,7.398
4.23,-7.345,7.187
3.847,-8.608,6.826
3.225,-8.465,7.259
3.189,-8.427,7.211
3.161,-6.115,6.108
2.208,-14.095,3.359
1.711,-14.021,7.293
3.697,-8.427,2.617
3.249,0.998,13.92
0.993,-17.466,4.278
2.84,-12.169,1.749
3.761,0.809,12.915
2.809,-7.003,7.063
2.381,-8.855,7.62
2.474,-8.357,6.943
2.742,-8.125,7.216
2.924,-8.118,7.168
2.83,-8.025,7.151
2.283,-7.561,7.242
2.151,-7.443,7.245
2.402,-7.312,6.857
2.316,-7.73,7.027
1.462,-7.893,7.214
1.507,-8.475,7.01
2.383,-7.649,6.481
2.285,-7.769,6.572
1.864,-8.381,6.766
2.034,-8.553,6.752
2.213,-7.759,6.654
1.895,-8.015,6.941
1.467,-8.034,6.594
2.249,-7.228,6.393
1.39,-7.592,7.19
1.885,-8.025,6.474
1.593,-7.52,6.632
2.024,-6.637,6.728
2.094,-5.855,7.41
2.17,-5.376,7.417
1.407,-5.824,7.23
1.33,-5.697,7.939
1.541,-4.754,8.022
1.598,-4.369,8.13
0.986,-3.211,8.309
2.371,-3.115,7.886
1.299,-2.318,8.276
1.593,-3.625,7.242
1.833,-3.414,6.13
0.512,-3.924,7.24
-1.328,-3.084,7.484
-1.476,-2.55,7.558
-1.139,-1.471,7.558
-2.84,-5.01,6.869
-4.309,-6.948,5.541
-4.221,-6.898,4.847
-5.328,-6.446,5.572
-6.304,-6.398,5.953
-6.135,-5.024,5.716
-6.426,-4.01,5.046
-6.113,-3.603,4.326
-8.369,-4.151,4.165
-9.154,-4.74,4.027
-9.633,-3.254,3.247
-1.854,-3.84,1.005
-9.747,-1.792,3.749
-12.563,-6.994,3.297
-9.432,-8.819,2.314
-7.407,-7.331,4.579
-14.004,-0.656,6.099
-12.3,-5.654,7.489
-11.554,-5.084,5.785
-8.037,-8.046,6.699
-12.74,-7.037,5.898
-11.566,-6.515,5.273
-12.15,-5.245,6.319
-15.456,-3.718,4.548
-12.91,-4.838,3.933
-10.341,-4.098,3.316
-7.192,-5.115,3.149
-8.154,-6.355,2.158
-7.388,-6.474,1.567
-6.515,-4.539,0.931
-6.01,-3.768,0.687
-5.967,-3.637,-0.024
-5.989,-4.017,-0.199
-6.51,-2.981,-0.1
-6.706,-1.531,-0.002
-7.027,-0.531,0.392
-8.015,-0.742,-0.122
-7.963,0.627,-0.218
-7.826,0.773,-0.388
-9.223,0.256,-1.201
-10.003,0.184,-2.361
-8.408,-0.648,-2.682
-7.462,-0.301,-3.003
-7.886,-0.462,-2.491
-9.982,-1.39,-2.129
-9.219,-1.55,-2.866
-9.484,-1.524,-2.663
-9.558,-0.632,-2.534
-10.149,0.093,-2.127
-10.494,-1.163,-2.991
-10.006,-2.28,-2.976
-11.547,-2.617,-3.12
-11.367,-2.996,-3.409
-11.803,-3.761,-3.22
-11.472,-4.744,-3.304
-11.102,-5.249,-3.543
-10.513,-5.524,-3.926
-10.57,-7.204,-4.534
-10.642,-7.395,-4.599
-9.467,-7.357,-4.517
-9.262,-8.029,-4.878
-9.31,-8.965,-5.362
-9.637,-9.19,-5.532
-8.821,-8.647,-5.029
-8.341,-8.568,-5.032
-7.974,-10.147,-4.953
-8.333,-11.114,-4.862
-7.683,-10.015,-4.417
-7.063,-9.369,-3.962
-5.824,-10.197,-3.627
-6.118,-11.812,-3.321
-5.07,-10.834,-2.23
-4.816,-10.384,-1.536
-3.469,-10.69,-0.431
-2.503,-11.401,0.024
-2.041,-11.501,0.498
-2.543,-10.697,1.555
-1.948,-10.051,2.584
-1.579,-10.322,3.189
-1.0,-10.276,3.642
0.038,-10.092,3.22
-0.682,-8.302,4.386
-0.842,-8.073,5.498
-0.471,-7.831,6.319
-0.115,-6.577,7.029
-0.172,-5.969,8.501
-0.395,-5.639,9.073
-0.055,-4.811,9.506
-0.148,-4.376,9.4
1.919,-2.539,9.054
1.436,-1.893,7.97
0.94,-0.17,7.101
1.852,0.909,6.95
-0.933,-0.122,7.934
0.077,2.589,8.719
0.952,5.852,8.345
2.771,4.369,7.831
-0.05,0.959,6.381
0.782,1.333,7.628
3.393,2.115,7.649
5.96,1.83,5.804
4.886,3.051,8.503
3.866,1.926,11.704
1.914,-3.003,11.872
4.778,0.562,12.752
4.347,-2.381,6.84
4.096,-0.421,7.671
-8.532,-1.282,8.786
-5.582,-1.244,9.204
-9.097,-3.601,9.841
-3.266,0.687,6.795
-3.749,-3.196,8.333
-4.522,-3.168,8.79
1.546,-0.737,8.537
-10.671,-0.397,8.142
-7.989,-2.412,6.788
-5.881,-3.048,8.235
-2.555,-1.467,9.841
-6.362,-1.311,9.726
-5.096,-1.361,9.987
-6.422,-1.318,10.671
-5.163,1.17,11.011
-5.106,-1.483,8.805
-4.862,-0.258,10.111
-5.079,-1.426,9.69
-5.271,-1.811,9.606
-7.046,-1.818,9.221
-5.503,-1.378,9.972
-4.441,-1.522,9.85
-4.319,0.072,10.075
-4.744,-1.029,9.688
-5.453,-2.227,9.377
-4.675,-1.742,9.233
-4.481,-1.426,9.307
-4.376,-0.746,9.042
-4.043,-1.873,8.845
-4.41,-1.694,9.058
-4.405,-1.342,8.97
-4.819,-1.146,8.733
-4.85,-1.605,8.616
-5.95,-0.706,8.388
-4.716,-1.024,8.623
-4.189,-0.335,8.97
-4.838,-1.218,8.752
-4.45,-1.122,8.47
-4.551,-0.993,8.759
-4.905,-1.16,8.798
-3.842,-1.117,9.185
-3.754,-1.225,9.487
-4.761,-2.261,9.104
-4.754,-1.684,9.252
-4.646,-1.498,9.47
-4.142,-1.507,9.568
-5.075,-2.01,9.068
-1.648,-2.507,8.388
-4.197,-1.699,8.814
-4.871,-1.467,9.613
-4.63,-1.591,9.252
-4.149,-1.56,9.601
-3.898,-1.529,9.355
-4.79,-1.01,9.635
-4.419,-1.538,9.711
-4.302,-1.177,9.53
-4.424,-0.864,9.532
-4.481,-0.852,9.508
-4.642,-0.842,9.501
-4.302,-1.089,9.144
-4.546,-1.385,9.032
-4.252,-1.395,8.987
-4.113,-1.524,9.42
-4.13,-1.909,9.233
-3.96,-1.66,9.386
-3.866,-1.878,9.745
-3.962,-2.168,9.644
-3.876,-1.462,9.939
-4.165,-1.962,9.877
-4.158,-1.062,9.975
-3.864,-0.981,9.877
-4.201,-1.318,9.814
-4.118,-0.974,9.874
-4.441,-1.4,9.594
-4.343,-1.536,9.53
-4.264,-1.433,9.458
-4.17,-1.235,9.484
-3.986,-0.957,9.64
-3.967,-1.187,9.652
-3.943,-1.215,9.403
-4.596,-2.05,9.764
-4.204,-1.498,10.113
-4.0,-1.895,9.922
-3.89,-0.878,10.168
-3.661,-1.555,9.912
-3.517,-1.337,9.994
-3.919,-2.194,9.427
-3.673,-1.258,10.188
-3.742,-1.189,10.044
-3.656,-1.134,10.104
-3.866,-1.354,10.073
-3.555,-0.842,10.257
-3.646,-1.134,10.073
-3.797,-1.742,10.13
-3.505,-1.845,9.893
-3.596,-1.79,9.577
-3.462,-1.687,9.802
-3.24,-1.491,9.707
-3.228,-1.177,9.558
-3.311,-1.725,9.173
-3.273,-1.72,9.302
-2.902,-1.27,8.716
-2.933,-1.282,8.637
-2.55,-1.196,8.391
-2.778,-1.381,8.065
-2.902,-1.263,8.085
-3.122,-1.225,8.053
-3.177,-1.361,7.733
-2.909,-1.632,7.934
-2.943,-2.146,7.864
-2.78,-2.28,7.589
-3.084,-1.969,7.838
-2.783,-2.694,7.836
-2.9,-2.754,8.345
-1.165,-2.895,8.819
1.318,-2.426,8.984
0.419,-2.101,8.513
0.352,-1.943,8.082
1.05,-1.263,7.797
0.268,-1.381,8.058
-0.01,-0.715,8.9
-2.833,-1.345,9.819
-6.302,-2.077,10.987
-8.886,-2.003,14.236
-5.704,-3.06,12.74
-4.484,-1.062,13.599
-3.007,-3.103,13.291
-4.039,-0.756,12.365
-5.505,-3.084,11.181
-4.211,-2.077,11.439
-4.898,-1.976,11.042
-4.558,-2.914,10.235
-4.087,-1.421,10.109
-3.814,-1.632,10.125
-4.345,-1.144,10.03
-4.39,-0.627,9.743
-4.28,-1.634,10.838
-3.728,-1.725,10.63
-3.694,-2.046,10.654
-3.924,-2.144,10.219
-3.785,-1.95,9.714
-3.24,-2.596,9.807
-3.11,-1.782,10.281
-3.118,-1.199,10.58
-3.362,-1.416,10.068
-3.531,-1.299,9.934
-3.249,-0.971,10.128
-3.146,-1.773,9.743
-3.132,-1.44,10.066
-3.321,-1.828,9.589
-3.098,-1.601,9.709
-3.082,-2.11,9.609
-2.806,-1.768,9.747
-2.625,-1.914,9.64
-2.589,-2.235,9.606
-2.196,-1.916,9.532
-2.572,-2.254,9.778
-2.859,-1.73,9.642
-2.488,-1.591,9.549
-1.928,-1.828,9.099
-1.759,-1.66,9.01
-1.835,-1.187,8.841
-1.9,-1.038,8.477
-1.818,-1.385,8.329
-1.426,-1.474,7.953
-1.562,-2.091,7.544
-2.01,-2.579,7.18
-2.084,-1.967,7.242
-2.364,-2.034,7.711
-1.89,-2.086,7.888
-2.457,-2.426,8.527
-2.455,-2.888,9.058
-2.531,-3.213,9.161
-0.754,-2.988,9.302
1.926,-2.94,9.154
1.589,-3.383,9.025
2.893,-2.862,8.805
2.208,-3.134,8.632
2.046,-2.414,8.326
1.921,-1.835,8.79
-0.892,-2.141,9.377
-4.682,-2.962,10.023
-5.326,-3.364,10.602
-4.165,-2.799,10.939
-3.17,-2.656,13.03
-3.869,-2.498,12.276
-3.161,-3.07,12.42
-3.481,-2.483,12.106
-3.96,-2.744,11.31
-3.338,-2.345,11.35
-3.479,-2.95,11.082
-2.737,-3.24,11.058
-3.036,-2.101,10.659
-2.713,-2.637,10.276
-2.562,-1.771,10.424
-2.361,-2.483,10.159
-2.574,-2.299,10.405
-2.909,-2.194,10.305
-2.687,-1.967,10.13
-2.732,-2.117,10.006
-2.369,-1.821,9.975
-2.548,-2.204,9.994
-2.393,-2.031,10.125
-2.28,-2.421,10.185
-2.483,-1.883,10.776
-2.22,-1.991,10.872
-2.055,-2.005,10.747
-2.287,-2.338,10.714
-2.244,-1.904,11.176
-1.943,-1.904,11.264
-1.689,-1.668,11.286
-2.35,-2.043,10.728
-1.486,-1.747,10.247
-1.861,-2.306,9.922
-1.515,-1.826,9.659
-1.586,-1.651,10.097
-1.579,-1.505,10.585
-1.325,-1.378,11.52
-0.689,-1.163,11.535
-1.079,-5.008,8.544
-1.945,0.945,10.917
-3.424,8.508,12.451
1.232,12.394,19.605
0.065,-4.295,3.034
-1.72,-6.848,5.288
-1.258,-4.12,6.852
0.249,-1.579,6.106
1.366,-3.019,5.209
-0.634,-6.556,3.79
-0.148,-4.948,4.823
1.101,-0.639,4.742
0.426,-0.371,6.63
1.381,-2.821,7.056
-0.225,-0.605,7.766
1.565,0.328,9.326
5.821,-1.055,9.173
6.513,0.938,9.051
2.266,1.105,9.216
4.06,-1.297,8.408
3.158,-1.816,8.625
1.622,-2.115,9.788
2.077,-2.558,8.087
-3.993,-1.775,12.068
-3.871,-4.438,11.312
-1.05,-2.701,12.618
-0.919,-2.251,12.774
-0.651,-3.455,12.044
-1.424,-3.452,11.049
-0.378,-2.271,12.592
-0.723,-3.46,12.417
-0.924,-4.488,13.02
-1.223,-4.077,12.185
-1.433,-4.941,12.36
-1.062,-5.771,11.769
-0.232,-7.108,12.083
0.156,-7.91,10.963
0.986,-6.721,10.848
1.134,-7.529,10.133
2.373,-7.06,10.47
1.493,-8.278,9.982
1.069,-7.783,9.97
0.902,-7.458,9.767
0.921,-7.747,9.848
1.778,-7.06,9.728
1.043,-6.766,8.857
1.804,-5.245,8.635
1.258,-6.075,8.443
2.455,-5.41,8.092
3.139,-5.737,6.946
3.732,-4.869,6.45
4.008,-3.24,6.264
3.912,-3.924,5.737
3.967,-2.436,5.453
4.364,-2.043,4.977
4.12,-3.426,3.821
3.177,-3.914,3.594
3.943,-4.173,2.969
2.402,-4.393,3.438
1.558,-4.773,3.785
0.84,-5.718,4.158
2.232,-6.711,2.926
0.773,-7.764,2.651
3.283,-8.888,1.017
1.409,-9.369,2.074
2.438,-8.175,2.512
3.29,-6.379,3.371
2.873,-6.127,4.168
2.158,-5.23,4.051
2.187,-7.321,3.993
1.615,-6.254,3.919
0.622,-8.14,4.515
1.163,-6.233,3.601
1.041,-5.539,3.201
-0.668,-5.843,3.17
-1.11,-3.141,4.977
-0.78,-2.943,5.206
-1.215,-3.33,5.333
-2.428,-3.685,5.367
-2.955,-2.893,6.721
-4.709,-3.216,5.668
-3.031,-0.828,5.596
-4.256,-3.397,6.34
-5.371,-4.646,5.544
-6.869,-3.62,5.587
-6.821,-3.273,4.383
-8.252,-4.228,4.96
-6.831,-2.199,5.06
-10.822,-3.797,6.58
-8.91,-2.244,4.701
-9.908,-3.165,3.895
-9.893,-2.902,3.096
-10.503,-3.924,1.292
-10.805,-0.885,0.967
-11.243,-0.328,0.423
-10.08,-4.565,1.165
-15.04,-3.034,1.744
-12.212,-3.89,3.366
-13.475,-1.51,2.795
-13.073,-2.354,3.72
-12.214,-1.172,3.842
-11.992,-1.912,1.9
-11.594,-3.622,2.409
-17.117,0.56,2.67
-15.109,-0.325,2.835
-15.298,-2.969,2.151
-16.956,-1.17,0.467
-20.303,2.907,-1.9
-18.693,1.321,-0.129
-18.82,1.342,-2.376
-17.786,1.007,-5.812
-18.911,2.878,-4.867
-49.28,18.72,9.472
-19.949,4.871,-6.393
-18.442,2.673,-4.438
-20.902,-3.811,-4.807
-16.365,0.234,-4.503
-12.939,-0.412,-2.787
-11.585,-0.368,-4.053
-11.171,1.318,-4.149
-8.876,2.297,-4.35
-9.601,4.481,-4.453
-10.135,3.321,-5.546
-8.317,1.904,-5.697
-7.214,7.781,-8.209
-5.402,2.534,-9.046
-10.68,3.175,-10.891
-10.453,1.96,-11.047
-6.462,1.304,-10.013
-7.252,4.761,-8.74
-8.278,5.28,-7.398
-9.372,2.78,-6.601
-8.123,4.96,-6.206
-5.264,6.769,-4.938
-4.029,6.938,-5.077
-4.288,7.52,-3.589
-7.07,7.63,-2.646
-1.474,4.991,-1.517
-5.761,5.785,0.014
-3.591,5.24,0.301
-4.249,5.575,0.675
-4.673,7.185,2.443
-4.993,7.977,2.773
-2.479,15.313,3.565
-3.479,10.477,0.428
-7.891,6.534,4.733
-13.367,6.886,2.582
-12.776,7.06,3.725
-13.241,8.029,2.495
-14.925,7.494,1.608
-14.822,7.584,0.766
-14.719,7.087,-1.967
-13.468,5.462,-4.17
-12.958,4.225,-5.661
-13.224,3.919,-6.73
-15.468,4.115,-7.845
-20.643,4.929,-10.563
-18.966,4.575,-9.628
-13.453,7.003,-7.087
-9.484,9.274,-5.297
-2.909,11.678,3.194
-2.625,10.121,6.477
-1.574,11.111,5.113
-1.318,10.465,6.357
-0.852,6.108,5.883
-1.23,5.367,5.737
-10.592,8.149,5.209
-8.86,8.678,3.73
-10.735,9.252,2.594
-13.86,8.092,1.565
-12.951,8.671,0.297
-10.054,8.283,0.476
-10.594,4.216,-0.084
-9.994,4.807,-0.404
-10.542,5.029,-1.089
-10.42,5.367,-4.075
-10.604,7.324,-5.168
-9.451,8.037,-7.022
-11.771,8.597,-6.192
-5.46,7.58,-6.513
-9.999,9.094,-7.07
-18.399,10.867,-6.582
-29.847,7.484,4.465
-3.333,5.338,-5.993
-13.13,7.874,-5.74
-4.477,6.807,-1.038
-5.335,2.266,-2.5
-6.486,4.005,-4.768
-6.699,7.986,2.878
-6.584,7.666,-0.902
-13.066,6.34,2.751
-8.915,6.429,4.46
-8.278,7.331,9.353
-5.792,10.96,15.475
-7.317,15.942,11.408
-11.19,10.936,5.955
-10.587,7.766,8.305
-5.912,2.402,8.486
-2.302,11.255,7.147
-5.087,6.601,6.436
-6.711,4.718,6.776
-2.885,2.751,7.924
-5.821,4.914,10.214
-2.967,5.599,8.108
-3.201,4.29,7.862
0.715,-0.242,4.943
-2.641,-4.223,4.369
-4.386,-5.536,6.065
-0.481,-2.948,4.876
-2.122,-2.878,7.594
-4.663,-5.513,7.915
-4.436,-6.438,7.953
-4.388,-6.12,7.293
-3.57,-7.08,7.247
-3.737,-6.68,7.383
-3.603,-4.474,7.491
-4.01,-4.651,7.357
-4.225,-7.898,7.893
-3.831,-7.735,7.86
-2.826,-6.446,9.032
-3.658,-5.242,8.352
-3.474,-6.048,7.991
-3.232,-7.47,7.888
-3.029,-6.989,7.85
-3.187,-6.522,7.491
-3.644,-5.716,7.096
-3.472,-6.424,6.795
-3.129,-7.223,6.893
-2.668,-6.223,7.24
-2.577,-5.493,6.558
-3.304,-4.417,7.45
-3.4,-4.642,7.104
-3.027,-4.632,7.412
-2.689,-4.575,7.125
-3.299,-4.381,6.862
-3.472,-3.565,6.505
-3.551,-3.232,6.022
-3.828,-3.345,5.699
-4.29,-3.531,5.699
-4.462,-2.395,6.048
-5.178,-1.541,6.197
-5.871,-2.184,6.328
-6.594,-1.218,6.175
-7.166,-1.397,6.58
-7.336,-0.919,6.008
-7.352,-0.794,5.015
-8.965,-0.818,1.83
-8.427,-1.737,1.486
-9.546,-1.388,0.634
-10.702,-0.653,-0.048
-13.475,-1.488,1.589
-32.843,2.39,31.336
-23.689,-2.4,1.27
-17.796,-0.797,4.055
-13.82,-1.438,5.029
-15.793,-0.175,2.952
-17.181,-1.096,2.0
-18.356,-0.553,1.031
-19.11,0.012,1.12
-21.935,1.029,0.297
-23.509,-3.491,-2.55
-21.277,-5.149,-1.981
-20.205,-0.024,-2.802
-21.112,-2.768,-0.773
-21.004,-5.197,-0.165
-19.662,-2.163,2.328
-19.131,-4.022,3.189
-17.152,0.153,2.022
-12.494,1.95,-0.644
-13.863,-0.921,-2.053
-10.872,-0.912,-0.352
-12.023,-1.261,-5.826
-9.845,3.185,-7.422
-13.578,2.407,-7.671
-12.65,-1.909,-4.768
-12.367,-1.273,-4.759
-12.992,2.864,-6.154
-12.339,2.617,-5.323
-9.767,0.706,-2.548
-7.723,3.369,-2.177
-11.068,2.529,0.287
-6.666,3.493,0.201
-6.651,4.146,1.567
-4.036,6.214,2.046
-4.603,3.553,2.72
-3.086,6.938,2.96
-2.347,7.25,0.775
-3.01,9.298,0.699
-4.247,6.163,1.077
-1.426,11.106,0.864
-2.546,11.403,2.393
-5.326,8.979,4.555
-7.025,5.012,4.113
-12.721,6.828,4.072
-12.102,8.936,3.244
-14.533,8.955,4.376
-15.025,7.793,2.826
-15.643,7.434,1.744
-14.999,6.864,0.17
-14.241,6.46,-0.864
-12.793,6.501,-2.972
-12.726,5.685,-4.362
-13.765,6.137,-6.537
-13.319,6.273,-9.9
-12.453,7.628,-7.183
-7.931,11.068,-7.18
-10.276,11.133,-4.926
-8.135,5.824,-6.197
-4.276,3.665,-6.197
-5.134,5.96,-5.441
-3.732,2.615,-4.12
-2.909,2.35,-3.496
-1.385,6.025,-0.983
0.321,6.424,-0.165
-2.395,9.678,1.244
-6.843,11.994,-0.474
-7.027,5.271,-0.328
-9.896,2.907,5.656
-5.142,4.378,2.158
-12.154,3.338,6.448
-10.554,9.408,12.133
-9.245,10.18,6.45
37.93,13.492,-0.376
-3.527,7.661,6.898
-10.334,7.242,8.087
-3.62,9.489,7.293
-3.161,7.214,8.532
-4.962,4.905,6.86
-7.85,2.268,8.283
-3.969,4.749,8.812
-0.684,6.903,7.522
-0.402,4.85,7.419
-5.029,-1.125,8.142
-9.008,-2.833,11.58
-6.393,-4.797,8.14
-3.015,-1.936,9.054
-3.898,-2.105,10.171
-1.438,-4.677,13.221
-3.127,-6.063,8.168
-2.929,-6.675,8.68
-3.034,-5.871,9.621
-3.232,-5.484,8.975
-3.374,-5.319,8.592
-2.854,-6.204,9.319
-2.251,-6.984,9.089
-3.199,-6.084,7.974
-2.802,-5.84,7.517
-3.309,-5.13,6.946
-3.082,-5.546,7.36
-2.213,-6.735,8.156
-3.115,-6.575,7.69
-3.196,-6.388,7.352
-2.28,-5.778,7.575
-2.529,-5.221,7.661
-3.189,-6.003,7.192
-2.775,-5.477,7.02
-2.519,-5.718,7.529
-2.936,-5.431,7.494
-3.007,-5.072,7.85
-3.457,-5.034,8.065
-4.292,-4.768,7.716
-3.972,-4.8,7.632
-3.357,-5.099,7.673
-3.261,-4.481,7.74
-4.161,-5.666,7.228
-4.256,-5.233,6.304
-4.878,-4.656,5.965
-4.685,-3.981,5.237
-4.4,-3.455,5.125
-3.752,-3.572,5.13
-3.909,-4.055,4.984
-5.814,-4.646,4.713
-6.438,-3.381,3.732
-6.23,-2.51,4.582
-7.379,-2.428,4.462
-7.711,-1.904,5.07
-6.974,-2.043,4.608
-6.261,-1.73,3.472
-10.757,-2.242,2.335
-12.685,-2.187,1.189
56.817,-2.417,-27.926
-25.4,-3.981,9.635
-24.919,-1.792,-9.527
-9.829,1.081,3.022
-18.157,-0.892,2.127
-15.176,0.065,2.165
-16.602,-0.931,1.385
-19.476,-0.837,-0.679
-21.174,0.715,-2.783
-23.139,-3.237,-4.302
-18.167,-6.537,-5.491
-22.457,1.73,-2.589
-20.617,-6.355,1.275
-21.732,-1.811,-0.227
-18.741,-3.448,2.309
-18.892,-4.8,0.912
-17.662,-3.424,1.589
-16.219,-2.237,0.012
-15.511,-2.5,-2.558
-12.228,2.531,0.203
-9.123,-0.435,-6.072
-16.049,0.258,-5.283
-9.288,-2.141,-6.118
-14.937,0.627,-7.245
-11.946,1.16,-5.807
-12.48,-0.701,-8.266
-11.243,-2.369,-3.476
-11.523,-0.12,-6.79
-10.642,-0.215,-3.302
-12.398,-3.661,-4.06
-11.661,0.294,-0.9
-7.407,0.51,0.952
-6.374,2.208,1.983
-5.278,4.304,3.146
-3.981,3.5,2.17
-2.778,6.809,1.809
-1.268,8.594,1.29
-2.55,9.716,1.589
2.421,9.963,2.524
-5.455,5.666,1.335
-2.141,10.714,1.058
-0.459,12.932,1.151
-5.754,7.35,2.481
-13.142,6.649,1.39
-20.308,15.442,1.596
-8.262,13.786,0.739
-9.374,9.388,-0.014
-12.41,6.685,0.026
-13.867,7.175,-0.921
-12.341,8.8,-1.395
-9.896,9.156,-2.546
-9.613,6.223,-3.062
-9.599,4.371,-3.362
-8.912,4.527,-4.8
-10.408,5.065,-5.115
-10.063,4.063,-6.615
-10.733,6.005,-4.386
-8.872,10.044,-4.795
-8.716,11.121,-3.125
-7.58,8.821,-4.249
-24.763,2.79,8.826
-6.513,4.785,0.668
-1.684,5.12,-0.519
-2.926,2.297,-0.682
-5.771,-0.603,-2.512
-6.862,2.22,-3.352
-11.171,7.458,-10.032
-6.757,9.336,-3.158
-12.138,9.171,2.699
-9.532,6.065,6.568
-4.618,-1.627,2.988
-7.446,4.448,10.68
-11.709,22.703,22.481
-7.537,9.353,17.294
-8.075,8.197,10.255
-6.23,9.848,10.128
-5.766,11.133,10.123
-6.47,11.726,3.433
-4.221,6.592,7.561
-5.663,3.649,8.125
-5.204,-0.29,8.558
-0.498,4.792,7.45
0.584,5.984,8.463
-0.273,1.464,9.494
-3.206,-1.967,8.498
-4.912,-1.043,7.649
1.369,0.029,8.86
-0.593,-0.136,7.74
-1.486,-2.153,7.718
-2.78,-2.792,7.955
-1.995,-2.515,7.998
-0.639,-2.663,8.242
-0.782,-2.888,7.108
-1.845,-3.665,6.572
-1.919,-3.192,6.261
-0.737,-2.297,5.821
-1.431,-1.979,6.156
-2.996,-3.603,5.879
-2.854,-5.079,3.945
-3.914,-2.964,3.041
-3.491,-3.189,2.242
-5.087,-2.23,2.402
-6.551,-3.819,3.699
-6.702,-3.019,4.625
-14.674,1.026,9.307
-11.939,1.546,3.902
-8.661,-2.194,4.546
-8.274,-1.605,3.969
-9.783,-0.089,3.118
-10.738,-1.787,2.072
-10.578,-0.737,2.921
-12.083,-1.603,3.074
-12.432,-3.082,4.055
-32.343,-0.991,2.177
-15.805,2.275,3.23
-16.119,-1.122,3.053
-14.985,-2.335,4.151
-14.741,0.45,4.493
-16.143,1.235,4.788
-15.863,1.002,5.575
-13.59,-3.297,2.464
2.869,-0.847,-1.117
-18.167,1.105,-1.34
-14.482,-0.682,-0.852
-16.356,-1.857,0.244
-17.112,-3.0,-1.519
-20.77,-1.689,-2.981
-22.708,-0.61,-1.409
-16.853,2.144,-4.278
-16.102,1.361,-2.864
-19.112,1.979,-6.182
-15.332,5.881,-7.051
-16.418,-2.644,-7.209
-16.547,0.361,-2.986
-14.741,3.651,-3.263
-14.511,2.323,-4.735
-11.3,0.366,-4.608
-10.245,-0.995,-4.457
-9.52,-0.746,-4.094
-8.233,1.818,-4.022
-8.666,2.926,-5.929
-9.415,-0.766,-6.221
-8.24,-0.12,-7.57
-7.118,2.665,-8.465
-6.879,2.646,-8.659
-5.62,2.986,-8.896
-6.541,1.737,-7.797
-7.513,2.072,-9.068
-7.264,3.821,-8.348
-5.637,5.35,-7.886
-7.005,5.658,-7.333
-7.135,3.979,-6.297
-7.192,4.618,-6.405
-5.271,7.74,-5.173
-4.721,7.671,-3.132
-3.194,7.288,-2.936
-3.649,6.802,-2.125
-5.039,6.958,-2.424
-2.395,10.003,2.089
-7.764,9.597,1.175
-5.479,7.592,0.66
-4.522,10.712,0.904
-5.725,8.221,2.18
-5.048,13.276,0.354
-4.127,12.047,1.727
-5.785,6.182,2.275
-9.757,1.318,1.452
-12.212,-0.019,2.495
-15.095,0.991,2.704
-13.872,5.283,1.546
-18.77,5.685,-0.057
-15.87,7.596,-0.653
-14.044,6.697,-3.118
-13.083,5.826,-4.663
-13.382,4.673,-4.522
-13.305,3.575,-5.979
-13.597,2.835,-8.697
-1.854,4.752,-7.338
-14.985,1.663,-7.307
-14.676,5.393,-5.807
-13.329,10.52,-7.13
-9.317,7.884,-1.184
-40.061,-0.739,26.536
-9.939,6.57,0.995
-7.053,-0.378,3.531
-9.324,1.285,7.764
-7.194,5.859,0.849
-7.833,10.881,-4.201
-10.884,11.791,-3.259
-13.224,7.965,3.594
-11.166,0.0,6.072
-9.81,2.725,7.498
-14.466,3.809,9.7
-8.252,8.998,9.549
-5.706,5.417,9.7
-10.795,2.778,11.594
-10.477,8.35,9.783
-6.29,-2.68,12.807
-6.903,6.039,10.147
-3.421,5.981,8.352
-5.553,4.381,6.393
-3.273,0.467,7.793
-2.397,1.304,7.046
-4.443,3.213,7.778
-3.835,-0.768,7.295
-4.577,-1.325,7.357
-4.639,-5.084,6.977
-5.192,-5.099,7.194
-2.452,-1.388,8.082
-14.82,-2.417,10.86
-3.586,-4.362,8.951
-4.917,-7.592,9.628
-4.74,-6.048,9.393
-4.711,-3.979,10.628
-2.936,-1.981,9.429
-4.658,-2.754,8.91
-4.627,-6.599,9.9
-4.103,-5.644,9.738
-4.13,-5.515,8.855
-4.445,-3.697,8.178
-4.187,-3.598,8.563
-4.512,-4.795,8.219
-4.204,-5.469,9.082
-4.424,-5.405,8.58
-4.555,-4.737,7.742
-3.905,-4.996,7.465
-3.543,-5.465,8.269
-3.941,-4.888,8.757
-3.72,-4.953,8.879
-4.139,-4.343,8.637
-3.606,-4.357,9.075
-2.988,-4.34,9.168
-3.871,-3.799,8.247
-3.895,-2.139,7.628
-4.276,-1.72,6.893
-3.5,-2.39,5.809
-3.094,-2.409,6.02
-4.412,-2.352,5.675
-4.737,-1.409,5.19
-5.319,-1.44,5.044
-7.07,-2.239,5.082
-7.333,-2.273,4.656
-7.065,-0.694,3.854
-7.855,-1.053,3.627
-7.163,0.376,1.715
-11.14,-1.022,2.443
-11.257,-0.084,2.084
-11.75,-2.242,0.663
-11.817,-3.302,1.091
-12.348,-1.419,1.546
-14.006,0.541,2.306
-16.535,-0.249,1.89
-18.688,-3.11,0.782
-18.921,-2.95,1.263
-17.633,-1.902,1.553
-18.413,0.297,0.258
-20.923,-0.184,0.959
-21.655,-3.259,-1.794
-20.564,-5.209,-5.297
-17.865,-5.539,-0.811
-18.162,-3.017,-0.656
-20.021,-0.041,0.567
-21.256,-3.874,1.024
-17.463,-1.105,0.639
-13.791,-2.098,-0.156
-15.138,-1.314,-1.881
-13.523,-0.519,0.701
-14.841,2.419,-2.507
-14.604,-0.191,-2.713
-10.439,-2.78,-4.826
-13.48,3.548,-8.733
-14.233,-1.945,-6.656
-11.805,0.127,-7.465
-13.221,1.215,-10.259
-14.432,1.287,-8.628
-12.293,-1.72,-5.658
-12.267,1.201,-4.833
-4.118,6.412,5.027
-39.066,5.328,24.895
-20.942,3.847,-2.917
-5.058,-1.653,-16.593
-4.354,1.225,-1.744
-5.273,10.097,6.142
-10.972,10.494,3.208
-6.087,5.958,1.369
-4.991,5.302,2.943
-4.728,4.357,7.192
-4.945,6.769,6.199
-6.998,12.638,9.558
-9.941,6.594,8.989
-9.039,5.45,4.699
-11.212,5.541,6.046
-14.521,7.192,5.302
-17.351,8.943,5.35
-18.174,11.791,3.807
-11.599,8.18,-1.084
-15.071,3.043,-2.754
-12.133,0.103,0.584
-10.69,2.443,-1.95
-8.228,0.967,-3.804
-6.01,1.553,-4.783
-1.402,1.278,-4.512
-10.085,2.038,-3.457
-10.982,5.759,-2.687
-19.519,6.716,-4.972
-30.912,-1.79,2.998
-8.994,-0.916,-3.496
-12.157,3.883,-2.5
-0.414,7.163,-1.993
-12.477,4.548,-2.314
-12.451,2.082,-6.759
-9.085,8.412,-7.331
-6.838,7.97,-9.982
-11.295,7.699,-8.532
-10.415,11.678,-3.015
-8.994,7.037,1.771
-6.601,15.423,11.913
-13.123,17.487,4.469
-20.114,12.128,6.417
-13.281,7.596,1.634
-5.936,6.678,5.015
-5.575,11.453,3.656
-7.544,8.908,6.333
-5.558,3.744,3.828
-4.144,5.168,4.45
-5.266,4.773,6.572
-5.426,1.971,9.269
-3.342,1.567,6.673
-5.398,0.146,7.489
-4.709,-1.244,7.637
-3.984,-2.323,8.314
-3.211,-3.608,8.384
-4.905,-5.388,8.553
-4.39,-6.749,8.542
-7.089,-7.106,8.982
-5.733,-6.857,8.814
-3.924,-6.891,8.542
-5.627,-6.424,7.46
-5.998,-5.649,8.802
-6.505,-6.345,10.415
-3.46,-6.73,8.798
-4.517,-6.503,9.25
-4.316,-5.57,8.97
-4.84,-5.493,9.386
-4.278,-5.529,9.47
-4.223,-5.285,9.243
-3.809,-5.438,8.254
-3.991,-5.615,8.039
-4.895,-6.058,7.489
-4.185,-6.391,7.439
-4.144,-5.434,7.795
-4.055,-5.424,6.678
-4.283,-5.981,6.348
-4.252,-6.592,7.558
-5.869,-7.204,6.941
-3.208,-4.974,6.836
-4.288,-4.008,6.245
-4.247,-3.742,6.173
-4.943,-3.716,5.4
-5.249,-3.484,4.345
-5.402,-2.223,4.84
-5.352,-0.926,5.907
-6.649,-0.778,4.85
-8.501,-1.617,3.455
-8.874,-2.768,1.895
-8.64,-3.163,-0.493
-9.776,-4.627,-1.634
-8.223,2.318,-2.132
-18.088,1.314,0.11
-13.516,3.06,0.266
-19.452,2.708,1.184
-18.782,-0.12,0.658
-17.344,1.069,-1.127
-18.33,-1.675,-0.1
-16.32,-0.802,-2.096
-17.205,-2.189,-2.055
-21.038,-2.483,-3.433
-21.1,-3.412,-4.472
-19.732,-8.544,-2.194
-20.05,-5.912,-2.125
-18.502,-7.013,-2.974
-19.801,-6.357,-2.706
-18.09,-3.965,-0.134
-14.427,-3.244,0.663
-14.745,-0.526,0.67
-16.849,1.05,-1.438
-13.769,-2.141,-2.775
-12.449,1.613,-3.931
-12.604,1.397,-6.733
-13.04,-0.813,-4.599
-11.07,-2.507,-3.565
-13.159,-1.455,-4.859
-11.575,1.955,-2.957
-13.501,4.658,-4.651
-13.111,-1.632,-4.993
-12.188,-2.976,-3.208
-9.654,2.778,-0.536
-8.707,5.321,0.672
-12.659,1.223,1.909
-10.869,4.13,1.235
-6.24,7.139,1.919
-4.78,5.541,1.826
-3.993,7.931,3.122
-2.242,10.075,3.295
-8.13,2.395,0.766
2.182,6.879,0.246
-5.52,1.014,2.742
-6.759,6.003,2.924
-4.56,11.494,4.122
-5.056,8.175,4.61
-2.72,4.118,3.206
-8.704,5.74,4.632
-7.18,13.09,4.505
-9.489,8.412,6.242
-12.03,6.348,3.517
-18.212,6.438,3.541
-18.952,5.654,2.996
-17.274,5.79,-0.019
-14.54,6.513,-1.754
-13.157,6.553,-2.976
-12.42,6.202,-3.488
-13.604,6.517,-3.141
-11.913,6.659,-2.857
-13.257,6.807,-3.505
-9.812,8.699,-3.304
-9.589,10.948,-3.175
-14.652,8.637,2.005
-4.814,4.802,-0.388
-14.451,-5.158,3.718
-12.396,-1.0,4.276
-10.858,-4.268,6.063
-14.461,-5.843,4.216
-9.286,2.974,2.074
-10.834,3.85,1.373
-11.774,4.443,-0.995
-12.181,6.214,0.88
-11.173,4.199,5.757
-12.958,5.752,5.142
-11.245,4.811,9.025
-5.711,5.218,8.381
-6.465,5.328,8.12
-5.063,4.699,10.846
-5.362,2.596,13.401
-5.924,9.814,12.212
-2.481,8.345,9.305
-4.658,6.639,7.934
-5.824,5.589,8.96
-4.481,5.776,7.91
-3.359,2.795,4.737
-4.984,0.529,5.457
-4.639,1.78,8.419
-3.675,-0.033,5.266
-3.718,-2.034,6.656
-3.496,-3.986,6.235
-1.428,-3.144,6.735
-1.357,-2.61,8.19
-2.948,-2.976,8.192
-4.053,-3.598,6.855
-4.008,-4.713,6.828
-2.024,-3.871,7.154
-3.5,-3.175,6.357
-2.519,-3.421,4.922
-2.61,-4.414,4.118
-1.943,-4.094,3.51
-5.065,-4.173,4.52
-9.525,-3.73,4.259
-6.96,-2.311,6.046
-5.529,-3.467,3.553
-5.718,2.156,2.259
-9.125,2.314,4.95
-8.826,-0.849,2.876
-12.958,-7.63,3.764
-9.353,-0.11,1.555
-11.958,-1.349,2.773
-13.111,-0.282,3.082
-12.616,-2.917,3.019
-14.537,-2.919,2.254
-13.097,-3.041,1.448
-13.052,-5.307,0.555
-14.707,-3.314,1.826
-13.762,-3.295,1.014
-16.346,-5.649,0.546
-16.48,-6.828,2.503
-18.636,-2.072,2.567
-15.604,-0.239,2.192
-2.302,2.713,0.703
-19.389,-5.608,-0.349
-15.887,1.732,-0.825
-15.363,-2.847,-1.187
-18.983,-1.852,-2.921
-15.58,1.677,-4.266
-15.935,1.158,-3.929
-13.86,3.649,-4.465
-17.174,-0.385,-5.484
-18.617,0.703,-8.276
-15.497,-0.084,-6.759
-15.289,-0.12,-7.594
-16.863,-1.763,-7.216
-16.631,1.907,-6.613
-10.707,2.259,-5.012
-12.245,-1.292,-6.58
-11.087,-3.354,-6.666
-9.979,0.864,-6.331
-7.596,0.33,-3.814
-5.613,1.318,-6.237
-8.037,1.431,-5.962
-6.328,-0.014,-6.723
-7.238,0.177,-6.876
-6.493,1.948,-7.64
-4.962,4.106,-10.073
-5.125,3.297,-11.049
-5.235,2.969,-10.992
-6.247,3.314,-9.979
-5.209,3.692,-9.63
-6.149,4.048,-8.156
-5.618,5.048,-6.8
-5.898,5.651,-5.969
-5.45,8.807,-5.737
-3.96,9.321,-5.685
-4.505,8.037,-2.85
-5.319,9.243,-2.804
-5.704,6.941,-1.818
-6.934,5.539,0.16
-6.642,4.967,3.527
-4.766,6.592,3.771
-6.07,7.082,2.019
-7.381,9.415,5.843
-6.312,8.898,5.546
-5.759,7.912,5.575
-8.061,5.484,4.036
-12.587,4.161,5.046
-15.937,3.644,2.436
-19.712,4.481,1.603
-20.77,7.58,0.23
-18.38,9.472,-1.378
-16.624,8.742,-4.599
-16.171,5.146,-6.398
-16.49,3.144,-6.738
-13.75,4.323,-8.221
-14.817,4.433,-5.673
-15.982,3.953,-4.943
-16.729,5.139,-5.13
-14.796,7.831,-6.18
-1.306,12.473,-3.414
-7.628,7.482,-3.208
-3.582,0.347,-0.701
-9.771,-2.546,0.79
-10.044,-0.761,-0.373
-10.092,0.904,-2.029
-9.403,5.95,-7.74
-6.706,10.111,-6.73
-13.458,6.601,-1.428
-17.765,2.309,-0.349
-13.226,14.693,1.847
-13.111,23.225,2.23
-13.836,14.674,3.658
-13.76,10.896,3.551
-11.252,9.36,4.28
-3.017,12.379,1.337
-5.297,10.74,4.242
-6.723,6.828,3.445
-6.874,2.725,4.661
-4.323,-0.864,6.29
-7.943,0.708,7.137
-8.733,1.51,6.51
-5.56,2.381,7.094
-4.587,-1.443,7.314
-5.632,-2.996,4.701
-5.826,-1.591,4.522
-5.606,1.493,2.799
-7.149,1.378,2.366
-7.759,-1.727,1.782
-9.197,-2.249,1.134
-10.133,-2.653,1.148
-10.099,-2.12,0.179
-12.535,-1.675,-0.012
-13.169,-1.651,-0.416
-15.167,-3.39,-1.89
-13.241,-0.486,-0.428
-18.478,-3.232,-0.072
-24.459,-8.606,3.89
-21.361,-0.373,-0.187
-18.174,7.092,-0.852
-20.277,2.211,2.007
-19.193,1.983,-2.428
-20.308,-3.443,-3.618
-8.783,1.314,0.017
-20.858,-4.438,-4.268
-19.823,-6.922,-5.206
-23.218,-8.479,-0.452
-18.334,-3.108,-2.981
-18.533,-2.761,-3.275
-16.315,-0.038,-4.445
-16.549,-4.235,-3.158
-14.288,-1.749,-3.725
-13.233,0.443,-3.508
-12.934,0.024,-2.821
-12.193,3.498,-1.294
-12.606,-1.967,-1.859
-13.358,-0.146,-1.656
-11.465,-2.433,-2.713
-12.224,-2.244,-2.728
-8.647,3.137,-3.909
-5.558,1.694,-4.027
-7.912,2.146,-5.914
-6.601,2.706,-6.836
-5.548,3.108,-8.075
-5.649,3.469,-8.704
-3.991,4.924,-8.185
-5.443,5.161,-7.484
-5.036,5.182,-7.427
-5.867,5.39,-8.156
-5.13,5.556,-6.938
-3.388,7.412,-5.065
-4.517,6.623,-4.57
-3.831,5.132,-2.823
-3.878,4.733,-2.912
-3.357,3.388,-2.582
-2.074,3.965,-0.792
-1.062,3.895,1.44
-3.283,0.359,2.486
2.72,5.462,1.782
3.828,5.785,2.055
4.271,6.108,2.584
4.615,7.57,3.005
2.058,4.986,6.034
4.252,7.855,0.569
6.359,6.754,2.397
3.036,2.483,2.888
4.821,-0.266,0.529
5.816,1.074,-0.072
5.828,5.412,-0.534
3.486,2.527,-5.326
3.955,2.534,-6.429
2.728,6.651,-5.658
6.924,10.228,-7.24
0.167,5.613,-6.527
0.49,2.823,-8.132
7.379,4.481,-11.992
-3.517,-1.031,-12.563
4.804,7.173,-11.652
-8.209,-11.123,-5.383
8.934,-2.582,-8.812
-0.677,-11.994,-10.482
1.151,-9.664,-9.539
-2.644,-7.147,-7.718
-3.247,-6.757,-5.041
-4.998,-12.243,-5.778
-2.165,-10.173,-6.809
-6.199,-11.415,-6.017
-1.014,4.785,8.991
-1.68,2.749,9.281
-1.699,1.701,9.585
-2.39,0.828,10.255
-2.862,5.178,8.166
-2.376,5.941,8.58
-2.565,3.158,8.781
-2.661,1.603,9.446
-3.354,2.053,8.049
-2.058,5.111,7.168
-0.739,5.761,6.989
-1.081,3.816,7.745
-1.416,2.72,7.876
-0.505,4.677,6.881
-1.871,5.529,7.62
-1.646,4.091,9.329
-0.699,3.297,9.484
2.127,4.582,7.898
1.591,5.28,7.269
0.412,4.383,7.896
0.634,3.515,8.979
0.347,2.854,9.783
0.744,4.878,9.391
-0.78,4.969,10.305
-2.687,4.369,10.661
-2.854,3.5,11.535
-2.89,4.314,11.099
-1.098,5.584,10.413
-1.079,5.359,10.204
-1.94,4.699,10.769
-2.742,3.488,11.202
-3.254,4.268,10.511
-0.995,6.273,10.47
-0.66,4.943,10.556
-0.991,3.103,10.745
-1.297,3.491,11.315
-0.959,3.909,10.633
0.347,5.228,10.669
0.794,4.295,10.535
0.392,4.907,11.025
-0.081,4.383,10.707
-0.036,3.201,10.212
-0.514,3.503,10.068
-0.194,2.85,9.02
-0.096,1.5,8.405
-0.189,1.419,8.3
-0.026,0.758,8.02
-0.297,1.055,8.656
-0.502,1.318,9.341
-0.108,1.122,9.142
-0.304,1.395,9.448
-0.22,0.691,9.805
-0.242,-0.084,9.917
-0.108,0.239,10.192
0.057,0.73,10.08
-0.251,1.007,9.91
-0.656,0.28,9.333
-0.742,-0.498,7.989
-1.069,-1.086,7.568
-1.072,-0.598,8.087
-1.979,0.486,8.515
-1.223,0.136,8.843
1.33,0.148,9.618
0.392,0.048,9.877
-0.172,-0.589,9.032
0.763,0.529,9.819
2.11,0.373,11.015
2.823,1.302,10.881
-0.234,0.682,11.087
1.512,0.696,11.264
1.668,2.005,10.819
1.392,2.539,10.764
0.038,1.962,11.413
-0.993,0.653,12.382
-0.593,0.39,12.578
-1.058,-0.694,12.106
0.261,-0.691,12.219
0.474,-0.979,11.676
0.703,-1.732,11.13
0.01,-2.369,11.102
0.057,-2.862,10.396
-0.139,-2.445,9.958
-0.062,-2.158,9.546
0.4,-2.558,9.554
0.502,-2.926,9.932
0.713,-2.421,9.965
2.227,-2.361,9.362
0.782,-3.539,9.228
0.304,-3.479,8.872
0.223,-3.711,9.441
-0.031,-4.156,9.03
-0.124,-4.642,8.941
-0.546,-5.879,8.927
-0.711,-6.092,8.573
0.385,-6.259,8.943
1.402,-6.137,9.467
2.455,-6.336,9.652
2.768,-5.757,9.97
3.11,-5.759,9.489
2.486,-5.749,9.403
2.562,-5.419,9.738
2.546,-6.135,9.465
3.029,-5.288,8.341
4.618,-5.029,7.245
3.019,-5.704,7.324
3.551,-7.013,7.12
3.189,-6.077,6.929
3.898,-4.347,6.537
2.742,-4.596,5.201
2.838,-5.367,4.488
3.113,-5.69,4.467
2.455,-3.799,5.455
3.553,-3.579,4.905
2.189,-2.979,5.029
0.933,-2.725,5.431
1.902,-2.594,5.321
0.435,-2.115,5.065
-0.498,-2.46,4.919
-1.342,-4.764,6.218
-2.338,-3.785,7.063
-2.802,-2.395,9.152
-5.41,-2.342,7.532
-2.976,-2.036,6.761
-2.677,-0.258,6.747
-4.926,-4.388,4.383
-4.154,-3.469,5.814
-3.996,-2.414,7.283
-3.383,-3.424,5.082
-4.608,-2.708,4.773
-5.517,-2.012,6.448
-7.671,-3.718,3.874
-5.283,-1.718,6.687
-7.372,-2.086,4.675
-8.522,-2.498,4.668
-10.14,-0.847,4.163
-7.939,0.859,3.515
-10.307,-4.058,3.409
-9.312,-4.426,1.503
-9.795,-1.976,4.359
-9.171,0.737,2.043
-11.944,-1.421,3.352
-13.602,-3.651,2.204
-13.348,-4.778,2.323
-12.774,-4.878,1.73
-15.815,-3.563,1.596
-17.825,-5.0,7.314
-6.58,-8.297,9.69
-16.738,-2.917,4.809
-17.384,-4.338,4.752
-16.492,-5.381,2.833
-16.284,-5.472,2.364
-14.882,-2.467,1.811
-15.918,-0.211,0.768
-16.1,-0.199,-0.074
-15.894,-0.012,-1.725
-17.353,-0.718,-3.754
-16.327,2.29,-4.45
-18.368,2.046,-4.029
-20.016,-0.744,-4.488
-19.533,0.112,-2.876
-15.181,0.045,-1.189
-5.845,-13.702,-49.931
-13.607,1.605,-2.134
-17.155,-5.24,-3.802
-8.542,1.321,-2.747
-9.855,0.73,-3.242
-10.276,1.828,-5.419
-9.573,1.182,-6.757
-8.013,-1.014,-8.766
-10.212,2.543,-9.491
-9.176,0.732,-9.989
-10.367,1.591,-9.042
-8.57,1.314,-10.08
-10.073,2.881,-9.4
-10.724,-0.167,-8.032
-9.31,3.426,-7.331
-7.24,4.596,-6.252
-6.955,6.675,-5.694
-8.046,7.654,-4.718
-7.23,5.773,-2.476
-6.637,8.233,-1.591
-4.694,8.987,-0.859
-4.321,8.506,0.529
-3.522,7.489,1.782
-6.453,6.764,0.947
-6.283,6.733,1.639
-4.151,7.424,1.936
-4.431,7.699,4.28
-1.885,13.461,3.553
-7.094,5.699,5.644
-6.388,2.914,3.316
-8.908,1.577,4.869
-11.181,3.22,3.007
-11.728,6.166,2.003
-13.439,6.065,1.424
-15.353,6.601,-1.072
-16.466,5.149,-3.314
-11.867,4.479,-1.486
-12.355,5.867,-3.759
-13.86,6.991,-4.926
-12.039,6.08,-6.764
-11.803,6.632,-8.197
-12.611,9.085,-7.683
-13.7,9.085,-5.958
-11.559,10.8,-5.355
-10.594,11.212,-6.192
-11.027,10.834,-6.352
-10.149,1.687,-1.541
-5.594,5.95,-0.586
-6.247,4.412,0.201
-9.649,0.416,0.335
-9.924,4.453,0.955
-6.046,5.828,1.235
-6.668,7.419,0.708
-7.4,7.431,1.019
-4.965,10.968,2.646
-9.156,7.015,7.575
-7.668,7.946,9.245
-8.393,5.611,7.161
-9.972,7.472,9.24
-11.384,13.695,12.147
-5.989,13.843,10.561
-0.981,11.556,8.979
-8.068,9.716,5.95
-5.52,6.95,4.948
-4.828,4.39,4.194
-2.696,1.034,4.441
-4.694,0.017,7.515
-5.223,1.909,9.374
-4.029,1.239,7.573
-3.622,-2.294,6.797
-2.787,-4.417,7.896
-3.613,-5.625,9.085
-3.493,-3.295,8.977
-4.118,-2.706,9.599
-3.713,-5.527,8.491
-4.031,-8.163,8.216
-4.699,-8.475,8.855
-3.45,-6.338,8.754
-3.232,-4.962,8.608
-3.541,-5.302,8.223
-3.594,-7.06,7.611
-3.433,-7.946,8.283
-3.649,-5.764,8.403
-3.622,-5.517,8.245
-4.61,-6.757,8.484
-4.213,-5.974,7.364
-3.668,-6.235,7.431
-3.878,-6.345,7.477
-3.292,-5.166,7.283
-3.479,-5.4,7.436
-4.457,-6.431,7.391
-4.118,-7.089,7.008
-4.13,-6.503,7.388
-3.854,-5.91,7.008
-3.775,-5.407,6.972
-3.333,-4.855,6.85
-3.938,-5.654,6.95
-4.292,-6.338,6.544
-4.673,-5.032,6.501
-4.151,-4.242,6.307
-4.127,-4.608,5.898
-4.625,-5.319,5.682
-4.953,-4.814,5.012
-4.835,-3.527,4.752
-4.749,-2.553,4.955
-6.17,-2.888,4.972
-7.357,-3.914,5.108
-7.209,-4.024,4.182
-7.998,-2.814,3.094
-8.836,-1.302,2.735
-11.989,-2.622,1.967
-11.611,-3.517,0.574
-12.257,-4.867,0.567
-15.851,-2.632,4.761
-15.734,-2.603,2.598
-16.858,0.833,3.407
-16.504,0.299,3.747
-15.853,-0.679,3.333
-14.997,-0.636,2.036
-14.93,-1.227,0.211
-17.389,-0.751,-0.895
-19.437,-1.347,-2.955
-21.002,-4.654,-3.95
-19.277,-4.768,-5.359
-18.449,-6.718,-4.149
-19.401,-2.553,-1.904
-19.779,-1.692,-0.538
-18.851,-6.568,-2.775
-15.004,-4.718,-1.828
-12.224,-0.78,0.627
-15.576,0.885,0.297
-18.282,0.72,-4.424
-11.934,1.859,-4.0
-13.154,-0.172,-3.902
-11.762,0.11,-3.285
-12.688,0.947,-6.613
-9.893,-0.447,-7.151
-13.365,0.993,-5.606
-12.647,4.632,-7.171
-10.776,-0.067,-8.891
-27.062,-8.041,-8.137
-8.759,-3.852,-4.706
-8.075,0.325,-3.208
-8.266,1.833,-0.919
-8.652,1.916,0.629
-6.845,3.653,0.426
-5.776,3.845,1.61
-4.512,7.06,0.56
-2.027,7.644,2.821
-3.067,8.905,2.833
-2.737,8.91,2.381
-3.374,9.525,2.431
-5.862,9.221,1.574
2.024,14.836,1.644
-1.285,8.661,5.103
-6.673,5.075,4.661
-6.156,7.881,3.06
-3.699,10.508,1.663
-9.147,7.005,3.976
-10.523,5.924,4.0
-10.283,7.101,4.101
-8.896,11.518,1.665
-9.939,8.25,1.046
-10.747,5.733,0.641
-9.183,3.764,0.825
-8.757,4.003,0.739
-9.484,4.376,-0.471
-11.248,5.087,-0.976
-10.994,5.472,-1.957
-8.391,6.97,-4.998
-8.434,6.706,-2.962
-9.159,7.056,-2.369
-13.097,8.25,-1.041
-11.891,10.3,-4.304
-11.224,9.903,-3.811
-2.292,9.207,-3.921
-3.484,3.594,-1.849
-9.898,2.615,-2.821
-9.281,-0.871,-0.524
-8.018,4.4,1.761
-4.508,8.661,-0.622
-6.206,10.64,-1.299
-6.594,15.592,-3.842
-9.7,12.63,5.132
-14.303,0.203,6.089
-9.735,2.393,7.898
-4.608,7.68,7.85
-7.685,12.102,7.611
-13.286,7.013,13.135
-13.31,4.139,7.264
-5.204,7.594,11.554
-4.35,7.156,6.592
-7.752,5.938,0.388
-6.604,2.517,10.116
-7.496,-0.431,8.085
-3.082,-0.079,5.474
-2.445,-1.83,9.037
-1.83,-0.933,7.963
-1.852,-2.151,7.821
-3.23,-3.553,7.513
-3.548,-6.235,8.678
-2.61,-4.417,9.563
-0.873,-1.687,8.697
-3.842,-4.486,8.18
-2.797,-6.446,7.431
-2.873,-8.589,9.79
-1.849,-5.326,8.857
-2.266,-4.498,7.738
-3.249,-5.599,7.515
-2.991,-7.149,7.838
-2.991,-9.549,8.128
-2.646,-7.752,8.943
-2.73,-5.85,7.163
-2.522,-6.326,7.214
-2.12,-6.216,6.994
-2.125,-7.053,7.63
-2.388,-7.094,7.764
-3.0,-6.898,7.558
-2.792,-6.319,7.218
-2.366,-6.508,7.661
-2.479,-6.503,7.592
-2.876,-7.221,7.094
-2.692,-6.821,6.721
-2.519,-6.333,6.422
-2.579,-6.072,6.718
-2.83,-6.599,6.745
-2.996,-6.462,6.91
-2.885,-6.663,6.699
-3.371,-6.297,6.58
-3.106,-6.17,6.206
-3.46,-6.381,6.221
-3.436,-6.661,6.044
-3.644,-6.35,5.491
-4.022,-6.336,5.245
-4.13,-6.214,5.295
-3.821,-5.24,4.575
-3.905,-5.69,5.374
-4.235,-4.218,4.68
-4.685,-3.991,5.094
-5.436,-4.347,5.005
-6.726,-3.962,5.187
-7.422,-3.455,5.28
-8.02,-3.565,5.134
-8.128,-3.268,4.991
-8.486,-2.558,4.84
-8.931,-2.187,4.455
-9.79,-1.268,3.802
-10.908,-1.933,3.826
-11.207,-2.649,2.732
-14.205,-1.888,2.725
-14.616,-2.488,3.223
-14.334,0.419,2.046
-15.284,1.706,1.136
-15.887,1.864,-0.634
-15.832,-1.05,-1.821
-16.466,-1.28,-1.998
-18.42,-0.744,-3.608
-20.971,-0.337,-4.488
-21.653,-3.938,-3.232
-19.933,-5.941,-1.936
-22.775,-3.177,-0.474
-19.145,-1.548,-0.347
-18.631,-2.974,-3.452
-15.894,-2.455,0.258
-16.53,0.349,1.031
-14.236,1.192,-0.665
-12.542,-2.151,1.325
-12.53,1.141,0.945
-13.946,-2.524,-5.4
-16.179,-0.435,-6.848
-7.989,-4.18,-6.718
-10.824,-1.199,-6.604
-12.449,2.859,-5.931
-13.377,2.261,-7.812
-13.609,-1.586,-6.125
-13.092,-0.345,-5.747
-8.958,0.926,-4.302
-9.345,6.063,-2.091
-9.257,3.118,-2.318
-10.338,0.536,0.093
-9.829,1.873,1.56
-7.068,4.366,2.909
-4.388,4.754,3.419
-3.108,7.546,4.173
-4.835,9.097,5.111
-4.943,7.398,4.536
-4.811,10.286,3.816
-4.276,11.573,5.249
-2.964,11.573,7.742
-6.438,7.24,5.742
-5.989,10.195,3.711
-3.35,10.944,4.721
-6.891,7.905,5.448
-8.534,5.199,3.577
-9.087,6.527,4.328
-9.121,6.723,3.084
-12.583,3.046,-1.067
-12.705,0.701,2.323
-5.446,6.386,5.721
-7.561,6.283,-0.438
-5.967,6.527,-0.653
-7.544,6.001,-1.103
-7.592,4.979,-3.319
-6.982,6.537,-2.795
-7.266,7.8,-1.201
-6.773,10.367,-0.526
-7.407,9.807,0.019
-8.97,9.845,-2.67
-5.771,9.984,-1.017
-7.936,7.508,-5.936
-4.835,9.716,-1.012
-6.005,6.776,1.572
-8.774,1.723,3.429
-6.771,3.137,3.838
-8.381,6.218,4.247
-7.4,6.326,4.766
-7.757,4.67,2.505
-6.824,9.594,-1.617
-6.56,8.915,2.751
-7.07,9.453,8.163
-7.479,8.484,8.321
-10.532,10.209,7.857
6.493,13.774,10.695
-8.233,4.4,9.24
-9.879,3.345,10.59
-14.755,5.125,12.252
-6.711,6.807,12.913
-2.68,13.284,8.288
-2.266,4.68,9.171
-4.17,3.72,6.383
-3.953,0.653,9.161
-3.433,3.89,10.396
-2.187,3.685,10.207
-3.175,2.503,10.413
-3.5,-0.294,8.369
-1.56,0.591,7.91
0.337,-0.538,7.434
-0.694,-0.89,7.606
-1.282,-2.742,7.127
-2.084,-2.417,7.879
-1.491,-2.907,7.539
-1.66,-3.194,7.805
-0.878,-2.149,6.931
-1.189,-2.809,5.831
-2.457,-1.998,6.51
-1.909,-2.122,6.515
-2.072,-3.405,6.489
-2.328,-2.579,6.848
-2.888,-5.455,5.316
-4.292,-4.347,5.108
-4.0,-3.754,4.697
-4.046,-3.606,3.608
-4.541,-2.596,5.065
-6.91,-3.775,5.108
-6.819,-1.421,4.328
-7.123,0.354,3.223
-9.173,-0.706,3.137
-9.774,-2.716,2.266
-9.113,-0.601,1.089
-10.362,0.268,1.696
-8.36,-0.672,4.711
-12.334,-2.163,5.335
-12.63,-3.385,5.036
-12.918,0.084,4.733
-13.987,-1.366,3.364
-14.851,-3.192,2.744
-15.509,-3.649,2.675
-15.58,-2.328,4.268
-14.69,-1.256,4.783
-20.052,-4.73,3.644
-13.829,-3.261,3.106
-14.695,-1.45,2.17
-15.963,-5.309,-8.02
-16.15,-1.574,-0.909
-16.588,0.211,-1.268
-14.578,1.225,-0.718
-17.389,-1.163,-1.141
-17.207,1.778,-1.601
-15.841,2.012,-1.562
-15.396,2.275,-2.45
-16.459,1.562,-2.895
-17.614,1.995,-5.462
-15.865,0.931,-5.048
-13.707,3.098,-6.237
-17.66,-0.002,-4.957
-16.327,1.062,-4.359
-13.071,3.754,-5.173
-11.439,-0.005,-5.697
-10.444,-3.366,-6.051
-6.405,2.35,-4.89
-7.41,2.527,-7.017
-7.836,2.596,-6.919
-7.424,0.775,-8.551
-9.336,1.811,-8.826
-6.515,1.782,-7.776
-5.725,4.07,-7.422
-6.505,3.591,-9.109
-7.144,2.917,-8.764
-8.319,1.979,-9.006
-8.242,3.878,-8.312
-7.773,5.469,-7.355
-7.735,6.118,-5.407
-7.154,7.183,-4.924
-6.474,6.673,-4.553
-5.486,5.814,-2.527
-5.9,6.927,-2.012
-6.489,8.025,-0.072
-5.192,8.022,-0.44
-4.656,6.513,0.768
-5.491,5.07,0.691
-5.773,4.656,1.407
-5.417,7.199,1.881
-4.646,6.895,2.05
-4.969,8.266,0.943
-4.639,11.659,2.299
-4.108,9.491,3.905
-5.769,7.659,4.197
-7.9,6.998,4.213
-9.855,5.436,3.783
-11.824,5.118,3.196
-11.81,6.761,2.225
-12.48,11.456,0.61
-12.736,6.812,-0.603
-11.798,6.505,-1.325
-12.329,4.938,-1.117
-11.846,4.733,-2.881
-12.547,5.438,-3.417
-12.111,5.735,-6.924
-10.585,6.125,-5.639
-12.071,6.905,-6.156
-10.133,9.027,-5.18
-11.204,10.735,-5.02
-9.214,10.192,-5.749
-9.767,7.986,-6.099
-3.998,7.247,-2.227
-3.57,6.68,1.321
-7.23,2.036,0.711
-10.685,2.622,0.263
-6.986,6.481,1.359
-7.448,6.592,1.565
-8.618,7.69,-2.981
-8.111,8.551,-3.407
-7.328,10.953,-1.79
-12.037,5.926,6.151
-7.63,3.732,5.905
-9.599,14.009,7.711
-8.187,11.161,8.826
-5.8,14.609,7.867
-6.348,14.281,8.235
-5.221,7.218,2.572
-6.307,0.0,3.393
-8.281,1.768,6.912
-5.166,5.96,9.176
-0.679,8.408,6.671
-1.39,2.984,9.865
-6.539,-0.115,9.417
-7.383,-1.019,7.553
-2.584,-0.392,7.357
-3.603,-0.873,9.278
-4.599,-3.656,9.513
-2.067,-5.06,9.31
-4.216,-4.199,9.24
-4.362,-5.0,9.063
-4.579,-4.544,9.166
-3.414,-4.785,8.575
-3.113,-5.154,7.951
-3.158,-7.441,8.159
-4.996,-8.171,7.757
-3.048,-7.757,8.207
-3.237,-7.01,8.018
-4.331,-6.96,8.14
-2.483,-6.328,8.199
-3.67,-8.242,7.716
-2.797,-7.431,7.881
-2.306,-7.058,7.886
-3.35,-6.654,7.989
-2.926,-6.393,7.721
-3.12,-7.149,7.8
-2.503,-6.723,8.092
-2.847,-6.455,8.073
-2.371,-5.63,7.989
-2.354,-5.692,8.058
-2.409,-6.032,7.924
-2.862,-6.359,7.503
-2.565,-5.422,7.51
-2.476,-4.828,7.692
-2.761,-4.431,8.154
-3.34,-4.094,7.305
-2.292,-3.084,7.302
-3.984,-3.113,6.563
-3.163,-3.086,6.508
-3.639,-3.254,5.419
-4.194,-3.531,4.744
-4.491,-3.417,5.448
-5.737,-3.689,5.278
-6.24,-3.484,5.625
-6.465,-3.022,5.931
-7.25,-2.684,4.744
-7.57,-2.713,3.881
-8.795,-3.455,2.529
-9.877,-2.914,0.51
-10.448,-3.414,-0.294
-10.161,-1.931,-0.321
-13.587,-2.144,-0.261
9.515,9.611,2.027
-22.828,-1.739,-0.213
-19.141,5.914,1.723
-18.827,5.661,-2.438
-22.639,-1.993,-1.684
-19.559,-5.221,0.091
-23.375,-6.517,0.311
-20.861,-4.563,-0.983
-18.858,-7.453,0.584
-18.77,-8.63,-1.421
-18.222,-5.914,2.345
-17.148,-5.139,0.742
-14.616,-2.287,-1.562
-10.214,-2.907,2.072
-11.279,4.938,4.321
-16.822,1.177,2.795
-20.681,-5.575,-2.041
-14.245,0.84,0.907
-13.377,1.787,-5.977
-13.04,-4.498,-9.494
-14.724,-1.048,-10.724
-11.704,-3.278,-9.19
-10.551,-0.926,-5.898
-13.506,0.16,-4.302
-12.068,1.914,-5.132
-9.893,6.498,-4.185
-9.089,5.599,-3.917
-12.087,2.529,-2.555
-11.226,0.254,-2.421
-8.094,4.773,0.16
-7.245,9.264,2.706
-8.458,7.58,2.108
-8.774,4.965,0.263
-6.778,2.84,1.017
-3.575,5.68,2.407
-4.149,13.226,4.197
-4.637,14.174,7.266
-10.271,6.927,1.546
-6.386,8.649,6.235
-7.625,5.78,6.706
-8.271,9.817,6.814
-10.881,12.075,5.591
-11.472,9.9,5.972
-11.812,8.886,4.656
-11.226,6.848,3.108
-11.204,6.364,4.587
-11.011,4.608,4.603
-9.544,5.065,1.593
-8.302,3.366,-1.261
-7.869,0.033,-2.223
-7.257,-0.928,-2.708
-1.981,1.988,-1.699
-6.635,3.311,-1.146
-9.432,1.337,-1.713
0.366,4.304,-0.309
-10.69,5.68,-4.331
-7.558,7.781,-2.816
-9.185,3.35,-0.842
-7.264,-2.151,2.328
-13.375,3.761,-1.981
-10.293,5.18,-1.634
-9.305,8.573,-4.838
-10.484,11.171,-7.094
-13.016,14.664,-6.527
-10.709,4.388,0.165
-9.544,8.515,3.192
-10.707,8.192,5.199
-9.637,24.397,7.345
-14.279,15.195,4.821
-12.645,9.008,-0.514
-7.503,5.981,1.292
-6.687,10.802,4.419
-2.122,9.47,4.407
-4.465,10.427,8.355
-5.003,4.201,5.991
-6.168,-0.62,4.874
-4.46,-0.096,5.405
-4.285,2.936,9.53
-3.07,4.433,8.735
-3.149,1.849,8.211
-6.333,-3.481,8.742
-5.379,-4.498,8.104
-5.972,-2.113,9.077
-5.048,-0.979,8.12
-4.474,-2.23,8.168
-5.357,-4.85,7.197
-6.309,-6.493,8.065
-5.345,-5.099,9.015
-3.986,-4.795,9.336
-5.111,-6.029,8.68
-4.761,-5.754,8.408
-4.773,-6.106,8.384
-4.4,-6.539,7.967
-4.517,-5.958,8.168
-4.969,-5.469,7.747
-4.9,-4.67,7.472
-4.589,-3.517,7.874
-4.737,-3.366,7.819
-4.821,-4.673,7.704
-5.242,-4.309,7.003
-5.127,-3.426,7.041
-5.163,-2.16,7.039
-5.123,-0.933,7.08
-5.426,-0.871,7.553
-5.792,-1.998,6.544
-7.015,-1.218,6.089
-6.919,0.316,6.716
-7.113,1.381,6.678
-7.35,0.852,6.718
-8.771,-0.967,5.723
-7.618,-0.017,4.783
-7.331,-0.328,0.412
-8.707,-1.388,-0.883
-16.676,-2.139,-0.723
-16.609,-3.481,-3.089
-14.296,2.732,1.342
-15.1,6.257,-0.299
-9.728,4.8,3.474
-15.415,2.019,1.211
-13.8,1.029,0.467
-14.595,0.555,1.192
-14.664,0.687,-1.05
-18.447,-3.259,-1.936
-19.397,-3.596,-1.883
-18.94,-1.459,-2.751
-18.021,-0.636,-2.417
-17.853,-2.582,-2.766
-20.564,-1.759,-1.345
-18.887,-1.01,0.031
-17.289,-0.732,0.041
-20.378,-2.431,-1.148
-16.777,-4.13,-0.847
-15.011,-1.732,-2.821
-16.133,-0.182,-2.129
-12.834,-0.854,-1.811
-12.078,-2.01,-3.63
-14.104,-1.971,-3.874
-11.425,-0.098,-4.13
-7.97,4.173,-1.811
-10.092,6.871,-2.763
-11.836,3.096,-4.144
-12.571,3.235,-1.172
-14.499,0.368,-2.881
-10.41,2.273,-3.218
-9.085,1.531,-1.96
-7.448,0.151,-3.816
-10.57,1.235,-3.469
-6.015,4.682,-1.498
-5.127,6.613,0.218
-3.63,6.132,1.627
-5.656,7.41,2.038
-7.008,4.663,2.873
-6.871,2.859,3.144
-6.068,6.393,3.091
-4.268,2.06,5.094
-4.922,9.577,2.589
-5.632,6.204,5.462
-4.666,9.109,4.075
-5.778,7.977,4.101
-6.943,5.661,3.912
-8.912,5.465,3.761
-9.941,6.85,2.658
-10.726,7.159,1.672
-11.527,5.491,1.148
-12.293,4.615,0.49
-12.81,4.359,0.055
-12.573,5.553,-0.639
-13.145,5.91,-0.811
-12.425,6.733,-1.486
-11.293,7.57,-1.897
-9.487,9.762,-4.646
-10.03,9.465,-4.177
-10.776,9.451,-2.579
-11.697,8.563,-3.182
-9.833,11.042,-4.95
-7.029,12.475,-4.323
-2.172,7.517,-1.136
-3.283,6.376,-2.227
-6.718,4.168,0.591
-8.044,1.955,1.282
-4.974,0.993,3.914
-4.436,3.618,3.261
-4.85,6.924,0.83
-9.991,7.829,-5.666
-11.032,13.781,-2.149
-8.439,6.099,1.708
-11.922,-8.348,5.357
-10.989,5.666,11.554
-9.525,16.693,9.07
-8.326,10.987,8.431
-7.656,4.756,12.834
-7.331,11.379,10.853
-2.247,12.286,10.444
-4.52,7.963,7.649
-10.233,1.979,6.247
-3.173,0.44,5.615
2.287,4.146,10.116
-1.359,5.087,11.425
-4.541,0.534,10.367
-3.914,-3.165,6.84
0.282,-0.876,7.312
-0.45,1.371,7.096
-2.237,-2.488,7.015
-4.472,-5.972,5.922
-2.553,-4.359,6.292
-3.244,-2.55,4.78
-3.61,-6.249,4.776
-2.29,-5.553,5.371
-3.524,-2.905,4.792
-3.68,-3.603,4.369
-4.654,-5.764,4.584
-3.842,-3.819,5.13
-3.993,-1.4,4.843
-5.048,-3.28,4.618
-7.333,-2.598,4.082
-8.494,-0.651,4.024
-6.62,-1.034,1.981
-8.91,0.127,1.833
-9.625,0.115,2.35
-10.408,-0.065,2.924
-10.905,-0.924,3.993
-10.884,-2.285,4.814
-12.195,-4.756,3.007
-18.303,-2.412,1.816
-15.262,-2.718,2.558
-15.463,-4.127,2.845
-14.525,-1.852,1.773
-15.255,-2.96,1.476
-17.033,-2.294,2.627
-14.372,-2.132,2.984
-15.602,-2.838,2.345
-17.301,-5.161,1.022
-10.764,-14.195,5.166
-14.781,-1.445,-0.072
-12.164,-2.483,0.562
-17.571,-4.627,-1.369
-15.681,-2.201,-2.615
-19.406,0.299,-2.098
-24.261,-2.0,-5.795
-15.001,-0.39,-2.936
-15.128,2.134,-4.512
-14.913,1.436,-6.194
-15.762,2.359,-5.457
-12.645,6.852,-5.036
-17.291,2.957,-5.745
-17.061,2.034,-5.702
-14.128,3.134,-4.924
-13.788,0.098,-4.68
-11.645,-1.218,-4.283
-9.307,1.034,-5.524
-2.172,5.194,-5.395
-11.554,-4.744,-8.41
-8.037,-0.136,-6.735
-6.304,0.991,-6.881
-6.879,0.974,-7.075
-6.022,0.242,-8.015
-6.611,1.232,-8.62
-6.204,2.259,-9.453
-9.106,-0.096,-10.805
-7.69,0.613,-9.755
-6.431,3.596,-8.664
-4.864,6.795,-8.317
-5.261,6.726,-7.84
-7.46,6.101,-9.475
-7.441,6.388,-7.589
-7.252,6.438,-6.601
-6.355,7.907,-6.388
-4.082,9.898,-4.565
-6.56,8.857,-1.68
26.936,31.95,2.05
-5.737,6.175,-0.435
-5.532,7.431,0.577
-6.367,4.436,0.608
-6.886,4.618,1.213
-6.283,1.639,2.728
-5.637,7.812,8.714
-5.692,5.902,2.649
-6.927,7.97,5.448
-8.745,3.582,4.608
-11.451,2.476,4.079
-12.267,4.055,3.302
-13.599,7.056,2.321
-13.776,6.278,1.407
-12.709,6.17,-0.974
-11.92,6.242,-1.981
-11.183,3.618,-0.06
-11.697,4.154,-2.859
-10.597,4.603,-4.218
-9.14,4.742,-5.802
-9.652,3.993,-3.407
-10.814,3.103,-2.914
-13.575,5.223,-2.263
-13.485,7.781,-4.491
-13.164,11.027,-4.087
-6.044,13.822,-3.606
-2.632,16.772,-0.392
-3.273,5.161,0.847
-8.309,-4.378,7.149
-8.01,5.711,3.323
-5.192,7.757,3.685
-5.431,5.168,2.708
-6.673,6.541,-0.268
-7.594,12.709,-3.077
-7.489,6.005,-0.555
-6.364,6.68,2.668
-12.104,1.062,2.244
-10.279,3.194,10.432
-7.084,10.3,5.565
-13.257,8.23,11.381
0.416,5.369,27.003
-4.089,11.671,8.503
-11.903,6.338,4.847
-6.214,-6.883,6.936
-3.378,1.849,6.738
-2.864,1.78,6.211
-1.416,0.39,5.345
-6.893,0.739,12.834
-6.314,1.342,8.101
-3.055,-1.895,7.486
-4.11,-8.692,6.582
-5.292,-7.953,6.503
-5.288,-3.271,8.75
-4.78,-0.127,10.19
-3.352,-1.653,10.19
-5.795,-6.723,9.252
-3.661,-8.355,8.771
-3.627,-6.584,9.465
-3.11,-6.465,9.575
-2.883,-6.979,8.513
-2.452,-8.307,8.494
-2.529,-8.819,8.422
-2.201,-7.793,8.714
-2.438,-8.809,8.049
-2.381,-7.939,8.02
-2.227,-7.974,8.152
-1.553,-7.46,8.527
-1.861,-7.462,8.929
-1.541,-6.804,8.436
-1.524,-5.989,7.982
-1.823,-6.493,7.85
-1.524,-6.309,7.857
-2.115,-6.369,7.407
-2.055,-5.857,7.905
-1.826,-5.962,8.089
-1.744,-6.352,8.037
-1.759,-5.855,7.625
-1.572,-6.379,7.302
-1.849,-5.587,6.943
-1.392,-4.981,6.697
-1.436,-4.613,5.594
-1.223,-3.474,5.285
-1.998,-4.17,4.24
-2.338,-5.06,3.464
-3.271,-4.197,2.792
-4.608,-5.02,2.316
-5.283,-4.747,2.498
-6.228,-3.596,3.091
-8.51,-2.646,2.761
-8.477,-5.118,1.845
-6.984,-2.823,1.675
-7.546,-2.385,1.127
-11.91,-4.809,0.177
-12.678,-4.515,-0.146
-12.92,-3.811,1.168
-12.066,-1.869,3.632
-30.422,-11.865,3.23
-13.2,-0.115,1.897
-16.497,-1.072,1.239
-17.932,1.034,-0.385
-17.657,-0.995,-1.541
-21.493,-4.924,-3.974
-23.773,-8.915,-1.689
-23.1,-9.075,-1.828
-22.296,-7.802,-0.818
-18.344,-7.23,1.369
-18.062,-8.087,2.225
-18.351,-4.747,1.055
-11.594,-0.203,2.318
-12.872,-2.163,1.61
-17.995,-3.055,1.553
-18.155,-3.464,-2.622
-12.513,-1.002,-2.73
-12.951,5.984,-3.701
-10.166,-0.725,-5.393
-17.162,-5.364,-10.058
-17.303,-5.304,-12.013
-14.602,3.249,-8.063
-11.183,-1.605,-9.556
-15.023,-1.885,-5.876
-12.444,-0.885,-5.024
-11.484,0.84,0.065
-9.795,4.759,1.371
-9.606,2.491,2.146
-8.931,0.916,3.036
-5.568,4.926,4.979
-7.857,5.958,4.175
-4.843,6.35,3.508
-6.259,6.556,2.625
-5.477,5.804,3.273
-3.357,10.056,4.68
-0.983,8.912,0.67
-4.022,10.494,4.237
-3.302,6.367,6.352
-4.127,8.068,6.233
-2.9,11.329,5.946
-4.512,10.235,5.905
-6.604,6.668,4.826
-8.754,4.764,3.943
-11.597,5.254,6.594
-13.949,6.785,2.027
-13.973,5.826,0.943
-13.559,6.266,1.067
-12.236,5.438,0.579
-12.051,5.06,0.175
-11.688,4.673,-0.069
-11.432,4.996,-1.572
-11.432,5.046,-1.048
-10.446,3.615,-0.5
-10.448,5.369,1.019
-10.379,9.331,-0.51
-8.185,12.295,-0.634
-10.283,7.352,-1.235
-4.479,4.833,1.089
-6.266,5.922,-0.392
-5.74,2.917,3.551
-7.776,1.584,6.123
-8.118,3.737,5.735
-9.537,4.197,4.213
-11.934,1.014,-0.151
-13.607,1.95,-2.72
-10.453,4.735,3.656
-11.243,1.945,10.757
-18.956,4.989,15.147
-8.936,5.065,7.84
-6.529,7.802,7.116
-9.487,2.795,7.967
-9.176,2.644,10.788
-7.149,9.822,13.044
-5.335,5.532,10.936
-3.996,5.618,5.474
-2.534,2.311,9.341
-2.823,-0.464,9.977
-2.505,-0.182,6.742
0.1,-0.175,7.85
-3.783,0.409,9.262
-4.498,0.634,9.159
-1.931,-4.252,7.278
-2.067,-7.501,7.659
-2.706,-5.627,8.817
-2.912,-3.003,9.802
-4.237,-1.945,9.116
-4.106,-5.546,7.45
-2.792,-7.362,8.675
-4.907,-9.121,7.824
-4.194,-6.773,8.987
-2.996,-5.369,9.556
-2.323,-5.402,9.494
-3.118,-5.859,7.573
-2.991,-5.218,8.147
-3.06,-5.57,8.101
-3.622,-6.721,8.092
-3.266,-6.905,8.491
-3.409,-5.943,7.896
-3.63,-5.527,8.029
-3.11,-4.79,7.087
-3.273,-5.187,7.23
-3.711,-5.405,6.948
-4.072,-5.553,6.733
-2.761,-3.615,6.984
-3.888,-5.259,6.802
-3.708,-4.498,5.553
-4.067,-4.776,6.075
-5.424,-4.395,6.178
-4.955,-4.182,5.192
-0.651,-0.407,6.125
-6.417,-3.24,4.721
-7.137,-2.412,4.555
-7.886,-2.845,3.965
-8.161,-4.108,2.775
-7.833,-1.148,1.981
-7.852,1.5,3.603
-9.374,1.72,2.931
-11.212,-2.058,2.431
-15.236,-2.567,3.603
-14.004,-1.921,2.414
-12.982,-1.488,2.692
-13.975,-0.196,3.984
-14.576,-0.581,3.101
-17.05,-1.948,1.637
-11.501,1.718,4.759
-16.37,3.687,-1.416
-14.056,3.18,0.959
-14.107,0.115,-0.239
-16.542,-1.864,-0.368
-17.49,-0.481,-2.862
-18.827,-0.921,-4.496
-18.002,1.811,-4.292
-17.138,-1.603,-3.878
-18.834,-2.591,-2.9
-18.834,3.51,-1.639
-17.882,1.297,-2.177
-19.643,-0.639,-2.397
-20.5,0.773,-0.988
-17.44,-0.335,-1.177
-16.181,-2.862,-2.44
-15.71,0.368,-2.357
-13.214,0.656,-2.766
-10.659,0.763,-4.646
-9.097,1.586,-5.29
-8.092,2.51,-5.74
-9.69,1.543,-6.065
-9.807,-0.23,-4.381
-8.417,1.067,-4.56
-6.082,4.792,-4.187
-8.623,5.079,-3.594
-10.111,3.637,-3.491
-8.089,4.046,-2.979
-7.092,6.563,-2.505
-5.448,9.221,-3.266
-6.728,8.343,-4.003
-8.132,5.91,-4.156
-5.39,8.434,-1.402
-6.259,8.759,-0.124
-5.163,10.166,1.371
-7.06,10.202,2.022
-7.632,6.343,4.309
-7.379,3.371,5.501
-7.986,3.553,5.168
-6.953,4.933,6.194
-10.207,5.106,5.912
-12.221,4.855,5.383
-11.626,4.649,3.132
-12.315,5.859,2.321
-12.86,5.347,3.144
-14.731,6.623,4.465
-14.442,8.798,5.292
-12.307,8.606,3.4
-11.559,5.737,1.376
-11.594,2.613,0.067
-10.384,-0.486,0.646
-7.936,1.495,-1.586
-8.209,-1.376,-2.952
-9.592,-0.804,-1.237
-7.91,0.179,-2.11
-8.958,1.33,-2.845
-11.181,2.402,-1.079
-9.855,0.61,0.115
-12.726,0.148,0.366
-16.683,1.364,-0.62
-15.533,3.886,-1.184
-14.298,6.836,-3.476
-14.291,8.996,-3.921
-9.013,8.814,-4.558
-8.089,7.398,-3.953
-8.321,10.939,-4.721
-15.028,12.374,8.998
-10.64,20.213,4.867
-16.552,10.472,4.926
-10.994,5.161,5.57
-11.652,6.359,5.077
-8.472,8.319,4.072
-4.948,0.246,4.285
-3.625,6.434,8.106
-1.598,8.809,6.211
0.062,7.616,5.635
-8.652,3.017,4.364
-8.723,-2.495,8.788
-5.771,-3.28,7.64
-5.182,-0.974,8.778
-2.778,-0.727,7.577
-4.448,-1.782,7.247
-4.091,-4.821,6.094
-5.491,-6.525,6.888
-5.481,-6.51,6.836
-5.12,-6.254,7.407
-4.795,-4.721,8.439
-5.024,-4.249,8.998
-4.089,-3.204,8.711
-4.682,-3.584,8.989
-5.19,-4.213,8.508
-5.12,-3.18,7.953
-4.756,-2.232,8.199
-5.948,-1.838,7.23
-4.819,-2.464,6.769
-6.173,-2.735,5.958
-6.721,-2.318,6.477
-6.632,-2.397,6.147
-7.611,-2.905,6.333
-7.374,-1.505,6.01
-7.809,0.572,6.197
-7.805,0.026,6.309
-8.924,-1.156,5.819
-9.556,-1.194,4.85
-9.752,-1.768,4.137
-9.455,-1.605,3.137
-10.058,-1.002,1.656
-8.934,0.079,1.378
-10.3,-1.345,-0.423
-10.518,-2.936,-0.146
-14.009,0.802,-4.381
-13.133,0.4,-0.682
-13.693,0.373,-0.976
-17.696,0.718,1.053
-15.073,4.637,0.818
-18.334,0.443,-0.266
-15.631,2.316,-1.27
-15.018,-1.325,-2.761
-15.454,-0.505,-3.565
-16.396,-3.515,-3.261
-17.317,0.455,-3.854
-15.765,1.651,-4.436
-14.923,-0.569,-3.886
-16.435,1.134,-3.656
-18.447,0.991,-2.199
-17.109,0.34,-2.929
-20.105,2.519,-0.412
-17.763,2.33,-0.124
-18.71,-1.055,-0.73
-18.81,1.01,0.383
-16.179,-1.723,-2.283
-13.884,-2.584,-0.967
-11.216,0.199,-3.34
-9.664,-1.656,-3.457
-7.403,3.273,-5.056
-7.817,6.73,-4.565
-7.453,2.369,-5.879
-7.08,0.732,-7.056
-5.807,2.467,-6.888
-6.025,1.452,-6.269
-6.254,5.835,-7.084
-5.649,2.83,-5.807
-4.91,3.886,-5.702
-5.352,2.208,-4.666
-4.524,3.677,-4.216
-2.608,4.977,-4.608
-1.593,5.443,-4.13
-2.926,5.123,-4.211
-2.041,5.752,-3.536
-0.988,6.211,-3.768
-0.758,7.053,-4.146
-0.038,8.309,-3.888
-0.022,8.922,-3.228
0.565,8.343,-2.172
-0.115,7.718,-2.455
1.041,9.436,-2.414
-0.105,8.029,-1.503
0.017,8.592,-1.278
0.378,7.977,-0.883
0.313,7.852,-0.282
0.325,7.486,0.026
0.502,7.36,0.696
0.464,7.431,1.61
0.249,7.051,2.027
0.502,6.754,2.467
0.983,6.522,2.907
1.572,7.202,3.359
1.986,8.929,3.476
1.443,9.704,3.637
0.799,8.475,3.718
1.878,8.675,3.529
1.34,8.331,3.137
1.847,8.778,3.206
1.904,9.176,3.39
1.689,8.931,2.988
1.203,8.57,2.601
1.247,8.419,2.522
1.211,8.41,2.728
1.165,8.951,2.347
1.242,9.494,2.314
1.232,9.91,2.213
1.196,9.984,2.263
1.27,10.027,2.44
0.88,10.207,2.512
0.603,10.348,2.419
0.56,10.307,2.586
0.974,10.29,2.713
1.0,9.874,2.929
0.644,9.767,2.921
0.309,9.652,3.048
0.325,10.152,3.271
0.502,9.723,3.307
0.562,9.396,3.429
0.656,9.582,3.352
0.596,9.795,3.409
0.861,10.233,3.541
1.256,10.269,3.63
0.907,10.159,3.622
0.608,10.02,3.438
0.56,9.841,3.292
0.802,10.133,3.405
0.878,10.479,3.565
1.046,10.422,3.364
1.182,9.91,3.295
1.369,9.936,3.345
1.517,9.807,3.369
1.4,9.477,3.531
1.273,9.18,3.479
1.27,9.123,3.515
1.67,8.979,3.713
1.888,9.121,3.732
1.625,8.348,3.838
1.309,7.747,4.012
1.725,7.862,3.759
2.005,7.64,3.898
1.84,6.938,4.094
1.787,6.101,4.527
2.036,5.63,4.788
1.909,5.491,4.967
1.871,5.51,5.01
1.242,4.622,5.326
1.96,5.283,5.941
2.043,5.484,6.915
1.486,6.048,7.379
0.871,5.766,7.455
0.991,5.027,8.051
1.302,4.34,8.762
1.251,3.618,9.173
0.239,3.144,9.121
-0.943,2.742,9.111
-1.464,1.708,8.211
-1.043,0.359,8.329
-1.086,-1.467,8.475
-1.18,-3.07,9.08
-1.0,-3.094,8.786
-2.0,-3.778,9.743
-2.536,-5.764,9.262
-3.053,-7.831,10.535
-3.39,-6.907,10.357
-4.878,-6.709,11.336
-5.632,-7.692,11.295
-6.252,-9.183,11.075
-6.881,-9.252,10.506
-8.075,-8.929,10.023
-8.489,-9.233,8.202
-8.9,-8.984,7.273
-8.582,-9.295,6.343
-8.879,-9.03,5.905
-7.288,-8.886,7.324
-5.058,-7.783,7.175
-4.431,-9.302,7.663
-2.254,-8.673,6.745
-0.469,-6.649,4.998
0.244,-9.262,3.768
0.347,-14.693,3.493
2.321,-11.207,3.737
2.888,-12.714,4.297
2.96,-12.063,4.95
3.259,-11.073,4.529
2.462,-10.922,3.823
1.895,-9.14,4.132
4.256,-10.168,3.531
2.617,-8.149,5.077
4.247,-13.611,9.893
-0.924,-12.185,3.864
-1.95,-4.335,4.752
0.699,-0.711,7.661
-1.885,-2.677,11.939
-0.933,-1.192,9.872
0.557,-0.397,11.642
1.845,2.536,10.424
2.606,3.491,10.372
3.589,2.455,9.987
4.417,2.232,9.563
2.785,1.237,11.951
0.895,-1.019,12.453
-0.316,-1.053,11.283
-0.629,0.301,10.336
-3.146,0.01,9.733
-3.22,0.505,8.443
-3.022,2.333,5.898
-1.019,3.797,5.886
0.914,2.316,6.673
0.27,-0.065,5.058
-0.967,-2.637,6.211
-1.306,-3.158,7.742
-1.096,-0.452,9.051
-0.266,2.402,8.843
0.242,2.261,6.931
1.318,-0.256,6.182
1.821,-1.778,6.826
1.715,0.108,7.97
1.625,-0.194,9.518
0.854,-2.45,10.295
0.268,-2.18,9.465
1.479,-0.359,9.183
2.524,0.352,8.386
3.725,0.849,8.742
2.113,0.483,13.523
-2.948,3.991,18.54
-2.271,2.768,13.841
3.218,-2.629,10.121
2.17,-2.388,9.07
2.39,2.603,8.259
5.094,2.689,7.532
3.981,-2.689,8.795
1.108,-7.278,11.776
2.876,-10.927,8.269
5.314,-7.867,6.376
3.919,-6.092,7.573
3.976,-5.256,8.285
4.503,-3.728,8.685
2.981,-3.883,9.372
3.618,-3.275,8.266
3.326,-2.62,8.589
3.467,-2.919,8.716
3.984,-3.326,7.812
3.61,-5.606,8.254
3.182,-5.603,7.307
3.584,-4.725,7.372
4.307,-3.201,7.537
4.127,-4.132,7.872
3.926,-4.922,7.403
4.4,-5.209,6.79
5.579,-3.924,7.575
5.228,-3.56,8.826
5.661,-3.424,8.532
5.735,-3.065,8.08
5.46,-3.586,7.393
5.443,-3.821,7.13
5.582,-3.307,7.252
5.871,-2.637,8.022
6.312,-2.23,7.991
6.625,-2.048,8.142
6.56,-2.271,8.094
6.307,-2.634,8.085
6.491,-2.586,7.752
6.376,-2.94,7.436
6.084,-2.857,7.419
6.17,-2.483,7.247
6.163,-2.333,7.704
6.381,-2.39,7.785
6.266,-2.711,7.565
6.338,-3.278,7.697
6.297,-2.94,7.922
6.477,-2.763,7.958
6.52,-2.993,8.149
6.778,-3.089,8.319
6.9,-3.022,8.661
6.855,-3.309,8.606
7.266,-4.046,8.597
7.73,-3.127,9.008
7.623,-2.653,8.515
5.955,-3.787,8.058
3.792,-4.18,8.372
3.565,-3.481,8.733
4.541,-3.139,8.613
4.965,-3.077,7.462
4.06,-1.823,9.671
4.386,-1.101,10.85
4.077,-0.512,11.736
3.003,-0.263,11.666
1.349,-1.572,11.453
1.9,-1.424,10.848
0.742,-1.079,10.099
-0.103,-0.428,9.999
-1.866,0.758,11.236
-1.223,2.656,11.953
2.651,4.106,9.869
2.531,2.548,7.695
1.041,0.732,6.582
0.627,-0.136,7.101
0.469,-0.325,7.824
0.045,-0.273,9.109
-0.577,0.412,9.812
-0.048,1.548,10.123
1.115,2.596,9.721
1.749,2.543,9.728
1.378,1.672,9.391
0.804,0.677,9.216
0.117,0.301,9.41
-0.244,-0.172,9.417
-0.091,-0.053,9.893
0.227,0.412,9.254
0.572,-0.218,9.288
0.017,0.108,9.321
-0.646,0.778,10.202
-0.354,1.641,10.202
0.273,2.211,9.884
0.773,2.113,9.774
0.098,1.613,10.008
-0.474,1.385,10.101
-0.498,1.055,10.042
-0.459,0.835,10.413
-0.014,0.804,9.604
0.203,0.818,9.137
-0.318,0.756,9.604
-0.845,0.986,9.81
-1.194,1.148,10.149
-1.495,0.608,10.25
-1.402,0.249,10.039
-1.316,0.072,9.924
-1.132,0.206,9.826
-0.531,0.737,9.776
0.524,1.22,9.467
1.069,1.266,9.594
0.658,1.074,10.054
0.026,0.763,10.353
-0.029,0.572,10.384
0.179,1.062,10.223
0.127,1.101,10.348
-0.172,1.108,10.116
-0.77,0.617,10.566
-1.12,0.069,10.702
-0.718,-0.041,10.628
-0.395,0.007,10.432
-0.811,-0.122,10.123
-1.294,-0.337,10.085
-1.278,-0.694,10.255
-0.651,-0.935,9.994
-0.773,-0.742,10.006
-1.266,-0.84,9.946
-1.33,-0.902,9.912
-1.055,-1.333,9.829
-0.9,-1.476,9.86
-1.158,-1.821,9.628
-1.213,-2.302,9.269
-0.95,-2.302,9.142
-1.014,-2.603,9.173
-1.268,-3.041,9.116
-1.409,-3.256,9.125
-1.433,-3.216,9.087
-1.333,-2.852,8.769
-1.986,-3.503,9.487
-3.866,-4.725,11.728
-5.852,-6.312,9.601
-4.563,-6.929,8.439
-3.486,-5.522,8.144
-3.364,-1.885,10.104
-4.204,1.18,10.549
-2.658,1.129,10.046
-0.73,0.763,9.317
0.029,-2.196,8.405
-0.182,-4.85,8.69
0.409,3.854,8.113
-5.02,-0.469,10.049
3.979,0.117,10.149
0.725,-4.61,9.188
-2.366,-5.809,9.259
1.732,-1.177,8.939
0.553,-0.933,10.03
1.378,-0.591,9.199
0.739,-1.546,8.876
3.974,0.122,8.798
0.787,-1.531,9.216
0.766,-0.926,9.276
1.352,-2.316,8.458
0.122,-4.228,9.228
-1.311,-2.4,10.262
-0.581,-2.393,9.432
0.139,-1.55,9.209
4.567,2.041,8.051
6.972,-0.67,7.979
3.809,-6.647,8.853
-0.971,-1.172,12.575
0.577,-2.603,11.858
0.067,-3.689,10.647
1.27,-5.02,8.216
0.608,-5.201,9.149
0.696,-2.149,12.138
2.972,-4.584,9.496
4.689,-3.941,9.436
6.225,1.517,10.121
3.84,-4.118,5.249
3.161,-1.816,9.582
1.184,-2.924,10.628
1.314,-1.079,9.506
2.237,-1.381,10.018
1.414,-3.098,8.776
1.381,-2.529,9.199
0.282,-2.728,10.061
0.287,-3.18,9.453
0.072,-2.902,10.044
0.227,-3.139,9.601
0.402,-3.831,9.099
-1.302,-4.369,9.979
-1.225,-3.56,10.173
0.847,-2.302,10.616
1.407,-2.168,9.695
-0.392,-2.747,10.085
-0.148,-3.402,9.415
1.543,-2.742,9.556
-0.593,-3.888,9.778
-2.397,-3.73,9.991
-0.091,-4.264,9.125
1.428,-2.536,8.795
0.299,-2.326,9.367
-0.998,-3.62,9.977
-4.024,-6.343,10.633
-4.0,-3.907,11.035
-2.617,-3.728,10.616
-2.68,-3.156,10.951
-0.787,-3.426,9.79
-0.579,-3.613,9.341
-1.096,-2.838,9.726
-1.165,-2.924,9.671
-0.368,-3.524,9.085
-0.053,-3.862,8.891
-0.847,-3.682,6.053
2.539,-5.101,7.19
-0.88,-3.046,8.975
-0.041,-3.854,9.183
-0.869,-2.792,9.262
0.354,-3.474,8.778
0.648,-2.125,8.982
-0.864,-2.708,9.798
-1.799,-3.62,10.781
-1.402,-4.512,10.066
-2.558,-4.048,10.204
-5.012,-5.448,11.453
-7.29,-8.111,10.355
-3.397,-6.278,9.898
0.01,-3.63,9.513
-0.842,-3.122,9.183
-0.677,-3.488,8.577
-0.397,-2.775,8.427
-0.646,-2.852,8.826
0.074,-2.926,8.608
0.139,-3.586,8.711
-0.098,-4.0,8.843
-0.627,-3.926,8.501
-0.857,-5.213,8.886
-1.665,-5.553,8.872
-0.907,-4.704,9.121
-1.022,-3.797,9.884
-1.05,-3.051,9.656
-0.974,-4.505,9.075
-1.043,-4.256,9.128
-0.464,-3.85,9.051
-1.01,-4.41,9.357
-0.988,-3.397,9.216
-0.354,-3.67,9.3
-1.22,-3.39,9.568
-0.498,-3.232,9.061
-0.761,-3.098,8.415
-1.014,-4.185,8.948
-2.627,-4.527,9.967
-1.876,-5.283,9.051
-0.95,-4.68,9.577
-0.945,-4.323,9.659
-2.067,-5.24,9.379
-2.452,-4.843,9.4
-1.55,-4.163,9.257
-2.28,-3.967,9.374
-1.83,-3.285,9.601
-0.914,-2.847,9.434
-1.44,-3.328,9.199
-2.108,-3.354,9.097
-2.503,-5.201,8.448
-1.756,-5.809,8.798
-1.548,-4.505,8.742
0.713,-2.943,9.716
-1.866,-4.283,9.606
-2.232,-5.737,9.563
-2.428,-5.981,9.384
-2.419,-4.027,9.522
-1.622,-4.742,8.891
-1.196,-3.814,8.628
-0.658,-3.871,8.46
-1.113,-4.309,8.699
-1.354,-4.45,8.467
-1.634,-4.95,8.64
-1.802,-4.364,8.742
-2.742,-4.931,9.558
-2.984,-4.407,9.149
-4.405,-3.163,10.953
-1.684,-4.728,8.939
-1.943,-3.821,9.147
-1.859,-4.524,9.238
-2.613,-5.008,9.099
-2.83,-4.429,8.774
-3.017,-4.534,9.051
-2.579,-4.735,9.07
-2.153,-4.625,9.295
-1.768,-4.467,9.015
-1.713,-4.548,8.788
-1.873,-4.371,8.848
-2.175,-3.586,8.97
-1.95,-3.936,9.058
-1.694,-3.692,9.054
-1.778,-3.993,8.879
-1.771,-4.098,8.86
-2.196,-4.187,8.865
-2.151,-4.673,8.908
-2.737,-4.41,8.908
-1.9,-4.278,9.034
-1.854,-3.701,9.14
-2.388,-4.307,9.374
-2.141,-3.895,9.345
-2.417,-3.744,9.298
-2.029,-3.998,9.252
-2.18,-4.51,9.173
-2.342,-4.572,9.18
-2.216,-4.137,9.118
-2.304,-4.187,8.891
-2.053,-3.996,8.814
-1.802,-4.144,8.781
-1.995,-4.338,8.853
-2.024,-4.276,8.853
-2.366,-4.493,9.008
-2.254,-4.323,9.121
-2.199,-3.969,9.008
-2.297,-3.996,9.039
-2.421,-4.465,9.039
-2.417,-4.376,9.08
-2.321,-4.57,9.051
-2.271,-4.608,8.931
-2.285,-4.201,8.903
-2.225,-4.378,8.774
-2.225,-4.352,8.819
-2.007,-4.424,8.783
-2.103,-4.421,8.74
-2.383,-4.936,8.608
-2.225,-4.235,8.769
-2.283,-3.606,8.879
-2.263,-4.118,8.766
-1.957,-4.338,8.606
-2.56,-4.811,8.714
-2.706,-5.635,8.671
-2.519,-4.771,8.817
-2.629,-4.953,8.757
-2.431,-4.969,8.551
-2.438,-5.065,8.575
-2.72,-5.481,9.013
-2.663,-5.256,9.178
-2.402,-4.582,9.07
-2.304,-4.776,8.793
-1.881,-4.74,8.52
-1.96,-4.673,8.453
-2.373,-4.687,8.623
-2.419,-4.874,8.546
-2.151,-4.852,8.58
-2.125,-5.003,8.68
-2.146,-4.744,8.711
-2.065,-4.74,8.453
-2.357,-4.575,8.53
-2.314,-4.74,8.664
-2.172,-4.972,8.726
-2.311,-4.929,8.819
-2.268,-4.945,8.625
-2.323,-4.828,8.46
-2.098,-4.936,8.458
-1.981,-4.345,8.668
-2.132,-5.017,8.656
-2.299,-5.402,8.599
-2.405,-4.938,8.745
-2.237,-4.704,8.592
-2.098,-4.185,8.762
-1.976,-4.589,8.781
-2.163,-4.912,8.754
-2.369,-5.101,8.795
-2.278,-5.517,8.666
-2.426,-5.158,8.814
-2.507,-5.008,8.714
-2.45,-4.929,8.635
-2.462,-4.878,8.601
-2.273,-5.276,8.453
-2.127,-5.048,8.477
-2.062,-4.733,8.52
-2.077,-5.051,8.506
-2.196,-4.828,8.482
-2.204,-4.838,8.64
-2.354,-4.859,8.754
-2.299,-4.936,8.623
-2.39,-5.295,8.424
-2.127,-5.142,8.415
-2.218,-4.795,8.577
-2.283,-4.883,8.752
-2.268,-4.788,8.608
-2.127,-5.063,8.573
-2.113,-4.883,8.324
-2.488,-4.481,8.635
-2.529,-4.883,8.771
-2.467,-5.307,8.58
-2.51,-5.702,9.046
-2.515,-4.969,9.111
-2.661,-4.503,8.884
-2.517,-4.668,8.819
-2.39,-4.728,8.642
-2.263,-5.297,8.635
-2.134,-5.075,8.618
-2.098,-4.752,8.58
-1.811,-4.766,8.398
-1.488,-4.419,8.221
-1.857,-4.546,8.558
-1.979,-4.457,8.79
-2.34,-3.89,8.747
-2.649,-3.168,8.199
-2.876,-4.055,8.137
-2.804,-5.462,8.379
-2.759,-6.991,9.176
-3.376,-7.628,10.865
-3.141,-5.395,10.669
-2.244,-2.967,8.699
-2.01,-2.811,7.501
-2.036,-3.378,7.405
-1.637,-4.713,7.869
-2.527,-4.955,8.431
-2.582,-5.228,8.611
-2.407,-4.273,9.101
-2.677,-4.902,8.963
-2.244,-4.723,8.747
-2.472,-4.981,8.764
-2.615,-5.395,8.807
-2.967,-4.477,9.19
-2.754,-4.852,8.888
-2.067,-4.67,8.472
-2.06,-4.926,8.173
-2.077,-4.685,8.211
-2.251,-4.295,8.441
-2.515,-4.716,8.79
-2.957,-4.843,9.4
-2.658,-4.579,9.266
-2.79,-4.883,9.221
-2.615,-4.661,8.841
-2.421,-4.386,8.542
-2.23,-4.247,8.274
-2.206,-4.23,8.345
-2.247,-5.06,8.443
-2.345,-5.259,8.623
-2.07,-4.718,8.836
-2.354,-4.433,8.948
-2.172,-4.74,8.841
-2.249,-4.804,8.63
-1.976,-4.919,8.405
-2.158,-4.532,8.539
-2.175,-4.244,8.819
-2.211,-4.34,8.664
-2.541,-4.309,8.687
-2.29,-4.668,8.307
-2.428,-4.869,8.3
-2.785,-4.165,9.616
-4.027,-3.036,10.252
-3.397,-4.51,8.996
-3.374,-5.003,8.9
-2.613,-5.556,8.987
-2.11,-6.285,8.766
-2.134,-5.699,8.376
-1.613,-4.967,8.183
-1.254,-4.917,7.893
-1.881,-4.821,7.977
-2.218,-3.962,8.759
-2.359,-3.761,9.338
-2.34,-3.747,9.252
-2.431,-3.637,9.207
-2.369,-3.653,8.912
-2.589,-3.852,9.257
-2.684,-3.976,9.197
-2.598,-4.364,8.833
-2.383,-4.594,8.711
-2.218,-4.924,8.441
-2.546,-4.79,8.955
-2.522,-4.443,8.92
-2.4,-4.68,8.673
-2.342,-4.79,8.771
-2.113,-4.685,9.001
-2.094,-4.823,8.723
-2.031,-4.481,8.731
-2.144,-3.548,9.147
-2.196,-3.759,9.231
-2.467,-4.252,9.264
-2.541,-4.11,9.331
-2.4,-4.343,9.152
-2.354,-3.902,8.955
-2.278,-4.235,8.79
-2.285,-4.268,8.771
-2.407,-4.512,8.752
-2.515,-4.589,8.843
-2.419,-4.512,8.798
-2.323,-4.553,8.565
-2.412,-4.354,8.896
-2.567,-4.577,9.121
-2.591,-4.666,9.199
-2.187,-4.369,9.099
-2.254,-4.247,8.692
-2.361,-4.11,8.68
-2.378,-4.405,8.494
-2.579,-4.369,8.898
-2.62,-4.465,8.896
-2.539,-4.457,8.943
-2.373,-4.527,8.886
-2.424,-4.529,8.893
-2.371,-4.548,8.903
-2.448,-4.56,8.85
-2.421,-4.359,8.862
-2.476,-4.477,8.934
-2.452,-4.168,9.025
-2.452,-4.316,8.948
-2.455,-4.182,8.948
-2.33,-3.984,8.958
-2.45,-4.127,8.96
-2.57,-4.364,8.898
-2.524,-4.701,8.948
-2.426,-4.52,8.819
-2.259,-4.328,8.702
-2.364,-4.189,8.924
-2.266,-4.345,8.781
-2.024,-4.529,8.865
-2.933,-5.235,8.783
-2.823,-6.245,10.501
-2.122,-3.096,8.336
-2.079,-3.553,10.039
-2.639,-4.304,8.451
-1.608,-3.704,8.285
-2.512,-3.857,8.814
-2.134,-4.096,8.817
-2.187,-4.0,9.099
-2.309,-4.094,9.13
-2.184,-4.376,9.006
-2.407,-4.572,8.998
-2.388,-4.448,9.08
-2.352,-3.816,9.097
-2.175,-3.651,8.965
-2.524,-3.976,9.022
-2.79,-3.996,9.104
-2.711,-3.929,9.173
-2.567,-4.118,9.099
-2.428,-4.225,9.03
-2.318,-4.17,8.786
-2.541,-4.168,8.862
-2.481,-4.201,8.8
-2.275,-3.919,8.372
-1.347,-2.797,9.881
-2.505,-3.362,10.106
-2.998,-4.656,9.154
-2.61,-4.206,8.958
-2.041,-3.319,9.264
-2.201,-3.886,9.211
-2.519,-3.768,9.331
-2.249,-3.476,9.19
-2.373,-3.689,9.051
-2.359,-3.826,9.173
-2.285,-3.744,9.214
-2.371,-3.72,9.221
-2.306,-3.704,9.171
-2.22,-3.972,9.001
-2.519,-3.998,9.082
-2.33,-3.969,9.264
-2.297,-3.79,9.29
-2.493,-3.931,9.355
-2.309,-3.85,9.082
-2.371,-3.551,9.173
-2.141,-3.62,9.156
-2.393,-3.804,8.977
-2.457,-3.931,9.03
-2.417,-3.546,9.451
-2.433,-3.366,9.384
-2.55,-3.697,9.015
-2.328,-3.795,8.951
-2.417,-3.907,9.082
-2.376,-4.034,9.238
-2.254,-3.795,9.245
-2.082,-3.814,8.982
-2.11,-4.158,8.86
-2.103,-4.024,9.075
-2.115,-4.455,9.077
-2.105,-3.936,8.97
-2.079,-3.263,8.652
-1.663,-3.407,8.731
-2.634,-3.319,9.671
-3.144,-3.51,10.037
-2.723,-3.228,9.836
-2.11,-3.582,9.465
-2.05,-3.869,8.97
-2.546,-3.852,8.886
-2.283,-3.536,9.216
-2.268,-3.33,9.429
-2.381,-3.388,9.353
-2.438,-3.517,9.343
-2.448,-3.433,9.558
-2.137,-3.074,9.688
-2.259,-3.017,9.757
-2.156,-3.189,9.688
-2.302,-3.467,9.415
-2.06,-3.472,9.35
-1.84,-3.457,9.29
-1.878,-3.73,9.195
-1.969,-4.058,9.015
-1.979,-3.869,9.223
-2.318,-3.534,9.254
-2.213,-3.522,9.228
-2.531,-3.173,9.369
-2.395,-3.211,9.204
-2.689,-3.319,9.31
-2.596,-3.204,9.341
-2.345,-3.347,9.259
-2.417,-3.448,9.288
-2.208,-3.314,9.183
-2.216,-3.22,9.326
-2.165,-3.323,9.35
-2.05,-3.211,9.546
-2.103,-3.139,9.635
-2.022,-3.374,9.446
-2.493,-3.216,9.436
-1.988,-2.929,9.439
-2.287,-2.969,9.647
-2.309,-3.563,9.551
-2.146,-3.962,9.317
-2.17,-3.613,9.233
-2.218,-3.601,8.994
-2.139,-3.756,9.176
-2.352,-3.67,9.266
-2.342,-3.73,9.278
-2.108,-3.799,9.259
-2.278,-3.57,9.424
-2.285,-3.45,9.534
-2.003,-3.302,9.345
-2.122,-3.177,9.054
-2.16,-3.402,9.008
-2.227,-3.577,9.135
-2.491,-3.505,9.551
-2.486,-3.419,9.534
-2.414,-3.448,9.439
-2.39,-3.419,9.422
-2.273,-3.505,9.367
-2.141,-3.484,9.436
-1.995,-3.402,9.441
-1.983,-3.534,9.324
-2.115,-3.67,9.286
-2.146,-3.785,9.266
-2.189,-3.756,9.262
-2.232,-3.706,9.178
-2.266,-3.67,9.099
-2.354,-3.484,9.137
-2.474,-3.613,9.235
-2.445,-3.531,9.329
-2.373,-3.558,9.219
-2.481,-3.582,9.3
-2.103,-3.424,9.257
-2.225,-3.452,9.238
-2.311,-3.515,9.329
-2.361,-3.433,9.326
-2.338,-3.407,9.324
-2.29,-3.493,9.453
-2.206,-3.618,9.405
-2.156,-3.582,9.192
-2.127,-3.668,9.24
-2.199,-3.517,9.281
-2.306,-3.586,9.379
-2.314,-3.68,9.274
-2.271,-3.598,9.219
-2.28,-3.374,9.333
-2.804,-3.661,8.824
-2.189,-2.634,10.109
-2.39,-3.441,9.599
-1.938,-3.756,9.188
-2.237,-3.579,9.178
-2.481,-3.814,8.998
-2.345,-3.412,9.302
-2.409,-3.5,9.326
-2.397,-3.397,9.384
-2.311,-3.407,9.357
-2.275,-3.567,9.386
-2.153,-3.591,9.329
-2.132,-3.63,9.233
-2.247,-3.625,9.264
-2.28,-3.73,9.216
-2.33,-3.857,9.197
-2.345,-3.706,9.226
-2.213,-3.618,9.168
-2.275,-3.586,9.25
-2.311,-3.536,9.331
-2.326,-3.531,9.333
-2.292,-3.469,9.283
-2.292,-3.457,9.274
-2.216,-3.606,9.398
-2.316,-3.646,9.453
-2.306,-3.531,9.231
-1.926,-2.998,9.51
-1.952,-2.857,9.551
-2.345,-3.864,9.307
-2.306,-3.673,9.214
-2.409,-3.527,9.329
-2.218,-3.622,9.233
-2.4,-3.618,9.183
-2.321,-3.546,9.329
-2.292,-3.637,9.388
-2.187,-3.584,9.384
-2.156,-3.56,9.432
-2.127,-3.692,9.403
-2.134,-3.481,9.422
-2.201,-3.448,9.25
-2.347,-3.39,9.154
-2.373,-3.486,9.238
-2.354,-3.594,9.324
-2.402,-3.704,9.223
-2.242,-3.682,9.116
-2.371,-3.785,9.123
-2.483,-3.828,9.154
-2.354,-3.716,9.264
-2.321,-3.596,9.403
-2.172,-3.464,9.357
-2.192,-3.335,9.329
-2.259,-3.359,9.329
-2.249,-3.385,9.336
-2.376,-3.488,9.329
-2.345,-3.548,9.329
-2.299,-3.627,9.3
-2.273,-3.527,9.266
-2.409,-3.563,9.288
-2.402,-3.646,9.269
-2.335,-3.589,9.211
-2.294,-3.584,9.219
-2.354,-3.632,9.341
-2.314,-3.646,9.281
-2.452,-3.577,9.424
-1.902,-3.445,8.726
-1.684,-2.658,10.051
-3.141,-3.553,9.889
-2.682,-4.479,8.955
-2.113,-3.661,9.034
-2.165,-3.704,9.274
-2.125,-3.802,9.298
-2.139,-3.309,9.278
-2.091,-3.424,9.259
-2.35,-3.534,9.331
-2.407,-3.558,9.424
-2.342,-3.639,9.353
-2.309,-3.627,9.266
-2.309,-3.553,9.259
-2.309,-3.572,9.317
-2.328,-3.572,9.29
-2.304,-3.412,9.293
-2.29,-3.417,9.274
-2.309,-3.374,9.329
-2.385,-3.443,9.496
-2.268,-3.474,9.336
-2.285,-3.565,9.319
-2.294,-3.558,9.199
-2.299,-3.498,9.29
-2.299,-3.505,9.405
-2.35,-3.558,9.369
-2.294,-3.522,9.331
-2.223,-3.397,9.312
-2.254,-3.378,9.391
-2.273,-3.438,9.276
-2.287,-3.476,9.274
-2.39,-3.522,9.221
-2.445,-3.728,9.377
-2.318,-3.72,9.298
-2.196,-3.656,9.259
-2.259,-3.732,9.257
-2.297,-3.522,9.293
-2.383,-3.443,9.333
-2.139,-3.125,9.147
-2.096,-2.213,10.372
-2.134,-4.077,9.042
-2.287,-4.027,9.302
-2.79,-3.608,9.044
-2.01,-3.744,9.094
-2.369,-3.371,9.422
-2.22,-3.421,9.451
-2.235,-3.362,9.329
-2.304,-3.424,9.405
-2.338,-3.34,9.467
-2.306,-3.409,9.403
-2.302,-3.522,9.35
-2.306,-3.534,9.302
-2.23,-3.51,9.331
-2.192,-3.452,9.25
-2.268,-3.462,9.274
-2.395,-3.496,9.293
-2.476,-3.536,9.331
-2.483,-3.402,9.362
-2.414,-3.395,9.441
-2.311,-3.436,9.484
-2.177,-3.405,9.314
-2.172,-3.319,9.276
-2.165,-3.369,9.369
-2.287,-3.417,9.422
-2.261,-3.462,9.35
-2.311,-3.598,9.317
-2.299,-3.496,9.365
-2.22,-3.438,9.369
-2.321,-3.457,9.353
-2.326,-3.527,9.271
-2.263,-3.553,9.345
-2.306,-3.584,9.369
-2.438,-3.512,8.927
-1.376,-3.019,9.424
-2.271,-2.417,10.369
-2.866,-4.264,9.53
-2.385,-4.295,8.582
-2.101,-3.24,9.159
-2.383,-3.524,9.415
-2.428,-3.218,9.448
-2.239,-3.07,9.439
-2.168,-3.335,9.403
-2.316,-3.252,9.494
-2.29,-3.335,9.372
-2.385,-3.519,9.29
-2.417,-3.56,9.312
-2.366,-3.436,9.417
-2.297,-3.491,9.331
-2.275,-3.462,9.321
-2.247,-3.493,9.283
-2.285,-3.539,9.321
-2.302,-3.531,9.331
-2.328,-3.558,9.341
-2.393,-3.625,9.362
-2.263,-3.531,9.432
-2.16,-3.409,9.343
-2.256,-3.563,9.216
-2.304,-3.586,9.266
-2.323,-3.441,9.343
-2.304,-3.481,9.319
-2.338,-3.474,9.338
-2.299,-3.491,9.305
-2.309,-3.357,9.348
-2.321,-3.385,9.369
-2.352,-3.429,9.333
-2.364,-3.479,9.379
-2.287,-3.438,9.305
-2.263,-3.448,9.264
-2.333,-3.421,9.365
-2.352,-3.383,9.448
-2.29,-3.316,9.403
-2.323,-3.429,9.381
-2.388,-3.362,9.381
-2.285,-3.278,9.333
-2.33,-3.385,9.405
-2.333,-3.417,9.381
-2.33,-3.366,9.329
-2.328,-3.443,9.264
-2.338,-3.519,9.214
-2.46,-3.591,9.403
-2.364,-3.558,9.412
-2.316,-3.503,9.398
-2.924,-3.603,8.441
-1.361,-2.775,10.015
-2.833,-3.072,9.755
-2.586,-4.505,8.805
-2.105,-3.345,9.252
-2.28,-3.287,9.441
-2.285,-3.362,9.451
-3.113,-3.51,8.08
-0.677,-2.864,10.068
-2.94,-2.462,10.609
-3.192,-4.737,8.991
-2.091,-4.077,8.766
-2.204,-3.374,9.075
-2.326,-3.778,9.312
-2.852,-3.445,8.242
-0.615,-2.606,10.001
-2.895,-2.263,10.977
-3.015,-4.869,8.963
-1.974,-3.608,8.996
-2.07,-3.237,9.159
-2.177,-3.653,9.312
-3.515,-3.508,7.656
-0.438,-1.665,11.078
-3.469,-2.661,10.657
-3.017,-5.503,8.443
-1.96,-3.632,8.752
-2.192,-3.565,8.977
-2.462,-3.639,9.355
-2.84,-2.967,8.415
-0.869,-1.823,10.805
-2.945,-2.981,10.434
-2.998,-4.869,8.819
-1.692,-3.345,8.783
-2.149,-3.503,8.97
-2.395,-3.744,9.417
-2.28,-3.072,8.613
-1.278,-1.711,10.881
-3.491,-3.24,10.31
-2.701,-4.625,8.939
-1.782,-3.036,9.164
-1.991,-3.708,9.101
-2.101,-3.488,9.156
-1.608,-2.699,9.286
-2.06,-1.835,10.788
-3.249,-3.991,9.616
-2.397,-4.137,8.824
-2.294,-3.0,9.116
-2.443,-3.665,9.252
-2.83,-3.498,8.197
-0.744,-2.299,10.444
-3.201,-3.046,10.295
-2.914,-4.948,8.951
-1.878,-3.534,8.955
-2.115,-3.503,9.03
-2.084,-3.713,9.231
-2.16,-2.957,9.417
-1.938,-3.082,9.35
-2.625,-2.728,10.262
-2.541,-3.998,9.178
-2.314,-3.589,9.082
-2.196,-3.326,9.166
-2.259,-3.508,9.269
-2.347,-3.12,9.575
-2.352,-3.237,9.386
-2.194,-3.278,9.515
-2.287,-3.12,9.664
-2.309,-3.596,9.231
-2.232,-3.395,9.228
-2.261,-3.098,9.372
-2.366,-3.385,9.135
-1.976,-3.216,9.525
-2.259,-2.62,10.336
-2.806,-3.79,9.353
-2.204,-3.665,9.075
-2.419,-3.144,9.197
-2.467,-3.668,9.121
-2.304,-3.273,9.345
-2.256,-3.304,9.412
-2.314,-3.508,9.499
-2.342,-3.45,9.501
-2.208,-3.464,9.338
-2.211,-3.512,9.257
-2.196,-3.508,9.305
-2.28,-3.472,9.274
-2.395,-3.467,9.345
-2.33,-3.316,9.46
-2.373,-3.323,9.537
-2.35,-3.369,9.35
-2.237,-3.347,9.321
-2.292,-3.352,9.388
-2.206,-3.33,9.429
-2.268,-3.225,9.499
-2.263,-3.268,9.549
-2.292,-3.34,8.881
-0.821,-2.964,9.429
-2.232,-2.263,10.532
-3.223,-4.316,9.549
-2.479,-4.371,8.766
-2.232,-2.984,9.329
-2.402,-3.271,9.429
-2.28,-2.955,9.458
-2.199,-2.763,9.472
-2.189,-3.134,9.398
-2.256,-3.182,9.585
-2.137,-3.139,9.676
-2.101,-3.397,9.475
-2.074,-3.46,9.345
-2.144,-3.414,9.245
-2.242,-3.536,9.231
-2.45,-3.405,9.278
-2.512,-3.268,9.343
-2.519,-3.24,9.446
-2.536,-3.046,9.501
-2.433,-2.881,9.534
-2.352,-2.878,9.482
-2.323,-3.134,9.513
-2.29,-3.328,9.487
-2.079,-3.316,9.415
-0.998,-3.139,9.587
-2.405,-3.204,10.099
-2.876,-4.051,9.41
-1.835,-3.642,8.946
-2.306,-3.208,9.321
-2.302,-3.285,9.496
-2.354,-2.857,9.566
-2.259,-2.919,9.532
-2.218,-3.096,9.506
-2.271,-3.12,9.582
-2.187,-3.168,9.496
-2.318,-3.323,9.393
-2.405,-3.285,9.386
-2.405,-3.208,9.367
-2.35,-3.302,9.415
-2.244,-3.24,9.508
-2.251,-3.194,9.467
-2.149,-3.228,9.369
-2.213,-3.247,9.302
-2.153,-3.196,9.415
-2.165,-3.376,9.331
-2.385,-3.311,9.434
-2.283,-3.273,9.367
-2.412,-3.321,9.41
-2.239,-3.429,9.412
-2.237,-3.326,9.412
-2.187,-3.309,9.446
-2.077,-3.242,9.353
-2.294,-3.082,9.444
-2.371,-3.168,9.499
-2.247,-3.161,9.532
-2.127,-2.991,9.503
-2.216,-3.24,9.489
-2.275,-3.263,9.321
-2.409,-3.405,9.398
-2.283,-3.417,9.321
-2.424,-3.436,9.384
-2.254,-3.5,9.405
-2.189,-3.335,9.467
-2.144,-3.266,9.429
-2.065,-3.536,9.274
-2.373,-3.342,9.573
-2.254,-3.175,9.554
-1.792,-3.189,9.135
-2.62,-3.493,9.628
-2.031,-3.364,9.499
-2.249,-2.869,9.707
-1.931,-2.871,9.508
-0.852,-1.988,10.104
-2.306,-3.653,8.168
-5.256,-7.372,9.496
-3.704,-3.034,10.456
-1.524,-2.395,9.893
-2.366,-2.376,9.788
-1.747,-2.888,9.085
-2.464,-3.283,9.434
-0.799,-1.421,11.13
-2.704,-2.704,9.53
-2.627,-2.847,9.666
-1.747,-2.177,9.786
-2.058,-2.345,9.85
-2.086,-2.907,9.745
-1.96,-2.598,9.613
-2.048,-2.479,9.604
-2.251,-2.687,9.594
-2.132,-3.374,9.252
-2.491,-3.187,9.755
-1.802,-2.108,10.018
-1.842,-2.694,9.68
-2.584,-3.833,8.762
-1.83,-5.9,9.81
-4.264,-1.55,8.166
-0.34,-2.4,9.348
-3.965,-2.888,9.922
-2.998,-4.898,8.362
-2.395,-1.345,9.833
-2.531,-0.883,9.783
-2.137,-0.122,10.747
-1.976,-1.986,10.704
-2.582,-0.522,11.07
-1.457,1.459,9.781
-1.737,-0.383,9.573
-2.062,-1.45,9.69
-1.672,-0.859,9.594
-2.036,-0.859,10.125
-1.237,0.167,10.101
-2.816,0.486,9.633
-2.373,-0.457,9.704
-1.806,1.369,10.64
-1.29,-0.694,10.917
-0.455,0.684,10.238
-0.014,0.184,9.948
0.019,0.921,10.2
-0.127,1.211,10.271
-0.605,0.304,10.456
-0.653,1.136,10.494
-0.426,0.179,10.142
-0.974,-0.129,11.133
-1.038,0.613,10.161
-0.943,0.373,10.185
-1.101,0.835,10.14
-1.297,0.34,9.994
-1.184,0.699,9.934
-0.797,0.479,9.872
-0.988,1.345,10.058
-1.069,0.603,10.094
-1.266,0.589,10.379
-1.168,0.971,10.202
-1.103,0.95,10.097
-1.247,1.601,10.295
-0.888,0.845,10.142
-1.12,0.359,9.905
-1.172,1.227,9.932
-1.247,1.122,10.073
-1.55,1.263,10.123
-0.964,0.514,10.013
-1.053,0.16,10.082
-0.952,0.806,10.08
-1.036,0.617,10.123
-1.23,0.141,10.401
-1.074,0.304,10.106
-1.158,0.223,10.161
-0.995,0.538,9.965
-0.986,0.562,10.214
-0.931,0.665,10.173
-0.981,0.756,10.027
-1.046,0.313,9.951
-1.079,0.488,10.264
-0.995,0.5,10.293
-1.007,0.584,10.082
-0.952,0.304,9.814
-0.995,0.402,9.953
-1.096,0.445,10.262
-1.098,0.38,10.381
-1.019,0.423,10.142
-0.976,0.462,10.039
-1.062,0.479,10.008
-1.089,0.615,10.295
-1.01,0.534,10.14
-1.002,0.581,10.02
-1.069,0.495,9.994
-1.081,0.608,10.149
-1.108,0.414,10.288
-0.993,0.557,10.142
-1.16,0.751,10.106
-1.084,0.785,10.073
-1.218,0.813,10.197
-1.132,0.519,10.226
-1.024,0.541,10.13
-0.979,0.639,10.085
-0.995,0.546,10.14
-1.079,0.49,10.113
-1.077,0.581,10.128
-0.957,0.565,10.044
-0.916,0.297,10.018
-0.991,0.383,9.972
-1.019,0.51,9.975
-1.129,0.624,10.075
-1.316,0.526,10.168
-1.242,0.433,10.09
-1.043,0.462,10.015
-0.993,0.356,10.023
-1.089,0.49,10.14
-1.105,0.471,10.31
-1.017,0.567,10.255
-0.947,0.51,10.123
-0.876,0.474,10.042
-0.895,0.603,10.006
-0.957,0.622,10.042
-1.036,0.675,10.09
-1.096,0.565,10.216
-1.148,0.584,10.106
-1.048,0.699,10.085
-1.113,0.617,10.066
-1.201,0.572,10.221
-1.187,0.629,10.317
-1.134,0.663,10.128
-0.921,0.356,9.869
-1.022,0.469,10.015
-1.127,0.474,10.128
-1.048,0.409,10.35
-0.969,0.483,10.188
-0.969,0.593,9.999
-1.086,0.428,10.082
-1.136,0.498,10.338
-0.998,0.404,10.298
-0.775,0.414,9.936
-0.957,0.423,9.874
-1.069,0.304,10.078
-1.093,0.51,10.228
-0.979,0.33,10.061
-0.818,0.445,9.999
-0.919,0.203,9.889
-1.031,0.316,10.159
-1.115,0.378,10.281
-1.072,0.431,10.214
-0.95,0.431,10.08
-1.01,0.345,10.003
-1.01,0.301,10.118
-0.976,0.304,10.161
-0.976,0.5,10.08
-0.986,0.385,10.001
-1.189,0.366,10.192
-1.242,0.49,10.302
-0.974,0.51,10.159
-0.967,0.457,9.963
-1.103,0.404,10.087
-1.218,0.388,10.219
-1.163,0.407,10.085
-1.084,0.476,10.061
-1.067,0.505,10.044
-1.203,0.402,10.049
-1.34,0.333,10.3
-1.211,0.129,10.135
-0.921,0.144,9.908
-0.912,0.333,9.953
-0.904,0.522,10.094
-1.139,0.337,10.267
-1.148,0.366,10.245
-1.048,0.352,9.97
-0.969,0.56,9.891
-1.038,0.555,9.862
-1.141,0.433,10.188
-1.223,0.636,10.29
-1.22,0.557,10.116
-1.208,0.531,10.073
-1.235,0.412,9.982
-1.294,0.275,10.286
-1.258,0.38,10.365
-1.091,0.366,10.118
-0.993,0.364,10.058
-1.077,0.278,10.006
-1.026,0.333,9.979
-1.158,0.476,10.156
-1.242,0.462,10.128
-1.23,0.426,10.109
-1.227,0.514,10.094
-1.215,0.404,10.085
-1.189,0.419,10.063
-1.148,0.251,10.006
-1.146,0.189,10.078
-1.141,0.141,9.991
-1.177,0.053,10.032
-1.134,0.227,9.999
-1.122,0.33,9.929
-1.177,0.536,10.023
-1.256,0.349,10.008
-1.299,0.354,10.159
-1.292,0.321,10.212
-1.237,0.536,10.29
-1.275,0.56,10.226
-1.23,0.356,10.034
-1.144,0.471,10.078
-1.055,0.445,10.171
-1.12,0.51,10.154
-1.101,0.723,9.927
-2.273,-4.333,11.582
1.503,-4.35,7.159
-5.536,0.959,17.059
1.759,4.467,6.58
-1.584,0.072,10.322
-1.306,0.522,10.123
-1.357,0.581,10.121
-1.376,0.447,10.099
-1.452,0.502,10.13
-1.383,0.45,10.118
-1.187,0.378,9.991
-0.914,0.371,10.152
-1.168,0.278,10.051
-1.311,0.488,10.307
-1.213,0.601,10.161
-1.022,0.574,10.116
-0.739,0.16,9.793
-1.034,0.156,10.058
-1.007,0.557,9.807
-1.392,1.11,9.91
-2.036,0.931,10.587
-1.931,3.974,9.601
-1.988,1.352,10.279
-1.768,0.593,9.75
-1.596,0.847,9.874
-1.093,1.065,10.058
-1.043,0.849,9.92
-1.091,0.581,9.879
-1.192,0.835,9.927
-1.44,1.122,9.939
-1.684,1.158,10.188
-1.378,1.256,10.434
-1.349,0.646,9.979
-1.304,0.869,9.946
-1.136,1.007,10.037
-1.069,0.947,10.116
-1.232,1.007,10.267
-1.055,0.684,10.037
-1.433,0.392,9.41
-1.426,0.967,10.14
-0.983,1.184,9.91
-1.314,1.113,10.133
-1.515,0.89,10.063
-1.648,0.979,10.147
-1.433,1.256,10.286
-1.115,0.426,9.745
-0.945,0.689,9.501
-1.888,1.196,9.936
-1.725,1.739,10.386
-1.591,0.663,10.271
-0.481,0.258,9.757
-0.555,1.232,9.845
-0.557,1.912,10.032
-1.072,1.802,9.903
-1.139,0.957,10.293
-0.837,1.632,10.365
-0.677,2.134,10.413
-0.199,1.84,10.099
0.081,1.445,9.967
-0.086,1.383,9.781
0.112,1.285,9.659
-0.256,1.464,9.824
-1.072,0.818,9.896
-1.189,0.711,9.915
-1.026,0.773,10.18
-0.885,1.27,10.346
-0.979,1.596,10.348
-1.0,1.577,10.214
-0.964,1.005,9.845
-0.668,1.268,9.678
-1.101,1.089,9.889
-1.139,1.357,10.08
-1.065,1.043,10.176
-1.05,1.457,10.018
-1.036,1.311,9.977
-1.146,1.471,10.066
-1.258,1.206,9.929
-1.194,1.165,9.924
-0.866,1.352,9.989
-0.919,0.983,10.135
-0.854,1.567,10.111
-1.168,1.215,10.104
-1.091,0.943,9.946
-1.141,0.9,9.984
-1.041,1.223,9.975
-1.175,1.452,9.886
-1.663,1.244,10.027
-1.342,0.287,9.685
0.108,1.519,10.19
0.093,1.751,10.197
-0.325,1.811,9.848
-0.593,1.05,9.881
-0.421,1.282,10.101
-0.323,1.309,10.36
-0.531,1.218,10.106
-4.252,-0.167,9.08
-1.153,0.711,9.757
-1.306,0.584,10.011
-1.148,0.864,10.063
-1.125,1.103,10.039
-1.134,1.096,10.154
-1.232,1.117,10.137
-1.046,1.019,10.046
-0.988,1.237,10.018
-0.916,1.086,9.936
-1.031,1.242,10.066
-1.842,0.057,9.606
-1.428,0.852,10.001
-1.223,0.957,10.015
-1.28,0.962,10.018
-1.309,0.952,9.951
-1.381,0.974,9.996
-1.345,0.938,9.927
-1.232,1.002,9.879
-1.256,1.139,10.152
-1.294,1.06,10.133
-1.215,0.883,10.068
-1.101,0.964,9.934
-1.156,1.084,10.049
-1.132,0.809,9.963
-1.17,0.861,10.094
-1.483,0.95,10.013
-1.455,0.928,9.946
-1.402,0.971,10.008
-1.242,0.995,10.075
-1.199,0.919,10.07
-1.194,1.048,10.123
-1.244,0.926,9.97
-1.392,0.816,10.07
-1.44,0.857,10.135
-1.34,0.794,10.056
-1.302,0.531,9.953
-5.075,-2.263,5.28
-1.306,2.711,10.659
-1.737,-2.737,9.355
-1.524,1.352,10.348
-1.294,0.866,9.946
-1.457,1.436,10.113
-1.163,1.062,9.908
-1.182,0.964,9.934
-1.328,0.931,10.003
-1.438,0.979,10.051
-1.333,0.84,10.034
-1.194,0.794,10.049
-1.23,0.754,10.051
-1.342,0.668,9.999
-1.383,0.627,9.936
-1.373,0.921,10.08
-1.325,0.787,10.023
-1.4,0.825,9.994
-1.345,0.727,9.987
-1.39,0.935,10.066
-1.299,0.806,10.099
-1.254,0.861,10.037
-1.227,0.773,9.862
-1.282,0.94,10.015
-1.335,0.804,10.075
0.055,1.912,6.206
-1.053,1.919,10.398
-0.962,2.292,11.123
-1.302,0.735,9.666
-0.66,1.349,9.132
-1.299,0.679,9.673
-1.127,0.842,9.987
-1.294,0.809,10.032
-1.23,0.689,10.02
-1.345,0.821,10.056
-1.292,0.854,10.039
-1.325,0.83,10.049
-1.369,0.751,10.07
-1.445,0.758,10.034
-1.376,0.825,10.025
-1.27,0.861,9.999
-1.309,0.766,9.958
-1.385,0.854,9.996
-1.335,0.708,10.078
-1.309,0.742,9.979
-1.306,0.821,10.034
-1.354,0.773,10.073
-1.321,0.849,10.027
-1.383,0.976,10.056
-1.237,0.837,9.982
-1.256,0.83,9.97
-1.39,0.919,10.07
-1.302,0.641,10.001
-1.285,0.725,10.082
-1.304,0.708,10.044
-1.337,0.699,9.991
-1.325,0.742,9.956
-1.292,0.758,9.987
-1.328,0.785,10.066
-1.459,0.895,10.082
-1.469,0.792,10.07
0.565,2.677,12.535
-1.467,0.574,10.281
-1.692,0.335,9.597
-1.479,0.706,9.855
-1.244,0.682,9.924
-1.208,0.766,10.018
-1.223,0.782,9.893
-1.189,0.684,9.822
-1.263,0.792,9.987
-1.462,0.885,10.121
-1.617,0.895,10.066
-1.637,0.979,10.027
-1.522,0.861,10.116
-1.452,0.878,10.166
-1.316,0.689,10.176
-1.144,0.665,10.14
-1.007,0.584,9.956
-1.048,0.51,9.889
-1.304,0.553,9.97
-1.376,0.682,9.965
-1.526,0.84,10.039
-1.615,0.962,10.02
-1.591,0.962,10.042
-1.55,0.857,10.018
-1.385,0.864,9.994
-1.22,0.746,10.109
-1.28,0.818,10.106
-1.278,0.684,9.924
-1.292,0.723,9.936
-1.333,0.66,9.881
-1.505,0.706,10.032
-1.68,0.773,10.111
-4.795,0.725,12.908
-2.086,2.548,9.324
-0.849,2.613,11.855
-1.584,0.51,9.884
-0.859,2.225,10.08
-1.337,0.629,9.637
-1.273,0.888,10.001
-1.261,0.706,10.07
-1.416,0.77,10.061
-1.395,0.756,10.03
-1.369,0.77,10.039
-1.242,0.763,10.011
-1.206,0.78,10.032
-1.292,0.79,10.013
-1.426,0.713,9.941
-1.524,0.871,10.03
-1.5,0.919,9.991
-1.536,0.835,9.891
-1.543,0.861,9.857
-1.579,0.809,9.903
-1.581,0.895,9.896
-1.675,0.902,9.982
-1.704,1.022,10.176
-1.536,0.861,10.36
-1.361,0.797,10.212
-1.11,0.589,10.082
-0.775,0.627,10.039
-0.665,0.452,9.927
-0.964,0.438,9.793
-1.151,0.596,9.924
-1.388,0.627,10.015
-1.414,0.859,10.099
-1.522,0.821,9.994
-1.613,1.043,10.113
-1.682,0.926,10.161
-3.316,0.208,9.52
-1.175,3.024,11.233
-1.787,0.474,9.929
-1.821,0.998,9.805
-1.4,0.72,9.57
-1.168,0.842,9.977
-1.278,0.768,9.915
-1.342,0.799,9.793
-1.352,0.634,9.948
-1.424,0.718,10.094
-1.445,0.735,10.109
-1.467,0.79,9.965
-1.538,0.847,9.86
-1.639,0.995,10.013
-1.648,0.869,10.039
-1.584,0.718,9.934
-1.565,0.892,9.984
-1.596,0.962,10.061
-1.565,0.84,10.075
-1.524,0.924,10.123
-1.443,0.854,10.011
-1.357,0.507,9.877
-1.352,0.636,10.03
-1.448,0.699,10.178
-1.5,0.687,10.219
-1.462,0.543,9.977
-1.452,0.423,9.877
-1.522,0.648,9.927
-1.589,0.756,9.912
-1.543,0.84,10.116
-1.483,0.761,9.905
-1.522,0.883,9.857
-1.601,0.869,9.86
-1.751,1.055,9.845
-1.83,0.979,9.972
-1.94,0.928,10.156
-1.842,0.77,10.231
-1.828,0.591,10.168
-1.737,0.72,10.042
-1.567,0.581,9.958
-1.345,0.627,9.774
0.136,0.787,3.912
2.574,0.83,11.3
-1.151,1.424,11.106
-2.304,0.691,10.767
-2.357,1.323,10.099
-1.936,0.507,9.587
-1.682,0.852,9.917
-1.601,1.184,10.178
0.998,0.447,10.609
-2.027,2.464,11.307
-2.156,0.311,10.288
-2.373,1.526,10.156
-1.708,0.732,9.774
-1.56,0.876,9.841
-3.328,0.129,7.434
-0.409,2.242,11.181
-1.73,0.187,10.669
-2.144,0.732,10.527
-1.888,0.577,9.618
-1.493,0.505,9.606
-3.405,-1.455,7.111
-0.019,1.565,11.795
-1.589,1.163,11.611
-1.711,-0.268,10.171
-1.773,0.73,9.666
-1.244,0.505,9.506
-1.158,0.77,9.896
-8.161,-3.56,5.969
0.175,3.46,12.382
-1.292,0.983,11.338
-1.146,1.727,9.52
-2.376,1.024,9.597
-1.854,0.73,9.551
-1.263,0.4,9.633
-4.57,-0.218,7.405
0.414,2.113,12.312
-0.907,-0.043,11.075
-1.672,0.555,9.793
-1.577,1.005,9.556
-1.373,0.739,9.374
-1.644,1.072,9.692
-8.051,-3.919,6.249
-0.462,3.254,12.013
-1.739,0.909,11.413
-2.275,1.369,10.338
-2.211,1.096,9.795
-1.785,1.041,9.673
-1.479,0.773,9.889
-0.751,-0.624,1.924
1.084,1.933,12.896
-1.129,0.694,11.145
-1.931,1.294,10.506
-1.543,0.656,9.609
-1.278,0.383,9.178
-1.218,0.462,9.601
-5.883,-1.431,6.596
-0.376,2.857,11.58
-1.357,0.567,11.472
-1.921,-0.273,10.156
-1.761,0.443,9.338
-1.57,0.732,9.568
-1.354,0.895,9.869
0.56,1.852,11.592
-1.723,3.12,11.279
-2.0,-0.23,10.135
-1.933,1.28,10.288
-1.61,0.701,9.546
-1.503,0.778,9.597
-1.581,0.864,9.874
-1.715,0.845,10.054
-1.794,0.679,10.094
-1.732,0.837,10.099
-1.584,0.663,10.034
-1.479,0.646,9.869
-1.503,0.813,9.932
-1.522,0.947,10.032
-1.613,0.751,10.101
-1.699,0.974,10.149
-1.723,0.823,9.951
-1.629,0.735,10.015
-1.677,0.703,9.979
-1.677,0.897,10.13
-1.66,0.916,10.305
-1.577,0.84,10.116
-1.491,0.648,10.049
-1.45,0.813,10.032
-1.239,0.464,9.92
-1.16,0.445,9.845
-1.275,0.725,10.159
-1.452,0.976,10.166
-1.392,0.732,10.039
-1.452,0.761,9.912
-1.268,0.572,9.929
-1.168,0.596,9.857
-1.115,0.665,9.647
-1.014,0.438,9.589
-1.103,0.421,9.855
-1.096,0.541,10.044
-1.251,0.768,10.176
-1.361,0.395,9.97
-0.945,0.608,9.611
-1.213,0.462,9.752
-1.337,0.735,9.922
