-2.254,-1.591,9.472
-1.165,-0.766,9.594
-0.304,-0.342,9.702
-2.127,-0.591,9.932
-2.201,-1.596,9.508
-1.349,-0.761,9.501
-1.96,-0.981,9.795
-3.118,-0.512,10.018
-1.799,-0.833,9.623
0.641,-0.792,9.183
-1.948,-0.897,9.972
-1.861,-1.357,9.685
-2.316,-0.156,9.436
-1.677,-0.895,9.539
-2.158,-0.703,10.396
-2.376,-0.627,9.582
-1.378,-0.933,9.671
-1.237,-0.909,9.489
-1.337,-0.153,10.18
-2.206,-0.407,9.872
-1.125,-0.033,9.69
-1.634,-0.601,9.489
-1.646,-0.519,9.585
-1.357,-0.665,9.738
-1.438,-0.517,10.415
-1.223,0.012,9.865
-0.888,-0.203,9.611
-1.428,-0.301,9.838
-1.23,-0.419,9.853
-1.529,-0.041,9.659
-1.416,0.546,9.649
-1.622,0.553,9.783
-0.486,0.557,9.96
-1.098,-0.184,9.774
-2.077,-0.361,9.731
-1.893,-0.584,9.838
-1.653,-0.548,9.807
-1.519,-0.603,9.577
-1.562,-0.498,9.656
-1.744,-0.388,9.678
-1.73,-0.208,9.81
-1.536,-0.184,9.845
-1.715,-0.333,9.86
-2.096,-0.694,9.668
-1.57,-0.158,9.723
-1.038,0.0,9.721
-1.414,-0.153,9.786
-1.931,-0.33,9.853
-1.912,-0.366,9.831
-1.904,-0.304,9.752
-1.325,-0.074,9.819
-1.904,-0.488,9.903
-1.761,-0.01,9.877
-2.117,-0.833,9.764
-0.828,-0.581,9.491
-0.909,-0.134,9.719
-1.771,-0.084,9.91
-1.694,-0.041,9.946
-1.079,0.043,9.695
-1.177,0.199,9.707
-1.357,0.215,9.726
-1.419,0.254,9.807
-1.342,0.299,9.752
-1.069,0.175,9.513
-2.163,0.4,9.774
-1.139,-0.067,9.563
-2.036,0.1,9.781
-1.381,-0.347,9.845
-2.345,-0.105,9.726
-1.83,-0.11,9.92
-1.871,-0.278,9.661
-1.696,-0.184,9.671
-1.469,-0.361,9.755
-1.536,-0.469,9.74
-1.692,-0.368,9.688
-1.543,0.074,9.798
-1.57,-0.313,9.812
-1.579,-0.17,9.8
-1.538,-0.414,9.867
-1.565,-0.622,9.719
-1.775,-0.768,9.812
-1.893,-1.369,9.534
-1.519,-0.16,9.795
-1.644,-0.622,9.788
-1.538,-0.474,9.788
-1.744,-0.321,9.654
-1.924,-0.502,9.757
-1.62,-0.428,9.738
-1.416,-0.517,9.814
-1.773,-0.404,9.778
-1.639,-0.672,9.633
-1.861,-0.565,9.702
-1.775,-0.586,9.843
-1.675,-0.691,9.824
-1.601,-0.579,9.709
-1.706,-0.589,9.798
-1.603,-0.713,9.893
-1.596,-0.502,9.802
-1.826,-0.514,9.781
-1.668,-0.474,9.671
-1.66,-0.751,8.3
-1.349,-0.648,10.276
-2.043,-0.335,10.027
-1.601,-0.383,9.556
-1.12,-0.988,9.63
-1.345,-0.943,9.482
-2.172,-1.428,9.833
-1.194,-0.313,9.965
-1.486,-0.718,9.695
-1.536,-0.493,9.616
-1.945,-0.433,9.692
-1.665,-0.438,9.752
-1.725,-0.672,9.69
-1.711,-1.101,9.719
-2.16,-0.735,9.783
-1.725,-0.957,9.577
-1.739,-0.668,9.668
-1.84,-0.608,9.649
-1.823,-0.742,9.721
-1.893,-0.845,9.752
-1.83,-0.998,9.726
-1.493,-0.964,9.664
-1.687,-0.883,9.702
-1.814,-0.804,9.738
-1.876,-0.706,9.735
-1.701,-0.77,9.707
-1.725,-0.823,9.649
-1.773,-0.828,9.757
-1.804,-0.914,9.795
-1.383,-0.876,9.644
-1.797,-0.742,9.621
-1.684,-0.701,9.755
-1.608,-0.751,9.628
-1.797,-0.935,9.743
-1.921,-0.921,9.75
-1.634,-0.854,9.716
-1.749,-0.895,9.592
-1.589,-0.83,9.707
-1.555,-0.907,9.666
-1.708,-0.909,9.644
-1.816,-0.869,9.671
-1.687,-0.878,9.647
-1.586,-0.837,9.549
-1.634,-0.653,9.697
-2.043,-0.679,9.836
-2.046,-0.646,9.826
-1.735,-0.778,9.69
-1.591,-0.823,9.661
-1.641,-0.471,9.726
-1.766,-1.012,9.637
-1.565,-0.723,9.69
-1.969,-0.694,9.702
-1.797,-0.675,9.805
-1.672,-0.744,9.609
-1.701,-0.62,9.582
-1.802,-0.821,9.721
-1.811,-0.797,9.678
-1.96,-0.885,9.649
-1.938,-0.813,9.7
-2.352,-0.134,9.793
-2.036,-0.596,10.929
-1.555,-0.323,9.869
-1.127,-0.371,8.838
-2.129,-0.057,9.989
-1.811,-0.096,10.006
-2.041,-0.546,9.522
-1.857,-0.758,9.633
-1.72,-0.921,9.702
-1.861,-0.562,9.967
-1.775,-0.579,9.539
-1.55,-0.557,9.704
-1.639,-0.648,9.668
-1.838,-0.732,9.747
-1.782,-0.665,9.719
-1.639,-0.782,9.661
-1.727,-0.438,9.826
-1.995,-1.529,9.601
-1.428,-1.27,9.58
-1.632,-1.055,9.747
-2.141,-0.732,9.778
-2.462,-0.706,9.599
-1.763,-0.44,9.7
-1.381,-0.598,9.649
-1.495,0.177,9.996
-2.034,-0.474,9.688
-2.357,-0.524,9.745
-1.455,-0.364,9.654
-2.105,-0.902,9.647
-1.924,-0.572,9.68
-1.581,-0.079,9.697
-2.082,-0.821,9.685
-1.797,-0.782,9.575
-1.711,-0.904,9.58
-1.916,-0.373,9.738
-2.328,-0.634,9.726
-1.94,-0.402,9.68
-1.51,-0.361,6.886
-3.024,2.859,9.087
-2.232,0.033,11.336
-1.754,0.873,10.204
-1.297,0.615,9.46
-0.648,1.773,8.814
-1.192,-1.192,9.228
-3.821,-0.926,10.02
-2.732,-1.036,9.879
-1.304,-1.034,9.52
-1.773,-0.947,9.594
-2.204,-0.443,9.853
-1.859,-0.4,9.678
-1.964,-0.258,9.532
-1.861,-0.806,9.685
-1.826,-0.653,9.678
-1.998,-0.84,9.644
-2.098,-0.615,9.747
-1.955,-0.311,9.781
-2.168,-0.313,9.714
-2.041,-0.569,9.688
-1.83,-0.981,9.539
-1.725,-0.445,9.857
-1.885,-0.445,9.642
-2.019,-0.519,9.582
-1.971,-0.725,9.767
-1.639,-0.275,9.869
-1.821,-0.06,9.637
-2.012,0.072,9.793
-2.299,-0.199,9.74
-1.794,-0.481,9.68
-1.78,-0.457,9.728
-1.751,-0.368,9.702
-1.976,-0.38,9.774
-2.053,-0.44,9.721
-1.524,-0.44,9.597
-2.043,-0.383,9.802
-2.0,-0.215,9.735
-1.579,-0.333,9.767
-1.653,-0.44,9.707
-2.055,-0.366,9.781
-1.763,-0.337,9.788
-1.735,-0.328,9.606
-1.864,-0.938,9.534
-1.038,-0.859,9.53
-1.948,-0.258,9.932
-1.086,0.536,9.884
-3.213,0.9,9.941
-1.943,-1.141,9.644
-1.098,-0.632,9.534
-1.586,-0.536,9.642
-1.952,-0.562,10.18
-2.072,-0.49,9.69
-0.914,0.443,9.381
-1.627,-0.287,9.755
-1.419,-0.371,9.831
-1.481,-0.51,9.798
-2.426,-0.433,9.623
-2.33,0.579,9.566
-1.141,-0.409,9.53
-1.273,-0.665,9.63
-1.457,-0.675,9.745
-1.948,0.01,9.987
-2.029,-0.278,9.841
-1.878,-0.94,9.644
-1.876,-0.713,9.388
-2.098,-0.112,9.819
-1.366,-0.287,9.735
-1.926,-0.27,9.7
-1.639,-0.227,9.731
-1.833,-0.242,9.661
-1.804,-0.002,9.688
-2.048,-0.428,9.685
-2.015,-0.4,9.728
-1.486,-0.701,9.611
-1.749,-0.809,9.549
-2.11,-0.668,9.666
-2.017,-0.608,9.755
-2.084,-0.371,9.752
-1.926,-0.957,9.592
-2.101,-0.945,9.623
-1.912,-0.512,9.793
-1.828,-0.706,9.671
-2.053,-0.821,9.735
-1.857,-0.742,9.731
-1.799,-0.703,9.618
-1.718,-0.687,9.642
-1.878,-0.938,9.69
-2.007,-0.758,9.702
-2.024,-0.768,9.759
-1.718,-0.708,9.652
-1.718,-1.069,9.697
-1.902,-1.093,9.709
-1.969,-0.84,9.63
-1.95,-0.687,9.692
-1.888,-0.77,9.664
-1.747,-0.995,9.594
-1.89,-0.677,9.666
-1.845,-0.746,9.822
-1.617,-0.952,9.609
-1.797,-0.902,9.515
-1.684,-1.081,9.58
-1.833,-1.034,9.769
-1.797,-0.51,9.747
-1.735,-0.869,9.618
-1.785,-0.873,9.644
-1.878,-0.756,9.711
-1.833,-0.756,9.795
-1.842,-0.675,9.8
-1.792,-0.565,9.625
-1.725,-0.62,9.704
-1.794,-0.613,9.776
-1.804,-0.737,9.759
-1.723,-0.679,9.678
-1.849,-0.706,9.7
-1.737,-0.749,9.731
-1.701,-0.828,9.702
-1.771,-0.689,9.664
-1.735,-0.83,9.719
-1.718,-0.813,9.735
-1.847,-0.646,9.68
-1.787,-0.663,9.776
-1.742,-0.608,9.661
-1.739,-0.756,9.678
-1.809,-0.723,9.757
-1.79,-0.797,9.697
-2.079,-0.701,9.556
-1.723,-0.627,9.702
-1.598,-0.725,9.781
-1.806,-0.787,9.795
-1.706,-0.809,9.709
-1.701,-0.663,9.68
-1.754,-0.691,9.656
-1.696,-0.672,9.738
-1.73,-0.665,9.75
-1.706,-0.73,9.738
-1.749,-0.751,9.697
-1.787,-0.706,9.762
-1.639,-0.725,9.649
-1.742,-0.658,9.656
-1.668,-0.744,9.695
-1.747,-0.763,9.735
-1.835,-0.677,9.778
-1.687,-0.694,9.673
-1.842,-0.66,9.719
-1.713,-0.701,9.735
-1.68,-0.737,9.702
-1.689,-0.727,9.673
-1.826,-0.691,9.726
-1.802,-0.66,9.764
-1.751,-0.617,9.661
-1.668,-0.699,9.676
-1.694,-0.742,9.771
-1.797,-0.735,9.786
-1.809,-0.658,9.721
-1.675,-0.658,9.695
-1.744,-0.701,9.716
-1.747,-0.696,9.735
-1.735,-0.718,9.721
-1.448,0.553,9.499
-2.622,-6.881,12.083
-1.16,3.854,3.979
-1.285,4.859,4.381
-2.385,-1.555,12.662
-2.041,-1.337,10.042
-1.725,-0.536,9.606
-1.73,-0.541,9.743
-1.404,-0.773,9.628
-1.381,-0.584,9.812
-1.268,-1.117,9.7
-2.196,-0.864,9.527
3.321,0.529,8.453
-1.201,-0.297,9.338
-2.103,-0.646,9.585
-2.029,-0.512,9.721
-1.653,-0.852,9.728
-1.677,-0.687,9.68
-1.802,-0.574,9.654
-1.816,-0.522,9.771
-1.715,-0.62,9.719
-1.816,-0.5,9.714
-1.778,-0.61,9.666
-1.704,-0.708,9.709
-1.744,-0.861,9.745
-1.833,-0.758,9.738
-1.759,-0.536,9.75
-1.747,-0.483,9.755
-1.802,-0.536,9.704
-1.79,-0.601,9.695
-1.725,-0.713,9.666
-1.766,-0.723,9.735
-1.782,-0.723,9.745
-1.811,-0.675,9.692
-1.799,-0.596,9.659
-1.766,-0.608,9.692
-1.766,-0.601,9.723
-1.737,-0.66,9.733
-1.747,-0.689,9.752
-1.742,-0.656,9.731
-1.775,-0.66,9.745
-1.847,-0.72,9.807
-1.842,-0.557,9.79
-1.625,-0.359,9.616
-1.675,-0.548,9.585
-1.928,-0.828,9.767
-1.94,-0.749,9.53
-1.718,-0.708,9.69
-1.665,-0.361,9.721
-1.524,-4.632,8.331
-1.361,5.812,14.975
-1.244,5.608,17.239
-1.83,-2.584,14.408
-1.933,-0.203,9.57
-1.522,-0.194,9.41
-1.689,-0.404,9.805
-1.909,-0.543,9.86
-1.883,-0.452,9.776
-1.866,-0.335,9.757
-1.878,-0.349,9.81
-1.859,-0.282,9.812
-1.766,-0.325,9.802
-1.68,-0.306,9.623
-1.562,-0.593,9.47
-1.675,-0.239,9.807
-1.735,-0.225,9.798
-1.754,-0.361,9.845
-1.778,-0.17,9.735
-1.766,-0.12,9.647
-1.637,-0.019,9.743
-1.687,-0.072,9.719
-1.646,-0.108,9.743
-1.56,-0.182,9.778
-1.646,-0.225,9.762
-1.713,-0.165,9.764
-1.61,-0.191,9.793
-1.761,-0.213,9.788
-1.747,-0.031,9.697
-1.651,-0.129,9.64
-1.687,-0.285,9.707
-1.641,-0.244,9.757
-1.627,-0.285,9.719
-1.692,-0.115,9.707
-1.727,-0.179,9.68
-1.711,-0.05,9.709
-1.708,-0.079,9.707
-1.696,-0.122,9.719
-1.67,-0.17,9.798
-1.708,-0.148,9.769
-1.735,-0.153,9.774
-1.689,-0.134,9.704
-1.668,-0.141,9.752
-1.696,-0.117,9.767
-1.675,-0.151,9.709
-1.579,-0.091,9.628
-1.591,-0.139,9.656
-1.629,-0.1,9.642
-1.603,-0.184,9.64
-1.586,-0.098,9.432
-1.586,0.141,9.329
-1.739,-0.06,9.611
-2.187,-0.737,10.664
-2.182,-1.122,10.714
-1.866,-0.78,9.707
-1.491,-1.366,9.054
-1.79,-4.735,8.754
-2.905,-1.175,15.927
-4.967,-5.209,16.131
-4.998,2.723,18.758
-6.364,9.747,14.186
-7.19,1.462,3.094
-9.489,-8.611,3.608
-10.506,-3.146,8.831
-6.515,4.823,5.4
-5.63,3.457,6.649
-6.348,5.096,7.455
-5.261,5.419,8.264
-3.804,5.666,8.08
-2.85,5.094,7.233
-0.421,5.268,7.06
0.725,4.993,7.216
1.914,4.888,7.168
2.663,4.381,7.087
2.113,3.565,7.293
2.266,2.833,7.513
2.761,2.608,6.967
2.881,1.144,7.321
2.948,0.859,7.929
2.761,0.849,8.817
2.835,-1.613,7.955
5.924,-5.855,7.599
2.132,-10.367,9.137
3.697,-8.829,8.36
4.151,-4.225,9.092
2.371,-4.254,9.259
4.505,-1.058,11.96
0.026,-1.156,11.894
0.495,-1.445,11.245
2.984,-0.45,9.525
2.543,1.258,10.312
2.706,0.557,10.087
3.043,0.191,11.164
3.0,-0.105,10.676
2.299,-0.419,10.135
2.948,-0.837,10.02
2.51,-1.201,9.879
1.861,-1.33,10.599
1.902,-0.467,9.695
2.311,-0.285,8.805
2.706,-0.151,8.558
3.096,-0.859,8.544
2.759,-1.261,9.178
2.065,-1.622,10.403
1.763,-1.012,10.764
1.562,-0.586,10.934
1.936,-0.246,10.468
1.706,-0.402,10.164
1.778,-0.318,9.912
1.232,-0.263,9.551
0.0,-0.27,9.711
-0.498,-0.244,9.915
-0.88,-0.156,9.479
-0.589,-0.199,9.7
-0.962,0.256,10.262
-1.024,0.502,10.061
-1.39,0.098,9.585
-1.483,0.464,9.149
-1.007,0.995,9.125
-1.192,1.907,9.085
-1.371,2.223,8.845
-2.11,2.723,9.731
-3.474,1.555,9.999
-3.584,1.225,10.374
-4.814,0.67,11.262
-6.096,1.742,11.709
-6.532,2.883,10.97
-6.187,4.225,10.173
-6.364,5.096,10.307
-7.094,6.379,11.008
-7.065,7.367,10.975
-6.888,7.522,11.403
-7.125,6.491,10.913
-6.912,5.575,10.338
-6.477,5.345,10.317
-6.438,4.914,10.633
-6.197,4.62,10.802
-5.45,4.34,10.654
-4.644,3.902,10.774
-4.063,3.802,10.195
-3.84,2.986,9.618
-3.807,2.072,9.479
-3.57,0.969,8.503
-2.864,-0.541,7.194
-2.249,-2.357,4.591
-1.467,-3.33,3.527
-0.388,-2.883,2.649
0.711,-4.536,0.622
1.261,-5.517,-0.761
2.158,-4.747,-1.144
2.345,-4.005,-1.766
2.895,-2.78,-2.955
4.259,-3.314,-3.333
4.498,-3.048,-3.914
4.472,-0.024,-3.723
4.785,3.941,-6.12
10.599,5.601,-9.745
4.938,13.985,-1.967
0.964,-1.866,-7.455
-26.299,14.82,-0.038
11.303,21.569,-7.068
0.139,8.666,-21.244
12.437,11.661,-8.07
-5.067,-1.926,-45.014
6.127,-3.409,-0.062
5.713,4.596,-3.962
0.258,-7.12,0.629
2.491,1.747,1.981
0.323,-9.752,-6.905
5.233,-3.886,-12.705
6.223,0.689,-12.083
7.733,1.522,-10.393
6.874,1.464,-8.056
7.068,2.84,-6.467
0.043,-30.237,-27.354
8.537,3.295,-9.372
3.055,-14.595,-17.05
9.86,6.252,-8.807
7.242,3.275,-7.297
15.14,4.304,-7.862
9.728,2.527,-8.446
10.881,3.895,-7.922
11.494,3.723,-6.675
12.8,4.969,-6.702
13.566,5.357,-6.23
13.87,5.465,-6.627
15.542,7.312,-7.582
13.698,5.19,-6.096
16.341,7.104,-7.137
10.355,3.783,-10.824
2.495,1.12,-10.197
-4.907,-6.793,-8.819
-3.658,-2.656,-8.726
0.249,1.538,-11.283
4.008,2.132,-12.159
2.61,-0.256,-10.671
1.572,0.349,-9.118
-5.261,-3.103,-8.539
2.357,1.077,-10.032
1.586,0.536,-10.025
1.541,0.452,-10.023
2.247,-0.529,-10.171
1.933,-0.053,-8.929
0.912,-0.603,-8.843
1.684,-0.567,-8.254
2.302,-0.354,-8.372
1.84,-0.84,-8.314
-0.112,-1.168,-7.663
2.969,-1.11,-7.781
0.816,-2.335,-7.699
1.45,-1.072,-9.726
1.16,-1.01,-8.742
0.962,-2.003,-9.372
0.194,-2.227,-9.238
1.022,-1.967,-8.948
0.091,-2.44,-10.322
-0.263,-2.067,-9.642
0.596,-2.089,-9.664
0.876,-2.091,-10.142
1.072,-1.601,-10.168
0.309,-2.316,-10.91
1.055,-2.536,-11.451
1.613,-2.811,-11.783
2.412,-2.46,-12.023
2.302,-2.402,-11.992
2.297,-2.531,-10.525
3.0,-2.45,-9.53
4.101,-1.402,-7.563
4.694,0.287,-7.41
6.429,1.065,-7.898
6.9,1.706,-10.178
5.517,1.938,-12.377
5.307,1.653,-12.525
3.663,0.129,-11.192
1.806,-0.857,-10.628
-2.44,-2.522,-8.082
-3.773,-3.244,-6.269
-2.534,-3.948,-3.917
-1.414,-3.053,-4.35
1.603,-2.0,-5.096
2.684,-2.297,-7.51
0.45,-1.593,-7.831
-0.885,-1.821,-7.752
0.311,-2.596,-6.431
-0.605,-2.199,-6.503
-0.318,-1.971,-6.283
-0.029,-1.95,-8.128
-0.318,-1.73,-7.793
0.613,-1.625,-7.491
0.792,-1.45,-7.706
-0.983,-2.507,-9.475
-0.979,-2.718,-9.793
-1.641,-2.962,-10.97
-2.464,-2.617,-11.446
-2.249,-2.766,-11.736
-0.857,-3.206,-12.281
-0.29,-2.634,-12.977
-0.002,-2.61,-13.343
0.72,-2.926,-13.123
0.866,-2.673,-12.683
1.175,-2.565,-11.951
1.737,-2.024,-11.812
3.039,-1.718,-11.695
6.182,-0.481,-10.867
7.582,0.309,-10.054
8.479,1.113,-9.257
8.754,0.49,-8.403
7.027,-0.273,-9.905
3.749,-1.328,-11.324
-0.086,-2.601,-11.889
0.151,-6.144,-9.118
-4.627,-4.436,-7.383
-4.548,-4.299,-5.745
-2.105,-4.237,-5.606
0.026,-3.333,-6.503
1.524,-2.574,-7.094
0.991,-2.426,-7.728
1.416,-3.074,-7.549
1.101,-3.06,-7.412
-0.758,-3.199,-7.919
-0.167,-3.019,-7.601
0.62,-3.536,-7.537
0.299,-3.003,-6.647
-0.23,-3.187,-6.587
-0.663,-3.419,-5.754
-1.51,-4.395,-6.639
-0.354,-3.917,-7.321
-0.208,-4.508,-8.465
-0.409,-4.804,-10.52
-0.907,-5.115,-11.358
-1.979,-5.881,-11.114
-2.488,-6.515,-10.764
-2.34,-6.221,-11.094
-1.792,-5.802,-13.107
-0.11,-4.876,-14.425
0.679,-3.608,-15.289
0.199,-4.022,-14.377
0.804,-3.852,-14.473
0.775,-3.345,-14.355
1.589,-2.984,-11.571
5.077,-2.763,-10.8
8.836,-0.933,-10.671
9.412,1.148,-10.568
7.439,0.11,-9.432
6.336,-0.696,-8.611
5.812,-0.727,-8.841
5.005,-1.531,-9.549
2.366,-2.747,-9.743
-3.098,-4.031,-7.577
-3.079,-4.237,-5.924
-2.426,-4.756,-4.733
-1.682,-4.663,-6.075
0.464,-3.481,-6.077
1.526,-2.548,-7.139
1.091,-2.165,-5.96
1.727,-1.904,-5.917
1.653,-1.998,-6.321
0.505,-2.811,-6.931
1.718,-2.948,-7.372
1.51,-2.883,-7.623
1.297,-3.082,-7.762
0.565,-1.778,-7.077
0.816,-3.378,-6.924
0.141,-3.632,-7.084
0.163,-3.51,-8.18
0.304,-3.804,-9.02
-0.048,-3.237,-9.829
0.601,-2.79,-10.838
0.708,-3.424,-10.941
-0.388,-3.797,-10.688
-0.536,-4.187,-10.963
-0.711,-4.055,-10.896
1.108,-4.077,-11.889
1.708,-3.601,-12.681
1.852,-3.0,-13.162
3.134,-2.457,-12.08
4.56,-2.321,-11.764
5.06,-2.235,-11.532
5.725,-1.388,-10.697
8.798,0.345,-10.238
10.604,0.902,-11.159
9.104,0.581,-10.726
7.424,-0.084,-9.991
5.453,-0.689,-9.326
3.917,-1.292,-8.309
-0.342,-1.816,-7.441
-0.921,-3.141,-9.525
-2.259,-3.407,-9.113
-1.28,-3.979,-8.101
0.746,-1.897,-7.072
2.151,-1.895,-6.092
1.79,-1.644,-5.958
1.053,-0.802,-5.936
1.247,-0.957,-5.4
0.816,-1.907,-5.876
1.192,-1.902,-6.331
1.73,-1.634,-7.795
2.11,-1.507,-8.262
1.56,-1.713,-8.039
1.225,-1.601,-8.281
0.479,-2.402,-8.613
1.223,-2.302,-8.998
1.665,-2.383,-10.283
1.718,-2.405,-9.295
0.806,-2.653,-9.592
0.1,-3.543,-10.451
0.249,-4.024,-11.642
0.706,-3.718,-12.647
0.706,-3.402,-12.834
1.311,-3.311,-12.623
2.428,-2.419,-12.262
1.998,-1.919,-11.925
3.708,-2.218,-11.41
3.395,-1.605,-10.901
4.807,-1.27,-10.965
7.695,-0.419,-9.762
11.965,2.072,-9.14
10.824,2.242,-8.946
7.623,1.22,-9.168
7.202,0.057,-10.046
6.214,-0.854,-8.903
4.465,-1.579,-8.62
0.641,-2.663,-7.345
-1.354,-3.28,-6.778
-2.426,-4.448,-6.197
-1.383,-3.831,-5.618
1.089,-3.027,-5.101
3.385,-2.452,-4.721
1.993,-2.304,-5.601
1.747,-2.519,-5.402
2.216,-2.321,-5.536
1.314,-2.675,-6.357
1.404,-3.031,-6.24
2.199,-2.976,-6.946
1.95,-2.785,-8.063
1.907,-2.565,-8.568
2.012,-2.883,-9.166
1.756,-2.78,-8.958
1.68,-2.869,-8.654
1.519,-2.792,-8.917
2.05,-3.168,-10.343
1.608,-4.008,-11.551
0.644,-3.79,-12.166
0.586,-3.859,-11.453
0.73,-3.716,-10.984
1.201,-3.974,-11.037
2.792,-3.979,-11.535
3.292,-3.409,-11.465
3.503,-3.718,-10.948
3.842,-3.127,-10.913
5.946,-3.287,-10.192
5.362,-2.634,-9.085
7.135,-2.089,-8.931
10.724,-1.072,-8.68
11.319,-0.091,-9.03
8.848,-1.196,-10.015
8.207,-1.153,-10.666
7.568,-0.935,-10.664
5.194,-1.431,-9.683
1.912,-2.12,-8.965
-2.426,-2.816,-7.759
-1.914,-3.778,-4.941
-1.16,-3.165,-3.708
2.156,-3.189,-3.993
3.206,-3.292,-4.67
2.802,-2.962,-5.331
2.158,-3.278,-5.745
1.541,-3.5,-6.139
1.113,-3.804,-5.955
1.871,-3.639,-5.465
2.323,-3.362,-6.223
2.627,-3.005,-7.015
1.096,-2.859,-8.113
0.505,-2.503,-8.814
0.766,-2.89,-8.108
0.634,-2.627,-7.809
0.672,-2.369,-8.4
0.976,-2.646,-9.252
0.739,-3.421,-10.03
0.333,-3.409,-10.647
-0.026,-3.572,-10.635
-0.017,-3.914,-10.616
1.012,-3.943,-11.128
1.916,-3.144,-11.96
3.206,-3.077,-12.815
3.019,-3.591,-13.446
2.921,-3.814,-13.638
3.431,-3.586,-13.016
5.06,-2.206,-11.908
10.094,-0.732,-11.116
10.13,-0.706,-10.307
7.931,-1.979,-9.774
6.565,1.002,-9.697
3.859,-0.67,-10.427
2.996,-4.589,-10.152
2.818,2.701,-11.475
-0.632,-1.601,-11.283
0.065,1.479,-10.094
-0.84,0.567,-9.587
0.426,-5.024,-11.37
0.816,-5.859,-10.322
2.914,-0.634,-8.463
4.132,-0.237,-7.939
5.029,3.926,-7.714
3.376,0.935,-7.001
3.328,-0.115,-6.845
2.321,-1.203,-6.039
2.385,-1.572,-6.747
3.536,-0.534,-8.671
3.173,-0.883,-8.731
2.07,-1.249,-8.156
2.254,-0.725,-7.63
2.23,0.172,-7.558
2.883,0.864,-8.348
2.615,0.156,-9.185
2.778,-0.737,-9.733
3.701,-0.17,-9.403
3.988,0.179,-8.68
3.22,-1.153,-8.525
3.685,-0.156,-8.147
4.01,-0.194,-7.651
3.603,-0.981,-6.943
3.586,-2.373,-7.58
3.893,-1.328,-7.75
3.933,-1.055,-7.57
4.161,-1.098,-7.309
4.067,-1.227,-7.149
3.247,-1.55,-7.766
1.627,-2.115,-7.58
0.562,-1.847,-7.151
1.05,-1.51,-7.563
1.567,-4.137,-8.539
1.352,-3.677,-8.118
1.919,-2.565,-7.97
0.723,-2.151,-7.092
-2.845,-3.584,-7.127
-5.29,-5.089,-6.838
-3.955,-8.525,-8.228
-2.373,-7.412,-10.104
-3.345,-7.063,-10.166
-5.166,-8.798,-10.465
-7.917,-10.051,-10.807
-9.089,-16.554,-7.68
-5.45,-14.528,-6.831
-5.639,-14.056,-5.819
-6.092,-14.291,-5.139
-6.604,-16.207,-2.266
-6.194,-20.686,-0.589
-2.986,-16.281,1.113
-1.742,-17.597,1.751
-1.969,-13.927,0.29
-1.469,-13.906,-2.553
-1.101,-12.097,-4.984
-1.895,-11.456,-5.946
-3.273,-11.511,-5.012
-8.845,-11.042,-2.883
-10.245,-12.669,-3.22
-10.357,-11.989,-5.575
-14.724,-6.52,-1.799
-17.162,-5.996,-6.673
-14.341,-6.764,1.407
-15.99,-3.163,-1.912
-14.442,-1.072,3.354
-8.515,2.259,7.824
-8.096,9.111,11.025
-13.401,4.764,10.767
-9.14,1.081,13.08
-13.3,-0.634,11.405
-10.113,-6.594,11.58
-11.822,-6.017,12.188
-9.575,-2.675,15.676
-7.125,-10.671,15.762
-5.694,-10.795,7.998
-8.647,-13.398,9.269
-9.321,-10.188,10.934
-9.606,-14.676,8.187
-8.376,-15.679,10.92
-8.123,-8.257,6.996
-5.206,-9.977,8.25
-5.067,-10.901,6.881
-5.926,-11.154,5.623
-4.898,-11.501,5.072
-5.694,-12.494,4.539
-5.429,-11.477,4.17
-7.857,-12.932,4.553
-8.723,-10.97,2.302
-8.235,-12.154,2.766
-9.977,-11.444,3.481
-6.905,-9.599,3.598
-8.429,-11.056,4.491
-10.994,-8.931,4.118
-9.14,-10.384,4.165
-9.243,-8.597,4.261
-6.249,-5.981,4.491
-8.372,-4.488,4.977
-8.924,-3.572,4.68
-6.548,-3.503,5.249
-7.333,-3.333,4.252
-6.692,-3.228,3.821
-7.453,-4.682,2.883
-8.063,-5.599,2.747
-6.295,-4.654,2.78
-5.934,-5.831,2.761
-5.328,-8.297,4.544
-6.41,-9.496,3.24
-6.965,-11.85,4.292
-7.293,-10.97,4.649
-8.747,-9.63,4.302
-7.261,-7.352,5.51
-9.613,-8.558,8.623
-8.252,-7.642,9.355
-12.434,-7.415,7.503
-14.75,-6.166,5.467
-10.982,-12.087,8.431
-12.941,-7.46,9.463
-14.597,-9.132,8.836
-13.375,-7.108,6.819
-11.707,-4.862,5.462
-10.173,-3.778,4.027
-7.785,-2.701,3.098
-5.673,-2.993,1.938
-4.165,-3.06,1.046
-3.275,-2.153,0.577
-3.046,-2.35,0.012
-2.543,0.349,-0.629
-1.419,1.852,-2.156
-0.345,1.581,-2.79
-0.507,1.507,-4.177
-0.136,3.23,-6.144
2.491,4.663,-6.228
7.302,3.163,-4.835
1.163,0.639,-2.189
-0.735,-0.172,-3.63
-1.101,-0.713,-6.178
-1.105,-0.538,-6.505
-2.213,2.091,-6.431
-3.474,3.505,-6.673
-3.728,4.453,-7.568
-3.912,3.84,-9.714
-3.653,3.309,-11.159
-3.469,6.182,-15.09
1.567,10.554,-20.04
-1.381,17.088,-20.715
-9.171,-9.738,-19.236
9.31,-0.5,-11.81
5.197,16.944,-22.512
-2.352,9.266,-17.846
-0.904,7.108,-14.384
3.682,8.094,-11.58
2.996,5.673,-5.359
2.929,3.319,-6.211
2.828,1.991,-7.142
1.572,-0.706,-8.451
1.428,-3.235,-12.54
0.033,-3.062,-8.618
1.651,-6.883,-6.946
1.168,-2.85,-3.407
1.261,-3.015,-3.177
-2.168,-4.797,-1.828
-5.029,-5.474,-2.431
-4.926,-7.221,-3.962
-2.974,-6.498,-5.319
-2.596,-7.403,-4.448
-4.247,-9.482,-2.984
-6.036,-14.305,-3.591
-6.517,-14.08,-5.173
-5.788,-16.176,-8.896
-9.367,-16.741,-7.501
-9.491,-18.456,-6.082
-10.597,-14.573,-1.0
-11.023,-15.537,3.206
0.455,4.189,-13.229
0.0,9.405,-7.726
-0.211,5.936,-4.881
2.407,4.831,-7.52
6.331,-0.146,-7.553
1.459,-3.194,-6.515
-1.323,-3.531,-5.711
-0.857,-3.752,-5.027
0.103,-5.154,-5.261
-2.718,-5.977,-3.374
-4.11,-6.74,-2.388
-4.02,-4.632,-2.905
-5.9,-7.477,-4.0
-5.058,-7.127,-3.637
-5.828,-10.365,-10.051
-3.553,-13.609,-10.475
-6.716,-13.934,-6.084
-9.745,-11.212,-6.915
-5.503,-13.614,-9.061
-8.23,-16.528,-7.728
-10.259,-17.133,0.124
-11.123,-20.299,0.708
-14.468,-18.983,0.412
-11.025,-19.712,2.184
-10.264,-21.5,2.211
-10.336,-15.356,-0.012
-4.826,-20.966,0.462
-4.85,-13.013,-3.938
-6.802,-9.939,-2.816
-6.498,-13.504,-2.943
-8.647,-11.824,-5.041
-8.235,-5.429,-3.936
-8.695,-11.539,-1.613
-7.527,-8.125,-0.163
-6.328,-9.965,-3.395
-12.25,-7.718,-1.134
-14.528,-9.353,-0.031
-11.312,-1.651,1.572
-11.039,0.648,-0.022
-13.769,-2.333,-0.258
-10.726,-3.225,3.077
-10.111,1.847,4.101
-14.195,1.553,8.022
-9.96,-2.761,10.81
-10.357,-2.283,9.077
-8.458,-2.541,11.848
-13.992,-1.842,14.623
-8.977,-3.598,12.913
-8.778,-1.371,14.722
-8.513,-5.276,14.011
-7.864,-2.297,11.879
-9.422,-10.362,11.252
-8.723,-7.599,10.602
-10.482,-6.759,10.252
-7.869,-2.912,10.101
-6.501,-3.378,9.415
-6.216,-7.216,8.666
-7.046,-9.692,6.986
-6.462,-8.522,7.922
-6.663,-7.642,9.243
-7.168,-7.458,9.625
-6.027,-8.092,9.599
-6.19,-8.489,9.14
-6.946,-8.977,8.79
-6.824,-8.283,9.46
-7.659,-8.099,7.989
-8.369,-8.039,6.517
-8.953,-8.046,5.407
-9.673,-8.003,4.804
-9.831,-7.333,4.252
-8.644,-7.029,4.74
-7.84,-5.541,4.862
-7.764,-5.223,5.926
-7.826,-5.792,6.611
-9.056,-3.297,8.02
-6.025,-1.436,8.443
-8.034,-2.017,7.678
-8.135,-0.895,5.242
-7.156,-2.797,6.025
-7.293,-4.058,5.651
-6.125,-5.063,3.527
-4.587,-6.862,3.098
-5.673,-7.596,4.302
-7.161,-7.312,6.065
-7.276,-7.285,6.147
-6.826,-6.929,7.333
-6.812,-5.455,8.271
-8.35,-4.974,8.3
-6.934,-5.9,8.843
-8.776,-0.658,8.197
-8.685,-4.094,7.525
-9.08,-0.194,9.948
-9.53,-6.438,10.929
-9.278,-5.977,11.489
-9.795,-4.91,10.98
-9.546,-6.331,9.889
-8.106,-6.424,8.979
-6.778,-5.161,7.838
-5.69,-3.847,7.721
-5.328,-4.276,6.804
-4.828,-4.618,5.57
-3.572,-3.309,5.804
-3.153,-2.763,5.831
-2.673,-2.673,5.161
-1.904,-3.299,4.352
-1.543,-2.438,3.529
-1.708,-1.428,2.62
-1.62,-0.794,1.749
-1.165,-0.373,0.22
-0.916,-0.342,-0.624
-0.998,0.356,-1.325
-0.94,-0.223,-1.689
-2.216,-0.359,-2.125
-3.68,0.191,-2.792
-4.343,1.565,-2.938
-5.022,0.617,-4.101
-5.369,1.182,-5.379
-5.582,0.983,-5.41
-7.18,-1.428,-6.125
-7.398,-2.902,-9.393
-7.635,-1.316,-15.76
20.114,-1.026,-40.932
-23.026,-18.944,-43.389
44.028,9.202,9.745
18.133,12.769,-18.782
-3.352,2.467,-25.084
-0.249,-0.117,-21.701
5.824,-1.002,-14.592
5.869,8.798,-10.422
1.847,2.199,-8.597
2.943,-0.031,-10.901
0.983,-4.424,-10.872
2.974,2.763,-9.51
-0.134,1.759,-6.328
-1.414,-11.872,-16.021
-2.043,-6.048,-15.872
-2.027,-3.945,-12.592
-4.563,-8.845,-7.171
-5.568,-1.983,-9.982
-6.773,-5.706,-9.951
-9.345,-9.649,-12.915
-4.333,-9.561,-13.709
-8.307,-10.417,-13.351
-5.812,-10.238,-12.023
-9.688,-12.133,-9.216
-9.147,-12.138,-8.113
-10.862,-10.032,-7.563
-10.886,-14.245,-7.541
-12.752,-15.052,-4.288
-11.738,-14.535,-2.192
-11.42,-10.886,-1.768
-7.486,-4.299,-1.462
-10.563,-12.573,-5.572
-7.764,-18.743,-3.113
-10.862,-16.925,-5.225
-8.575,-6.96,-3.307
-5.862,-4.579,-5.34
-6.738,-2.818,-3.101
-4.529,-5.197,0.364
-8.85,-6.17,-1.335
-7.328,2.163,1.17
-9.185,-0.211,5.527
-7.637,-5.34,5.005
-12.992,-4.288,4.376
-7.551,-6.352,7.551
-9.915,-9.202,7.326
-8.85,-8.137,9.652
-11.238,-14.482,12.657
-9.374,-14.824,12.379
-13.028,-15.918,12.803
-7.884,-13.43,11.367
-8.085,-13.475,11.073
-6.068,-9.941,9.104
-5.156,-11.508,8.845
-4.309,-10.468,7.173
-4.256,-10.594,7.654
-3.122,-11.939,6.821
-2.67,-11.592,6.058
-2.481,-11.659,6.994
-3.115,-12.312,5.0
-2.357,-13.255,6.194
0.11,-11.905,6.242
-0.39,-10.427,4.914
-2.818,-11.456,6.804
-3.522,-11.109,5.938
-5.23,-12.212,6.199
-6.35,-12.729,6.269
-7.194,-12.437,6.57
-7.58,-10.884,7.4
-7.86,-9.601,7.946
-7.829,-8.063,7.498
-7.757,-6.328,6.855
-7.776,-5.737,5.414
-7.972,-5.477,4.785
-7.496,-6.103,3.694
-6.333,-7.19,2.706
-6.058,-8.417,3.807
-7.785,-9.441,4.125
-8.695,-7.979,5.579
-10.018,-9.496,5.331
-9.898,-8.087,6.221
-11.937,-7.051,7.857
-11.92,-6.955,8.506
-11.944,-11.946,8.061
-11.381,-9.795,7.266
-12.035,-12.202,4.869
-17.518,-6.027,5.441
-15.054,-12.513,9.068
-10.791,-3.881,12.626
-12.461,1.105,12.441
-13.726,1.227,10.714
-13.166,0.01,6.991
-11.568,-1.842,3.859
-9.664,-2.373,1.392
-8.252,-2.838,0.184
-6.376,-2.83,-1.237
-5.206,-2.95,-1.759
-4.11,-0.469,-1.799
-4.185,-0.706,-3.077
-5.24,0.471,-3.663
-4.505,1.426,-4.192
-4.055,1.55,-6.027
-3.374,1.998,-7.728
-3.912,2.74,-5.757
-5.077,4.254,-4.082
-5.984,4.838,-2.323
-6.714,3.563,-5.728
-6.938,1.4,-6.893
-7.618,0.904,-7.986
-8.608,3.012,-9.424
-9.044,6.135,-10.86
-10.881,9.75,-15.324
-9.333,10.628,-22.794
-2.055,8.082,-28.539
-17.073,8.494,-42.337
9.802,2.917,-26.749
7.718,16.272,-19.464
-2.031,6.824,-15.975
0.706,7.202,-12.666
-1.799,3.345,-5.582
-1.041,0.924,-7.991
2.854,1.11,-11.001
1.78,-4.639,-12.145
7.175,-1.603,-7.398
0.01,-2.706,-8.333
1.275,0.421,-6.032
-4.149,-4.125,-10.719
-5.907,-3.005,-4.756
-5.757,0.486,-1.309
-4.261,-3.338,-2.055
-6.505,-4.244,-2.742
-1.625,-5.833,-2.787
-14.303,-11.427,-6.793
-8.494,-14.028,-1.05
-12.243,-13.286,-2.519
-14.899,-12.671,-1.971
-8.848,-17.442,-2.249
-9.302,-23.799,-2.23
-15.198,-29.862,2.785
-14.212,-26.821,7.907
-9.001,-5.895,19.72
-12.384,-17.605,6.874
-4.278,-19.622,-0.866
-2.711,-15.889,-3.613
-9.274,-16.004,-3.199
-4.737,-11.231,-8.833
-5.993,-17.15,1.251
-10.575,-10.027,1.067
-7.529,-5.778,-7.072
-6.4,-6.783,-8.709
-12.757,-4.07,-2.328
-10.09,-2.527,-3.323
-15.947,-0.677,-1.433
-16.643,1.742,4.295
-16.463,3.764,5.407
-13.181,8.051,5.111
-7.963,2.067,9.956
-10.058,-3.883,11.448
-14.166,5.417,14.76
-7.606,-5.01,11.628
-6.539,-6.443,10.884
-12.394,-15.37,11.996
-12.745,-8.238,15.478
-5.398,-7.979,13.016
-5.84,-10.188,13.188
-5.048,-7.75,10.654
-5.479,-6.252,12.073
-6.917,-5.867,12.98
-8.317,-4.771,10.719
-5.335,-6.702,10.015
-3.232,-5.216,8.649
-7.216,-7.644,7.831
-7.891,-7.802,9.042
-6.214,-7.747,9.173
-5.991,-8.352,8.896
-7.668,-10.546,10.008
-6.91,-10.07,9.326
-5.127,-9.109,9.02
-4.218,-8.915,8.946
-3.287,-7.809,8.783
-3.204,-8.709,7.776
-3.718,-8.197,6.74
-5.627,-7.747,6.85
-6.082,-6.771,6.804
-5.931,-5.658,6.281
-7.264,-6.563,7.302
-7.037,-6.036,8.367
-7.312,-5.596,8.41
-8.068,-4.785,9.077
-8.398,-4.132,8.793
-7.766,-4.276,6.649
-5.958,-3.663,6.479
-5.46,-3.986,6.156
-4.433,-2.661,2.84
-3.941,-6.625,4.907
-5.651,-6.316,4.843
-6.819,-6.764,6.539
-6.802,-8.465,7.084
-7.388,-8.939,6.694
-7.618,-7.496,7.235
-8.97,-7.295,10.427
-8.288,-7.974,10.776
-10.453,-8.711,12.415
-11.121,-1.696,12.413
-12.604,-3.914,16.157
-11.41,-6.364,14.088
-12.092,-5.503,11.202
-13.336,-6.029,10.642
-14.468,-5.718,9.977
-13.274,-3.945,7.616
-9.398,-3.039,5.139
-7.343,-2.857,3.632
-6.017,-3.668,1.543
-4.441,-4.043,0.244
-3.07,-3.35,0.428
-2.704,-2.127,0.548
-2.948,-0.675,-0.447
-3.024,0.517,-1.761
-1.153,2.247,-4.792
-0.682,1.278,-4.711
-0.976,-0.196,-5.142
-1.122,0.139,-5.28
-2.711,1.208,-5.443
-1.079,1.971,-5.778
-1.579,1.529,-4.299
-5.158,1.251,-3.409
-6.355,3.457,-6.575
-5.974,5.13,-6.584
-6.69,3.491,-7.331
-8.484,1.596,-7.075
-10.566,2.565,-13.262
-1.364,10.042,-29.546
0.175,34.494,-31.003
19.55,-0.191,-3.096
10.633,1.706,-23.383
5.278,15.978,-26.268
0.758,6.436,-19.406
2.582,7.628,-12.087
0.091,8.209,-10.42
-1.168,1.357,-8.101
2.431,-2.632,-8.422
3.321,-2.18,-6.871
7.01,3.866,-8.675
5.467,-3.012,-6.316
-1.893,-4.699,-5.785
-1.718,-1.476,-2.711
-5.749,-1.627,-3.5
-6.685,-5.402,-1.897
-5.462,-7.333,-3.151
-2.488,-6.252,-8.74
-3.586,-6.264,-8.427
-7.049,-6.871,-8.697
-9.36,-9.355,-4.345
-11.554,-13.949,-5.594
-10.023,-13.456,-4.95
-11.439,-13.465,-0.632
-12.427,-12.865,-0.431
-11.511,-16.87,1.617
-12.037,-24.787,3.374
-11.738,-23.782,5.285
-9.192,-19.614,3.512
-8.896,-17.844,2.043
-7.051,-18.877,-1.715
-6.214,-19.444,5.256
-6.415,-13.418,-5.883
-5.223,-18.284,0.691
-6.412,-15.324,0.885
-5.962,-9.759,-2.402
-6.675,-5.977,-1.345
-6.568,-9.027,-2.651
-7.462,-6.855,-5.623
-12.717,-8.465,-2.357
-12.623,-3.254,-3.218
-13.757,-2.302,-1.287
-11.714,1.586,-3.417
-9.178,3.127,1.495
-11.149,-4.043,7.252
-11.417,4.89,7.118
-9.57,0.778,11.023
-7.668,-2.376,12.334
-6.721,-4.197,13.276
-15.418,-7.197,13.296
-13.559,-9.479,15.289
-8.568,-8.824,12.114
-9.989,-7.568,13.908
-9.879,-9.678,13.336
-7.096,-7.376,12.154
-4.61,-6.462,9.738
-5.615,-4.922,10.585
-9.482,-7.321,8.745
-5.331,-10.307,8.096
-5.192,-9.623,9.908
-5.819,-8.927,9.31
-6.52,-9.286,8.92
-5.496,-7.661,9.207
-5.058,-6.094,9.36
-5.369,-6.496,9.726
-5.467,-6.883,9.506
-5.292,-7.36,9.307
-4.197,-6.864,8.372
-4.165,-7.092,7.69
-4.989,-6.553,8.022
-6.304,-7.029,7.391
-6.795,-6.895,7.716
-7.077,-7.496,6.84
-7.142,-7.9,6.742
-7.446,-8.209,6.13
-7.776,-7.484,6.663
-7.163,-5.288,6.673
-6.556,-5.268,6.063
-6.199,-5.381,6.728
-5.792,-5.082,4.929
-4.883,-5.199,5.84
-4.867,-5.13,6.355
-5.735,-5.19,6.51
-4.847,-6.175,5.819
-5.084,-6.376,6.575
-4.986,-7.922,7.259
-6.048,-8.697,7.838
-7.362,-9.989,7.192
-7.553,-10.101,8.568
-6.19,-9.29,8.384
-5.424,-8.226,9.14
-9.75,-10.642,8.391
-12.221,-3.615,10.219
-10.733,-0.974,11.439
-7.194,-0.627,11.463
-8.403,-2.462,12.374
-8.214,-4.027,12.02
-9.051,-6.824,11.707
-8.731,-5.692,10.506
-7.405,-5.237,9.513
-6.412,-4.651,8.991
-6.714,-4.498,8.542
-7.561,-3.4,7.862
-8.259,-2.452,6.869
-7.709,-1.96,5.091
-7.453,-1.852,3.108
-7.348,-1.543,1.285
-7.309,-0.833,0.17
-6.905,-0.44,-1.27
-6.51,0.005,-1.928
-6.742,-0.364,-2.905
-9.252,-0.591,-3.598
-10.905,-1.218,-4.682
-12.872,-0.565,-5.962
-15.162,0.785,-5.891
-16.334,2.914,-8.898
-15.978,3.976,-9.891
-17.741,3.0,-11.472
-14.085,8.185,-27.795
13.855,6.338,-33.745
21.528,-4.441,12.214
14.169,15.269,-22.639
1.823,7.57,-25.249
-0.014,2.015,-19.916
3.754,1.861,-18.487
2.606,6.893,-13.073
-0.672,2.96,-8.431
-1.168,2.33,-6.297
3.859,-0.053,-8.408
4.244,-0.455,-6.831
2.68,3.393,-3.232
0.452,4.304,-0.67
-1.436,-6.06,-7.379
-2.931,-5.474,-10.977
-7.573,-3.878,-9.044
-7.668,-5.582,-11.824
-5.345,-3.129,-9.444
-8.046,-3.764,-11.37
-9.121,-10.066,-17.487
-7.601,-11.367,-17.272
-9.408,-10.47,-13.08
-10.709,-9.599,-12.427
-10.099,-8.982,-7.592
-15.04,-9.963,-2.864
-13.142,-16.681,-3.206
-13.961,-23.368,-3.902
-13.989,-19.54,-1.129
-12.999,-17.918,-1.101
-12.929,-15.906,-1.081
-9.003,-13.214,-1.318
-8.154,-17.179,-0.766
-7.051,-14.42,-5.733
-8.518,-9.731,-6.025
-8.57,-5.764,-6.52
-8.204,-2.838,-6.694
-4.821,-1.062,-3.216
-7.805,4.02,0.28
-9.939,0.892,4.819
-13.631,1.452,4.084
-8.709,-2.663,8.683
-4.477,0.708,8.128
-13.269,-8.951,11.829
-5.316,-6.025,11.001
-12.161,-5.438,8.266
-6.63,-14.841,11.298
-10.788,-9.769,13.611
-9.673,-11.358,13.152
-8.015,-9.716,12.123
-8.965,-10.74,13.044
-9.417,-11.42,9.941
-4.79,-11.91,7.723
-4.29,-13.633,8.008
-5.142,-11.475,8.675
-7.85,-11.305,9.482
-8.039,-10.867,9.79
-6.163,-9.362,9.226
-5.034,-8.482,9.987
-4.192,-8.611,9.606
-3.531,-9.434,8.451
-2.929,-9.412,6.989
-2.873,-10.802,6.917
-3.249,-11.755,5.685
-3.498,-11.963,5.764
-3.302,-11.372,5.259
-5.259,-11.312,4.651
-6.991,-11.616,5.383
-7.862,-11.472,5.788
-8.01,-10.434,5.613
-7.465,-9.597,5.62
-6.946,-9.644,5.225
-7.233,-8.637,5.266
-7.307,-8.087,4.438
-6.072,-7.206,4.443
-4.484,-5.077,5.417
-5.907,-5.118,5.941
-6.548,-5.412,5.946
-6.182,-4.701,6.245
-6.137,-5.335,6.484
-7.022,-5.19,7.632
-7.879,-5.364,9.183
-8.831,-4.388,8.687
-10.798,-5.359,9.321
-8.862,-6.994,9.223
-8.472,-5.958,11.7
-10.752,-8.12,10.925
-12.365,-7.302,13.707
-12.793,-2.199,11.293
-11.31,-1.66,11.092
-10.35,-2.072,9.3
-11.968,-4.17,8.577
-10.774,-4.211,7.599
-8.994,-2.988,6.814
-8.252,-2.297,6.491
-7.269,-1.019,5.847
-6.053,-0.892,4.555
-5.67,-0.773,3.036
-5.651,-0.517,0.926
-5.268,-0.294,0.091
-4.206,0.105,-0.493
-4.445,-0.902,-1.261
-4.505,0.022,-1.983
-4.412,0.385,-3.106
-4.299,-0.153,-5.221
-5.158,-0.467,-5.536
-7.01,-0.49,-5.946
-7.726,0.802,-6.848
-7.441,4.998,-8.91
-8.266,6.917,-8.501
-9.176,2.385,-6.927
-10.831,0.517,-7.608
-12.295,2.72,-14.195
-10.087,8.039,-26.17
1.189,16.786,-17.042
15.719,-3.048,8.221
9.621,3.486,-24.048
5.926,17.873,-22.701
-0.711,4.5,-16.401
-2.072,5.362,-13.322
-2.306,3.362,-11.925
-0.412,6.391,-10.654
2.292,2.28,-7.427
2.361,2.297,-12.025
2.931,-0.045,-9.329
-1.909,-0.888,-5.371
-4.567,-4.197,-2.629
-2.885,-2.165,-6.273
-5.173,-4.771,-9.183
-5.702,-5.194,-12.293
-6.529,-4.63,-11.836
-7.178,-7.032,-11.537
-6.979,-4.591,-13.075
-9.905,-8.695,-15.446
-11.152,-12.961,-10.735
-9.247,-13.776,-14.32
-9.802,-14.339,-9.613
-13.071,-20.004,-6.359
-11.255,-14.944,-4.847
-11.98,-13.578,-1.242
-8.934,-20.112,0.045
-10.913,-18.15,1.897
-8.149,-14.923,1.316
-6.403,-16.301,-0.653
-4.512,-13.779,-0.912
-7.455,-9.247,0.208
-7.027,-7.149,0.574
-3.151,0.84,0.11
-3.338,2.768,-4.036
-5.173,-0.983,-1.727
-8.355,-0.096,4.589
-11.972,2.027,7.963
-9.13,1.28,13.121
-7.144,-2.108,9.666
-6.809,-6.312,10.113
-9.668,-3.053,11.865
-7.946,-14.81,8.704
-5.699,-12.791,4.687
-7.852,-11.425,7.888
-7.587,-8.288,8.984
-8.171,-12.097,9.183
-7.474,-10.362,9.956
-6.185,-9.288,7.532
-5.95,-9.716,8.831
-6.551,-9.14,9.436
-7.149,-12.458,8.477
-6.125,-11.913,7.826
-6.73,-11.697,9.386
-7.8,-11.48,9.283
-6.996,-9.365,10.585
-4.84,-9.841,8.92
-5.513,-10.051,6.745
-5.118,-10.592,5.273
-3.065,-13.528,3.699
-4.206,-15.246,3.596
-3.086,-13.635,3.015
-3.565,-13.109,3.814
-4.783,-12.073,3.563
-6.261,-11.846,4.902
-7.91,-11.477,5.603
-8.991,-10.078,5.556
-9.365,-8.946,4.768
-9.238,-8.374,3.991
-9.154,-9.774,4.323
-9.47,-9.518,4.902
-5.194,-5.228,5.663
-6.862,-6.678,6.814
-7.369,-6.572,5.163
-5.847,-7.752,5.783
-7.508,-11.011,6.058
-8.341,-8.831,8.046
-9.872,-8.173,8.46
-10.255,0.33,14.451
-10.606,-1.893,11.774
-7.556,-3.933,10.422
-7.726,-6.017,8.587
-8.36,-7.13,7.946
-9.286,-7.529,6.635
-7.771,-5.316,4.902
-6.027,-4.218,3.122
-4.749,-2.759,1.481
-3.725,-0.239,0.718
-3.151,1.519,-1.579
-1.512,0.976,-3.826
-0.211,0.261,-6.17
1.857,-0.397,-6.608
2.335,5.154,-5.398
5.608,7.367,-6.685
6.371,5.984,-10.807
6.754,-1.019,-12.341
3.773,-7.888,-9.089
3.342,-6.065,-12.24
4.996,-4.759,-10.903
6.869,-2.333,-10.448
5.213,-4.575,-8.305
3.429,-6.108,-4.113
1.763,-10.116,-2.022
4.228,-10.29,-0.778
5.558,-10.568,-1.555
6.3,-9.384,-1.866
7.252,-7.309,-1.115
8.463,-7.293,-0.28
6.785,-8.872,-0.139
4.797,-8.18,-0.428
5.271,-6.936,1.002
4.823,-6.486,1.055
4.259,-7.529,0.916
1.986,-6.407,1.57
0.383,-5.989,3.204
-1.06,-9.561,6.271
0.5,-5.905,9.101
-2.182,-8.546,8.841
-3.347,-9.922,12.018
-4.477,-5.003,13.279
-6.326,-0.043,10.743
-8.061,-1.68,10.13
-8.927,-0.313,7.556
-10.941,-3.137,-3.015
-1.828,-7.261,4.118
-3.393,-3.895,-4.721
-7.683,-3.33,6.548
-10.554,1.991,10.511
-9.455,0.239,12.233
-11.638,0.421,13.047
-6.615,-4.331,6.175
-15.937,-1.034,9.561
-12.86,-5.513,8.216
-9.109,-6.333,9.905
-6.862,-8.759,7.881
-10.156,-6.848,7.807
-7.532,-5.84,5.902
-6.041,-4.158,2.072
-9.606,-11.381,7.068
-10.501,-8.637,5.926
-9.022,-6.556,5.594
-8.125,-2.586,5.252
-10.922,-3.06,5.082
-11.999,-2.778,7.314
-9.975,0.074,5.699
-10.427,1.541,5.438
-13.805,-4.689,4.235
-16.253,-7.302,4.321
-15.645,-0.457,6.862
-14.458,-0.859,4.462
-19.377,-4.627,7.738
-13.243,-2.766,1.79
-12.396,-0.569,-1.644
-10.692,-2.089,-3.302
-11.458,-0.823,-2.912
-9.69,0.849,-2.562
-10.63,1.153,-2.993
-11.164,4.292,-3.823
-11.786,3.216,-2.586
-8.594,3.481,-2.639
-9.654,3.161,-0.199
-11.446,1.78,-0.481
-11.149,2.586,-0.218
-12.774,3.263,-3.067
-8.486,-1.022,-1.967
-11.248,-0.926,-3.816
-8.223,0.715,-2.548
-7.869,2.357,-1.603
-10.381,1.184,-1.395
-10.903,2.239,0.292
-10.855,1.732,0.481
-11.212,0.213,1.29
-11.133,-0.376,1.086
-10.57,-2.881,0.756
-8.463,-2.206,1.438
-8.357,-3.024,0.225
-9.482,-3.558,0.861
-8.948,-4.503,-0.651
-8.283,-5.855,-2.507
-8.714,-4.072,-2.314
-9.056,-3.61,-1.51
-8.029,-3.907,-1.914
-8.97,-5.307,-1.732
-8.376,-6.726,-1.421
-9.819,-6.34,-1.359
-11.164,-7.199,-0.873
-11.501,-5.725,-0.112
-11.35,-10.135,-1.019
-9.551,-11.429,-1.689
-9.525,-10.039,-1.211
-10.953,-8.458,-1.747
-10.669,-10.53,-1.27
-11.07,-10.446,-3.433
-9.508,-11.652,-3.335
-9.013,-11.903,-3.771
-8.077,-11.011,-4.23
-7.369,-9.884,-4.567
-7.137,-11.288,-4.182
-7.742,-11.681,-4.673
-6.711,-11.25,-3.835
-5.924,-9.489,-3.464
-5.003,-7.943,-2.139
-4.67,-5.465,-0.349
-2.235,-4.572,0.572
-3.156,-4.773,1.943
-0.368,-3.467,2.787
-3.127,0.763,4.795
-2.168,3.163,6.393
-3.268,5.079,10.645
-7.773,16.538,17.794
6.481,-4.477,9.348
-7.745,3.371,10.499
-5.46,-4.563,8.924
-0.677,11.039,10.898
-4.539,1.579,10.783
-1.531,3.472,9.412
-1.62,1.84,12.099
0.263,2.407,12.406
-0.601,0.586,10.74
0.778,-0.175,7.817
2.967,-1.29,7.041
2.503,0.223,8.865
3.034,1.158,10.018
3.826,2.316,9.822
3.945,1.538,9.154
4.728,1.605,9.35
4.632,0.22,9.085
6.123,1.459,10.133
5.704,0.373,11.08
6.063,0.457,11.762
7.147,2.333,11.14
5.513,1.361,11.958
8.25,-0.282,12.116
5.953,-1.041,11.628
7.116,1.608,11.068
4.388,-1.584,10.379
3.036,-2.462,9.714
-6.204,-4.508,9.374
-10.977,-9.503,9.221
-10.188,-9.676,7.412
-7.905,-8.728,9.436
-2.46,-4.386,8.546
-2.094,-4.62,9.831
-2.311,-3.96,9.977
-4.249,-6.321,9.836
-6.343,-3.173,9.46
-7.139,-5.752,9.884
-2.117,-1.16,8.757
-3.472,-3.393,10.491
-3.352,-2.838,8.934
-1.787,-3.11,9.109
-2.637,-2.577,9.752
-2.613,-3.689,9.606
-3.536,-3.357,10.257
-1.663,-4.376,10.173
-3.103,-2.414,9.731
-0.694,-2.895,10.197
-2.56,-3.649,10.57
-2.058,-3.701,9.865
-1.412,-2.07,9.967
-0.447,-1.747,9.807
-2.098,-2.342,9.74
-2.565,-3.223,8.451
-2.129,-2.876,9.544
-1.629,-2.519,8.671
-2.108,-0.629,10.209
-1.581,-1.459,10.247
-0.988,-1.213,8.838
-1.916,-2.462,8.24
-2.141,-1.091,8.068
-5.206,9.087,9.721
-1.766,-2.742,6.714
1.89,-2.297,7.948
-0.921,10.613,8.551
-3.431,-3.783,3.898
1.39,-4.8,3.831
2.103,-1.847,6.424
-2.149,-3.101,6.013
-1.192,-0.419,5.639
0.215,-1.648,6.601
-2.086,-1.18,8.542
-1.634,-2.704,8.271
-0.117,-3.474,8.046
1.342,-2.74,9.03
1.823,-3.452,8.879
1.531,-3.546,9.4
1.069,-5.187,8.515
-1.756,-5.331,10.637
-4.761,-4.058,11.049
-5.898,-3.218,12.516
-6.13,-6.759,12.161
-5.85,-4.857,11.477
-3.783,-3.921,11.623
-0.986,-3.527,10.518
-2.321,-2.57,12.353
-2.072,-1.768,11.527
-2.529,-3.642,11.365
-2.082,-3.565,11.434
-1.888,-5.457,10.257
-0.117,-4.075,8.678
-1.12,-5.379,8.056
-0.993,-5.778,8.798
-2.029,-5.914,9.551
-2.015,-4.828,10.18
-0.95,-3.814,9.056
-1.653,-5.312,9.111
-1.314,-4.582,9.362
-1.572,-5.065,9.951
-1.751,-4.436,10.264
-0.754,-2.881,11.061
-1.199,-3.491,10.197
0.38,-4.548,9.374
1.431,-4.984,9.441
2.661,-4.311,9.664
2.725,-4.421,8.975
2.271,-4.443,8.946
2.239,-3.969,8.379
2.448,-4.323,8.57
2.098,-3.974,8.185
2.546,-2.596,6.905
3.548,-3.424,5.84
2.352,-4.027,7.049
1.567,-4.62,6.324
0.715,-4.311,7.12
1.806,-4.68,5.977
2.84,-5.237,5.505
1.876,-5.843,6.369
-2.0,-5.785,7.632
0.146,-3.993,8.013
0.895,-5.01,6.728
-0.115,-4.567,7.996
1.546,-2.548,5.462
0.88,-5.211,6.515
-1.278,-3.615,3.615
-0.012,-0.608,4.443
0.065,-4.737,2.795
-0.691,-4.986,0.888
-3.842,-4.089,1.909
2.979,-1.314,-0.517
-3.881,-2.472,1.321
-2.816,-4.52,-3.601
-5.271,-15.202,-2.323
-8.178,-12.91,0.567
-6.458,-14.269,0.122
-9.424,-15.722,1.077
-10.279,-15.872,1.096
-9.142,-12.937,4.797
-11.52,-14.277,2.859
-13.489,-19.052,4.599
-12.092,-22.155,2.598
-14.233,-21.794,3.311
-13.977,-16.817,5.972
-14.784,-15.604,0.689
-16.392,-19.825,0.933
-18.779,-19.643,-1.835
-19.21,-12.925,-3.409
-16.265,-17.423,-1.696
-16.095,-24.438,0.268
-23.014,-10.623,0.481
-21.033,-15.781,1.742
-17.272,-13.128,-0.361
-19.55,-11.047,2.012
-15.31,-3.218,-1.306
-15.903,-7.025,4.378
-11.379,-1.235,-0.103
-9.824,-4.424,-2.261
-12.489,4.979,-0.445
-6.525,7.864,3.74
-8.453,4.13,8.326
-7.491,4.154,15.707
-10.843,-6.089,16.511
-7.991,-7.317,13.169
-7.896,-5.855,18.65
-10.58,-10.726,21.294
-9.91,-10.374,15.289
-5.579,-12.535,11.676
-5.446,-6.058,10.221
-1.811,-6.063,12.693
-1.199,-5.637,13.154
-2.299,-5.039,14.04
-5.056,-4.677,13.293
-6.391,-4.649,13.018
-6.991,-4.053,12.073
-7.204,-5.651,12.176
-7.044,-6.673,11.372
-7.252,-8.025,10.745
-8.774,-7.683,10.843
-9.24,-7.41,9.494
-9.247,-5.233,9.046
-10.657,-6.537,8.185
-7.986,-5.967,6.618
-5.678,-5.759,6.149
-5.34,-4.955,5.493
-3.991,-6.132,5.474
-4.52,-7.453,5.522
-5.891,-9.099,4.752
-6.52,-9.369,5.613
-7.86,-8.623,6.352
-6.376,-7.618,7.575
-7.017,-8.015,7.053
-9.054,-10.692,6.211
-9.577,-13.379,6.247
-12.307,-11.695,11.257
-13.875,-9.51,11.891
-13.82,-10.867,8.843
-11.86,-9.661,7.101
-12.037,-6.319,7.537
-13.116,-4.098,6.326
-10.214,-2.821,3.828
-8.025,-2.101,1.491
-6.958,-2.469,-0.06
-6.907,-3.881,0.093
-5.426,-0.763,0.416
-3.685,0.017,-0.328
-4.374,0.323,-1.672
-4.572,2.062,-3.201
-0.871,5.278,-6.56
-1.117,4.948,-5.505
0.112,2.232,-4.933
-0.713,0.828,-4.137
-1.928,0.084,-4.498
-3.469,1.424,-5.429
-3.874,2.51,-7.185
-3.651,5.309,-7.364
-4.867,7.293,-6.754
-6.383,5.953,-6.824
-3.448,5.39,-10.283
-4.474,5.893,-11.094
-5.149,9.496,-17.885
7.506,19.186,-27.589
-32.644,-5.996,-29.283
15.707,0.998,-16.571
13.76,13.743,-20.981
1.998,17.947,-21.246
1.036,8.089,-17.861
0.407,7.963,-13.863
0.904,10.726,-9.116
1.333,5.859,-5.991
3.362,0.364,-8.037
0.258,-4.13,-4.749
0.263,-3.426,-4.189
-0.151,-3.175,-5.245
0.23,-2.199,-3.338
-0.361,-2.986,-3.091
-1.962,-6.996,-1.744
-2.448,-4.297,-3.204
-3.603,-6.352,-3.395
-4.168,-9.448,-4.362
-2.225,-9.707,-4.098
-5.395,-9.542,-6.013
-4.477,-13.875,-12.937
-6.809,-16.002,-9.257
-4.855,-14.958,-9.302
-10.69,-16.073,-3.845
-12.121,-18.514,-5.199
-12.738,-19.105,-1.558
-9.35,-17.401,1.361
-9.86,-17.772,0.962
-12.568,-24.148,0.49
-11.599,-25.699,1.785
-12.176,-19.624,2.342
-8.362,-12.688,5.697
-6.415,-17.284,8.664
-6.338,-12.803,2.969
-10.013,-12.48,-4.065
-9.137,-12.233,-4.457
-12.87,-15.542,0.572
-10.582,-6.649,0.746
-15.509,-8.537,4.73
-12.863,1.644,1.895
-14.82,3.01,-2.383
-14.099,1.239,-5.295
-13.449,3.302,6.479
-11.626,9.324,11.633
-13.219,9.283,9.963
-11.154,5.556,12.662
-3.199,-2.936,19.973
-4.276,-5.977,18.607
-7.436,-6.824,15.202
-8.915,-6.06,17.851
-6.343,-2.826,17.901
-1.998,-5.608,15.635
-6.374,-11.274,13.114
-5.371,-8.12,9.755
-5.089,-5.62,9.862
-3.304,-3.194,11.867
-2.893,-3.039,11.154
-3.019,-4.565,11.968
-2.634,-5.386,10.41
-2.019,-7.907,10.453
-1.732,-6.142,10.336
-2.036,-4.948,11.685
-3.005,-4.948,12.032
-2.608,-5.383,11.173
-1.988,-6.558,10.08
-1.792,-7.092,9.384
-3.72,-8.312,9.633
-4.893,-7.47,9.116
-6.249,-7.252,9.747
-7.032,-7.575,9.231
-7.455,-8.161,9.333
-8.178,-8.352,10.101
-8.91,-6.235,8.69
-9.46,-5.146,8.087
-7.142,-4.969,6.008
-4.417,-2.553,5.46
-5.142,-2.96,5.221
-4.584,-6.06,6.45
-3.708,-7.166,5.656
-5.489,-7.376,7.171
-6.522,-9.243,7.663
-8.321,-8.996,8.664
-9.592,-8.161,8.824
-10.719,-10.145,8.642
-10.121,-13.776,8.128
-4.443,-17.868,-28.443
-18.124,4.469,14.312
-16.317,-7.879,10.884
-16.104,-11.86,5.907
-12.044,-14.269,-1.589
-18.593,-16.966,2.929
-14.068,-10.647,6.099
-14.501,-5.728,6.434
-14.528,-0.223,5.922
-14.083,0.23,2.498
-10.996,-0.359,-1.129
-7.422,-2.055,-3.479
-6.589,-3.842,-3.383
-3.127,-3.06,-2.498
-4.158,-2.402,-1.227
-4.766,-2.211,-3.493
-3.586,-0.388,-6.429
-3.328,2.07,-6.728
-3.907,4.541,-5.28
-4.448,5.228,-4.546
-3.826,4.311,-5.278
-3.089,2.314,-5.79
-3.627,3.139,-7.407
-4.67,3.503,-8.623
-5.347,3.376,-9.367
-5.678,3.297,-9.685
-6.115,4.065,-10.372
-6.271,9.522,-9.941
-6.379,11.13,-13.107
-4.405,14.205,-22.679
14.418,23.605,-34.685
-1.543,-10.848,-15.463
4.225,2.931,-18.198
6.082,23.368,-22.536
-3.68,9.219,-15.667
-4.189,9.022,-14.528
0.993,8.556,-9.077
4.675,4.68,-7.247
3.263,4.496,-6.517
1.627,1.182,-8.025
2.249,-1.794,-8.144
1.797,-2.409,-7.173
-1.22,0.483,-4.8
-3.433,-3.417,-1.515
-3.445,-7.142,-0.359
-4.862,-7.814,-2.85
-4.189,-7.709,-3.51
-5.048,-9.31,-5.91
-4.85,-6.958,-7.97
-4.919,-8.719,-5.795
-6.283,-13.702,-7.663
-10.255,-16.167,-14.044
-6.247,-16.004,-8.025
-8.374,-15.604,-5.833
-12.152,-19.897,-2.357
-11.917,-20.234,-1.0
-9.848,-26.046,-3.438
-15.121,-27.201,2.658
-9.604,-18.712,-0.522
-11.001,-19.88,4.388
-8.015,-20.052,-1.414
-6.407,-16.829,0.218
-8.482,-16.377,-1.907
-11.137,-15.396,-2.244
-7.395,-12.817,-2.804
-9.534,-11.326,1.615
-9.109,-12.422,-0.713
-9.74,-9.259,2.931
-11.032,-3.943,-1.392
-8.608,2.704,1.16
-9.994,-8.219,-1.847
-10.573,5.505,0.821
-10.269,12.946,3.747
-4.515,13.006,8.166
-10.003,4.933,17.114
-11.815,3.73,15.116
-10.403,-0.974,17.155
-9.845,-8.465,15.255
-7.537,-5.922,18.564
-8.594,-8.532,16.688
-10.405,-5.532,15.54
-8.096,-10.034,12.525
-4.747,-9.281,9.525
-4.027,-6.836,12.389
-6.127,-6.084,13.145
-6.474,-4.132,12.008
-5.441,-8.85,10.001
-2.955,-6.979,8.424
-5.821,-7.573,10.41
-6.388,-6.637,11.673
-6.503,-5.618,11.58
-7.049,-4.56,12.166
-5.474,-4.393,10.709
-4.893,-5.551,10.566
-4.878,-5.19,9.824
-5.331,-6.187,9.558
-4.876,-6.228,8.826
-5.379,-6.821,8.269
-6.371,-7.166,7.25
-7.994,-7.183,6.934
-8.192,-6.029,6.618
-8.312,-5.371,6.991
-8.293,-6.156,7.01
-8.987,-6.625,6.814
-8.817,-6.07,7.197
-8.123,-4.888,6.702
-6.848,-4.048,5.465
-5.694,-3.407,5.869
-3.802,-4.082,6.974
-3.421,-4.768,5.077
-4.632,-6.204,5.285
-5.79,-8.381,5.158
-6.448,-6.886,6.393
-7.718,-9.329,4.752
-5.635,-9.661,5.948
-5.508,-10.08,5.694
-7.783,-13.903,7.915
-10.09,-15.497,8.623
-9.125,-13.13,9.587
-14.341,-3.866,12.848
-17.741,-2.881,11.975
-14.097,-5.376,9.633
-13.365,-12.173,8.786
-13.666,-9.4,10.666
-17.073,-5.991,10.661
-17.042,-3.821,6.871
-13.578,-3.141,3.445
-11.14,-2.338,0.892
-9.479,-1.33,-0.144
-7.151,-1.06,0.055
-4.756,-1.115,-0.275
-3.589,0.129,-0.581
-3.187,1.67,-2.206
-2.57,1.687,-3.598
-3.393,1.512,-4.316
-1.945,3.756,-6.178
-1.809,2.876,-5.367
-1.668,1.18,-6.053
-0.617,2.914,-5.359
-2.007,2.108,-4.51
-3.141,1.677,-6.489
-3.11,2.412,-7.893
-4.041,5.948,-9.269
-2.988,4.869,-7.276
-4.649,3.412,-7.106
-4.651,2.318,-7.984
-5.134,3.809,-11.319
-2.586,6.419,-19.6
1.172,8.178,-22.95
9.479,6.974,-24.818
-22.017,3.476,-34.235
9.532,13.611,-23.277
-0.117,10.654,-21.237
-2.862,0.084,-18.526
1.651,7.577,-14.207
0.579,7.563,-10.511
2.199,7.551,-6.604
0.586,2.18,-7.092
1.168,0.72,-8.259
0.538,-2.347,-6.898
0.835,-2.146,-3.845
0.249,-4.998,-5.709
-3.73,-6.039,-5.285
-5.989,-6.86,-3.986
-3.594,-6.297,-4.792
-3.012,-3.653,-7.441
-3.955,-6.582,-7.104
-6.639,-8.13,-1.952
-4.51,-9.609,-5.792
-6.276,-11.238,-5.632
-9.262,-13.054,-8.175
-11.504,-16.877,-3.72
-8.613,-12.382,-4.687
-9.104,-20.849,-7.137
-9.522,-20.753,-3.969
-8.656,-17.444,-4.486
-11.408,-27.797,0.785
-11.164,-18.318,-0.562
-6.922,-16.87,-4.436
-9.001,-19.234,-2.227
-2.747,-7.082,-8.991
-11.188,-15.808,-2.105
-7.132,-15.93,-0.77
-5.804,-14.391,3.981
-8.814,-13.564,5.178
-10.357,-11.037,4.718
-8.604,-4.553,0.687
-16.107,-5.225,2.077
-7.807,-5.18,3.701
-10.314,2.07,-0.313
-12.35,4.433,4.386
-11.798,3.23,5.675
-7.616,8.183,8.984
-6.381,8.266,15.308
-8.699,7.778,19.959
-8.745,-4.594,17.863
-4.91,-4.187,15.942
-7.197,-4.017,13.796
-6.07,-6.082,16.877
-4.185,-9.25,12.918
-8.321,-13.279,12.315
-6.654,-9.111,10.869
-6.936,-7.63,10.503
-7.264,-9.934,9.927
-7.35,-10.494,11.224
-7.161,-9.723,11.118
-5.929,-8.754,9.802
-4.783,-7.699,9.121
-5.235,-7.963,9.884
-6.084,-7.508,9.266
-6.735,-8.305,8.274
-6.288,-8.888,8.929
-4.512,-8.786,8.994
-4.613,-9.707,9.132
-5.8,-9.326,8.931
-5.809,-9.02,7.888
-6.678,-9.68,5.989
-8.152,-10.097,5.34
-8.726,-7.826,5.46
-9.178,-7.472,5.477
-7.797,-5.044,5.465
-7.541,-5.479,7.051
-9.152,-6.623,7.431
-9.546,-5.505,7.675
-8.506,-4.591,6.572
-6.982,-4.369,7.388
-4.247,-2.137,7.568
-2.957,-0.627,7.321
-3.393,-1.352,6.893
-4.541,-3.725,7.506
-5.862,-4.524,6.721
-6.221,-6.785,6.675
-4.764,-7.702,5.84
-6.704,-9.018,5.113
-6.709,-8.565,5.245
-7.931,-8.171,6.917
-7.522,-6.824,8.166
-7.515,-6.726,10.03
-9.29,-5.204,12.099
-11.374,-4.912,13.41
-10.702,-9.642,12.26
-11.867,-14.241,11.487
-13.09,-9.245,11.372
-13.631,-7.049,11.298
-12.417,-4.634,10.171
-12.319,-5.3,7.479
-9.654,-5.625,4.606
-7.747,-5.094,1.931
-6.9,-3.74,0.469
-5.536,-3.842,0.163
-3.62,-2.036,0.656
-3.862,-0.199,0.423
-5.044,0.433,-0.782
-3.405,1.481,-3.448
-2.83,3.955,-5.137
-1.876,2.826,-6.455
-0.28,1.414,-6.706
-1.01,2.826,-5.462
-1.914,2.933,-4.986
-1.967,2.495,-4.84
-3.395,1.316,-4.838
-4.232,3.945,-7.01
-3.869,6.383,-6.02
-4.883,3.527,-7.726
-5.345,1.881,-8.295
-4.711,3.292,-11.771
-4.122,7.075,-14.583
-7.072,10.283,-19.691
8.92,7.515,-23.871
-29.218,21.122,-34.18
5.96,-0.555,-24.51
11.13,16.612,-21.567
-4.529,2.536,-18.705
0.376,4.426,-15.59
-0.402,8.089,-8.867
1.797,4.285,-7.352
2.127,3.642,-8.343
1.842,0.51,-7.601
2.163,-1.931,-8.132
4.477,-3.024,-5.618
-0.182,-0.127,-5.182
-1.775,-3.503,-4.185
-3.725,-5.804,-3.78
-4.376,-7.077,-3.685
-5.579,-4.969,-6.06
-3.223,-4.8,-9.8
-2.206,-5.821,-10.956
-14.355,-9.209,-5.12
-12.729,-14.554,-6.338
-6.005,-9.855,-5.556
-9.113,-14.714,-8.269
-10.752,-16.38,-5.876
-8.963,-19.901,-0.012
-9.745,-22.241,1.821
-11.81,-26.493,-1.613
-9.75,-25.113,1.151
-6.874,-19.368,0.512
-10.922,-16.549,4.34
-3.23,-14.121,-2.062
-5.496,-10.647,-0.16
-2.756,-12.279,-3.385
-8.113,-14.466,-4.125
-6.225,-10.011,-3.235
-7.417,-17.987,1.33
-8.285,-3.591,-1.933
-8.429,-4.945,0.301
-6.704,-5.553,-0.423
-10.537,-0.514,3.799
-15.64,-1.388,-2.235
-9.338,1.735,2.0
-7.785,3.378,5.082
-9.862,4.386,7.517
-10.197,13.15,12.568
-6.615,3.551,16.289
-9.788,-5.29,14.193
-9.886,-5.981,11.231
-7.972,-1.402,14.992
-8.039,-13.901,14.126
-4.07,-8.513,7.144
-10.03,-11.477,10.451
-9.321,-9.788,10.18
-6.766,-8.283,8.891
-7.52,-8.601,9.142
-7.163,-7.812,8.123
-7.4,-9.597,8.573
-7.259,-8.977,8.245
-7.037,-8.692,9.69
-5.814,-7.793,10.714
-4.57,-6.608,10.496
-6.048,-6.869,10.561
-7.293,-7.86,10.113
-7.884,-8.723,10.075
-7.501,-7.915,9.106
-7.35,-8.319,8.238
-7.764,-8.305,6.752
-8.443,-8.161,5.847
-9.338,-7.104,6.491
-9.81,-7.386,6.029
-9.286,-6.338,6.472
-9.479,-5.742,6.393
-9.278,-5.359,6.766
-10.257,-6.489,5.52
-8.587,-1.723,5.467
-6.915,-1.388,5.804
-6.309,-1.407,7.132
-5.474,-2.314,6.3
-5.457,-2.189,6.142
-4.481,-2.704,5.599
-4.642,-3.606,5.857
-5.548,-5.919,5.833
-5.979,-6.45,5.919
-6.398,-7.671,6.216
-7.357,-7.458,7.049
-7.941,-8.35,7.754
-8.175,-7.623,8.876
-8.606,-8.128,7.541
-9.812,-7.946,8.891
-8.015,-7.503,7.496
-12.863,-8.771,8.271
-11.606,-5.115,10.331
-11.922,-9.312,6.508
-10.166,-9.19,10.68
-9.948,-4.505,10.869
-8.924,-1.512,10.31
-9.319,-1.613,9.558
-8.671,-1.964,8.821
-7.123,-2.763,7.439
-6.618,-2.534,5.864
-6.517,-2.022,4.012
-6.173,-1.462,2.194
-5.826,-0.648,1.658
-5.814,-0.002,1.414
-5.527,1.637,0.215
-4.694,3.027,-0.749
-3.976,1.799,-1.854
-3.764,1.345,-3.244
-4.713,2.079,-3.18
-3.811,0.739,-4.034
-5.149,-0.543,-4.412
-6.214,-1.885,-5.692
-7.917,-1.737,-7.577
-8.104,2.909,-9.585
-8.23,5.079,-7.259
-8.604,4.352,-7.907
-8.608,1.488,-14.207
-7.606,2.888,-22.653
8.108,4.627,-44.265
-43.038,-9.331,-57.274
12.685,11.439,-37.619
8.252,12.513,-24.512
-0.943,1.962,-21.057
-0.572,2.56,-15.616
4.534,11.111,-10.802
0.888,7.991,-8.92
-0.323,-1.553,-20.38
2.55,-1.359,-9.843
-1.136,-3.508,-8.659
-4.089,-1.251,-6.819
-2.957,-1.902,-4.041
-2.694,3.132,-5.651
-5.792,-4.924,-6.099
-5.048,-2.359,-10.29
-9.771,-9.494,-11.573
-6.601,-5.955,-9.944
-11.623,-12.863,-7.886
-11.623,-16.2,-9.951
-15.454,-19.023,-12.116
-12.968,-17.473,-6.331
-15.042,-14.951,-9.221
-12.24,-18.332,-0.983
-11.635,-20.306,-0.603
-13.391,-24.431,0.572
-12.58,-16.743,3.125
-8.563,-10.322,0.285
-10.743,-9.903,-2.656
-7.864,-8.625,-6.302
-9.448,-9.463,-4.244
-5.51,-6.288,-5.295
-8.242,-2.086,-5.508
-7.369,3.395,-5.235
-9.31,-0.019,-1.091
-12.365,-1.893,3.536
-11.836,2.608,7.405
-12.37,2.259,12.882
-10.494,-1.553,8.766
-6.168,-3.362,11.3
-10.602,-3.689,7.23
-6.883,-11.276,12.425
-8.829,-12.336,11.197
-9.881,-12.362,12.982
-8.312,-15.535,9.824
-9.85,-15.078,7.187
-9.381,-13.482,7.611
-6.601,-11.252,9.999
-6.147,-10.458,7.273
-3.409,-11.195,6.986
-6.47,-11.783,7.613
-5.441,-10.489,7.714
-5.596,-12.31,7.723
-5.637,-11.882,7.781
-4.319,-12.429,7.307
-2.871,-12.243,6.034
-2.929,-11.532,6.649
-1.637,-10.097,5.74
-1.371,-9.204,6.331
-1.704,-9.551,5.623
-4.615,-11.568,5.422
-6.381,-10.865,5.379
-8.018,-12.181,6.357
-9.503,-12.492,6.934
-10.006,-10.006,7.142
-9.566,-7.532,8.065
-8.446,-4.197,7.529
-7.386,-3.651,5.594
-7.912,-4.075,4.613
-7.946,-5.221,4.335
-6.127,-2.278,6.599
-7.613,-3.842,6.479
-6.625,-3.799,6.223
-9.022,-7.204,7.458
-13.047,-7.874,6.663
-15.059,-7.826,4.991
-13.698,-7.762,5.912
-14.887,-23.72,3.29
-13.908,-28.034,3.972
-21.064,-16.6,7.068
-15.442,-3.737,9.022
-14.044,-3.369,14.162
-17.506,-2.285,9.905
-14.765,2.531,7.039
-15.145,1.014,2.917
-13.564,-0.208,0.768
-11.094,-2.196,-0.278
-9.97,-2.498,-1.979
-8.57,-2.486,-2.763
-6.682,0.01,-4.276
-7.178,1.792,-6.264
-6.742,-1.251,-4.187
-6.929,1.182,-4.771
-5.367,3.701,-6.568
-3.747,3.883,-6.209
-4.307,2.285,-6.977
-7.584,2.244,-4.677
-8.776,4.967,-5.84
-9.032,5.307,-8.924
-10.398,3.345,-10.649
-9.726,3.45,-12.496
-10.003,3.68,-15.643
-7.606,7.429,-15.076
-10.941,11.958,-18.751
10.994,24.967,-28.23
6.656,-9.532,-6.269
3.936,0.378,-22.617
6.718,16.765,-21.859
1.665,10.46,-16.983
-0.349,5.192,-13.946
2.216,8.769,-9.092
1.409,6.352,-7.431
-0.318,6.627,-7.855
2.649,-1.849,-13.133
5.685,1.814,-12.91
2.536,2.967,-8.257
-1.239,-3.809,-6.046
-7.955,-1.711,4.065
-3.531,-4.749,2.859
-4.345,-4.898,-4.488
-0.859,-6.369,-10.855
-7.123,-5.328,-8.678
-8.458,-12.283,-8.544
-12.824,-8.898,-7.029
-11.468,-9.221,-3.878
-10.633,-15.107,-5.333
-11.37,-20.457,-6.833
-12.274,-17.432,-5.718
-10.69,-19.471,-3.462
-10.491,-27.823,-4.048
-10.511,-23.038,-0.995
-6.182,-18.428,2.483
-10.92,-22.359,0.61
-9.188,-17.27,-1.335
-5.39,-10.544,-1.711
-6.891,-19.337,-4.187
-3.642,-13.712,-5.185
-4.61,-8.204,-2.129
-9.652,-7.271,-4.57
-13.796,-11.049,-3.661
-11.853,-11.348,-1.737
-15.769,-8.699,-1.699
-16.159,-2.5,-1.005
-16.547,0.629,2.338
-16.234,0.857,-0.811
-13.363,4.725,9.147
-10.061,8.46,10.585
-14.875,14.796,11.929
-12.432,0.555,15.612
-11.606,3.842,15.272
-7.4,-2.876,16.432
-6.661,-4.421,10.293
-5.888,-9.948,14.798
-9.563,-5.769,12.798
-6.551,-10.795,10.389
-7.307,-10.221,10.293
-6.388,-7.97,10.319
-5.077,-4.792,11.683
-4.548,-8.221,9.46
-4.898,-8.719,9.369
-7.754,-8.341,9.822
-8.02,-6.113,10.41
-5.565,-5.422,10.348
-6.623,-3.886,11.099
-8.379,-4.555,10.087
-7.405,-5.158,9.075
-6.907,-6.417,8.769
-5.948,-6.572,10.267
-5.472,-5.835,11.068
-5.747,-6.19,10.259
-5.522,-5.436,9.14
-5.972,-5.69,8.637
-7.778,-5.264,8.838
-8.683,-4.876,9.01
-9.314,-4.697,8.02
-10.29,-5.436,8.096
-10.075,-5.572,7.69
-9.147,-4.505,7.037
-9.671,-3.127,7.424
-8.683,-2.881,6.529
-6.879,-1.467,6.12
-2.314,-1.333,5.218
-3.974,-4.567,5.477
-3.699,-3.371,4.895
-6.819,-5.204,7.489
-4.833,-6.053,6.13
-4.259,-4.46,9.379
-6.867,-4.01,8.07
-8.721,-7.723,8.525
-9.709,-9.221,10.116
-6.546,-8.668,9.451
-9.85,-3.642,11.884
-11.36,-4.565,13.286
-13.535,-9.604,16.705
-10.683,-5.228,12.855
-13.824,-6.496,13.126
-13.755,-6.041,11.872
-12.494,-3.206,11.702
-12.547,-1.486,9.022
-11.09,-1.715,7.36
-9.597,-1.419,4.677
-8.185,-1.515,2.041
-6.871,-1.799,0.38
-5.233,-2.766,-0.804
-4.302,-4.493,-0.373
-3.531,-1.237,-0.033
-4.276,-1.694,-1.524
-5.678,0.423,-3.366
-5.022,4.733,-5.45
-2.912,3.723,-7.113
-1.964,1.06,-5.886
-0.888,2.225,-5.221
-2.539,1.299,-4.18
-4.998,0.981,-3.484
-6.962,2.007,-5.309
-6.788,4.027,-7.522
-6.814,3.979,-7.764
-8.776,1.522,-8.061
-10.487,1.067,-13.068
-9.611,5.316,-20.911
-7.498,12.458,-24.596
-16.954,58.862,-66.432
8.319,-1.849,-16.782
11.377,14.913,-20.562
3.685,16.566,-21.057
-2.57,6.273,-17.356
-1.431,11.645,-15.679
0.081,11.307,-11.769
0.639,8.946,-8.355
4.914,4.907,-10.52
2.017,-3.144,-9.36
-1.83,0.904,-8.001
-2.775,-1.562,-7.769
-3.905,-3.881,-6.225
-8.156,-2.428,0.861
-5.917,-5.582,-3.065
-1.144,-0.737,-3.962
-4.103,-2.505,-8.582
-5.115,-4.13,-7.876
-11.819,-12.08,-9.331
-8.4,-12.365,-14.025
-7.632,-11.147,-11.774
-7.726,-16.896,-9.848
-9.781,-17.148,-5.8
-14.097,-14.69,-4.11
-11.829,-19.882,-2.07
-11.185,-28.761,-2.261
-9.69,-25.986,1.364
-8.783,-23.998,4.876
-5.091,-17.444,5.201
-1.333,-11.358,-1.756
-3.924,-12.977,-2.338
-0.979,-10.018,-6.8
-9.219,-16.215,-4.134
-8.652,-13.714,-0.782
-6.359,-12.59,-2.589
-11.042,-13.413,-1.316
-12.085,-6.907,-1.857
-11.7,-6.273,-2.079
-12.252,-0.95,-2.16
-14.719,-0.562,1.565
-16.286,-0.739,4.524
-15.119,5.749,4.015
-12.073,13.128,11.932
-14.128,11.216,17.373
-9.269,2.189,12.604
-5.579,-2.811,12.987
-11.798,-0.629,12.599
-11.482,-5.307,17.655
-5.936,-12.183,10.546
-12.138,-7.996,14.982
-9.034,-10.757,13.583
-7.905,-13.36,9.348
-3.005,-9.039,11.958
-6.517,-7.608,14.31
-7.616,-7.202,14.669
-8.599,-5.747,14.659
-7.974,-6.216,13.523
-5.058,-6.984,11.092
-6.582,-8.041,10.893
-6.938,-8.271,10.027
-5.953,-6.747,10.728
-5.668,-6.477,10.331
-6.127,-6.202,10.044
-7.027,-6.623,9.647
-6.307,-7.039,8.125
-6.056,-6.185,7.489
-7.372,-6.869,7.419
-8.733,-7.199,6.788
-8.12,-6.493,7.18
-8.305,-6.312,7.171
-9.008,-5.766,7.288
-9.52,-5.225,7.034
-8.417,-3.084,8.252
-6.467,-2.347,6.362
-3.898,-0.299,6.864
-2.673,-1.215,7.13
-6.582,-2.216,6.285
-4.182,-0.842,8.585
-2.036,-1.921,7.104
-3.175,-4.036,8.01
-5.46,-6.855,6.946
-6.85,-9.601,6.596
-7.558,-9.551,6.281
-7.907,-8.597,7.388
-7.771,-7.936,8.168
-8.62,-6.623,9.006
-9.02,-3.433,10.783
-10.69,-1.175,13.863
-11.116,-0.651,10.621
-11.748,-9.132,12.209
-11.487,-5.249,12.494
-10.932,-3.943,11.47
-10.389,-5.694,10.635
-10.788,-4.058,10.075
-9.219,-2.452,8.549
-7.965,-3.177,7.149
-7.056,-2.943,5.113
-6.242,-2.558,3.393
-6.74,-2.137,2.62
-6.388,-2.421,2.701
-5.395,-2.113,2.955
-4.206,-0.715,1.01
-3.854,-0.591,-0.06
-3.854,0.565,-1.017
-3.12,0.924,-2.199
-2.979,0.725,-2.852
-3.811,0.069,-3.271
-5.046,0.129,-4.448
-5.651,-0.433,-4.737
-7.166,-0.799,-5.472
-9.13,-0.249,-6.654
-9.853,1.797,-7.979
-10.697,4.087,-8.733
-11.212,2.888,-10.499
-10.168,2.519,-14.604
-5.218,7.692,-32.955
-35.477,6.398,-73.404
10.264,-4.254,-29.075
11.858,22.954,-27.955
-2.242,6.742,-22.115
0.199,1.184,-21.134
4.022,8.776,-13.121
0.969,10.917,-7.797
0.426,6.752,-8.891
1.376,-4.692,-13.056
3.275,-1.263,-11.137
1.077,0.758,-13.774
0.852,1.431,-9.245
-1.926,-5.627,-5.405
-5.888,-5.446,-8.714
-5.8,-0.938,-7.601
-7.127,-5.194,-9.642
-8.762,-4.398,-10.898
-8.508,-4.867,-10.209
-8.675,-6.039,-12.154
-8.771,-10.252,-10.223
-13.257,-15.272,-12.549
-14.992,-17.411,-4.9
-10.692,-12.683,-6.166
-14.329,-18.6,-6.728
-12.894,-21.691,-5.199
-12.767,-20.971,-4.015
-7.642,-19.54,-2.811
-11.786,-14.176,0.589
-9.393,-16.042,-5.757
-7.754,-15.116,0.301
-6.156,-13.422,-5.565
-2.318,-9.398,-5.211
-6.745,-4.417,-4.113
-7.137,1.148,-3.893
-9.494,-6.529,-6.235
-3.543,3.22,-4.209
-7.532,1.531,-1.22
-10.697,0.663,3.192
-16.662,-2.177,9.135
-7.168,0.813,11.202
-10.956,1.861,11.812
-10.496,-7.235,10.013
-12.463,-5.02,13.142
-8.233,-11.858,13.293
-5.594,-7.25,10.563
-8.381,-10.929,14.068
-9.764,-11.475,11.513
-10.343,-11.188,9.752
-8.855,-11.319,10.36
-10.405,-12.506,10.58
-7.376,-9.924,10.685
-5.405,-9.345,8.97
-6.522,-10.487,8.886
-5.367,-10.365,8.599
-5.314,-10.396,7.74
-5.149,-10.977,6.386
-3.548,-11.748,6.379
-4.232,-11.142,6.869
-4.065,-11.073,6.946
-3.153,-10.879,5.85
-3.685,-10.623,5.07
-6.331,-11.793,5.295
-8.924,-13.468,7.194
-8.465,-13.04,7.192
-9.314,-12.054,7.654
-10.128,-11.547,6.001
-9.491,-9.965,4.742
-6.773,-7.276,3.919
-7.405,-7.496,4.907
-5.678,-5.606,4.015
-5.51,-4.405,5.611
-6.178,-3.931,5.546
-6.249,-3.579,5.242
-7.967,-4.017,6.592
-7.896,-3.582,5.783
-9.412,-5.874,5.197
-8.209,-7.465,5.024
-9.755,-7.687,6.505
-10.884,-6.836,7.946
-10.879,-7.403,8.149
-8.85,-10.025,10.683
-12.52,-22.483,7.118
-18.255,-15.997,8.498
-17.949,0.632,8.766
-13.497,-1.742,13.951
-15.99,-0.818,14.166
-14.786,-2.184,9.594
-15.358,-0.914,7.149
-14.87,-1.902,4.35
-12.408,-2.232,2.196
-10.156,-2.488,0.526
-8.707,-2.572,-0.754
-6.706,-1.814,-1.637
-5.74,-1.928,-2.548
-7.654,-0.782,-2.804
-10.58,1.012,-3.036
-9.805,2.493,-5.173
-7.434,1.931,-8.022
-5.355,5.771,-8.623
-4.453,4.154,-6.807
-7.532,2.828,-3.735
-8.386,2.4,-4.591
-10.101,1.321,-7.939
-10.716,2.457,-10.078
-10.633,3.886,-10.913
-9.946,5.003,-12.226
-10.735,8.001,-13.784
-10.298,10.824,-15.48
24.737,9.642,-56.58
-13.363,-5.137,-43.318
2.668,-3.046,-22.301
7.472,18.44,-22.66
1.909,20.421,-17.552
-2.933,9.025,-13.267
-1.814,9.771,-8.424
-2.548,3.737,-6.769
-1.646,4.654,-7.795
2.85,-0.053,-11.078
3.342,-1.806,-10.936
-0.794,1.675,-6.996
-4.228,-4.797,0.22
-7.446,-4.938,-2.024
-5.285,-6.111,-1.244
-4.383,-2.187,-4.02
-4.005,-0.263,-9.984
-4.122,-6.522,-14.03
-9.726,-9.573,-10.451
-12.36,-17.172,-9.463
-12.176,-15.848,-13.52
-8.422,-21.253,-12.365
-11.92,-19.023,-6.075
-12.248,-19.054,-1.498
-15.722,-21.272,-0.691
-13.817,-21.71,0.29
-12.781,-27.986,4.893
-13.207,-18.688,3.419
-9.956,-17.569,1.794
-9.905,-17.956,-2.737
-10.123,-16.31,-3.247
-9.116,-13.303,-1.323
-9.305,-12.633,2.117
-9.551,-14.367,3.146
-9.367,-5.032,-1.192
-6.235,-4.465,-3.811
-7.886,-1.431,-2.079
-5.955,2.225,0.897
-8.695,3.517,0.036
-12.554,-1.031,0.718
-12.303,0.864,2.027
-10.389,1.773,8.278
-5.737,-1.72,10.511
-8.276,2.17,12.829
-11.075,0.383,14.853
-5.233,-8.163,14.009
-9.4,-9.664,11.114
-9.379,-4.524,11.104
-7.623,-10.91,10.3
-4.024,-9.869,10.104
-5.493,-11.231,11.872
-6.852,-8.642,11.69
-8.128,-9.884,12.018
-8.501,-9.999,11.908
-8.747,-8.539,11.982
-8.467,-6.797,11.001
-7.936,-6.108,10.267
-6.836,-7.611,8.443
-6.967,-6.888,7.175
-7.805,-7.407,6.883
-8.601,-6.202,6.931
-7.106,-7.116,5.759
-6.225,-9.889,4.326
-6.261,-12.86,3.996
-4.225,-11.37,5.137
-5.24,-9.951,5.307
-5.539,-9.027,3.819
-4.936,-8.836,4.015
-5.67,-8.302,3.539
-6.678,-7.417,4.154
-6.907,-7.242,4.156
-8.001,-8.214,2.864
-8.754,-9.652,3.787
-7.252,-7.506,5.273
-7.587,-7.721,6.749
-4.496,-7.261,7.051
-5.242,-7.45,8.46
-5.137,-5.146,7.584
-5.381,-4.936,8.62
-5.948,-4.689,10.087
-7.852,-6.826,11.393
-2.335,-10.286,11.2
-4.642,-11.125,12.425
-7.029,-10.733,11.882
-8.659,-9.889,10.384
-7.367,-11.185,7.754
-9.377,-10.477,9.08
-7.25,-3.548,9.977
-5.276,-0.041,12.097
-8.632,0.103,11.59
-7.577,0.811,9.676
-6.233,-0.117,7.47
-5.852,-1.065,4.981
-5.761,-0.955,2.692
-5.84,-1.852,0.964
-4.747,-2.902,-1.369
-4.18,-3.744,-2.888
-3.536,-2.673,-2.653
-2.945,-2.852,-2.96
-3.158,-0.385,-5.288
-1.493,1.139,-6.783
-0.979,0.356,-8.527
-0.967,-0.672,-8.408
-3.283,0.89,-5.01
-5.395,5.225,-9.982
-3.082,4.02,-11.762
-0.512,-3.225,-14.913
2.292,-4.936,-14.934
0.823,-0.23,-14.195
1.354,1.048,-12.659
4.991,1.761,-15.174
2.187,-3.945,-16.04
7.874,-3.675,-16.715
6.369,-2.902,-19.964
-0.177,-2.316,-16.954
10.106,-1.826,-13.219
9.513,-0.613,-16.246
0.885,-8.513,-15.415
4.955,-11.563,-14.334
4.486,-8.776,-10.807
2.957,-6.4,-7.699
1.718,-8.278,-5.127
4.079,-7.393,-6.257
3.768,-9.032,-6.364
3.103,-9.252,-6.474
3.689,-9.762,-6.759
3.799,-8.307,-5.496
2.675,-7.85,-5.809
4.859,-9.534,-5.168
3.577,-8.18,-4.594
2.96,-8.219,-4.68
3.23,-8.302,-3.924
3.187,-9.128,-3.67
2.864,-8.51,-2.44
2.692,-9.183,-1.964
2.584,-9.168,-1.5
2.723,-8.673,-0.995
3.266,-8.891,-0.294
3.06,-8.831,0.057
2.512,-8.297,1.235
2.031,-8.185,1.416
4.835,-12.858,-16.973
4.24,-15.315,-16.614
-0.804,-6.395,1.641
0.596,-4.034,3.034
1.093,-4.206,6.204
-1.486,-6.257,7.876
0.529,-2.661,5.505
-0.261,-5.278,9.855
2.412,-7.252,7.874
1.55,-4.922,6.802
3.665,-3.682,6.484
4.381,-3.586,6.47
4.91,-4.512,5.828
4.498,-14.662,4.467
5.407,-1.318,10.113
6.314,-3.484,8.728
6.687,-5.273,8.228
7.96,-1.933,6.623
7.747,-2.936,6.046
8.046,-2.835,6.252
6.754,-0.029,10.563
6.489,-1.634,7.45
6.374,-0.49,8.821
6.223,-0.225,7.599
5.558,1.402,6.883
6.702,1.873,7.034
6.534,1.354,6.726
7.06,0.897,6.374
6.266,0.28,6.881
6.795,1.046,5.9
7.955,0.94,5.977
8.3,0.383,6.075
9.154,0.368,4.888
8.568,-1.278,4.216
7.108,2.448,5.256
8.219,1.605,5.986
7.718,1.163,6.711
8.233,2.426,7.982
8.884,3.019,6.589
7.776,3.192,6.087
7.58,3.304,5.146
7.226,2.541,4.634
7.18,3.287,4.955
5.639,3.5,6.123
6.051,3.541,6.393
6.673,4.017,5.668
5.981,4.345,5.355
6.245,4.804,4.575
5.891,4.031,5.221
5.568,4.694,8.168
6.132,2.665,7.625
3.725,3.445,6.654
8.29,6.434,6.862
5.761,4.168,4.965
8.982,3.316,5.388
10.381,-6.929,3.488
13.709,0.352,4.228
12.097,-1.804,2.89
14.243,-5.869,1.656
14.647,-2.242,2.024
10.965,-0.156,5.843
8.058,1.177,6.711
5.173,2.929,7.364
5.245,0.957,7.058
7.477,-1.182,6.206
7.754,-1.316,6.068
7.084,-0.122,6.991
7.218,-0.297,8.233
7.058,-1.007,8.558
6.73,-1.704,7.984
6.015,-1.091,7.788
5.888,-0.845,7.283
5.864,-2.072,7.362
6.008,-2.46,7.436
5.948,-2.646,8.611
5.446,-2.177,8.908
4.936,-2.01,9.125
4.213,-2.266,8.482
3.316,-1.988,8.096
1.871,-2.244,8.508
1.381,-1.888,9.654
1.103,-1.151,10.716
1.213,-0.845,12.535
2.613,-0.689,12.662
2.464,-0.409,13.379
3.137,0.356,14.626
4.144,0.885,14.724
5.034,0.507,15.765
5.943,-0.658,11.523
6.814,-1.452,10.293
7.628,-1.675,8.853
7.537,-4.5,7.628
8.197,-4.479,9.7
8.336,-3.058,8.336
8.101,-3.833,9.252
7.788,-1.44,10.389
7.388,-0.773,9.503
6.541,-2.534,9.539
5.685,-3.046,8.479
6.374,-0.878,7.735
5.745,-0.909,7.477
4.718,-0.797,6.809
5.335,-0.17,4.969
5.295,0.763,2.773
4.213,-0.026,4.555
4.704,-0.744,2.74
5.611,-1.093,3.115
4.244,0.187,3.268
3.189,2.51,3.476
-0.813,-3.929,0.701
-4.108,-9.716,4.694
-3.302,-5.601,5.816
-0.737,-4.563,1.828
1.859,-4.165,0.926
6.525,-2.213,-0.943
4.539,-6.675,5.35
10.078,-1.261,11.377
12.446,4.555,13.001
10.137,-1.663,6.826
3.785,-1.916,6.924
5.544,-1.955,7.75
4.405,-3.998,8.788
4.414,-0.333,8.25
6.69,2.606,7.467
7.58,-0.306,7.345
6.687,-2.761,7.116
6.056,-1.701,8.664
6.68,-0.869,8.719
6.922,-1.589,8.142
6.716,-1.23,7.857
6.388,-0.507,7.795
6.333,-0.689,7.898
6.218,-1.237,8.319
6.52,-0.928,8.147
7.776,0.22,8.872
8.319,3.055,9.286
8.319,3.101,10.19
8.982,2.46,9.601
10.434,3.158,9.432
10.379,3.079,9.886
9.778,1.574,10.216
14.241,3.907,1.244
6.893,3.639,11.683
8.065,2.328,6.836
6.738,-0.976,5.692
4.252,1.823,5.022
6.027,2.232,5.173
6.828,2.428,5.642
5.01,2.649,6.072
2.795,2.357,6.453
1.787,2.225,6.357
1.239,2.256,6.211
0.249,2.201,5.702
-1.165,2.263,5.948
-2.07,1.948,6.077
-3.11,2.031,6.816
-4.008,2.06,8.245
-4.689,1.742,8.874
-4.065,1.158,8.673
-3.886,1.634,8.597
-3.144,1.572,8.884
-3.304,1.641,8.886
-3.742,1.646,9.613
-3.972,1.699,9.874
-3.752,2.364,9.771
-3.642,3.029,9.554
-3.118,3.046,9.647
-3.412,3.503,9.936
-2.804,3.584,9.295
-6.345,2.804,13.698
-4.065,-0.531,11.133
-3.467,2.613,13.492
-2.814,1.069,10.599
-0.675,2.488,8.175
0.184,2.072,6.513
0.373,2.359,7.546
-0.971,1.902,7.986
-1.974,1.471,9.396
-1.242,-2.51,9.51
-0.967,3.642,2.876
-0.804,2.864,8.128
-1.144,0.361,8.939
-0.912,-0.287,8.238
-0.916,1.861,8.994
-1.648,1.725,9.319
-0.804,2.469,9.204
-1.117,2.771,10.42
-2.601,3.29,10.034
-1.579,3.512,8.862
-1.565,4.321,8.503
-1.665,3.754,7.331
-1.522,3.541,8.506
-0.809,4.737,8.515
-0.349,2.938,9.211
-1.943,5.965,11.025
-1.392,3.924,10.037
-1.203,3.632,9.499
-1.105,2.826,8.931
0.014,3.053,8.716
-0.452,2.639,9.113
-1.849,4.249,8.762
-0.892,4.23,9.848
-2.981,3.192,10.226
-0.641,3.048,8.936
-1.184,2.256,8.726
-0.433,2.546,8.888
-1.125,3.4,9.302
-2.45,3.601,9.405
-0.993,3.247,9.257
-0.356,3.68,8.85
-0.136,3.699,9.056
-1.498,3.785,9.393
-1.68,3.799,9.623
-0.579,3.85,9.207
-0.433,3.493,8.817
-0.971,4.223,9.092
-1.266,3.644,9.221
-1.065,3.701,9.03
-1.558,3.718,9.329
-1.136,3.847,9.125
-0.689,3.979,8.984
-1.515,3.61,9.113
-1.464,3.395,9.08
-1.39,3.127,8.943
-0.773,3.761,8.984
-1.491,3.531,8.884
-1.66,3.661,8.97
-1.354,3.854,8.668
-1.273,4.496,9.037
-1.529,4.469,8.836
-1.409,4.742,8.821
-1.349,4.558,8.86
-1.354,4.601,8.821
-1.443,4.28,8.912
-1.433,4.048,9.077
-1.237,3.984,9.154
-1.354,4.015,8.881
-1.366,3.795,8.75
-1.347,3.694,8.824
-1.522,3.637,8.987
-1.653,3.756,8.903
-1.44,3.642,8.92
-1.333,3.656,8.879
-1.541,3.828,9.063
-1.5,3.771,9.121
-1.347,3.685,9.025
-1.247,3.653,9.087
-1.232,3.792,9.046
-1.328,3.931,9.054
-1.534,3.833,8.987
-1.457,3.845,8.967
-1.395,3.728,9.073
-1.505,3.787,9.087
-1.244,3.615,9.018
-1.22,3.768,9.01
-1.373,3.663,9.065
-1.491,3.718,9.051
-1.333,3.797,8.943
-1.251,3.881,8.946
-1.263,3.833,9.037
-1.476,3.847,8.96
-1.541,4.063,8.951
-1.383,4.017,8.951
-1.438,3.969,8.972
-1.455,3.953,8.903
-1.357,3.974,9.02
-1.412,3.816,9.01
-1.416,3.84,8.917
-1.457,3.759,8.936
-1.347,3.565,8.85
-1.577,3.744,9.192
-1.481,3.699,9.099
-1.412,3.797,9.099
-1.531,3.732,9.247
-1.598,3.651,9.144
-1.251,3.531,8.915
-1.163,3.486,8.939
-1.448,3.508,9.123
-1.467,3.481,9.109
-1.488,3.744,9.022
-1.459,3.72,9.058
-1.526,3.747,9.082
-1.44,3.73,9.065
-1.414,3.637,8.989
-1.469,3.63,8.943
-1.651,3.637,9.07
-1.524,3.577,9.089
-1.443,3.46,9.116
-1.524,3.634,9.061
-1.5,3.558,9.049
-1.505,3.646,9.027
-1.629,3.706,9.049
-1.546,3.649,9.054
-1.598,3.737,9.113
-1.658,3.663,9.109
-1.517,3.618,9.018
-1.467,3.534,9.056
-1.414,3.46,9.128
-1.479,3.531,9.118
-1.536,3.519,9.073
-1.457,3.527,9.018
-1.522,3.594,9.018
-1.565,3.637,9.02
-1.711,3.706,9.08
-1.732,3.697,9.092
-1.526,3.625,9.063
-1.603,3.634,9.065
-1.634,3.716,9.001
-1.639,3.639,9.051
-1.605,3.608,9.044
-1.558,3.603,9.097
-1.538,3.555,9.08
-1.361,3.572,9.109
-1.469,3.536,9.097
-1.371,3.555,9.054
-1.469,3.577,9.039
-1.572,3.567,9.068
-1.369,3.61,9.032
-1.483,3.579,9.027
-1.658,3.689,9.051
-1.706,3.708,9.008
-1.639,3.677,9.113
-1.763,3.711,9.085
-1.735,3.558,9.197
-1.799,3.527,9.305
-1.754,3.479,9.073
-1.526,3.546,8.948
-1.651,3.412,9.092
-1.751,3.374,9.19
-1.538,3.622,9.14
-1.548,3.601,9.123
-1.637,3.407,9.049
-1.663,3.213,9.042
-1.782,3.45,9.233
-1.543,3.304,9.343
-1.041,3.883,9.075
-0.964,3.51,9.034
-1.613,3.22,9.159
-1.349,3.464,9.235
-1.062,3.192,9.216
-1.192,3.4,9.13
-1.108,3.354,9.192
-1.074,3.101,9.14
-1.115,3.019,9.286
-1.29,2.984,9.374
-1.22,3.134,9.219
-1.192,3.228,9.159
-1.151,3.165,9.252
-1.357,3.187,9.31
-1.194,3.108,9.147
-1.273,3.292,9.216
-1.22,3.309,9.286
-1.479,3.311,9.329
-1.28,3.323,9.25
-1.352,3.256,9.25
-1.292,3.252,9.223
-1.201,3.342,9.341
-1.16,3.259,9.31
-1.184,3.151,9.257
-1.165,3.043,9.161
-1.077,3.127,9.137
-1.036,3.048,9.281
-1.058,3.18,9.374
-1.168,3.067,9.357
-1.043,3.074,9.293
-1.074,3.036,9.319
-1.022,3.173,9.228
-0.993,3.094,9.235
-1.041,3.127,9.329
-1.046,3.273,9.312
-0.981,3.235,9.262
-0.933,3.11,9.276
-1.208,3.352,9.3
-1.168,3.237,9.312
-1.091,3.252,9.286
-0.993,3.18,9.262
-0.993,3.151,9.235
-1.069,3.263,9.298
-1.244,3.369,9.321
-1.093,3.278,9.264
-1.046,3.268,9.183
-1.132,3.208,9.266
-1.06,3.278,9.257
-1.242,3.364,9.353
-1.117,3.283,9.221
-1.206,3.323,9.324
-1.12,3.256,9.367
-1.036,3.252,9.209
-0.962,3.275,9.164
-1.144,3.249,9.278
-1.069,3.256,9.314
-1.199,3.223,9.288
-1.175,3.156,9.348
-1.074,3.156,9.226
-1.01,3.185,9.243
-1.103,3.106,9.36
-1.17,3.196,9.35
-1.01,3.094,9.259
-0.77,3.072,9.154
-0.73,3.089,9.14
-1.031,3.192,9.219
-1.206,3.201,9.381
-1.129,3.196,9.321
-1.101,3.125,9.369
-1.048,3.127,9.25
-1.18,3.302,9.336
-1.309,3.266,9.336
-1.237,3.115,9.204
-1.093,3.206,9.25
-1.132,3.24,9.235
-1.208,3.266,9.238
-1.23,3.29,9.307
-1.218,3.177,9.343
-1.182,3.182,9.283
-0.914,2.993,9.18
-1.043,3.321,9.278
-0.758,3.12,9.295
-0.864,2.72,9.219
-1.385,2.914,9.317
-1.445,3.127,9.338
-1.553,2.857,9.228
-1.565,3.275,9.164
-1.254,3.615,9.092
-0.823,3.225,8.934
0.108,3.424,9.161
-2.101,3.682,9.396
-1.165,3.555,8.853
-2.457,3.914,9.233
-2.01,3.307,9.29
-1.091,3.35,9.31
-0.775,3.213,9.13
-0.809,2.95,9.252
-1.311,3.637,9.372
-0.909,3.244,9.46
-1.038,2.962,9.293
-1.108,3.019,9.219
-1.086,3.094,9.156
-1.237,3.225,9.228
-1.321,3.335,9.312
-1.366,3.34,9.283
-1.304,3.323,9.345
-1.28,3.232,9.314
-1.172,3.287,9.254
-1.223,3.22,9.293
-1.223,3.127,9.341
-1.175,3.151,9.254
-1.153,3.156,9.257
-1.11,3.007,9.314
-1.189,3.003,9.36
-1.177,3.017,9.281
-1.177,3.055,9.252
-1.146,3.096,9.245
-1.27,3.129,9.374
-1.278,3.055,9.343
-1.146,3.129,9.314
-1.134,3.173,9.219
-1.218,3.266,9.209
-1.278,3.247,9.271
-1.266,3.223,9.252
-1.23,3.113,9.211
-1.232,3.144,9.305
-1.273,3.151,9.3
-1.309,3.12,9.245
-1.28,3.161,9.243
-1.223,3.165,9.283
-1.244,3.232,9.254
-1.311,3.201,9.264
-1.292,3.122,9.288
-1.287,3.134,9.278
-1.211,3.175,9.281
-1.182,3.235,9.216
-1.239,3.082,9.305
-1.261,3.106,9.386
-1.306,3.129,9.319
-1.28,3.129,9.185
-1.27,3.18,9.245
-1.268,3.208,9.166
-1.335,3.194,9.302
-1.321,3.173,9.288
-1.28,3.242,9.195
-1.256,3.211,9.381
-1.254,3.182,9.336
-1.223,3.12,9.259
-1.254,3.151,9.221
-1.244,3.18,9.221
-1.278,3.24,9.298
-1.256,3.168,9.31
-1.239,3.151,9.259
-1.311,3.165,9.298
-1.28,3.096,9.259
-1.273,3.041,9.281
-1.244,3.074,9.283
-1.254,3.046,9.305
-1.335,3.096,9.312
-1.251,3.084,9.314
-1.258,3.151,9.228
-1.278,3.189,9.333
-1.29,3.199,9.247
-1.299,3.192,9.321
-1.314,3.163,9.199
-1.352,3.201,9.324
-1.318,3.259,9.305
-1.321,3.252,9.312
-1.273,3.297,9.185
-1.359,3.252,9.223
-1.402,3.232,9.336
-1.316,3.297,9.281
-1.285,3.225,9.257
-1.223,3.23,9.156
-1.256,3.108,9.245
-1.223,3.07,9.269
-1.33,3.192,9.235
-1.227,3.187,9.221
-1.282,3.173,9.24
-1.314,3.244,9.319
-1.287,3.218,9.341
-1.347,3.285,9.245
-1.285,3.194,9.252
-1.378,3.182,9.293
-1.366,3.216,9.288
-1.299,3.218,9.185
-1.285,3.194,9.286
-1.23,3.228,9.25
-1.27,3.146,9.298
-1.395,3.129,9.168
-1.278,3.34,9.245
-1.457,3.342,9.233
-1.357,3.321,9.269
-1.409,3.271,9.278
-1.445,3.189,9.176
-1.337,3.271,9.223
-1.402,3.237,9.257
-1.314,3.194,9.305
-1.455,3.163,9.188
-1.349,3.144,9.245
-1.354,3.23,9.286
-1.285,3.256,9.25
-1.318,3.192,9.199
-1.359,3.261,9.104
-1.294,3.204,9.264
-1.436,3.223,9.31
-1.39,3.156,9.281
-1.357,3.249,9.257
-1.407,3.28,9.199
-1.354,3.194,9.214
-1.302,3.271,9.197
-1.448,3.314,9.243
-1.469,3.268,9.152
-1.333,3.297,9.185
-1.39,3.216,9.314
-1.381,3.074,9.341
-1.28,3.158,9.231
-1.337,3.108,9.305
-1.357,3.091,9.286
-1.254,3.168,9.247
-1.215,3.208,9.221
-1.287,3.216,9.25
-1.426,3.271,9.269
-1.251,3.196,9.178
-1.304,3.173,9.168
-1.366,3.196,9.305
-1.407,3.232,9.333
-1.438,3.237,9.295
-1.285,3.204,9.089
-1.278,3.122,9.209
-1.385,3.156,9.264
-1.421,3.263,9.29
-0.242,6.467,8.223
0.469,8.912,5.108
-1.268,10.752,7.35
-1.287,11.106,8.101
-1.888,2.912,9.432
-1.689,3.029,9.269
-1.282,3.266,9.25
-1.325,3.208,9.271
-1.369,3.237,9.245
-1.309,3.24,9.233
-1.359,3.211,9.266
-1.345,3.242,9.221
-1.333,3.249,9.295
-1.369,3.328,9.286
-1.328,3.261,9.24
-1.361,3.283,9.35
-1.357,3.273,9.231
-1.266,3.314,9.137
-1.108,3.019,9.188
-1.258,3.182,9.264
-1.388,3.359,9.204
-1.45,3.144,9.144
-1.754,3.292,9.202
-1.457,3.096,9.228
-0.567,3.496,8.998
-1.069,3.854,9.211
-1.134,3.51,9.269
-1.385,3.534,9.238
-1.244,3.543,9.283
-1.127,3.204,9.137
-1.632,3.436,9.254
-1.352,3.201,9.245
-0.837,3.182,9.118
-1.258,3.321,9.211
-1.455,3.541,9.216
-0.122,3.797,8.362
-2.297,3.127,9.235
-1.024,3.536,9.36
-1.648,3.524,9.013
-1.261,3.517,9.046
-1.481,4.168,9.166
-1.531,4.048,9.166
-1.316,3.773,9.128
-1.888,3.424,9.154
-1.038,3.29,9.054
-0.888,2.823,9.073
-1.208,2.771,9.132
-3.417,0.316,9.391
-1.077,3.311,9.654
-1.66,3.022,9.503
-1.526,3.158,9.137
-2.364,3.737,8.869
-1.359,3.555,9.176
-1.79,3.821,9.348
-1.62,3.766,9.219
-1.364,3.785,9.032
-1.964,4.039,9.238
-1.22,3.515,9.161
-1.507,3.914,9.343
-1.751,2.594,9.24
-1.022,3.23,9.075
-0.878,3.292,9.142
-1.347,2.57,9.085
-1.184,3.18,9.219
-1.151,3.632,9.302
-1.144,3.79,9.199
-1.105,3.555,9.137
-1.534,3.201,9.317
-1.218,3.24,9.31
-1.251,3.129,9.264
-1.168,3.065,9.128
-1.223,3.094,9.278
-1.225,3.158,9.317
-1.5,3.091,9.156
-1.199,2.83,8.987
-1.156,3.034,9.164
-1.223,3.187,9.4
-1.024,3.024,9.226
-0.892,3.165,9.427
-0.172,5.563,8.963
-1.512,4.12,9.398
-2.201,3.613,8.628
-1.646,3.618,8.91
-1.591,3.649,9.305
-1.995,2.871,9.379
-1.388,3.369,9.554
0.053,1.945,9.278
-1.026,3.577,9.324
-0.038,3.048,9.025
-1.376,2.519,8.64
-1.058,2.859,9.204
-0.622,2.783,9.415
-1.883,2.974,9.566
-2.156,2.163,9.29
-2.11,2.694,9.281
-2.723,1.754,8.707
-0.505,3.268,9.168
0.766,3.89,9.211
0.39,3.586,9.192
-1.462,2.85,9.178
-1.376,2.885,9.582
-0.598,3.558,9.41
-1.426,2.967,9.254
-0.828,3.658,9.41
0.124,3.775,8.771
-1.136,2.895,9.113
-1.208,2.579,9.63
-1.634,2.751,9.716
-1.893,2.278,9.31
-4.378,2.223,9.381
-1.129,3.469,9.231
-1.208,3.828,9.458
-1.486,3.926,9.477
-1.081,2.555,8.601
-1.163,4.271,9.295
-0.617,4.151,9.288
-2.11,2.792,8.876
-0.51,3.118,8.781
-1.419,2.993,9.46
-0.904,3.12,9.128
-0.993,2.943,9.178
-1.354,2.936,9.216
-1.189,3.132,9.235
-1.263,3.309,9.254
-1.249,3.584,9.314
-1.134,3.649,9.281
-1.297,3.496,9.185
-1.385,3.335,9.288
-1.287,3.12,9.221
-1.237,2.948,9.247
-1.069,2.981,9.266
-1.153,2.991,9.446
-1.069,2.567,9.209
-1.127,3.06,9.3
-1.148,3.235,9.503
-1.285,3.079,9.333
-1.192,3.043,9.24
-1.247,3.144,9.228
-1.194,3.278,9.238
-1.407,3.165,9.254
-1.022,2.854,9.424
-1.172,3.185,9.281
-1.22,3.029,9.219
-1.412,3.161,9.231
-1.215,3.46,9.245
-1.407,3.61,9.202
-1.239,3.302,8.69
-1.28,4.101,8.96
-1.208,2.833,9.367
-1.077,2.675,9.281
-1.077,2.756,9.24
-1.034,2.799,9.314
-1.01,2.907,9.288
-1.062,2.981,9.278
-1.115,3.237,9.302
-1.18,3.407,9.286
-1.287,3.534,9.295
-1.247,3.407,9.247
-1.223,3.448,9.269
-1.079,3.359,9.24
-1.285,3.268,9.254
-0.935,3.182,9.238
-0.983,2.859,9.18
-1.275,2.929,9.171
-0.974,2.84,9.243
-1.907,3.079,9.611
-1.117,3.407,9.388
-1.598,3.409,9.199
-1.211,3.524,9.097
-0.548,4.221,8.955
-1.555,3.295,9.123
-0.991,3.543,9.415
-1.347,3.285,9.3
-1.141,3.204,9.176
-1.139,3.292,9.188
-1.182,3.24,9.254
-1.22,3.17,9.216
-1.273,3.051,9.235
-1.206,3.127,9.199
-1.261,3.153,9.235
-1.117,3.151,9.207
-1.316,3.208,9.243
-1.105,3.338,9.252
-1.12,3.381,9.216
-1.366,3.314,9.298
-1.223,3.429,9.221
-1.103,3.529,9.298
-1.543,3.225,9.329
-1.122,3.06,9.214
-1.39,3.11,9.231
-1.055,3.338,9.271
-1.223,2.9,9.197
-1.024,3.094,9.216
-0.869,2.847,8.896
-1.357,3.046,9.484
-0.921,2.869,9.202
-1.591,2.998,9.369
0.1,3.586,8.776
-2.775,2.065,9.259
-0.546,3.357,9.458
-1.711,2.613,10.271
-1.23,2.029,8.79
0.522,1.694,8.948
-2.402,3.228,9.032
-1.639,3.144,8.843
-1.914,2.79,9.31
-2.225,3.321,9.434
-0.742,3.783,8.482
-1.873,4.371,8.742
-2.821,4.276,8.888
-2.39,5.178,9.537
-1.823,5.367,9.082
-0.211,3.287,7.439
-1.189,4.103,9.101
-1.031,4.142,9.195
-1.529,4.053,9.24
-0.658,3.744,8.881
0.242,4.12,8.405
-2.192,3.685,9.164
-1.029,3.675,9.367
-0.921,4.163,8.965
-1.617,3.933,8.989
-1.06,3.976,9.018
-1.486,3.936,8.884
-1.287,4.627,9.532
-1.479,3.924,9.164
-1.73,3.429,8.922
-1.555,3.385,8.879
-1.448,3.579,8.96
-1.345,3.682,8.934
-1.529,3.924,9.207
-1.462,3.862,9.063
-1.436,3.854,9.049
-1.608,3.773,9.14
-1.182,3.929,9.19
-1.127,3.646,9.044
-1.251,3.462,9.097
-1.156,3.433,9.065
-1.208,3.338,9.118
-1.247,3.323,8.915
-1.036,3.579,9.243
-1.213,3.424,8.553
-1.428,3.271,9.508
-0.952,3.907,9.31
-1.402,3.268,9.073
-1.467,3.345,9.142
-1.165,3.374,9.19
-1.225,3.302,9.238
-1.297,3.323,9.094
-1.113,3.34,9.183
-1.725,3.18,9.027
-1.455,3.4,9.8
-1.354,3.847,9.106
-1.804,3.278,8.955
-1.05,3.775,9.171
-1.888,3.426,8.872
-0.947,3.323,9.281
-1.254,3.292,9.31
-1.268,3.395,9.243
-1.048,3.484,9.144
-1.139,3.424,9.101
-1.141,3.481,9.18
-1.196,3.45,9.264
-1.134,3.431,9.18
-1.359,3.417,9.238
-1.125,3.402,9.231
-1.309,3.278,9.254
-0.967,3.314,9.149
-1.172,3.314,9.185
-1.409,3.261,9.192
-1.316,3.445,9.18
-1.306,3.45,9.123
-1.247,3.359,9.104
-1.282,3.4,9.144
-1.302,3.498,9.278
-1.096,2.524,8.955
-0.986,3.866,9.944
-1.725,2.948,9.573
-0.842,3.443,9.027
-0.713,3.988,8.896
-1.421,3.821,9.022
-1.187,3.603,9.336
-1.357,3.364,9.396
-1.172,3.161,9.171
-1.156,3.189,9.128
-1.239,3.206,9.121
-1.292,3.275,9.176
-1.33,3.319,9.142
-1.093,3.388,9.178
-1.134,3.45,9.13
-1.247,3.419,9.271
-1.471,3.232,9.396
-1.314,3.393,9.321
-1.122,3.62,9.204
-1.182,3.364,9.42
-1.156,3.151,9.19
-1.136,3.103,9.14
-1.156,3.132,9.25
-1.16,3.127,9.281
-1.151,3.23,9.286
-1.113,3.539,9.353
-1.23,3.297,9.116
-1.232,3.687,9.176
-1.311,3.541,9.176
-1.273,3.639,9.166
-1.304,3.539,9.18
-1.28,3.33,9.219
-1.199,3.323,9.321
-1.101,3.307,9.254
-1.132,3.101,9.216
-0.938,3.12,9.168
-1.072,3.187,9.176
-1.359,3.237,9.147
-1.263,3.46,9.07
-1.436,3.598,9.149
-1.325,3.718,9.286
-1.242,3.828,9.266
-1.146,3.725,9.118
-1.108,3.484,9.092
-1.151,3.383,9.171
-1.311,3.208,9.211
-1.232,3.201,9.233
-1.201,3.275,9.188
-1.055,3.359,9.19
-1.096,3.424,9.199
-1.203,3.328,9.231
-1.273,3.371,9.269
-1.266,3.476,9.207
-1.309,3.431,9.207
-1.285,3.366,9.144
-1.376,3.354,9.166
-1.144,3.402,9.278
-1.18,3.393,9.211
-1.292,3.352,9.109
-1.153,3.438,9.101
-1.225,3.527,9.044
-1.297,3.524,9.142
-0.732,3.512,9.484
-1.44,3.385,9.46
-1.168,3.385,9.056
-1.455,2.998,9.025
-0.957,3.689,9.398
-1.278,3.503,9.025
-1.251,3.115,9.077
-0.935,3.56,9.171
-1.192,3.479,9.197
-1.086,3.603,9.171
-1.28,3.34,9.109
-1.254,3.474,9.144
-1.306,3.259,9.202
-1.282,3.307,9.211
-1.12,3.323,9.121
-1.16,3.321,9.156
-1.072,3.216,9.266
-1.201,3.259,9.286
-1.232,3.319,9.173
-1.211,3.531,9.149
-1.309,3.622,9.209
-1.235,3.57,9.159
-1.282,3.424,9.221
-1.129,3.338,9.207
-1.11,3.316,9.132
-1.103,3.364,9.204
-1.117,3.254,9.154
-1.251,3.192,9.245
-1.218,3.185,9.235
-1.163,3.364,9.173
-1.146,3.488,9.202
-1.347,3.524,9.178
-0.823,3.022,9.575
-1.567,3.237,9.836
-1.634,3.127,9.166
-0.703,3.936,8.857
-1.538,3.503,9.094
-1.06,3.895,9.439
-1.225,3.536,9.159
-1.249,3.395,9.092
-1.328,3.476,9.156
-1.158,3.575,9.128
-1.352,3.371,9.19
-1.244,3.4,9.333
-1.127,3.452,9.269
-1.117,3.457,9.121
-1.153,3.323,9.13
-1.192,3.431,9.286
-1.211,3.371,9.305
-1.132,3.354,9.132
-1.086,3.362,9.097
-1.18,3.316,9.164
-1.249,3.232,9.274
-1.215,3.285,9.254
-1.12,3.194,9.132
-1.148,3.268,9.219
-1.244,3.266,9.305
-1.182,3.297,9.221
-1.328,3.278,9.164
-1.151,3.333,9.144
-1.294,3.388,9.231
-1.314,3.381,9.226
-1.215,3.39,9.18
-1.215,3.476,9.231
-1.199,3.438,9.281
-1.16,3.385,9.228
-1.196,3.35,9.192
-1.144,3.285,9.176
-1.153,3.268,9.257
-1.156,3.223,9.259
-1.141,3.254,9.271
-1.192,3.216,9.226
-1.218,3.225,9.269
-1.215,3.311,9.264
-1.239,3.295,9.257
-1.225,3.333,9.243
-1.199,3.223,9.168
-1.232,3.34,9.164
-1.254,3.309,9.211
-1.223,3.388,9.252
-1.144,3.247,9.305
-1.108,3.201,9.283
-1.184,3.23,9.183
-1.304,3.201,9.173
-1.299,3.268,9.228
-1.227,3.307,9.245
-1.235,3.22,9.183
-1.23,3.187,9.183
-1.266,3.23,9.31
-1.237,3.268,9.353
-1.122,3.345,9.226
-1.031,3.417,9.166
-1.129,3.472,9.207
-1.213,3.414,9.278
-1.215,3.326,9.288
-1.184,3.275,9.192
-1.232,3.35,9.168
-1.211,3.33,9.238
-1.251,3.345,9.178
-1.263,3.321,9.247
-1.242,3.196,9.243
-1.258,3.204,9.219
-1.156,3.196,9.312
-1.11,3.199,9.283
-1.318,3.161,9.183
-1.151,3.304,9.082
-1.18,3.407,9.106
-1.309,3.378,9.29
-1.213,3.397,9.307
-1.158,3.28,9.204
-1.168,3.163,9.168
-1.125,3.259,9.245
-1.093,3.249,9.276
-1.177,3.225,9.314
-1.125,3.201,9.298
-1.153,3.213,9.211
-1.17,3.175,9.238
-1.263,3.201,9.286
-1.249,3.366,9.312
-1.113,3.405,9.298
-1.146,3.45,9.19
-1.139,3.378,9.135
-1.134,3.302,9.154
-1.4,3.216,9.18
-1.311,3.204,9.286
-1.306,3.319,9.274
-1.407,3.342,9.161
-1.227,3.546,9.152
-1.242,3.651,9.202
-1.192,3.443,9.266
-1.024,3.295,9.314
-1.079,3.046,9.288
-1.084,2.792,9.159
-1.034,2.608,9.223
-1.043,2.83,9.298
-0.957,3.118,9.18
-1.168,3.098,9.278
-1.285,3.551,9.197
-1.369,3.792,9.228
-1.314,3.881,9.25
-1.373,3.711,9.288
-1.371,3.508,9.305
-1.354,3.314,9.25
-1.05,3.369,9.018
-1.115,3.287,9.099
-1.364,3.173,9.276
-1.201,3.369,9.29
-1.273,3.338,9.195
-1.321,3.307,9.183
-1.086,3.414,9.171
-1.211,3.342,9.298
-1.139,3.488,9.302
-1.153,3.323,9.176
-0.849,2.73,9.022
-1.782,3.029,9.757
-1.254,2.967,9.319
-0.679,3.196,8.745
-1.345,3.211,9.116
-1.132,3.256,9.348
-1.321,3.378,9.317
-1.194,3.333,9.276
-1.189,3.488,9.592
-1.258,3.412,9.333
-1.215,3.268,9.252
-1.175,3.156,9.173
-1.18,3.053,9.274
-1.208,3.039,9.333
-1.244,3.175,9.233
-1.034,3.223,9.288
-1.12,3.237,9.231
-1.304,3.122,9.274
-1.163,3.228,9.188
-1.22,3.29,9.18
-1.306,3.28,9.278
-1.23,3.314,9.312
-1.098,3.211,9.281
-1.065,3.084,9.173
-1.139,3.074,9.264
-1.156,3.201,9.343
-1.132,3.216,9.274
-1.223,3.23,9.164
-1.146,3.319,9.152
-1.354,3.539,9.372
-1.213,3.122,9.216
-1.256,3.302,9.293
-1.199,3.158,9.233
-1.175,3.235,9.319
-1.203,3.132,9.24
-1.046,3.175,9.266
-1.254,3.237,9.214
-1.129,3.357,9.326
-1.254,3.393,9.188
-1.297,3.45,9.226
-1.297,3.558,9.192
-1.33,3.551,9.207
-1.29,3.445,9.283
-1.187,3.34,9.192
-1.163,3.338,9.123
-1.206,3.237,9.073
-1.206,3.225,9.185
-1.232,3.347,9.343
-1.058,3.472,9.233
-1.172,3.529,9.128
-1.395,3.644,8.951
-1.335,3.062,9.35
-1.201,3.369,9.537
-1.416,3.182,9.082
-0.828,3.141,9.049
-0.34,3.926,9.427
-2.964,3.196,9.52
-0.072,3.252,9.13
-1.974,3.192,9.396
-0.581,3.508,9.369
-0.462,3.376,8.68
-2.804,3.376,9.087
0.1,3.909,9.288
-2.256,3.048,9.362
-0.766,3.249,9.185
-1.361,3.486,9.183
-1.05,3.594,9.221
-1.23,3.476,9.259
-1.168,3.261,9.166
-1.16,3.129,9.266
-1.239,3.089,9.396
-1.096,3.165,9.262
-1.074,3.218,9.19
-1.079,3.335,9.178
-1.122,3.385,9.195
-1.225,3.237,9.283
-1.227,3.177,9.233
-1.247,3.149,9.154
-1.292,3.263,9.173
-1.239,3.371,9.231
-1.33,3.417,9.202
-1.084,3.452,9.152
-1.144,3.441,9.259
-1.237,3.431,9.247
-1.242,3.338,9.147
-1.316,3.347,9.195
-1.256,3.424,9.19
-1.335,3.443,9.164
-1.203,3.515,9.192
-1.144,3.436,9.202
-1.139,3.266,9.302
-1.153,3.144,9.3
-1.043,3.225,9.216
-1.019,3.338,9.183
-1.125,3.285,9.204
-1.486,3.405,9.173
-1.349,3.237,9.326
-1.294,3.496,9.171
-0.971,3.249,9.156
-1.787,3.565,9.164
-0.823,3.292,9.13
-1.438,3.618,9.341
-0.613,3.39,9.278
-2.39,3.551,9.231
1.11,3.381,9.01
-3.606,3.857,9.57
0.333,2.263,8.786
-2.256,3.775,9.264
-0.933,3.443,9.101
-1.373,3.725,9.185
-1.136,3.584,9.101
-1.18,3.405,9.214
-1.254,3.29,9.264
-1.096,3.345,9.202
-1.084,3.321,9.195
-1.163,3.335,9.319
-1.091,3.321,9.286
-1.002,3.211,9.235
-1.098,3.259,9.293
-1.105,3.531,9.283
-1.136,3.601,9.149
-1.129,3.436,9.207
-1.168,3.347,9.159
-1.404,2.979,9.178
-1.912,3.031,9.484
-0.306,3.95,9.123
-2.204,3.685,9.101
-0.584,3.663,9.08
-1.711,3.618,9.333
-1.072,3.326,9.168
-1.385,3.079,9.257
-1.136,3.153,9.188
-1.046,3.189,9.278
-1.184,3.299,9.257
-1.101,3.352,9.166
-1.067,3.443,9.226
-1.247,3.263,9.283
-1.196,3.259,9.278
-1.16,3.328,9.25
-1.237,3.409,9.262
-1.206,3.381,9.221
-1.189,3.395,9.154
-1.23,3.445,9.128
-1.268,3.541,9.173
-1.294,3.45,9.183
-1.361,3.395,9.197
-1.342,3.39,9.149
-1.323,3.481,9.159
-1.136,3.558,9.101
-0.479,2.546,9.783
-1.938,3.055,10.094
-1.28,2.45,8.977
-0.651,3.797,8.604
-1.57,3.194,9.36
-1.196,3.79,9.618
-1.292,3.393,9.31
-0.983,3.433,9.085
-1.201,3.316,9.29
-1.144,3.122,9.317
-1.115,2.773,9.367
-1.058,2.756,9.324
-0.957,2.716,9.202
-1.086,2.833,9.226
-1.153,2.876,9.341
-1.273,3.153,9.386
-1.089,3.476,9.355
-1.103,3.491,9.197
-1.29,3.498,9.312
-1.297,3.417,9.321
-1.235,3.18,9.243
-1.244,3.189,9.329
-0.976,3.223,9.305
-1.16,3.225,9.286
-1.254,3.149,9.278
-1.101,3.295,9.202
-1.134,3.165,9.202
-1.208,3.228,9.223
-1.189,3.292,9.341
-1.151,3.285,9.3
-1.192,3.275,9.233
-1.115,3.319,9.257
-1.182,3.283,9.329
-1.156,3.278,9.298
-1.141,3.216,9.293
-1.141,3.146,9.233
-1.129,3.06,9.262
-1.211,3.266,9.286
-1.16,3.328,9.274
-1.215,3.347,9.262
-1.227,3.438,9.271
-1.347,3.481,9.362
-1.153,3.412,9.257
-1.366,3.567,8.896
-0.713,3.345,9.42
-1.684,3.189,9.623
-1.093,3.187,9.092
-0.825,3.646,8.903
-1.785,3.445,9.305
-0.921,3.579,9.408
-1.292,3.417,9.121
-1.084,3.371,9.118
-1.223,3.323,9.331
-1.17,3.34,9.312
-1.218,3.228,9.302
-1.156,3.338,9.314
-1.098,3.352,9.257
-1.086,3.23,9.254
-1.187,3.151,9.302
-1.153,3.048,9.312
-1.146,3.108,9.305
-1.06,3.077,9.288
-1.184,3.022,9.259
-1.156,3.153,9.252
-1.156,3.252,9.266
-1.304,3.316,9.257
-1.189,3.354,9.353
-1.031,3.28,9.293
-1.258,3.115,9.245
-1.258,3.077,9.233
-1.239,3.192,9.288
-1.27,3.29,9.324
-1.163,3.333,9.254
-1.168,3.419,9.281
-1.18,3.366,9.281
-1.105,3.295,9.305
-1.148,3.163,9.266
-1.125,3.161,9.281
-1.17,3.149,9.355
-1.117,3.151,9.295
-1.12,3.156,9.259
-1.153,3.094,9.286
-1.184,3.283,9.298
-1.189,3.383,9.312
-1.172,3.263,9.269
-1.687,2.699,8.156
-0.998,3.11,9.575
-1.483,2.661,9.743
-1.428,3.072,9.324
-0.256,4.283,9.118
-1.852,3.57,9.321
-0.811,3.314,9.616
-1.658,2.964,9.372
-1.048,2.907,9.156
-1.146,2.84,9.266
-1.144,2.981,9.379
-1.098,2.907,9.343
-1.115,2.976,9.259
-1.048,3.051,9.3
-1.153,3.177,9.331
-1.22,3.141,9.3
-1.146,3.252,9.321
-1.196,3.292,9.343
-1.287,3.206,9.329
-1.194,3.189,9.326
-1.18,3.144,9.264
-1.189,2.912,9.429
-1.991,2.993,9.128
-0.617,3.4,9.391
-1.455,2.661,9.501
-0.947,3.048,9.123
-1.218,2.94,9.336
-1.328,3.266,9.666
-1.058,3.716,9.137
-1.125,3.036,9.099
-1.074,3.242,9.068
-1.766,2.507,9.659
-1.182,3.697,9.369
-0.993,3.84,9.039
-1.491,3.491,9.518
-3.711,4.673,9.604
-1.117,2.881,8.814
-1.555,2.627,9.345
-1.314,3.027,9.137
-0.993,3.95,9.3
-1.148,3.175,9.132
-1.653,2.519,9.173
-2.067,3.488,9.881
-1.656,3.572,9.319
-0.88,3.137,9.032
-1.014,3.299,9.183
-1.333,3.244,9.101
-0.636,3.218,9.087
-1.474,3.553,9.207
-1.12,3.823,9.247
-0.816,3.553,9.159
-1.684,3.551,9.221
-1.33,3.263,9.415
-0.995,3.395,9.085
-0.83,3.192,8.929
-1.61,3.07,9.178
-1.294,2.998,9.159
-0.565,3.256,8.991
-1.45,3.017,9.386
-1.079,3.632,9.305
-0.376,3.531,8.783
-0.73,3.381,9.257
-1.01,3.598,9.216
-1.325,3.871,9.295
-1.156,3.89,9.135
-0.278,3.689,8.891
-0.761,3.898,9.058
-1.074,3.981,8.953
-0.723,4.182,9.111
-0.689,4.079,9.018
-1.68,4.388,9.209
-1.218,4.797,9.18
-0.574,4.656,8.723
-1.029,4.852,8.989
-1.529,3.929,9.056
-1.251,3.943,9.092
-1.388,3.744,9.185
-0.859,3.383,9.183
-1.345,3.582,8.963
-0.931,3.524,9.123
-1.369,3.326,9.065
-1.261,3.505,9.298
-1.328,3.22,9.063
-1.148,3.598,9.132
-0.818,3.45,8.97
-1.318,3.431,9.125
-1.304,3.61,9.257
-1.187,3.488,9.101
-1.184,3.424,9.061
-0.95,3.048,9.054
-1.187,4.785,9.185
-1.029,3.407,9.132
-1.526,4.046,9.113
-1.139,3.194,9.357
-0.895,2.338,9.089
-1.192,3.223,9.405
-1.038,3.175,9.211
-0.993,3.338,9.233
-1.227,3.297,9.286
-1.254,3.316,9.274
-1.172,3.417,9.168
-1.117,3.541,9.245
-1.177,3.491,9.238
-1.225,3.405,9.235
-1.275,3.433,9.264
-1.089,3.515,9.29
-1.151,3.481,9.24
-1.141,3.338,9.31
-1.043,3.33,9.365
4.622,4.85,8.735
-0.699,3.232,9.857
-1.354,3.414,9.544
-2.622,2.749,8.91
-0.526,3.51,8.979
-1.448,3.862,9.489
-1.11,3.285,9.35
-1.227,3.22,9.19
-1.213,3.213,9.185
-1.302,3.027,9.202
-1.108,3.177,9.274
-1.089,3.247,9.233
-1.067,3.204,9.281
-1.091,3.194,9.274
-1.103,3.144,9.233
-1.182,3.12,9.243
-1.163,3.058,9.257
-1.189,3.175,9.298
-1.239,3.316,9.362
-1.108,3.395,9.266
-1.215,3.383,9.166
-1.12,3.151,9.25
-1.069,3.333,9.276
-1.232,3.137,9.24
-1.251,3.07,9.259
-1.321,3.125,9.281
-1.211,3.354,9.274
-1.077,3.374,9.204
-1.172,3.342,9.262
-1.115,3.302,9.336
-1.108,3.137,9.317
-1.129,3.201,9.207
-1.115,3.275,9.254
-1.199,3.285,9.324
-1.27,2.964,9.25
-0.837,3.319,9.106
-1.172,3.036,8.929
-0.634,3.12,8.618
-2.462,2.809,9.673
-0.751,3.153,9.259
-0.481,4.807,9.168
-1.553,3.335,9.144
-0.88,5.084,9.477
-2.302,1.718,9.422
-0.581,4.477,9.166
-1.445,2.527,9.154
-0.775,3.242,9.19
-1.196,2.823,9.321
-1.302,2.725,9.257
-1.091,3.031,9.254
-1.177,3.058,9.271
-0.988,3.362,9.233
-1.144,3.323,9.238
-1.146,3.192,9.288
-1.232,3.103,9.41
-1.029,3.101,9.29
-0.945,3.168,9.204
-0.804,2.668,9.183
-1.404,3.06,9.36
-1.072,3.082,9.324
-1.17,3.103,9.228
-1.189,3.175,9.204
-1.232,3.261,9.286
-1.23,3.273,9.298
-1.144,3.302,9.388
-1.225,3.278,9.326
-1.0,2.955,9.312
-2.567,3.039,9.496
-0.574,3.333,9.656
-1.007,3.082,9.393
-0.962,4.654,9.24
-1.203,3.034,9.013
-1.29,2.964,9.202
-1.328,4.625,9.494
-1.488,3.278,9.13
-0.995,3.936,9.07
-1.431,3.316,9.216
-1.175,3.302,9.245
-1.199,2.929,9.231
-1.093,3.22,9.264
-1.081,3.144,9.204
-1.129,3.223,9.307
-1.103,3.429,9.228
-1.141,3.438,9.199
-1.158,3.548,9.168
-1.213,3.527,9.24
-1.177,3.512,9.197
-1.23,3.433,9.147
-1.237,3.4,9.166
-1.18,3.357,9.192
-1.175,3.345,9.209
-1.172,3.429,9.266
-1.058,3.417,9.31
-1.058,3.297,9.199
-1.239,3.261,9.188
-1.232,3.319,9.216
-1.239,3.457,9.247
-1.129,3.397,9.211
-1.206,3.412,9.202
-1.211,3.304,9.202
-1.134,3.263,9.211
-1.175,3.24,9.219
-1.093,3.208,9.259
-1.151,3.237,9.247
-1.117,3.359,9.219
-1.165,3.51,9.238
-1.136,3.464,9.199
-1.17,3.409,9.178
0.873,3.082,9.747
-0.682,3.744,10.195
-0.565,3.613,10.063
-2.586,2.914,9.137
-0.579,3.622,8.668
-1.144,3.608,9.259
-1.488,3.345,9.506
-1.251,3.115,9.276
-0.95,3.07,9.087
-1.22,3.122,9.204
-1.194,3.077,9.274
-1.117,3.216,9.209
-1.215,3.273,9.226
-1.086,3.359,9.252
-1.28,3.35,9.348
-1.256,3.479,9.276
-0.979,3.242,9.219
-1.294,3.254,9.209
-1.089,3.036,9.329
-1.163,3.101,9.281
-1.139,3.043,9.312
-1.156,3.046,9.293
-1.05,3.132,9.245
-0.94,3.129,9.266
-1.06,3.005,9.274
-1.11,3.06,9.314
-1.077,3.041,9.235
-1.239,3.012,9.202
-1.297,3.163,9.228
-1.23,3.247,9.362
-1.168,3.328,9.216
-1.158,3.333,9.264
-1.113,3.285,9.254
-1.28,3.144,9.288
-1.192,3.175,9.209
-1.172,3.237,9.128
-1.225,3.256,9.214
-1.165,3.254,9.321
-1.148,3.407,9.321
-1.105,3.271,9.216
-1.072,3.35,9.262
-1.081,3.345,9.307
-1.12,3.278,9.298
-1.12,3.206,9.247
-1.158,3.194,9.257
-1.23,2.96,9.231
-1.172,3.28,9.24
-1.294,3.192,9.214
-1.192,3.328,9.314
-1.27,3.342,9.278
-1.175,3.347,9.24
-1.17,3.199,9.228
-1.273,3.201,9.288
-1.113,3.156,9.235
-1.328,3.127,9.317
-0.938,3.302,9.3
-0.912,3.249,9.214
-1.242,3.127,9.245
-1.29,3.151,9.25
-1.304,3.304,9.281
-1.22,3.354,9.259
-1.158,3.357,9.24
-1.134,3.469,9.286
-1.218,3.287,9.319
-1.098,3.259,9.321
-1.041,3.158,9.216
-1.103,3.031,9.274
0.878,0.971,8.175
-1.249,2.79,10.101
-0.584,3.146,10.07
-2.16,3.304,9.211
-1.081,3.395,8.592
-1.022,3.268,9.135
-1.507,3.51,9.711
-1.206,3.163,9.25
-1.007,3.158,9.061
-1.242,3.041,9.245
-1.031,3.283,9.432
-1.223,3.072,9.243
-0.935,3.168,9.228
-0.921,3.263,9.274
-1.225,3.062,9.276
-1.239,3.012,9.312
-1.239,3.074,9.202
-1.23,3.091,9.262
-1.192,3.261,9.355
-1.153,3.383,9.307
-1.098,3.273,9.202
-1.105,3.153,9.252
-1.084,3.051,9.281
-1.115,2.988,9.3
-1.156,3.055,9.336
-1.156,3.151,9.302
-1.141,3.228,9.197
-1.103,3.218,9.228
-1.302,3.127,9.302
-1.139,3.062,9.348
-1.093,3.177,9.266
-1.103,3.228,9.235
-1.158,3.11,9.348
-1.201,3.101,9.4
-0.947,3.161,9.314
-1.093,3.082,9.164
-1.05,3.149,9.24
-1.017,3.086,9.415
-1.203,3.06,9.355
-1.223,2.945,9.283
-1.098,3.115,9.204
-1.223,3.254,9.278
-1.096,3.22,9.295
-1.132,3.177,9.276
-1.065,3.115,9.245
-1.069,2.933,9.312
-1.091,2.9,9.254
-1.079,3.015,9.302
-0.974,3.137,9.271
-1.175,3.225,9.269
-1.158,3.228,9.377
-1.129,3.244,9.264
-1.273,3.271,9.216
-1.168,3.185,9.266
-1.163,3.122,9.247
-1.129,3.158,9.326
-1.189,3.094,9.353
-1.079,3.187,9.221
-1.175,3.137,9.314
-1.096,3.309,9.254
-1.22,3.352,9.243
-1.12,3.285,9.477
-0.869,3.199,9.254
-1.113,3.129,9.159
-1.177,2.957,9.207
-1.141,2.94,9.29
-1.146,2.967,9.326
-1.151,3.043,9.288
-1.117,3.051,9.331
-1.342,2.562,9.317
-1.024,3.252,9.343
-1.148,3.149,9.307
-1.072,3.295,9.345
-1.038,3.206,9.233
-1.163,3.175,9.274
-1.062,3.23,9.238
-1.117,3.206,9.264
-1.189,3.244,9.302
-1.091,3.182,9.192
0.531,4.156,7.027
0.376,5.225,8.786
-1.168,3.125,9.929
-1.383,3.565,9.733
-1.218,3.079,8.793
-1.792,3.022,8.905
-0.794,3.677,9.549
-1.325,3.539,9.482
-1.208,3.156,9.176
-0.234,3.153,7.647
-0.584,3.431,9.987
-1.538,3.158,10.18
-1.912,2.704,9.173
0.175,3.326,8.51
-1.349,3.464,9.147
-1.165,3.785,9.633
-1.203,3.383,9.377
0.275,2.632,7.367
-0.179,2.991,9.649
-2.07,3.23,10.094
-0.876,3.12,9.065
-1.213,2.895,8.711
-0.947,3.9,9.348
-1.503,3.63,9.644
-1.189,3.299,9.135
-1.871,1.974,9.173
-0.859,2.541,9.86
-1.505,4.221,9.745
-0.938,2.235,8.826
-0.735,3.407,8.943
-1.486,3.476,9.544
-1.036,3.625,9.424
-0.435,3.637,8.62
-1.024,3.464,9.403
-1.517,3.051,9.75
-1.469,3.079,9.293
-0.256,2.598,8.754
-1.381,3.536,9.233
-1.105,3.383,9.508
-1.12,3.206,9.314
-0.624,3.0,8.97
-0.689,2.907,9.379
-1.457,3.086,9.489
-1.352,2.742,9.144
-0.751,3.18,9.144
-1.395,3.103,9.362
-1.192,3.476,9.391
-0.474,2.811,9.022
-1.151,3.189,9.446
-1.95,3.594,9.671
-0.414,2.981,8.972
-1.244,3.101,9.082
-1.235,3.182,9.353
-1.151,3.254,9.377
-1.538,2.723,9.209
-1.266,2.773,9.377
-1.022,3.079,9.573
-0.909,3.113,9.19
-1.591,2.718,9.101
-0.909,3.247,9.286
-1.577,3.359,9.444
-0.419,3.467,8.47
-0.775,3.967,9.116
-1.282,2.936,9.649
-1.369,3.096,9.558
-0.962,3.369,8.948
-0.746,3.17,8.869
-1.316,3.364,9.379
-1.211,3.469,9.386
-0.165,3.208,8.649
-0.897,3.211,9.283
-1.629,3.347,9.829
-1.211,3.261,9.264
-0.512,3.438,8.934
-1.617,3.584,9.216
-1.213,3.591,9.343
-1.239,3.285,9.188
-1.206,3.278,9.188
-1.165,3.333,9.377
-1.038,3.216,9.156
-1.086,3.235,9.264
-0.952,3.357,9.238
-1.156,3.268,9.257
-1.146,3.247,9.178
-1.318,3.366,9.176
-1.187,3.333,9.345
-1.361,3.309,9.245
-1.201,3.307,9.154
-1.184,3.299,9.381
-1.105,3.352,9.19
-1.014,2.996,9.209
-0.986,3.01,9.372
-1.187,2.866,9.305
-0.785,3.177,9.288
-1.012,3.129,9.209
-1.103,3.201,9.336
-1.235,3.034,9.264
-1.007,3.196,9.202
-1.256,3.436,9.259
-1.328,3.161,9.302
1.976,5.288,8.065
-2.192,2.266,9.52
-0.976,3.412,9.424
1.084,5.579,8.714
-3.273,1.955,9.022
-0.328,4.374,9.429
-1.526,3.464,9.381
-1.168,3.412,9.264
-0.974,3.237,8.955
-0.962,3.366,9.719
-1.459,3.082,9.685
-0.787,3.352,9.003
-1.462,2.864,8.912
-0.83,3.498,9.288
-1.177,3.218,9.384
-1.122,3.316,9.31
-1.412,2.857,9.176
-1.627,1.919,9.623
-1.462,3.51,9.659
-0.835,2.749,8.707
-1.091,3.615,8.965
-1.536,3.938,9.489
-1.232,3.677,9.515
-1.024,3.122,8.979
-1.548,2.206,9.403
-1.885,2.967,9.867
0.249,3.225,9.288
-1.613,2.964,8.91
-0.926,3.424,9.243
-1.436,3.175,9.542
-0.074,3.015,8.589
-1.096,3.28,9.188
-1.967,3.957,9.726
-0.706,3.22,9.015
-1.364,3.314,8.695
-1.306,3.699,9.288
-1.17,3.481,9.422
-1.141,2.211,9.503
-1.687,2.991,9.542
-1.364,3.321,9.805
-1.388,2.85,9.25
0.447,3.168,8.675
-1.885,3.28,9.137
-1.077,3.773,9.463
-1.242,3.252,9.211
-1.165,3.101,9.183
-1.108,3.23,9.259
-1.17,3.402,9.219
-1.158,3.237,9.111
-1.139,3.378,9.266
-1.184,3.474,9.324
-1.457,3.397,9.243
-1.201,3.39,9.176
-0.957,3.426,9.168
-1.266,3.314,9.324
-0.723,3.783,9.176
-1.249,3.182,9.298
-5.273,3.33,8.857
0.17,4.563,9.51
-1.428,2.921,9.288
