-1.053,1.565,8.46
-3.096,1.885,8.183
-3.01,0.912,9.384
-2.163,0.995,9.391
-2.309,1.852,9.807
-2.247,1.78,9.621
-2.055,1.44,9.57
-2.146,1.247,9.647
-2.127,1.421,9.618
-2.137,1.498,9.587
-2.17,1.605,9.621
-2.153,1.603,9.611
-2.239,1.593,9.661
-2.232,1.424,9.623
-2.132,1.237,9.647
-2.11,1.287,9.611
-2.163,1.529,9.592
-2.172,1.725,9.644
-2.244,1.581,9.604
-2.201,1.515,9.618
-2.189,1.625,9.554
-3.773,0.359,9.759
-1.574,2.802,9.616
-1.256,2.381,9.348
-1.45,2.158,9.484
-1.847,1.014,10.154
-1.806,-0.093,8.972
-2.641,-0.421,9.628
-2.562,1.483,10.176
-1.328,1.89,9.458
-1.749,1.079,8.821
-2.869,0.935,10.061
-2.426,2.12,10.121
-1.239,3.027,9.52
-0.974,3.718,9.611
-3.543,0.486,10.07
-1.168,1.84,8.671
-1.675,0.1,9.022
-4.601,0.335,10.57
-4.788,1.055,9.872
-2.149,1.364,8.551
-3.153,1.562,9.577
-2.223,1.546,9.487
-1.675,2.022,10.049
-2.373,1.347,9.075
-3.062,1.749,9.044
-3.292,0.866,8.91
-3.395,0.998,9.58
-3.711,0.648,9.302
-3.462,1.043,9.726
-5.161,0.89,9.731
-5.039,1.129,9.477
-5.168,0.581,9.226
-4.701,-1.357,9.231
-3.519,1.043,7.881
0.691,3.452,9.85
-1.72,3.359,9.798
-2.696,2.864,9.767
-2.873,1.199,9.592
-2.07,0.541,9.444
-2.328,1.079,9.585
-2.57,1.251,9.716
-2.376,0.959,9.549
-2.283,1.129,9.582
-2.452,1.4,9.544
-2.586,1.297,9.599
-2.445,1.223,9.582
-2.419,1.347,9.609
-2.34,1.203,9.589
-2.424,1.067,9.537
-2.405,1.074,9.644
-2.357,1.187,9.611
-2.421,1.244,9.606
-2.405,1.302,9.609
-2.414,1.388,9.57
-2.419,1.203,9.587
-2.369,1.041,9.616
-2.328,1.081,9.601
-2.388,1.232,9.592
-2.443,1.237,9.601
-2.421,1.211,9.563
-2.402,1.318,9.563
-2.445,1.239,9.568
-2.385,1.098,9.589
-2.376,1.12,9.58
-2.424,1.215,9.599
-2.371,1.196,9.625
-2.359,1.235,9.589
-2.479,1.16,9.566
-2.385,1.125,9.594
-2.407,1.134,9.599
-2.388,1.4,9.601
-2.352,1.395,9.573
-2.342,1.378,9.582
-2.318,1.278,9.575
-2.472,1.275,9.656
-2.503,1.215,9.53
-2.369,1.211,9.594
-2.409,1.199,9.633
-2.39,1.244,9.597
-2.354,1.357,9.621
-2.342,1.28,9.609
-2.321,1.072,9.582
-2.369,1.117,9.592
-2.424,1.27,9.628
-2.371,1.335,9.587
-2.361,1.278,9.604
-2.369,1.206,9.479
-2.381,1.192,9.68
-2.359,1.189,9.599
-2.357,1.038,9.647
-2.369,1.258,9.628
-2.402,1.361,9.594
-2.364,1.184,9.621
-2.361,1.141,9.625
-2.383,1.194,9.621
-2.373,1.199,9.551
-2.412,0.921,9.625
-2.369,0.981,9.63
-2.357,1.318,9.616
-2.314,1.311,9.644
-2.381,1.105,9.601
-2.347,1.036,9.582
-2.464,1.005,9.589
-2.51,1.067,9.594
-2.299,1.158,9.671
-2.299,1.158,9.652
-2.469,1.072,9.668
-2.402,1.05,9.573
-2.342,1.132,9.613
-2.342,1.177,9.625
-2.309,1.043,9.601
-2.378,1.046,9.604
-2.44,1.098,9.628
-2.4,1.153,9.587
-2.4,1.134,9.604
-2.354,1.113,9.63
-2.357,0.981,9.666
-2.376,1.031,9.577
-2.369,1.151,9.623
-2.39,1.242,9.621
-2.424,1.026,9.637
-2.34,0.854,9.599
-2.306,1.034,9.618
-2.364,1.196,9.585
-2.436,1.199,9.621
-2.383,1.019,9.633
-2.321,1.024,9.63
-2.373,1.022,9.604
-2.412,1.122,9.618
-2.381,1.141,9.594
-2.383,1.024,9.575
-2.495,0.969,9.606
-2.314,1.196,9.589
-2.278,1.34,9.633
-2.39,1.113,9.613
-2.452,1.055,9.673
-2.306,1.189,9.592
-2.335,1.275,9.635
-2.381,1.122,9.625
-2.44,1.838,8.47
-1.615,0.976,10.183
-0.129,-1.639,14.894
-6.386,16.722,0.132
-0.388,-0.584,8.388
-1.893,-0.629,9.965
-0.883,-0.146,10.642
-0.285,2.115,7.795
-3.438,1.579,10.374
-3.438,2.333,11.329
-2.732,1.345,8.766
-2.182,0.766,9.429
-3.29,-0.89,10.044
-1.835,0.79,9.556
-1.912,1.684,9.329
-2.263,1.718,9.908
-2.409,1.467,9.807
-1.589,1.653,8.888
-2.46,3.311,9.269
-3.055,0.151,9.635
-1.175,1.715,8.798
-2.44,2.811,9.984
-2.072,1.888,10.013
-2.562,1.225,10.039
-2.527,0.873,9.633
-1.914,2.409,9.965
-1.381,2.964,9.862
-1.637,2.077,9.477
-1.744,1.352,9.109
-1.206,1.146,9.31
-2.259,1.146,9.912
-1.019,3.101,10.231
-2.921,0.404,10.044
-1.558,0.794,7.884
-4.981,-0.412,12.489
-4.89,2.634,10.432
-6.312,2.761,10.774
-1.397,3.685,9.633
-2.864,1.395,10.116
-2.357,0.744,9.862
-1.916,0.957,9.506
-1.857,1.491,9.487
-2.472,1.376,9.896
-3.065,1.287,9.85
-2.218,1.148,9.635
-1.747,0.952,9.496
-2.06,0.83,9.606
-2.455,1.232,9.676
-2.436,1.297,9.654
-2.603,1.775,9.63
-2.091,1.227,9.633
-2.445,1.019,9.515
-2.237,0.955,9.544
-2.11,1.163,9.606
-2.364,1.342,9.635
-2.455,1.608,9.647
-2.153,1.01,9.743
-2.201,1.024,9.592
-2.141,0.443,9.752
-2.213,1.165,9.52
-2.589,1.345,9.611
-2.352,1.249,9.604
-2.292,1.266,9.527
-2.271,1.12,9.633
-2.342,1.199,9.58
-2.527,0.938,9.63
-2.558,1.373,9.8
-2.065,1.352,9.582
-2.5,1.024,9.647
-2.424,1.215,9.592
-2.366,1.445,9.738
-2.127,1.203,9.843
-1.637,1.041,9.738
-2.137,0.83,9.68
-1.254,-1.168,4.388
-2.51,3.108,12.702
-2.61,0.079,10.671
-2.003,0.653,9.685
-2.172,0.613,8.508
-2.058,-0.282,10.113
-2.369,1.881,9.403
-2.814,2.936,9.97
-2.354,1.51,9.295
-2.134,1.12,9.778
-2.055,-0.412,9.829
-1.79,1.378,9.494
-2.259,1.314,9.769
-2.227,1.359,9.642
-2.524,1.713,9.573
-1.424,1.139,9.499
-1.957,1.51,9.568
-3.304,0.658,9.807
-2.46,1.235,9.563
-1.55,2.031,9.659
-2.149,1.565,9.661
-2.297,1.928,9.465
-2.787,1.541,9.623
-2.979,1.392,9.633
-0.581,1.0,6.467
-1.866,0.991,9.022
-2.012,0.928,9.381
-2.503,1.278,9.566
-2.402,1.17,9.453
-2.613,1.328,9.683
-1.962,1.038,9.563
-2.555,0.715,9.424
-2.015,1.072,9.561
-2.371,0.938,9.577
-2.175,1.67,9.604
-2.718,1.199,9.793
-1.888,1.275,9.429
-2.534,0.964,9.795
-2.364,0.828,9.563
-2.57,1.134,9.606
-2.359,0.983,9.542
-1.957,1.244,9.542
-2.333,0.931,9.582
-2.251,1.034,9.606
-2.524,1.287,9.656
-2.237,0.955,9.68
-2.163,1.0,9.532
-2.323,1.129,9.609
-2.175,1.309,9.606
-11.652,-2.184,-0.746
0.024,0.94,12.609
-0.373,1.096,8.802
-2.216,1.579,8.991
-4.4,-0.833,9.307
-2.108,0.364,9.104
-1.768,1.742,9.494
-2.637,1.589,9.788
-2.57,1.517,9.534
-1.94,0.9,9.642
-2.302,0.979,9.817
-2.201,1.043,9.695
-2.244,1.23,9.58
-2.314,0.768,9.597
-2.211,1.436,9.673
-2.33,1.299,9.628
-2.216,1.067,9.656
-2.297,1.072,9.668
-2.196,1.144,9.587
-2.299,1.103,9.738
-2.192,1.213,9.551
-2.33,1.22,9.678
-2.256,1.201,9.599
-2.149,1.026,9.558
-2.338,0.993,9.707
-2.371,1.048,9.601
-2.137,1.297,9.642
-2.199,1.026,9.654
-2.373,1.125,9.637
-2.22,1.022,9.688
-2.192,1.113,9.618
-2.294,0.912,9.649
-2.266,0.876,9.673
-2.275,0.876,9.652
-2.263,1.0,9.661
-2.249,0.971,9.64
-2.239,0.957,9.678
-2.227,1.144,9.647
-1.555,1.046,9.848
-3.72,0.672,12.41
-2.486,1.84,9.111
-0.191,1.57,9.049
-3.003,0.864,10.025
-2.689,1.373,9.924
-1.79,0.423,9.63
-2.273,0.608,9.711
-2.359,1.416,9.628
-2.204,1.373,9.601
-2.338,1.072,9.616
-2.216,1.007,9.592
-2.189,0.859,9.601
-2.196,0.835,9.704
-2.189,1.151,9.604
-2.316,1.285,9.656
-2.306,1.086,9.63
-2.165,0.919,9.635
-2.218,0.904,9.644
-2.192,1.034,9.64
-2.213,1.218,9.661
-4.383,0.49,12.714
-1.203,-1.141,15.033
0.16,2.541,9.281
-0.665,2.74,9.429
-6.123,-1.505,7.951
-2.905,0.321,9.994
-1.491,1.206,9.094
-2.189,1.424,9.812
-2.338,0.979,9.69
-2.015,1.278,9.637
-2.361,1.251,9.678
-2.227,0.933,9.685
-2.232,0.897,9.623
-2.311,1.16,9.676
-2.242,1.122,9.661
-2.153,1.168,9.656
-2.232,1.17,9.661
-2.266,1.117,9.676
-2.283,1.046,9.685
-2.199,1.081,9.616
-2.196,1.065,9.64
-2.199,0.991,9.623
-2.18,1.038,9.673
-2.206,1.206,9.621
-2.271,1.258,9.659
-2.22,1.194,9.611
-2.254,0.971,9.623
-2.17,0.981,9.642
-2.268,1.072,9.652
-2.256,1.27,9.664
-2.206,1.268,9.613
-2.266,1.093,9.649
-2.266,0.931,9.649
-2.127,0.938,9.635
-2.232,1.127,9.613
-2.419,1.287,9.747
-2.35,1.371,9.633
-2.213,1.034,9.685
-2.225,0.823,9.661
-2.223,1.086,9.656
-2.735,1.945,9.802
-2.431,1.129,9.824
-1.742,0.376,10.214
-2.242,1.005,9.826
-2.436,-0.507,9.719
-2.376,0.79,9.81
-2.235,4.142,10.685
-3.582,3.63,10.41
-1.101,-1.189,9.999
-1.751,0.431,9.671
-1.574,1.165,10.121
-1.861,0.785,9.446
-1.723,1.268,9.573
-2.661,-0.845,10.238
-2.103,1.17,9.819
-2.338,1.036,9.707
-1.751,0.658,9.286
-1.921,1.16,9.391
-2.467,1.522,9.7
-1.962,1.543,9.936
-2.084,0.024,9.774
-1.538,1.096,9.142
-2.024,0.677,9.692
-1.747,0.49,9.735
-2.278,0.28,10.159
-2.141,0.522,9.74
-1.794,0.687,9.264
-1.943,0.735,9.479
-2.768,0.639,10.099
-2.68,0.519,9.814
-2.539,0.912,9.759
-2.771,0.811,9.592
-2.677,0.321,9.271
-2.469,0.679,9.731
-2.823,0.818,9.898
-3.072,0.526,10.118
-2.541,-0.11,9.692
-1.646,-1.194,8.659
-2.67,-1.258,9.934
-3.237,2.16,9.644
-4.079,1.01,9.372
-2.249,0.062,9.68
-3.005,0.356,10.281
-3.809,-0.359,10.532
-3.086,0.172,9.9
-2.311,0.629,9.329
-1.251,-2.443,8.458
-2.905,-0.694,9.776
-4.053,1.426,10.439
-2.034,-0.845,8.503
-3.242,-1.519,9.905
-4.843,-0.086,10.503
-4.259,-2.464,10.846
-2.912,-0.268,9.07
-2.333,-1.651,9.601
0.136,-1.002,7.053
0.842,2.601,9.685
-3.819,2.51,8.652
-4.886,0.301,9.829
-4.29,-0.313,9.893
-2.029,0.134,9.501
-1.799,-0.014,9.357
-2.567,-0.416,9.728
-2.804,-0.196,9.881
-2.62,0.474,9.633
-2.629,0.684,9.609
-2.692,0.392,9.673
-2.747,0.01,9.654
-2.524,0.033,9.604
-2.527,0.23,9.577
-2.629,0.211,9.661
-2.694,-0.019,9.633
-2.696,-0.361,9.57
-2.756,-0.187,9.625
-2.773,0.534,9.589
-2.818,1.031,9.585
-2.823,0.553,9.589
-2.608,-0.366,9.64
-2.431,-0.735,9.63
-2.469,-0.208,9.582
-2.687,0.534,9.618
-2.797,0.682,9.656
-2.713,0.285,9.64
-2.639,-0.167,9.644
-2.62,-0.282,9.616
-2.491,-0.065,9.604
-2.574,0.371,9.606
-2.663,0.627,9.664
-2.723,0.301,9.659
-2.713,-0.115,9.654
-2.579,-0.199,9.709
-2.474,0.232,9.589
-2.62,0.428,9.621
-2.766,0.172,9.652
-2.625,-0.148,9.697
-2.476,-0.091,9.556
-2.577,0.232,9.604
-2.84,0.354,9.659
-2.629,0.055,9.644
-2.445,-0.129,9.606
-2.522,0.065,9.592
-2.634,0.431,9.704
-2.644,0.431,9.599
-2.723,0.172,9.58
-2.783,-0.002,9.685
-2.577,0.112,9.637
-2.371,0.213,9.721
-2.495,0.299,9.594
-2.747,0.534,9.668
-2.936,0.634,9.709
-2.615,0.44,9.628
-2.194,-0.093,9.594
-2.244,-0.431,9.652
-2.572,-0.026,9.654
-2.778,0.627,9.666
-2.73,0.668,9.661
-2.641,0.081,9.621
-2.543,-0.385,9.652
-2.428,-0.251,9.822
-2.357,-0.005,9.628
-2.584,0.258,9.68
-2.696,0.467,9.661
-2.792,0.419,9.58
-2.806,0.11,9.656
-2.543,-0.342,9.647
-2.306,-0.565,9.561
-2.639,-0.459,9.396
-2.72,-0.139,10.046
-2.314,0.4,9.824
-2.273,1.177,9.606
-2.852,0.768,9.219
-3.17,-0.869,10.049
-2.574,-1.452,9.577
-2.287,-0.373,9.429
-2.524,1.113,9.661
-2.689,1.663,9.709
-2.883,0.962,9.611
-2.893,0.024,9.644
-2.577,-0.562,9.604
-2.192,-0.768,9.546
-2.421,-0.464,9.587
-2.763,0.474,9.685
-2.811,1.402,9.613
-2.763,1.471,9.597
-2.833,0.648,9.604
-2.797,-0.431,9.678
-2.443,-0.806,9.711
-2.201,-3.137,8.893
-2.67,-0.596,13.678
-2.132,12.563,12.231
-4.912,-7.436,13.083
-2.483,2.656,8.424
-1.914,0.658,8.951
-1.952,0.67,9.391
-2.74,1.053,9.841
-2.893,0.598,9.745
-2.417,0.112,9.69
-2.227,0.364,9.518
-2.656,1.031,9.542
-2.821,0.871,9.702
-2.45,0.163,9.759
-2.196,0.026,9.534
-2.488,0.656,9.491
-2.902,1.148,9.692
-2.905,0.763,9.647
-2.445,0.172,9.606
-2.323,0.079,9.594
-2.606,0.462,9.625
-2.751,0.78,9.656
-2.634,0.84,9.563
-2.627,0.663,9.561
-2.775,0.431,9.609
-2.72,0.17,9.755
-2.493,0.208,9.573
-2.436,0.569,9.585
-2.675,0.837,9.594
-2.878,0.77,9.637
-2.72,0.474,9.673
-2.292,0.416,9.525
-2.359,0.431,9.592
-2.701,0.349,9.659
-2.72,0.364,9.549
-2.732,0.481,9.592
-2.84,0.589,9.589
-2.716,0.431,9.594
-2.347,0.304,9.613
-2.275,0.402,9.585
-2.651,0.529,9.58
-2.936,0.459,9.676
-2.675,0.526,9.587
-2.44,0.751,9.587
-2.653,0.749,9.573
-2.859,0.179,9.649
-2.589,-0.211,9.623
-2.338,-0.904,9.587
-1.895,7.19,9.812
-1.852,10.712,12.413
-4.288,-11.463,8.745
-2.433,3.132,13.133
-2.428,-0.718,8.458
-2.495,0.352,9.838
-2.651,0.368,9.642
-2.606,0.292,9.594
-2.56,0.512,9.537
-2.615,0.883,9.573
-2.756,0.749,9.692
-2.567,0.395,9.688
-2.505,0.371,9.561
-2.625,0.821,9.618
-2.792,0.735,9.623
-2.759,0.249,9.671
-2.385,0.356,9.664
-2.345,0.857,9.384
-2.912,0.809,9.604
-3.043,0.261,9.673
-2.445,0.134,9.64
-2.007,0.505,9.386
-2.534,0.895,9.69
-3.153,0.847,9.659
-2.883,0.211,9.673
-2.28,-0.096,9.532
-2.239,0.455,9.537
-2.684,1.139,9.487
-2.95,0.928,9.728
-2.646,0.318,9.57
-2.318,-0.012,9.606
-2.29,0.292,9.549
-2.596,0.565,9.707
-2.663,0.608,9.644
-2.555,0.404,9.647
-2.548,0.261,9.551
-2.725,0.342,9.606
-2.661,0.361,9.599
-2.486,0.337,9.728
-2.311,0.476,9.604
-2.357,0.474,9.628
-2.675,0.4,9.616
-2.673,0.256,9.625
-2.481,0.342,9.676
-2.369,0.62,9.594
-2.517,0.658,9.642
-2.651,0.33,9.656
-2.476,0.017,9.637
-2.309,0.081,9.597
-2.4,0.414,9.647
-2.62,0.553,9.695
-2.699,0.474,9.68
-2.421,0.416,9.652
-2.326,0.373,9.613
-2.488,0.232,9.652
-2.591,0.258,9.683
-2.481,-0.519,9.499
-2.017,6.422,11.733
-1.993,6.56,14.506
-3.261,-8.987,5.331
-1.548,4.079,4.008
-1.014,9.86,5.742
-0.842,11.695,6.678
-0.77,12.016,6.795
-2.993,-5.73,9.568
-2.271,1.66,8.482
-2.424,0.177,9.475
-2.546,0.562,9.398
-2.503,0.426,9.539
-2.383,0.278,9.57
-2.287,0.292,9.633
-2.393,0.479,9.704
-2.589,0.534,9.7
-2.625,0.388,9.633
-2.328,0.246,9.628
-2.261,0.342,9.589
-2.405,0.557,9.642
-2.644,0.586,9.649
-2.574,0.325,9.695
-2.433,0.036,9.688
-2.285,0.201,9.659
-2.311,0.727,9.618
-2.579,0.909,9.623
-2.725,0.328,9.716
-2.472,-0.244,9.7
-2.029,0.019,9.577
-2.266,0.73,9.613
-2.857,0.959,9.582
-3.012,0.534,9.743
-2.376,-0.06,9.695
-1.919,-0.084,9.534
-2.247,0.428,9.611
-2.838,0.727,9.661
-2.783,0.502,9.707
-2.381,0.208,9.628
-2.216,0.232,9.656
-2.469,0.457,9.628
-2.632,0.371,9.755
-2.419,0.132,9.621
-2.294,0.203,9.618
-2.491,0.49,9.673
-2.565,0.775,9.656
-2.493,0.768,9.63
-2.462,0.364,9.625
-2.44,0.031,9.678
-2.383,0.122,9.676
-2.316,0.627,9.635
-2.517,0.962,9.647
-2.694,0.648,9.659
-2.567,0.194,9.769
-2.28,0.103,9.585
-2.371,0.306,9.68
-2.665,0.565,9.606
-2.565,0.737,9.652
-2.385,0.711,9.606
-2.4,0.538,9.563
-2.555,0.402,9.719
-2.417,0.325,9.616
-2.383,0.292,9.652
-2.505,0.526,9.625
-2.627,0.706,9.642
-2.586,0.538,9.692
-2.359,0.223,9.64
-2.266,0.246,9.625
-2.436,0.517,9.711
-2.615,0.646,9.589
-2.534,0.426,9.711
-2.369,0.579,9.508
-2.483,0.531,9.666
-2.546,0.378,9.668
-2.44,0.256,9.664
-2.328,0.333,9.635
-2.438,0.569,9.678
-2.572,0.761,9.618
-2.615,0.593,9.678
-2.347,0.325,9.656
-2.306,0.268,9.592
-2.503,0.433,9.589
-2.668,0.624,9.64
-2.503,0.646,9.618
-2.373,0.543,9.618
-2.472,0.55,9.644
-2.601,0.541,9.661
-2.505,0.471,9.649
-2.35,0.383,9.623
-2.407,0.459,9.649
-2.562,0.622,9.621
-2.615,0.677,9.649
-2.381,0.598,9.649
-2.338,0.498,9.644
-2.457,0.493,9.542
-2.5,0.445,9.594
-2.663,0.388,9.69
-2.555,0.536,9.64
-2.34,0.742,9.654
-2.45,0.653,9.625
-2.586,0.471,9.666
-2.474,0.388,9.652
-2.263,0.596,9.594
-2.402,0.782,9.558
-2.653,0.691,9.652
-2.606,0.519,9.666
-2.378,0.474,9.647
-2.352,0.557,9.601
-2.445,0.648,9.635
-2.586,0.646,9.654
-2.541,0.596,9.618
-2.424,0.577,9.64
-2.428,0.656,9.597
-2.464,0.732,9.649
-2.495,0.632,9.644
-2.462,0.471,9.668
-2.55,0.44,9.628
-2.627,0.603,9.621
-2.522,0.758,9.685
-2.409,0.768,9.623
-2.46,0.613,9.566
-2.493,0.481,9.774
-2.283,0.608,9.654
-2.096,0.553,9.424
-2.486,0.373,9.448
-2.539,-0.323,10.154
-2.653,-1.175,9.91
-4.752,-7.391,14.966
-3.68,-3.754,10.676
-8.68,6.728,16.226
-11.75,1.041,13.128
-4.864,-3.957,12.121
-1.849,-1.402,12.87
-3.254,-2.333,11.444
-4.766,-0.682,11.207
-6.704,0.208,11.185
-7.896,-1.18,8.798
-7.771,-0.833,7.529
-6.754,-0.232,7.541
-7.419,0.321,6.845
-7.635,1.388,5.259
-6.092,2.974,4.661
-5.075,3.898,4.402
-5.156,3.642,3.67
-5.108,3.72,3.316
-4.539,4.814,3.761
-4.077,5.764,4.11
-4.003,6.3,4.108
-3.902,6.075,3.608
-3.716,5.833,3.476
-3.73,5.692,4.07
-3.783,5.319,4.539
-3.512,4.412,5.0
-3.381,3.752,5.469
-3.553,2.95,5.711
-3.744,2.852,5.68
-3.496,2.694,5.895
-3.716,2.816,6.8
-4.139,1.847,7.807
-4.027,0.763,8.948
-4.252,-0.256,9.367
-4.984,-0.816,9.298
-5.23,-0.696,10.781
-4.788,-1.349,11.798
-4.826,-1.663,11.36
-4.926,-1.151,11.353
-4.548,-0.376,11.298
-4.654,0.397,11.2
-4.819,0.751,10.951
-4.299,1.103,10.518
-4.139,1.354,10.034
-4.594,1.596,9.451
-3.713,2.338,10.255
-1.325,1.9,11.848
-3.433,0.534,10.925
-7.087,1.299,11.319
-7.608,1.945,11.786
-6.912,1.103,13.982
-8.032,1.436,15.246
-2.218,-9.441,13.903
0.026,-5.706,13.252
-1.742,0.519,11.805
-1.211,-2.974,8.62
0.321,-5.663,6.797
1.354,-3.225,8.29
-0.211,-3.223,6.606
-1.213,-3.173,7.549
-0.282,-3.56,7.427
-1.225,-5.23,7.628
-2.668,-3.874,9.781
-3.823,-1.759,8.422
-4.02,-2.048,6.726
-3.847,-4.192,5.723
-2.594,-4.34,2.297
-8.668,-4.343,4.374
-9.42,-5.106,4.565
-11.128,-4.802,5.19
-9.996,-4.235,6.881
-10.774,-6.843,8.417
-13.09,-5.266,7.759
-9.656,-5.579,6.651
-8.025,-8.36,5.261
-8.884,-9.35,3.84
-6.331,-11.53,1.842
-5.601,-11.307,2.457
-9.101,-7.728,4.474
-9.781,-8.879,4.567
-10.396,-9.506,6.276
-8.869,-9.652,4.065
-6.816,-11.91,5.745
-9.539,-7.888,3.835
-10.934,-10.384,6.936
-7.716,-9.872,8.396
-5.922,-9.305,8.704
-4.969,-10.305,8.915
-3.668,-10.527,8.276
-4.163,-10.078,7.697
-3.048,-6.891,9.183
-3.122,-7.785,8.185
-4.795,-11.293,7.25
-4.668,-11.958,5.637
-3.479,-12.355,4.917
-4.455,-12.114,4.694
-4.065,-10.087,4.91
-4.649,-9.257,6.659
-2.756,-10.635,5.503
-3.362,-10.357,5.824
-2.105,-10.712,5.807
-1.206,-10.779,6.252
-1.381,-8.013,7.549
-2.007,-8.412,7.001
-2.663,-9.049,6.187
-1.921,-6.95,6.352
-2.108,-6.79,6.178
-3.041,-6.991,5.733
-2.787,-6.886,6.35
-1.517,-6.135,7.221
-0.196,-5.668,8.085
-0.167,-7.553,7.979
-0.5,-8.326,6.927
0.029,-5.477,7.735
0.507,-2.768,6.989
-0.467,-3.146,6.197
-0.44,-4.182,4.941
-0.139,-2.338,5.795
2.385,-0.433,8.601
6.525,2.61,9.384
5.568,-0.794,8.156
2.756,-4.405,9.587
5.706,-3.35,9.489
4.551,-2.771,10.092
4.878,-3.338,9.312
6.501,-3.974,8.262
4.276,-4.211,9.333
5.553,-0.837,9.893
4.716,0.888,13.824
-8.489,1.239,19.05
30.714,7.427,8.991
7.037,0.419,9.554
0.55,-3.374,7.111
-6.91,-2.218,9.365
-2.467,3.68,13.341
-1.558,-1.462,9.81
0.232,-2.144,8.156
-0.534,-6.95,8.771
-1.132,2.51,10.41
-2.062,2.333,10.243
0.689,-3.07,7.226
-1.586,-8.9,7.084
-0.153,-3.936,7.584
-2.062,-0.416,9.793
-1.993,1.44,9.666
-2.598,-0.935,7.699
-1.754,-1.998,6.876
-1.244,-1.258,9.934
-1.861,0.041,10.855
-1.275,-0.761,11.396
-0.459,1.955,10.08
-1.445,-0.797,9.544
-1.388,-0.909,11.719
-1.098,-1.22,13.413
-1.089,-4.067,16.061
-2.653,-5.029,13.609
-2.261,-0.002,12.688
-1.443,-3.036,12.757
-1.168,-5.027,11.133
1.371,-3.242,10.566
-1.584,-3.814,11.908
-1.266,-3.161,12.623
-1.794,-4.221,13.08
-1.79,-4.003,13.135
-1.053,-3.113,11.477
-1.184,-2.835,10.613
-1.392,-4.5,10.319
-1.172,-4.587,8.585
0.057,-2.873,9.164
-0.356,-4.043,10.209
-0.758,-3.969,9.305
-0.569,-3.488,9.439
1.108,-3.098,10.439
-0.026,-3.56,10.444
0.986,-1.333,9.178
0.792,-3.252,7.84
1.495,-3.225,7.467
1.182,-2.261,7.233
1.792,-1.627,7.087
0.679,-0.574,7.434
2.888,-1.727,5.886
2.027,-2.048,5.993
0.938,-1.821,7.642
0.77,-1.01,7.484
1.945,-0.727,6.022
1.366,-1.448,6.63
-0.148,-1.165,7.762
1.325,0.672,9.283
-0.479,1.117,9.51
0.981,0.251,8.709
-0.11,-0.526,8.589
0.16,-1.713,8.685
0.096,-0.426,8.85
-0.354,0.275,9.817
-0.249,-0.077,10.735
-1.072,-0.409,11.19
-1.273,-1.211,11.494
-1.01,-1.651,10.779
-0.785,-1.797,11.295
-0.847,-2.125,11.975
-1.247,-2.486,11.336
-0.689,-1.962,12.252
-0.739,-2.33,14.207
-0.313,-2.29,15.128
-0.957,-3.005,13.214
-0.404,-3.656,11.862
-2.847,-4.962,10.917
-0.797,-2.919,9.53
-0.947,-1.792,10.2
-0.514,-1.397,10.168
0.517,-1.034,9.106
-0.01,-1.72,8.953
-0.196,-1.909,8.731
0.16,-2.163,8.62
0.156,-1.675,8.522
-0.041,-2.058,8.764
-0.246,-2.201,8.429
-0.093,-1.854,8.893
0.412,-1.711,9.544
0.613,-1.223,9.472
-0.225,-1.742,9.702
1.22,-1.223,9.101
0.392,-2.235,8.982
0.766,-2.527,8.666
0.407,-2.94,9.597
0.199,-2.821,9.948
-0.144,-3.041,10.262
0.73,-3.149,9.802
1.4,-3.043,9.623
0.536,-3.711,9.723
1.069,-4.122,10.951
0.38,-4.29,10.992
0.287,-4.266,10.592
1.048,-4.692,10.365
2.323,-4.343,10.458
1.694,-5.34,10.188
1.495,-4.728,9.853
2.751,-3.378,9.463
2.524,-3.811,10.322
1.742,-4.713,10.391
1.505,-5.087,8.522
1.577,-4.046,7.951
1.323,-4.041,7.455
0.531,-2.711,7.972
1.809,-2.842,8.293
1.507,-3.45,9.223
0.902,-3.988,8.563
-0.194,-3.579,8.003
-0.507,-3.713,9.3
0.089,-4.254,8.951
0.206,-3.5,8.19
0.852,-2.96,6.419
0.986,-4.347,6.278
-0.431,-3.936,6.747
-0.888,-3.235,7.379
1.218,-2.818,5.761
-0.486,-4.512,5.948
0.596,-4.412,5.759
-1.031,-2.689,8.161
0.12,-0.395,6.379
0.708,-4.28,4.405
-0.553,-3.912,5.35
-2.61,-4.134,8.259
-1.57,-6.139,5.446
-0.366,-5.974,4.034
-0.206,-6.496,5.156
-0.447,-4.613,4.62
-1.371,-6.785,4.551
-2.146,-7.34,5.297
-2.369,-6.871,5.977
-2.249,-6.221,5.859
-2.493,-7.336,5.752
-1.701,-6.041,7.226
-2.012,-5.685,7.161
-2.665,-5.082,7.183
-3.225,-5.144,5.467
-2.737,-6.367,6.546
-2.876,-4.639,6.747
-4.455,-2.649,7.108
-4.881,-1.727,6.46
-5.821,0.199,5.027
-5.489,2.302,5.127
-6.077,1.558,5.761
-7.001,3.984,0.613
-9.743,1.414,3.816
-10.389,-2.194,3.967
-13.994,0.23,1.799
-15.446,6.223,-1.105
-20.0,3.56,-4.185
-23.06,-5.962,-5.807
-16.626,2.457,-11.049
-56.448,-4.898,-23.543
-24.957,-9.197,-11.391
-28.285,-13.499,-13.102
-32.329,-5.544,-13.063
-22.201,-18.464,-14.004
-30.448,-9.932,-12.504
-23.639,-3.029,-4.18
-19.105,1.034,-6.259
-23.639,-3.749,-4.089
-19.779,-5.919,-1.093
-17.894,-3.653,-4.754
-14.396,2.366,-3.517
-17.387,-0.012,-0.184
-24.608,-1.199,-4.608
-22.115,4.512,-0.325
-23.509,-1.089,10.578
-23.029,4.524,4.74
-18.621,0.335,5.127
-20.134,0.337,10.848
-13.958,-7.405,3.84
-18.162,-10.279,-3.563
-13.698,-19.452,4.127
-23.328,-7.245,6.295
-16.803,-1.493,1.715
-16.076,-1.988,0.419
-16.889,-6.871,-0.481
-15.987,-9.278,-4.146
-15.674,-6.903,-7.082
-16.033,-2.476,-6.62
-20.186,-2.223,-3.653
-22.268,-2.292,-3.67
-18.624,-1.108,-5.429
-15.085,0.73,-6.761
-14.722,1.45,-4.438
-13.693,0.115,-3.426
-8.376,1.06,-5.981
-8.307,4.003,-5.998
-8.958,4.218,-5.41
-7.939,4.144,-5.723
-6.941,4.843,-8.096
-6.319,3.106,-9.594
-5.056,0.617,-10.951
-14.621,-3.297,1.4
-42.396,2.048,18.377
-7.209,17.94,14.762
-4.311,7.171,7.872
-1.407,-1.737,5.316
-2.232,-7.525,9.74
-15.011,-0.584,21.052
-12.152,0.873,19.459
2.503,-4.797,17.7
-7.47,-5.998,14.157
-5.56,-0.469,14.408
-2.723,-2.885,11.987
-4.878,-7.522,12.133
-2.553,-7.781,12.518
-3.034,-6.391,11.908
-1.311,-7.252,10.915
-1.72,-4.371,9.666
-2.699,-3.077,5.709
-1.17,-1.826,6.036
-0.079,-3.484,6.144
0.218,-2.821,4.364
-1.381,-1.357,5.108
-1.249,-2.275,6.501
0.902,-3.153,5.553
0.845,-3.823,5.431
-0.397,-4.139,4.675
-0.895,-4.433,7.118
-0.866,-4.189,5.268
-0.605,-6.056,5.221
-1.603,-5.874,5.613
-0.017,-6.697,5.216
0.581,-6.749,6.419
-0.546,-7.168,6.142
-2.555,-6.381,8.197
-1.823,-6.247,7.25
0.151,-5.285,6.685
-1.995,-5.541,6.666
-3.173,-7.221,7.295
-3.031,-5.84,7.596
-2.885,-4.989,9.111
-3.115,-5.065,9.544
-3.342,-4.5,8.369
-3.003,-4.677,6.735
-4.077,-4.603,6.089
-4.895,-5.249,6.45
-5.161,-4.058,6.185
-5.316,-3.697,6.491
-5.711,-3.929,6.276
-4.969,-2.158,5.728
-5.869,0.323,4.85
-5.235,0.581,3.835
-6.86,-1.158,1.175
-6.8,-0.474,0.88
-7.766,4.441,0.163
-12.769,1.916,-5.17
-14.506,-3.68,-5.85
-17.952,0.79,-3.634
-22.691,-1.715,-6.118
-25.098,-2.46,-9.807
-23.713,-8.309,-12.47
-25.292,-7.139,-11.97
-31.618,-2.5,-9.872
-26.534,-13.025,-12.992
-30.338,-16.492,-8.467
-25.311,-6.953,-3.005
-18.401,-14.379,0.675
-19.337,-12.293,-1.936
-21.215,-16.296,1.914
-24.014,-9.905,-0.727
-21.856,-5.63,-3.24
-13.379,1.622,-1.012
-16.846,-1.699,-1.407
-17.006,2.086,-5.06
-15.978,-5.503,-4.261
-20.37,2.431,-0.615
-21.079,4.89,10.908
-65.069,-3.955,2.527
-23.108,2.338,7.613
-22.447,-2.309,4.249
-20.83,-1.986,3.476
-16.547,-4.977,-0.132
-14.485,-2.675,-2.558
-20.5,-10.594,6.69
-20.512,-2.775,1.567
-19.004,-7.173,2.168
-19.093,-6.092,-2.204
-16.356,-7.178,-2.938
-15.14,-7.307,-4.847
-14.934,-4.311,-7.183
-15.822,-2.558,-7.178
-17.904,-2.594,-6.283
-17.791,-2.292,-5.771
-15.327,0.321,-5.273
-14.946,-0.144,-3.596
-13.798,-2.17,-4.161
-12.781,-1.218,-6.013
-10.142,2.084,-6.228
-8.549,3.965,-4.922
-10.276,2.857,-5.17
-8.585,4.201,-9.644
-6.843,5.503,-11.214
-7.441,1.452,-11.362
-16.454,4.225,5.166
-29.139,7.584,0.699
-7.606,13.851,8.874
-9.056,12.542,7.934
-6.544,0.603,6.498
-3.744,-11.879,15.198
-7.486,0.644,18.861
-10.137,4.517,16.468
-3.472,-5.993,8.257
-12.451,-3.177,15.509
-5.163,-0.902,16.145
-3.618,-4.335,16.772
-2.524,-7.056,14.399
-3.488,-5.548,10.69
-1.388,-4.656,8.527
-1.493,-3.287,11.685
-1.909,-6.525,10.602
0.022,-4.79,8.9
-0.766,-4.493,5.158
-0.797,-4.933,6.398
0.388,-5.072,5.556
0.34,-4.225,5.857
0.065,-4.639,6.075
0.613,-3.462,5.414
-0.959,-4.096,5.316
-0.746,-4.055,6.47
1.536,-3.273,4.989
0.577,-4.398,5.728
-0.014,-5.364,6.005
-0.22,-4.24,5.335
-0.723,-5.06,5.534
0.22,-6.663,6.9
0.634,-6.462,6.405
0.641,-6.3,6.364
-1.395,-5.914,6.115
-0.263,-5.926,6.35
-1.053,-6.45,6.075
-3.673,-7.541,6.273
-0.519,-6.627,6.824
-1.878,-6.795,6.871
-3.225,-5.323,6.998
-2.149,-6.23,7.388
-2.177,-5.556,7.395
-2.809,-4.876,7.501
-3.338,-4.517,7.092
-4.23,-4.173,6.008
-4.933,-4.922,5.706
-5.237,-5.812,5.577
-4.24,-4.603,6.135
-6.036,-3.302,4.869
-4.438,-1.854,5.015
-6.417,0.067,5.127
-5.917,-0.354,4.161
-5.321,3.687,1.567
-9.281,1.108,-0.598
-9.13,-3.685,-6.008
-12.35,0.373,-3.909
-17.408,6.364,-2.062
-20.844,-1.696,-4.977
-30.749,-1.55,-14.013
-30.565,-7.556,-14.202
-28.156,-9.996,-14.355
-31.608,-11.336,-10.116
-30.441,-9.42,-11.982
-27.44,-22.517,-11.7
-21.516,-22.55,-4.359
-20.947,-14.542,-1.955
-23.122,-6.795,2.328
-25.12,-9.934,6.96
-28.17,-11.386,-2.792
-12.36,-8.958,-0.285
-14.832,-7.281,-5.79
-16.116,-1.242,-0.536
-15.875,2.352,2.347
-13.621,5.934,-10.216
-18.325,-8.104,-8.314
-17.373,-2.864,6.271
-19.885,5.278,6.46
-18.655,6.168,3.668
39.899,3.22,-0.187
-17.006,-0.337,-0.931
-21.002,-2.938,2.787
-15.377,-0.364,8.9
-15.676,2.589,7.462
-16.817,-6.97,10.19
-18.801,-3.754,4.735
-19.736,-5.223,2.007
-19.602,-4.701,0.641
-16.255,-4.768,-3.043
-15.774,-4.343,-3.316
-16.48,-3.12,-3.319
-17.55,-3.754,-3.869
-19.301,-6.156,-5.51
-20.614,-6.486,-7.661
-20.701,-4.302,-8.008
-20.22,-1.345,-8.336
-18.231,1.381,-6.8
-15.478,2.256,-6.233
-13.635,1.859,-9.855
-13.597,4.433,-10.479
-10.367,4.383,-9.673
-9.812,2.541,-11.843
-6.415,8.931,-13.166
-3.747,4.232,-15.516
-8.793,-4.271,-17.023
-43.04,8.41,32.302
-13.037,21.28,3.371
-7.35,12.523,6.453
-4.051,2.809,-1.024
-4.819,-6.206,8.006
-17.164,2.948,18.815
-6.807,-2.725,17.932
1.637,-0.055,15.021
-11.47,-3.065,11.279
-9.889,0.074,19.026
-5.367,0.471,16.691
-2.661,-4.613,9.628
-3.493,-8.865,11.137
-2.388,-5.175,14.413
-4.402,-7.386,12.458
-1.519,-7.116,10.776
-1.507,-3.445,9.276
-0.395,-4.053,8.888
-0.895,-4.945,7.862
-1.369,-7.635,7.64
0.517,-6.448,5.929
-0.847,-3.189,6.376
0.986,-1.519,5.115
1.486,-4.692,4.01
0.701,-4.687,3.094
-1.141,-3.491,4.981
1.136,-5.355,6.173
0.112,-4.331,5.646
1.007,-4.015,5.958
1.388,-4.414,5.053
-0.605,-5.661,5.831
-1.108,-5.405,5.044
-0.278,-7.214,6.766
-0.158,-6.563,7.333
1.316,-5.505,7.558
-0.127,-5.776,7.099
-1.359,-6.058,6.326
-3.371,-6.197,6.438
-0.723,-9.936,7.175
0.184,-7.912,3.661
-0.136,-6.089,5.453
-1.452,-6.702,6.642
-2.194,-7.678,6.178
-1.814,-6.905,6.838
-2.239,-6.087,7.618
-3.0,-4.878,6.211
-3.402,-4.955,4.221
-3.575,-5.343,6.182
-3.086,-5.046,5.513
-4.115,-4.637,5.285
-5.565,-3.718,5.446
-4.821,-2.737,4.431
-4.965,-0.988,5.615
-5.749,2.842,5.4
-5.027,1.57,-1.172
-7.778,-3.079,-4.912
-12.487,0.828,-3.311
-3.953,5.938,-2.579
-14.846,2.146,-5.847
-23.421,-3.737,-7.34
-21.684,-6.297,-12.437
-22.875,-8.671,-9.257
-26.201,-9.434,-11.31
-30.371,-6.831,-11.941
-32.049,-13.114,-11.276
-28.058,-12.492,-10.235
-27.115,-15.793,-3.189
-23.06,-11.097,-3.163
-20.591,-6.907,-2.388
-16.198,-15.384,-1.876
-23.739,-18.09,-9.666
-20.875,-9.183,-1.505
-14.09,-5.79,0.469
-16.148,5.254,-0.522
-12.76,7.149,-1.677
-17.028,-12.396,-5.486
-20.89,-7.372,0.78
-11.709,2.536,3.493
-16.298,0.701,7.625
-15.353,1.29,1.211
-13.128,0.596,5.058
-17.748,1.392,4.345
-17.588,-0.196,6.041
-23.036,0.239,5.874
-15.997,-2.419,0.345
-16.246,-7.989,3.448
-19.935,-6.778,5.029
-21.014,-4.945,0.579
-18.255,-5.367,-0.395
-16.877,-5.78,-2.589
-17.932,-7.415,-2.318
-16.741,-5.352,-4.639
-15.6,-3.436,-6.637
-15.571,-2.347,-7.319
-16.511,-3.034,-7.551
-20.11,-3.862,-4.979
-17.59,-0.679,-5.187
-14.475,0.077,-5.039
-12.879,-1.737,-7.69
-12.298,-1.117,-8.398
-12.484,1.998,-7.003
-10.109,3.302,-5.51
-10.451,2.993,-8.252
-8.943,4.091,-11.236
-5.876,8.065,-14.176
-5.256,3.536,-14.212
-42.315,1.838,24.696
-26.802,12.487,-10.984
-8.111,5.819,13.114
-4.45,9.03,9.676
-5.137,6.934,5.048
-3.472,-2.909,8.417
-11.58,-1.002,16.377
-1.608,4.823,21.679
-9.967,-9.403,5.709
-8.64,-2.838,11.635
-4.639,2.127,14.305
-4.302,0.782,13.884
-5.008,-9.716,9.008
7.635,0.811,11.365
-0.627,-8.364,12.279
-4.424,-9.566,14.109
-2.608,-5.871,13.628
-1.409,-3.531,11.956
-1.261,-5.618,7.355
0.12,-6.632,7.958
-0.356,-5.268,7.211
1.072,-5.438,7.204
0.517,-5.448,5.835
-0.134,-3.723,5.218
-2.335,-3.065,4.335
0.73,-4.075,3.795
1.562,-4.634,4.529
0.574,-3.642,6.137
-0.294,-4.027,6.515
-0.541,-3.766,6.163
0.28,-4.656,6.558
-0.081,-5.261,7.369
-0.077,-6.048,6.228
-0.409,-5.414,6.496
0.562,-5.52,7.149
-0.4,-7.068,5.802
-0.715,-6.058,6.218
0.213,-6.087,6.247
-0.864,-5.941,6.388
-1.943,-7.118,6.673
-1.821,-8.111,6.225
-1.199,-6.113,5.678
-2.134,-6.625,6.661
-2.637,-6.582,7.285
-2.306,-5.024,7.752
-2.598,-4.273,6.216
-3.029,-4.438,6.556
-3.921,-6.058,6.096
-3.898,-3.732,5.417
-4.539,-3.302,5.993
-5.07,-3.866,5.29
-4.785,-3.795,5.252
-5.07,-2.716,4.862
-5.292,0.22,4.692
-5.981,2.51,0.108
-6.891,0.94,-5.515
-9.467,0.502,-3.194
-14.076,0.737,-1.84
-15.695,-1.653,-3.498
-22.17,-0.28,-4.591
-27.515,4.649,-8.142
-23.155,-4.165,-11.64
-23.289,-6.412,-12.071
-29.493,0.648,-11.764
-29.651,-13.597,-11.989
-25.749,-8.573,-10.252
-23.088,-17.506,-7.946
-25.708,-14.561,-3.586
-20.201,-6.381,-2.373
-22.603,-7.695,0.83
-14.8,-3.165,-1.967
-21.904,-17.822,-0.632
-19.873,-5.3,-5.943
-16.734,-4.268,-0.261
-14.487,-1.34,-0.967
-13.604,-0.457,-7.565
-17.42,-1.603,-1.244
-20.162,0.62,-0.165
-19.031,4.615,6.974
-18.215,10.078,5.795
-14.231,0.026,-1.01
-26.68,2.0,0.464
-16.841,-0.531,3.725
-18.117,-1.448,11.145
-22.081,-3.192,8.285
-18.332,0.112,5.467
-18.77,-0.148,6.034
-20.186,-4.046,1.916
-20.308,-3.622,1.278
-19.923,-5.974,-1.66
-17.705,-5.828,-3.943
-15.456,-4.687,-5.041
-16.207,-3.555,-5.606
-18.083,-3.536,-5.666
-19.366,-2.914,-7.582
-20.114,-3.115,-6.761
-18.471,-2.388,-7.663
-16.033,0.818,-8.455
-16.549,1.675,-4.57
-13.707,-0.78,-5.778
-9.496,1.089,-9.525
-7.431,4.383,-10.243
-8.931,5.601,-7.434
-9.092,2.137,-7.278
-6.443,5.139,-11.48
-5.036,5.881,-15.076
-5.544,-1.349,-16.262
-52.395,2.271,9.195
-10.283,13.41,-2.74
-5.73,9.692,8.08
-3.991,12.961,5.154
-4.687,1.081,3.969
-15.169,-2.45,15.076
-15.167,2.417,19.495
-8.283,1.251,12.781
-3.015,-4.213,9.599
-17.77,-1.888,17.853
-6.178,-0.988,13.714
-5.895,-4.031,13.568
-1.371,-4.591,14.169
-4.216,-5.259,11.697
-4.737,-6.261,12.499
-4.4,-3.558,12.197
-1.857,0.242,11.549
-2.122,-2.706,9.444
-0.727,-2.907,10.456
-0.498,-4.943,7.159
-1.383,-3.685,6.158
-0.383,-2.979,5.702
0.165,-4.333,5.252
0.857,-3.967,5.934
0.335,-5.929,6.47
0.438,-3.9,5.575
1.242,-3.524,5.233
0.1,-3.974,6.379
-1.273,-5.125,6.065
0.715,-4.845,5.9
0.648,-6.45,5.517
-0.323,-6.328,6.051
-1.39,-4.194,6.994
-0.581,-5.761,6.56
-0.366,-6.419,6.324
0.242,-6.8,6.034
-0.28,-8.29,5.845
0.421,-7.017,6.381
-0.579,-7.924,5.539
-1.869,-6.871,5.52
-1.043,-7.271,5.735
-0.979,-8.037,6.149
-1.421,-6.426,6.307
-3.175,-7.084,7.434
-3.443,-5.457,7.778
-2.83,-5.546,7.668
-2.725,-5.761,5.682
-2.692,-5.51,4.85
-3.252,-5.862,4.299
-4.926,-5.123,5.283
-5.603,-5.613,5.831
-5.032,-3.732,5.682
-4.008,-2.579,3.228
-4.374,-1.967,1.471
-4.534,-2.199,1.962
-7.482,-0.416,1.598
-10.003,1.388,-3.735
-10.566,-2.103,-6.498
-10.934,-4.283,-5.395
-15.935,-0.658,-4.015
-25.263,2.347,-3.993
-26.919,-2.634,-10.46
-23.835,-9.64,-8.52
-28.24,-11.446,-11.963
-30.859,-7.111,-10.563
-25.751,-11.047,-10.319
-24.742,-12.219,-13.207
-26.347,-11.743,-19.703
-19.354,-11.331,0.55
-18.787,-3.424,-3.871
-20.026,-12.549,-5.051
-21.378,-16.961,-3.022
-23.084,-14.219,-3.436
-16.305,-2.419,-3.457
-13.887,-2.316,1.093
-17.121,2.483,-1.998
-14.2,-8.807,-3.316
-18.37,-6.448,-4.546
-12.571,0.811,-4.699
-16.566,-2.225,4.096
-13.516,6.544,3.031
-11.623,0.904,-0.517
-15.43,3.307,0.39
-12.236,2.57,5.879
-16.353,-3.094,8.934
-21.256,0.045,8.008
-22.055,-1.543,10.288
-15.868,5.058,4.472
-21.069,2.094,4.108
-17.59,1.421,-1.916
-16.896,-2.005,-2.756
-17.693,-3.895,-3.445
-17.54,-5.627,-3.467
-16.549,-4.075,-6.436
-18.169,-4.811,-6.446
-18.196,-3.637,-8.331
-20.299,-1.881,-7.486
-21.483,-1.455,-6.97
-19.248,-0.301,-6.491
-15.473,1.558,-5.45
-12.324,1.323,-6.962
-10.968,-0.378,-9.365
-9.286,2.12,-8.805
-8.489,4.311,-13.011
-8.125,6.431,-14.267
-7.089,1.926,-15.547
-11.087,-1.986,-7.967
-47.887,-0.096,14.485
-9.288,14.339,5.946
-7.97,9.944,9.365
-4.91,7.714,3.639
-6.233,-0.49,8.001
-8.477,-4.098,13.865
-6.623,7.063,14.839
-5.355,-1.938,11.733
-7.994,-3.828,14.722
-11.638,1.4,14.329
-3.213,-1.318,13.908
-4.986,-5.245,14.468
-3.941,-3.723,16.609
-3.668,-6.682,13.942
-2.003,-5.902,12.996
-4.108,-4.89,11.953
-3.101,-3.938,10.384
-1.345,-5.197,10.221
-1.369,-3.823,9.798
-1.479,-4.627,7.144
-0.866,-3.151,6.496
-0.395,-3.34,5.331
0.225,-2.787,4.835
0.447,-2.218,5.154
-0.093,-2.737,5.524
-0.416,-3.773,5.929
1.242,-2.62,4.749
0.541,-3.864,8.69
0.861,-3.785,7.348
-0.27,-3.56,8.467
-0.426,-5.046,6.458
-0.639,-4.654,6.584
0.416,-5.63,5.62
0.689,-5.804,5.45
-0.179,-7.099,6.704
0.203,-6.867,6.998
-0.366,-6.639,7.015
0.048,-5.919,6.242
0.007,-6.355,5.553
-1.156,-7.005,5.919
-1.842,-7.462,6.017
-1.091,-6.783,5.469
-1.881,-7.293,5.819
-2.29,-6.776,6.515
-2.486,-7.015,7.264
-3.409,-5.78,7.498
-3.548,-4.266,7.049
-2.773,-4.682,5.864
-3.759,-5.69,6.723
-4.383,-4.46,6.671
-4.814,-3.163,7.233
-5.426,-3.201,6.307
-5.034,-3.493,4.979
-3.017,-2.864,4.438
-4.756,-0.787,4.661
-6.386,1.127,3.921
-7.312,0.584,-0.617
-8.745,-1.086,-4.4
-10.204,-1.041,-4.553
-7.807,2.421,-3.591
-14.229,0.079,-4.036
-21.315,1.433,-7.288
-24.361,-3.319,-9.221
-22.536,-8.953,-12.295
-25.701,-7.58,-10.078
-31.221,-4.321,-13.267
-30.369,-10.898,-7.537
-20.744,-20.112,-9.422
-23.246,-7.537,-5.434
-19.748,-10.219,0.926
-24.701,-6.369,-3.074
-19.473,0.299,-1.955
-24.215,-11.669,-5.926
-16.107,-13.815,1.273
-18.593,-1.759,-1.278
-17.181,2.797,3.256
-17.181,-1.689,-6.214
-14.339,0.392,-7.096
-19.935,-3.493,0.842
-11.76,-0.653,0.395
-13.489,8.934,-7.058
-10.566,-5.749,-3.414
-22.727,-1.424,-0.246
-15.631,3.237,2.969
-14.162,3.945,6.388
-13.475,3.914,5.204
-19.521,0.95,10.503
-19.43,-3.015,4.216
-18.167,0.218,6.158
-19.748,5.788,4.302
-20.894,3.838,2.445
-19.744,-1.251,-2.725
-17.87,-4.419,-4.11
-17.016,-8.998,-3.718
-15.906,-5.67,-4.852
-17.492,-1.876,-5.625
-18.227,-2.486,-6.649
-17.219,-2.393,-7.819
-17.095,-1.388,-8.357
-17.64,-0.756,-6.525
-16.293,1.268,-5.615
-13.65,-0.29,-3.46
-12.441,-2.897,-5.694
-13.348,-1.84,-7.357
-10.779,1.936,-6.522
-6.915,3.907,-6.352
-7.218,3.756,-6.68
-6.879,3.799,-8.668
-7.185,4.39,-9.628
-6.57,3.972,-10.733
-6.907,5.201,-7.958
-39.762,8.312,10.989
-11.559,4.271,-1.96
-6.132,6.9,7.465
-14.145,20.107,17.815
-5.678,4.067,8.96
-9.767,-2.83,12.331
-9.501,1.718,16.609
-5.972,-0.569,13.107
-5.584,-3.228,16.43
-6.604,1.534,9.64
-4.309,1.364,12.272
-5.766,-1.838,16.38
-3.965,-4.448,17.329
-4.213,-7.855,14.748
-4.582,-5.414,15.033
-6.383,-1.098,15.92
-4.28,-2.517,13.877
-2.211,-4.046,10.68
-1.928,-4.323,7.575
-2.024,-4.173,8.058
-0.909,-3.563,6.23
-1.019,-4.098,7.785
0.227,-3.74,6.249
-0.756,-3.397,5.266
0.026,-3.886,5.364
0.947,-4.869,6.386
0.553,-4.237,5.424
1.857,-3.941,6.029
0.364,-4.984,5.513
0.313,-6.264,4.386
1.515,-5.579,5.996
1.014,-5.587,5.46
-0.05,-3.634,6.905
-0.407,-4.213,6.185
-1.438,-7.173,5.367
0.249,-8.022,5.197
1.34,-6.96,5.41
-0.079,-6.288,6.661
-1.005,-6.379,6.754
-1.366,-6.661,5.599
-1.347,-7.482,5.434
-0.876,-8.381,5.589
-0.462,-7.297,5.613
-1.28,-7.046,7.199
-2.969,-6.862,7.64
-3.108,-5.572,8.458
-2.72,-4.302,7.252
-3.06,-4.23,6.068
-4.529,-6.168,5.742
-3.72,-4.804,4.977
-1.529,-3.12,4.634
-3.575,-3.17,5.058
-5.986,-3.883,4.41
-6.647,-1.632,5.575
-6.379,2.101,4.357
-5.211,3.945,-1.206
-7.52,-0.167,-1.392
-10.252,0.713,-4.596
-12.685,2.811,-0.313
-17.382,0.519,-0.452
-17.533,1.239,-5.199
-20.653,-0.627,-7.051
-23.646,-6.379,-9.546
-26.558,-11.695,-13.001
-23.005,-12.518,-15.255
-28.953,-12.427,-10.453
-30.484,-13.303,-9.106
-28.433,-12.221,-8.922
-18.071,-9.546,-6.883
-19.485,-5.656,-0.833
-25.318,-5.266,-1.861
-19.806,-7.496,1.873
-17.717,-8.97,2.017
-21.526,-14.765,-5.534
-20.189,-9.53,-1.732
-20.48,-5.503,2.488
-14.676,-9.879,-2.352
-13.279,0.864,-2.945
-12.97,-2.656,-2.577
-15.624,-0.234,1.806
-19.844,1.376,0.029
-11.858,2.842,2.306
-18.502,4.788,2.668
-13.243,1.558,2.974
-10.984,2.517,6.527
-14.463,-1.778,6.34
-19.581,4.034,9.286
-20.411,2.534,3.237
-15.899,-0.175,2.172
-13.473,3.173,0.715
-16.059,-1.732,-1.369
-15.217,-1.285,-1.354
-13.882,-2.079,-1.534
-14.305,-2.945,-1.354
-17.693,-2.17,-5.357
-18.605,-2.62,-7.077
-18.516,-2.16,-7.821
-14.379,0.569,-7.613
-14.705,1.881,-8.216
-13.111,1.445,-5.785
-10.936,1.476,-3.926
-10.774,1.385,-2.809
-9.293,5.139,-5.352
-8.24,5.697,-6.606
-8.089,4.144,-8.3
-7.427,3.388,-10.223
-5.711,7.565,-10.389
-4.034,7.742,-10.262
-2.457,2.271,-13.391
-56.986,-4.536,39.324
-23.392,15.102,4.201
-2.579,14.745,9.415
-5.702,7.604,7.611
-4.895,3.244,7.931
-2.56,-5.01,9.202
-8.601,-1.412,11.922
-9.377,3.199,18.109
-1.641,-2.462,11.994
-9.819,-0.708,14.523
-15.956,-2.584,14.884
-7.321,-0.534,13.829
-6.513,-1.376,13.133
-2.417,0.392,20.545
-0.354,-2.747,14.143
-1.845,-4.216,14.21
-3.988,-4.189,11.915
-3.476,-4.122,12.023
-4.106,-5.034,6.876
-0.117,-2.275,9.412
-1.304,-4.043,7.967
0.608,-4.692,7.915
0.768,-1.019,4.319
0.897,-3.886,3.924
1.448,-3.972,3.383
0.211,-3.536,6.426
0.033,-4.28,7.891
2.084,-5.223,5.718
-0.132,-4.369,5.544
0.227,-4.874,4.314
0.091,-5.613,4.649
0.971,-5.008,5.572
0.34,-4.206,7.197
-0.83,-3.823,8.128
-1.352,-4.733,8.228
-0.701,-5.747,6.481
-0.275,-7.163,5.996
0.672,-6.017,5.264
-0.641,-4.953,4.84
-3.141,-7.12,5.742
-2.601,-6.972,7.391
-1.39,-4.756,6.407
-1.168,-5.721,5.814
-3.342,-7.917,6.199
-2.402,-6.886,5.747
-2.225,-6.931,7.331
-2.907,-5.486,6.769
-3.694,-5.345,7.355
-3.041,-4.091,5.52
-2.704,-4.857,4.706
-4.567,-4.048,5.723
-5.144,-4.005,5.881
-5.716,-3.539,6.637
-5.57,-0.505,5.539
-5.965,-0.538,6.08
-6.008,0.871,4.905
-7.206,1.96,4.658
-8.108,3.125,-4.125
9.738,-3.122,-15.092
-12.195,-4.508,-5.984
-15.801,2.818,-3.728
-22.143,3.864,-8.142
-22.124,-2.783,-9.36
-29.766,-3.56,-7.52
-31.699,-5.931,-12.073
-28.429,-12.855,-11.886
-30.003,-13.422,-17.681
-25.565,-18.499,-3.881
-20.54,-7.998,-1.615
-25.758,-11.774,0.156
-26.806,-6.778,3.28
-22.464,-5.099,0.23
-22.84,-6.446,-3.321
-22.591,-6.149,-0.866
-21.536,-1.325,-1.127
-17.203,5.123,-7.113
-14.095,-11.429,-10.35
-13.185,-2.316,-3.653
-15.116,-6.139,-6.185
-11.781,-2.129,-4.819
-9.274,-0.493,-5.256
-12.714,-10.154,-6.142
-5.773,-2.405,-1.455
-8.558,-3.677,2.031
-8.049,0.892,1.584
-5.912,1.163,2.854
-6.216,1.641,1.771
-3.663,1.603,2.984
-0.952,4.864,0.77
-1.931,4.582,0.593
-0.981,3.122,0.05
-1.976,5.362,-2.196
0.017,2.294,-0.624
0.94,2.206,-0.239
0.287,3.512,0.036
-0.651,6.584,2.35
-1.345,8.695,1.158
-3.51,8.319,2.809
-3.862,10.314,0.479
-3.517,8.415,3.364
-1.617,10.152,2.493
-2.467,9.494,2.936
-4.395,9.829,3.694
-4.24,10.702,3.974
-2.658,9.86,2.893
-2.728,8.833,3.405
-2.4,9.049,4.749
-4.393,10.121,4.532
-3.974,9.41,4.357
-4.043,7.886,4.163
-3.708,6.714,3.426
-3.196,7.125,4.027
-3.381,7.718,4.893
-3.582,7.819,4.752
-3.675,7.247,4.388
-3.144,9.142,4.213
-3.89,9.207,4.553
-3.402,7.479,4.632
-3.232,7.362,4.85
-3.967,9.13,5.276
-4.192,8.934,4.685
-3.85,7.075,5.228
-3.912,6.941,4.936
-4.256,6.821,4.589
-3.759,6.357,5.654
-3.527,7.331,5.711
-4.343,6.934,5.687
-4.699,6.548,5.723
-4.445,6.529,5.587
-4.067,6.826,5.319
-4.232,6.675,5.871
-4.393,6.881,5.869
-4.278,6.498,6.496
-3.957,6.367,6.857
-3.498,6.048,6.9
-4.137,5.256,7.056
-5.51,5.036,7.654
-4.713,5.12,8.247
-3.917,4.979,8.613
-3.878,4.529,8.154
-4.347,4.146,7.651
-5.134,4.091,7.173
-5.481,4.079,7.168
-5.434,3.548,7.864
-5.041,3.225,8.063
-4.969,3.613,8.101
-5.326,3.292,8.056
-5.469,2.988,7.919
-5.852,2.034,7.943
-6.192,0.55,7.261
-6.087,0.301,6.74
-5.575,1.247,6.029
-5.745,0.768,5.685
-6.039,-0.713,5.584
-6.084,-2.254,5.077
-6.281,-2.572,5.158
-6.56,-2.117,4.936
-6.264,-2.639,4.283
-5.776,-3.165,3.651
-5.412,-4.012,4.125
-5.307,-4.364,3.847
-5.63,-4.759,4.058
-6.082,-4.723,4.354
-6.084,-4.737,4.596
-6.041,-5.493,4.331
-5.857,-6.95,4.328
-6.051,-7.747,4.587
-6.283,-7.68,4.699
-6.051,-7.594,4.259
-5.338,-8.096,3.921
-4.615,-9.465,2.962
-4.218,-10.477,1.957
-4.022,-11.185,1.644
-3.106,-10.094,1.596
-3.027,-9.889,1.402
-1.926,-11.712,1.845
-1.098,-13.111,1.385
-1.715,-12.473,1.782
-1.361,-12.324,2.869
-0.148,-12.585,3.814
0.479,-11.358,4.307
1.684,-11.858,3.637
2.431,-13.119,2.421
3.555,-14.31,1.526
3.323,-13.47,1.622
3.263,-12.056,0.002
3.957,-11.779,0.804
4.534,-10.905,1.603
4.333,-9.633,1.476
4.405,-9.252,1.211
4.445,-8.204,1.101
5.19,-7.269,2.912
6.18,-6.759,2.656
6.611,-6.422,2.283
6.47,-5.888,2.038
7.039,-5.513,1.799
7.096,-5.412,2.417
7.783,-5.898,2.354
7.948,-5.73,2.984
7.637,-5.596,3.194
7.278,-5.912,3.579
8.719,-4.756,4.094
7.862,-4.276,4.072
8.594,-3.651,4.704
8.242,-1.39,5.333
4.68,-2.964,6.625
6.333,-5.855,7.161
6.912,-5.304,6.216
6.874,-3.28,6.982
7.209,-3.089,6.903
3.464,-3.797,7.431
4.945,-1.23,6.316
3.051,-2.704,5.981
2.527,-5.599,2.39
3.017,-7.951,2.34
2.043,-6.398,-1.144
5.343,-4.335,-1.586
4.328,-2.84,3.85
5.682,-2.393,4.912
6.848,-2.912,3.086
5.17,-5.264,6.879
7.628,-10.063,7.077
8.829,-7.364,8.085
3.665,-4.718,13.365
7.915,-2.096,7.74
5.436,-5.536,9.082
11.078,-10.034,8.254
11.271,-3.376,6.709
4.902,-6.953,6.077
21.473,-1.715,12.87
-0.691,-5.032,0.108
-10.886,-5.328,12.322
-9.018,-6.23,11.606
8.709,-1.668,9.668
2.895,-0.581,2.034
-2.919,-10.056,7.809
0.469,-7.204,11.838
-0.191,-13.166,10.86
-0.132,-10.369,6.412
4.285,-3.957,-1.318
-1.431,-6.158,10.188
-1.603,-8.029,8.857
0.431,-9.307,8.731
0.189,-4.859,4.371
0.605,-2.254,11.355
3.905,-4.209,10.503
0.38,-5.381,12.745
-2.302,-5.493,4.412
-1.156,-5.847,8.36
2.378,-5.725,9.341
-3.146,-4.311,10.001
-3.029,-4.577,10.154
1.328,-2.869,9.884
-1.299,-5.434,7.525
-0.892,-6.206,10.566
-3.488,-4.541,11.63
-1.084,-2.194,10.728
-0.115,-2.967,8.884
-1.548,-3.622,8.077
-0.739,-3.101,10.716
-1.971,-2.555,12.384
-3.445,-4.139,14.176
-1.366,-4.29,11.451
-1.727,-1.682,12.298
-2.775,-4.393,11.013
-1.39,-5.374,11.669
-0.694,-3.115,12.269
-3.407,-3.708,11.693
-1.053,-5.087,8.922
2.218,-2.342,7.022
-0.311,-3.663,9.446
-2.017,-2.668,11.195
-1.098,-1.744,11.233
-0.117,-1.737,10.558
-0.62,-2.309,11.953
-0.194,-1.952,10.156
-0.256,-2.309,9.35
-0.847,0.242,10.027
-0.557,-2.407,10.094
0.931,-1.325,8.259
0.773,-3.017,7.446
0.349,-2.311,7.474
0.947,-1.613,6.587
-2.187,-1.491,2.153
-0.859,-1.558,7.896
-0.345,-0.596,5.424
1.438,-1.127,7.266
0.356,0.055,7.118
0.73,-1.519,6.328
-1.002,-1.23,9.403
-1.651,-1.768,7.757
-1.093,-0.256,8.506
-1.921,-1.038,8.149
-2.306,-0.639,9.924
-1.969,-0.474,8.989
-2.804,0.88,8.551
-2.96,-0.368,10.982
-3.854,-1.66,10.403
-2.359,-0.469,10.92
-2.845,-0.189,11.233
-3.261,-0.45,10.664
-3.33,-1.392,11.444
-2.988,-0.837,10.898
-3.23,-1.146,10.75
-2.859,-1.093,10.219
-3.45,-1.835,10.891
-3.517,-0.773,11.468
-3.297,-0.567,11.336
-3.972,-1.768,10.968
-3.62,-1.56,10.762
-3.512,-0.835,10.759
-3.534,-0.754,10.747
-3.208,-0.883,9.824
-3.481,-0.72,10.317
-3.603,-0.725,10.637
-3.524,-0.414,10.846
-2.895,-0.333,10.508
-3.223,-0.378,10.001
-3.608,-0.538,9.755
-3.405,-0.529,9.738
-2.964,-0.708,9.862
-2.895,-0.376,9.142
-3.17,-0.033,9.41
-3.113,-0.584,9.764
-3.003,-0.254,9.338
-3.053,-0.33,9.503
-2.696,0.163,9.479
-2.431,-0.617,9.436
-2.457,-0.077,9.288
-2.371,-0.041,9.534
-1.751,-0.285,9.69
-1.773,-0.969,9.243
-2.062,-1.158,9.329
-1.45,-1.012,9.491
-1.194,-2.302,10.027
-0.522,-2.003,10.137
-0.074,-1.067,10.393
-0.476,-1.826,10.183
-1.754,-2.414,9.69
-0.639,-2.876,8.915
0.395,-3.385,8.381
-0.828,-4.479,9.159
0.117,-4.527,8.795
0.864,-4.563,8.948
1.543,-3.967,9.853
0.225,-3.831,10.2
-0.175,-2.775,11.027
-0.598,-1.876,10.53
-1.225,-1.541,9.759
-1.512,-1.971,8.632
-0.83,-2.972,8.611
-0.809,-2.857,9.03
-1.921,-3.742,9.695
-2.988,-3.144,10.231
-1.426,-2.974,10.173
-1.304,-2.321,8.738
-1.168,-1.816,7.879
-1.01,-1.818,6.644
-0.239,-1.885,5.13
-0.199,-3.173,7.19
-3.548,-2.644,7.563
-2.244,-4.122,7.367
-1.122,-3.534,6.618
0.263,-3.467,5.579
-1.809,-2.919,6.876
-1.967,-2.469,7.022
-2.646,-3.34,7.281
2.204,-5.895,10.977
-3.311,-3.086,7.154
-2.149,-4.11,8.484
-1.483,-5.51,6.223
-2.608,-6.276,5.058
-1.897,-5.414,4.62
-1.727,-6.831,4.788
-2.256,-7.202,4.56
-2.562,-7.35,4.579
-2.704,-8.101,4.692
-1.895,-7.226,4.768
-3.479,-7.194,5.4
-3.632,-6.359,6.517
-3.106,-5.914,6.544
-3.108,-4.453,5.929
-2.852,-5.869,5.369
-3.141,-5.032,4.067
-4.29,-3.826,4.565
-4.448,-3.22,5.39
-4.596,-2.041,5.56
-6.886,-2.015,3.778
-7.721,-0.727,5.051
-7.582,-0.05,4.68
-5.156,1.072,3.45
-7.814,-0.06,-0.916
-11.638,-3.266,-1.804
-12.731,-1.081,1.055
-15.552,2.127,3.252
-18.631,0.498,-7.29
-18.107,-10.386,-8.321
-25.68,-9.381,-10.106
-26.574,-7.462,-17.301
-28.85,-6.24,-12.207
-32.472,-9.896,-11.795
-31.635,-9.522,-9.039
-27.555,-16.817,-12.906
-22.596,-9.599,-11.128
-21.789,-5.474,-3.773
-13.906,0.739,7.917
-22.863,-10.764,3.675
-26.278,-17.562,-0.895
-21.851,-12.92,-7.178
-13.178,-10.09,-1.089
-8.704,-8.147,-9.164
-10.482,-1.809,0.421
-16.109,3.175,1.012
-11.74,5.07,-9.467
-15.87,-6.257,2.115
-22.052,2.208,0.285
-25.199,10.188,10.98
-13.645,7.056,4.718
-18.011,9.077,3.778
-12.75,-0.885,4.694
-19.169,3.993,9.867
-17.739,1.431,3.18
-11.64,-1.802,-0.187
-15.298,-4.405,5.103
-22.141,-2.893,1.0
-19.014,-0.974,-2.33
-17.081,-2.445,-3.189
-15.119,-1.811,-2.665
-17.143,-2.335,-3.347
-17.239,-1.062,-4.969
-18.334,-1.232,-6.211
-18.796,0.206,-7.183
-18.071,2.419,-6.297
-17.664,2.89,-6.005
-15.432,3.18,-5.228
-14.31,1.904,-4.522
-10.137,1.782,-3.732
-8.463,3.771,-5.048
-7.905,5.862,-3.965
-8.039,5.596,-5.256
-7.271,3.56,-7.556
-6.149,3.115,-9.219
-6.132,3.041,-10.123
-26.859,4.807,20.052
-32.991,2.158,5.725
-3.094,3.019,-0.624
-6.211,12.212,7.233
32.628,7.797,3.883
-8.13,7.616,9.455
-4.96,-0.421,9.166
-4.158,4.697,12.15
-1.656,-0.007,10.166
-8.08,1.227,13.238
-7.544,3.859,14.482
-8.029,1.902,14.157
-6.18,-2.567,13.631
-7.395,-2.299,12.568
5.69,2.924,10.659
-2.381,-0.445,12.032
-3.503,-3.213,13.04
-2.294,-3.45,12.425
-1.522,-1.718,13.327
-2.227,-3.9,11.001
-1.072,-2.893,9.381
-0.679,-2.144,8.003
-0.526,-2.826,8.577
-0.249,-3.175,8.924
-0.325,-3.72,8.436
0.211,-3.115,6.589
1.416,-3.206,5.919
-0.22,-3.295,4.811
-0.258,-2.761,9.183
0.531,-2.682,7.24
0.883,-4.177,8.317
0.256,-3.67,5.835
0.299,-4.79,7.161
0.251,-5.503,5.996
-0.297,-5.388,5.67
-0.062,-5.725,5.426
0.146,-5.838,6.546
0.658,-5.977,7.307
-0.165,-5.304,7.79
-0.62,-4.68,6.625
-0.423,-5.802,6.752
-0.34,-6.113,7.056
-0.421,-6.656,7.549
-1.359,-6.8,7.273
-1.251,-5.694,6.501
-1.589,-5.912,7.017
-1.969,-6.211,6.814
-2.452,-5.685,7.156
-2.098,-4.503,7.759
-1.78,-3.766,7.855
-2.988,-2.06,7.044
-3.247,-2.773,6.046
-3.902,-3.431,5.943
-4.878,-2.412,6.661
-5.556,-1.534,7.273
-5.864,1.225,7.802
-7.577,1.302,7.065
-6.979,1.933,6.62
-5.914,0.622,4.407
-6.685,0.01,-3.335
-9.403,-0.598,-4.498
-14.839,-1.632,-1.325
-17.387,4.089,1.78
-20.258,5.022,-2.098
-20.736,-5.639,-8.223
-24.294,-8.503,-9.058
-31.479,-8.439,-7.135
-33.391,-6.857,-2.328
-27.718,-9.857,-11.259
-27.893,-5.886,-5.673
-24.687,-11.161,-9.18
-24.787,-15.578,2.397
-28.778,-5.223,0.471
-15.939,-4.46,8.152
-19.375,-5.015,4.795
-22.658,-8.317,-1.175
-16.772,-13.628,4.445
-17.88,-4.771,-1.833
-13.894,-1.215,-1.787
-15.033,0.746,-8.723
-14.119,-12.008,1.125
-14.664,1.498,2.067
-13.676,-5.24,2.675
-15.942,-1.854,3.673
-11.992,0.864,8.266
-7.427,2.763,8.829
-12.729,7.805,10.054
-13.688,6.319,10.07
-13.236,9.623,11.98
-18.045,10.568,10.814
-5.871,17.849,7.273
-13.738,1.503,8.637
-16.49,0.859,3.613
-17.461,-3.232,0.902
-15.578,-1.701,-1.357
-15.358,-0.713,-0.163
-16.432,-0.373,1.022
-17.466,1.318,1.725
-18.021,4.18,0.203
-17.973,1.888,-2.421
-18.688,-0.888,-3.881
-19.028,-1.45,-3.752
-18.349,-1.017,-5.166
-16.564,1.314,-5.642
-16.348,2.582,-4.237
-14.422,3.211,-4.18
-12.403,2.747,-5.697
-11.882,3.584,-8.527
-11.793,4.146,-9.077
-9.891,4.285,-8.946
-7.651,5.455,-8.683
-5.383,4.68,-10.214
-3.744,3.019,-11.058
-44.456,-14.379,31.953
-31.403,11.575,1.641
-6.783,11.853,3.034
-4.467,11.027,8.417
-4.864,6.783,3.878
-3.713,-1.778,3.924
-7.479,1.546,11.898
-7.273,7.974,18.373
-0.388,-2.46,16.844
-8.405,0.428,17.564
-7.135,1.644,13.377
-3.072,0.266,10.922
-5.309,-3.388,15.537
-22.249,9.317,16.329
-1.206,-5.41,13.954
0.158,-2.905,13.279
-0.873,-2.486,12.865
-1.974,-3.866,12.903
-2.034,-3.847,9.444
-0.39,-4.642,10.434
-0.01,-2.864,8.106
-0.955,-1.366,6.307
0.981,-3.412,5.797
0.833,-4.498,5.891
0.079,-4.424,6.788
2.043,-3.73,5.4
1.306,-2.711,6.51
1.168,-2.979,7.407
0.9,-3.319,5.522
-0.27,-4.869,7.379
0.428,-3.651,7.556
1.108,-3.039,6.345
1.591,-3.627,4.493
1.586,-2.9,6.065
0.371,-3.582,5.991
1.304,-4.462,5.575
1.33,-4.087,6.493
-0.648,-4.11,2.027
-0.644,-5.455,5.326
1.787,-5.642,5.654
1.256,-3.957,5.603
0.737,-4.285,7.551
-0.931,-4.898,5.955
-0.345,-5.084,4.955
-0.127,-5.089,5.759
-0.706,-6.697,6.558
0.036,-7.156,6.613
-0.151,-6.465,5.541
5.108,-6.922,6.455
-1.156,-4.845,8.152
-5.41,-9.494,5.144
-3.034,-6.249,6.529
-1.739,-6.704,5.898
-1.739,-5.792,5.936
-3.479,-6.29,6.56
-3.405,-6.163,6.886
-3.72,-4.204,7.116
-3.909,-2.498,6.371
-4.692,-2.773,5.73
-6.008,-2.452,5.331
-6.544,-2.651,6.857
-6.97,-1.005,7.087
-6.761,0.653,6.046
-6.785,-0.077,4.625
-6.321,-0.486,2.948
-6.07,1.515,1.749
-8.431,4.055,0.775
-13.513,4.462,-3.17
-16.092,-3.268,-6.075
-14.901,-1.943,-5.063
-13.743,3.094,-4.517
-22.682,-0.096,-4.11
-27.663,-5.513,-11.987
-24.572,-6.225,-10.546
-26.716,-6.565,-10.312
-28.606,-12.305,-8.434
-30.654,-6.563,-7.017
-27.173,-10.762,-5.871
-24.799,-13.044,-0.318
-25.835,-0.632,0.964
-20.696,-1.644,-1.936
-23.498,-5.687,-1.684
-24.545,-9.333,2.33
-22.691,-6.8,2.35
-15.308,-1.206,1.713
-12.293,-0.462,-0.694
-13.724,-4.847,-2.608
-15.085,-5.178,-3.35
-12.638,-3.517,-0.416
-13.934,0.904,-1.694
-14.068,-3.321,1.4
-6.395,10.29,4.371
-7.718,4.823,5.094
-7.089,3.094,1.505
-15.013,6.218,4.101
-13.702,2.835,8.987
-13.432,7.118,9.893
-16.389,10.726,10.8
-14.58,17.992,3.467
-13.114,4.795,6.345
-14.006,2.227,2.292
-17.207,-3.177,-0.435
-17.82,-5.666,-1.091
-17.054,-4.529,-0.603
-18.114,-0.555,-1.553
-19.102,1.093,-2.464
-19.074,1.294,-3.421
-20.832,1.254,-4.441
-23.804,0.883,-4.89
-22.074,0.366,-5.91
-19.55,3.039,-6.261
-15.659,4.477,-4.747
-17.502,7.996,-4.161
-7.991,1.385,-3.874
-8.085,3.196,-6.706
-6.135,5.501,-7.546
-4.433,3.165,-12.592
-6.996,2.766,-12.13
-6.8,4.737,-12.891
-6.513,5.809,-16.301
-5.312,3.007,-10.822
-36.135,11.812,18.332
-6.56,7.388,1.34
-18.193,9.905,9.118
-3.859,10.927,7.403
-2.883,-0.139,6.087
-8.814,2.967,12.53
-1.526,9.061,22.485
-9.546,0.29,12.898
-7.135,-4.029,13.585
-6.671,1.16,12.874
35.762,-18.365,-4.771
-7.946,3.601,32.587
-1.787,-3.302,19.444
0.964,-4.388,14.186
-2.017,-3.218,12.805
-3.735,-4.249,15.561
-1.474,-2.39,12.563
-0.861,-1.696,10.501
-1.101,-1.323,8.709
0.589,-4.833,8.14
-0.12,-3.644,8.455
0.067,-3.673,6.967
-0.002,-3.642,8.537
1.445,-3.18,9.647
0.658,-2.644,7.826
0.79,-2.871,7.484
1.136,-3.728,5.57
0.45,-3.658,7.417
0.342,-4.252,6.517
-0.644,-3.228,7.534
0.835,-4.965,9.771
0.364,-4.637,6.242
-0.974,-3.572,5.828
-0.787,-5.771,5.797
-0.809,-6.168,5.931
0.127,-6.415,4.922
-0.706,-7.51,5.675
-0.691,-7.383,4.496
-0.718,-6.704,5.316
-1.766,-7.156,6.292
-1.751,-7.13,6.039
-1.603,-6.797,5.347
-2.029,-7.757,5.902
-3.204,-4.575,8.522
-2.952,-3.412,7.955
-3.467,-2.649,7.47
-4.498,-2.718,6.003
-4.847,-3.687,5.39
-5.383,-2.479,5.699
-5.776,-0.299,6.802
-7.202,0.129,6.924
-7.826,1.012,5.833
-6.678,0.026,4.699
-5.859,0.28,4.819
-7.836,2.311,0.713
-9.417,4.563,-5.056
-17.43,3.732,-6.924
-17.016,-0.739,-1.584
-16.016,2.615,-4.127
-20.612,-2.472,-8.099
-24.577,-10.982,-12.769
-25.768,-4.922,-11.248
-27.783,-4.931,-9.374
-28.046,-4.357,-7.34
-29.874,-10.563,-3.888
-29.149,-12.054,-9.02
-27.364,-8.841,-4.41
-23.385,-4.053,9.769
-19.933,-2.005,-1.742
-26.503,-1.979,0.349
-20.306,-15.176,-1.249
-19.162,-9.08,-5.113
-15.935,-4.855,1.524
-16.66,-1.771,0.366
-14.923,-3.397,-0.553
-13.279,-6.809,-5.802
-14.99,-1.129,1.144
-10.905,-0.304,2.814
-12.317,1.677,3.658
-8.161,6.41,-4.486
-8.235,13.185,6.508
-13.741,0.328,2.015
-14.071,2.421,5.374
-11.934,7.544,8.943
-10.819,1.739,9.668
-17.413,3.553,3.771
-12.236,12.188,7.742
-12.676,6.644,7.623
-11.704,9.867,5.379
-17.887,3.144,1.56
-18.995,-1.814,-0.861
-17.205,-4.967,-1.108
-19.928,-5.259,-2.72
-23.77,-4.316,-6.824
-18.212,0.943,-7.75
-19.052,1.366,-6.199
-22.629,1.56,-6.371
-22.756,0.794,-6.168
-21.703,0.531,-8.092
-19.411,1.759,-10.434
-8.374,1.005,6.553
-12.432,3.969,-7.324
-7.005,-0.211,-3.845
-10.544,1.78,-5.95
-10.951,4.599,-7.616
-6.69,7.776,-8.8
-7.494,4.11,-12.69
-5.603,3.417,-15.408
-3.936,3.998,-17.763
-24.845,1.782,35.862
-15.159,12.614,4.996
-6.977,2.369,8.709
-12.178,11.111,8.465
-5.505,14.736,8.618
-3.677,2.756,10.015
-5.146,-1.486,10.369
-9.154,-0.727,16.765
-11.293,1.766,13.2
-12.757,0.67,14.932
57.166,-30.553,-11.372
-4.529,0.591,16.083
-5.008,-0.033,16.636
30.907,-18.473,12.996
3.266,-2.105,20.0
-3.101,-2.979,16.738
-4.737,-0.83,15.573
1.309,-3.984,12.64
1.416,-3.321,11.224
1.132,-7.735,9.886
0.383,-4.23,7.79
-1.522,-2.371,7.039
-1.0,-2.163,5.477
-0.481,-1.668,5.185
0.005,-1.883,4.646
1.199,-4.07,5.625
0.139,-2.917,5.347
0.833,-1.826,6.826
2.634,-4.847,5.737
-0.505,-3.139,4.802
0.11,-3.795,7.391
-0.421,-5.474,6.795
2.448,-5.077,4.194
-1.321,-4.821,6.472
-2.187,-4.005,4.744
0.603,-5.644,7.118
-0.354,-5.546,4.878
0.56,-4.733,6.285
-0.821,-6.467,6.804
-2.094,-6.74,7.321
-1.51,-5.402,6.245
-3.036,-6.307,6.474
-2.07,-6.649,7.104
-2.541,-6.587,7.094
-3.374,-5.725,6.728
-3.962,-5.871,6.864
-3.761,-5.477,6.781
-3.11,-4.072,7.355
-2.993,-3.864,7.037
-4.577,-4.414,5.78
-5.527,-2.35,5.967
-6.357,-0.567,6.407
-6.833,-0.962,6.891
-7.577,0.397,6.12
-7.967,-0.366,5.271
-5.709,-1.668,5.376
-4.302,-0.601,4.321
-6.314,1.871,0.624
-11.331,2.125,-3.003
-14.391,3.725,-7.508
-21.624,-1.201,-5.934
-14.949,-3.833,-4.493
-17.87,1.084,-3.929
-26.649,-2.065,-8.652
-24.242,2.651,-7.805
-24.998,-6.881,-10.755
-28.895,-10.451,-5.23
-30.182,-4.771,-4.008
-27.711,-6.821,-6.85
-30.024,-15.052,-8.056
-21.414,-5.575,-8.116
-23.531,-10.24,-2.192
-20.344,-7.104,6.132
-18.81,-0.615,5.565
-22.088,-5.926,-5.345
-19.717,-7.111,-2.314
-14.815,-3.362,-0.132
-14.518,0.299,4.637
-18.114,-0.644,-2.445
-8.381,-1.708,-6.106
-12.681,5.29,-2.754
-12.312,2.048,-1.948
-13.415,-0.569,-0.924
-10.439,3.22,-1.419
-9.388,0.624,3.78
-11.965,3.943,4.457
-11.401,0.447,7.216
-11.561,2.687,9.123
-19.638,11.762,7.168
-14.21,15.401,7.757
-12.482,13.803,8.699
-13.913,9.042,2.96
-13.642,1.943,2.094
-17.863,-3.146,1.323
-17.863,-3.833,-2.256
-18.545,-5.795,-1.888
-19.65,-2.462,-4.962
-19.495,-0.287,-6.348
-17.416,0.337,-6.077
-20.892,-0.01,-5.948
-22.261,0.342,-7.584
-21.935,0.962,-8.817
-20.823,0.77,-8.807
-19.124,3.639,-8.838
-15.461,4.945,-7.474
-11.568,6.044,-5.594
-9.74,2.735,-4.39
-7.948,4.388,-7.462
-9.434,4.615,-7.577
-8.254,5.795,-9.336
-7.759,3.041,-12.731
-6.029,4.115,-15.207
-5.747,2.806,-17.174
-27.268,10.518,21.27
-14.052,15.207,1.689
-9.247,7.702,1.988
-12.898,6.168,8.135
-3.237,9.032,3.28
-6.63,2.256,7.192
-4.577,0.835,10.563
-7.852,2.041,17.595
-3.314,2.457,15.705
-7.391,-1.366,16.849
-6.412,1.034,18.217
-11.343,-1.067,12.894
-7.111,0.653,19.689
-7.247,-4.34,20.526
1.694,-0.096,16.786
-1.158,-2.921,12.812
-2.488,-5.57,14.444
-1.622,-3.275,14.083
-1.153,0.397,12.819
-1.381,-3.833,10.135
-1.077,-3.297,9.113
1.117,-2.428,8.111
0.493,-2.242,8.513
0.306,-2.735,9.032
0.244,-2.517,7.556
2.83,-3.273,5.067
1.771,-2.62,4.809
0.577,-2.699,5.584
1.445,-3.103,7.417
0.435,-3.572,7.738
0.376,-4.472,5.737
0.634,-3.68,6.594
0.261,-5.19,5.936
0.282,-5.213,6.17
0.01,-4.142,3.981
-0.378,-5.268,4.383
0.754,-5.795,5.515
-0.196,-7.379,5.984
-0.098,-6.391,4.288
-1.187,-6.757,6.417
-1.828,-6.388,6.4
-1.651,-6.173,6.455
-1.821,-7.379,5.871
-2.266,-7.01,6.376
-1.081,-6.682,5.103
-1.596,-6.738,6.441
-3.326,-5.979,7.285
-3.084,-4.204,7.974
-3.335,-4.52,7.546
-3.309,-3.481,6.032
-4.953,-3.263,4.8
-5.68,-1.787,6.395
-5.254,-1.16,7.238
-6.699,-0.093,8.13
-7.996,-0.12,7.793
-7.941,0.713,6.584
-6.891,0.069,5.087
-6.065,-0.632,3.385
-6.529,2.144,2.522
-9.9,3.893,0.598
-11.815,0.591,-2.426
-16.25,-0.837,-4.352
-15.1,2.208,-4.517
-15.848,-1.378,-4.57
-21.727,-7.305,-8.235
-23.014,-8.039,-15.86
-24.153,-7.338,-12.568
-28.34,-8.855,-8.606
-26.115,-4.709,-7.345
-25.45,-5.984,-6.998
-28.374,-6.989,-5.979
-6.403,-17.504,-4.79
-21.184,-1.27,4.094
-16.829,0.737,1.579
-20.141,-2.412,1.974
-19.062,-9.408,0.244
-17.136,-6.596,1.306
-15.624,-3.551,-2.122
-13.284,-4.237,-4.79
-14.719,-6.962,-3.163
-10.535,-2.299,0.687
-16.291,2.125,-1.512
-13.042,-0.27,-0.12
-10.853,0.543,-2.833
-7.096,2.869,2.598
-10.53,3.464,1.247
-11.259,6.905,2.912
-10.781,8.929,0.519
-10.439,2.737,3.704
-11.439,0.127,8.582
-16.557,9.025,9.058
-12.434,12.989,8.652
-11.891,15.009,8.207
-16.114,8.707,0.651
-16.085,-0.596,-0.51
-20.191,-4.52,-1.773
-18.739,-6.73,-6.814
-17.435,-10.556,-7.888
-23.33,-2.39,-6.965
-20.528,3.019,-6.477
-20.016,0.694,-6.467
-22.557,-0.299,-7.936
-22.179,0.689,-8.336
-21.478,1.522,-9.35
-19.772,2.524,-10.413
-14.911,4.371,-9.049
-11.647,4.39,-6.759
-7.364,2.952,-3.11
-7.537,4.311,-5.807
-7.704,4.742,-8.884
-6.211,7.479,-9.477
-5.632,3.491,-9.953
-4.986,3.603,-13.004
-4.034,6.4,-17.246
-4.79,2.177,-18.011
-77.622,11.511,12.116
-1.668,17.334,-7.561
-8.532,8.731,10.659
-3.187,8.618,4.436
-6.931,5.323,4.768
-7.357,0.842,11.594
-7.843,4.474,18.014
-8.388,5.742,18.947
-0.574,3.912,8.503
-8.429,-4.333,15.523
7.192,-2.364,12.815
-15.518,4.536,20.6
-4.307,2.397,28.969
-3.924,-3.591,20.897
0.754,-1.333,16.238
-1.522,-2.175,18.069
-1.419,-1.495,15.743
-1.651,-0.713,15.363
-0.689,0.273,9.01
-0.928,-1.18,7.561
0.057,-1.498,8.941
0.127,-4.917,10.128
-0.237,-2.921,8.238
0.711,-2.747,6.017
0.699,-3.452,6.017
1.297,-4.158,6.86
0.926,-3.998,6.142
1.785,-4.118,6.316
1.821,-3.555,6.369
-0.998,-3.902,6.039
0.443,-3.4,4.919
0.457,-3.512,7.005
-0.187,-4.5,6.508
-0.285,-5.429,6.02
0.23,-5.783,4.814
4.28,-8.587,9.049
2.211,-9.417,7.498
-2.536,-7.45,6.295
-0.297,-5.618,5.898
-1.311,-5.69,6.108
-1.998,-5.63,6.472
-1.156,-6.539,7.852
-2.531,-7.319,7.264
-2.175,-6.281,7.039
-2.926,-5.704,6.714
-3.933,-5.663,5.489
-2.591,-4.259,6.618
-2.275,-2.857,7.403
-4.077,-4.012,7.343
-5.429,-2.979,6.338
-5.099,-2.022,6.527
-3.799,-1.792,4.864
-4.333,-0.56,5.175
-6.881,-0.938,5.914
-8.415,-0.502,6.266
-7.79,1.369,5.139
-5.63,1.28,2.314
-6.56,-0.622,-4.589
-9.46,3.077,-5.599
-16.334,2.144,-0.196
-17.162,2.151,-2.907
-13.413,-1.053,-6.845
-19.708,-0.569,-7.259
-25.766,0.593,-11.381
-24.263,-6.137,-9.714
-26.364,-7.915,-9.453
-28.398,0.907,-9.07
-26.641,-12.023,-5.053
-26.402,-12.717,-7.907
-23.33,-13.071,2.527
-21.009,-1.455,0.933
-22.854,-2.651,4.273
-14.451,-5.558,-1.641
-21.646,-12.982,-2.871
-18.782,-7.958,6.089
-20.966,-2.522,1.694
-10.712,-1.68,-4.587
-16.308,-0.263,-9.161
-11.307,0.273,2.96
-17.42,-1.794,0.091
-13.635,0.593,0.739
-5.245,9.393,-5.063
-15.822,-2.452,-3.732
-11.391,0.665,-0.112
-11.726,5.591,2.263
-13.231,1.689,-0.907
-9.324,2.589,4.68
-12.269,10.322,7.027
-13.784,9.891,9.482
-18.763,15.339,8.372
-10.719,9.515,7.886
-13.607,1.83,3.036
-19.471,-3.062,0.333
-22.954,-3.642,-0.445
-21.342,-5.993,-2.091
-20.945,-3.869,-6.383
-19.452,-1.026,-6.271
-17.774,-1.077,-6.34
-20.122,-2.405,-7.113
-23.84,0.244,-6.455
-24.352,0.474,-7.685
-22.732,-0.122,-8.843
-21.452,1.572,-10.054
-16.337,4.094,-8.845
-12.528,5.735,-6.97
-6.924,0.943,-2.912
-9.204,3.742,-7.498
-9.613,3.35,-10.209
-8.865,4.199,-8.774
-8.654,3.606,-11.896
-7.812,9.243,-16.36
-4.467,4.639,-20.72
-49.112,-12.128,22.667
-12.202,7.245,-2.625
-5.379,11.035,6.046
-6.651,8.527,5.529
-2.433,5.723,3.039
-6.692,0.12,10.539
-8.467,7.539,16.38
-9.29,5.888,15.028
-8.388,4.938,16.224
-6.958,-0.115,16.332
-13.808,5.816,4.833
-6.477,2.467,13.578
-1.294,-5.182,15.226
2.089,-3.29,20.739
-1.373,-5.876,17.935
-3.603,-3.366,17.64
-3.283,1.589,16.296
-1.715,-0.254,12.583
-0.34,-0.445,11.405
-0.172,-1.553,9.841
-1.17,-3.692,10.999
0.182,-2.376,8.446
-0.586,-1.593,6.826
1.103,-1.153,6.12
1.007,-2.259,7.01
0.191,-1.952,7.391
0.861,-2.445,5.639
0.761,-3.242,6.714
1.199,-3.359,7.144
0.878,-2.464,7.69
0.802,-3.917,6.738
-0.072,-4.345,6.855
-0.301,-3.445,5.661
0.593,-3.347,5.91
0.835,-3.907,7.3
-1.148,-4.859,4.718
-1.759,-5.812,6.807
0.177,-6.733,6.627
-0.077,-5.67,6.032
-1.041,-6.52,7.302
-0.761,-7.233,7.68
1.39,-8.53,7.678
-1.747,-7.611,6.429
-1.51,-6.721,5.886
-2.33,-5.785,6.503
-2.979,-6.367,7.965
-3.68,-5.326,8.266
-3.369,-3.728,8.113
-1.835,-2.397,7.147
-2.505,-2.687,6.74
-3.378,-2.512,6.158
-5.812,-0.754,7.206
-5.742,-1.397,6.474
-6.233,2.146,6.438
-7.364,1.192,4.407
-6.797,0.665,3.905
-5.972,2.149,3.584
-6.907,2.57,3.196
-11.128,3.51,1.421
-9.551,4.503,-0.316
-12.733,2.306,-2.653
-16.238,-1.718,-2.993
-18.495,4.137,-3.369
-19.253,-1.869,-4.744
-22.627,-8.719,-13.961
-24.457,-12.764,-13.525
-27.756,-6.379,-8.441
-30.907,-3.723,-7.561
-25.388,-11.618,-8.625
-30.941,-14.088,-5.962
-24.679,-13.418,-0.306
-23.667,5.17,3.732
-18.313,0.72,0.223
-20.768,-4.264,-2.759
-18.741,-16.633,-0.146
-19.028,-3.921,2.68
-24.73,-4.036,4.264
-12.2,-0.51,-0.416
-14.841,-5.496,-6.694
-16.348,-5.314,-4.548
-15.805,-1.055,-1.074
-18.303,8.096,0.507
-11.755,5.575,0.239
-15.741,1.373,-1.067
-10.08,-1.254,-1.074
-11.743,4.622,1.239
-15.04,6.723,0.627
-10.53,0.605,2.976
-12.865,6.34,7.111
-15.901,2.548,3.496
-13.209,-1.821,5.457
-19.813,5.465,3.962
-20.531,1.397,1.933
-18.37,-3.61,0.165
-17.526,-5.003,-2.376
-15.805,-3.792,-4.182
-16.961,-5.716,-6.051
-16.54,-3.256,-7.879
-16.157,-0.392,-6.824
-21.306,1.921,-5.766
-16.413,2.976,-6.606
-16.408,3.974,-5.343
-17.133,2.649,-5.668
-10.276,3.319,-4.658
-9.156,3.4,-4.644
-9.786,5.584,-5.434
-8.207,3.845,-3.996
-6.154,3.084,-5.56
-8.381,3.972,-8.331
-9.824,5.022,-8.752
-6.41,6.814,-8.754
-5.158,4.814,-11.324
-6.297,2.979,-12.499
-47.029,17.786,25.885
-7.147,14.358,6.69
-9.984,8.597,9.96
-1.294,8.589,7.738
-8.376,7.527,10.554
-9.331,1.775,8.699
-1.409,1.617,16.822
-3.309,7.979,16.566
-9.9,5.245,18.655
-7.788,0.208,14.025
-5.613,7.721,17.387
-5.467,6.434,11.925
-4.644,0.043,12.939
-2.208,2.67,13.508
-2.388,1.55,15.083
-0.976,2.177,13.516
-2.687,2.426,13.116
-1.983,2.091,10.826
-1.5,2.247,10.724
-0.924,2.55,9.527
-0.818,1.335,8.482
-0.816,2.366,9.484
-0.431,1.622,10.02
-0.823,1.787,9.666
-0.045,0.909,8.496
-1.979,0.845,7.558
-1.163,0.287,9.963
1.448,2.474,8.931
0.624,2.517,8.979
1.639,4.304,7.357
1.754,2.522,6.338
-0.794,2.716,4.941
-6.101,1.201,4.802
-1.646,2.594,6.022
-9.104,2.232,7.175
-5.178,-0.165,16.442
-3.07,-0.519,14.944
1.266,3.986,10.999
3.268,7.884,4.658
7.139,6.515,0.825
3.754,-1.361,7.817
4.249,0.943,14.389
0.72,3.778,16.155
4.039,8.692,0.871
1.464,6.592,8.266
0.519,1.05,14.607
3.01,6.615,7.848
3.354,4.73,7.068
4.608,0.995,8.953
4.326,3.62,8.388
3.589,5.637,8.35
4.419,3.508,8.242
4.051,3.759,8.001
4.177,4.161,7.967
4.986,3.764,7.845
3.601,5.783,7.721
3.771,4.0,7.711
4.477,3.577,7.943
4.414,3.845,8.104
4.309,3.807,7.735
4.01,4.555,8.104
4.354,3.211,8.13
3.821,4.328,8.12
3.541,4.773,9.113
2.914,3.024,8.625
4.228,5.3,8.427
3.168,3.673,8.379
0.617,6.426,10.372
2.972,4.634,10.171
2.433,6.345,11.226
1.333,5.199,12.863
2.302,5.467,12.977
2.684,5.273,12.709
3.06,3.187,12.396
6.072,5.847,13.626
7.539,5.051,12.207
8.367,4.493,10.346
10.977,5.52,10.59
11.169,3.491,9.228
9.898,3.144,7.951
10.212,2.182,5.178
8.821,0.196,4.276
5.587,2.0,6.063
6.106,0.746,5.589
7.008,1.359,5.596
5.364,1.543,6.656
4.424,1.402,6.68
4.364,1.201,5.857
4.733,1.093,5.685
4.484,0.88,4.917
3.113,0.447,6.022
2.644,1.629,5.8
1.967,1.426,5.613
1.0,0.849,5.989
0.933,2.424,6.46
1.708,2.306,6.604
0.821,1.055,6.577
-1.117,1.144,8.154
-1.682,2.474,8.843
-1.177,4.204,8.742
-0.854,5.584,7.745
-1.73,4.304,8.192
-2.78,4.0,9.219
-2.058,5.967,8.625
-1.017,6.812,8.195
-1.715,6.245,8.542
-2.555,5.419,8.398
-2.096,4.785,7.132
-1.371,4.029,6.828
-1.024,7.261,7.785
-1.211,6.24,7.752
-2.055,5.386,6.319
-2.376,4.524,5.713
-2.07,4.237,7.372
-2.613,6.254,7.738
-3.455,5.931,7.025
-3.5,5.991,5.737
-2.823,5.256,5.704
-3.857,4.515,6.412
-4.352,4.376,6.644
-4.441,4.804,7.458
-8.9,17.114,15.451
-11.216,12.496,14.664
-5.39,0.275,4.326
-1.215,-0.512,1.223
-2.929,4.328,8.362
-6.211,9.518,12.272
-1.735,10.757,9.924
-4.766,5.489,5.345
-6.247,1.117,8.283
-4.733,4.175,8.403
-4.721,3.665,8.039
-8.271,3.249,6.426
-10.013,-4.13,8.324
-11.281,3.914,13.305
-5.936,1.395,8.644
-4.876,-0.502,8.439
-5.072,1.981,7.91
-5.333,3.787,8.108
-4.634,3.29,6.809
-4.673,2.555,8.632
-4.814,3.216,9.039
-4.103,1.302,9.649
-3.273,3.625,10.881
-4.888,3.63,8.101
-4.84,3.998,5.984
-2.73,4.46,6.596
-0.057,12.039,11.702
-3.151,0.723,8.506
-3.886,2.11,8.905
-3.218,5.522,10.377
-4.668,2.4,9.527
-3.543,2.754,8.41
-3.895,3.845,7.45
-3.228,6.264,6.907
-2.529,7.132,6.458
-3.948,7.142,7.06
-4.35,5.142,7.221
-4.486,4.381,7.601
-4.163,4.654,6.977
-5.649,5.673,6.283
-4.936,5.362,7.948
-3.371,6.053,9.135
-4.663,3.577,7.297
-4.048,4.13,8.053
-4.646,4.024,7.986
-4.417,2.799,8.635
-7.276,3.263,7.946
-5.941,7.386,6.348
-4.802,3.053,7.159
-5.776,4.118,6.986
-6.154,3.45,7.168
-6.369,2.646,8.113
-5.491,3.058,7.484
-6.455,1.235,8.63
-5.132,3.632,7.606
-5.721,3.723,8.037
-4.465,2.371,8.881
-4.187,2.113,5.347
-6.953,-0.347,8.635
-5.096,1.632,8.046
-6.357,1.041,8.553
-4.314,-1.01,9.274
-3.687,-1.512,8.233
-4.266,-0.89,9.633
-3.488,-0.495,9.214
-4.311,0.177,9.9
2.079,0.249,8.833
0.34,-1.005,8.905
-1.924,0.718,10.441
-1.775,-0.744,8.077
-2.826,0.72,9.714
-5.687,2.792,10.798
-4.654,1.663,10.228
-3.675,0.412,9.611
-2.132,0.237,9.164
-2.955,0.275,9.563
-3.728,-0.371,9.467
-3.319,0.301,9.307
-2.658,0.234,9.405
-3.254,0.081,9.647
-3.979,0.129,9.57
-3.795,0.309,9.79
-3.187,0.904,8.809
-2.955,1.048,8.518
-3.151,1.337,9.755
-1.019,1.127,8.63
-2.323,0.301,9.372
-4.529,0.859,9.168
-5.527,0.584,10.795
-3.68,4.302,8.168
-3.094,1.488,9.477
-4.335,0.555,9.908
-4.723,1.512,9.47
-3.299,0.809,7.998
-4.642,1.981,8.537
-3.976,1.254,8.766
-5.209,0.175,9.106
-5.175,0.134,9.211
-4.864,0.833,8.195
-4.945,1.727,9.415
-3.18,0.591,8.171
-3.711,1.555,8.561
-8.527,2.924,8.046
-3.799,-0.356,8.006
-4.8,0.888,8.333
-4.67,1.125,8.68
-4.869,1.156,8.675
-4.783,0.861,8.549
-4.39,0.672,8.489
-4.802,0.529,8.731
-4.311,0.565,8.764
-4.541,0.675,8.699
-4.807,0.452,8.831
-4.663,0.232,8.415
-4.996,0.165,8.848
-4.962,0.33,7.965
-4.948,0.144,8.946
-8.242,0.426,8.592
-4.807,-0.376,8.582
-4.692,-0.072,9.065
-4.723,-0.022,8.795
-4.838,-0.309,8.64
-4.733,-0.251,8.817
-4.773,-0.457,8.833
-4.414,-0.354,8.829
-4.74,-0.254,9.166
-4.74,-0.507,8.891
-4.725,-0.426,8.853
-4.797,-0.742,8.745
-4.713,-0.785,8.843
-4.744,-0.804,8.774
-4.711,-1.16,8.477
-4.924,-1.117,8.573
-4.725,-0.967,9.104
-4.649,-0.952,8.841
-4.728,-0.806,8.845
-4.756,-0.684,8.862
-4.802,-0.526,8.798
-4.859,-0.445,8.908
-4.835,-0.45,8.549
-4.835,-0.632,8.644
-4.886,-0.524,8.848
-4.936,-0.395,8.9
-4.835,-0.641,8.719
-4.804,-0.696,8.774
-4.797,-0.699,8.659
-4.807,-0.73,8.637
-4.974,-0.943,8.604
-4.876,-0.754,8.673
-5.072,-0.708,8.647
-5.101,-0.778,8.668
-4.936,-0.95,8.532
-4.883,-0.914,8.597
-4.933,-0.811,8.666
-4.912,-0.737,8.673
-4.919,-0.83,8.656
-5.0,-0.804,8.611
-5.17,-0.682,8.51
-5.168,-0.811,8.518
-5.06,-0.89,8.563
-5.151,-1.098,8.841
-5.022,-0.828,8.582
-4.984,-0.679,8.57
-5.111,-0.912,8.618
-4.974,-0.916,8.606
-5.034,-1.127,8.577
-4.974,-1.077,8.553
-4.8,-1.058,8.496
-4.759,-1.105,8.747
-4.986,-1.141,8.668
-5.015,-0.926,8.518
-5.039,-0.837,8.568
-4.85,-0.928,8.654
-4.914,-0.924,8.616
-5.041,-0.854,8.661
-4.888,-0.773,8.795
-4.945,-0.904,8.577
-4.893,-0.854,8.675
-4.905,-0.919,8.771
-5.015,-0.847,8.731
-4.936,-0.967,8.666
-4.855,-1.079,8.647
-4.847,-0.967,8.731
-4.831,-1.024,8.649
-4.965,-0.897,8.647
-5.046,-0.89,8.623
-5.044,-0.859,8.592
-4.914,-0.859,8.606
-4.807,-0.852,8.707
-4.981,-0.885,8.649
-4.89,-0.854,8.666
-4.926,-0.897,8.678
-4.85,-0.876,8.63
-4.919,-0.924,8.62
-4.953,-0.876,8.649
-4.902,-0.943,8.644
-4.847,-1.024,8.675
-4.788,-1.01,8.656
-4.697,-0.971,8.68
-4.742,-0.945,8.867
-4.886,-0.912,8.771
-4.73,-0.993,8.731
-4.656,-1.014,8.757
-4.584,-1.038,8.716
-4.783,-0.988,8.764
-4.74,-1.06,8.881
-4.847,-1.194,8.664
-4.984,-0.835,8.618
-4.867,-0.938,8.565
-4.835,-0.723,8.678
-4.78,-0.737,8.8
-4.783,-0.907,8.793
-4.78,-0.847,8.747
-4.766,-0.84,8.891
-4.788,-0.833,8.726
-5.323,-1.146,8.391
-4.67,-0.66,8.766
-4.883,-0.766,8.826
-4.965,-0.56,8.757
-5.008,-0.51,8.738
-4.941,-0.445,8.747
-4.752,-0.383,8.628
-4.634,-0.431,8.759
-4.735,-0.378,9.128
-5.01,-0.316,8.908
-5.149,-0.603,8.644
-4.773,-1.409,8.142
-4.374,-0.5,8.759
-4.429,-0.404,8.915
-4.567,-0.476,9.41
-4.965,-0.534,8.97
-4.905,-0.766,8.704
-3.072,0.543,7.953
-4.402,-0.132,8.874
-4.276,-0.141,8.838
-4.843,0.024,9.283
-4.917,-0.165,8.915
-4.9,-0.026,8.915
-4.716,-0.012,8.618
-4.677,-0.433,8.886
-4.043,-0.627,8.881
-4.802,-0.746,8.805
-5.151,-0.213,8.711
-5.067,-0.273,8.903
-4.314,-0.601,9.094
-4.388,-0.632,8.786
-4.735,-0.215,8.733
-4.914,-0.275,8.8
-4.642,-0.196,8.908
-4.517,0.287,9.027
-4.661,0.153,8.625
-4.567,-0.17,8.68
-4.383,-0.467,8.924
-4.898,-0.586,8.742
-4.424,-0.543,9.07
-4.496,-0.72,8.683
-4.565,-0.656,8.855
-4.752,-0.407,8.915
-4.331,-0.29,9.154
-4.8,-0.45,8.8
-4.697,-0.428,8.69
-5.082,-0.325,8.503
-4.78,-0.223,8.989
-4.402,-0.191,8.998
-4.433,-0.337,8.879
-4.747,-0.474,8.711
-5.151,-0.591,8.948
-4.579,-0.366,8.764
-4.601,-0.065,9.006
-4.376,-0.266,9.219
-4.644,-0.739,8.709
-4.833,-0.711,8.489
-4.869,-0.457,8.74
-4.443,-0.349,9.142
-4.5,-0.452,8.879
-4.654,-0.519,8.68
-4.778,-0.555,8.616
-4.486,-0.459,8.946
-4.5,-0.443,9.061
-4.802,-0.67,8.721
-4.759,-0.668,8.683
-4.661,-0.723,8.783
-4.539,-0.658,8.807
-4.603,-0.514,8.874
-4.792,-0.481,9.07
-4.663,-0.586,8.831
-4.613,-0.603,8.841
-4.709,-0.713,8.666
-4.498,-0.541,8.9
-4.479,-0.639,8.917
-4.536,-0.732,8.97
-4.689,-0.892,8.625
-4.632,-0.988,8.766
-4.467,-0.813,8.884
-4.733,-0.828,8.857
-4.63,-0.871,8.843
-4.333,-0.89,8.905
-4.405,-0.9,8.972
-4.589,-0.864,8.709
-4.881,-0.809,8.704
-4.63,-0.735,8.759
-4.378,-0.806,9.077
-4.493,-0.888,8.91
-4.721,-0.971,8.807
-4.744,-0.9,8.687
-4.426,-0.986,8.855
-4.544,-0.914,8.905
-4.625,-0.904,8.742
-4.529,-0.797,8.996
-4.493,-0.677,8.96
-4.563,-0.739,8.79
-4.749,-0.885,8.683
-4.539,-0.83,8.764
-4.376,-0.77,8.922
-4.637,-0.613,8.776
-4.603,-0.761,8.994
-4.51,-0.902,8.845
-4.467,-0.797,8.829
-4.359,-0.732,9.044
-4.472,-0.708,8.958
-4.618,-0.756,8.807
-4.706,-0.761,8.79
-4.553,-0.675,8.972
-4.491,-0.866,8.814
-4.479,-0.926,8.874
-4.663,-0.957,8.891
-4.52,-0.94,8.845
-4.247,-0.955,9.027
-4.378,-0.928,9.001
-4.627,-0.878,8.74
-4.532,-0.78,8.742
-4.398,-0.617,8.972
-4.424,-0.634,9.097
-4.563,-0.593,8.891
-4.622,-0.854,8.788
-4.563,-1.081,8.888
-4.35,-1.019,9.075
-4.264,-1.031,8.855
-4.323,-0.979,8.982
-4.857,-1.177,8.802
-4.331,-0.706,8.762
-4.168,-0.72,9.204
-4.436,-0.569,9.07
-4.838,-0.72,9.087
-4.558,-1.019,8.807
-4.264,-1.098,8.821
-4.579,-0.988,8.475
-4.122,-0.739,9.231
-4.323,-0.672,9.489
-4.232,-0.758,8.936
-4.35,-0.694,9.089
-4.417,-0.723,9.176
-4.223,-0.706,9.293
-4.108,-0.653,9.128
-4.304,-0.215,9.367
-4.29,-0.663,8.807
-3.677,-1.325,9.398
-3.223,-1.187,8.719
-3.493,-1.237,8.74
-3.756,-1.278,9.568
-3.424,-1.304,9.056
-2.68,-1.404,8.623
-3.333,-1.476,9.764
-3.792,-1.562,9.18
-3.711,-1.546,8.958
-3.376,-1.723,8.47
-3.364,-1.208,9.781
-4.017,-0.981,9.254
-3.718,-1.074,9.487
-4.075,-1.337,10.29
-3.936,-1.761,10.336
-0.959,-2.16,7.049
-3.108,-1.792,8.02
-3.216,-1.792,9.109
-3.503,-2.022,9.664
-4.335,-2.117,9.077
-3.381,-2.18,9.266
-3.24,-1.881,9.848
-3.524,-1.723,9.381
-3.443,-1.979,9.262
-2.919,-1.838,8.376
-2.694,-1.943,9.563
-2.943,-2.036,8.924
-3.213,-1.771,9.034
-3.113,-1.395,9.097
-3.656,-1.517,9.764
-4.125,-1.653,9.113
-3.51,-1.646,9.307
-3.572,-1.708,9.288
-3.175,-1.732,8.843
-3.261,-1.409,9.104
-3.838,-1.708,8.967
-3.685,-1.885,9.097
-3.062,-1.799,8.939
-3.271,-1.718,9.128
-3.665,-0.579,9.348
-4.008,-4.139,10.934
-4.103,-9.788,3.299
-4.625,5.694,16.906
-4.572,2.094,12.987
-3.993,-1.235,8.398
-4.098,-0.864,8.372
-3.768,-0.72,8.975
-4.046,-0.871,9.441
-4.599,-1.103,9.166
-3.993,-1.522,9.214
-3.278,-2.022,9.527
-3.314,-2.07,8.982
-3.304,-1.902,9.044
-3.51,-1.247,9.333
-3.893,-0.852,9.233
-4.374,-1.014,9.13
-4.216,-1.311,9.235
-4.374,-1.314,9.07
-4.79,-1.404,7.984
-4.163,-1.462,8.929
-4.091,-1.428,8.967
-4.182,-1.512,8.881
-4.161,-1.443,8.862
-4.127,-1.335,8.953
-4.254,-1.361,9.044
-4.072,-1.407,9.013
-4.108,-1.383,8.953
-4.194,-1.409,8.874
-4.474,-2.139,9.276
-4.417,-1.725,9.082
-4.264,-1.462,9.176
-4.206,-1.187,9.343
-4.252,-1.213,9.154
-3.893,-1.404,8.446
-4.331,-1.402,8.632
-4.29,-1.44,8.666
-4.299,-1.309,8.908
-4.043,-1.11,9.3
-3.819,-1.014,9.254
-3.819,-1.12,9.164
-3.986,-1.282,8.891
-4.187,-1.402,8.841
-4.151,-1.409,9.123
-3.976,-1.345,9.176
-3.96,-1.498,9.075
-3.895,-1.541,9.034
-3.876,-1.56,8.963
-4.228,-1.558,8.936
-4.395,-1.608,9.53
-4.185,-1.5,9.245
-4.17,-1.414,8.979
-3.974,-1.424,9.042
-4.345,-1.333,8.762
-4.24,-1.416,9.08
-3.787,-1.428,9.025
-3.787,-1.172,8.477
-4.441,-1.354,9.099
-4.177,-1.385,9.061
-4.223,-1.302,9.085
-3.943,-1.28,9.008
-4.165,-1.266,9.14
-4.146,-1.278,8.831
-4.376,-1.323,8.97
-4.211,-1.369,9.022
-3.955,-1.39,9.063
-3.842,-1.385,9.116
-3.919,-1.498,8.989
-4.106,-1.467,8.996
-4.084,-1.455,8.872
-4.254,-1.438,8.967
-4.127,-1.414,9.147
-3.893,-1.285,8.967
-3.871,-1.196,9.015
-4.029,-1.189,9.027
-4.173,-1.144,9.02
-4.376,-1.17,9.152
-4.075,-1.144,9.063
-4.046,-1.223,9.03
-3.917,-1.342,9.075
-4.189,-1.431,9.058
-4.053,-1.412,8.857
-4.115,-1.421,8.805
-3.986,-1.428,9.178
-4.785,-1.146,9.46
-3.33,-1.275,8.085
-3.9,-0.699,8.154
-3.402,-1.086,8.458
-4.603,-1.089,9.082
-4.316,-1.117,9.01
-4.575,-1.105,9.073
-4.218,-0.947,8.845
-4.316,-0.318,8.46
-4.304,-0.904,8.975
-4.768,-1.354,9.178
-4.831,-1.495,9.056
-4.259,-1.34,8.86
-4.421,-1.227,8.764
-4.29,-1.041,8.659
-4.579,-0.9,8.786
-4.8,-1.05,8.613
-4.673,-1.247,8.836
-4.704,-0.825,8.836
-4.477,-0.947,8.809
-4.644,-0.9,8.764
-4.78,-1.244,8.915
-4.737,-1.12,8.795
-4.335,-0.883,8.632
-4.582,-0.672,8.798
-4.496,-1.091,9.101
-4.515,-1.079,8.745
-4.565,-1.113,8.759
-4.572,-1.096,8.659
-4.685,-0.916,8.769
-4.826,-1.007,8.819
-4.828,-0.979,8.74
-4.878,-0.974,8.745
-4.855,-0.313,9.542
-5.197,-0.541,9.372
-4.704,-0.964,8.798
-4.78,-1.254,8.843
-5.163,-1.481,8.501
-4.563,-1.141,8.654
-4.548,-1.184,9.159
-4.553,-0.947,8.869
-4.558,-1.182,8.802
-5.371,-1.859,8.862
-5.132,-1.342,8.527
-4.493,-0.29,8.465
-4.218,-0.845,9.065
-4.484,-0.51,8.975
-4.644,-0.95,8.735
-4.783,-1.005,8.75
-4.591,-0.945,8.699
-4.359,-0.816,8.805
-4.288,-0.924,8.809
-4.685,-0.983,8.829
-4.838,-1.079,8.798
-4.74,-1.148,8.869
-4.477,-1.122,8.963
-4.393,-1.002,8.939
-4.577,-0.821,8.702
-4.788,-1.046,8.778
-4.838,-0.938,8.8
-4.673,-0.821,8.857
-4.486,-0.713,8.829
-4.544,-1.069,8.953
-4.692,-0.546,8.829
-4.761,-0.89,8.766
-4.584,-0.816,8.673
-4.843,-0.897,8.766
-4.713,-1.0,8.824
-4.632,-1.007,8.843
-4.618,-0.976,8.687
-4.601,-1.072,8.802
-4.728,-1.046,8.709
-4.637,-1.093,8.625
-4.965,-0.842,8.781
-4.766,-0.926,8.809
-4.654,-0.811,8.795
-4.819,-0.969,8.754
-4.912,-0.878,8.647
-4.809,-0.924,8.726
-4.869,-0.842,8.757
-7.845,0.263,6.735
-4.053,-1.51,8.991
-4.862,-1.072,8.893
-4.347,-1.543,8.951
-4.237,-0.971,8.69
-4.352,-0.866,8.764
-4.433,-1.024,8.781
-4.912,-1.113,8.996
-5.015,-1.349,8.915
-5.941,-0.361,8.764
-2.79,-1.814,8.738
-5.345,-0.39,8.817
-4.919,-1.457,8.848
-4.941,-0.495,8.812
-4.886,-1.483,8.747
-4.567,-0.84,8.652
-4.73,-0.88,8.661
-4.565,-0.682,8.965
-4.335,-0.952,9.176
-4.637,-0.318,9.065
-4.658,-0.658,8.91
-4.295,-0.735,8.671
-4.941,-0.651,8.589
-4.144,-1.278,8.929
-4.058,-1.325,9.135
-4.723,-0.861,8.955
-4.433,-1.134,8.984
-4.096,-0.883,8.872
-3.895,-0.835,8.97
-4.496,-0.773,8.991
-4.718,-1.823,9.427
-4.716,-1.515,9.245
-3.646,-0.45,9.065
-2.469,2.06,8.565
-2.572,-0.261,9.132
-2.862,-2.716,9.503
-3.591,-1.811,9.231
-3.89,-0.947,9.097
-3.405,-1.11,9.357
-3.103,-1.153,9.3
-3.342,-0.825,9.254
-3.565,-0.88,9.396
-3.34,-1.158,9.305
-3.46,-1.117,9.288
-3.637,-0.644,9.154
-3.924,0.0,9.391
-3.766,-0.115,9.302
-3.45,-0.864,9.247
-3.531,-1.352,9.298
-3.452,-1.383,9.266
-3.086,-1.158,9.826
-3.292,-0.919,9.336
-3.397,-0.809,9.326
-3.519,-0.768,9.362
-3.479,-1.012,9.355
-3.335,-1.29,9.049
-3.151,-1.113,9.247
-3.11,-1.038,9.341
-3.378,-0.912,9.278
-3.503,-0.72,9.398
-3.366,-0.782,9.412
-3.29,-0.991,9.276
-3.039,-1.081,9.487
-3.268,-1.089,9.451
-3.366,-0.979,9.386
-3.333,-0.959,9.36
-3.28,-1.029,9.343
-3.397,-0.94,9.42
-3.481,-1.132,9.293
-3.101,-1.046,9.499
-3.077,-1.034,9.367
-3.216,-1.05,9.408
-3.357,-1.086,9.453
-3.297,-1.235,9.4
-3.027,-1.139,9.164
-3.649,-1.069,9.29
-3.943,-1.058,9.534
-3.24,-0.816,9.561
-2.328,-0.94,9.441
-2.835,-0.78,9.436
-3.742,-0.804,9.896
-3.886,-1.017,9.393
-3.235,-1.17,9.269
-3.089,-1.203,9.365
-3.149,-1.285,9.24
-3.278,-1.304,9.386
-3.263,-0.991,9.365
-3.402,-0.646,9.36
-3.388,-0.593,9.384
-3.247,-1.019,9.207
-3.314,-1.371,9.439
-3.127,-1.287,9.221
-3.249,-0.962,9.317
-3.393,-0.768,9.357
-3.295,-0.895,9.362
-3.275,-0.993,9.384
-3.189,-1.01,9.362
-3.292,-1.002,9.381
-3.232,-1.024,9.374
-3.163,-1.05,9.343
-3.266,-1.06,9.391
-3.376,-0.943,9.41
-3.338,-0.935,9.415
-3.194,-0.979,9.396
-3.158,-1.096,9.379
-3.225,-1.261,9.317
-3.23,-1.148,9.412
-3.153,-0.818,9.223
-3.362,-0.761,9.537
-3.479,-0.928,9.52
-3.185,-1.108,9.362
-3.244,-1.254,9.326
-3.452,-1.113,9.357
-3.34,-0.947,9.403
-3.189,-1.136,9.336
-3.165,-1.237,9.336
-3.345,-1.235,9.446
-3.316,-1.048,9.427
-3.271,-0.859,9.381
-3.235,-0.806,9.36
-3.338,-0.919,9.331
-3.388,-1.01,9.343
-3.417,-1.031,9.403
-3.273,-0.909,9.396
-3.146,-0.947,9.372
-3.194,-1.055,9.348
-3.347,-1.01,9.398
-3.421,-0.845,9.412
-3.321,-0.77,9.4
-3.287,-0.955,9.353
-3.302,-1.165,9.357
-3.333,-1.139,9.611
-3.12,-1.208,9.487
-3.074,-1.091,9.278
-3.292,-0.938,9.333
-3.39,-0.883,9.398
-3.252,-0.993,9.4
-3.094,-1.129,9.501
-3.098,-1.022,9.341
-3.254,-0.914,9.451
-3.285,-0.869,9.412
-3.342,-0.866,9.415
-3.271,-0.84,9.326
-3.261,-0.797,9.432
-3.232,-0.854,9.417
-3.213,-0.885,9.417
-3.22,-0.931,9.444
-3.168,-0.919,9.503
-3.261,-0.895,9.702
-3.462,-0.845,9.479
-3.441,-0.888,9.448
-3.211,-0.818,9.398
-3.094,-0.95,9.381
-3.28,-0.928,9.436
-3.441,-0.852,9.415
-3.302,-0.742,9.403
-3.161,-0.849,9.463
-3.149,-1.029,9.4
-3.34,-1.244,9.391
-3.448,-1.069,9.436
-3.364,-0.907,9.367
-3.062,-0.706,9.264
-2.943,-0.916,9.513
-3.144,-1.297,9.405
-3.33,-1.325,9.434
-3.307,-0.859,9.288
-3.311,-0.933,9.331
-3.223,-1.002,9.4
-3.106,-1.235,9.369
-3.204,-1.132,9.398
-3.335,-1.034,9.178
-3.534,-0.672,9.209
-3.421,-0.79,9.365
-3.103,-1.034,9.439
-3.115,-1.084,9.329
-3.371,-1.077,9.36
-3.457,-1.012,9.479
-3.287,-0.916,9.501
-3.271,-0.689,9.532
-3.094,-0.916,9.374
-3.187,-1.144,9.417
-3.323,-1.29,9.432
-3.366,-1.053,9.355
-3.254,-0.689,9.405
-3.199,-0.744,9.381
-3.194,-0.988,9.417
-3.261,-1.16,9.451
-3.252,-1.086,9.381
-3.292,-0.883,9.415
-3.266,-0.725,9.439
-3.247,-0.758,9.41
-3.201,-0.964,9.396
-3.242,-1.172,9.427
-3.261,-1.067,9.46
-3.254,-0.883,9.427
-3.275,-0.802,9.377
-3.268,-0.988,9.429
-3.204,-1.11,9.355
-3.347,-1.05,9.353
-3.311,-0.825,9.42
-3.177,-0.718,9.391
-3.134,-0.792,9.448
-3.218,-0.931,9.434
-3.34,-1.031,9.367
-3.354,-0.94,9.482
-3.252,-0.835,9.42
-3.194,-0.751,9.41
-3.196,-0.849,9.415
-3.237,-1.007,9.405
-3.263,-1.105,9.403
-2.728,-0.933,9.204
-3.424,-0.84,9.388
-3.362,-0.818,9.379
-3.232,-0.864,9.446
-3.173,-0.959,9.472
-3.134,-1.019,9.451
-3.228,-0.871,9.403
-3.45,-0.787,9.408
-3.323,-0.914,9.415
-3.242,-1.122,9.35
-3.168,-1.086,9.455
-3.086,-0.88,9.439
-3.094,-0.775,9.508
-3.187,-0.802,9.436
-3.33,-0.852,9.436
-3.28,-0.974,9.422
-3.127,-1.06,9.302
-2.945,-0.909,9.271
-3.163,-0.866,9.496
-3.232,-0.723,9.434
-3.185,-0.78,9.427
-3.139,-0.84,9.489
-3.263,-0.883,9.362
-3.39,-0.89,9.357
-3.393,-0.902,9.336
-3.218,-0.935,9.424
-3.106,-0.883,9.345
-3.177,-0.701,9.343
-3.326,-0.735,9.434
-3.345,-1.12,9.42
-3.153,-1.134,9.305
-3.058,-1.029,9.408
-2.926,-0.754,9.298
-3.115,-0.723,9.424
-3.106,-0.682,9.534
-3.395,-0.79,9.434
-3.228,-0.94,9.439
-3.266,-0.969,9.503
-3.158,-0.816,9.439
-3.144,-0.931,9.499
-3.036,-0.744,9.561
-3.01,-0.531,9.353
-3.237,-0.4,9.369
-3.491,-0.5,9.455
-3.335,-0.842,9.446
-3.089,-0.931,9.377
-3.01,-0.993,9.386
-3.127,-0.787,9.446
-3.496,-0.445,9.475
-3.35,-0.538,9.451
-3.024,-0.627,9.484
-3.043,-0.974,9.341
-3.29,-0.723,9.427
-3.374,-0.641,9.386
-3.287,-0.572,9.355
-2.871,-0.727,9.628
-2.838,-0.696,9.463
-3.194,-0.581,9.491
-3.287,-0.658,9.444
-3.106,-0.785,9.444
-3.115,-0.792,9.451
-3.237,-0.787,9.46
-3.132,-0.713,9.446
-3.055,-0.67,9.424
-3.062,-0.763,9.46
-3.196,-0.818,9.388
-3.283,-0.749,9.46
-3.173,-0.596,9.513
-3.012,-0.464,9.496
-3.204,-0.557,9.575
-3.457,-0.861,9.616
-3.029,-1.081,9.286
-3.062,-0.794,9.41
-3.163,-0.366,9.42
-3.149,-0.395,9.477
-3.098,-0.79,9.51
-3.086,-0.909,9.432
-3.187,-0.782,9.472
-3.139,-0.62,9.482
-2.866,-0.897,9.458
-3.012,-0.935,9.4
-3.309,-0.641,9.458
-3.249,-0.455,9.573
-2.979,-0.756,9.451
-2.962,-0.983,9.487
-3.194,-0.928,9.458
-3.158,-0.632,9.467
-3.192,-0.613,9.527
-3.091,-0.675,9.494
-2.873,-0.605,9.585
-3.024,-0.512,9.513
-3.096,-0.636,9.439
-3.048,-0.782,9.496
-3.278,-0.821,9.503
-3.065,-0.679,9.501
-2.912,-0.778,9.451
-3.201,-0.787,9.417
-3.299,-0.828,9.472
-3.098,-0.756,9.496
-3.019,-0.782,9.393
-3.158,-0.797,9.444
-3.216,-0.711,9.475
-3.125,-0.622,9.398
-2.962,-0.703,9.427
-3.125,-0.84,9.348
-3.285,-0.833,9.482
-3.139,-0.577,9.451
-2.945,-0.455,9.422
-3.029,-0.615,9.46
-3.23,-0.837,9.455
-3.247,-0.679,9.434
-2.993,-0.474,9.429
-2.926,-0.615,9.448
-3.225,-0.816,9.522
-3.28,-0.802,9.384
-3.261,-0.584,9.484
-2.909,-0.569,9.477
-2.909,-0.79,9.345
-3.271,-0.758,9.465
-3.273,-0.658,9.484
-2.95,-0.629,9.42
-3.077,-0.684,9.487
-3.158,-0.636,9.52
-3.082,-0.66,9.489
-3.108,-0.579,9.448
-3.103,-0.546,9.417
-3.141,-0.546,9.46
-3.189,-0.653,9.487
-3.113,-0.72,9.448
-3.003,-0.656,9.577
-3.007,-0.658,9.415
-3.23,-0.522,9.494
-3.218,-0.445,9.52
-3.017,-0.629,9.453
-2.991,-0.883,9.432
-3.232,-0.742,9.546
-3.103,-0.505,9.475
-3.034,-0.51,9.429
-3.07,-0.644,9.52
-3.139,-0.672,9.52
-3.055,-0.646,9.47
-3.027,-0.672,9.463
-3.125,-0.744,9.477
-3.149,-0.629,9.448
-3.055,-0.488,9.477
-3.103,-0.474,9.477
-3.158,-0.562,9.51
-3.034,-0.782,9.455
-3.07,-0.835,9.494
-3.139,-0.751,9.446
-3.096,-0.641,9.566
-2.991,-0.56,9.465
-3.091,-0.536,9.489
-3.252,-0.644,9.51
-3.158,-0.797,9.537
-3.022,-0.813,9.609
-2.952,-0.675,9.501
-3.053,-0.546,9.465
-3.271,-0.526,9.52
-3.048,-0.596,9.53
-2.907,-0.758,9.711
-3.118,-0.696,9.544
-3.125,-0.536,9.491
-3.029,-0.598,9.496
-2.986,-0.797,9.487
-3.094,-0.715,9.47
-3.127,-0.62,9.434
-3.074,-0.55,9.537
-3.048,-0.773,9.446
-3.098,-0.864,9.51
-3.077,-0.701,9.453
-3.082,-0.67,9.499
-3.043,-0.67,9.697
-2.964,-0.589,9.542
-3.103,-0.553,9.436
-3.122,-0.656,9.46
-2.991,-0.754,9.499
-2.89,-0.792,9.412
-3.039,-1.05,9.501
-3.271,-0.914,9.293
-3.319,-0.567,9.556
-3.029,-0.191,9.444
-2.926,-0.347,9.546
-3.158,-0.897,9.496
-3.139,-1.302,9.714
-2.979,-0.988,9.393
-2.948,-0.718,9.439
-3.153,-0.596,9.544
-3.082,-0.603,9.501
-3.034,-0.723,9.47
-3.189,-0.995,9.549
-3.185,-1.163,9.482
-2.972,-0.864,9.532
-2.897,-0.517,9.515
-3.139,-0.514,9.422
-3.268,-0.892,9.463
-3.17,-1.127,9.451
-3.158,-1.002,9.417
-3.168,-0.663,9.539
-2.938,-0.359,9.558
-2.543,-0.926,9.489
-2.914,-1.297,9.522
-3.67,-0.713,9.676
-3.139,-0.28,9.451
-2.89,-0.663,9.47
-2.95,-0.892,9.518
-3.132,-0.852,9.534
-2.988,-0.349,9.429
-2.998,-0.679,9.441
-3.213,-0.904,9.537
-3.005,-0.813,9.453
-2.96,-0.675,9.47
-3.199,-0.706,9.434
-3.295,-0.474,9.367
-2.895,-0.469,9.446
-2.814,-0.668,9.491
-3.158,-0.84,9.475
-3.263,-0.61,9.563
-3.022,-0.45,9.532
-2.905,-0.505,9.427
-2.718,-0.816,9.393
-2.998,-1.122,9.479
-3.232,-1.091,9.494
-3.027,-0.644,9.441
-3.094,-0.112,9.508
-3.146,-0.165,9.499
-2.759,-1.115,9.499
-2.699,-1.809,9.444
-3.005,-1.696,9.484
-3.187,-0.01,9.324
-3.295,0.869,9.525
-2.885,-0.069,9.625
-2.962,-1.034,9.372
-3.204,-1.254,9.441
-3.51,-0.364,9.568
0.301,18.007,-0.28
0.462,-1.455,5.008
-5.0,-2.986,9.18
-5.079,-3.627,11.525
-3.531,-1.768,10.508
-3.321,11.671,3.292
-3.278,0.467,6.359
-7.86,-4.477,9.726
-3.955,-4.223,9.795
-5.407,0.775,7.19
-5.012,-0.34,10.034
0.342,1.23,8.496
-4.965,0.062,9.156
-2.795,1.897,6.938
-4.043,-1.148,7.805
-3.354,-0.529,8.486
-2.043,-2.019,8.855
-4.895,-0.512,9.278
-6.092,1.318,9.142
-5.572,0.223,8.843
-5.309,-0.4,8.843
-2.938,-6.225,10.312
-6.505,-1.445,7.704
-3.895,-0.091,8.764
-5.699,1.55,8.62
-5.388,-0.127,9.027
-6.034,-1.589,8.494
-5.666,-1.139,8.57
-3.653,0.342,8.352
-5.675,0.014,8.611
-5.618,-0.495,8.434
-4.354,0.069,8.898
-4.563,-0.469,8.824
-4.639,-0.364,8.664
-4.682,0.139,8.795
-6.12,-0.857,8.455
-6.611,-0.847,8.472
-4.448,-0.299,8.616
-5.438,-0.517,9.221
-4.35,-1.18,9.384
-4.938,0.309,10.802
-4.328,-0.756,7.881
-2.352,-1.727,8.802
-2.993,-0.081,8.223
-4.264,-0.34,8.563
-4.931,-1.352,10.877
-3.649,-1.835,9.721
-3.242,-1.541,9.324
-3.558,-0.876,8.733
-3.553,-0.955,8.824
-3.811,-1.933,9.305
-3.96,-1.895,9.972
-3.866,-1.991,9.97
-3.106,-1.567,8.697
-2.421,-1.577,8.565
-2.457,-1.361,9.142
-2.806,-1.538,9.822
-2.725,-1.251,10.259
-2.507,-0.835,9.058
-3.445,-1.038,9.52
-3.63,-1.672,9.027
-4.374,-0.837,9.472
-4.266,-0.656,9.451
-3.345,-0.794,8.912
-3.967,-1.077,9.188
-4.082,-1.314,8.989
-3.766,-1.192,8.915
-3.701,-0.945,9.36
-3.383,-0.825,9.176
-3.661,-0.536,9.307
-3.926,-0.522,9.47
-3.505,-0.536,9.185
-2.902,-1.347,9.243
-3.656,-0.579,9.446
-4.235,-0.421,9.446
-4.07,-0.61,9.207
-3.948,-0.77,9.125
-3.725,-0.78,9.061
-3.752,-0.644,9.089
-4.084,-0.792,9.343
-4.103,-0.878,9.266
-4.008,-0.754,9.233
-3.852,-0.596,8.994
-3.902,-0.574,9.118
-4.108,-0.586,9.197
-4.098,-0.763,9.3
-3.359,-0.285,9.087
-4.182,-0.739,9.424
-3.859,-0.746,9.063
-3.988,-0.711,9.185
-3.795,-0.577,9.144
-3.965,-0.534,9.276
-3.953,-0.541,9.238
-4.13,-0.859,9.08
-3.909,-0.713,9.135
-3.704,-0.555,9.329
-3.764,-0.713,9.154
-4.0,-0.895,9.183
-3.96,-0.847,9.006
-3.857,-0.562,9.264
-3.953,-0.656,9.264
-3.95,-0.768,9.159
-3.819,-0.737,9.154
-3.783,-0.668,9.135
-3.761,-0.464,9.228
-3.737,-0.148,7.594
-4.701,-0.79,9.369
-4.244,-0.756,9.678
-4.041,-0.861,9.637
-3.419,-0.677,8.965
-3.357,-0.603,9.02
-3.943,-0.309,9.032
-4.213,-0.768,8.924
-4.366,-1.017,9.204
-4.299,-0.311,9.886
-4.01,-0.957,9.219
-3.668,-0.574,9.054
-3.271,-0.536,8.975
-3.957,-0.902,9.14
-4.165,-0.845,9.326
-3.936,-0.797,9.231
-4.137,-0.857,9.388
-3.74,-0.751,8.989
-3.658,-0.524,9.216
-3.862,-0.589,9.453
-3.845,-0.871,9.08
-4.302,-0.947,9.305
-3.529,-0.447,9.121
-3.775,-0.45,9.35
-3.694,-0.392,9.24
-3.819,-0.493,9.183
-3.979,-0.519,9.058
-3.725,-0.445,9.068
-4.036,-0.526,9.367
-3.622,-0.534,9.176
-3.675,-0.701,9.137
-3.797,-0.766,9.204
-3.809,-0.703,9.271
-3.802,-0.641,9.188
-3.862,-0.565,9.168
-3.95,-0.627,9.233
-3.847,-0.526,9.252
-3.735,-0.443,9.326
-3.799,-0.629,9.097
-3.936,-0.754,9.128
-4.139,-0.849,9.199
-4.165,-0.773,9.288
-3.914,-0.608,9.231
-3.938,-0.706,9.183
-2.445,-0.457,8.446
-4.055,-1.141,9.566
-4.02,-0.684,9.243
-3.953,-0.467,9.252
-3.876,-0.49,9.077
-3.692,-0.122,9.015
-3.737,-0.139,9.499
-3.919,-0.543,9.396
-4.144,-0.995,9.257
-3.862,-0.727,8.766
-3.795,-0.72,9.209
-3.421,-0.397,9.276
-3.62,-0.56,9.235
-3.907,-0.715,9.25
-3.991,-0.861,9.231
-4.01,-0.794,9.302
-3.522,-0.596,9.01
-3.488,-0.309,9.125
-3.517,-0.151,9.336
-3.869,-0.423,9.271
-4.005,-0.557,9.257
-3.943,-0.754,9.097
-3.988,-0.825,9.113
-3.874,-0.567,9.343
-3.921,-0.55,9.381
-3.828,-0.538,9.199
-3.687,-0.505,9.08
-3.948,-0.543,9.089
-4.13,-0.665,9.25
-3.881,-0.632,9.166
-3.761,-0.493,9.195
-3.694,-0.4,9.195
-3.943,-0.505,9.209
-4.17,-0.675,9.238
-4.072,-0.636,9.046
-4.046,-0.684,9.082
-3.673,-0.419,9.18
-3.67,-2.141,8.714
-3.783,-1.665,9.774
-3.929,-0.835,10.034
-3.692,-0.519,9.369
-2.45,-0.321,8.08
-3.893,-0.651,9.185
-4.453,-0.536,9.377
-4.199,-0.438,9.13
-4.221,-0.361,9.025
-3.965,-0.28,9.109
-4.158,-0.45,9.324
-3.852,-0.706,9.128
-3.854,-0.833,9.171
-3.96,-0.845,9.259
-3.668,-0.821,9.054
-3.969,-0.94,9.123
-4.005,-0.869,9.185
-3.996,-0.742,9.209
-3.967,-0.577,9.278
-3.965,-0.526,9.123
-4.058,-0.584,9.178
-4.031,-0.749,9.08
-3.866,-0.837,8.814
-3.945,-0.61,9.262
-3.981,-0.601,9.257
-4.218,-0.696,9.305
-4.067,-0.675,9.085
-3.828,-0.62,9.008
-3.833,-0.519,8.972
-4.027,-0.5,9.319
-3.986,-0.541,9.188
-4.063,-0.708,9.113
-4.297,-0.897,9.077
-4.276,-0.993,9.051
-4.127,-0.959,8.989
-4.259,-0.931,8.948
-4.087,-0.813,8.996
-4.299,-0.847,9.061
-4.381,-0.835,9.168
-4.24,-0.782,9.082
-4.034,-0.682,8.927
-4.096,-0.601,9.006
-4.041,-0.646,9.089
-4.204,-0.749,9.051
-4.204,-0.763,9.058
-4.204,-0.876,8.972
-4.271,-0.806,9.037
-4.01,-0.632,8.989
-4.165,-0.639,8.972
-4.244,-0.727,9.08
-4.259,-0.861,9.03
-4.759,-0.981,9.116
-4.51,-1.134,9.369
-4.378,-0.952,9.621
-3.895,-0.447,9.192
-4.027,-0.524,8.752
-4.084,-0.603,8.912
-4.187,-0.648,8.843
-4.366,-0.577,9.001
-4.022,-0.627,7.728
-4.73,-1.244,9.374
-4.871,-1.062,9.702
-4.878,-0.804,9.527
-3.237,-1.225,7.8
-3.909,-0.562,8.951
-4.182,-0.694,9.042
-4.268,-0.847,8.888
-3.797,-0.593,7.931
-4.902,-1.17,9.575
-5.01,-0.969,9.606
-4.084,-0.617,8.771
-3.914,-0.591,8.809
-4.177,-0.713,9.094
-4.398,-0.668,9.092
-4.194,-0.691,8.635
-4.584,-1.041,8.939
-4.941,-1.146,9.527
-4.716,-0.718,9.4
-3.759,-1.208,8.386
-3.902,-0.725,8.874
-4.264,-0.751,9.269
-4.378,-0.785,9.001
-4.199,-0.833,8.085
-4.819,-0.95,9.479
-4.697,-0.988,9.539
-4.134,-0.309,8.936
-3.713,-0.541,8.857
-3.876,-0.629,9.118
-4.338,-0.703,9.14
-4.261,-0.811,8.924
-4.273,-0.986,8.398
-5.048,-0.926,9.75
-4.718,-0.668,9.305
-3.677,-0.823,8.51
-3.902,-0.601,8.905
-4.465,-0.806,9.192
-4.338,-0.845,8.898
-4.323,-0.828,9.006
-4.335,-0.998,9.125
-4.886,-1.074,9.637
-4.051,-0.806,8.931
-4.027,-0.443,8.92
-3.924,-0.342,8.874
-4.357,-0.589,8.951
-4.24,-0.467,8.915
-4.465,-0.768,8.384
-4.737,-1.007,9.393
-4.316,-0.663,9.056
-3.988,-0.567,9.018
-3.953,-0.617,8.982
-4.374,-0.754,9.008
-4.436,-0.708,8.927
-4.29,-0.613,9.065
-4.266,-0.622,9.087
-4.773,-0.904,9.621
-4.225,-0.684,8.92
-3.895,-0.62,8.671
-4.072,-0.629,8.982
-4.362,-0.711,9.08
-4.213,-0.821,8.908
-4.331,-0.837,8.843
-4.761,-1.026,9.551
-4.204,-0.663,8.958
-3.945,-0.584,8.927
-3.893,-0.658,8.943
-4.345,-0.888,9.07
-4.149,-0.677,9.008
-3.907,-0.694,8.482
-4.857,-0.778,9.439
-4.728,-0.775,9.314
-3.634,-0.163,8.778
-4.041,-0.73,8.862
-4.065,-0.799,9.089
-4.118,-0.835,9.087
-3.976,-0.79,8.92
-3.84,-1.237,8.178
-4.785,-0.983,9.307
-4.962,-0.768,9.728
-4.503,-0.519,8.92
-3.744,-0.397,8.503
-3.962,-0.481,9.049
-4.433,-0.778,9.065
-4.335,-0.9,8.908
-4.352,-0.835,9.056
-3.881,-0.773,8.384
-4.85,-0.854,9.365
-4.831,-0.768,9.53
-4.11,-0.512,8.915
-3.955,-0.711,8.661
-4.252,-0.775,9.137
-4.469,-0.94,9.118
-4.108,-0.835,8.783
-4.232,-0.859,8.931
-4.831,-1.163,9.52
-3.953,-1.192,8.776
-4.163,-0.845,8.843
-4.077,-0.739,9.022
-4.347,-0.802,9.02
-4.252,-0.703,8.965
-4.472,-0.909,8.953
-4.405,-0.78,8.939
-3.996,-0.546,8.977
-4.173,-0.541,9.032
-4.357,-0.727,8.967
-4.457,-0.84,8.912
-4.467,-0.95,9.042
-4.402,-1.019,8.984
-4.254,-0.981,9.006
-4.144,-1.141,9.106
-4.144,-1.041,8.963
-4.168,-1.0,8.886
-4.335,-0.89,8.979
-4.354,-0.95,8.898
-4.261,-0.909,8.977
-4.302,-0.888,8.853
-4.338,-0.919,8.929
-4.151,-0.859,8.886
-3.988,-0.651,8.91
-4.407,-0.969,9.063
-5.108,-1.318,9.544
-4.419,-1.335,9.044
-3.723,-0.644,9.36
-4.419,-0.335,8.798
-3.883,-0.467,8.594
-4.91,-1.567,8.943
