0.299,0.335,9.513
-0.254,-3.225,9.941
-1.201,-1.352,9.987
-0.055,-0.474,9.697
0.596,-0.95,9.494
-1.486,-1.517,10.14
-1.053,-1.019,9.869
0.785,-0.835,9.424
-0.885,-0.895,9.594
-0.876,-0.952,10.164
-0.301,-0.993,9.714
-0.799,-0.026,9.616
-0.916,-1.115,9.735
0.534,-2.802,10.975
-1.232,-0.89,9.857
-0.203,-0.787,9.51
-1.23,0.045,9.853
-0.541,-1.285,10.274
-0.27,-0.957,9.58
-0.227,-0.943,9.929
-0.342,-1.663,9.884
-1.455,-0.943,9.798
0.428,-1.263,9.848
0.148,-1.505,9.86
0.048,-1.034,9.965
-1.29,-0.857,9.798
0.309,-0.782,9.745
0.799,-2.022,9.57
-0.388,-2.18,10.145
-0.194,-1.861,9.829
0.502,-2.517,9.678
1.45,-2.192,9.673
0.866,-1.294,9.74
-0.488,-0.634,10.034
0.555,-0.376,10.106
1.297,-0.787,9.922
1.488,-0.675,9.408
0.744,-1.335,9.374
0.746,-1.022,9.929
1.304,-0.751,9.74
1.153,-1.481,9.75
1.448,-1.069,9.31
1.584,-1.979,9.384
2.201,-1.122,9.333
0.182,-1.567,9.621
-2.744,-1.129,10.441
0.51,-0.916,10.202
0.38,-1.084,9.879
0.39,-0.646,9.604
-0.036,-0.687,9.793
-1.005,-1.476,10.14
0.426,-2.73,9.793
0.845,-1.28,9.757
-0.022,-1.464,9.853
-0.596,-0.979,9.747
1.29,-1.637,9.922
0.835,-2.467,9.747
0.356,-1.278,10.288
1.701,-0.337,9.685
1.692,-1.026,9.563
1.854,-0.847,9.702
1.67,-0.794,9.568
1.311,-1.357,9.362
1.89,-1.16,9.862
1.464,-1.369,9.814
0.945,-1.376,9.353
0.641,-1.436,9.64
-0.285,-0.392,9.972
0.038,1.27,9.704
-1.213,-3.883,9.522
0.005,-1.419,9.767
-0.845,-2.247,10.073
-0.203,-1.739,9.654
-0.311,-2.007,9.685
-0.938,-1.873,9.869
-0.263,-0.902,9.764
0.144,-0.895,9.927
0.002,-1.237,9.848
-0.318,-0.952,9.841
-0.084,-1.538,9.721
0.246,-1.531,9.762
0.435,-1.294,9.259
-0.526,-1.058,9.853
-1.637,-1.971,10.334
-0.567,-2.172,10.247
-0.191,-1.981,9.738
0.151,-3.476,9.745
-0.321,-1.68,9.63
-1.043,-0.675,9.836
-0.395,-1.139,9.755
-0.268,-0.543,9.903
-0.593,-0.694,9.85
-0.72,-1.165,9.877
-0.691,-1.577,9.874
-0.608,-1.663,9.762
-0.455,-1.431,9.79
-0.392,-1.048,9.833
-0.407,-1.192,9.8
-0.447,-1.359,9.798
-0.581,-1.469,9.869
-0.586,-1.084,9.781
-0.431,-1.251,9.817
-0.486,-1.168,9.805
-0.596,-1.041,9.905
-0.531,-0.912,9.786
-0.469,-0.919,9.824
-0.407,-1.258,9.841
1.431,-4.661,3.249
-1.785,-1.203,10.264
-3.984,0.806,11.14
0.115,-2.529,9.432
1.036,-1.596,9.829
-0.127,1.017,9.972
-1.51,-1.189,9.977
-0.368,-2.029,9.668
0.127,-1.287,9.735
-0.792,-1.632,9.79
-0.876,-1.247,9.845
-0.342,-0.486,9.829
-0.423,-0.974,9.841
-0.572,-0.998,9.889
-0.498,-0.991,9.798
-0.622,-1.381,9.824
-0.691,-1.357,9.807
-0.531,-1.309,9.845
-0.471,-1.268,9.841
-0.584,-1.369,9.757
-0.593,-0.854,9.826
-0.653,-1.175,9.781
-0.548,-1.505,9.8
-0.555,-1.038,9.831
-0.682,-1.165,9.85
-0.699,-1.653,9.843
-0.634,-1.302,9.762
-0.486,-1.046,9.798
-0.479,-0.739,9.829
-0.608,-0.979,9.826
-0.648,-1.034,9.855
-0.546,-0.995,9.769
-0.553,-1.237,9.824
-0.701,-1.27,9.845
-0.574,-1.333,9.819
-0.718,-1.014,9.786
-0.78,-0.9,9.855
-0.502,-0.981,9.833
-0.361,-1.292,9.853
-0.782,-1.177,9.824
-0.646,-1.029,9.841
5.295,-3.275,18.375
-6.257,-0.77,10.381
-1.266,-0.663,10.776
1.507,-1.414,8.254
0.11,0.014,9.838
-2.273,-0.986,10.398
-0.754,-1.452,9.793
0.266,-1.014,9.527
-0.909,-1.371,9.853
-0.995,-1.488,9.865
-0.457,-0.756,9.69
-0.828,-0.694,9.932
-1.024,-1.01,9.946
-0.479,-1.409,9.795
-0.428,-1.34,9.683
-0.754,-1.141,9.8
-0.782,-0.916,9.845
-0.634,-0.943,9.896
-0.598,-1.323,9.829
-0.593,-0.909,9.841
-0.617,-0.73,9.807
-0.596,-1.122,9.795
-0.55,-2.072,9.819
0.11,-1.558,9.635
-0.696,-0.639,9.771
-1.115,-0.933,9.848
-1.263,-1.026,9.831
-1.067,-1.22,9.853
-1.11,-0.691,9.778
-0.938,-0.876,9.778
-0.919,-0.687,9.822
-1.177,-0.904,9.898
-1.184,-1.022,9.807
-1.371,-1.139,9.69
-1.199,-0.641,9.769
-1.263,-0.538,9.886
0.242,-1.024,14.305
-0.778,-0.309,11.554
-1.294,-0.797,9.905
-0.866,-0.794,9.147
-1.002,0.739,9.527
-2.476,-0.744,10.231
-1.701,-1.325,9.984
2.902,-1.538,9.109
-0.225,-1.682,9.532
-2.51,-1.806,10.192
-0.313,-1.689,9.618
0.481,-1.45,9.537
-1.069,-0.251,9.042
-1.689,-1.483,10.228
0.036,-0.048,9.671
-0.519,-1.869,9.927
-1.335,-1.62,9.96
-0.031,-1.357,9.496
-0.962,-1.416,9.929
-0.476,-1.627,9.958
-0.266,-2.22,10.941
-1.337,-1.055,9.719
-0.797,0.019,9.582
-0.656,-1.12,9.738
-0.593,-1.242,9.752
-1.311,-1.596,10.111
-0.78,-1.625,9.721
-0.081,-1.043,9.537
-0.835,-1.397,9.833
-1.912,-0.735,10.156
0.486,-1.168,9.42
-0.287,-2.218,10.458
-2.072,-1.55,10.446
0.359,-0.632,9.288
0.991,-0.519,9.446
1.113,-2.141,9.843
0.78,-0.931,10.09
0.172,-0.857,9.331
1.696,-1.835,9.47
2.366,-1.524,9.24
-2.053,-1.0,10.066
1.017,-1.373,9.46
1.491,-1.342,9.644
1.474,-1.364,9.635
1.503,-2.043,9.214
0.036,-1.89,9.788
-1.148,-1.055,9.862
-0.653,-1.163,10.386
-0.634,-0.926,10.286
0.38,1.0,9.106
0.713,0.385,9.752
0.526,-0.273,9.972
0.407,-1.022,9.721
2.402,-1.103,9.939
-1.378,-1.555,10.374
-0.514,-1.199,9.644
-1.175,-0.943,10.013
-0.519,-0.995,9.549
-0.361,-2.603,9.463
-0.34,-2.302,9.618
-0.756,-0.737,10.176
-0.464,-1.201,10.099
-0.507,-1.376,9.489
-1.168,-0.335,9.654
-1.062,-1.61,9.585
-0.459,-1.651,9.621
-0.098,-1.242,10.003
-0.275,-1.455,9.939
-0.627,-1.414,9.807
-1.029,-1.012,9.719
-1.156,-1.218,9.566
-0.768,-1.395,9.374
-0.428,-1.371,9.563
-0.526,-1.933,10.082
-0.598,-1.625,9.984
-0.679,-1.455,9.661
-0.924,-1.694,9.549
-1.316,-1.517,9.999
-0.847,-3.778,9.738
-1.12,-2.622,9.695
-1.125,-1.579,9.666
-0.536,-1.388,9.561
-0.467,-1.349,9.786
-0.749,-0.768,10.027
-0.787,-0.845,9.798
-0.691,-1.912,9.616
-0.928,-2.457,9.774
-1.062,-1.986,9.743
-0.909,-1.426,9.752
-0.679,-0.897,9.635
-0.646,-0.433,9.841
-0.694,0.117,9.953
-0.694,-0.203,9.889
-0.785,-1.218,9.812
-0.77,-1.172,9.8
-0.624,-0.658,9.807
-0.598,-0.593,9.711
-0.895,-0.608,9.831
-0.969,-0.031,9.833
-0.921,0.218,9.963
-0.931,0.234,9.984
-0.715,0.261,9.74
-0.629,-0.569,9.889
-0.816,-0.237,9.896
-0.988,-0.127,9.75
-0.976,-0.098,9.824
-0.912,0.11,9.917
-0.507,0.546,9.877
-0.263,1.165,9.8
-0.572,0.857,9.783
-0.811,0.065,9.824
-0.974,-0.223,9.812
-0.967,0.122,9.829
-0.912,0.663,9.874
-0.746,0.919,9.867
-0.639,0.892,9.788
-0.727,0.452,9.92
-0.766,-0.1,9.884
-0.773,0.077,9.747
-0.904,0.562,9.74
-0.859,0.522,9.829
-0.66,0.677,9.903
-0.794,0.732,9.915
-0.694,0.689,9.762
-0.598,0.423,9.757
-0.737,0.031,9.853
-0.907,-0.084,9.886
-0.794,0.203,9.719
-0.792,0.323,9.826
-0.926,0.359,9.881
-0.914,0.366,9.855
-0.768,0.254,9.774
-0.696,-0.096,9.939
-0.89,-0.5,9.786
-1.213,-0.498,9.855
-1.223,-0.086,9.769
-1.156,0.182,9.826
-1.22,0.589,9.733
-1.086,3.189,7.671
-1.247,-4.749,12.616
-0.005,4.991,15.478
-0.352,3.881,6.996
-0.981,0.902,10.558
-0.88,-0.735,9.767
-1.66,-1.278,9.666
-1.833,-2.015,9.613
-2.23,-2.838,10.666
-3.046,-0.677,9.881
-6.058,-0.227,12.736
-0.947,-1.029,15.016
-4.058,-8.728,10.238
-4.565,-2.498,11.628
-3.821,2.369,10.094
-3.206,2.713,10.145
-2.168,5.087,8.967
-0.579,5.345,8.678
-0.555,1.232,8.975
-2.78,0.196,9.288
-2.61,2.572,9.807
-1.189,4.594,9.506
-1.168,3.926,8.161
-2.271,2.201,6.982
-2.512,-0.498,5.816
-2.44,-0.61,5.824
-1.201,2.338,6.027
-0.888,0.672,6.948
-0.782,-1.749,7.305
0.263,-2.232,6.644
1.749,-0.715,7.233
3.072,0.73,7.848
3.615,2.208,8.233
3.909,2.883,7.893
4.185,-0.029,8.352
4.56,-2.957,8.051
6.355,-5.623,8.788
9.3,0.88,8.522
8.632,3.433,9.908
5.295,0.926,9.585
4.809,-2.661,7.324
6.132,-5.036,10.372
6.355,-7.704,12.786
7.434,-10.834,15.346
8.709,-3.335,15.858
5.24,4.465,12.927
2.775,2.725,7.606
2.706,-4.783,3.979
1.957,-8.073,8.463
0.586,-1.285,13.757
1.883,5.015,8.096
2.12,-6.158,15.944
3.773,-0.44,13.107
4.488,-0.971,7.687
3.816,-2.168,5.979
3.441,-4.414,8.439
3.225,-3.563,10.621
3.965,-0.739,10.934
4.658,0.531,8.185
4.484,-1.225,6.259
4.589,-4.218,6.484
4.795,-5.625,8.309
5.012,-2.821,9.173
5.3,0.565,9.042
5.099,0.768,7.905
5.022,-1.936,7.711
5.457,-4.23,8.156
5.797,-3.244,8.814
6.036,-1.268,8.513
5.924,-1.11,8.063
5.998,-1.639,7.704
6.252,-2.132,8.941
4.819,-1.835,8.422
3.649,-0.239,7.446
4.177,0.79,8.094
6.986,-1.421,8.187
6.642,-1.258,7.582
4.402,-1.538,6.556
1.759,-1.244,5.699
0.644,-0.112,5.151
-0.878,-0.663,6.235
-1.318,-0.014,5.654
-1.706,-2.017,7.06
0.065,-3.651,8.604
1.541,-1.287,7.714
2.649,2.359,8.388
2.945,2.515,9.314
2.294,-0.301,8.542
2.955,-1.349,8.305
4.177,-1.847,7.142
3.79,-2.192,8.721
3.79,-3.134,8.355
4.536,-2.086,6.699
2.931,-2.986,7.319
4.419,-2.529,6.654
4.536,-3.876,8.135
3.704,-4.302,8.422
3.931,-1.395,35.104
4.553,-7.994,0.852
4.989,-9.118,6.505
3.816,-10.941,8.13
2.744,-8.611,7.75
2.369,-6.537,9.948
2.531,-12.133,10.413
1.395,-13.858,6.022
1.27,-6.558,13.808
1.651,-3.374,5.962
0.278,-11.559,13.128
1.771,-5.044,5.658
0.622,-10.262,13.238
0.656,-9.216,11.178
0.27,-7.209,9.621
0.201,-6.73,9.788
-0.057,-5.505,10.204
-0.548,-4.948,9.843
-0.56,-4.51,10.197
-0.16,-4.108,10.357
0.182,-2.582,9.948
0.5,-0.825,10.023
-0.014,0.816,10.635
-0.17,1.878,11.197
-0.435,1.634,11.733
-0.83,1.392,11.192
-0.701,1.878,12.087
-0.677,2.862,11.908
-0.639,3.058,11.762
-1.242,2.311,11.501
-1.452,1.531,10.889
-0.758,2.227,9.982
-0.565,2.871,9.295
-0.746,2.292,9.25
-0.548,2.306,9.027
-0.663,2.823,8.884
-0.572,3.036,8.963
-0.081,3.146,8.379
0.498,3.228,7.905
0.88,3.218,7.522
1.043,3.766,7.192
1.725,3.965,7.276
1.938,3.498,6.946
1.601,2.51,6.74
1.443,1.586,7.175
1.79,1.596,6.702
1.694,1.835,5.678
0.773,0.684,5.213
-0.227,-1.273,5.355
-0.971,-2.814,6.048
-1.098,-2.728,6.726
-1.548,-2.567,8.309
-2.613,-2.546,9.276
-3.505,-4.323,9.451
-4.536,-4.747,9.716
-4.981,-4.28,10.188
-5.032,-4.316,10.444
-5.266,-5.233,10.19
-6.156,-5.644,9.867
-6.068,-5.692,10.283
-5.682,-7.281,10.331
-7.331,-7.391,10.386
-6.541,-7.077,10.85
-4.84,-6.886,9.774
-5.34,-6.917,9.324
-7.039,-6.977,9.324
-7.391,-6.142,9.243
-6.604,-5.804,9.393
-5.876,-5.965,8.546
-6.546,-6.412,8.58
-6.903,-5.747,8.386
-6.833,-5.151,8.125
-6.962,-4.546,7.355
-6.776,-4.244,7.063
-6.781,-3.967,6.496
-6.651,-4.053,6.348
-6.809,-4.292,6.115
-6.479,-4.23,5.946
-6.204,-4.496,6.166
-6.407,-4.847,5.974
-6.56,-4.443,5.745
-6.759,-4.008,5.658
-6.481,-3.24,5.115
-6.52,-3.103,4.859
-6.637,-3.895,4.357
-7.029,-4.618,4.352
-7.108,-5.123,5.156
-7.305,-4.78,5.529
-7.687,-4.529,5.603
-7.644,-4.328,5.716
-7.568,-4.378,6.144
-7.307,-5.852,6.075
-6.864,-6.781,5.28
-6.647,-6.46,5.24
-6.352,-5.527,5.661
-5.752,-4.991,5.792
-5.237,-5.788,5.977
-4.716,-6.907,6.096
-4.465,-7.833,5.881
-4.142,-7.951,5.613
-3.986,-7.752,5.721
-3.424,-7.809,5.34
-2.68,-8.534,4.733
-2.146,-9.063,4.704
-1.84,-8.53,5.015
-1.797,-7.996,5.503
-1.792,-7.474,5.78
-1.452,-7.242,6.063
-0.952,-6.912,6.12
-0.471,-6.206,6.443
-0.246,-5.077,6.826
0.1,-4.063,8.108
0.412,-3.677,8.903
0.67,-3.534,9.14
0.677,-3.572,9.128
1.079,-3.065,9.032
1.648,-2.548,8.991
2.05,-2.0,8.929
2.263,-0.95,8.922
2.373,-0.234,9.336
2.83,0.096,9.204
3.242,0.256,8.735
3.235,0.359,8.711
3.421,0.696,8.884
3.338,0.964,8.539
3.115,1.553,8.094
3.132,2.146,8.032
2.854,1.297,8.144
2.871,1.098,7.494
2.46,1.237,6.539
1.936,0.737,7.135
1.835,0.349,7.601
0.988,0.459,7.752
-0.194,0.579,8.585
-1.311,0.177,9.202
-2.003,-1.593,8.984
-2.146,-1.895,8.63
-2.969,-2.022,8.982
-3.876,-2.687,9.046
-5.201,-3.395,8.558
-5.833,-4.058,8.039
-6.225,-5.091,8.285
-6.804,-5.62,9.07
-7.111,-5.914,8.884
-6.869,-6.824,8.884
-6.556,-6.393,8.927
-7.269,-5.178,9.278
-7.273,-5.134,9.781
-7.388,-6.185,10.362
-7.513,-6.324,10.188
-7.266,-4.972,10.3
-7.029,-4.412,9.91
-6.556,-4.771,9.678
-6.247,-5.094,9.037
-5.969,-5.572,8.879
-5.864,-5.479,8.652
-6.465,-5.35,8.152
-6.52,-5.919,7.482
-6.577,-6.367,6.479
-6.405,-6.477,5.599
-5.785,-6.448,4.998
-5.067,-6.589,4.546
-4.467,-6.74,4.311
-4.343,-7.161,3.302
-4.386,-7.953,2.244
-4.209,-8.355,1.751
-4.115,-8.333,2.139
-4.125,-7.51,2.816
-3.931,-6.802,3.56
-3.694,-6.816,3.773
-3.752,-7.159,3.72
-3.45,-7.45,3.522
-2.828,-7.742,3.567
-2.294,-7.328,3.759
-2.345,-7.594,3.895
-2.371,-7.963,3.902
-1.668,-8.147,3.33
-1.431,-9.168,3.919
-0.969,-9.544,4.467
-0.72,-9.436,4.768
-0.407,-8.994,4.823
-0.507,-8.934,5.352
-0.167,-9.278,5.919
0.158,-10.061,5.472
-0.12,-9.946,5.852
-0.347,-9.613,6.654
-0.017,-9.101,6.747
0.019,-8.534,7.183
0.292,-8.379,7.556
-0.033,-7.01,8.085
-0.045,-6.3,8.513
0.297,-4.73,8.285
0.615,-4.18,8.056
0.668,-2.653,8.132
0.682,-1.73,8.958
0.878,0.134,9.058
0.938,1.273,9.022
0.967,1.347,9.13
0.397,1.412,9.302
0.345,2.027,9.19
-0.077,2.467,8.345
-0.237,2.773,8.362
-0.199,2.742,8.18
-0.098,2.29,7.826
-0.349,1.814,7.151
-1.129,0.579,6.101
-0.703,-0.402,5.237
-0.05,-0.512,4.931
-0.553,-1.412,5.091
-1.995,-2.838,4.783
-2.852,-3.787,4.835
-3.457,-3.591,5.505
-4.084,-4.718,5.876
-4.998,-5.711,7.135
-6.692,-3.603,7.573
-7.879,-2.175,8.424
-8.015,-3.247,8.317
-7.84,-5.022,7.683
-8.934,-3.859,7.436
-10.24,-4.603,6.943
-11.384,-5.022,7.273
-11.614,-5.039,6.922
-13.279,-5.328,5.96
-13.975,-8.23,5.441
-13.841,-9.355,5.192
-12.169,-9.305,6.604
-13.111,-9.941,5.735
-12.654,-8.9,4.62
-11.752,-8.594,5.29
-11.03,-9.549,4.087
-11.413,-9.369,4.326
-9.551,-7.156,5.223
-8.967,-6.881,3.565
-9.539,-7.302,3.551
-7.391,-5.965,3.816
-6.539,-4.51,4.005
-6.931,-4.278,3.881
-6.943,-3.845,4.134
-6.455,-3.9,4.943
-5.625,-3.991,3.938
-4.754,-4.194,3.967
-4.689,-4.323,4.536
-5.115,-4.661,4.991
-5.058,-4.259,4.704
-4.797,-4.216,6.898
-4.223,-3.125,6.216
-4.981,-2.804,4.933
-4.84,-1.134,4.804
-5.453,-2.005,5.142
-5.678,-2.015,3.22
-4.469,-2.338,1.974
-7.137,-6.015,0.596
-7.285,-6.62,1.117
-7.302,-3.883,0.651
-8.403,-6.056,1.629
-7.537,-5.824,3.094
-10.874,-4.644,4.417
-11.288,-5.967,2.574
-11.073,-8.295,4.716
-11.444,-4.213,3.505
-13.004,-4.843,6.295
-12.76,-5.57,4.943
-13.765,-4.51,6.472
-12.807,-5.35,5.441
-11.963,-6.314,5.709
-13.061,-4.371,5.651
-13.709,-4.197,6.094
-12.714,-4.309,5.989
-11.561,-4.981,5.627
-10.343,-5.948,5.182
-10.104,-5.199,5.728
-8.841,-3.835,5.479
-7.204,-1.668,6.036
-6.508,-1.713,7.764
-6.005,-0.541,8.819
-4.278,0.23,9.661
-4.027,0.679,10.752
-2.771,0.596,10.996
-0.986,0.598,10.934
-0.526,0.878,11.228
0.811,0.89,12.178
1.871,-0.311,12.953
2.926,0.605,10.482
2.364,-0.708,9.855
4.072,-1.419,11.925
5.075,0.316,10.326
5.795,4.907,9.003
6.417,-0.866,8.326
6.527,1.129,10.956
3.072,3.268,11.556
-4.333,1.622,15.81
-1.986,1.668,9.817
-16.002,-6.247,11.13
-4.701,-1.727,11.054
-6.214,4.869,12.913
4.072,-1.306,7.383
-0.4,-2.263,13.604
-1.79,-0.522,9.24
-5.099,2.692,11.396
-1.531,-0.847,16.657
0.249,-1.184,2.929
-3.438,-3.898,15.097
0.732,2.213,8.391
-2.318,1.823,4.886
-2.206,0.074,8.867
-0.72,2.806,9.24
-3.929,0.182,4.969
-2.998,1.5,5.972
1.775,-2.967,3.249
-1.96,-7.472,7.276
0.727,5.563,4.486
-1.964,5.268,8.64
-0.462,6.228,7.484
4.082,6.845,3.385
-1.287,3.931,4.84
-0.457,2.311,4.663
-0.663,2.342,8.809
-6.144,6.79,10.728
-2.61,11.348,7.084
-2.443,6.783,8.929
-1.771,5.312,7.915
-0.244,3.132,10.125
1.4,-0.167,9.685
1.318,0.294,8.149
1.134,5.529,10.501
-5.178,8.242,13.642
-7.391,7.125,13.736
-4.735,2.417,13.303
-5.228,6.563,14.068
-8.484,8.274,12.114
-2.61,5.027,14.241
0.78,1.627,8.762
-0.593,2.806,9.79
-4.311,-2.249,10.034
-0.349,2.177,10.719
-2.373,4.733,10.379
-1.782,5.869,10.965
-0.447,-3.912,10.846
0.907,0.089,9.688
-0.876,4.843,12.762
-2.369,1.806,12.106
-3.354,0.306,12.279
0.622,3.56,11.154
-2.027,2.96,11.161
-0.83,3.797,9.805
-2.668,4.649,11.917
-0.426,5.448,8.975
-1.247,1.022,8.896
0.775,2.237,8.443
0.546,3.405,9.424
-1.062,4.857,7.912
0.998,3.199,6.761
0.443,4.527,5.539
-0.816,4.424,4.859
-0.376,4.335,7.06
-0.397,4.895,5.453
-1.146,6.027,7.855
-0.062,6.647,6.797
0.797,6.111,6.02
0.988,5.536,6.74
0.591,4.658,8.542
1.684,4.56,7.558
2.302,3.984,7.613
2.28,3.575,6.348
2.378,3.976,6.742
2.261,4.73,7.137
1.593,6.359,8.039
1.388,6.747,7.716
1.981,4.424,7.489
2.596,2.981,8.429
3.115,3.161,8.754
3.388,3.242,9.144
3.118,3.374,8.599
3.024,4.237,7.96
2.448,4.321,7.206
3.23,4.304,6.714
3.816,3.096,8.063
5.029,1.579,6.254
4.596,-0.091,5.01
2.46,-0.412,4.74
-1.302,-0.857,9.247
-1.9,1.605,9.063
-1.316,2.053,6.582
-0.105,2.673,5.594
-0.871,1.01,7.919
-2.773,-0.644,7.577
-2.632,2.266,7.041
0.909,5.01,7.575
0.782,0.668,6.168
-1.916,-4.864,6.723
-3.244,-4.285,5.984
-2.555,1.005,8.726
-3.18,4.008,9.917
-2.73,-0.763,6.125
-7.429,-5.874,0.869
-3.754,-2.716,5.644
-5.501,3.481,6.4
1.402,7.395,1.565
-3.053,3.17,5.79
-5.79,-1.342,5.297
-7.551,3.567,2.254
-3.862,3.85,6.008
-8.094,-2.694,5.654
-5.383,-3.307,7.372
-6.462,2.761,6.604
-9.161,3.235,8.001
-8.85,-1.342,5.015
-10.683,-4.962,0.658
-10.468,2.756,3.266
-17.66,5.503,1.275
-14.75,-2.225,3.572
-15.167,-1.658,1.998
-19.074,-0.395,0.873
-19.253,3.354,-0.699
-22.971,-7.317,-0.83
-25.464,-6.754,-0.967
-22.835,-2.483,1.376
-29.101,-6.601,2.56
-22.476,-8.934,0.725
-23.73,-13.47,2.895
-20.966,-17.239,3.833
-15.573,-7.51,2.431
-15.344,-8.998,3.886
-10.939,-4.362,0.634
-13.75,0.239,4.089
-15.719,-6.426,1.876
-4.692,2.67,3.524
-9.673,6.362,-0.108
-12.882,-1.347,-0.297
-18.801,-5.477,0.749
-14.382,5.68,-1.603
-14.332,2.737,-1.218
-12.812,-2.216,-2.077
-13.525,3.929,-6.752
-11.693,1.517,-2.361
-11.841,4.082,-2.895
-13.748,4.776,-4.541
-13.221,1.553,-5.855
-10.776,3.151,-2.189
-9.912,5.788,-0.682
-6.312,11.161,-0.651
-7.678,9.616,-1.718
-7.972,6.113,0.481
-8.147,7.415,3.316
-7.515,11.226,0.723
-7.395,14.6,-1.251
-4.912,17.368,0.189
-8.276,13.765,1.036
-11.575,5.185,1.553
-12.774,-1.459,0.825
-15.013,-0.773,3.022
-17.626,2.787,3.596
-19.753,5.379,0.091
-20.469,7.013,-0.546
-18.1,6.675,-1.744
-15.301,5.618,-2.512
-13.26,2.95,-2.548
-14.205,1.448,-1.436
-14.906,2.684,-1.845
-13.626,3.859,-3.761
-11.559,3.974,-4.584
-10.762,4.637,-2.713
-12.066,3.429,-1.129
-12.968,1.591,-6.623
-13.267,0.354,-8.96
-12.939,-0.081,-7.802
-10.499,-0.737,-11.807
-9.664,5.682,-10.19
-25.78,27.05,11.365
-19.435,25.675,14.559
-11.544,26.354,10.329
-5.163,17.569,4.761
-3.551,8.242,2.909
-13.181,5.764,12.927
3.23,19.172,0.421
9.946,17.203,9.393
-5.017,9.723,10.836
-3.316,13.767,6.596
0.404,6.766,13.719
2.328,3.39,9.652
1.967,3.857,9.542
0.486,4.876,8.549
-0.72,3.907,8.582
0.261,2.163,8.68
1.627,0.368,7.922
0.531,-0.057,5.233
-1.431,-3.094,7.494
-1.402,-2.701,7.544
-0.983,-1.421,8.221
-0.888,1.294,7.795
-1.627,2.338,8.24
-2.043,5.02,9.384
-0.802,1.304,6.348
-1.113,-0.691,7.831
-5.453,1.845,8.908
-3.23,4.072,4.599
-1.833,1.325,2.328
-2.239,-1.215,0.203
-2.945,4.532,0.933
-4.448,7.539,6.517
-3.565,8.041,7.161
-5.161,2.292,5.989
-6.481,-6.218,4.063
-7.209,-4.242,4.122
-3.965,0.33,5.986
-4.776,1.242,6.991
-9.132,0.708,5.304
-11.271,-1.967,7.683
-11.403,-4.697,6.927
-11.649,-4.244,7.687
-12.078,-0.883,10.477
-8.62,-3.941,8.781
-12.633,-6.972,8.92
-14.535,-2.945,9.424
-13.288,-0.268,7.001
-11.008,-7.058,5.376
-13.774,-6.534,4.036
-17.954,-1.455,2.096
-15.746,-1.108,-0.677
-17.504,-2.263,-0.95
-21.538,-6.644,-2.227
-20.966,-7.185,-1.519
-17.27,0.392,-3.012
-16.595,-5.859,-1.782
-17.042,-6.17,2.699
-16.054,-2.472,2.534
-15.978,-2.967,-0.682
-10.625,-10.934,-5.728
-12.063,-20.067,1.902
-18.423,0.354,1.182
-19.715,-3.527,2.294
-3.634,-12.626,1.782
-13.753,-5.199,3.074
-14.578,-3.632,0.823
-13.961,-0.89,1.627
-11.238,-3.74,0.12
-8.731,-7.307,-0.014
-8.283,-3.067,0.048
-7.321,3.821,-0.78
-9.403,0.385,-3.493
-10.142,-2.689,-9.075
-9.822,0.94,-4.445
-9.702,7.278,-6.601
-9.965,3.039,-6.142
-8.774,-2.945,-8.998
-8.769,2.51,-7.716
-12.334,7.027,-1.335
-7.312,9.599,-4.405
-9.91,5.455,-3.9
-3.424,7.039,-2.747
-5.319,8.252,-0.414
-6.915,9.697,0.902
-8.331,11.293,2.414
-4.579,11.006,3.658
-8.704,10.204,1.062
-8.293,11.439,2.33
-8.486,11.733,3.888
-11.238,9.879,2.847
-13.157,10.228,1.694
-14.602,6.718,1.818
-16.712,1.648,1.567
-18.552,-0.337,0.27
-19.983,1.089,-0.883
-20.44,5.68,0.218
-18.203,7.266,-1.471
-14.676,5.194,-3.098
-12.554,3.512,-3.541
-11.901,2.728,-3.338
-10.903,2.696,-4.754
-9.807,1.94,-5.242
-9.307,1.605,-4.441
-9.845,1.579,-2.18
-11.192,0.218,-1.993
-11.487,-0.313,-6.087
-11.659,0.684,-6.749
-11.716,-0.108,-6.862
-10.824,-0.644,-10.068
-22.624,41.174,6.149
-18.411,8.269,-2.981
-12.666,25.402,6.637
-14.954,28.35,8.987
-6.611,24.34,3.701
-3.754,7.266,2.534
-6.697,2.127,9.087
5.721,10.441,10.537
2.326,12.339,13.243
-6.496,10.578,19.028
-4.149,5.716,10.25
-1.519,3.366,8.422
0.988,9.298,11.274
-0.892,6.242,14.09
-1.828,4.273,12.305
0.572,1.696,10.609
2.474,2.964,9.13
0.514,2.053,10.867
-0.014,-1.192,9.434
1.325,-1.838,9.436
-0.55,0.132,9.688
0.617,1.615,9.357
0.026,0.419,9.099
-2.333,-0.203,10.372
-2.271,0.577,8.503
0.184,-0.809,8.065
1.096,0.012,6.233
-0.359,1.232,7.484
-0.27,0.29,6.553
-0.656,-1.723,5.922
-2.359,-2.027,6.955
-3.022,-1.046,6.261
-2.273,-1.507,5.39
-1.251,-1.586,4.388
-0.093,-2.395,6.223
-0.024,-0.546,6.436
-0.567,-0.1,7.529
-1.818,-2.388,7.338
-2.187,-1.395,7.824
-4.276,1.931,9.941
-5.852,3.046,8.257
-5.52,1.876,6.625
-5.591,-0.543,6.446
-6.01,-2.72,8.29
-6.587,-2.019,7.817
-7.704,-3.56,7.269
-8.116,0.624,5.515
-9.831,3.704,3.366
-12.377,0.617,2.96
-14.099,4.285,5.264
-16.514,9.243,4.077
-15.368,7.116,4.405
-20.081,2.608,2.271
-16.956,-5.96,2.952
-24.452,4.608,1.873
-21.729,-1.751,1.316
-17.652,-10.061,1.648
-24.33,-7.161,2.373
-24.6,-1.861,0.933
-10.738,-8.142,-4.242
-17.308,-15.681,-0.038
-17.485,-5.637,2.407
-7.271,-5.924,-0.83
-9.324,-4.658,3.383
-8.599,-2.476,7.439
-10.46,5.295,0.455
-12.834,8.762,2.297
-7.025,1.481,1.565
-22.021,11.384,6.553
-13.078,2.302,2.732
-17.502,2.687,-4.008
-15.152,3.046,2.091
-10.709,1.378,4.345
-18.267,2.771,0.136
-15.384,4.185,-5.211
-12.461,2.699,-4.823
-16.674,2.036,-1.103
-15.384,9.243,-0.89
-7.685,10.544,-1.885
-3.177,-0.431,-1.448
-14.186,14.162,-0.507
-8.305,13.798,2.562
-4.338,8.896,3.357
-6.273,7.223,1.029
-7.032,11.245,2.452
-7.714,12.449,3.017
-8.314,9.47,3.854
-10.769,5.711,4.728
-13.776,5.632,4.522
-16.399,6.639,2.986
-17.978,6.407,1.601
-18.708,4.276,-1.062
-19.959,3.642,-1.053
-18.162,4.235,-0.696
-15.255,2.771,-1.613
-14.056,3.295,-1.077
-13.485,3.816,0.184
-13.891,2.476,-0.115
-14.126,1.974,-3.027
-13.623,2.888,-4.888
-11.831,3.405,-5.249
-10.482,3.613,-4.266
-11.838,3.24,1.263
-13.927,-0.031,-1.897
-14.444,-3.347,-8.915
-13.925,-0.943,-9.262
-14.707,-0.689,-7.589
-15.097,-2.919,-8.175
-32.168,48.065,12.094
-10.975,22.67,7.257
-8.786,22.277,9.221
-9.185,19.227,5.137
-6.912,11.506,1.247
-3.78,12.937,8.501
-1.462,22.483,10.35
4.206,13.7,11.41
0.11,10.056,4.008
-4.323,10.401,10.518
-7.506,10.635,12.197
-1.778,8.707,8.343
3.28,5.405,5.178
2.89,4.544,6.371
2.309,4.515,8.494
2.012,6.034,8.12
-0.026,4.622,6.496
0.794,0.725,8.998
3.029,2.938,6.754
2.799,5.096,5.627
-0.354,5.24,4.496
1.258,0.636,8.061
-0.292,0.522,7.104
-1.333,5.079,8.623
0.285,5.254,6.309
-0.644,-1.732,6.436
-2.038,1.345,6.883
-2.048,3.508,8.575
-3.247,2.735,4.132
-8.223,1.172,0.002
-4.957,-2.713,0.213
-2.409,1.491,3.519
-2.359,6.596,7.709
-3.933,4.134,6.407
-9.073,-10.207,7.206
-9.022,-6.297,2.9
-4.972,4.06,5.742
-3.065,6.436,8.805
-8.776,-2.692,6.972
-9.377,-5.209,5.161
-7.946,-3.663,6.113
-9.616,-7.104,9.518
-11.408,-3.357,8.357
-12.097,-1.912,9.4
-11.152,-3.941,9.034
-12.941,-3.957,5.687
-13.059,-0.29,7.637
-13.528,1.208,6.632
-13.3,-1.022,4.175
-14.181,-3.263,1.751
-17.124,-4.4,0.983
-18.973,-2.043,-2.804
-18.98,-3.89,-3.575
-21.832,-6.692,-1.864
-18.827,-3.787,-1.381
-22.024,0.876,-3.268
-19.916,-3.103,-2.768
-18.294,-9.52,-3.218
-19.617,-13.135,-0.859
-13.31,-11.633,-1.96
-15.231,-8.144,-0.895
-12.834,-6.62,1.093
-12.109,-6.158,-0.524
-6.158,-9.03,3.833
-12.965,-1.854,-0.239
-17.014,-8.68,-0.443
-12.64,-8.752,0.883
-15.382,-7.003,2.311
-11.542,-6.496,-1.156
-10.523,-3.33,-2.838
-8.467,-3.11,-5.402
-8.08,-2.187,-4.417
-10.02,-2.603,-3.775
-11.018,2.859,-5.613
-4.192,-0.562,-7.379
-7.431,-0.479,-6.965
-7.876,4.608,-3.436
-7.238,4.343,-5.364
-5.381,5.575,-10.111
-9.52,0.237,-7.695
-11.317,5.163,-5.859
-8.087,6.838,-3.122
-6.819,9.415,-1.936
-10.176,6.867,0.156
-7.879,7.261,1.086
-3.266,11.604,4.862
-4.587,12.295,4.252
-8.891,11.011,4.544
-8.348,13.607,3.158
-8.242,13.714,3.586
-9.365,9.668,3.163
-11.257,3.838,4.079
-14.535,-0.012,4.232
-17.006,0.103,2.909
-20.43,3.199,1.857
-22.847,4.89,0.043
-21.103,6.766,-1.792
-16.954,5.694,-1.919
-14.303,3.553,-1.325
-14.944,2.701,-1.383
-15.624,3.376,-2.921
-13.767,4.244,-3.752
-10.956,2.974,-4.565
-9.451,1.833,-4.666
-10.798,2.656,-1.462
-12.027,3.141,-1.235
-11.86,0.182,-6.259
-11.707,-1.151,-7.922
-12.537,-1.285,-7.238
-12.068,-4.666,-10.91
-34.192,2.082,1.278
-17.011,18.294,2.546
-16.186,27.627,8.819
-14.377,28.565,9.585
-9.312,23.687,5.058
-2.713,4.725,3.864
-6.556,-0.024,10.188
-1.345,8.424,16.662
9.393,14.774,12.748
-2.184,6.893,12.717
-5.271,8.13,10.755
-3.529,5.52,12.114
-0.156,9.604,9.544
-0.782,9.015,14.31
-1.395,7.008,9.367
-0.514,2.405,7.75
-0.648,0.433,9.223
0.687,2.23,10.482
1.113,1.125,7.381
1.565,-2.436,5.379
0.356,-1.727,8.113
-1.117,0.512,8.034
-0.861,1.086,10.25
0.002,2.314,7.752
-0.629,1.78,7.482
-1.574,2.366,8.738
-1.01,0.577,8.893
-1.091,-1.548,5.725
-0.474,-3.692,5.699
-1.309,-4.17,5.764
-1.407,-2.431,8.312
-2.086,-0.486,8.731
-3.046,-0.371,9.549
-3.632,1.445,8.764
-2.495,1.89,8.465
-4.027,2.06,8.238
-4.02,-0.218,7.936
-4.575,-2.172,6.017
-4.163,-2.407,6.644
-3.749,0.124,7.113
-2.543,-0.117,6.898
-4.977,-0.725,5.747
-6.388,-0.818,6.281
-6.924,1.491,7.309
-6.379,-0.368,8.52
-6.283,-4.749,7.905
-7.465,-3.799,6.745
-8.903,0.823,5.934
-8.644,1.519,3.778
-10.554,-1.787,4.508
-12.968,-0.816,3.608
-15.576,5.814,2.728
-15.903,3.409,3.955
-17.987,3.295,2.531
-21.201,1.67,0.715
-20.44,-0.352,0.684
-22.808,-1.648,2.005
-22.012,-2.251,0.457
-23.514,-10.097,0.038
-16.679,-12.834,2.68
-24.356,-4.098,5.532
-10.692,-6.972,4.405
-22.648,-15.035,4.582
-3.883,-9.594,7.281
-8.644,-2.113,1.302
-9.53,-4.18,-1.335
-14.789,-6.958,2.945
-1.113,3.862,-1.206
-9.934,11.214,-1.859
-16.796,2.881,1.677
-15.966,5.788,1.574
-12.786,9.984,0.842
-15.255,13.791,3.058
-13.652,-1.258,0.349
-19.526,-5.862,-3.754
-9.929,9.006,-1.622
-11.685,7.058,-1.383
-17.162,0.304,-3.441
-11.396,1.744,-4.744
-9.264,5.826,-4.962
-12.434,5.254,-4.477
-11.46,11.204,-3.749
-8.63,13.303,-4.658
-10.212,9.994,-6.749
-5.383,5.807,-1.012
-9.333,8.975,3.065
-7.675,13.671,4.137
-5.625,12.492,3.704
-8.647,10.346,2.268
-11.752,10.058,3.223
-11.807,6.541,2.859
-13.257,2.763,2.417
-16.097,2.354,2.826
-18.184,4.761,2.421
-19.337,4.785,0.045
-20.612,1.708,-2.438
-20.916,0.22,-2.424
-19.727,2.479,-0.014
-18.277,5.118,0.275
-15.97,7.118,-0.474
-14.023,6.986,-0.385
-12.915,4.737,-1.55
-13.109,2.505,-4.393
-13.011,2.292,-5.443
-11.24,3.347,-3.484
-11.559,2.768,0.854
-13.836,1.263,1.756
-14.573,-2.371,-5.579
-16.14,-0.366,-7.754
-18.112,-0.983,-9.979
-46.665,50.548,-3.134
-11.523,16.329,1.232
-8.116,24.782,5.967
-7.73,26.0,4.84
-8.649,8.917,-0.184
-4.084,3.969,4.546
-4.374,16.301,13.317
1.247,17.533,11.925
2.617,11.671,2.895
-3.539,10.403,8.252
-7.728,9.881,13.621
-0.998,11.36,8.666
1.56,10.472,6.678
0.287,9.338,6.235
-0.022,6.675,8.876
1.378,4.733,9.171
3.515,5.252,8.927
3.673,4.242,7.462
3.089,2.498,7.673
1.249,-0.421,7.563
1.388,2.172,6.807
1.148,3.347,7.381
-0.249,2.309,6.879
-0.62,-0.534,5.223
-0.825,-0.51,5.742
-2.347,2.455,6.481
-1.663,3.467,8.757
-1.605,0.419,8.668
-1.562,1.555,6.158
-1.412,2.16,4.448
-2.991,0.976,3.058
-3.39,0.038,4.328
-1.816,0.864,5.008
-6.618,5.898,9.061
-6.364,7.807,4.362
-2.323,-1.306,3.328
-4.998,-7.752,5.508
-7.876,0.713,5.546
-6.797,2.833,6.965
-5.087,-3.914,6.331
-6.62,-4.773,6.096
-9.355,-6.352,9.776
-8.02,-3.914,7.266
-8.056,-5.261,9.843
-7.214,-3.371,11.039
-9.989,-2.567,7.613
-12.908,-5.962,7.881
-8.955,-7.599,8.168
-12.154,-3.563,6.599
-11.626,-1.629,5.225
-10.994,-3.57,5.582
-13.779,-3.56,4.249
-15.681,-1.529,2.543
-17.841,-1.337,0.572
-18.155,-5.316,-1.507
-18.27,-9.109,0.093
-21.136,-0.557,0.51
-19.282,-1.912,-0.294
-20.445,-4.17,-1.261
-19.057,-6.211,-1.507
-19.667,-3.96,1.27
-18.696,-3.874,-1.058
-14.298,-14.023,-3.991
-9.269,-18.196,-0.79
-18.289,-5.237,1.294
-12.209,-10.824,1.483
-7.551,-11.24,0.112
-9.381,-0.548,0.498
-12.762,-2.44,5.869
-13.439,-2.735,3.653
-4.941,-8.455,2.242
-10.628,-6.19,0.258
-13.389,-1.524,-0.806
-6.515,-2.419,-3.797
-11.635,-0.749,-3.953
-10.176,-2.9,-0.696
-11.795,-2.359,-3.914
-8.771,0.892,-5.515
-5.658,3.369,-6.79
-9.343,1.792,-7.613
-10.209,0.809,-6.565
-8.908,5.175,-6.269
-6.596,8.496,-6.417
-7.831,6.938,-6.369
-7.388,6.135,-7.589
-7.762,-1.23,-6.556
-5.84,3.534,-0.658
-5.733,8.896,4.802
-6.345,10.661,4.656
-6.29,12.389,7.718
-5.12,10.783,7.489
-6.766,7.297,5.812
-7.807,6.063,6.656
-8.769,9.678,9.633
-12.061,11.025,8.467
-16.93,7.809,5.496
-20.268,4.984,3.22
-20.713,4.13,0.797
-20.806,4.168,-1.347
-21.593,2.562,-1.364
-21.536,0.012,1.122
-21.318,-0.187,1.278
-20.406,3.476,0.687
-17.186,5.63,-0.519
-13.939,5.18,-2.06
-11.542,3.462,-3.567
-10.03,2.388,-4.601
-9.745,1.572,-3.766
-10.427,1.031,-2.62
-12.193,1.56,0.804
-14.451,-1.565,-2.469
-16.018,-3.455,-10.02
-14.415,-2.326,-13.647
-21.198,1.572,-6.424
-21.904,21.916,12.616
-20.964,14.75,7.331
-10.549,18.502,5.575
-5.778,25.833,3.012
-7.635,14.832,6.548
-6.166,6.532,9.142
-11.537,7.328,12.133
17.107,4.833,9.29
1.196,7.879,7.974
-4.462,8.317,10.91
-4.996,11.841,12.729
-0.232,9.211,10.487
2.673,4.62,8.719
0.44,2.596,11.298
-0.567,5.532,9.451
-0.239,3.852,9.963
0.335,3.141,9.829
-0.749,1.01,10.563
-0.902,-0.455,8.398
0.601,-0.306,8.431
0.017,0.699,9.822
-1.23,2.62,10.398
-1.519,1.943,9.707
-0.474,1.955,8.348
-1.192,-0.584,7.826
0.581,-1.56,7.695
0.835,-0.864,8.709
-0.505,-0.333,9.156
-1.251,0.4,8.216
-1.617,-0.976,8.08
-1.321,-1.854,8.266
-1.27,-0.866,8.592
-1.907,0.869,8.324
-1.646,0.44,7.666
-0.323,-1.785,7.714
-0.648,-1.682,7.836
-2.211,0.589,9.604
-0.88,3.778,10.298
-0.402,2.397,9.558
-2.105,0.287,8.534
-2.486,-0.933,7.139
-3.12,-2.239,6.575
-3.33,-2.082,7.809
-3.644,-1.364,8.733
-3.429,0.813,8.47
-3.74,-1.751,8.082
-3.984,-1.251,8.484
-6.235,2.591,9.874
-8.376,2.718,10.838
-8.264,0.014,6.249
-6.264,-2.323,3.426
-7.386,-1.005,4.271
-10.346,1.596,3.833
-11.64,-0.426,3.058
-13.073,1.866,1.782
-16.576,9.592,5.52
-18.05,10.255,3.914
-17.262,-0.555,3.079
-21.052,-2.153,3.67
-20.189,-1.481,2.72
-14.667,-7.044,3.646
-17.901,-7.896,0.73
-21.93,-2.72,2.33
-10.18,-2.129,-0.447
-12.408,-14.657,-2.019
-13.846,-11.74,1.993
-7.797,-0.361,1.95
-5.508,-3.766,4.218
-13.571,-7.23,6.281
-11.365,-4.256,1.9
-11.054,8.51,5.687
-11.056,0.603,4.23
-13.006,8.879,3.711
-22.069,5.993,5.625
-20.014,6.529,2.675
-18.676,-1.144,4.438
-24.17,-2.433,6.089
-24.34,-1.0,9.57
-16.281,7.017,1.768
-13.209,6.465,-0.617
-11.106,-1.912,1.847
-17.514,4.565,3.201
-11.618,11.838,3.752
-12.212,2.373,6.924
-0.964,1.419,7.769
-2.606,11.298,9.276
-15.212,12.669,13.946
-13.152,10.515,11.951
-12.437,-0.187,7.678
-12.544,5.505,10.771
-16.884,8.211,11.31
-18.906,7.094,9.778
-23.459,3.986,4.656
-23.919,4.328,3.957
-22.304,1.002,1.129
-21.418,-1.782,-1.01
-18.275,-3.716,0.124
-16.348,-5.893,0.907
-17.877,-4.627,0.026
-18.645,-2.249,-1.371
-18.387,-0.708,-4.467
-19.1,0.584,-6.278
-19.502,1.129,-5.565
-20.033,-2.67,-6.235
-21.268,-3.993,-2.665
-18.275,-7.683,-4.259
-18.444,-7.845,-10.257
-17.545,-3.302,-9.36
-11.453,-6.477,-12.298
-36.774,8.195,-1.428
-20.904,11.578,-2.806
-26.847,26.821,-4.228
-23.134,19.767,2.053
-15.279,10.853,-0.421
-2.862,20.593,-1.916
3.072,18.547,7.915
-1.223,16.554,7.45
-9.716,8.092,0.345
-4.986,5.103,10.166
-2.728,5.572,8.671
-1.294,6.472,9.281
-3.036,8.654,6.529
-6.931,9.52,9.008
-7.257,7.242,7.836
-5.783,5.194,8.958
-3.594,2.972,7.649
-1.622,2.546,6.934
-1.505,0.526,7.582
-2.606,-0.591,11.326
-3.139,-0.079,11.358
-2.689,-0.184,9.979
-1.842,-0.952,8.381
-1.792,0.189,7.608
-0.947,2.156,9.757
-1.785,3.065,10.054
-2.239,2.01,8.826
-1.672,1.227,7.955
-3.196,-0.804,9.752
-2.943,0.364,9.494
-2.828,1.976,9.128
-3.84,1.605,9.326
-5.209,-0.282,10.075
-4.551,-0.048,8.802
-3.122,0.01,8.673
-2.964,0.043,7.568
-4.905,-2.543,7.551
-5.831,-2.847,6.766
-4.455,0.624,6.3
-2.809,2.426,6.513
-3.28,2.177,6.601
-4.398,0.144,6.443
-5.503,1.945,6.601
-5.563,2.306,6.424
-5.847,-0.273,5.661
-7.893,-2.134,5.462
-9.673,-2.242,7.706
-10.092,-0.861,6.735
-9.044,-0.337,5.261
-9.85,-1.828,5.063
-10.64,-3.821,5.218
-12.042,-0.644,3.634
-12.183,1.354,4.414
-11.963,3.534,1.459
-15.432,3.17,1.849
-17.447,3.175,2.603
-17.538,3.986,0.292
-18.825,-4.055,2.072
-21.215,-5.249,0.72
-22.045,2.409,-0.715
-16.279,-7.084,-1.66
-19.354,-10.456,0.955
-20.361,-11.379,-0.395
-13.925,-4.996,1.244
-17.588,-9.264,0.156
-13.552,-8.448,2.783
-9.329,-4.699,0.873
-4.831,-4.613,1.058
-7.52,-3.799,1.206
-2.658,0.234,0.373
-14.298,4.512,2.708
-13.597,6.953,4.936
-11.908,3.742,3.378
-14.982,4.967,0.703
-20.564,2.184,2.914
-16.698,1.218,-2.854
-9.884,-0.273,-1.979
-9.649,1.275,-5.924
-15.375,3.23,-3.627
-14.061,9.123,-5.864
-16.774,3.835,-7.338
-13.564,0.775,-4.986
-12.217,0.653,-1.931
-11.097,3.129,-1.701
-9.269,6.838,-1.141
-5.941,1.184,0.129
-2.299,6.804,-1.058
-14.985,13.185,7.979
-12.542,7.02,6.833
-5.201,6.51,3.137
-5.565,9.216,3.622
-8.97,11.42,3.761
-10.654,9.762,3.642
-13.425,4.268,3.941
-16.281,2.373,3.842
-18.44,4.228,3.414
-21.191,5.721,0.933
-24.093,4.972,-0.223
-24.33,3.45,-0.758
-22.316,4.563,-0.859
-19.354,4.546,-0.44
-17.566,3.319,-1.062
-16.234,5.474,-2.273
-14.076,5.417,-3.122
-11.338,3.594,-4.173
-10.398,1.318,-4.027
-11.001,1.321,-2.335
-12.441,0.806,-0.376
-13.561,-0.476,-2.634
-14.576,-0.5,-7.288
-16.188,-0.524,-8.216
-17.576,-1.78,-5.85
-45.299,-20.775,30.101
-21.107,30.926,10.477
-6.151,8.073,-0.924
-5.558,17.626,-1.56
-12.071,16.265,5.108
-9.034,15.456,6.807
-8.271,18.074,9.829
-1.347,16.205,10.673
2.314,10.8,10.511
7.283,9.472,4.544
-3.448,16.947,8.388
-5.362,14.542,9.015
-4.039,8.608,8.549
0.378,8.29,6.541
5.228,10.243,8.735
6.764,6.544,10.295
3.474,6.994,6.046
2.098,3.842,5.735
1.904,1.998,4.56
0.34,3.165,7.982
0.498,4.584,9.228
2.428,3.342,3.878
-1.014,-0.603,1.242
-1.404,-0.16,7.458
-4.034,-0.206,9.412
-2.072,1.452,8.376
-1.869,-1.78,4.46
-1.01,-5.223,4.467
-1.459,0.665,2.232
-0.337,5.02,8.228
-4.57,5.364,3.039
-3.735,-1.682,4.548
-2.539,-4.156,6.077
-4.438,1.893,5.883
-6.479,6.642,7.364
-4.644,5.876,4.266
-6.874,-2.299,5.948
-5.221,-2.302,7.159
-5.835,1.802,5.233
-4.149,1.072,6.202
-7.015,-2.799,8.245
-8.97,-1.333,4.979
-10.695,0.849,8.654
-7.893,2.792,7.218
-9.893,-3.457,8.647
-12.891,-4.11,8.97
-13.073,-0.388,6.388
-14.035,-3.139,8.742
-10.573,-3.182,7.223
-9.841,-3.074,6.348
-10.728,-1.361,5.661
-13.652,-3.72,4.943
-15.781,-7.013,2.811
-16.2,-2.577,2.957
-15.875,-1.713,1.914
-15.205,-1.919,0.457
-19.009,-8.18,0.615
-19.387,-9.508,0.871
-16.837,-5.57,-0.086
-20.461,0.684,0.672
-18.887,-6.659,-0.378
-17.502,-10.336,-0.029
-15.045,-8.965,-1.05
-18.617,-7.297,-4.922
-11.671,-7.075,-0.672
-10.791,-7.573,-1.598
-10.506,-4.13,-0.069
-11.996,-5.326,0.383
-10.085,-6.919,0.833
-11.367,-0.646,2.723
-11.685,-2.536,3.321
-8.23,-5.718,-0.61
-6.68,-4.878,-0.636
-8.903,-6.269,-2.242
-12.001,-3.254,0.34
-11.269,-3.874,-3.144
-7.467,-1.113,-6.036
-6.816,1.156,-6.247
-8.979,0.835,-4.154
-10.944,-0.727,-10.013
-11.355,0.687,-12.099
-7.733,-0.476,-8.831
-10.269,2.201,-7.369
-10.575,6.149,-7.714
-9.331,5.453,-9.501
-9.36,2.405,-10.097
-9.417,1.885,-6.584
-10.238,6.69,-1.893
-9.994,9.417,0.352
-9.501,7.941,3.381
-9.073,3.764,4.668
-8.163,4.692,5.273
-9.132,8.211,8.252
-6.69,8.726,9.661
-5.981,10.219,9.183
-9.417,10.848,6.682
-13.602,8.664,7.305
-15.758,6.245,7.314
-15.86,6.017,5.682
-16.88,5.015,3.503
-18.703,3.173,0.979
-19.21,1.213,-0.275
-17.92,0.057,0.263
-16.509,-0.086,1.538
-16.179,0.847,1.515
-15.758,3.522,2.139
-14.695,4.414,1.065
-13.004,2.541,-3.005
-11.496,2.381,-5.402
-10.984,2.357,-3.653
-11.015,1.268,-2.299
-11.594,0.069,-1.318
-12.908,-3.594,-4.546
-15.011,-5.256,-7.044
-16.6,-0.945,-10.64
-48.407,-4.266,9.967
-21.581,13.442,10.702
-5.74,19.787,6.199
-5.623,28.254,1.66
-9.061,18.71,-2.01
-4.651,8.673,5.812
-2.766,11.023,10.922
-4.967,11.511,13.657
9.013,13.406,10.625
0.167,8.731,5.802
-6.974,9.807,9.097
-2.744,5.302,11.2
1.352,3.22,7.919
2.108,4.847,6.429
0.313,3.658,8.788
-1.4,2.988,10.81
-2.299,2.266,10.767
-2.077,0.414,8.594
-1.967,0.725,8.276
-1.091,-1.067,7.568
-2.366,-1.976,9.046
-0.95,0.462,9.472
-0.069,2.149,7.314
-1.931,-0.66,6.994
-2.373,-2.218,6.625
-1.115,-0.067,7.171
-1.146,2.015,7.836
-3.61,2.211,8.034
-4.654,0.086,7.874
-3.685,-1.069,7.144
-2.536,2.041,7.087
-2.948,3.773,6.79
-3.204,0.73,6.058
-5.4,1.534,7.647
-4.953,6.84,7.766
-4.374,6.974,6.462
-2.139,5.163,4.096
-3.003,1.184,5.448
-4.517,1.424,4.087
-10.013,-0.483,6.135
-7.709,5.558,5.472
-6.697,1.201,6.036
-7.266,0.483,5.472
-10.123,-2.259,4.101
-11.396,-1.974,5.773
-11.592,3.622,3.445
-12.635,4.579,4.673
-12.587,5.039,3.898
-12.776,3.058,2.567
-16.09,3.651,2.275
-14.631,6.218,1.534
-16.482,4.005,-0.29
-19.803,0.897,-0.519
-16.949,2.464,0.658
-18.722,-1.093,-0.651
-22.301,-0.055,-0.816
-24.376,-2.878,-0.909
-16.801,0.345,0.83
-17.873,1.225,-1.323
-13.841,-3.979,1.192
-14.004,-6.015,-0.684
-17.585,-6.096,0.447
-10.932,-3.524,2.94
-13.954,-1.412,1.536
-11.824,-3.007,2.541
-8.52,-2.488,4.517
-11.279,8.384,4.072
-7.238,3.847,-1.105
-9.417,-3.407,-3.608
-10.494,-0.273,0.208
-14.619,-1.852,-0.108
-9.537,-0.689,-2.134
-9.14,-2.381,1.385
-11.815,-2.529,-3.352
-10.616,-1.146,-1.888
-8.482,0.651,-1.998
-7.539,0.902,-1.895
-5.883,1.943,-4.622
-4.199,0.959,-6.35
-3.993,-1.644,-7.489
-4.371,-3.005,-7.015
-4.668,-0.048,-5.39
-5.374,-1.314,-3.577
-5.981,-2.842,-4.134
-2.187,-4.139,-4.572
-1.235,-4.974,-5.125
-1.074,-3.756,-6.895
2.196,-3.216,-8.53
3.185,-3.596,-9.58
4.357,-1.912,-11.783
3.766,-1.048,-12.523
2.381,0.754,-13.047
2.156,2.165,-12.54
2.797,-0.368,-11.599
2.165,-4.094,-12.202
0.529,-4.654,-14.657
1.364,-2.172,-15.157
3.718,0.773,-13.453
6.321,0.768,-10.408
6.941,-0.234,-9.704
2.704,-2.835,-7.491
-2.0,-3.536,-4.283
-3.979,-3.713,-6.182
-1.72,-4.182,-6.733
3.488,-3.005,-8.128
2.897,-3.084,-7.419
-0.452,-4.532,-6.529
-1.036,-3.771,-7.692
0.962,-0.825,-9.185
2.01,0.177,-10.269
-0.648,-0.261,-9.764
-1.182,-1.503,-11.446
0.541,-2.373,-14.212
0.947,-0.132,-12.831
-0.768,-0.912,-11.379
-1.069,-2.031,-11.401
0.577,-0.345,-10.551
0.474,11.413,-18.71
-23.526,-11.07,-2.862
3.728,-10.389,-19.255
1.936,-2.747,-12.19
-2.11,-17.913,-16.169
0.603,-2.498,-12.953
-0.555,0.325,-13.956
-3.534,-0.567,-12.65
-4.91,-2.873,-8.86
0.452,-2.309,-7.647
0.371,-3.493,-9.302
-0.94,-3.586,-9.353
-2.74,-1.859,-10.472
-0.828,-3.649,-9.781
-0.457,-5.45,-12.824
-1.192,-7.391,-12.08
-2.45,-4.878,-9.4
-2.314,-1.383,-7.876
-0.617,-0.251,-9.278
1.093,-0.957,-10.853
0.622,-0.964,-10.092
-0.488,-0.084,-9.269
0.462,-0.388,-9.412
0.718,0.388,-8.75
-0.691,2.007,-7.936
-0.983,1.16,-7.996
0.675,-0.373,-9.257
1.366,-0.694,-9.348
-1.34,-1.249,-8.898
-1.462,-2.644,-9.455
-0.146,-5.211,-9.386
-1.493,-1.287,-10.539
1.163,-1.62,-9.666
6.821,-2.027,-10.75
6.714,-0.294,-7.632
8.319,2.622,-7.118
7.996,5.489,-8.702
7.819,4.11,-9.807
5.979,2.651,-9.939
3.455,-2.696,-10.927
10.02,6.125,-14.846
6.68,-0.309,-11.554
7.077,-2.12,-12.303
6.972,1.187,-10.171
5.113,4.924,-8.946
7.056,3.082,-14.777
10.683,11.793,-14.265
6.525,7.305,-12.482
8.53,0.301,-12.618
0.543,-5.187,-10.058
-12.403,1.4,-8.369
-8.427,0.72,-6.654
-7.989,5.06,-10.348
-1.517,3.589,-11.748
-0.392,1.175,-11.573
-3.137,1.242,-10.824
-2.187,6.809,-7.568
-3.582,-0.878,-8.934
-2.342,5.051,-12.176
0.306,1.318,-10.044
-19.083,3.933,-9.877
3.816,5.285,-9.57
5.594,2.082,-11.879
-7.458,0.112,-12.573
-4.173,-0.897,-10.252
-4.45,0.483,-9.513
-2.079,5.209,-12.92
-2.034,5.505,-9.415
-2.417,3.515,-10.429
-0.809,3.216,-11.41
0.519,2.673,-8.91
-0.467,2.84,-10.647
-0.799,5.149,-9.551
-3.254,3.905,-9.97
-0.77,0.412,-12.74
6.833,0.682,-12.02
1.692,3.965,-9.288
-0.443,7.192,-7.599
-0.005,4.835,-5.625
4.417,5.34,-7.333
2.625,6.245,-5.379
-0.766,7.309,-5.558
2.263,12.226,-7.668
2.84,8.857,-9.826
1.672,8.338,-10.47
-5.39,4.165,-10.121
-2.534,5.871,-7.537
-3.469,13.006,-9.065
-1.9,7.589,-8.24
0.27,5.654,-5.996
0.823,8.623,-5.056
-1.627,8.731,-5.697
-2.967,8.034,-6.015
-0.847,9.295,-5.237
1.821,8.733,-5.926
0.615,3.452,-7.527
2.524,4.567,-5.443
-0.634,7.166,-2.718
-2.184,9.542,-0.876
-1.469,9.467,-2.491
-0.201,7.857,-4.106
1.053,6.62,-5.556
1.727,7.271,-6.233
1.912,6.694,-6.252
0.557,6.058,-4.706
-0.301,6.929,-3.89
0.947,7.666,-3.476
2.113,7.446,-3.529
1.971,7.199,-2.651
1.369,8.408,-1.629
0.737,9.508,-0.56
-0.957,9.106,2.629
-1.182,8.972,0.684
-0.84,8.982,-0.895
0.672,9.57,-0.457
2.029,11.075,0.419
1.297,9.97,1.457
0.433,6.948,2.273
0.691,5.635,2.01
2.17,7.094,1.68
1.648,9.759,6.692
1.598,10.812,5.62
1.352,7.295,4.424
-2.108,4.333,4.773
-7.541,4.756,6.752
-6.702,7.314,7.372
-3.438,8.549,8.252
1.127,9.054,9.731
2.29,8.982,9.812
-2.129,7.319,10.982
-5.874,9.321,9.802
-4.692,9.123,10.312
-1.215,8.204,8.927
-1.05,8.247,8.192
-2.323,8.424,7.805
-0.904,7.785,6.362
0.732,5.876,5.958
1.306,4.347,6.202
0.371,4.017,7.261
0.912,4.512,6.027
0.854,3.208,5.874
1.967,3.634,5.446
1.323,2.632,7.333
1.024,4.118,7.419
0.495,3.692,8.242
0.813,2.168,6.62
1.692,2.091,7.3
1.699,3.455,9.214
1.83,3.96,9.546
1.531,2.323,10.192
2.546,2.464,10.489
2.842,3.775,8.984
3.862,4.936,8.807
2.955,5.168,7.529
2.373,3.058,6.245
3.015,2.196,5.678
2.737,1.852,6.726
0.287,2.194,8.25
-1.603,3.397,6.089
-1.371,3.048,6.752
-1.213,-0.67,9.444
-1.328,3.139,8.073
0.038,5.989,5.919
0.737,4.73,5.345
-2.634,-0.921,5.737
-2.584,1.766,5.63
-2.261,3.543,5.319
-2.015,5.01,5.424
-4.261,0.165,5.338
-4.345,-0.419,2.74
-6.161,4.697,11.996
-2.62,6.879,7.039
-1.038,2.802,1.383
-6.178,-2.043,5.015
-6.168,-2.512,6.766
-4.0,4.998,7.718
-4.383,6.568,9.967
-5.099,2.012,3.357
-4.68,-0.737,7.47
-10.922,-2.503,9.338
-7.91,0.28,9.367
-1.838,0.78,8.716
-10.609,-0.414,2.749
-9.652,-9.329,6.163
-4.572,-4.331,4.78
-9.357,2.653,8.795
-10.841,-1.73,2.802
-11.111,-6.754,5.18
-13.011,-1.845,4.079
-17.459,3.438,2.661
-16.671,1.57,3.029
-15.26,-0.151,1.799
-16.98,1.359,-3.28
-19.954,0.414,-3.926
-19.693,0.488,-4.244
-27.766,-1.11,2.115
-24.024,-4.687,2.405
-25.735,-11.719,0.998
-22.488,-11.039,-1.701
-22.028,-12.712,-1.426
-28.036,-17.358,1.024
-19.88,-14.683,-0.218
-17.662,-8.07,2.108
-13.492,-8.305,3.754
-3.649,-10.36,2.862
-9.668,-12.329,-0.644
-7.565,-2.115,2.467
-4.871,-0.335,3.577
-9.527,-4.407,1.89
-9.374,-2.797,-1.677
-10.482,1.926,-2.582
-6.706,1.84,-4.335
-12.255,2.0,-2.464
-13.121,-0.017,-4.23
-11.53,-1.306,-4.441
-10.47,2.718,-2.541
-11.733,4.321,-5.685
-13.698,-0.206,-4.649
-10.85,3.29,-4.378
-10.709,5.13,-4.797
-12.31,7.632,-2.696
-6.764,5.388,-4.821
-8.341,3.543,-6.154
-7.527,8.668,-2.292
-5.383,6.001,0.916
-10.152,10.018,3.108
-9.936,4.735,0.924
-1.744,6.441,3.488
-3.383,9.762,5.857
-7.462,13.561,5.651
-5.821,15.851,4.895
-7.666,15.707,4.85
-10.429,11.827,4.993
-13.652,5.651,4.273
-16.212,2.651,1.859
-19.397,2.905,1.598
-21.521,3.213,-2.237
-21.916,3.429,-2.405
-18.961,4.943,-0.33
-15.561,5.134,-0.055
-13.707,4.933,-0.335
-11.604,5.568,-1.232
-11.027,3.73,-3.61
-11.207,2.639,-5.429
-11.695,1.979,-5.137
-12.303,0.792,-1.505
-13.042,1.268,-2.641
-14.109,1.974,-7.06
-14.827,1.316,-7.986
-12.695,-0.962,-11.006
-15.552,6.979,-8.994
-24.175,33.764,10.276
-19.267,21.15,-1.359
-12.41,28.795,7.317
-9.836,32.972,2.57
-8.209,5.826,2.225
-14.915,3.027,1.136
-0.656,7.357,15.408
8.788,15.841,11.719
-4.144,10.377,11.791
-4.022,9.542,6.429
-1.156,5.809,10.98
1.153,6.034,11.425
-0.548,6.355,10.901
1.347,5.716,10.027
1.156,3.883,9.199
0.105,4.151,8.963
-0.045,5.371,12.15
0.184,2.364,12.011
0.782,0.139,10.188
-0.194,0.0,9.867
-0.938,2.108,9.747
-1.383,2.409,9.68
-1.926,2.637,9.975
-1.833,2.225,11.48
-1.419,0.268,9.111
-0.163,-0.859,6.986
0.397,-0.208,7.288
-1.302,1.089,8.178
-1.297,0.062,8.367
-1.007,-1.237,6.86
-0.849,-1.625,9.03
-0.656,-1.258,9.542
-0.337,-1.646,7.443
-0.081,-0.995,6.52
-0.802,-1.349,7.123
-0.857,-3.584,7.994
-1.292,-1.462,7.692
-0.962,2.716,8.498
0.0,2.419,7.618
0.328,0.768,8.128
0.66,-1.436,9.314
0.12,-2.778,8.044
-0.682,-1.668,7.506
-1.148,-0.292,6.584
-2.137,0.158,9.7
-2.512,0.132,9.121
-3.335,-3.627,7.415
-5.572,-4.036,7.697
-8.029,0.254,8.972
-8.898,1.345,9.094
-7.049,-1.261,6.048
-5.163,0.213,3.199
-6.769,-0.502,3.51
-9.307,-3.161,3.333
-14.76,-0.732,1.27
-18.755,4.072,3.869
-17.179,9.836,7.446
-18.846,2.936,5.481
-18.03,1.031,5.192
-21.816,-2.187,3.708
-13.499,-8.953,4.175
-19.002,-7.458,3.828
-17.863,-3.711,1.287
-21.94,-3.567,2.967
-13.997,-10.822,-0.656
-12.834,-4.668,1.11
-15.468,-6.182,5.819
-2.168,-15.784,-0.122
-10.204,-5.371,8.295
-12.348,4.989,5.51
-4.938,0.991,3.869
-6.216,0.723,1.888
-14.698,0.084,2.701
-19.227,7.202,-0.225
-20.088,8.97,3.965
-19.586,-0.986,1.577
-24.447,-8.666,4.855
-23.904,1.278,4.637
-24.234,3.883,5.383
-17.279,6.07,1.29
-16.801,2.603,1.184
-13.872,-2.632,5.917
-15.423,-2.259,5.577
-12.528,8.759,4.127
-11.874,6.158,6.895
-9.123,-4.438,10.932
-9.36,1.098,11.506
-5.264,16.619,8.742
-7.245,17.619,12.13
-15.54,10.305,8.996
-14.884,5.505,9.233
-17.652,5.623,9.96
-21.729,6.13,9.391
-22.622,3.455,6.613
-21.445,-0.287,3.309
-21.248,-3.409,-0.471
-19.081,-3.118,-3.467
-14.645,-3.553,-3.845
-12.451,-4.649,-4.871
-13.544,-4.043,-5.472
-15.265,-1.199,-2.952
-17.095,1.438,-2.761
-17.947,1.785,-3.618
-16.894,1.73,-1.677
-18.109,-1.859,-2.306
-21.356,-4.082,-7.63
-22.076,0.328,-6.474
-18.559,0.778,-7.348
-17.447,1.093,-5.187
-13.358,3.642,-4.304
-16.6,19.315,-13.095
-20.782,26.794,2.639
-20.043,16.291,8.953
-12.264,7.86,0.852
0.766,13.209,6.809
2.158,11.319,12.161
-0.452,15.865,7.63
-7.704,7.484,6.795
-3.199,9.613,10.422
-2.696,12.099,7.881
-4.11,9.704,8.357
-5.639,4.491,5.393
-3.775,2.409,6.352
-3.266,3.345,6.056
-3.417,2.641,11.769
-2.35,2.024,9.424
-1.883,1.086,8.352
-1.723,-1.22,7.915
-2.046,-1.615,8.931
-2.421,-0.467,12.171
-2.845,0.727,11.259
-2.335,1.495,8.183
-1.151,1.826,7.395
2.673,7.4,9.29
3.096,5.29,8.183
1.747,2.402,6.288
1.519,1.663,7.108
0.933,3.187,9.568
0.165,3.869,8.125
0.684,1.476,6.594
0.696,1.242,5.804
0.746,2.065,8.307
-0.258,3.204,8.238
-1.536,3.364,5.929
-3.488,2.713,5.414
-2.297,1.854,8.329
-1.361,3.065,8.62
-0.354,3.168,4.713
-2.584,-5.35,4.709
-3.352,-3.129,4.376
-5.134,5.929,6.764
-5.115,7.642,4.567
-4.283,-0.211,3.378
-5.048,-1.048,6.568
-4.701,1.225,8.113
-4.809,3.321,6.589
-7.781,3.565,6.431
-9.307,-4.749,7.005
-5.309,-4.101,6.295
-5.874,-3.254,5.678
-5.74,2.017,6.659
-10.537,-0.569,8.096
-11.506,-2.62,6.273
-8.116,-6.036,6.166
-8.795,-9.266,6.513
-11.908,-4.211,9.922
-11.25,-0.627,6.778
-10.448,-2.673,7.156
-13.985,-5.321,6.544
-13.738,-4.462,4.811
-15.095,-1.713,3.462
-15.93,0.629,2.414
-19.282,-2.024,0.349
-20.586,-7.127,-2.902
-20.466,-7.261,-1.268
-19.483,0.337,-0.124
-16.954,2.783,-4.01
-19.535,-10.951,-1.541
-17.829,-7.407,-0.089
-23.574,-1.342,0.421
-14.056,-4.185,-1.27
-10.779,-9.061,-0.804
-14.93,-10.81,3.177
-15.758,-14.279,2.101
-15.645,-8.374,1.909
-12.659,-6.45,2.589
-8.496,-8.12,3.027
-10.695,-7.017,0.014
-8.544,-5.958,1.756
-8.324,-6.673,1.141
-8.943,-2.029,-2.077
-8.068,-1.598,0.565
-10.312,-5.28,-1.768
-5.852,-3.019,-5.752
-11.456,4.328,-4.816
-6.563,-0.725,-4.259
-7.424,-0.239,-6.91
-11.381,2.113,-4.989
-11.03,8.293,-7.273
-12.97,1.486,-7.34
-4.247,-0.639,-7.604
-7.271,5.197,-4.505
-13.068,7.592,-6.12
-9.372,7.654,-6.063
-5.85,4.56,-6.527
-6.328,5.934,-2.658
-9.891,7.939,-0.189
-8.25,9.03,2.041
-6.749,10.592,6.266
-5.376,6.745,5.197
-7.738,7.632,5.237
-8.175,12.788,5.302
-6.285,16.384,3.835
-9.489,14.846,3.388
-13.348,7.867,3.469
-14.879,1.309,3.646
-15.65,1.608,3.115
-19.466,4.008,2.283
-22.402,4.831,-0.445
-21.449,3.637,-0.127
-17.164,3.515,0.603
-14.501,3.783,1.785
-13.788,4.484,0.38
-13.425,4.034,-2.232
-12.197,2.261,-4.122
-10.568,1.737,-4.804
-10.642,1.058,-4.424
-11.786,2.096,-0.888
-11.87,2.414,-2.629
-12.803,0.914,-5.383
-14.195,1.206,-5.752
-14.647,0.622,-10.379
-11.338,-1.778,-13.724
-25.148,22.107,14.255
-24.366,12.946,6.106
-5.536,21.627,5.85
-7.862,28.216,-1.278
-9.623,18.193,1.778
-5.434,7.47,6.57
-7.12,7.762,14.329
3.094,10.458,11.597
6.52,9.398,6.783
-2.888,10.101,10.293
-4.122,6.946,12.853
-3.137,5.314,12.506
1.881,4.548,6.917
2.409,4.481,7.766
-0.292,3.742,10.602
-0.268,5.486,12.207
-0.546,5.63,11.267
1.426,4.359,8.678
0.959,0.608,9.508
-0.476,-0.361,8.991
-1.861,2.208,12.494
-1.785,3.311,10.343
0.158,1.983,7.941
0.888,1.127,6.941
-2.141,0.292,9.085
-1.816,0.01,8.415
-1.12,0.821,8.183
-1.297,-0.349,6.771
-1.519,-0.579,7.094
-1.184,-1.916,7.764
-1.474,-1.692,7.271
-2.414,-0.701,7.422
-2.146,-0.744,8.025
-1.019,-0.11,7.752
-1.146,1.916,8.096
-2.852,1.852,8.728
-3.06,1.022,7.941
-2.0,0.01,6.804
-2.469,1.043,7.214
-4.512,0.727,6.357
-3.433,-0.557,6.426
-3.419,-2.314,5.63
-5.864,-2.79,5.596
-6.381,-2.462,6.608
-6.489,-2.352,7.568
-7.259,-1.192,8.522
-8.314,1.117,7.802
-8.23,0.203,6.659
-8.329,0.443,5.979
-9.448,0.479,6.745
-10.329,4.268,2.682
-12.76,1.091,3.287
-13.686,5.584,3.888
-17.492,8.821,3.268
-15.994,6.539,3.259
-18.818,-2.058,1.189
-16.949,-1.294,1.213
-20.239,0.998,-0.306
-24.445,-9.044,1.603
-24.239,-7.278,0.581
-18.449,-6.474,0.957
-20.356,-9.343,4.024
-14.932,-10.283,-0.562
-14.748,-6.79,2.168
-13.097,-4.323,5.469
-4.84,-6.919,2.321
-4.015,-8.123,-0.897
-9.764,-2.103,8.525
-16.712,-0.199,2.888
-10.755,1.763,0.548
-12.532,9.446,-0.636
-12.274,7.668,1.273
-14.755,6.003,-0.256
-13.8,6.682,-5.333
-11.204,1.055,-3.895
-14.664,4.479,-3.467
-16.36,4.321,1.148
-15.961,3.481,-4.395
-15.387,4.024,-1.914
-13.573,1.026,-3.065
-17.128,5.256,-1.148
-11.228,9.606,-0.462
-9.824,7.62,-2.043
-10.238,2.249,-1.357
-9.824,6.592,0.388
-9.006,11.188,-2.682
-11.779,7.939,4.945
-8.862,6.678,5.723
-6.099,8.668,5.594
-6.871,8.888,3.95
-11.841,9.838,2.94
-12.999,7.044,4.051
-12.217,3.914,4.132
-14.339,4.11,2.383
-18.387,4.716,1.486
-21.201,4.412,0.189
-21.304,4.091,-1.244
-19.576,3.842,-1.074
-18.248,3.984,0.325
-16.908,3.192,-0.225
-14.992,5.45,-0.711
-13.178,6.278,0.529
-11.841,4.23,-2.373
-12.135,1.5,-4.957
-11.666,1.818,-5.003
-10.853,4.288,1.127
-10.884,1.467,-0.632
-13.068,-2.845,-6.278
-15.784,-0.605,-6.096
-15.463,1.931,-4.759
-12.87,-3.802,-7.549
-33.513,44.346,4.771
-24.392,10.279,6.185
-1.065,20.878,-0.883
-0.668,26.668,1.493
-9.534,14.107,5.118
-12.839,12.083,8.68
-8.183,11.489,12.788
-0.787,12.319,10.898
7.479,14.58,4.515
-0.665,10.733,3.838
-6.147,12.008,9.704
-7.328,7.943,10.393
-1.034,6.529,6.788
3.12,6.508,7.345
2.57,6.948,9.747
2.431,6.558,11.315
2.486,6.29,7.826
3.551,4.905,7.666
2.701,3.464,8.934
1.881,3.864,10.264
1.361,5.656,8.36
1.483,3.735,6.326
1.646,-3.244,6.69
-0.234,-2.833,7.991
-1.866,2.476,8.436
-0.526,6.283,10.279
-1.297,5.68,7.637
-0.486,2.395,5.206
-2.682,4.213,5.041
-2.067,5.082,9.355
-0.536,2.658,6.168
-0.699,-3.658,2.783
-1.957,-5.23,1.201
-4.02,-0.316,3.266
-3.89,6.237,5.235
-1.603,11.291,6.991
-4.268,4.079,2.582
-9.185,-9.75,5.436
-7.465,-8.132,5.422
-1.024,4.515,3.424
-2.83,4.082,9.19
-7.178,-0.761,4.838
-8.317,-2.634,6.886
-9.714,-2.184,8.843
-9.96,-0.785,9.989
-7.238,0.713,7.29
-10.121,-1.605,8.125
-10.023,-0.792,9.03
-12.353,-2.684,9.022
-8.312,-5.958,7.568
-10.657,-2.948,8.424
-13.276,-4.445,6.883
-12.894,-3.828,5.998
-12.874,-1.84,4.474
-15.564,-1.139,4.673
-17.076,-2.493,2.175
-18.057,-4.12,1.479
-16.485,-1.115,-0.486
-17.337,-1.019,-0.632
-16.236,-3.342,-3.11
-21.325,-2.16,-3.127
-16.803,-2.436,0.103
-19.124,-6.094,0.309
-19.863,-12.807,-0.002
-19.04,-10.539,1.196
-13.401,-5.74,0.89
-9.25,-10.288,-0.426
-14.994,-10.518,0.462
-13.903,-7.833,3.426
-4.63,-10.992,0.708
-10.006,-11.011,2.574
-9.654,-1.103,2.684
-3.787,-3.12,1.316
-13.934,-3.814,1.608
-9.281,-3.275,-0.4
-4.488,-4.991,0.045
-4.383,-1.763,-4.599
-9.798,1.888,-4.266
-10.755,-0.983,-4.084
-11.092,-0.766,-2.495
-8.242,-1.888,-5.41
-9.489,1.084,-5.816
-8.659,3.431,-5.981
-12.128,6.826,-7.068
-13.336,4.441,-8.891
-10.721,2.725,-11.786
-7.673,6.46,-10.733
-10.209,7.321,-1.593
-7.898,5.376,-4.625
-7.13,3.735,-5.19
-9.525,2.847,-2.402
-13.475,5.486,-0.292
-8.312,6.845,2.601
-3.196,7.551,5.23
-3.644,8.963,4.835
-6.86,14.611,3.462
-7.419,14.7,4.232
-8.092,11.482,4.316
-10.767,6.113,3.785
-14.037,2.591,2.74
-15.88,2.407,2.895
-16.817,4.283,3.79
-17.844,4.957,2.017
-17.916,4.864,0.617
-17.332,4.838,-0.311
-16.298,3.551,-0.038
-15.281,2.737,0.28
-14.121,3.912,-0.313
-12.944,4.986,-1.823
-11.398,4.761,-4.687
-9.683,3.376,-6.369
-8.632,2.168,-3.441
-9.604,3.716,1.68
-10.537,-0.457,-2.962
-11.231,-3.63,-9.338
-12.042,-0.799,-9.07
-12.444,1.378,-7.151
-9.896,-2.086,-10.75
-26.629,45.009,27.917
-21.103,10.424,9.415
-16.061,15.626,11.85
-15.729,15.157,5.178
-6.252,17.734,0.105
-2.936,18.021,3.725
-9.386,10.776,7.666
-1.223,12.52,13.554
2.096,10.951,11.035
-4.201,10.374,11.908
-4.304,8.257,7.273
-1.093,6.462,7.58
0.632,4.632,8.979
0.969,4.285,12.386
0.579,4.713,11.568
-0.189,3.773,10.013
0.543,4.692,9.054
0.995,3.993,10.046
-0.859,2.292,11.922
-1.177,1.739,10.834
-0.175,1.579,10.802
1.467,1.299,9.838
-0.361,-0.234,8.809
-2.55,-0.187,10.145
-1.72,2.098,9.745
-0.986,1.893,9.613
0.1,1.345,7.333
0.256,-1.689,7.757
-0.459,-2.524,8.687
-1.156,-1.512,8.525
-1.046,-0.201,8.295
-0.586,-0.632,7.345
-1.292,-2.134,9.128
-2.596,-2.024,9.14
-2.4,0.364,9.001
-1.357,1.821,8.951
-0.306,1.459,8.467
-0.136,0.646,8.766
0.17,0.608,8.716
-1.424,0.739,8.532
-2.101,0.624,7.407
-1.184,-1.038,6.223
0.345,-3.512,4.601
-0.512,-3.295,5.323
-2.28,-1.534,7.161
-4.278,-2.137,6.551
-4.075,-3.158,7.443
-2.9,-0.141,9.099
-3.034,1.615,10.769
-4.752,-0.574,8.405
-7.104,-2.208,8.362
-7.91,-1.337,7.613
-7.099,-1.962,3.96
-6.548,-4.187,5.565
-8.941,-4.505,3.608
-10.503,0.562,4.022
-12.126,7.769,3.354
-12.147,8.972,3.563
-15.557,1.715,5.237
-19.165,-0.014,4.34
-18.373,3.517,5.022
-14.231,5.223,5.369
-19.232,-2.483,2.431
-22.304,-5.091,0.251
-20.825,-5.103,3.34
-20.6,-1.56,0.785
-16.183,-12.609,3.244
-19.255,-8.446,-4.036
-15.224,-11.838,-0.048
-16.951,-22.473,1.648
-2.756,-15.442,5.788
-13.288,1.29,5.632
-12.642,-4.084,1.593
-10.312,-9.508,1.596
-15.241,-3.388,4.216
-16.569,3.838,7.491
-12.932,3.364,-2.29
-10.712,9.41,-0.873
-9.087,3.931,-2.342
-14.662,7.343,1.704
-18.806,9.518,0.005
-16.471,6.697,1.175
-20.265,1.519,-4.352
-18.49,-0.002,3.448
-18.408,4.065,0.144
-11.492,9.817,-0.854
-10.247,8.214,-6.228
-15.143,4.532,-3.357
-7.862,8.494,0.66
-11.001,13.891,-2.024
-15.884,8.542,2.996
-8.336,3.378,1.266
-5.402,7.137,6.773
-7.905,8.02,5.347
-11.341,7.86,4.627
-12.006,7.412,5.142
-14.279,6.048,4.914
-17.279,5.675,2.967
-19.224,5.273,1.644
-19.277,2.945,0.156
-19.15,0.89,-0.5
-19.27,-0.117,1.29
-18.834,0.802,2.352
-18.291,2.885,2.067
-17.14,4.244,1.067
-15.152,5.635,-1.404
-12.496,6.62,-5.24
-9.977,5.161,-5.063
-8.199,2.981,-4.847
-9.054,2.436,0.17
-10.941,1.203,1.656
-12.982,-2.11,-6.12
-14.98,-1.225,-9.563
-14.889,1.967,-7.094
-11.307,-1.125,-8.649
-11.508,-3.732,-8.948
-47.081,44.913,58.776
-20.248,29.268,7.915
-4.776,15.198,0.189
-6.041,29.177,0.83
-9.159,10.984,2.95
-4.876,8.967,6.604
-6.496,16.152,15.387
4.204,17.03,11.87
2.783,7.91,3.335
-2.397,7.989,5.376
-8.912,9.723,11.197
-4.429,11.233,8.68
0.108,7.467,7.958
1.986,5.821,6.192
2.919,3.699,9.956
2.744,6.101,8.788
1.153,6.092,10.178
0.567,7.506,8.355
0.988,3.252,6.821
1.335,2.07,7.101
0.952,4.465,7.19
-0.012,3.57,7.147
0.902,2.909,4.876
0.488,2.637,7.01
-1.653,1.885,8.204
-2.737,-0.957,5.984
-4.874,-1.634,5.627
-4.785,0.397,7.845
-2.486,4.666,7.96
-1.275,4.735,6.699
-3.141,-0.342,4.752
-3.455,0.184,4.792
-3.598,3.254,5.613
-4.154,6.513,4.209
-4.532,4.079,4.79
-4.67,-0.038,5.8
-5.565,-1.395,6.453
-7.058,-0.51,6.379
-8.742,3.266,5.486
-5.137,-1.653,5.156
-2.668,-5.472,5.96
-8.096,-6.173,5.666
-12.09,-5.044,10.006
-10.881,-1.483,8.07
-8.943,-2.524,8.946
-8.556,-3.077,7.922
-11.061,-4.711,11.262
-11.393,-4.713,9.374
-11.228,-5.056,8.125
-12.958,-5.496,8.333
-12.31,-2.826,7.46
-12.8,-3.376,6.788
-14.432,-2.687,5.429
-13.42,-3.003,1.945
-12.293,-3.984,0.148
-15.935,-5.563,1.538
-18.583,-3.206,-1.316
-18.542,-1.785,-0.323
-17.246,-2.759,-1.601
-17.102,-4.209,-2.0
-15.267,-1.414,-0.77
-17.676,-3.68,0.505
-15.511,-11.204,-0.821
-12.918,-15.789,-2.524
-14.119,-8.448,0.823
-11.903,-7.412,1.687
-12.384,-14.791,2.153
-14.15,-15.083,2.857
-12.549,-4.881,0.301
-10.781,-2.038,0.476
-9.762,-4.955,0.309
-4.922,-6.814,-0.665
-11.204,-5.044,-0.213
-8.451,-2.826,-0.613
-7.783,-0.88,1.383
-8.994,-5.955,-3.661
-7.855,-4.405,-2.431
-12.135,-1.546,-3.711
-11.027,0.227,-4.316
-8.51,-1.309,-7.075
-7.876,-0.529,-8.8
-8.742,-0.589,-6.13
-10.243,2.818,-5.051
-11.236,3.024,-8.64
-8.305,-0.11,-8.003
-5.233,2.254,-10.034
-6.474,4.981,-7.64
-10.422,7.967,-5.383
-10.164,6.692,-7.3
-6.529,0.237,-5.501
-5.316,9.077,-2.625
-10.094,9.188,1.203
-8.085,8.812,2.182
-6.95,8.465,4.993
-4.948,5.17,6.96
-4.517,11.628,5.984
-6.316,17.131,5.134
-8.338,16.296,3.878
-9.57,12.958,4.154
-12.434,7.697,5.178
-13.609,4.512,5.044
-14.812,2.897,3.106
-17.937,1.912,1.335
-20.672,3.225,1.005
-20.27,2.617,1.909
-17.265,1.256,1.933
-15.473,2.567,3.472
-15.021,4.247,1.684
-13.535,4.321,-1.809
-11.243,3.017,-4.503
-10.343,2.859,-3.981
-10.968,2.335,-4.036
-11.068,2.053,-4.101
-10.783,1.27,-3.572
-12.551,0.569,0.84
-13.413,-0.536,-6.58
-13.726,-2.809,-11.176
-13.075,-1.759,-14.138
-32.793,45.966,32.238
-25.201,13.638,11.671
-7.556,15.339,4.077
-6.711,23.636,-3.376
-6.352,22.043,1.218
-8.678,16.248,7.159
-12.889,11.061,12.633
1.44,8.367,11.068
7.269,5.623,5.852
-5.053,4.893,9.388
-2.481,12.595,15.186
0.055,4.85,9.723
2.95,1.627,11.233
-0.23,2.821,9.967
-1.974,6.369,12.281
-2.553,4.39,10.018
0.758,4.874,11.91
1.39,3.799,10.523
0.651,1.455,9.221
0.371,-1.091,8.297
0.531,-0.799,9.192
-1.474,-1.043,9.857
-0.514,0.924,9.743
-0.773,1.536,10.403
-0.914,2.795,9.546
-2.137,1.885,10.116
-1.342,-0.464,9.625
-1.658,-0.426,7.972
-1.567,0.517,7.544
-2.027,0.043,7.905
-1.864,-1.089,8.716
-1.948,-1.773,9.065
-1.797,-0.196,7.171
-1.574,0.672,8.544
-0.792,1.0,7.898
-0.861,-0.282,6.472
-0.73,-0.043,7.668
-1.165,0.749,7.467
-1.912,0.562,7.037
-1.89,-1.237,6.417
-3.309,-1.902,6.443
-4.072,0.194,4.587
-5.426,-2.658,3.728
-6.247,-4.369,3.96
-5.864,-4.51,6.807
-6.089,-2.204,7.424
-7.362,-1.704,9.807
-8.025,1.223,7.745
-8.91,-0.041,8.027
-8.776,1.189,5.524
-9.123,-1.505,5.503
-11.044,-1.854,3.797
-12.975,-2.897,4.223
-14.477,5.312,4.572
-15.932,10.006,5.096
-14.767,3.524,2.531
-19.143,-6.986,2.108
-20.488,-1.672,1.244
-22.466,2.469,-0.34
-22.201,-10.054,-1.677
-22.284,-13.98,1.826
-17.71,0.598,1.4
-15.446,-9.9,0.629
-21.421,-17.576,-3.871
-18.571,-7.276,2.259
-6.199,-3.366,6.156
-5.084,-7.506,2.412
-2.294,-5.733,6.032
-9.032,-12.465,4.07
-13.473,-5.024,2.491
-9.886,9.683,5.96
-12.054,1.971,0.713
-17.942,-4.218,1.125
-16.411,0.292,-0.218
-8.793,3.665,2.931
-15.171,7.264,-3.627
-17.916,7.905,1.034
-17.456,0.938,0.878
-14.913,-1.093,-0.969
-16.04,3.811,-8.879
-16.571,3.613,-3.129
-15.351,4.247,-2.031
-14.415,6.553,-5.46
-5.536,4.895,-8.314
-10.575,-1.737,-2.998
-12.051,7.46,0.333
-6.924,11.274,2.352
-5.197,10.657,2.694
-13.004,7.936,-1.237
-10.46,7.238,-2.328
-3.431,11.628,0.684
-8.786,12.279,4.532
-14.968,5.173,1.902
-15.985,0.208,0.873
-16.437,1.79,2.074
-16.621,4.656,1.821
-19.052,5.34,-0.27
-20.77,3.816,-2.385
-20.246,1.706,-3.73
-18.294,1.031,-4.137
-16.54,1.254,-2.799
-15.521,2.196,-1.909
-14.822,1.967,-1.928
-14.748,0.589,-2.919
-15.281,0.579,-5.067
-15.231,2.28,-7.199
-13.796,3.754,-4.699
-12.63,2.589,-4.555
-13.918,-0.969,-7.936
-16.463,-2.22,-9.53
-15.604,-4.197,-10.281
-10.554,-3.558,-12.609
-10.556,-0.388,-3.842
-32.764,22.289,12.487
-12.193,12.403,10.429
-7.314,18.576,2.378
-6.568,20.402,-0.022
-6.989,17.351,5.556
-6.809,17.234,12.262
-5.993,15.334,10.36
1.402,11.453,8.082
4.555,12.52,3.307
-4.285,9.178,12.018
-1.787,9.058,12.138
0.735,4.567,7.099
4.333,6.333,7.479
2.4,6.757,9.324
3.711,8.068,11.894
4.627,6.235,7.173
2.137,0.254,5.524
0.471,2.665,6.441
-1.086,3.898,10.424
-3.414,2.283,7.757
-2.232,1.349,3.194
0.105,-1.352,6.328
0.014,-0.615,7.407
-1.641,2.713,8.46
-3.895,6.816,5.79
-1.971,0.981,5.85
-0.309,-4.34,5.749
-2.273,-0.266,4.386
-2.287,5.757,2.201
-5.618,-0.754,4.029
-4.412,0.988,3.833
-1.488,5.881,4.503
-6.182,5.532,9.991
-7.726,2.926,4.144
-6.991,-2.067,4.718
-4.221,-4.759,6.376
-2.644,2.428,7.398
-7.766,1.909,7.391
-7.68,3.132,6.218
-9.307,-6.47,8.769
-8.532,-7.812,6.092
-9.219,-7.087,10.02
-10.546,2.555,10.121
-9.975,-0.469,10.106
-7.06,-6.781,9.199
-11.647,-6.094,8.69
-13.925,-7.833,6.278
-12.867,-6.632,6.01
-11.008,-5.161,6.228
-11.408,-7.443,6.312
-15.947,-3.29,2.996
-16.545,0.534,0.385
-13.37,-5.812,-0.136
-15.446,-9.386,-0.565
-17.722,-3.524,-2.065
-13.229,2.433,-0.909
-17.085,-0.179,-0.462
-17.042,-10.427,-1.555
-20.569,-9.91,-1.799
-17.904,-1.586,-0.61
-14.887,-6.79,-1.665
-9.747,-12.736,-0.476
-15.267,-11.8,0.445
-11.905,-9.604,-0.806
-9.81,-12.877,2.022
-12.815,-10.429,2.003
-5.367,-8.424,0.129
-13.865,-4.991,-0.526
-11.161,-11.611,6.278
-11.192,-6.125,-0.577
-8.006,-7.697,-1.235
-10.855,-5.795,-0.866
-7.288,-6.958,-3.385
-6.407,-3.273,-2.938
-8.494,-0.725,-3.263
-9.633,-2.043,-4.395
-9.03,-3.484,-3.905
-9.104,-0.565,-6.017
-6.142,1.361,-7.068
-6.316,0.933,-7.52
-7.673,-2.914,-4.151
-8.513,2.539,-5.587
-10.86,7.936,-6.505
-9.262,5.173,-8.972
-8.793,0.22,-8.972
-9.573,5.123,-7.513
-9.616,9.142,-5.412
-8.269,7.716,-7.06
-8.307,4.831,-5.816
-7.982,8.62,-1.244
-6.998,12.001,2.577
-6.759,6.326,5.12
-8.833,4.455,2.74
-6.73,7.647,7.845
-4.931,11.659,7.072
-9.85,12.583,4.936
-13.719,9.822,7.147
-13.063,4.833,5.63
-15.176,3.898,4.197
-18.614,5.223,2.474
-20.681,5.158,-0.297
-20.141,3.156,-1.187
-17.533,1.991,-1.251
-15.423,2.759,1.371
-14.707,2.838,2.455
-14.678,2.754,1.677
-13.98,2.955,-0.407
-12.908,2.921,-4.455
-11.654,3.534,-6.592
-9.996,3.95,-6.194
-9.266,3.498,-0.818
-9.695,0.273,-2.373
-11.977,-5.225,-7.544
-13.968,-5.036,-9.001
-13.851,-0.175,-7.79
-11.716,0.266,-10.781
-41.49,48.878,21.026
-24.213,9.676,9.738
-6.568,18.818,1.96
-9.02,22.227,-0.077
-5.484,16.372,5.13
-7.762,12.348,3.986
-8.015,9.274,13.494
5.986,13.068,14.86
3.598,8.565,7.735
-5.422,6.422,9.996
-4.508,7.216,12.738
-1.96,7.917,13.252
2.201,6.891,8.941
1.558,5.977,7.986
-0.816,4.465,9.044
0.622,3.902,12.2
-0.067,3.907,11.807
-1.754,4.276,10.503
-0.108,2.897,9.393
1.242,-0.206,8.369
-0.73,-0.947,8.594
-1.443,0.876,9.874
-1.263,3.615,11.075
-0.447,3.185,8.503
-1.543,-0.292,8.549
-1.543,-0.34,8.723
-0.093,-0.1,9.472
0.591,-0.333,8.443
-1.904,-1.797,8.357
-2.038,-1.318,8.762
-2.022,-1.385,9.379
-1.739,0.912,9.128
-1.605,1.476,8.199
-1.433,-1.079,8.053
-0.797,-1.725,8.087
-1.184,-0.187,8.415
-1.306,1.4,8.204
-1.945,0.615,7.462
-1.857,-2.244,6.237
-2.079,-2.417,6.754
-2.115,-1.235,7.754
-3.153,-1.842,6.271
-4.639,-4.886,6.374
-5.087,-4.486,6.546
-5.886,-0.744,8.274
-5.819,2.034,10.413
-4.402,0.232,9.554
-4.675,-2.036,7.723
-6.955,-3.005,7.403
-8.168,-0.761,7.529
-7.123,0.629,6.065
-6.225,-1.725,4.151
-8.697,-4.175,3.67
-11.575,0.038,3.584
-14.013,4.28,3.34
-14.083,4.151,3.216
-15.942,3.62,4.785
-20.275,6.714,3.345
-18.48,3.993,2.907
-20.466,-4.68,2.546
-20.313,-9.7,2.759
-19.148,-4.823,4.005
-16.683,-6.671,4.618
-17.648,-14.755,-1.983
-6.192,-3.263,-2.034
-20.016,-3.874,-0.792
-16.614,-14.355,0.404
-2.998,-10.441,-1.153
-7.352,0.215,2.048
-7.773,2.452,6.589
-9.788,2.948,3.464
-6.714,-6.237,4.505
-15.028,1.165,3.84
-17.511,-0.077,4.307
-18.499,1.847,0.526
-19.188,5.383,-0.854
-23.237,-4.472,5.168
-21.662,-1.249,2.814
-22.349,4.237,0.306
-10.85,-0.579,0.036
-18.397,-0.648,-0.105
-19.062,4.536,2.95
-17.21,7.226,0.194
-7.501,1.838,-1.845
-14.071,2.354,2.785
-13.939,3.263,0.203
-8.448,10.228,4.986
-5.225,5.998,7.317
-10.231,-0.108,10.587
-10.049,0.691,11.647
-7.123,9.86,9.008
-9.869,8.276,11.063
-12.496,7.663,9.678
-14.506,6.362,9.704
-16.011,5.063,6.623
-17.301,6.242,5.374
-18.095,7.144,4.797
-18.275,4.74,3.768
-16.215,1.993,0.778
-14.98,-1.084,-2.838
-13.875,-3.134,-2.818
-13.473,-4.225,-0.636
-13.083,-2.981,-1.416
-14.76,0.883,-0.813
-15.152,3.445,-0.806
-15.164,2.065,-2.9
-14.664,1.553,-5.333
-13.296,3.553,-4.218
-12.922,2.996,-1.617
-14.241,-2.062,-4.57
-15.667,-4.098,-3.278
-17.327,-4.285,-4.491
-18.7,-5.936,-6.599
-17.136,-5.063,-11.549
-44.521,78.357,26.369
-21.449,19.921,3.182
-5.07,19.961,3.79
-12.032,12.056,0.108
-2.993,14.518,1.448
-0.079,21.251,7.206
-7.271,16.681,5.455
-1.273,11.815,9.889
-5.591,10.209,8.259
-6.967,8.85,7.23
-4.4,7.979,8.166
-2.909,3.785,11.015
-2.598,1.469,9.427
-1.306,0.754,9.554
-1.55,3.431,9.154
-3.792,4.304,11.31
-3.141,5.874,10.893
-2.402,3.84,9.534
-2.352,1.428,9.455
-2.479,1.203,10.24
-3.266,2.517,11.413
-2.625,2.608,10.018
-2.029,1.452,8.309
-1.034,1.73,9.829
-1.512,2.333,11.661
-1.883,2.919,9.652
-0.969,2.574,7.616
1.081,3.622,1.979
-5.852,3.421,-0.653
-3.321,2.424,8.752
-2.579,-1.022,7.709
-2.625,3.917,9.214
-7.46,5.824,10.903
-7.01,1.328,5.292
-7.773,5.371,16.858
-3.833,11.693,12.047
-4.02,0.864,9.798
-2.567,2.156,10.448
-2.378,4.929,11.214
-2.287,3.381,10.066
-1.357,2.783,9.939
-0.455,3.438,10.575
-0.304,4.639,10.391
0.01,3.326,8.778
2.115,4.075,8.788
0.146,2.491,10.118
-0.797,2.998,9.089
0.014,5.139,9.164
1.11,3.012,8.898
0.433,2.46,9.329
-0.598,3.749,9.637
-0.541,3.907,9.396
1.421,3.084,8.202
0.718,2.68,9.833
-0.601,2.517,9.769
0.258,4.12,8.783
0.703,2.761,9.393
0.158,2.012,9.331
-0.079,4.517,9.171
-0.811,3.531,9.991
0.837,2.237,9.137
0.194,3.206,9.453
-0.476,3.608,9.47
-0.12,2.799,9.427
0.428,2.675,9.692
0.455,2.225,9.439
-0.668,3.216,9.788
-0.615,3.376,9.262
-0.045,3.077,9.494
-0.304,2.28,9.764
-1.108,2.754,9.74
-0.608,2.716,9.518
-0.005,2.622,8.793
-0.727,2.718,9.082
-0.656,2.694,9.566
-1.017,2.689,10.171
-0.763,2.543,9.946
-1.148,2.488,9.683
-0.945,2.263,8.929
-0.914,1.333,8.398
-1.218,0.718,7.826
-1.263,1.438,7.343
-1.395,0.182,7.568
-2.199,0.067,7.994
-2.512,0.321,8.195
-3.003,0.423,8.888
-3.586,1.038,9.094
-3.823,1.754,9.499
-3.819,1.254,10.288
-3.816,0.172,11.482
-3.85,-1.644,12.2
-4.199,-2.661,11.616
-3.72,-0.842,11.771
-3.46,0.758,13.032
-3.732,-0.924,13.607
-3.986,-4.876,12.341
-3.608,-6.046,11.504
-1.912,-4.977,10.91
-0.445,-4.811,10.901
0.266,-5.969,11.092
0.395,-7.367,11.7
0.603,-7.561,10.802
1.242,-5.747,9.956
2.031,-4.881,8.671
2.378,-5.314,8.731
2.108,-6.79,8.458
1.34,-7.522,8.929
1.27,-7.319,8.051
2.431,-5.608,6.898
3.232,-5.352,6.974
2.828,-7.34,7.819
2.369,-8.632,8.62
2.019,-8.403,7.929
2.474,-6.852,8.099
3.328,-5.737,7.582
3.287,-5.474,7.974
2.799,-6.558,8.63
3.208,-6.443,9.628
3.622,-5.589,9.221
3.974,-4.972,8.731
3.938,-4.505,9.164
3.618,-3.984,9.891
2.57,-1.787,10.791
3.146,-0.924,9.477
2.426,-1.948,9.833
2.689,-3.247,11.398
2.347,-1.036,12.487
2.737,-0.01,11.958
3.4,-3.089,10.147
4.015,-2.512,6.319
4.46,0.16,6.132
4.811,1.835,6.178
4.457,0.328,6.642
5.048,-1.742,4.658
5.111,-0.517,4.276
4.905,1.184,4.359
4.874,1.187,4.649
4.558,-0.419,5.118
3.651,1.23,5.979
2.799,2.651,5.773
3.125,2.22,2.962
1.416,-1.828,6.094
-1.404,-5.28,10.948
-2.108,-5.364,11.358
0.223,0.017,7.369
1.991,2.426,5.185
0.613,1.883,8.128
-0.546,1.249,9.441
1.038,2.034,10.568
1.771,1.897,10.324
1.227,1.725,7.137
1.44,1.376,7.604
2.048,1.538,9.377
1.651,1.648,9.29
0.787,1.902,9.97
1.218,1.136,10.357
1.165,0.787,10.008
1.067,1.419,9.711
1.782,2.397,10.293
2.137,3.366,10.168
2.201,2.967,9.458
2.146,1.292,10.25
1.651,0.026,10.116
1.67,0.701,9.893
2.617,2.105,9.015
3.046,3.137,9.063
0.557,-0.249,8.91
5.352,2.29,3.694
1.742,4.347,7.706
3.847,3.165,9.307
0.632,1.744,9.757
0.081,5.479,9.501
0.687,1.73,10.288
0.55,2.373,10.817
0.333,2.756,9.927
0.62,2.539,9.999
0.557,3.144,9.286
0.909,1.775,9.259
-1.086,1.713,10.535
-0.014,0.852,10.133
-0.12,0.72,9.589
0.438,0.845,9.52
-0.821,-0.366,9.692
-0.519,-0.529,9.604
-0.354,0.378,9.688
-0.754,0.656,9.733
-0.823,0.199,9.613
-0.847,-0.407,9.817
-0.555,-1.34,9.563
-0.799,-1.526,9.326
-0.433,-1.046,9.745
-1.605,-0.694,10.255
-0.33,-1.122,9.384
0.11,-0.684,10.377
0.938,-2.297,9.824
-3.371,-0.522,10.484
-1.486,0.663,9.118
-0.304,0.514,7.735
-1.069,0.617,7.943
-1.163,-0.134,8.623
-1.392,-1.026,9.372
-1.019,-2.29,9.326
-0.859,-2.572,9.436
0.986,8.238,6.967
-1.57,2.122,10.068
-1.486,0.328,11.484
-0.959,-3.378,9.637
-1.323,-1.266,8.731
-0.206,1.163,10.527
1.495,-1.998,8.692
-1.304,-2.082,6.891
-0.395,-1.471,10.355
1.581,1.823,10.771
1.515,-1.235,9.86
-0.813,-5.118,8.278
-0.534,-7.295,9.932
2.098,-1.904,9.912
0.182,-0.053,9.47
-0.031,-4.933,8.936
0.857,-3.206,9.448
-1.239,1.546,11.075
5.161,-4.271,8.63
0.196,-3.498,10.602
-3.902,-3.893,9.606
0.038,-4.546,9.429
5.754,-0.627,13.741
-0.239,-0.746,11.956
0.526,-1.062,8.125
1.581,-1.916,9.24
2.62,-3.146,9.266
0.407,-5.706,8.259
-1.12,-3.582,9.496
-0.05,-1.62,8.343
-1.481,-2.615,8.006
-0.359,-2.718,9.707
1.227,-2.378,10.188
1.282,-2.16,10.13
1.294,-1.359,9.068
1.589,-1.409,9.929
0.847,-1.675,10.992
1.835,-1.247,9.731
1.847,-1.584,9.752
0.873,-2.137,9.776
1.278,-1.12,8.733
1.459,-1.144,8.436
2.45,-1.883,9.355
1.254,-2.306,10.188
2.003,-1.237,10.226
2.431,-0.991,10.092
2.053,-2.223,10.023
1.232,-2.804,9.314
1.065,-2.725,8.998
1.199,-1.991,10.061
1.069,-1.823,10.331
1.175,-2.015,8.568
1.507,-1.017,7.108
2.55,-2.316,9.197
2.206,-2.125,9.965
2.0,-2.067,10.042
1.538,-2.519,10.477
1.517,-1.715,10.599
1.4,-1.668,8.955
1.541,-1.96,8.671
1.5,-2.134,8.829
1.129,-2.254,10.135
1.546,-1.945,10.171
1.103,-1.258,8.843
1.27,-2.347,9.245
1.201,-2.402,9.305
0.572,-2.05,9.601
1.237,-1.644,10.535
1.558,-1.416,9.767
1.194,-1.163,9.211
1.28,-1.081,8.958
1.227,-0.639,9.546
1.103,-0.409,10.527
1.634,-0.215,9.8
1.321,-0.156,9.111
1.031,-0.16,9.207
0.72,-0.34,9.319
0.701,-0.45,9.568
0.816,-0.677,9.802
0.706,-1.175,9.934
0.971,-1.242,9.845
0.835,-1.218,10.073
0.888,-1.103,10.628
1.378,-1.706,11.142
1.517,-1.282,10.64
1.232,-0.596,9.982
1.156,-0.524,9.441
1.12,-0.536,9.762
1.165,-0.976,10.216
1.488,-0.962,9.975
1.175,-0.345,9.422
0.818,0.048,9.082
1.29,0.048,9.377
1.151,-0.067,9.321
1.146,-0.467,9.652
1.266,-0.318,9.374
1.249,0.06,9.704
1.625,0.103,9.886
1.605,-0.012,9.994
1.443,-0.086,9.621
1.33,-0.562,9.735
1.349,-0.926,9.764
1.223,-1.081,9.714
1.347,-0.988,9.865
1.232,-1.383,9.956
1.034,-1.256,10.147
1.129,-1.129,10.018
1.206,-0.785,10.178
1.156,-0.742,9.967
0.888,-0.95,9.781
0.73,-0.888,9.589
0.768,-0.816,9.659
0.603,-0.447,9.558
0.945,-0.335,9.676
0.924,-0.4,9.812
0.959,-0.624,10.118
1.067,-0.706,10.19
0.971,-0.495,9.893
1.093,-0.653,9.92
0.825,-0.746,9.798
0.809,-0.852,9.661
0.945,-0.821,9.843
1.156,-0.835,10.166
1.093,-0.746,10.003
1.141,-0.813,9.857
1.058,-0.766,9.623
1.05,-0.778,9.568
1.261,-0.902,9.692
1.175,-0.873,9.774
1.058,-0.723,9.582
0.885,-0.519,9.288
0.866,-0.706,9.546
1.065,-0.988,9.826
0.957,-0.935,9.728
0.749,-0.921,9.51
0.804,-0.9,9.68
1.024,-1.11,9.967
1.225,-0.943,10.154
0.976,-0.957,10.013
0.713,-0.928,9.704
0.737,-0.955,9.518
0.483,-0.546,9.379
0.957,-1.436,9.929
1.024,-1.304,10.166
0.991,-0.624,10.075
0.115,-0.431,10.09
0.565,-0.909,9.793
0.519,-0.9,9.733
0.581,-1.129,9.874
0.498,-0.974,10.063
0.337,-1.44,9.877
0.38,-0.811,9.759
0.629,-1.177,9.654
0.579,-0.878,9.676
0.653,-0.897,9.905
0.546,-0.955,10.015
0.33,-1.239,9.783
0.622,-0.897,9.953
0.699,-0.971,10.307
0.565,-1.026,10.015
0.227,-1.232,9.642
0.117,-1.369,9.606
0.16,-1.407,9.767
0.17,-1.376,9.862
0.215,-1.541,9.967
0.227,-1.558,9.85
0.45,-1.436,10.307
0.438,-1.002,9.984
0.251,-0.543,9.472
0.304,-0.4,9.286
0.601,-0.981,9.9
0.723,-1.05,10.212
0.316,-0.833,9.831
0.364,-0.601,9.453
0.653,-0.979,9.934
0.586,-1.285,10.092
0.354,-1.146,9.822
0.232,-1.182,9.587
0.378,-1.388,9.769
0.462,-1.459,9.956
0.38,-1.206,9.79
0.275,-1.132,9.668
0.421,-1.144,9.86
0.706,-1.285,10.075
0.636,-1.055,10.02
0.426,-0.935,9.833
0.502,-0.967,9.671
0.39,-1.141,9.685
0.479,-1.302,10.006
0.309,-1.404,10.013
0.347,-1.4,9.917
0.316,-1.366,9.879
0.318,-1.237,9.697
0.536,-1.175,9.829
0.519,-1.113,10.147
0.337,-0.79,9.915
0.373,-0.672,9.735
0.354,-0.914,9.489
0.356,-1.012,9.692
0.438,-1.077,9.948
0.433,-0.981,9.793
0.404,-0.809,9.721
0.474,-1.038,9.853
0.428,-1.117,9.857
0.39,-1.189,9.767
0.426,-1.215,9.668
0.392,-1.23,9.575
0.464,-1.153,9.865
0.596,-1.182,10.034
0.567,-1.232,10.073
0.574,-1.089,10.008
0.318,-1.153,9.8
0.318,-1.127,9.654
0.299,-1.12,9.702
0.354,-1.352,9.867
0.404,-1.385,10.023
0.356,-1.337,9.946
0.237,-1.148,9.884
0.342,-1.05,9.778
0.423,-1.17,9.805
0.526,-1.357,9.838
0.519,-1.297,9.965
0.474,-1.014,9.984
0.301,-0.809,9.644
0.354,-1.034,9.546
0.548,-1.27,9.857
0.481,-1.28,10.133
0.225,-1.251,10.006
0.234,-1.108,9.647
0.368,-1.247,9.515
0.388,-1.292,9.771
0.883,-0.28,9.444
1.457,4.343,9.164
1.797,7.005,12.121
1.56,-1.125,2.993
0.902,0.682,9.173
0.61,-1.148,9.92
0.73,-1.17,9.833
0.711,-1.165,9.587
0.658,-1.129,9.532
0.636,-1.235,9.8
0.534,-1.325,9.857
0.73,-1.17,9.869
0.672,-1.019,9.817
0.613,-0.914,9.676
0.522,-1.079,9.707
0.605,-1.268,9.783
0.663,-1.349,9.805
0.502,-1.285,9.824
0.435,-1.144,9.884
0.589,-1.321,9.539
0.811,-1.235,9.676
1.026,-1.598,10.305
0.852,-1.699,10.259
0.768,-1.706,9.91
0.565,-1.414,9.609
0.349,-1.034,9.69
0.299,-1.041,10.152
0.189,-0.414,10.188
0.266,-0.297,9.865
0.086,-0.45,9.688
0.493,-1.148,9.819
-1.158,-0.888,9.912
0.51,-2.684,9.298
0.156,-1.139,9.829
-0.105,-1.187,9.932
-0.144,-0.639,10.123
0.06,-0.129,9.556
-0.316,0.017,10.156
0.069,0.144,10.733
0.177,-0.11,9.7
-0.074,-0.223,9.221
0.122,-0.924,8.707
0.557,-1.294,9.532
-0.239,-0.567,9.939
0.026,0.268,10.515
-1.428,0.742,8.845
1.452,-1.957,9.307
-0.847,-0.744,10.503
-0.699,-0.215,11.214
-0.481,-0.423,11.688
-0.546,0.696,11.192
-0.787,-0.368,9.975
-1.306,1.199,9.319
1.586,-1.524,8.819
1.61,-1.474,9.283
-1.022,-1.208,10.154
-0.679,0.089,10.372
0.239,0.311,10.245
0.012,-0.371,9.781
-0.304,-0.696,9.692
-0.177,-0.502,9.566
0.017,-0.218,9.776
-0.38,-0.538,10.183
-0.569,-0.191,9.872
-0.316,0.349,9.673
-0.019,1.345,9.506
0.077,0.806,9.661
-0.218,-0.184,10.078
0.005,-0.684,10.525
0.175,-0.447,10.336
0.187,0.002,9.886
0.191,0.364,9.396
0.132,0.608,9.453
-0.306,0.208,9.865
-0.574,-0.337,10.269
-0.601,-0.371,10.099
-0.316,0.189,9.635
-0.199,0.476,9.321
-0.254,0.086,9.668
-0.287,0.144,10.058
0.156,0.608,10.458
0.194,0.208,10.02
0.414,0.385,9.616
-0.007,0.227,9.577
-0.591,-0.452,9.716
-0.711,-0.182,9.802
-0.089,0.191,9.833
-0.091,-0.17,9.967
-0.354,-0.744,9.951
-0.026,-0.134,10.003
0.321,0.067,9.867
0.029,0.086,9.58
-0.201,-0.163,9.458
-0.115,-0.428,10.128
-0.541,-1.029,10.489
-0.651,-0.636,10.149
-0.218,-0.493,9.453
-0.433,-0.866,9.69
-0.775,0.845,9.506
0.175,-0.103,10.776
-4.177,-5.087,10.307
2.134,1.821,10.75
-0.878,0.29,10.518
-0.495,-0.756,9.321
-0.347,-2.472,9.054
0.012,-2.314,9.221
0.151,1.522,10.637
-0.368,0.505,10.697
-0.517,-0.904,9.86
-0.268,-0.419,9.599
0.096,0.309,9.446
-0.024,-0.06,9.472
-0.294,-0.151,9.723
-0.366,-0.077,10.116
-0.55,0.043,10.245
-0.517,-0.175,10.087
-0.237,-0.529,9.7
-0.167,-0.538,9.606
-0.179,-0.502,9.702
-0.452,-0.361,9.908
-0.608,0.098,10.123
-0.51,0.333,9.963
-0.182,0.203,9.786
-0.077,-0.012,9.711
-0.27,0.285,9.939
-0.414,0.483,10.133
-0.366,0.223,10.037
-0.335,-0.014,9.845
-0.189,-0.194,9.853
-0.017,-0.414,9.747
-0.148,-0.242,11.377
-2.763,-0.557,11.051
-1.596,-3.381,9.427
0.785,1.857,10.602
0.273,1.091,10.398
-0.615,-2.094,9.566
-0.397,-0.613,9.786
-0.089,0.962,9.661
-0.376,0.711,9.537
-0.703,0.517,9.802
-0.677,0.679,10.257
-0.701,0.565,10.188
-0.49,0.191,9.659
-0.089,-0.112,9.396
-0.151,-0.49,9.544
-0.227,-0.191,9.841
-0.196,0.191,10.085
-0.311,0.505,9.951
-0.49,0.364,9.769
-0.502,0.218,9.647
-0.462,0.311,9.731
-0.538,0.211,9.886
-0.433,0.309,9.97
-0.488,0.471,9.91
-0.514,0.325,9.994
-0.529,-0.086,10.049
-0.562,-0.323,9.984
-0.349,-0.067,9.912
-0.368,-0.325,10.07
-0.541,-0.727,10.238
-0.438,-0.146,9.934
-0.275,0.902,9.439
2.778,-1.459,19.078
-2.842,1.914,9.539
-2.034,1.302,11.121
0.11,0.878,12.305
-1.548,2.347,9.599
-0.256,-0.579,9.101
0.079,-0.885,8.647
-0.409,0.237,8.771
-0.553,1.187,9.714
-0.679,1.285,10.549
-0.727,0.727,10.575
-0.514,0.345,10.034
-0.395,-0.191,9.542
-0.385,-0.44,9.424
-0.598,-0.17,9.752
-0.531,0.711,9.826
-0.28,0.869,9.68
-0.555,0.292,9.886
-0.902,-0.29,10.793
-0.947,0.244,10.927
-0.653,1.141,10.288
-0.053,1.515,9.058
-0.148,0.237,8.329
-0.751,-0.761,9.008
-0.991,-0.823,10.283
-0.869,0.208,10.862
-0.378,1.845,10.319
-0.074,1.802,9.676
-0.479,0.94,9.465
-0.866,0.373,9.439
-0.62,0.687,9.805
-0.512,0.785,10.018
-0.706,0.543,9.984
-0.445,0.61,9.458
-0.148,1.352,9.058
-0.677,1.483,9.424
-1.962,1.031,9.819
-1.074,0.746,10.606
-0.105,1.034,10.731
-0.809,0.79,10.46
-0.715,0.201,9.81
0.112,0.031,9.082
0.045,0.041,9.532
-0.208,0.615,10.212
-0.792,1.366,10.745
-0.675,1.988,10.09
-0.074,2.086,9.408
-0.412,1.388,9.185
-1.215,0.924,9.228
-1.16,1.144,9.726
-0.859,1.625,10.223
0.62,-1.12,14.729
-2.06,2.125,10.276
-1.503,2.223,10.633
0.17,0.787,10.123
-1.639,2.845,9.879
-0.845,0.127,9.25
-0.096,-0.038,9.025
-0.708,0.892,9.561
-0.684,0.431,9.522
-0.304,0.804,9.867
-0.613,0.797,10.298
-0.825,1.163,10.252
-0.921,1.218,9.831
-0.333,1.034,9.109
-0.426,1.268,9.333
-0.933,1.237,9.621
-0.943,1.404,9.934
-0.699,1.644,10.156
-0.629,1.373,9.956
-0.421,0.876,9.482
-0.555,1.117,9.317
-0.823,0.823,9.822
-0.787,0.596,9.963
-0.627,0.708,10.092
-0.682,0.766,9.965
-0.766,0.495,9.932
-0.689,0.354,9.661
-0.622,0.703,9.597
-0.823,0.835,9.956
-0.885,0.811,9.802
-0.538,1.22,9.408
-0.172,1.421,9.262
-0.51,1.524,10.07
-0.943,0.778,10.513
-0.775,0.749,9.843
-0.38,1.148,9.264
-0.538,0.79,9.455
-0.687,0.38,10.142
-0.885,0.356,9.774
0.213,-0.376,6.13
-2.275,2.22,11.178
-0.49,1.689,11.566
-3.627,0.196,10.913
0.05,0.199,9.862
0.959,0.048,8.36
-1.258,0.998,8.668
-1.026,1.823,8.869
-0.112,2.529,9.831
-0.852,2.469,10.757
-1.412,1.759,10.611
-0.72,1.668,9.654
0.079,1.816,8.608
0.055,1.522,8.546
-0.345,1.481,9.778
-0.888,1.148,11.157
-1.144,0.804,11.499
-0.555,0.878,10.633
-0.251,0.596,9.508
-0.459,-0.347,8.819
-0.679,-0.648,8.788
-0.421,-0.211,9.759
-0.208,0.045,10.396
-0.61,0.498,10.726
-0.488,1.117,10.231
-0.048,0.778,9.68
-0.206,0.543,9.271
-0.715,0.943,9.604
-0.211,1.78,9.774
-0.12,1.933,9.917
-0.711,0.574,9.946
-0.849,-1.0,10.245
-0.632,-1.129,10.101
-0.256,-0.469,9.953
0.029,0.392,9.508
-0.172,0.608,9.539
-0.624,-0.27,9.697
-0.979,-1.318,10.209
-0.749,-1.06,10.223
-0.27,0.352,9.989
-0.029,1.069,9.484
0.091,0.854,9.061
-0.191,-0.373,10.066
-0.804,-1.328,10.582
-0.435,-0.751,10.491
-0.139,0.502,9.953
0.007,0.105,9.329
-0.1,-0.892,9.25
-0.706,-0.675,9.946
-0.572,-0.206,10.137
-0.022,0.83,10.046
-0.067,0.536,9.872
-0.689,-0.72,9.833
-0.66,-0.947,9.618
-0.165,-0.115,9.467
0.237,0.275,9.726
-0.971,-0.67,10.128
-1.046,-1.043,10.264
-0.335,-0.27,10.015
-0.098,0.567,9.786
-0.108,-0.325,9.649
-0.201,-0.4,9.81
-0.086,-0.323,9.915
-0.086,-0.055,9.668
0.859,-2.744,11.482
-3.359,2.57,11.279
-0.268,0.754,11.69
1.206,2.771,10.659
-1.038,-0.763,10.855
-0.333,-0.919,9.728
0.096,-0.935,8.982
-0.641,-1.462,8.908
-0.842,-1.072,9.319
-0.304,0.165,9.862
-0.117,0.794,10.104
-0.246,0.096,10.465
-0.445,-0.672,10.302
-0.366,-0.153,10.25
-0.182,0.366,9.903
-0.177,0.33,9.561
-0.199,-0.026,9.472
-0.292,-0.079,9.735
-0.634,0.352,10.262
-0.62,0.356,10.185
-0.261,0.249,9.786
-0.223,0.249,9.479
-0.206,0.273,9.41
-0.203,0.239,9.611
-0.376,0.191,10.008
-0.541,0.203,10.314
-0.388,0.06,10.238
-0.294,-0.1,9.869
-0.179,0.002,9.63
-0.237,0.077,9.451
-0.347,0.108,9.575
-0.311,0.112,9.697
-0.151,0.366,9.891
-0.316,0.242,10.274
-0.601,-0.318,10.288
-0.653,-0.292,10.125
-0.593,-0.196,9.912
-0.361,-0.031,9.534
-0.287,0.002,9.554
-0.471,-0.134,9.767
-0.531,-0.105,10.051
-0.306,-0.294,10.319
-0.069,-0.17,10.049
-0.017,-0.031,9.879
-0.043,0.179,9.678
-0.124,0.639,9.499
-0.268,1.266,9.487
-0.373,1.127,9.618
-0.495,0.526,9.922
-1.115,0.443,9.391
0.885,1.94,8.549
-0.613,0.658,10.523
-3.807,-4.587,9.35
0.648,1.089,9.57
1.593,3.886,11.08
-1.469,-1.218,10.429
-1.785,-3.874,9.439
-0.072,-2.216,9.896
0.699,1.424,10.121
-0.481,1.23,9.953
-0.502,-0.383,9.211
-0.225,0.622,9.427
-0.404,1.603,10.039
-0.56,0.385,9.965
-0.598,-0.189,9.936
-0.213,0.239,9.967
-0.17,0.019,9.714
-0.359,-0.048,9.558
-0.313,0.199,9.798
-0.409,-0.029,10.063
-0.593,-0.33,10.147
-0.416,0.196,10.015
-0.318,0.349,9.867
-0.502,-0.263,9.695
-0.581,-0.524,9.867
-0.514,-0.11,9.977
-0.347,0.445,9.886
-0.196,0.648,9.752
-0.201,0.593,9.613
-0.426,0.242,9.857
-0.483,0.194,9.929
-0.062,0.66,9.86
0.014,0.873,9.798
-0.163,0.531,9.867
-0.493,0.223,10.046
-0.56,0.108,10.018
-0.488,0.079,9.91
-0.275,0.536,9.628
-0.163,0.636,9.568
-0.117,0.569,9.759
-0.275,0.34,10.101
-0.514,0.189,10.307
-0.304,0.005,10.051
-0.361,0.091,9.826
-0.44,0.189,9.719
-0.443,0.177,9.783
-0.529,0.304,9.867
-0.304,0.646,9.936
-0.22,0.682,9.855
1.297,0.711,14.384
-2.586,0.435,11.322
0.323,0.84,10.405
0.029,0.806,10.994
-0.311,0.624,9.599
0.069,0.438,9.056
0.022,-0.041,9.109
-0.388,0.256,9.714
-0.586,0.522,10.279
-0.613,0.51,10.432
-0.615,0.167,10.171
-0.376,0.014,9.709
-0.311,0.153,9.561
-0.285,0.356,9.659
-0.165,0.488,9.891
-0.287,0.727,10.137
-0.373,0.601,10.113
-0.254,0.749,9.848
-0.275,0.988,9.707
-0.34,0.737,9.575
-0.39,0.723,9.647
-0.237,0.813,9.762
-0.227,1.0,9.982
-0.29,0.825,10.018
-0.33,0.605,9.853
-0.28,0.751,9.757
-0.278,0.675,9.836
-0.502,0.383,9.922
-0.395,0.347,9.92
4.412,5.422,-10.714
-2.701,1.869,6.46
-2.491,1.586,11.649
0.859,0.778,11.197
0.589,0.447,10.769
-1.235,-0.292,9.188
-0.108,0.404,8.97
0.356,0.928,9.056
-0.663,0.644,9.52
-0.703,0.73,10.113
-0.249,1.273,10.269
-0.44,1.192,10.19
-0.443,0.66,9.793
-0.184,0.785,9.494
-0.28,1.148,9.7
-0.423,0.938,9.769
-0.428,0.543,9.843
-0.433,0.766,10.092
-0.483,0.806,10.051
-0.323,0.328,9.719
0.014,1.062,9.601
0.148,1.735,10.338
-0.29,0.711,10.135
-0.852,0.019,9.53
-0.857,0.959,9.384
-0.632,1.194,9.264
-0.825,0.78,9.063
-0.053,1.737,9.814
-0.285,1.237,10.24
-1.146,0.196,10.02
-0.921,0.935,9.764
-0.378,1.498,9.836
-0.529,0.983,9.747
-0.895,0.653,9.661
-0.708,0.969,9.609
0.156,0.967,9.889
-0.608,-0.093,10.606
-1.299,-0.471,10.379
-0.584,1.258,10.338
-0.33,1.184,9.917
-0.28,-0.074,8.984
-0.177,-0.007,8.738
-0.522,0.785,9.568
-1.024,0.278,10.424
-0.835,-0.091,10.09
1.414,0.991,10.771
0.983,1.361,10.092
-0.388,0.512,9.365
-2.223,4.122,-16.71
0.345,1.115,7.778
-2.885,0.821,10.855
-2.409,1.883,12.274
0.175,-0.758,11.453
-0.419,-1.33,9.558
-0.864,0.79,8.532
0.232,0.924,7.994
0.4,0.634,8.204
-0.694,1.625,9.484
-0.735,1.912,10.848
-0.617,0.883,11.039
-0.684,0.304,10.29
-0.402,0.345,9.743
-0.316,0.598,9.14
-0.476,0.301,9.18
-0.593,0.256,9.64
-0.706,0.679,10.458
-0.756,0.663,10.501
-0.49,0.419,10.037
-0.445,0.163,9.546
-0.459,0.167,9.618
-0.505,0.471,9.869
-0.5,0.672,10.042
-0.569,0.792,9.975
-0.603,0.773,9.845
-0.589,0.94,9.735
-0.517,0.818,9.75
-0.579,0.744,9.776
-0.452,0.665,9.848
-0.495,0.73,9.932
-0.493,0.804,9.877
2.806,-1.632,18.088
-2.467,2.682,9.881
-1.211,3.424,12.312
0.684,1.864,12.987
0.892,3.376,10.642
-1.325,-0.608,9.343
-0.766,-0.878,7.472
0.34,1.44,7.776
-0.469,1.919,9.08
-0.909,1.108,10.341
-0.419,1.342,10.795
-0.254,1.522,10.714
-0.581,1.05,9.822
-0.447,0.754,9.209
-0.419,0.67,9.18
-0.546,0.816,9.625
-0.548,1.093,10.135
-0.38,1.302,10.283
-0.49,1.357,10.02
-0.488,1.038,9.621
-0.321,0.924,9.384
-0.467,1.089,9.709
-0.644,1.036,10.068
-0.435,1.072,9.92
-0.268,1.292,9.774
-0.431,1.227,9.609
-0.49,1.022,9.597
-0.459,0.818,9.676
-0.56,0.964,9.967
-0.639,0.833,10.003
4.311,-2.778,11.286
-5.436,5.17,9.573
-0.758,3.07,13.497
1.031,1.89,13.853
-0.895,-0.065,11.563
-0.998,-0.179,9.044
0.256,-0.086,7.888
1.175,-0.89,6.604
-0.658,1.113,8.484
-1.311,1.957,10.281
-0.495,1.766,11.049
-0.658,1.56,11.207
-0.711,1.34,10.463
-0.215,0.921,9.522
-0.364,0.668,9.008
-0.431,0.754,8.987
-0.242,1.29,9.388
10.307,-0.072,-3.141
-3.914,2.938,8.376
-2.787,3.536,11.465
-0.014,3.572,12.714
0.074,5.065,11.506
-0.062,0.017,9.549
-0.024,-0.931,7.24
-0.596,1.648,8.085
-0.656,1.964,9.156
-0.452,1.314,10.185
-0.488,1.646,10.85
-0.44,1.68,10.546
-0.443,1.117,9.633
-0.421,1.208,9.135
-0.385,1.419,9.132
-0.488,1.526,9.57
-0.684,1.61,7.986
-1.483,0.019,8.489
-3.895,6.481,13.013
2.146,3.474,11.429
1.022,-1.639,10.812
-2.699,-0.4,8.869
-1.007,1.371,8.625
0.818,1.833,8.405
-0.426,1.625,9.054
-0.842,2.048,10.101
-0.304,2.283,10.791
-0.601,1.584,10.415
2.098,2.395,7.671
-2.833,4.96,11.24
-1.833,0.546,10.008
0.983,-0.029,10.027
-0.519,1.192,9.721
-0.766,1.979,8.876
-0.402,1.704,8.86
-0.38,1.62,9.697
-0.653,1.613,10.362
0.919,-4.558,28.271
-5.029,6.776,13.205
0.392,1.641,11.14
0.031,-0.282,10.362
-0.093,0.328,8.652
-0.522,1.938,8.867
-0.268,2.034,8.771
-0.112,1.665,9.037
-0.715,1.823,10.101
-0.373,-3.543,24.45
-4.213,6.9,12.415
1.711,2.914,11.865
0.199,0.156,10.434
-2.079,-0.557,8.888
-0.651,0.945,8.563
0.507,2.089,8.393
-0.459,2.046,9.063
-0.565,2.082,10.011
-0.258,2.283,10.468
-0.761,2.017,10.221
0.328,1.158,-20.799
-5.371,1.354,7.08
-1.644,3.436,11.999
2.778,4.709,11.92
0.22,3.797,11.551
-2.041,0.141,9.192
-0.572,0.258,7.716
0.055,1.546,8.02
-0.526,2.144,9.032
-0.493,1.964,9.881
-0.048,2.046,10.47
-0.493,2.089,10.475
-0.761,1.55,9.774
-0.404,1.555,9.061
-0.297,1.828,9.235
-0.261,1.811,9.463
-0.333,1.983,9.869
-0.577,2.225,10.018
-0.577,2.012,9.903
-0.383,1.828,9.472
-0.266,1.771,9.302
-0.373,1.849,9.51
-0.409,1.912,9.7
-0.481,2.017,9.755
-0.471,2.153,9.833
-0.376,1.952,9.723
-0.421,1.809,9.623
1.928,2.12,12.63
-0.885,2.256,9.223
-2.562,0.098,9.362
-1.591,1.239,9.513
0.304,1.515,9.889
-0.067,0.718,9.805
-0.56,0.907,9.936
-0.871,1.311,9.664
-0.27,1.873,9.716
0.869,2.9,9.573
-0.632,1.51,9.525
0.412,2.862,10.247
-0.254,2.596,10.855
-0.297,0.175,9.786
-0.467,0.555,9.642
-0.323,1.345,9.465
-0.249,-0.033,9.168
-0.636,1.646,9.917
-0.885,4.692,10.726
-0.749,-0.029,9.257
0.261,1.687,9.776
-0.139,1.002,9.75
-0.1,1.364,9.831
-0.206,4.374,10.42
1.68,-3.488,9.41
0.115,-1.756,10.791
-0.517,2.993,9.924
0.017,-0.447,8.274
-0.421,-0.318,9.422
-0.541,1.897,10.03
-0.44,1.622,10.2
-0.641,0.849,9.984
-0.062,1.546,9.659
-0.653,1.184,10.145
-0.957,2.041,10.042
-0.651,1.5,9.903
-0.249,1.148,9.812
-0.242,1.462,9.625
-0.242,1.995,9.345
-0.431,2.35,9.42
-0.713,2.204,9.75
-0.888,1.811,9.91
-0.505,1.426,9.692
-0.254,1.495,9.604
-0.175,1.914,9.652
-0.414,1.983,9.783
-0.763,1.515,9.822
-0.713,1.483,9.79
-0.38,1.96,9.618
-0.27,2.412,9.432
-0.254,2.455,9.295
-0.474,2.031,9.601
-0.636,1.471,9.721
-0.488,1.452,9.793
-0.464,1.845,9.857
-0.534,1.811,9.778
-0.397,1.634,9.534
-0.012,-0.947,10.889
0.074,2.706,9.597
-0.426,4.276,11.08
-0.007,1.916,10.884
1.605,1.316,9.35
-2.663,1.254,9.357
-1.079,1.637,8.769
0.746,1.914,8.747
-0.739,2.031,9.781
-1.0,1.96,10.405
-0.172,1.711,10.171
-0.412,1.591,9.743
-0.663,1.713,9.51
-0.325,1.584,9.463
-0.493,1.294,9.81
-0.62,1.672,9.927
-0.493,2.227,9.869
-0.474,2.098,9.609
-0.593,1.933,9.333
-0.462,2.06,9.489
-0.378,2.103,9.671
-0.459,1.763,9.86
-0.507,1.448,9.941
-0.534,1.395,9.814
-0.479,1.522,9.597
-0.419,1.672,9.424
-0.462,2.091,9.47
-2.381,3.082,7.013
-0.074,1.275,7.757
-1.622,2.775,10.721
0.17,3.237,11.31
0.916,1.314,10.558
-1.515,0.029,10.628
-1.902,0.261,9.436
0.002,1.005,8.793
-0.108,1.684,9.075
-0.761,1.924,9.585
-0.158,2.306,9.893
-0.146,2.483,9.862
-0.72,2.227,9.635
-0.648,1.735,9.417
-0.498,1.859,9.257
-0.715,2.065,9.63
-0.572,2.005,9.822
-0.239,1.957,9.774
-0.5,1.806,9.8
-0.636,1.412,9.702
-0.421,1.436,9.666
-0.493,1.486,9.771
-0.543,1.845,9.609
-0.447,2.218,9.503
-0.613,1.943,9.676
-0.723,1.452,9.836
-0.548,1.156,10.075
-0.313,1.062,9.965
-0.34,1.182,9.721
-0.447,1.747,9.386
-0.488,2.306,9.479
0.431,2.696,8.934
-1.012,1.294,9.121
-0.412,1.34,10.058
0.033,1.436,10.518
-0.416,1.842,9.8
-0.847,1.842,9.637
0.799,1.656,8.762
-0.914,1.782,9.47
-1.505,1.541,9.85
-0.337,1.433,9.819
-2.479,1.826,6.907
0.23,0.557,5.278
-2.469,3.452,10.69
-0.203,3.292,12.183
-0.062,1.993,10.348
-3.019,0.983,9.695
-0.036,1.28,8.501
0.548,1.866,8.489
-0.823,2.022,9.355
-0.799,1.943,9.941
2.189,1.759,7.381
-1.933,2.603,9.494
-1.309,3.512,11.133
0.139,1.311,10.049
-0.627,0.986,9.642
-0.916,0.445,9.209
-0.546,1.278,9.18
-0.373,1.928,9.448
-0.39,2.098,9.85
-0.433,1.876,10.003
1.357,1.591,5.568
-1.625,2.28,9.099
-0.213,3.321,11.283
0.103,0.754,9.436
-1.153,0.871,9.333
-0.677,2.239,9.589
-0.514,1.725,9.678
-0.794,1.414,9.819
-0.299,2.007,9.726
-2.199,2.847,5.797
-0.916,0.634,9.338
-1.778,3.694,11.716
0.144,1.56,10.396
-0.311,1.16,9.642
-0.981,1.715,9.388
-0.081,1.854,8.618
-0.366,2.146,9.278
-1.036,1.991,9.874
-0.672,1.73,10.137
1.481,-0.127,10.798
-1.962,4.773,9.7
-0.165,2.543,10.145
0.007,0.804,9.305
-1.323,1.548,9.357
-0.033,2.414,9.266
-0.112,2.172,9.491
-0.809,1.51,9.79
-0.569,1.873,9.958
-0.598,2.218,9.788
0.924,-0.175,11.527
-2.153,5.029,10.003
0.017,3.522,10.207
-0.467,1.847,9.805
-0.584,1.048,9.42
-0.194,1.859,8.953
-0.689,2.163,9.51
-0.969,1.907,9.826
-0.419,1.854,10.001
-0.311,2.227,9.637
0.321,-0.206,12.537
-1.598,5.46,9.575
0.359,2.656,10.281
-0.033,0.644,9.676
-1.304,1.637,9.987
-0.065,2.294,8.996
-0.014,2.539,8.879
-1.113,2.017,9.592
-0.782,1.696,9.958
-0.376,2.773,5.737
-0.433,1.981,9.125
-1.05,4.484,10.948
0.026,2.491,9.848
-0.572,1.321,9.697
-0.962,1.239,9.348
-0.11,2.007,9.223
-0.177,2.397,9.19
-0.522,2.62,9.391
-0.66,2.565,9.654
0.459,-0.017,11.908
-0.955,4.742,10.276
0.352,2.967,9.944
-0.938,1.957,9.903
-1.244,0.751,9.436
-0.062,1.866,9.099
-0.184,2.962,9.199
-0.624,2.539,9.336
-0.378,2.062,9.4
0.565,0.316,11.743
-0.519,4.45,9.824
0.115,3.022,10.403
-0.569,1.156,9.764
-1.256,0.933,9.381
-0.263,1.761,9.14
-0.275,2.213,9.391
-0.718,2.414,9.75
-0.479,2.345,9.869
-1.534,2.869,6.321
-0.227,1.852,9.501
-0.505,4.005,10.874
0.038,1.651,10.109
-1.206,1.5,9.826
-0.378,1.696,9.185
-0.036,2.357,8.994
-0.754,2.455,9.183
-0.603,2.211,9.652
-0.467,1.919,10.154
1.725,0.61,5.414
-1.536,3.945,8.75
-0.244,5.113,11.338
0.364,2.036,9.582
-0.959,0.904,9.377
-0.622,1.663,8.9
-0.05,2.816,9.008
-0.438,2.687,9.266
-0.423,2.668,9.367
-0.366,2.409,9.778
1.799,2.493,1.371
-1.995,3.558,9.104
-0.05,5.032,11.764
0.825,1.177,9.783
-1.22,0.122,9.972
-1.359,2.055,9.439
0.043,2.711,8.924
-0.141,2.383,9.056
-0.505,2.294,9.422
-0.423,2.448,9.771
-0.617,2.328,9.688
-0.368,2.29,9.415
-0.304,2.333,9.307
-0.471,2.208,9.537
-0.541,2.311,9.776
-0.438,2.216,9.745
-0.428,2.127,9.599
-0.392,2.151,9.4
-0.421,2.393,9.527
-0.459,2.388,9.549
-0.421,2.378,9.606
-0.407,2.091,9.637
-0.452,2.216,9.621
-0.438,2.249,9.654
-0.445,2.237,9.451
-0.443,2.373,9.408
-0.467,2.196,9.554
-0.495,2.297,9.542
-6.001,2.089,13.107
0.361,2.45,6.058
1.287,1.18,10.446
2.653,2.51,9.604
-3.488,2.393,10.532
-1.335,1.866,9.025
1.342,2.158,8.441
-0.541,2.56,9.465
-1.175,2.495,9.912
-0.086,2.579,9.838
-0.225,2.495,9.611
-0.541,1.952,9.252
-0.33,1.902,9.207
-0.464,2.338,9.63
-0.45,2.263,9.85
-0.356,2.249,9.7
-0.488,2.33,9.649
-0.565,2.103,9.537
-0.44,2.07,9.542
-0.356,2.304,9.656
-0.333,2.474,9.556
-0.423,2.385,9.475
-0.541,2.524,9.4
-0.385,2.637,9.427
-0.337,2.606,9.482
-0.443,2.395,9.558
-0.44,2.273,9.513
-0.44,2.371,9.554
-0.536,2.201,9.719
-0.529,2.007,9.714
-2.036,2.223,4.46
-0.033,1.849,5.319
-1.804,2.926,10.532
0.581,2.838,11.087
-1.548,4.144,11.07
-1.091,1.548,9.317
