-0.79,-1.005,9.989
-0.825,-0.852,9.977
-0.797,-1.108,9.891
-0.837,-0.921,9.996
-0.883,-0.823,9.991
-0.833,-0.849,9.982
-0.888,-1.266,9.884
-0.991,-1.347,9.81
-1.218,-1.17,9.936
-1.019,-0.986,9.936
-0.782,-1.287,9.767
-0.909,-1.203,9.915
-1.005,-1.215,10.027
-0.677,-0.627,9.802
-0.531,-0.751,9.953
-0.806,-1.103,9.721
-1.474,-1.058,10.286
-0.529,-0.586,9.786
-1.524,-1.517,9.934
-0.486,-0.589,9.862
-1.122,-1.165,9.726
-1.0,-0.931,10.164
-0.754,-0.77,9.996
-0.857,-0.825,10.018
-0.802,-0.756,9.965
-0.833,-0.703,10.03
-0.837,-0.632,10.003
-0.979,-0.873,9.941
-0.962,-0.928,9.884
-0.883,-0.794,9.989
-0.84,-0.703,10.011
-0.818,-0.981,9.944
-0.892,-0.933,9.92
-0.962,-0.986,9.927
-0.967,-1.101,9.905
-1.108,-1.017,9.884
-0.835,-0.849,9.929
-0.907,-0.933,9.979
-0.909,-0.885,9.97
-0.871,-0.763,9.924
-0.907,-0.933,9.97
-1.034,-0.785,9.874
-1.022,-0.691,10.027
-0.715,-0.656,9.934
-0.799,-0.617,9.999
-0.761,-0.737,9.944
-0.718,-0.761,9.932
-0.995,-1.079,9.958
-0.971,-1.56,9.877
-0.869,-1.11,9.958
-0.605,-1.034,9.903
-1.318,-0.06,7.934
-0.9,-0.679,9.927
-0.998,-0.493,10.03
-1.029,-0.89,9.941
-1.122,-1.165,9.91
-1.069,-0.94,9.948
-1.23,-1.043,9.948
-1.101,-0.878,9.965
-0.531,-0.5,9.79
-0.785,-0.414,9.874
-1.184,-0.885,9.996
-1.069,-1.172,9.8
-1.002,-0.66,9.936
-1.034,-0.486,9.953
-0.876,-0.447,10.003
-1.086,-0.443,10.023
-0.988,-0.581,10.063
-0.694,-0.481,9.963
-1.11,-0.768,9.939
-1.089,-0.828,9.915
-1.084,-1.256,9.814
-1.172,-1.189,9.965
-1.127,-0.569,9.996
-0.94,-0.718,9.967
-1.012,-1.031,9.912
-1.034,-0.861,9.936
-0.952,-0.644,9.963
-1.029,-0.763,9.932
-1.115,-1.132,10.025
-1.117,-1.175,9.853
-0.785,-1.256,9.721
-1.105,-0.751,9.908
-1.153,-1.268,9.963
-1.091,-1.096,9.877
-1.036,-0.869,9.896
-1.062,-0.732,9.891
-1.132,-0.943,9.855
-1.153,-1.031,9.879
-1.278,-0.84,10.001
-1.105,-0.761,9.987
-0.991,-0.955,9.932
-0.799,-1.017,9.896
-1.024,-1.177,9.843
-1.019,-0.79,9.903
-1.055,-0.914,9.982
-0.809,-0.849,9.869
-1.103,-1.206,9.948
-1.125,-0.962,9.857
-1.211,-1.103,9.956
-0.818,-1.457,9.877
-0.4,-1.079,9.824
-0.869,-0.756,9.889
-0.931,-0.744,9.984
-1.069,-1.127,9.817
-1.543,-1.706,9.929
-0.818,-0.842,9.881
-1.237,-0.919,10.013
-0.761,-0.914,9.91
-0.842,-0.828,9.9
-1.282,-1.335,9.97
-1.168,-1.172,9.948
-1.065,-0.981,9.896
-0.517,-0.672,9.874
-0.701,-0.974,9.848
-1.27,-1.433,9.934
-0.852,-1.385,9.709
-0.546,-1.146,9.996
-0.813,-0.926,10.056
-0.864,-0.88,9.884
-0.833,-0.718,10.013
-0.531,-0.993,9.831
-0.581,-0.931,9.865
-0.364,-1.495,9.8
-1.33,-2.242,8.372
-0.67,-1.742,9.967
-1.237,-1.577,9.958
-1.213,-0.988,10.039
-1.072,-1.158,9.838
-0.723,-0.837,9.661
-1.079,-1.522,9.963
-1.495,-1.603,10.013
-1.055,-1.45,9.908
-1.065,-1.354,9.869
-1.115,-1.414,9.872
-0.981,-1.163,9.843
-0.469,-0.72,9.731
-0.888,-0.947,9.939
-0.9,-1.311,9.97
-0.849,-1.208,9.731
-1.024,-1.017,9.977
-0.89,-1.227,9.891
-0.974,-1.455,9.85
-0.974,-1.622,9.788
-1.072,-1.524,9.75
-1.206,-1.036,9.855
-1.091,-0.998,9.92
-0.945,-0.945,9.862
-0.818,-0.986,9.886
-0.962,-1.335,9.819
-1.122,-1.225,9.879
-1.141,-1.206,9.879
-1.022,-1.258,9.881
-1.007,-1.292,9.848
-1.27,-1.06,9.896
-1.055,-1.132,9.86
-0.924,-1.213,9.848
-1.192,-1.136,9.929
-1.309,-1.026,9.924
-1.237,-1.122,9.836
-1.244,-1.177,9.893
-1.491,-0.735,9.874
-0.88,-1.287,9.633
-1.139,-1.352,9.917
-1.055,-1.237,9.855
-1.002,-0.993,9.865
-1.067,-1.055,9.9
-1.098,-1.06,9.872
-0.969,-1.12,9.841
-1.065,-1.136,9.841
-1.232,-1.074,9.915
-1.701,-1.086,9.889
-1.0,-1.414,9.836
-1.61,-1.122,9.948
-1.031,-1.28,9.831
-1.254,-1.103,9.855
-1.148,-1.067,9.843
-1.141,-1.247,9.915
-1.007,-1.046,9.893
-1.122,-1.072,9.795
-1.18,-1.048,9.927
-1.055,-1.019,9.9
-1.168,-0.952,9.886
-1.012,-1.062,9.833
-1.213,-1.153,9.867
-1.12,-1.084,9.838
-1.199,-0.94,9.881
-1.215,-0.873,9.944
-1.098,-0.907,9.884
-1.23,-1.084,9.802
-1.261,-1.048,9.872
-1.266,-0.94,9.9
-1.321,-0.907,9.939
-1.144,-0.933,9.893
-1.098,-1.019,9.781
-1.239,-1.041,9.893
-1.187,-0.902,9.874
-1.376,-0.919,9.924
-1.316,-0.959,9.908
-1.12,-1.026,9.805
-1.117,-1.108,9.862
-1.282,-1.026,9.862
-1.404,-0.914,9.903
-1.359,-0.84,9.893
-1.273,-1.122,9.824
-1.278,-0.952,9.908
-1.012,-1.098,9.841
-1.23,-1.026,9.829
-1.122,-1.093,9.838
-1.069,-1.067,9.788
-1.203,-1.072,9.857
-1.383,-0.89,9.927
-1.34,-0.914,9.891
-1.299,-0.89,9.833
-1.371,-0.967,9.939
-1.223,-1.136,9.824
-1.409,-1.074,9.889
-1.282,-1.077,9.702
-1.194,-0.737,9.898
-1.404,-0.928,9.889
-1.041,-0.983,9.831
-1.144,-0.991,9.881
-1.223,-1.022,9.819
-1.203,-0.974,9.903
-1.153,-0.947,9.826
-1.287,-1.036,9.903
-1.361,-1.007,9.896
-1.306,-0.967,9.879
-1.23,-1.038,9.877
-1.239,-0.983,9.865
-1.321,-1.019,9.877
-1.275,-1.215,9.836
-1.244,-1.196,9.817
-1.357,-1.074,9.874
-1.28,-0.991,9.826
-1.316,-0.971,9.865
-1.287,-1.012,9.857
-1.383,-1.062,9.877
-1.318,-1.002,9.812
-1.249,-0.969,9.877
-1.282,-1.01,9.857
-1.287,-1.036,9.869
-1.314,-1.034,9.912
-1.23,-1.072,9.757
-1.452,-1.187,9.855
-1.424,-1.206,9.771
-1.323,-1.163,9.788
-1.469,-0.955,9.891
-1.857,-0.562,10.171
-1.05,-1.268,9.573
-1.294,-1.098,9.9
-1.18,-1.165,9.788
-1.342,-1.093,9.893
-1.302,-1.012,9.845
-1.459,-1.053,9.865
-1.381,-1.122,9.807
-1.349,-1.129,9.838
-1.347,-1.175,9.807
-1.354,-1.014,9.898
-1.316,-0.94,9.874
-1.337,-1.055,9.85
-1.282,-1.208,9.812
-1.249,-1.292,9.81
-1.304,-1.065,9.845
-1.237,-1.129,9.874
-1.311,-1.211,9.843
-1.297,-1.256,9.881
-1.352,-1.105,9.889
-1.302,-1.108,9.798
-1.337,-1.136,9.877
-1.299,-1.215,9.869
-1.395,-1.172,9.826
-1.452,-1.251,9.817
-1.29,-1.227,9.824
-1.342,-1.256,9.865
-1.29,-1.261,9.853
-1.273,-1.285,9.769
-1.436,-1.232,9.755
-1.325,-1.132,9.86
-1.28,-1.256,9.869
-1.314,-1.464,9.826
-1.294,-1.534,9.802
-1.278,-1.311,9.783
-1.404,-0.967,9.853
-1.318,-0.988,9.944
-1.203,-1.101,9.853
-1.292,-1.306,9.8
-1.33,-1.369,9.817
-1.397,-1.266,9.944
-1.27,-1.333,9.776
-1.345,-1.522,9.81
-1.28,-1.323,9.831
-1.213,-1.053,9.829
-1.388,-1.249,9.805
-1.376,-1.395,9.824
-1.526,-1.426,9.814
-1.495,-1.302,9.755
-1.443,-1.18,9.831
-1.17,-1.235,9.805
-1.302,-1.299,9.836
-1.302,-1.125,9.781
-1.342,-1.141,9.867
-1.383,-0.787,10.011
-1.34,-0.658,9.917
-1.199,-0.462,9.97
-1.12,-0.476,9.934
-1.189,-0.557,10.068
-1.268,-1.127,9.826
-1.433,-1.038,9.838
-1.366,-0.967,9.843
-1.218,-1.026,9.853
-0.354,-1.878,8.896
-1.498,-0.986,9.944
-1.67,-1.127,9.877
-1.622,-1.105,9.833
-1.512,-1.014,9.798
-1.562,-1.201,9.812
-1.663,-1.278,9.81
-1.373,-1.017,9.86
-1.426,-1.115,9.85
-1.369,-1.074,9.886
-1.22,-1.036,9.831
-1.366,-1.251,9.774
-1.632,-1.165,9.86
-1.644,-1.048,9.872
-1.323,-1.184,9.771
-1.168,-1.357,9.869
-1.175,-1.316,9.793
-1.177,-1.328,9.767
-1.275,-1.357,9.824
-1.309,-1.412,9.826
-1.404,-1.416,9.86
-1.488,-1.505,9.855
-1.194,-1.474,9.79
-1.203,-1.433,9.793
-1.062,-1.392,9.786
-1.395,-1.481,9.819
-1.328,-1.572,9.795
-1.45,-1.725,9.752
-1.297,-1.601,9.857
-1.294,-1.247,9.898
-1.148,-1.256,9.812
-0.828,-1.359,9.776
-0.878,-1.352,9.79
-1.156,-1.771,9.853
-1.294,-1.436,9.924
-1.225,-1.682,9.783
-1.22,-1.069,9.829
-1.416,-1.038,9.984
-1.129,-1.194,9.874
-0.861,-1.448,9.783
-0.682,-1.62,9.764
-0.79,-1.969,9.769
-1.144,-1.493,9.869
-1.474,-1.218,9.953
-0.608,-1.452,9.836
-0.275,-1.682,9.642
-1.129,-1.395,9.922
-1.101,-1.443,9.8
-0.964,-1.555,9.812
-0.651,-1.555,9.767
-0.261,-1.718,9.771
-0.727,-1.639,9.812
-0.73,-1.127,9.824
-0.809,-1.503,9.853
-0.701,-1.455,9.924
-0.653,-1.471,9.917
-0.416,-1.761,9.733
-0.608,-1.646,9.81
-0.699,-1.608,9.908
-0.452,-1.366,9.752
-0.51,-1.426,9.781
-0.739,-1.751,9.896
-1.266,-2.771,9.843
-1.081,-1.572,9.79
-0.902,-1.294,9.939
-0.79,-1.187,9.936
-0.66,-1.089,9.939
-0.744,-0.952,9.946
-0.687,-0.979,9.889
-1.172,-1.261,10.03
-0.708,-1.34,9.889
-0.562,-1.132,9.733
-1.223,-1.127,10.106
-0.88,-1.187,9.893
-1.294,-0.955,9.912
-1.034,-1.156,9.793
-0.935,-1.534,9.857
-0.897,-1.526,9.833
-0.933,-1.285,9.831
-0.912,-1.096,9.903
-0.811,-1.201,9.9
-0.988,-1.318,9.903
-1.091,-1.065,9.874
-1.069,-1.141,9.927
-1.084,-1.438,9.896
-1.129,-1.335,9.893
-1.199,-1.22,9.841
-0.995,-1.28,9.826
-1.06,-1.452,9.831
-1.065,-1.404,9.889
-1.069,-1.053,9.884
-1.067,-1.227,9.898
-1.103,-1.316,9.877
-1.206,-1.292,9.85
-1.239,-1.302,9.829
-1.029,-1.524,9.879
-1.141,-1.51,9.855
-1.172,-1.048,9.903
-1.031,-1.058,9.934
-1.014,-1.431,9.75
-1.089,-1.244,9.932
-1.05,-1.294,9.819
-1.098,-1.438,9.865
-1.132,-1.206,9.889
-1.101,-1.215,9.948
-0.971,-0.88,9.91
-0.959,-1.431,9.833
-1.06,-1.656,9.776
-1.225,-1.534,9.769
-1.079,-1.342,9.857
-0.962,-1.091,9.867
-0.866,-1.11,9.912
-1.199,-1.237,9.92
-1.266,-1.022,9.879
-1.101,-1.299,9.877
-1.055,-1.445,9.893
-0.94,-1.196,9.831
-1.148,-1.127,9.922
-1.079,-1.189,9.879
-1.036,-1.297,9.879
-1.247,-1.352,9.829
-1.304,-1.227,9.836
-1.27,-1.153,9.881
-0.998,-1.266,9.874
-1.134,-1.227,9.893
-1.091,-1.199,9.86
-1.232,-1.132,9.924
-1.053,-1.285,9.857
-1.11,-1.278,9.862
-1.072,-1.22,9.838
-1.192,-1.136,9.896
-1.196,-1.28,9.881
-1.168,-1.223,9.862
-1.05,-1.105,9.881
-1.103,-1.12,9.874
-1.127,-1.098,9.869
-1.208,-1.156,9.896
-1.223,-1.065,9.936
-1.115,-0.976,9.869
-1.072,-1.258,9.874
-1.254,-1.165,9.869
-1.261,-1.122,9.924
-1.187,-1.122,9.898
-1.141,-1.203,9.795
-1.134,-1.249,9.86
-1.055,-1.172,9.845
-1.244,-1.108,9.903
-1.335,-1.29,9.879
-1.328,-1.266,9.905
-1.206,-1.081,9.872
-1.168,0.345,9.972
-0.928,0.098,15.638
-1.034,-1.802,13.31
-0.746,7.02,12.489
-1.16,-4.041,10.03
-1.491,-0.464,9.269
-1.275,-0.89,10.039
-0.983,-1.172,9.802
-0.995,-1.254,9.905
-1.06,-1.125,9.843
-1.086,-0.794,9.948
-0.957,-0.876,9.86
-1.177,-1.098,9.829
-1.237,-1.103,9.912
-1.206,-0.653,9.9
-0.78,-1.019,9.817
-1.0,-1.156,9.905
-1.223,-1.323,9.8
-1.428,-0.935,9.872
-1.244,-0.959,9.934
-0.962,-1.115,9.879
-0.9,-1.287,9.848
-1.058,-1.299,9.788
-1.275,-1.428,9.824
-1.065,-0.813,9.855
-1.156,-1.11,9.896
-1.18,-0.857,9.948
-1.237,-1.079,9.896
-1.328,-1.28,9.75
-1.086,-1.165,9.723
-0.928,-0.679,9.862
-1.268,-0.361,9.967
-1.048,-0.498,10.101
-1.077,-0.517,9.893
-0.794,-0.4,9.905
-0.988,-0.404,9.855
-1.0,-0.333,9.9
-1.199,-0.27,9.999
-1.182,-0.033,9.891
-1.407,-0.01,10.051
-0.967,-0.081,9.9
-0.971,-0.024,9.857
-0.928,-0.017,9.908
-0.895,-0.086,9.96
-0.857,-0.179,9.889
-1.325,-2.522,11.941
-1.029,6.438,15.65
-0.735,8.68,13.004
-1.349,-7.412,4.728
-0.802,-0.321,8.278
-1.199,-1.878,10.264
-0.969,-0.794,9.833
-1.074,-0.677,9.826
-0.981,-0.182,9.891
-1.079,0.089,9.972
-1.096,-0.263,10.039
-0.974,-0.51,9.924
-1.144,-0.242,9.982
-0.869,-0.246,10.013
-0.751,-0.156,9.912
-0.275,-0.244,9.967
-0.763,-0.038,9.891
-1.342,-0.479,10.109
-0.904,-0.299,9.941
-1.0,-0.735,10.704
0.665,0.421,10.843
-1.414,-0.12,7.405
-4.158,6.654,10.334
0.273,-2.101,11.934
-1.089,-1.938,8.12
-1.921,4.658,14.554
1.345,-3.0,5.529
-0.488,-0.036,9.963
0.632,-2.302,9.731
-0.203,-0.474,10.001
-0.648,-0.624,9.845
-0.49,-0.778,9.678
-0.522,-1.323,9.733
-0.321,-1.57,9.771
-0.608,-1.969,10.18
0.139,-1.955,9.893
0.23,-1.792,9.733
-1.428,-2.864,9.767
-0.813,-3.07,9.79
-0.663,-2.838,9.917
-1.455,-2.866,9.865
-0.859,-3.472,9.886
-1.445,-4.343,9.391
-1.567,-5.29,8.46
-1.357,-5.096,7.197
-1.062,-4.651,8.19
-2.096,-4.187,8.101
-0.404,-6.709,7.699
-1.89,-8.448,7.604
-3.819,-10.013,8.104
-2.129,-8.142,2.003
8.022,12.896,11.496
-1.424,6.761,10.927
-1.658,-3.505,9.987
0.703,-7.723,10.233
-1.232,-0.11,17.195
0.342,9.4,16.394
-0.294,-9.656,0.629
-0.668,8.838,19.325
-1.325,-11.764,3.785
1.266,10.247,12.863
-1.998,-10.25,9.563
-0.203,-2.426,8.073
2.11,-12.272,8.585
-4.177,1.924,11.896
-1.548,7.161,11.111
1.842,0.78,10.74
-0.199,-2.127,10.271
-3.132,-3.213,9.798
2.388,-7.015,7.79
-1.005,-3.859,9.477
0.797,-2.976,10.645
0.048,-5.721,10.826
-4.826,-2.895,9.214
-0.16,-1.725,9.881
-1.931,-5.398,10.769
1.584,-3.484,7.991
2.216,-5.338,8.381
1.479,-3.969,7.637
1.074,-5.307,7.596
-0.108,-5.307,8.266
-1.775,-1.062,8.853
-1.273,-4.477,8.769
-1.156,-4.168,8.372
-1.665,-3.852,8.8
-2.893,-4.225,8.79
-0.998,-5.826,8.252
2.137,-5.742,7.604
0.914,-6.371,8.116
-1.787,-6.118,11.819
0.036,-0.935,7.305
2.701,-13.463,7.931
0.873,-4.268,8.527
0.943,-5.682,7.85
0.213,-5.979,7.599
-0.029,-7.063,7.757
0.201,-3.393,10.52
0.347,-5.857,9.113
0.998,-6.977,8.563
1.761,-8.18,7.836
0.758,-7.142,9.073
-3.24,-6.075,8.123
-3.546,-6.092,8.285
-1.904,-1.857,6.147
-2.455,-1.335,6.809
-3.979,-0.112,8.642
-2.653,-5.383,8.678
1.833,-6.948,9.113
3.189,-5.151,7.666
1.792,-7.936,8.183
0.641,-8.238,7.869
-0.596,-9.482,7.754
-2.601,-7.802,6.345
-3.455,-3.381,5.041
-0.275,2.96,10.721
1.029,0.624,10.468
-0.057,-3.24,9.589
1.392,-5.137,9.226
-0.333,-6.259,8.915
-1.091,0.328,10.496
1.153,-1.192,10.874
-0.481,-5.271,10.025
-2.342,-5.522,10.35
0.713,-3.869,10.018
0.735,-2.835,10.223
-1.653,-6.304,8.941
-4.407,-5.027,9.434
-0.435,-6.151,8.539
1.017,-4.383,7.467
0.124,-3.175,7.29
-1.534,-1.089,8.192
-3.263,-2.804,9.613
-1.818,0.825,9.838
-1.799,-3.608,9.716
-1.749,-3.18,8.336
0.136,-4.845,8.027
-1.426,-2.783,9.692
0.471,-4.926,9.286
1.797,-4.857,9.123
0.986,-1.641,9.671
0.548,-3.252,9.716
-1.29,-0.603,9.106
-2.232,-0.328,9.647
-3.33,1.823,10.587
-0.897,-0.395,10.535
-0.261,-2.278,10.032
0.005,-3.491,9.8
-0.67,-1.426,10.188
-0.993,-3.027,10.494
-0.67,-0.507,11.03
0.148,-0.481,11.037
0.022,-1.237,10.214
-0.636,-1.718,9.726
-0.9,0.038,9.79
-0.785,-0.871,9.374
-1.275,-1.024,9.944
-0.16,-2.158,10.68
-0.01,-2.498,10.221
0.196,1.192,9.221
-0.096,-2.01,8.46
0.526,-0.419,7.295
0.232,-1.175,6.91
-0.754,-2.137,8.47
-0.199,-1.785,10.41
0.864,-0.177,11.465
0.017,1.192,11.276
-0.201,-0.206,10.745
-1.823,-2.747,10.214
-0.27,-2.859,9.111
-0.88,-1.701,8.489
0.476,4.146,8.931
-1.177,8.14,9.826
1.421,7.977,10.164
-1.648,2.005,9.778
-1.022,-0.249,9.711
0.029,2.5,10.2
-0.517,3.354,10.408
-0.804,3.622,9.683
-0.4,3.28,9.477
-0.821,2.725,9.659
-0.993,2.629,9.599
-0.498,3.055,9.372
-0.534,3.182,9.848
-0.139,3.194,9.714
-0.17,2.9,8.915
-0.457,2.761,8.494
-0.593,2.924,9.369
-0.562,3.304,9.924
-0.61,2.424,9.398
-0.9,0.9,9.231
-0.538,1.237,8.709
0.376,2.842,9.436
0.529,3.926,9.499
-0.802,2.732,10.293
-0.488,3.577,9.479
0.431,3.673,9.671
-1.476,3.615,9.173
-0.591,3.424,9.348
-0.337,3.06,9.525
-0.433,2.646,9.42
-0.44,2.562,9.484
-0.036,3.383,9.408
0.249,3.704,9.049
0.301,4.151,9.348
-0.129,5.103,9.379
0.409,4.551,7.919
0.452,4.154,8.152
0.246,4.223,7.984
-0.194,3.536,8.238
-0.541,4.283,8.408
-0.232,5.213,8.173
-0.096,5.603,8.58
-0.5,5.78,8.953
-0.505,6.01,9.439
-0.505,5.35,9.231
-0.419,4.941,8.819
-0.414,4.917,8.475
-0.505,4.713,8.467
-0.802,3.649,9.405
-0.608,3.857,9.293
-0.45,4.548,8.931
-0.33,4.905,8.57
0.926,2.534,8.951
1.215,0.522,8.838
-1.165,4.232,10.075
1.024,2.603,8.86
-0.828,4.979,9.264
-1.768,2.804,9.264
0.124,4.898,9.259
-0.261,2.873,9.092
1.199,7.173,8.85
-2.149,1.806,9.343
1.646,3.003,7.867
-2.113,3.902,9.075
-2.385,4.261,9.625
1.117,4.821,9.647
-0.311,5.022,9.35
-1.014,5.371,9.219
-0.297,5.276,8.424
-0.124,3.773,8.841
0.845,4.969,8.817
0.622,5.859,8.226
1.029,5.072,8.484
-0.215,4.005,9.271
0.1,4.938,9.223
0.938,3.61,9.164
0.069,2.842,9.668
0.122,2.895,9.8
0.072,2.244,8.946
0.223,1.986,9.293
0.211,0.701,9.018
-1.034,-1.526,9.587
-0.577,-0.883,9.735
-0.73,-1.993,10.116
-0.672,-1.878,10.066
-1.419,-3.474,9.64
-1.677,-3.575,9.764
-2.297,-3.173,9.082
-1.593,-5.182,9.759
-0.806,-7.307,8.781
1.258,-1.428,9.374
-0.921,4.706,10.81
-3.866,4.453,9.884
-3.675,5.012,8.982
-0.471,1.79,8.434
0.266,-5.355,7.072
-0.203,-7.805,8.644
1.007,-5.094,9.848
-0.402,-3.73,10.312
-1.244,-3.548,10.082
0.88,-0.744,10.355
-0.124,1.392,10.42
-1.249,1.201,9.039
-1.706,-1.842,8.546
-1.426,-3.845,9.238
-0.835,-3.452,8.683
-0.56,-3.29,8.881
-0.141,-2.354,9.197
-0.134,-1.945,8.611
-0.897,-3.216,9.02
0.546,-1.022,10.013
-0.179,4.479,11.281
-0.876,5.704,10.623
-1.072,4.211,10.867
0.115,1.811,10.59
-0.395,1.261,9.996
-1.421,0.024,10.243
-0.632,2.158,10.13
-0.658,2.16,9.975
-0.818,1.869,9.604
-0.613,2.436,10.135
-0.318,2.531,9.764
-0.127,1.871,9.197
-0.811,1.445,9.549
-0.577,1.96,9.47
-0.191,2.311,9.494
-0.395,2.263,9.783
-0.538,2.359,9.767
-0.536,2.586,9.833
-0.572,2.67,9.812
-0.694,2.72,10.044
-1.06,2.096,10.532
-1.055,2.584,10.68
-0.921,3.278,10.989
-1.067,3.103,11.726
-1.287,2.168,12.408
-1.113,1.337,11.903
-1.0,1.314,11.74
-0.802,1.33,11.949
-0.306,0.383,11.721
0.211,-0.682,11.7
0.682,-1.51,10.221
0.991,-2.797,8.795
1.349,-2.208,8.384
2.601,-0.622,9.336
3.158,1.529,10.097
3.366,1.66,9.24
3.979,0.775,8.699
4.185,0.313,7.594
2.888,-0.165,8.281
2.091,-0.232,8.173
1.605,1.871,6.991
1.715,2.625,5.367
1.964,0.895,4.905
1.699,-0.617,5.493
0.196,-0.321,6.175
0.79,1.364,5.589
2.565,0.962,5.218
2.617,0.242,6.563
1.644,0.39,7.711
3.268,0.756,7.558
4.221,0.873,7.142
3.309,0.359,8.317
3.273,-0.242,9.415
3.548,-0.23,10.826
3.766,-0.026,11.336
3.917,-0.323,11.326
4.134,-0.074,10.697
3.618,0.129,10.929
3.586,0.213,11.46
3.972,-0.278,11.616
3.783,-0.727,11.358
4.11,-0.44,10.482
4.733,-0.077,10.453
3.948,-0.627,10.637
3.448,0.029,10.226
4.17,0.246,10.011
3.919,0.416,10.247
2.371,3.0,12.245
3.632,2.751,9.331
5.668,-0.912,6.434
5.881,-1.354,7.769
3.881,-1.251,9.446
5.357,-1.615,9.312
5.587,-1.007,8.69
5.369,-1.275,9.046
4.632,-1.914,8.352
4.663,-0.799,8.015
4.658,0.708,8.764
5.211,0.546,8.259
5.201,-1.562,9.391
4.749,-2.046,10.436
5.496,-1.302,9.027
6.673,-0.909,8.417
5.46,-0.189,8.695
5.144,-0.218,8.417
5.651,-1.002,7.269
5.888,-1.491,7.051
5.481,-1.014,7.491
5.099,-0.048,7.819
5.304,0.072,8.135
5.551,0.447,8.446
5.412,0.297,8.704
5.57,0.179,8.221
5.771,0.5,7.637
5.467,-1.019,7.51
5.4,-1.916,7.104
5.096,-0.785,8.585
5.211,-0.134,10.195
4.78,-2.421,10.678
4.369,-4.008,9.881
4.606,-1.359,9.417
4.972,0.443,8.982
5.017,0.146,7.836
5.544,-0.141,7.029
5.893,-1.421,6.671
5.615,-4.333,5.041
5.139,-3.445,7.144
4.544,-2.761,8.92
4.91,-1.258,9.29
4.235,0.557,10.329
4.393,0.096,9.953
5.13,-2.091,8.608
5.678,-2.62,7.412
6.678,-2.132,6.84
6.773,-2.89,7.034
6.393,-2.687,7.553
6.383,-1.596,8.726
6.216,-1.038,9.063
6.139,-0.589,9.135
5.761,-0.522,8.714
5.869,-0.041,8.187
5.704,0.373,8.187
5.405,-0.675,7.738
5.558,-1.766,7.348
5.546,-1.794,7.307
5.886,-0.823,7.309
6.039,-0.124,7.405
6.374,-0.263,7.271
6.606,-0.524,7.788
6.367,-0.498,8.305
6.644,-1.144,8.068
6.415,-0.668,8.096
6.278,-0.081,7.996
6.123,-0.507,7.604
5.867,-0.024,7.395
5.596,-0.294,7.407
5.568,-1.251,7.494
5.955,-1.321,7.462
5.979,-1.263,7.819
5.907,-1.244,7.864
5.955,-0.735,7.927
5.977,-0.179,8.331
6.271,0.531,7.506
6.8,0.45,7.051
6.931,0.854,6.386
6.977,0.751,6.393
6.989,0.464,6.123
6.833,-0.88,6.407
6.247,-1.591,7.441
5.855,-1.098,8.039
6.223,0.043,8.034
6.19,1.311,7.972
6.362,2.206,7.773
6.52,1.507,7.506
6.678,0.742,7.08
6.558,0.036,6.91
6.45,-0.708,7.02
6.548,-0.153,7.271
5.931,0.388,7.728
5.457,0.318,7.599
5.24,0.766,7.671
5.563,0.735,7.661
5.39,0.211,7.501
5.481,-0.089,7.278
5.862,-0.383,7.037
5.668,-0.699,7.168
5.79,-0.498,7.498
5.477,0.213,7.415
5.673,0.529,7.625
6.051,-0.431,7.903
5.785,-2.972,8.587
5.685,-3.764,8.032
6.077,-4.436,6.996
5.922,-4.125,6.496
6.544,-6.048,4.835
6.225,-7.946,4.34
6.192,-6.292,5.178
5.95,-5.417,4.948
4.761,-6.788,6.211
4.376,-6.608,5.625
5.754,-5.553,5.331
5.529,-5.838,4.735
5.623,-5.587,4.165
6.912,-5.534,3.692
6.718,-7.843,3.275
6.546,-7.809,3.015
6.092,-7.383,3.682
4.902,-7.977,4.058
5.716,-8.91,3.426
6.426,-9.293,2.536
6.111,-9.377,2.187
6.245,-9.377,2.9
6.398,-6.728,3.996
6.551,-5.357,4.998
6.714,-7.08,4.577
6.582,-9.64,2.972
6.266,-8.912,1.89
6.539,-4.898,1.55
6.297,-2.29,2.024
5.852,-0.955,2.462
6.149,-0.955,4.802
4.685,-4.189,6.218
3.237,-8.228,5.065
3.613,-8.613,3.754
4.917,-5.891,3.319
5.027,-4.321,4.094
4.364,-4.352,4.216
3.845,-6.742,4.417
2.914,-7.721,4.244
2.847,-7.333,5.211
2.328,-6.845,6.249
1.861,-5.95,6.467
1.735,-5.125,5.41
1.498,-5.137,4.905
0.727,-5.534,4.292
-0.282,-5.544,3.728
-0.613,-6.321,4.206
-2.936,-6.13,4.823
-4.477,-6.288,6.773
-5.364,-5.228,6.687
-5.919,-7.187,4.687
-7.369,-6.008,3.589
-8.211,-4.768,3.553
-9.786,-4.89,2.5
-10.97,-5.962,2.275
-12.422,-6.35,2.735
-12.908,-6.654,3.704
-13.262,-6.304,2.137
-12.295,-3.089,3.539
-15.863,-6.967,5.249
-16.471,-6.565,4.469
-16.016,-5.228,4.043
-12.563,-2.838,3.452
-13.073,-3.015,1.335
-9.74,-0.825,0.158
-12.336,0.043,2.897
-12.446,1.263,4.003
-12.073,2.278,4.455
-11.484,3.328,2.165
-10.525,3.792,0.909
-9.958,4.221,0.998
-10.044,4.544,1.469
-9.86,4.194,2.144
-10.046,4.728,2.275
-9.489,4.065,0.998
-9.499,2.481,1.258
-9.312,1.622,1.428
-7.69,-0.045,2.617
-6.094,1.737,3.941
-7.769,3.106,4.398
-7.159,1.852,3.472
-5.556,-2.74,2.881
-4.553,-7.939,3.687
-5.759,-10.927,3.18
-6.776,-10.267,3.95
-5.871,-7.108,5.314
-5.596,-6.905,5.958
-5.572,-7.336,2.833
-5.721,-15.25,5.185
-8.472,-11.97,5.857
-8.623,-5.623,8.02
-6.738,-6.836,7.692
-8.032,-8.104,8.475
-7.075,-7.202,7.197
-6.46,-7.683,7.757
-7.369,-8.204,5.857
-6.912,-7.606,4.701
-6.546,-6.211,4.89
-5.874,-7.362,6.362
-6.757,-4.599,7.412
-6.41,-4.802,5.955
-2.347,-7.697,3.924
-3.752,-8.36,3.491
-5.166,-8.266,3.424
-3.965,-10.159,3.51
-2.397,-10.855,3.007
-3.005,-9.563,5.309
-4.127,-6.709,4.505
-3.5,-6.938,5.024
-1.608,-9.211,4.28
-1.385,-5.993,4.792
-2.074,-8.135,6.539
-0.316,-6.3,6.422
-0.459,-5.926,8.998
-0.55,-5.082,8.293
0.804,-5.656,9.228
1.421,-2.632,8.02
2.629,-2.744,9.341
1.79,-2.917,9.781
0.687,1.593,9.812
1.254,0.309,8.632
1.239,-3.5,7.391
1.663,-4.194,7.156
1.263,-1.969,9.166
0.223,-2.577,7.929
1.426,-4.766,7.027
2.058,-4.776,7.013
0.045,-2.634,9.01
-0.328,-1.237,10.824
1.608,-0.237,12.212
4.34,-2.888,7.977
4.323,-5.761,8.857
3.108,-1.928,9.226
2.689,-2.412,7.439
2.405,-1.816,7.431
1.581,2.263,9.422
2.546,1.519,22.452
-1.622,-17.547,8.403
3.938,-17.138,2.909
5.699,-0.206,7.51
2.103,-1.952,6.831
4.23,-4.776,6.223
6.501,-2.964,8.19
6.86,-1.852,9.377
8.405,-4.189,7.886
11.85,-5.883,9.487
10.549,-3.464,10.913
12.14,-2.139,8.238
13.03,1.213,7.96
8.556,-7.24,11.98
5.075,-0.246,12.53
2.34,-4.453,11.767
-9.676,-15.152,5.728
-12.829,-10.362,1.28
-4.673,-8.951,7.778
3.237,-11.123,5.268
1.876,-9.008,6.489
-3.735,-3.498,10.905
-1.493,-9.321,9.889
0.435,-5.032,7.611
-1.34,-11.587,8.998
-0.031,-7.644,5.632
-0.364,-13.023,5.139
-2.536,-11.539,6.08
0.144,-6.685,6.087
-1.782,-9.934,8.482
1.938,-6.113,9.305
-0.421,-10.549,9.154
1.859,-12.767,6.984
-0.634,-7.888,9.53
0.457,-0.959,7.838
1.237,-5.23,12.666
-4.67,-4.261,14.485
-2.036,-9.927,10.228
-0.323,-6.857,7.496
0.172,-6.757,8.209
1.192,-8.666,12.559
2.783,-9.262,8.68
0.967,-5.575,7.082
1.773,0.309,10.781
1.625,-5.556,6.955
-0.055,-9.587,6.13
1.436,-6.903,6.036
2.385,-1.194,7.13
1.763,-0.4,7.955
1.72,-0.735,7.654
-0.804,-1.998,9.089
-0.074,-3.9,7.759
0.919,-2.548,8.19
0.538,2.223,5.075
-2.78,0.306,6.632
-1.596,0.854,2.029
1.33,-3.378,-1.141
2.5,-6.771,-0.555
0.227,-4.309,1.562
-3.534,-2.799,4.548
-3.242,-1.428,6.582
-3.043,-1.711,9.168
-1.503,-4.402,9.111
-0.215,-2.036,9.812
1.976,0.689,9.503
4.685,0.56,7.97
3.046,-7.204,9.173
-2.321,-8.4,9.652
-8.597,-9.92,8.36
-12.317,-4.386,9.924
-9.628,3.814,13.427
-5.041,2.297,13.47
-8.372,-1.335,13.824
-8.14,-1.029,14.571
-8.525,-3.957,12.958
-7.245,-4.4,13.442
-5.395,-1.675,12.334
-6.417,0.404,11.81
-5.608,-1.002,11.537
-4.838,-1.524,10.712
-4.962,-5.17,9.857
-5.163,-9.049,9.329
-4.788,-7.644,10.465
-4.18,-3.778,12.929
-3.811,-2.744,12.288
-4.498,-5.292,10.953
-2.78,-5.989,10.338
-2.531,-3.661,8.685
-3.046,-2.031,9.434
-3.63,-2.9,9.625
-3.663,-4.321,9.793
-3.101,-2.684,9.683
-2.577,-2.859,10.496
-3.0,-2.866,10.712
-2.065,-1.144,10.779
-2.371,-4.326,10.968
-1.818,-1.644,9.951
-0.378,3.821,9.58
-0.139,5.981,11.008
-0.907,7.656,11.501
-1.555,7.226,11.977
0.129,7.221,9.367
-1.337,6.362,8.211
-6.615,1.266,5.603
-5.828,-1.421,4.082
-4.601,2.96,5.067
-3.945,5.307,1.78
-3.929,7.118,-11.233
-6.871,6.694,-7.075
-10.307,11.925,0.017
-14.511,2.089,1.261
-17.16,-19.882,2.443
-9.489,-30.611,1.895
-3.795,-19.82,-0.483
-11.642,-13.554,0.079
-16.753,-7.477,-0.928
-11.716,-15.399,0.835
-12.729,-13.145,-2.775
-23.287,0.672,-0.395
-19.844,-18.44,-5.828
-21.277,-5.627,-5.912
-19.949,2.426,9.109
-23.486,-12.946,-12.322
-38.42,-8.661,-2.486
-28.144,-12.473,2.445
-25.531,-14.619,10.767
-25.335,-19.291,11.927
-19.088,-20.012,5.522
-29.852,-12.937,6.57
-19.191,1.591,3.074
-8.496,7.647,-0.691
3.201,1.617,-9.03
-7.175,-0.9,-6.06
-4.297,3.783,-6.79
-2.239,6.994,-7.324
0.983,7.228,-5.668
-3.022,9.408,-7.089
1.117,-7.281,5.967
-3.596,-8.374,7.18
-2.479,-7.056,6.671
-1.263,-4.288,5.594
-1.943,-7.01,5.697
3.022,-8.546,5.008
-1.359,-8.549,6.053
-1.122,-9.073,8.25
1.419,-5.867,7.912
0.603,-6.714,6.211
0.163,-7.63,5.958
-1.622,-6.96,7.106
-0.983,-6.513,6.845
-0.144,-6.814,7.4
-0.749,-5.343,7.668
-1.548,-4.84,9.898
-0.983,-3.876,9.116
0.603,-1.366,9.101
2.17,-0.761,10.458
0.892,-1.005,9.984
-1.653,0.002,9.609
-3.034,-1.412,10.023
-5.627,0.16,10.283
-5.682,-1.189,10.156
-4.733,-2.543,9.723
-3.508,1.713,9.453
-4.453,4.857,9.659
-5.893,3.689,6.501
-4.725,3.668,5.065
-2.417,4.209,3.823
-4.594,9.037,5.285
-4.941,8.388,6.503
-9.42,0.29,7.317
-10.145,-3.622,6.206
-10.104,-3.498,5.776
-9.137,-3.034,3.828
-6.874,-6.611,2.086
-6.831,-13.86,0.39
-8.02,-15.595,-0.938
-8.611,-13.879,3.015
-9.257,-8.544,5.249
-6.197,-14.219,5.515
-10.281,-14.607,7.089
-3.249,-11.884,6.771
-4.594,-11.815,5.721
-5.051,-11.585,5.044
-5.089,-11.197,3.845
-7.369,-11.635,8.302
-4.328,-9.422,1.971
-6.343,-7.663,1.438
-5.69,-10.865,4.438
-5.989,-8.216,0.967
-5.833,-7.111,-0.34
-6.367,-8.922,-0.486
-6.503,-11.133,-1.979
-6.032,-10.779,-1.706
-6.611,-10.329,-1.641
-5.199,-10.434,-2.23
-5.015,-11.027,-2.18
-4.276,-9.522,-3.68
-3.95,-9.508,-2.168
-5.589,-9.207,-1.498
-4.594,-7.142,-1.44
-2.412,-7.616,-1.782
-1.522,-11.702,-3.39
-3.795,-12.8,-5.709
-3.768,-9.341,-3.799
-3.06,-9.408,-3.139
-3.747,-11.042,-3.749
-2.914,-11.515,-4.029
-2.876,-9.692,-4.527
-2.883,-9.305,-4.802
-3.342,-8.391,-5.278
-2.998,-8.415,-4.826
-3.859,-9.439,-4.412
-2.929,-9.259,-4.022
-1.598,-8.819,-3.859
0.242,-9.453,-3.189
0.852,-9.599,-3.441
-0.935,-9.475,-2.646
-1.294,-9.312,-1.847
-2.373,-9.293,-1.538
-2.924,-10.049,-0.794
-0.768,-10.2,-1.058
-0.883,-10.678,0.002
1.44,-10.121,0.955
4.359,-8.29,1.993
6.039,-7.324,3.144
6.096,-5.505,4.639
7.611,-4.299,5.395
6.515,-5.28,5.881
3.512,-5.335,7.506
-0.203,-6.876,7.355
-3.407,-9.123,7.206
-2.065,-8.788,7.317
-2.168,-7.711,6.912
-1.668,-7.001,8.829
-0.947,-7.537,8.525
0.38,-8.125,7.568
0.144,-6.948,8.611
1.218,-7.175,8.173
-0.055,-8.13,8.018
-1.421,-8.652,8.037
-2.852,-6.915,7.754
-1.462,-6.355,7.695
-1.34,-6.281,7.422
-1.373,-5.912,7.25
-2.103,-6.015,7.072
-1.12,-5.857,7.372
-1.802,-5.546,8.606
-0.878,-5.491,9.058
-0.813,-5.099,9.18
-0.388,-5.127,9.79
-0.151,-4.807,9.877
0.328,-4.393,9.403
-0.476,-4.218,8.771
-0.763,-3.895,8.994
-1.893,-4.52,9.833
-1.893,-2.448,9.958
-0.586,-1.785,9.96
-0.364,-3.053,9.597
-0.325,-2.909,9.743
-1.098,-0.007,10.207
-0.438,-0.187,9.635
-2.105,1.151,9.618
-1.479,1.029,10.013
-0.991,1.72,10.525
-0.601,1.211,9.295
-1.562,1.242,8.565
-1.282,2.873,10.07
-1.108,3.668,10.238
-3.508,1.254,9.769
-3.668,1.481,8.865
-5.852,2.792,9.683
-5.17,1.055,8.577
-4.445,3.491,8.977
-4.649,5.02,8.922
-4.209,4.835,7.434
-4.393,5.242,5.558
-4.579,5.642,5.718
-5.778,8.128,7.142
-5.213,6.348,7.951
-3.905,0.091,5.044
-7.269,0.139,4.338
-8.862,1.18,5.321
-8.02,1.103,5.017
-9.336,-0.88,5.596
-9.446,-1.952,4.795
-9.034,-5.036,3.572
-9.479,-11.781,3.819
-7.494,-11.317,3.737
-7.929,-6.175,5.642
-19.645,-0.153,7.773
-7.96,-10.322,6.027
-5.599,-14.463,6.962
-5.091,-10.314,6.522
-5.958,-7.405,6.333
-9.518,-6.86,6.345
-9.554,-7.104,6.266
-8.542,-7.608,3.182
-8.408,-11.91,4.819
-10.164,-8.187,6.441
-8.64,-6.575,4.386
-7.678,-8.269,5.101
-11.724,-6.575,2.426
-9.781,-7.635,2.292
-8.434,-6.797,3.787
-9.455,-6.001,0.672
-6.589,-9.015,0.397
-6.931,-5.989,0.014
-7.905,-5.158,-0.914
-7.084,-7.706,-0.876
-6.606,-8.087,-1.263
-6.764,-7.783,-1.05
-6.214,-8.307,-2.062
-5.783,-8.723,-2.912
-5.649,-7.62,-3.579
-5.472,-6.529,-2.077
-5.436,-8.386,-2.852
-5.661,-9.855,-4.345
-4.383,-9.195,-4.472
-4.479,-9.142,-3.991
-6.245,-10.015,-3.546
-5.484,-7.455,-4.283
-4.493,-6.264,-3.551
-4.606,-7.367,-3.043
-5.197,-10.57,-3.558
-4.299,-11.255,-4.077
-3.431,-9.853,-3.821
-3.019,-9.006,-3.467
-2.555,-9.4,-3.687
-2.053,-9.695,-4.295
-1.677,-8.683,-3.902
-1.948,-8.922,-3.249
-1.773,-8.632,-2.294
-0.215,-9.281,-1.505
0.732,-10.879,-0.364
0.794,-11.41,0.167
-0.333,-10.733,0.782
-0.675,-10.427,1.55
0.964,-9.783,1.706
3.208,-8.362,2.103
4.955,-6.245,3.809
5.166,-5.505,6.718
3.618,-3.481,8.455
2.323,-3.787,9.089
-1.244,-5.802,8.35
-2.68,-6.577,8.396
-3.697,-8.259,7.843
-4.063,-9.317,6.85
-1.503,-5.051,6.568
-0.031,-6.4,6.096
0.998,-6.888,6.051
-1.33,-5.577,8.01
-2.35,-5.857,8.967
-1.012,-4.701,8.577
-1.165,-5.472,8.12
-1.68,-6.426,7.642
-3.103,-6.154,9.068
-2.527,-4.646,9.695
-1.56,-3.905,8.817
-1.608,-5.996,8.202
-0.768,-6.491,7.977
-0.397,-5.524,7.69
-0.364,-6.13,8.063
-2.799,-6.534,9.051
-3.345,-6.711,9.226
-2.567,-5.13,7.974
-3.316,-5.821,8.25
-2.651,-6.632,8.563
-1.916,-5.532,9.058
-1.754,-4.938,9.513
-1.163,-4.668,10.109
-1.983,-3.814,10.879
-2.467,-2.826,11.587
-2.35,-3.29,12.386
-1.297,-2.596,12.032
0.904,-1.804,10.006
-0.892,-3.967,10.188
-1.909,0.249,9.692
-1.878,0.567,10.298
-1.811,-0.423,9.702
-1.05,1.629,9.967
-1.251,0.756,10.743
-1.615,1.491,10.092
-2.33,0.56,9.802
-2.649,-0.433,8.733
-0.517,0.179,10.25
1.622,1.809,10.176
0.88,1.517,8.831
-1.098,1.476,6.843
-2.756,1.589,7.407
-3.103,1.694,7.752
-3.23,2.67,8.963
-2.419,3.974,8.477
-2.665,8.297,6.783
-4.35,13.808,8.14
-4.587,5.407,8.178
-4.436,-3.161,8.929
-2.852,0.201,7.41
-2.56,5.785,5.032
-4.433,7.881,5.529
-5.575,7.709,4.666
-6.247,2.936,4.862
-7.517,1.285,5.23
-8.589,-0.998,6.86
-7.97,-4.022,3.639
-8.644,-6.118,4.256
-12.305,-0.864,5.18
-12.41,-0.519,7.64
-8.69,-7.025,6.458
-6.075,-17.786,7.242
-5.759,-15.116,6.73
-8.836,-10.252,8.51
-6.163,-6.91,9.855
-5.508,-7.348,7.884
-6.623,-7.391,9.817
-4.345,-6.608,7.477
-3.414,-7.02,5.941
-5.489,-9.022,4.127
-6.142,-9.07,6.127
-6.288,-5.73,4.328
-4.723,-5.599,0.823
-6.273,-6.276,-0.83
-8.506,-6.831,0.306
-9.534,-6.491,0.983
-11.147,-8.838,2.309
-10.281,-8.242,0.926
-10.034,-5.814,2.098
-8.446,-6.642,2.017
-9.58,-8.687,1.268
-8.898,-8.884,0.256
-7.695,-8.556,-0.806
-7.13,-9.077,-1.991
-7.013,-9.156,-2.28
-6.694,-9.372,-2.859
-5.264,-10.92,-3.543
-4.632,-10.862,-3.976
-5.524,-9.518,-4.17
-6.266,-9.121,-3.725
-4.359,-8.12,-4.977
-2.754,-8.477,-4.445
-3.326,-9.353,-3.976
-3.438,-9.776,-3.634
-3.319,-10.032,-3.797
-3.247,-10.267,-3.608
-3.029,-10.558,-4.493
-2.606,-9.566,-3.819
-1.491,-8.553,-3.421
-1.474,-8.943,-2.254
-2.297,-9.671,-1.433
-2.943,-10.688,-0.522
-0.412,-9.833,0.05
-0.065,-9.046,-1.459
-0.455,-9.668,-1.122
-2.55,-9.874,-1.024
-1.842,-7.965,0.524
0.486,-6.671,2.606
2.16,-7.273,3.828
1.431,-8.415,4.517
0.486,-6.694,5.809
1.278,-5.424,7.135
3.218,-5.757,8.226
6.254,-4.788,8.599
5.099,-2.792,9.463
3.697,-2.613,10.343
0.184,-5.656,10.166
-4.654,-7.364,8.463
-7.326,-8.352,8.549
-6.12,-6.106,7.489
-2.199,-5.869,8.214
-0.371,-7.525,8.161
1.445,-6.69,7.474
1.584,-5.082,8.202
-1.914,-5.192,8.927
-3.938,-4.639,8.905
-3.051,-3.931,9.312
-3.302,-5.551,9.575
-2.23,-5.852,8.967
-1.605,-5.446,9.075
-1.476,-5.548,8.941
-1.242,-4.797,9.374
-1.074,-4.5,9.101
-1.625,-5.264,9.585
-1.366,-5.266,9.087
-1.206,-5.319,8.726
-1.342,-4.658,8.85
-1.036,-5.812,9.056
-1.218,-5.728,9.86
-0.931,-4.857,9.408
-0.445,-2.472,9.527
-0.538,-1.854,10.19
0.514,-3.144,9.185
0.823,-3.828,7.013
-0.601,-0.679,8.288
-1.294,0.691,8.891
-1.433,1.912,9.554
-1.012,0.931,9.64
-2.01,-0.4,9.446
-1.811,0.605,10.082
-1.247,0.813,9.781
-1.809,0.799,9.369
-1.739,2.003,10.066
-2.096,2.079,9.723
-4.034,2.07,9.427
-4.036,0.577,8.69
-2.888,3.058,9.276
-3.122,2.742,8.893
-5.158,1.873,8.922
-3.914,3.56,7.482
-3.041,5.599,6.194
-3.957,7.039,5.3
-5.761,5.223,6.682
-5.694,4.314,6.02
-5.489,3.967,6.419
-6.161,2.0,4.955
-7.73,0.931,3.871
-7.876,0.495,4.058
-8.51,-0.775,3.61
-10.515,-3.127,3.874
-10.769,-2.694,3.548
-10.558,0.261,5.02
-11.788,1.28,7.192
-11.365,-3.701,6.214
-11.348,-7.336,3.653
-8.97,-8.089,5.388
-10.401,-8.233,4.917
-11.367,-9.79,4.17
-10.034,-8.829,6.943
-9.781,-8.628,6.214
-9.702,-7.587,8.939
-7.47,-10.975,9.231
-4.634,-12.013,6.539
-5.233,-12.575,5.785
-8.589,-7.953,4.704
-10.142,-6.127,3.448
-7.929,-7.783,3.242
-10.654,-7.544,1.074
-9.039,-7.833,-1.007
-10.999,-7.037,0.397
-6.996,-4.031,-1.012
-6.802,-6.41,-0.419
-8.427,-4.601,-1.304
-8.142,-4.771,-1.823
-5.955,-6.843,-2.254
-5.503,-8.209,-3.421
-8.058,-7.415,-4.022
-7.345,-8.307,-1.826
-7.472,-9.633,-3.412
-7.699,-10.233,-4.823
-5.8,-8.515,-4.524
-4.158,-6.412,-3.921
-4.445,-7.118,-3.866
-3.754,-9.046,-4.618
-4.273,-9.472,-5.142
-3.531,-9.41,-4.943
-4.149,-9.635,-4.366
-5.857,-9.74,-4.098
-4.386,-8.546,-4.881
-2.445,-7.577,-5.223
-3.752,-7.862,-4.268
-4.67,-9.408,-4.661
-4.058,-10.226,-4.101
-3.531,-9.609,-4.304
-2.553,-8.381,-3.335
-1.871,-8.721,-2.83
-1.823,-9.755,-2.991
-1.771,-10.176,-3.039
-1.849,-9.881,-2.816
-0.912,-9.159,-2.625
-0.651,-9.743,-2.268
-1.847,-10.463,-1.342
0.416,-10.29,-0.577
-1.316,-10.546,1.55
-1.802,-11.343,3.055
0.763,-8.955,2.29
3.287,-6.41,2.55
5.027,-5.838,4.84
4.823,-3.981,7.819
3.905,-2.436,10.491
4.003,-2.527,10.085
3.22,-1.964,9.64
0.112,-0.502,10.463
-4.285,-4.158,9.606
-3.864,-9.465,7.857
-4.161,-8.015,7.728
-3.737,-6.3,8.534
-3.417,-6.103,7.996
-1.823,-6.135,7.429
1.022,-5.266,6.216
0.73,-4.548,7.063
-1.223,-3.594,8.726
-2.335,-4.984,9.298
-0.849,-6.077,8.211
-1.663,-7.266,8.417
-0.754,-5.276,7.644
-0.761,-5.326,8.118
-1.684,-6.419,7.642
-1.072,-5.967,7.474
-2.292,-5.843,7.431
-1.773,-4.132,8.463
-0.742,-3.084,9.018
-1.069,-3.163,10.058
-0.902,-3.07,10.551
-1.225,-4.089,11.14
-0.746,-3.027,11.073
-1.56,-1.881,11.58
-1.354,-3.426,10.496
-0.321,-3.677,10.188
-0.479,-4.276,9.838
-0.368,-3.194,9.898
-1.048,-1.091,10.123
-0.715,-0.723,9.877
-0.28,-0.883,8.998
-0.72,-0.679,8.848
-2.125,-1.469,8.934
-3.429,-2.46,9.752
-2.328,-4.209,9.566
-1.526,-2.06,10.625
-0.737,0.744,11.535
-0.857,1.041,10.367
-2.034,-0.313,10.25
-3.895,-1.038,8.812
-3.4,0.629,8.831
-3.407,2.838,9.518
-4.144,2.137,8.829
-3.144,0.979,6.532
-3.156,7.668,6.773
-4.187,9.121,7.886
-4.764,6.039,7.333
-4.642,5.95,6.852
-5.379,7.848,6.931
-6.388,4.766,3.115
-7.726,1.495,3.893
-9.384,1.938,3.481
-10.032,-1.684,3.326
-8.556,-0.732,3.852
-10.563,-4.637,5.515
-8.594,-8.25,4.347
-10.346,-14.26,4.701
-13.702,-10.503,7.75
-7.355,-12.185,7.589
-5.962,-15.171,6.24
-3.857,-14.162,9.487
-1.878,-12.327,10.424
-4.457,-11.774,8.166
-4.847,-9.403,10.19
-7.35,-7.939,8.606
-7.017,-7.45,6.812
-6.51,-6.336,5.321
-6.063,-5.041,3.943
-7.271,-4.718,3.807
-6.848,-4.677,3.256
-5.28,-5.879,2.235
-7.386,-5.338,0.014
-8.19,-6.424,1.089
-6.742,-6.34,-0.141
-7.269,-8.998,-1.45
-7.678,-9.549,-3.402
-7.393,-8.695,-1.778
-8.003,-6.709,-0.548
-9.13,-6.627,-2.304
-7.953,-8.039,-2.065
-6.35,-9.424,-2.821
-5.333,-8.195,-2.613
-4.773,-8.338,-2.68
-3.826,-8.3,-4.362
-4.558,-8.814,-5.249
-6.106,-7.345,-5.201
-5.819,-6.702,-5.194
-4.034,-7.75,-6.546
-3.28,-10.042,-5.965
-5.67,-10.728,-5.314
-6.242,-10.58,-4.926
-5.19,-9.226,-4.599
-3.866,-8.029,-5.029
-3.486,-9.417,-4.709
-3.419,-9.307,-5.216
-2.952,-9.518,-4.498
-3.383,-9.202,-4.228
-3.173,-8.941,-4.35
-2.043,-9.685,-4.871
-1.586,-10.147,-4.804
-1.962,-10.087,-4.778
-1.529,-10.025,-4.874
-0.912,-10.891,-4.677
-0.804,-10.484,-4.0
-0.983,-10.111,-2.653
-0.385,-9.47,-1.687
0.993,-8.762,-1.0
0.849,-9.678,-0.584
0.713,-10.334,-0.084
1.555,-10.944,1.108
1.608,-9.333,2.646
3.61,-5.814,3.74
6.678,-4.637,5.335
6.422,-6.271,6.929
2.79,-6.611,8.503
2.457,-4.723,10.037
0.313,-4.694,9.329
-0.766,-5.45,7.762
-3.606,-5.501,8.819
-5.278,-4.658,8.149
-3.594,-3.323,6.828
-0.129,-3.139,6.182
-0.306,-3.223,6.749
1.328,-3.314,6.52
2.01,-4.39,6.537
0.045,-5.024,7.307
-0.306,-3.821,7.898
-0.146,-4.833,8.19
0.014,-5.594,7.527
-0.053,-5.946,8.601
0.041,-4.764,8.984
-0.617,-3.888,10.774
-0.928,-3.328,10.903
-0.402,-3.472,11.334
-0.328,-4.989,11.86
0.01,-3.687,11.422
-0.744,-2.632,10.542
-2.151,-3.752,9.695
-2.256,-3.187,9.4
-1.445,-3.381,9.161
-1.443,-3.283,9.278
-1.371,-2.421,9.826
-1.359,-2.644,10.336
-1.787,-2.859,10.568
-0.591,-1.766,9.936
-1.108,-1.881,9.75
-1.127,-1.625,10.09
-0.632,-0.191,10.228
-0.368,-0.175,9.704
0.108,0.256,9.123
0.206,1.751,9.812
-1.936,1.553,10.453
-1.89,1.593,10.752
-0.909,0.373,9.611
-4.12,-0.191,9.723
-4.362,-0.067,9.752
-5.051,1.069,9.601
-5.221,2.543,9.618
-4.953,2.311,8.63
-4.151,2.115,8.015
-3.62,4.103,7.9
-4.11,5.761,8.764
-4.823,3.85,8.661
-5.312,1.761,8.357
-5.123,2.266,8.07
-5.74,3.419,8.57
-6.946,4.776,8.178
-6.747,4.438,5.718
-5.895,1.601,4.754
-5.783,-1.404,3.393
-10.003,-6.764,3.232
-8.551,-3.673,1.928
-9.156,0.385,6.371
-12.305,-1.515,8.08
-9.549,-11.47,6.489
-11.42,-11.231,5.989
-6.941,-12.563,2.359
-11.748,-11.939,7.084
-10.74,-10.977,7.553
-9.534,-9.86,6.223
-10.898,-8.74,7.632
-10.635,-11.563,5.352
-9.14,-7.766,7.013
-11.31,-6.934,6.455
-8.814,-7.238,5.314
-7.12,-6.316,3.381
-8.35,-9.264,4.359
-9.63,-5.474,3.235
-8.297,-3.01,1.18
-5.106,-5.589,0.72
-4.809,-7.281,-1.302
-6.917,-7.261,-1.385
-6.539,-6.73,-1.909
-5.424,-7.527,-3.125
-4.295,-8.113,-4.496
-2.955,-8.824,-4.46
-3.457,-8.082,-4.273
-4.725,-6.678,-4.345
-5.546,-7.687,-3.749
-4.577,-7.68,-5.333
-3.18,-8.379,-5.323
-3.407,-9.412,-4.945
-3.515,-8.283,-4.773
-3.388,-7.056,-5.221
-2.594,-7.711,-5.077
-2.232,-9.664,-5.469
-3.979,-11.561,-5.922
-2.845,-11.2,-4.366
-2.72,-10.422,-5.099
-2.629,-10.006,-4.546
-2.582,-8.948,-4.761
-2.263,-9.221,-5.493
-1.103,-9.733,-6.068
-0.947,-9.522,-6.051
-1.158,-9.881,-4.725
-1.084,-8.984,-4.553
-0.266,-8.302,-3.859
0.117,-7.857,-3.61
-2.814,-9.247,-3.469
-0.294,-10.274,-4.252
-1.603,-9.671,-4.008
-1.936,-8.888,-3.632
-3.115,-8.647,-2.323
-2.479,-8.829,-1.555
-4.675,-11.087,-0.596
-2.412,-9.415,-0.199
-1.89,-9.302,-0.211
0.414,-9.513,1.012
1.464,-11.391,2.883
0.304,-12.441,4.579
1.397,-8.781,4.8
5.328,-1.845,6.039
7.242,2.261,8.513
6.094,-0.723,10.702
4.163,-4.61,9.688
3.247,-4.627,8.252
0.883,-3.78,8.745
-0.172,-2.572,8.592
-1.153,-5.247,7.608
0.426,-6.726,5.914
-1.4,-7.522,6.443
-0.467,-5.816,5.424
-1.385,-5.134,6.922
0.878,-6.178,6.611
0.206,-6.723,7.482
-1.658,-6.173,8.805
-1.311,-4.795,9.111
-1.433,-5.857,8.769
-1.366,-5.728,8.958
-1.314,-5.57,9.243
-2.606,-5.809,9.549
-1.787,-5.517,10.049
-1.237,-4.469,10.008
-1.165,-3.976,9.92
-1.433,-5.02,10.31
-1.739,-3.972,11.262
-1.062,-3.783,11.343
-0.991,-4.386,11.37
-1.436,-3.907,11.054
-1.426,-5.07,10.769
-1.866,-3.613,10.525
-1.225,-3.194,10.171
-1.268,-3.888,10.161
-1.175,-3.321,9.664
-1.098,-3.096,10.307
-0.474,-2.433,10.097
-0.706,-3.409,10.439
-1.041,-2.244,10.3
-0.782,-0.45,9.838
-0.505,-0.423,9.582
-0.124,-1.311,8.776
-0.282,-0.806,7.75
-0.316,0.007,7.941
-0.986,-0.026,8.118
-1.598,-0.335,8.125
-2.481,-0.546,8.86
-2.287,-0.79,8.924
-2.586,-1.936,8.711
-1.105,-1.548,9.159
-0.273,-0.373,8.874
-0.266,-0.632,9.135
-0.981,-0.852,8.723
-2.29,-0.256,9.3
-1.668,0.23,9.312
-1.593,2.12,8.592
-4.13,4.878,8.855
-4.701,8.998,9.508
-4.912,9.063,9.867
-5.426,6.446,9.381
-5.541,4.235,8.546
-5.024,4.448,7.857
-5.91,4.599,6.434
-7.563,5.529,6.812
-7.321,6.4,5.824
-8.283,3.328,5.046
-8.195,-0.44,3.455
-8.549,-3.988,3.854
-10.518,-6.611,4.165
-10.08,-6.613,4.34
-6.828,-7.082,6.068
-7.941,-8.915,6.45
-8.362,-12.073,7.221
-6.814,-10.044,7.013
-9.819,-9.577,8.458
-6.9,-7.876,7.226
-8.924,-6.072,8.977
-6.706,-7.084,9.805
-7.151,-7.415,9.223
-7.625,-6.302,6.429
-4.096,-9.338,3.091
-6.075,-11.647,3.601
-9.807,-7.773,4.345
-7.324,-3.854,5.137
-6.685,-3.976,3.505
-6.785,-6.857,4.273
-7.608,-4.362,3.768
-7.13,-5.67,2.907
-7.546,-7.563,0.883
-6.814,-11.259,1.818
-8.52,-8.443,0.397
-9.348,-8.029,0.431
-8.324,-8.111,-0.543
-7.065,-8.635,-0.751
-8.106,-7.699,-0.986
-7.592,-6.804,-0.05
-5.919,-6.271,-0.785
-4.276,-6.716,-1.019
-4.378,-7.305,-2.445
-4.68,-7.754,-3.015
-4.426,-8.522,-3.56
-4.448,-9.049,-3.869
-3.795,-8.276,-4.622
-4.706,-8.558,-4.895
-4.383,-9.338,-4.634
-4.24,-11.855,-5.048
-4.249,-11.855,-5.74
-2.878,-9.594,-4.981
-2.629,-8.704,-3.67
-2.168,-7.733,-3.419
-2.826,-9.353,-2.974
-3.371,-10.441,-2.809
-3.328,-11.07,-2.519
-3.055,-10.759,-2.749
-2.823,-10.384,-2.531
-1.873,-10.58,-2.393
-1.158,-10.877,-3.249
-0.514,-10.381,-1.878
-3.187,-10.283,0.115
1.438,-8.051,1.495
-2.005,-10.166,1.531
1.28,-8.742,2.926
-0.144,-8.046,4.713
3.84,-2.55,9.752
4.39,-3.385,8.049
2.328,-7.374,6.151
-1.775,-8.362,5.649
-1.28,-6.163,6.434
-0.876,-6.754,6.654
-0.534,-7.695,6.948
-2.689,-7.565,7.927
-3.067,-7.29,7.534
-0.861,-4.362,7.972
-0.165,-1.73,8.455
-1.536,-2.505,8.293
-1.835,-4.831,7.589
-1.27,-6.828,6.874
-0.4,-4.821,7.97
0.153,-5.005,8.329
-1.634,-5.146,8.539
-1.151,-5.142,8.104
-2.864,-6.97,8.503
-2.323,-9.429,8.295
-2.596,-6.673,9.223
-2.16,-3.857,9.814
-0.962,-4.206,9.869
-1.017,-5.216,8.637
-1.046,-5.228,9.362
-1.916,-5.596,8.742
-0.531,-3.823,8.946
-1.113,-3.213,9.199
-2.546,-3.572,8.984
-2.862,-3.783,9.965
-1.603,-1.273,10.078
-1.232,-2.402,9.69
-1.603,-3.941,9.532
-1.998,-2.488,10.393
-0.641,-1.302,9.628
-1.373,-0.749,9.276
-0.615,-0.727,9.183
0.019,-0.727,9.542
-0.632,0.598,9.549
-1.704,3.11,10.221
-2.637,1.672,9.13
-2.249,0.993,8.142
-3.943,1.192,8.546
-2.763,2.45,9.915
-3.369,1.074,10.271
-3.833,3.244,9.276
-4.374,3.852,8.534
-5.725,4.436,7.154
-4.505,4.89,6.072
-4.211,3.871,6.637
-5.453,5.465,8.08
-4.462,7.056,6.479
-5.173,6.922,5.426
-6.761,6.307,6.852
-7.02,7.314,6.051
-7.013,3.175,3.63
-8.625,2.493,3.479
-9.417,2.852,3.797
-10.185,1.225,4.089
-11.922,-2.259,5.412
-12.121,-3.534,4.211
-11.733,-3.553,3.622
-10.75,-3.909,5.503
-14.097,-8.58,7.393
-15.052,-11.133,5.615
-10.752,-7.632,4.558
-11.398,-11.281,7.872
-11.544,-6.958,7.161
-11.286,-8.18,8.754
-8.187,-9.956,11.944
-6.283,-7.958,9.204
-7.506,-7.534,5.948
-7.58,-5.713,6.541
-8.037,-5.151,7.039
-8.372,-5.295,3.842
-6.137,-5.658,1.433
-6.099,-6.352,1.962
-7.529,-2.058,2.062
-5.548,-6.084,0.983
-5.752,-6.127,0.797
-8.391,-3.807,1.995
-6.106,-2.967,0.531
-5.331,-4.759,-0.285
-7.259,-4.644,-0.77
-7.357,-6.508,-2.357
-6.714,-8.336,-2.182
-7.936,-7.778,-2.57
-8.817,-5.936,-2.658
-7.872,-5.974,-2.407
-5.871,-6.47,-3.871
-6.412,-6.242,-3.598
-7.819,-7.25,-4.02
-6.879,-8.07,-4.316
-6.156,-7.084,-4.632
-7.412,-7.434,-4.046
-6.374,-7.551,-4.24
-5.314,-7.697,-5.362
-5.931,-8.154,-5.003
-6.103,-8.144,-3.938
-6.245,-9.893,-4.369
-5.223,-9.211,-5.0
-3.948,-7.147,-5.027
-3.742,-7.905,-4.926
-3.926,-9.482,-4.687
-3.61,-10.472,-4.788
-4.082,-10.082,-5.376
-4.95,-8.486,-4.304
-3.833,-8.367,-4.737
-3.888,-8.821,-4.35
-5.115,-9.709,-3.625
-4.529,-9.484,-3.594
-3.649,-9.022,-4.474
-3.254,-10.575,-4.986
-3.835,-12.212,-4.955
-3.297,-10.96,-4.118
-0.012,-10.341,-2.936
3.175,-10.238,-2.45
3.046,-11.243,-1.136
1.285,-11.429,0.225
2.345,-8.917,0.033
0.981,-7.065,1.062
2.096,-6.123,2.491
2.787,-6.261,4.898
3.996,-6.671,5.486
3.637,-5.776,5.864
3.508,-5.694,5.457
-0.957,-5.051,7.484
-3.101,-6.486,7.041
-4.223,-7.541,7.001
-2.682,-11.506,5.831
-1.254,-9.106,5.273
-1.744,-7.326,6.084
-0.488,-4.898,4.993
-2.974,-5.23,4.771
-1.297,-6.257,4.029
-0.378,-7.508,5.63
-8.484,-8.623,3.665
-2.479,-7.288,7.419
-2.869,-8.695,6.785
-1.952,-6.927,7.649
-3.108,-6.682,8.809
-2.974,-9.111,9.611
-3.213,-8.23,9.276
-2.177,-5.163,9.475
-0.962,-2.814,9.611
-1.366,-5.369,9.752
-0.383,-4.792,9.137
-1.617,-4.297,9.355
-1.144,-3.866,9.561
-2.149,-4.989,9.979
-1.897,-6.271,9.999
-1.847,-5.453,8.709
-1.043,-2.895,7.525
-2.029,-4.46,7.958
-1.541,-5.702,7.541
-0.531,-3.838,7.697
-0.859,-2.515,8.898
-1.153,-3.077,9.379
-1.256,-2.285,9.604
-1.471,-2.05,10.341
-1.397,-2.438,10.503
-0.907,-1.754,10.09
-1.457,-1.637,10.558
-0.804,-1.287,10.377
-1.125,-1.909,9.714
-1.153,-0.663,9.231
-1.397,1.663,9.948
-1.275,0.16,9.716
-1.215,-0.833,9.683
-1.235,1.141,10.166
-1.457,0.974,9.673
-2.108,1.715,10.061
-3.716,2.488,9.802
-3.766,2.821,9.534
-3.933,3.45,8.869
-4.902,3.943,9.597
-5.182,2.917,9.8
-4.204,3.261,8.19
-4.823,4.457,9.463
-4.345,4.618,8.884
-5.123,4.912,8.364
-5.123,4.539,6.699
-5.194,2.428,7.154
-6.623,1.586,6.326
-7.446,2.383,6.692
-7.379,3.005,6.115
-7.238,1.328,5.477
-6.405,-3.094,3.965
-6.075,-4.95,4.264
-5.835,-3.041,4.237
-6.716,-3.725,4.326
-8.573,-8.187,6.367
-9.953,-8.29,7.192
-7.75,-6.503,8.384
-6.508,-7.515,7.276
-7.252,-8.544,5.981
-7.893,-7.491,7.541
-5.802,-6.702,6.773
-5.235,-7.202,6.178
-9.058,-5.843,7.599
-7.525,-4.852,4.445
-4.833,-5.721,3.488
-7.439,-10.197,4.886
-8.336,-7.075,4.297
-8.209,-5.63,3.594
-6.3,-4.974,2.268
-5.094,-6.589,2.512
-7.427,-7.68,1.979
-8.817,-5.981,1.278
-7.896,-6.47,0.182
-7.18,-7.994,-0.139
-7.51,-7.943,-0.993
-9.204,-8.14,-1.581
-8.783,-9.81,-2.297
-8.085,-9.733,-1.814
-7.996,-8.486,-1.689
-7.84,-6.91,-1.895
-6.807,-6.656,-2.55
-7.19,-6.608,-3.077
-7.185,-7.379,-3.089
-6.051,-9.111,-2.5
-4.362,-8.637,-3.522
-3.402,-7.965,-3.156
-3.888,-9.7,-4.713
-5.056,-12.532,-4.481
-5.278,-12.697,-4.919
-6.309,-10.123,-4.85
-4.515,-10.475,-5.74
-5.402,-9.996,-4.45
-5.323,-9.192,-3.639
-4.912,-7.573,-3.369
-4.443,-7.204,-3.165
-4.161,-7.958,-3.646
-3.185,-8.874,-2.677
-2.316,-9.295,-2.184
-2.617,-10.554,-2.778
-2.546,-9.994,-2.816
-2.364,-9.14,-2.421
-2.065,-8.893,-2.132
-1.369,-8.891,-2.038
-0.794,-8.982,-1.249
-1.593,-10.09,0.656
-3.108,-9.077,1.581
2.46,-7.69,2.838
2.78,-8.24,3.754
3.072,-9.575,4.331
4.149,-9.494,5.62
5.611,-8.099,7.484
5.656,-4.814,11.396
3.065,-3.106,12.279
0.282,-5.039,9.774
-0.273,-6.867,5.383
-0.969,-7.735,3.302
-2.689,-9.589,3.311
-0.536,-9.951,1.96
-1.043,-7.321,1.263
1.053,-7.587,1.519
2.017,-8.008,2.89
0.613,-9.161,4.118
0.775,-8.788,5.044
-1.376,-9.293,6.092
-1.364,-9.869,6.589
-1.122,-9.676,6.979
-2.761,-9.86,6.295
-2.326,-9.367,6.108
-1.227,-8.542,6.068
-0.775,-7.049,6.135
0.304,-5.486,6.383
-1.017,-8.297,6.745
-1.493,-6.905,6.072
-1.522,-7.235,7.288
-0.672,-6.752,7.302
-1.148,-7.063,7.797
-0.818,-7.3,7.458
-3.163,-8.565,7.261
-1.687,-7.788,7.494
-1.656,-6.91,7.879
-2.483,-7.852,7.974
-1.199,-7.503,7.429
-1.096,-6.292,7.845
-2.137,-6.749,8.015
-0.605,-6.63,7.903
-0.754,-6.491,8.23
-1.034,-6.135,7.644
-1.572,-6.02,8.061
-1.201,-4.931,7.891
-1.861,-5.338,7.991
-2.163,-5.869,7.764
-2.127,-5.596,7.281
-1.275,-6.008,6.986
-1.113,-5.845,7.221
-1.366,-6.127,7.281
-0.797,-6.407,7.51
-0.957,-6.374,7.534
-0.581,-5.883,7.515
-1.347,-6.747,7.331
-1.866,-7.001,7.695
-1.287,-6.029,7.802
-1.048,-5.802,7.702
-1.29,-6.426,7.309
-1.098,-5.608,7.69
-1.493,-5.515,7.965
-2.005,-6.46,7.424
-1.541,-5.699,6.929
-2.07,-4.996,7.333
-1.945,-5.343,5.955
-2.347,-6.194,5.874
-3.22,-4.139,3.491
-2.852,-2.306,2.5
-2.4,-7.175,1.838
-2.78,-12.133,0.967
-3.797,-11.094,0.345
-3.972,-8.991,-0.333
-4.297,-10.436,-0.998
-5.297,-12.896,-0.613
-6.644,-11.178,1.268
-6.996,-7.034,2.862
-6.517,-6.496,3.737
-6.709,-7.465,2.306
-6.522,-8.654,0.646
-5.84,-9.647,-1.122
-5.859,-11.903,-2.194
-5.654,-9.721,-1.168
-7.273,-5.685,0.12
-8.238,-5.926,0.428
-7.264,-10.293,-1.086
-6.477,-8.498,-1.038
-7.331,-6.115,-0.522
-5.594,-7.764,-1.103
-7.06,-7.824,-1.476
-4.364,-8.876,0.304
-7.606,-10.671,0.921
-7.317,-6.572,1.333
-10.173,-5.771,0.651
-11.13,-9.965,-1.766
-12.654,-5.225,-1.713
-9.587,-8.735,-0.072
-14.202,-10.74,-0.108
-13.099,-10.901,1.524
-12.678,-7.116,1.153
-15.592,-10.561,1.232
-11.64,-5.328,-3.962
-12.554,-10.8,-1.397
-9.702,-7.374,-1.048
-10.135,-3.345,-2.572
-9.109,-1.381,-3.563
-9.149,-3.869,-4.24
-8.515,-1.857,-5.067
-8.896,0.72,-3.953
-8.051,1.507,-4.268
-7.84,2.677,-3.953
-8.044,3.29,-3.852
-8.094,4.347,-3.759
-7.637,5.146,-4.259
-8.058,4.534,-4.213
-8.403,3.137,-3.78
-7.888,3.381,-2.79
-7.654,4.276,-1.448
-8.293,5.443,-0.141
-9.221,5.199,0.613
-9.022,4.156,0.89
-7.812,3.936,1.373
-7.209,4.488,2.534
-6.761,4.259,3.395
-6.18,3.134,4.087
-6.692,2.641,5.111
-7.383,2.357,6.383
-7.183,3.362,6.771
-7.618,4.433,6.797
-7.539,4.759,6.371
-6.659,3.548,6.587
-6.297,2.541,6.998
-6.312,1.852,7.766
-5.56,2.082,8.027
-5.29,2.424,8.242
-5.304,2.488,8.073
-5.187,2.914,7.788
-5.032,3.139,7.4
-4.532,2.299,7.056
-4.797,1.763,6.903
-6.053,2.917,6.852
-6.178,4.082,6.74
-4.919,3.242,7.151
-4.388,2.79,6.135
-5.73,1.826,4.84
-5.457,-0.763,4.008
-5.18,-3.536,3.761
-4.936,-3.744,4.467
-5.12,-2.665,5.733
-5.19,-1.445,6.273
-4.919,-2.034,6.259
-5.685,-3.799,5.879
-5.35,-5.144,5.46
-4.589,-5.13,5.546
-5.225,-3.749,6.032
-4.919,-2.216,6.185
-4.737,-1.11,5.962
-6.118,-1.404,6.386
-4.35,-3.553,5.075
-4.426,-4.651,5.175
-5.099,-3.06,5.496
-4.07,-2.517,7.762
-7.144,-2.818,5.668
-9.132,-4.857,5.314
-6.383,-6.278,6.027
-8.551,-5.0,6.503
-8.238,-4.993,4.931
-9.094,-5.501,3.716
-9.111,-5.551,4.431
-8.702,-5.268,3.842
-9.314,-7.848,2.541
-9.037,-11.09,1.5
-10.233,-13.525,0.785
-11.563,-11.915,2.402
-8.625,-12.671,1.266
-8.455,-12.02,-0.12
-9.29,-10.74,-2.318
-10.542,-13.453,-2.972
-12.231,-11.171,-2.067
-10.802,-9.944,-2.998
-11.36,-8.879,-2.766
-10.305,-7.855,-4.383
-10.355,-10.14,-5.465
-10.764,-8.635,-5.283
-8.664,-6.994,-6.934
-6.249,-8.324,-6.259
-4.766,-8.551,-7.123
-4.072,-9.568,-6.429
-4.615,-9.176,-6.604
-3.134,-8.582,-4.407
-2.409,-8.482,-2.393
-1.347,-9.621,-2.61
-1.448,-9.353,-1.321
0.888,-7.541,-1.306
2.881,-6.776,-1.469
2.617,-7.778,-1.12
0.206,-9.094,-0.026
3.527,-7.288,0.12
3.175,-8.233,-0.935
3.914,-8.463,-1.802
3.912,-8.295,-0.811
3.933,-7.441,-0.225
4.512,-6.749,0.22
5.357,-6.745,-0.562
6.915,-6.12,-5.132
8.376,-5.517,-7.695
6.472,-5.807,-2.763
1.615,-7.008,-2.467
4.06,-5.331,-0.754
5.69,-1.27,2.18
5.635,-3.682,3.122
2.897,-5.785,5.78
4.496,-2.725,10.987
2.266,-3.201,9.013
-0.093,-7.108,12.513
2.89,-6.941,6.795
3.864,-7.214,3.314
4.9,-4.288,4.953
2.419,-5.12,3.263
2.003,-5.123,3.74
5.402,-4.768,7.223
6.699,-4.96,9.494
5.649,-5.321,8.228
6.97,-5.792,5.563
5.405,-6.18,4.862
4.639,-6.446,5.335
6.699,-4.689,5.771
8.137,-7.651,5.398
8.355,-5.106,6.857
9.683,-4.189,6.998
12.614,-7.838,7.19
11.862,-6.111,7.139
7.599,-4.469,5.969
11.877,-5.579,7.317
9.704,-5.814,11.771
5.146,-10.106,10.951
-11.197,-13.578,11.329
-10.113,-10.436,6.448
-8.187,-11.963,5.457
1.835,-10.582,2.426
1.904,-12.071,6.089
0.191,-9.759,3.146
-4.606,-8.422,7.19
-0.687,-2.483,10.8
0.991,-7.766,7.479
-2.816,-10.204,6.003
5.393,-8.4,2.467
1.067,-8.891,4.768
-2.536,-14.305,3.936
1.72,-9.027,5.319
-1.072,-10.027,7.223
-0.861,-10.537,6.092
0.641,-10.776,5.187
-0.895,-6.864,7.747
0.404,-8.728,7.163
0.347,-11.97,5.874
-1.864,-12.736,6.754
2.129,-7.116,8.896
-1.086,-9.599,8.805
1.869,-10.953,8.264
0.79,-10.479,9.484
1.235,-7.936,10.635
1.443,-7.919,10.941
-0.225,-9.659,10.039
1.524,-8.47,8.675
1.699,-7.563,9.424
0.526,-5.881,9.472
1.244,-5.132,9.398
3.945,-6.572,8.845
3.881,-6.419,7.072
3.455,-3.663,7.8
5.228,-4.027,6.022
3.553,-5.328,4.735
6.24,-3.082,4.89
2.665,0.017,4.034
2.847,1.122,4.125
1.694,1.371,0.488
0.39,-1.826,0.665
3.531,0.294,1.325
1.761,-0.613,1.479
2.61,-2.46,1.613
1.507,-1.175,4.922
-0.56,1.426,4.584
3.132,-2.96,3.921
-1.306,-6.915,5.213
1.471,-4.158,8.707
8.747,0.211,7.525
3.962,-2.649,9.374
0.361,-1.515,4.685
3.759,-7.194,4.548
-4.807,-2.637,6.706
-6.58,-4.912,8.262
-9.142,-8.759,7.994
-3.649,-20.15,7.62
-5.419,-10.441,8.544
-4.122,-4.895,12.133
-4.654,-6.632,10.47
-3.158,-7.852,10.355
-4.74,-7.582,7.893
-5.685,-8.235,8.424
-3.797,-8.329,9.81
-2.345,-8.14,8.704
-3.077,-7.809,7.037
-3.285,-7.675,7.271
-3.249,-7.773,7.309
-3.67,-7.809,7.168
-2.931,-7.053,7.513
-2.893,-7.132,8.128
-4.907,-9.477,7.69
-5.082,-7.996,8.293
-4.522,-4.52,7.513
-4.831,-4.859,8.802
-5.06,-7.314,10.212
-3.78,-5.206,10.164
-3.24,-5.264,10.025
-4.048,-5.06,10.941
-5.568,-6.917,9.743
-4.584,-7.692,8.601
-3.101,-6.362,9.326
-2.761,-3.275,9.372
-2.725,-3.804,10.891
-3.957,-5.335,11.456
-3.287,-3.627,11.343
-2.818,-2.206,11.468
-2.562,-3.077,11.3
-2.505,-3.005,11.652
-3.759,-2.323,11.37
-3.058,-0.242,10.724
-2.634,-1.409,10.111
-1.33,0.017,10.381
-0.971,0.249,8.905
0.603,1.883,6.551
1.17,2.5,5.051
1.859,3.912,3.527
1.194,7.611,4.182
-2.582,10.946,5.142
-3.905,10.451,3.402
-5.713,3.598,2.314
-6.115,4.216,1.814
-2.816,8.764,-1.194
-2.079,15.789,-4.845
-6.415,20.83,-2.543
-10.539,16.98,0.062
-9.161,13.884,0.313
-15.394,8.879,6.257
-14.743,9.807,8.453
-9.214,3.661,-1.299
-8.568,-2.417,-9.415
-12.171,-2.448,-5.68
-24.675,-0.775,-1.294
-14.528,-8.489,-7.529
-23.708,-22.866,-4.967
-22.61,-32.872,4.771
-22.392,-23.756,10.968
-23.742,-12.958,7.211
-17.975,1.254,5.309
-16.858,4.225,-2.326
-18.645,-3.043,6.455
-12.367,11.13,9.034
-14.396,15.566,6.611
-1.907,-9.379,8.587
2.156,-6.752,5.702
-2.251,-5.099,8.336
-1.357,-2.431,8.259
-4.091,-2.613,9.207
-1.909,-5.926,8.8
-1.4,-5.194,10.247
-1.407,-2.196,10.886
-0.744,-4.905,11.279
-1.347,-4.79,10.487
-1.392,-1.433,11.444
-1.579,-1.512,10.936
-1.909,-4.809,9.75
-2.804,-3.759,8.819
-2.467,-2.641,8.362
-3.268,-2.06,7.759
-2.766,-2.852,8.441
-1.385,-3.807,7.879
-2.043,-4.254,8.841
-2.785,-1.196,10.365
-2.46,-0.354,11.058
-2.921,-3.565,9.91
-1.656,-3.182,9.188
-2.134,-0.629,9.161
-3.216,-0.943,9.721
-3.263,-1.194,10.075
-2.682,-0.412,10.015
-3.223,-0.364,10.654
-2.591,-0.323,11.384
-2.495,0.964,10.343
-2.376,0.821,9.274
-2.22,-0.33,9.733
-2.187,0.658,9.018
-4.158,2.469,8.685
-4.472,1.68,7.503
-3.744,3.029,7.166
-2.873,5.048,6.85
-3.716,5.584,6.345
-4.945,6.283,6.558
-4.536,7.848,5.79
-4.065,7.73,5.051
-5.156,5.766,6.056
-5.898,5.426,6.235
-6.376,7.209,6.723
-6.546,6.422,5.969
-8.128,4.878,5.922
-8.434,2.235,2.687
-8.498,1.184,2.381
-8.998,-1.002,0.861
-9.479,-1.814,-0.555
-10.767,-2.546,0.73
-11.535,-6.773,2.979
-15.468,-7.678,3.455
-16.193,-6.623,3.046
-14.647,-15.836,5.625
-13.267,-12.226,6.316
-15.071,-15.399,7.111
-12.65,-11.355,11.248
-12.961,-10.245,12.214
-11.281,-12.98,12.827
-13.446,-11.905,12.738
-11.623,-5.962,7.584
-8.276,-6.225,6.998
-6.458,-6.527,5.943
-10.07,-4.426,4.479
-8.601,-2.474,3.697
-8.484,-1.495,3.424
-8.104,-0.912,1.139
-7.35,-4.522,0.773
-8.321,-6.431,1.136
-6.615,-6.548,-2.0
-6.826,-4.472,-1.041
-8.527,-3.852,-1.488
-7.166,-4.783,0.048
-6.584,-5.029,-1.802
-5.922,-5.572,-1.613
-4.998,-5.974,-1.637
-5.955,-6.965,-1.866
-6.359,-7.683,-2.991
-5.477,-7.065,-3.854
-5.075,-6.426,-3.591
-5.323,-6.568,-4.0
-4.378,-5.3,-4.551
-3.653,-6.257,-4.711
-4.321,-7.886,-6.005
-5.245,-7.063,-5.446
-5.905,-7.226,-5.084
-5.697,-8.061,-5.402
-4.627,-9.221,-6.242
-4.929,-8.486,-5.587
-4.256,-7.517,-4.158
-3.452,-8.458,-5.12
-3.185,-10.118,-5.649
-3.378,-9.08,-5.977
-2.335,-8.874,-5.646
-1.302,-9.013,-5.551
-1.964,-10.374,-5.879
-2.038,-9.716,-6.333
-0.957,-9.293,-6.137
-0.325,-9.867,-5.505
-0.749,-11.451,-4.972
0.902,-11.391,-4.187
2.797,-10.657,-3.443
2.318,-9.668,-2.44
0.022,-9.912,-1.531
-1.522,-7.907,-0.423
-0.199,-7.905,1.151
0.723,-9.243,2.271
2.134,-8.549,3.663
1.464,-7.515,5.558
-0.526,-6.381,7.69
2.426,-3.883,9.728
2.823,-4.778,9.257
4.264,-4.874,8.69
4.811,-4.871,7.046
2.948,-3.074,7.295
1.577,-0.333,6.56
-1.519,-2.354,6.036
-2.015,-5.79,6.558
-3.912,-7.522,7.245
-2.393,-5.477,7.204
-1.962,-3.464,8.582
1.022,-0.596,9.233
1.065,-0.423,9.484
-1.366,-3.041,9.097
-1.098,-4.737,8.364
-2.596,-5.335,9.123
-3.007,-3.637,10.209
-2.426,-2.402,10.86
-1.83,-5.974,10.269
-1.146,-6.237,9.171
-0.761,-2.376,9.778
-1.194,-2.194,10.934
-1.136,-1.581,10.922
-1.452,-2.249,10.745
-1.22,-2.074,11.075
-1.988,-1.062,11.477
-1.218,-0.445,10.965
1.208,-0.014,9.69
1.215,-1.873,9.027
-1.357,-1.469,8.683
-0.993,-0.16,9.384
-1.5,-0.225,10.513
-2.144,-0.746,10.446
-1.383,-0.601,9.994
-2.464,0.904,9.173
-2.483,1.397,9.592
-2.852,0.79,9.532
-3.213,0.081,9.558
-2.737,-0.672,8.173
-3.199,-0.213,8.735
-3.153,1.888,8.644
-4.539,0.837,7.941
-3.048,0.227,6.922
-2.125,3.594,6.615
-3.512,4.127,6.503
-3.778,3.732,6.29
-4.838,5.304,6.362
-5.773,4.393,6.051
-5.532,4.051,5.359
-6.371,1.759,5.417
-7.668,0.555,5.041
-7.197,1.806,5.498
-8.065,1.168,6.029
-8.848,-1.864,6.651
-8.977,-2.433,6.343
-8.752,-4.723,7.116
-5.115,-6.819,6.721
-5.505,-7.072,5.225
-7.8,-8.838,7.269
-7.383,-8.338,7.214
-7.264,-9.061,8.046
-4.283,-9.412,6.548
-6.01,-9.982,7.907
-6.584,-6.95,7.549
-6.484,-3.792,4.168
-8.628,-8.24,6.156
-10.372,-6.235,5.465
-8.69,-6.769,4.338
-8.199,-7.049,3.768
-11.2,-6.647,3.9
-9.034,-7.879,2.582
-9.092,-10.185,1.881
-7.91,-9.609,2.216
-7.381,-8.149,2.393
-6.426,-8.18,2.098
-6.678,-6.795,1.739
-7.233,-7.592,0.562
-7.972,-7.723,0.275
-7.623,-4.5,-0.117
-6.577,-5.319,-0.924
-5.969,-6.671,-0.907
-6.319,-5.149,-1.562
-7.604,-5.556,-2.677
-7.496,-6.211,-2.708
-6.185,-6.477,-2.378
-5.943,-7.998,-2.814
-7.013,-9.082,-3.962
-7.498,-8.283,-2.981
-6.922,-7.68,-3.443
-6.381,-9.152,-3.998
-5.795,-10.135,-5.041
-5.508,-11.838,-5.352
-5.302,-12.614,-5.053
-4.998,-11.03,-4.433
-4.134,-8.549,-5.099
-2.601,-7.879,-5.106
-1.01,-9.204,-3.993
-1.043,-9.716,-3.467
-1.675,-9.929,-3.421
-1.864,-9.833,-4.098
-1.247,-9.049,-3.974
-0.404,-7.757,-3.309
-0.737,-9.534,-2.586
0.019,-10.444,-3.345
2.656,-8.996,-3.443
5.099,-7.151,-1.883
1.617,-9.152,-1.055
2.771,-8.242,0.196
1.943,-8.199,1.443
-0.251,-8.759,3.46
0.959,-6.431,5.529
2.232,-5.522,7.084
2.713,-5.328,7.864
1.687,-5.01,8.192
2.003,-5.216,7.986
2.512,-6.252,8.872
0.474,-8.092,7.84
0.103,-8.946,6.558
0.282,-5.969,6.458
-0.256,-8.855,6.635
-0.794,-7.829,7.465
-1.799,-6.501,8.3
-2.488,-6.053,8.831
-2.113,-5.989,8.915
-2.792,-6.333,9.006
-3.4,-5.479,8.848
-2.689,-5.242,8.793
-2.036,-4.733,7.998
-0.9,-4.168,8.309
-2.613,-4.912,9.589
-2.866,-5.209,9.123
-1.077,-3.752,9.477
-3.773,-4.579,10.188
-1.931,-3.591,9.879
-1.988,-3.027,9.707
-2.572,-4.154,9.451
-2.622,-4.477,9.63
-1.409,-3.17,9.745
-1.495,-2.094,9.97
-1.692,-2.653,10.066
-1.797,-2.383,9.424
-1.924,-2.933,9.575
-1.689,-2.826,8.862
-2.242,-1.211,9.451
-2.223,-1.211,9.53
-1.835,-2.802,9.276
-1.536,-2.613,9.07
-0.538,-0.586,9.453
-0.792,-0.615,10.133
-0.057,-0.866,9.831
-0.471,0.33,10.535
-0.933,0.821,10.939
-1.146,1.483,10.659
-1.833,1.208,10.429
-2.318,-0.053,11.226
-1.002,1.203,11.367
-1.361,2.689,12.374
-2.058,0.378,11.527
-2.117,-0.254,10.8
-2.663,0.596,9.312
-1.873,1.771,9.032
-2.12,2.964,8.719
-1.787,1.744,8.549
-1.701,1.794,7.695
-1.622,2.249,6.474
-1.823,2.833,5.338
-2.232,3.895,4.936
-2.656,7.331,5.06
-3.381,10.702,6.132
-4.225,7.623,5.929
-4.029,3.713,4.491
-4.402,2.031,3.835
-6.056,1.467,3.689
-7.357,-1.696,5.12
-6.977,0.648,6.513
-6.709,-0.689,7.326
-5.407,-4.749,6.706
-6.795,-4.845,7.273
-7.053,-4.333,8.699
-7.439,-5.874,8.714
-5.835,-7.8,9.738
-5.489,-7.049,9.898
-6.687,-5.589,10.264
-5.556,-5.28,9.805
-6.051,-5.587,8.381
-6.919,-4.563,7.917
-7.352,-5.235,6.869
-6.946,-5.637,6.048
-6.91,-4.577,5.905
-8.592,-3.414,4.945
-9.056,-3.249,5.725
-7.991,-4.228,6.412
-8.096,-3.328,5.034
-8.546,-3.579,3.598
-8.128,-6.955,3.981
-13.032,-4.752,4.847
-9.207,-4.563,3.505
-9.439,-5.761,2.988
-9.345,-6.575,1.869
-10.046,-5.993,1.055
-10.585,-6.158,0.589
-9.9,-5.242,0.373
-9.357,-5.192,1.55
-8.716,-6.065,1.615
-8.771,-5.989,-0.679
-7.529,-6.13,-1.034
-7.513,-7.644,-0.828
-7.967,-7.458,-0.802
-7.663,-7.197,-1.172
-7.077,-6.541,-3.484
-6.362,-8.08,-5.125
-5.553,-10.343,-5.039
-3.704,-10.329,-0.818
-6.118,-11.425,0.254
-8.532,-13.154,-0.318
-7.352,-12.504,-3.278
-5.213,-10.853,-3.101
-4.62,-8.671,-3.888
-4.256,-8.484,-3.45
-3.505,-8.723,-2.627
-2.828,-10.446,-2.144
-2.271,-11.178,-2.043
-2.074,-10.477,-2.565
-2.711,-9.929,-1.591
-1.034,-9.812,-1.797
-1.175,-9.843,-2.933
-1.404,-8.908,-1.938
-0.988,-8.656,-2.656
-0.392,-9.566,-2.632
-1.177,-10.259,-1.924
-1.62,-10.209,-1.318
-1.962,-11.114,-0.938
0.158,-9.183,0.175
1.469,-8.656,1.306
0.031,-11.494,1.897
0.957,-10.08,2.065
1.022,-7.393,3.723
3.469,-4.34,5.922
5.936,-3.852,7.302
6.577,-4.759,7.266
3.536,-3.785,7.379
0.218,-4.472,8.381
-1.555,-6.477,8.197
-1.866,-5.596,8.606
-1.871,-6.187,9.032
-2.146,-5.493,8.276
-0.4,-6.125,8.202
-0.077,-8.025,8.888
0.603,-6.429,7.876
-0.077,-5.345,8.214
-2.462,-5.713,8.489
-2.144,-5.919,9.003
-2.706,-6.537,8.525
-1.866,-5.314,9.077
-1.402,-4.455,8.994
-3.113,-5.517,7.879
-3.419,-6.757,9.867
-2.419,-4.902,8.388
-0.677,-3.909,8.872
-0.412,-3.345,8.503
-2.797,-4.122,9.264
-2.594,-3.948,9.551
-1.278,-3.708,9.57
-1.55,-3.555,9.702
-1.476,-2.089,9.865
-1.948,-2.909,9.776
-1.18,-2.964,8.85
-1.172,-1.479,9.348
-1.644,-0.95,9.934
-2.012,-2.565,10.178
-1.974,-2.189,10.434
-1.227,-0.443,10.793
-2.158,-1.62,11.649
-0.715,-2.67,10.63
-0.141,-1.366,10.515
0.036,2.519,10.726
1.299,2.347,10.503
-0.816,1.101,8.266
-2.127,2.893,9.4
-3.462,2.184,10.635
-5.529,-0.885,9.802
-3.484,-1.239,8.128
-4.12,-1.108,7.771
-3.247,-1.79,7.977
-3.57,-1.239,8.501
-4.685,1.151,10.341
-5.103,2.629,11.255
-4.582,0.5,10.03
-3.134,0.794,8.252
-2.486,2.507,7.486
-3.118,4.223,7.465
-4.01,2.637,7.056
-5.005,0.644,6.79
-6.702,0.428,6.19
-6.69,2.706,6.237
-5.632,2.816,6.383
-5.967,-1.603,4.467
-8.001,-4.438,4.249
-9.515,-3.756,3.981
-7.092,-4.23,4.472
-7.955,-5.285,5.201
-8.814,-7.884,4.95
-8.108,-10.678,5.197
-7.91,-8.809,6.307
-7.386,-8.293,7.458
-9.503,-9.281,8.362
-13.085,-8.565,9.374
-8.692,-8.46,8.24
-8.697,-8.142,6.618
-6.529,-8.085,5.943
-4.393,-7.577,6.094
-3.697,-9.058,6.127
-5.264,-9.338,4.838
-6.403,-7.458,4.314
-6.639,-6.553,3.189
-5.637,-6.721,1.802
-7.087,-8.934,1.316
-7.608,-8.943,0.601
-7.051,-8.434,0.189
-6.029,-7.372,-0.38
-5.862,-7.242,-0.376
-6.699,-7.405,0.05
-7.697,-7.197,-0.376
-8.532,-9.68,-0.467
-6.895,-8.943,-0.66
-6.123,-6.615,-0.254
-6.522,-6.917,-0.151
-6.735,-7.888,-1.914
-5.479,-8.388,-2.036
-4.933,-8.733,-2.383
-4.756,-8.833,-2.615
-4.472,-7.668,-2.744
-4.644,-6.994,-2.799
-5.106,-7.953,-2.407
-4.352,-8.441,-2.976
-4.472,-8.07,-3.95
-4.335,-8.369,-3.352
-3.756,-9.826,-3.673
-4.142,-10.247,-3.759
-4.268,-9.941,-3.991
-4.163,-9.558,-4.134
-4.56,-9.678,-4.149
-6.161,-11.815,-2.94
-6.089,-12.042,-3.285
-2.012,-11.154,-3.163
-0.773,-10.408,-3.831
0.431,-10.515,-4.122
-2.211,-10.015,-4.354
1.926,-8.719,-2.495
1.66,-8.226,-1.991
-0.096,-8.809,-1.397
-0.842,-9.917,-0.986
2.756,-10.264,-0.019
2.73,-9.822,0.94
5.678,-7.159,7.427
2.481,-6.812,7.616
0.538,-7.793,8.422
-1.16,-9.333,6.936
-3.467,-7.843,7.872
-4.345,-5.644,8.013
-3.448,-4.886,6.637
-3.077,-6.491,6.544
-1.976,-5.816,6.852
0.105,-5.304,6.539
1.591,-6.029,6.264
0.467,-6.807,6.718
-1.06,-6.462,7.69
-1.055,-5.702,9.159
-0.823,-6.209,9.25
-1.244,-6.824,9.144
-0.457,-6.781,7.757
-1.524,-6.242,8.319
0.524,-5.292,8.168
0.115,-5.429,8.951
-0.562,-4.919,9.314
-0.699,-4.663,9.85
-0.232,-3.328,9.235
-0.146,-3.122,9.331
0.084,-3.926,9.673
-2.223,-5.065,9.101
-0.514,-3.216,8.728
0.268,-3.259,9.35
-1.038,-3.768,9.408
-1.419,-2.615,9.58
-1.28,-1.419,9.649
-1.261,-1.952,9.453
-1.139,-2.046,9.032
-1.44,-2.692,9.369
-1.907,-3.914,9.771
-2.649,-1.895,10.07
-1.943,-0.05,10.503
-2.46,-0.785,10.219
-3.01,-1.105,9.934
-3.034,-0.486,10.025
-2.699,-0.419,9.434
-2.945,-0.043,9.178
-2.728,0.495,8.549
-3.098,0.211,8.166
-3.35,0.51,7.728
-3.974,0.502,7.848
-4.005,0.304,7.348
-4.087,0.28,7.69
-4.063,1.73,7.319
-4.079,3.271,7.84
-3.51,2.397,7.599
-3.95,1.443,7.608
-3.366,0.785,7.204
-3.732,-0.553,6.06
-5.347,-2.22,5.716
-5.864,-3.165,6.491
-6.793,-1.873,6.845
-7.261,1.464,6.946
-7.604,-1.598,5.149
-6.649,-7.302,4.74
-6.458,-9.587,4.067
-6.761,-8.398,5.39
-6.101,-7.252,5.859
-7.068,-5.618,5.984
-7.056,-6.273,6.517
-7.45,-8.419,6.441
-10.106,-7.202,8.824
-8.192,-6.448,5.556
-7.79,-7.458,4.39
-7.864,-7.606,4.771
-7.561,-6.96,3.397
-7.57,-8.96,4.132
-8.24,-9.652,4.134
-8.18,-7.508,3.127
-7.826,-6.348,3.046
-6.855,-6.431,3.259
-7.52,-7.197,3.151
-7.671,-8.4,1.007
-7.362,-8.927,0.548
-7.156,-7.86,0.565
-7.113,-6.092,-0.361
-7.357,-6.965,-0.737
-7.082,-7.24,-1.048
-6.883,-7.104,-1.125
-7.317,-6.869,-0.227
-7.472,-7.314,-0.995
-7.383,-7.872,-1.345
-6.673,-8.606,-1.512
-5.053,-9.159,-1.232
-4.658,-9.434,-1.503
-5.709,-9.568,-2.024
-6.592,-8.257,-2.074
-5.446,-8.25,-2.555
-4.221,-9.649,-3.094
-3.462,-9.795,-3.101
-3.809,-9.274,-3.295
-3.73,-9.02,-3.175
-3.232,-9.357,-2.943
-2.871,-10.554,-3.125
-3.089,-11.027,-3.541
-3.146,-10.482,-3.689
-2.754,-9.831,-3.876
-2.232,-9.786,-3.663
-2.426,-10.104,-3.201
-2.641,-10.704,-2.778
-1.706,-10.841,-3.108
-0.861,-11.544,-2.369
-1.113,-11.14,-0.991
-0.256,-8.135,0.639
0.84,-7.773,1.416
-0.725,-9.788,0.955
-1.715,-10.221,2.223
-0.452,-8.769,3.979
2.182,-5.967,6.757
6.056,-3.735,8.08
6.927,-3.759,8.254
3.146,-2.668,9.281
0.084,-2.907,10.836
0.132,-4.221,9.264
-2.17,-5.972,8.295
-2.354,-7.372,7.422
-3.651,-8.264,6.73
-3.615,-7.809,7.506
-3.074,-6.589,8.434
0.084,-3.902,7.943
0.069,-4.986,7.345
-1.562,-5.063,7.46
-1.806,-4.309,8.422
-2.68,-5.125,9.262
-1.991,-5.194,10.3
-1.572,-4.668,10.346
-0.691,-4.756,9.298
-1.419,-5.166,9.166
-2.12,-5.39,8.51
-2.323,-5.8,8.759
-2.038,-4.534,9.135
-1.732,-3.775,9.417
-1.799,-4.165,9.551
-0.794,-4.051,9.439
-0.601,-3.625,9.455
-1.548,-4.28,9.948
-2.23,-4.326,9.506
-2.22,-4.907,8.64
-1.531,-2.854,8.242
-0.66,-2.371,8.29
-1.077,-3.46,8.458
-1.739,-3.098,8.628
-1.024,-0.175,8.967
-1.101,0.124,9.609
-2.256,-1.079,10.097
-1.376,-1.22,9.63
-0.845,0.412,10.441
-0.596,2.275,11.283
0.062,1.443,11.872
0.232,-0.445,11.793
-1.093,3.766,11.805
-2.079,4.201,10.25
-3.775,0.61,9.252
-4.967,-1.192,9.441
-5.314,-2.005,9.444
-5.111,-1.601,9.056
-4.003,-0.732,8.721
-3.859,-0.297,8.601
-4.539,0.017,7.785
-4.264,-0.56,7.958
-3.462,0.019,6.481
-2.594,0.55,4.981
-3.125,2.072,5.845
-4.608,5.041,6.697
-5.422,3.534,5.352
-5.577,-0.459,5.792
-5.895,-1.677,5.876
-6.199,-0.309,6.029
-6.082,1.239,6.728
-6.876,-1.192,6.316
-8.503,-4.221,5.862
-8.408,-4.914,6.285
-7.723,-3.082,6.458
-7.216,-3.024,7.661
-6.97,-4.0,7.58
-6.089,-3.773,8.003
-5.618,-4.221,7.788
-5.785,-3.756,7.12
-9.113,-4.031,7.647
-9.57,-4.417,8.029
-9.008,-4.666,5.089
-8.094,-5.01,4.718
-8.601,-5.484,4.835
-9.491,-5.091,4.91
-9.654,-3.953,4.771
-9.245,-4.524,6.228
-9.35,-4.591,4.118
-10.164,-4.481,3.618
-8.673,-4.142,3.223
-10.721,-4.57,4.24
-9.903,-4.895,2.141
-9.247,-4.993,2.177
-9.503,-4.268,1.019
-11.058,-3.163,1.761
-10.496,-4.259,1.325
-10.508,-5.278,0.055
-10.439,-5.632,0.232
-9.927,-5.434,0.579
-8.625,-4.835,0.239
-8.18,-6.168,0.285
-7.398,-6.321,-0.967
-8.006,-6.204,-0.969
-8.4,-7.051,-1.139
-8.211,-8.166,-1.345
-8.314,-6.515,-1.227
-8.561,-6.429,-1.048
-8.305,-8.589,-3.132
-7.596,-10.417,-3.596
-7.537,-8.417,-3.089
-7.718,-6.967,-2.591
-6.453,-7.824,-3.558
-5.917,-9.068,-3.685
-6.103,-9.073,-3.768
-5.048,-8.994,-2.979
-3.716,-9.381,-2.725
-4.039,-11.011,-2.464
-6.13,-11.192,-2.759
-6.068,-10.149,-2.452
-4.687,-9.915,-2.16
-3.661,-10.123,-2.445
-2.984,-9.726,-2.07
-1.811,-8.594,-0.797
-0.684,-7.75,0.66
0.031,-6.596,2.079
1.711,-6.223,3.613
3.029,-6.898,4.673
3.73,-8.448,1.893
4.4,-11.047,2.467
0.5,-10.41,5.489
4.673,-7.903,8.056
-0.464,-6.649,8.032
-1.079,-6.192,6.383
-2.696,-8.62,6.589
-1.936,-8.991,6.833
-2.345,-9.819,6.448
-1.105,-7.97,5.469
-1.395,-8.821,5.618
-2.242,-9.915,6.556
-0.861,-8.833,7.343
-0.572,-7.745,7.671
-1.428,-7.549,7.541
-1.249,-8.463,7.427
-1.038,-6.867,7.687
-1.428,-5.369,8.065
-0.775,-5.725,7.551
-21.727,-15.478,10.35
0.502,-5.544,7.388
0.648,-3.792,7.716
-0.4,-3.034,8.656
-0.153,-3.141,9.499
-0.239,-3.381,8.754
-0.557,-1.725,10.118
-1.148,-2.361,9.542
-1.168,-2.158,10.226
-1.053,-2.708,10.075
-0.44,-1.615,10.18
-0.072,-1.644,10.326
0.086,-2.768,10.535
-0.624,-2.232,9.817
-0.414,-1.529,9.8
-0.711,-2.562,9.487
-1.316,-3.33,9.288
-1.321,-2.591,9.223
-1.593,-1.914,9.826
-1.524,-2.634,9.874
-2.031,-2.768,9.68
-2.692,-2.385,9.941
-3.082,-1.778,10.422
-2.763,-2.287,10.355
-2.297,-3.831,9.714
-1.201,-3.579,9.798
-1.201,-3.572,11.389
-0.342,-3.342,10.618
-0.579,-1.526,10.267
-0.601,-0.299,10.264
-1.043,-1.471,9.922
-1.589,-2.799,9.666
-2.065,-2.084,9.743
-1.617,-1.919,8.747
-1.94,-2.211,8.044
-1.61,-2.297,7.147
-1.847,-1.065,6.962
-3.089,-0.895,7.317
-4.577,-2.462,6.553
-3.003,-1.491,3.984
-2.426,0.959,3.34
-3.656,2.704,4.84
-5.319,3.218,6.594
-5.56,2.907,7.199
-4.783,3.079,7.948
-5.089,1.345,7.738
-5.204,-0.201,7.869
-4.209,0.069,7.869
-3.955,-1.916,6.407
-3.694,-4.862,4.721
-5.319,-5.541,5.907
-6.651,-6.276,6.493
-7.254,-8.204,6.166
-9.013,-7.36,8.113
-7.321,-7.197,6.005
-6.448,-8.649,7.264
-5.256,-6.558,6.615
-9.85,-7.788,10.207
-8.91,-9.338,6.948
-6.809,-7.204,5.68
-9.092,-7.556,5.393
-7.714,-5.405,5.347
-7.934,-5.288,3.687
-7.604,-6.938,3.254
-8.089,-7.307,3.065
-7.431,-6.723,2.606
-6.546,-8.008,1.871
-7.498,-6.989,1.29
-8.448,-8.195,-0.081
-9.554,-9.939,0.108
-6.527,-9.915,0.902
-3.914,-7.671,0.156
-5.725,-8.597,0.457
-6.362,-10.202,0.05
-6.673,-10.501,-1.01
-4.51,-10.714,-2.493
-5.522,-8.802,-0.876
-3.606,-9.958,-1.759
-3.613,-9.85,-2.201
-3.79,-10.233,-2.847
-3.252,-9.53,-3.4
-3.125,-9.654,-3.378
-3.539,-10.078,-3.555
-3.007,-10.448,-3.591
-2.613,-10.334,-2.689
-3.041,-10.011,-2.247
-3.397,-10.094,-2.641
-3.185,-10.357,-2.84
-2.785,-10.889,-2.969
-2.003,-10.788,-3.015
-2.06,-11.137,-2.656
-4.364,-11.413,-3.883
-1.883,-10.329,-2.677
-0.797,-10.606,-1.677
-0.768,-10.578,-0.83
-0.601,-9.01,1.046
0.931,-9.776,2.244
1.909,-10.544,2.89
1.708,-10.855,3.33
1.998,-8.451,4.759
0.486,-6.063,7.795
3.649,-4.704,9.321
2.876,-4.922,9.57
2.062,-4.567,8.967
1.675,-5.78,7.704
-0.744,-6.149,6.86
-4.883,-6.919,6.386
-5.053,-6.254,5.316
-3.586,-6.216,6.761
-1.605,-4.666,7.257
0.373,-5.178,7.592
0.931,-7.058,6.326
-0.103,-6.599,6.848
-2.397,-3.67,9.589
-2.4,-2.73,10.92
-1.452,-3.632,10.618
-1.792,-3.936,10.558
-2.196,-2.984,10.953
-2.285,-2.936,10.724
-2.082,-3.34,10.305
-1.893,-3.792,9.154
-2.443,-4.051,8.994
-2.146,-3.764,9.032
-1.983,-2.361,8.912
-2.388,-2.519,8.489
-2.261,-2.342,8.876
-2.821,-3.474,9.121
-2.182,-3.352,8.754
-0.622,-2.397,8.611
-0.861,-2.428,8.68
-0.873,-2.113,9.168
-0.591,-2.431,9.458
-0.813,-1.759,9.613
-0.464,-1.876,9.293
-0.749,-2.05,9.044
-1.407,-0.656,9.69
-0.569,-0.531,9.29
-0.806,-0.821,8.862
-2.294,-1.589,8.582
-3.551,-2.366,9.441
-3.972,-2.017,9.582
-3.591,-0.88,10.41
-4.383,-0.679,10.7
-4.591,-0.562,10.475
-4.852,0.522,10.613
-4.902,0.892,10.944
-5.747,1.483,11.571
-4.89,0.187,10.116
-3.981,-0.658,9.967
-3.929,1.55,9.525
-4.539,2.407,7.888
-5.063,1.268,7.403
-5.393,1.065,7.202
-5.551,1.16,7.417
-5.448,0.258,6.671
-5.807,2.546,5.646
-6.307,5.053,6.759
-6.86,2.517,6.072
-6.982,-1.51,3.95
-8.309,-5.539,3.385
-7.69,-4.405,3.713
-6.977,-5.855,3.938
-6.881,-8.343,3.926
-7.087,-8.453,5.017
-8.163,-8.352,7.348
-8.652,-6.647,9.099
-7.462,-5.084,9.219
-5.95,-5.292,8.295
-6.044,-4.835,7.319
-6.269,-5.355,6.826
-7.515,-5.673,6.101
-7.326,-3.936,4.378
-8.221,-5.752,4.441
-8.477,-5.955,4.343
-9.353,-6.472,5.381
-8.23,-5.692,3.864
-9.039,-6.204,3.615
-9.324,-5.792,4.283
-9.068,-6.041,4.142
-8.783,-6.075,2.862
-9.635,-6.608,3.311
-10.3,-7.221,2.775
-10.247,-5.556,2.823
-10.063,-5.508,1.593
-9.941,-6.326,1.153
-9.688,-6.812,1.127
-8.508,-6.537,1.885
-8.116,-6.269,0.572
-8.101,-6.874,-0.395
-7.338,-6.819,-1.081
-7.295,-7.417,-1.44
-7.139,-7.06,-1.83
-7.125,-6.534,-2.481
-6.709,-7.233,-2.388
-6.824,-7.982,-2.876
-7.044,-6.874,-4.656
-6.302,-7.269,-4.125
-4.634,-9.427,-3.153
-4.584,-8.931,-4.02
-4.991,-8.805,-3.34
-3.809,-8.996,-3.642
-3.101,-8.675,-4.321
-4.256,-9.07,-4.247
-5.323,-10.097,-3.412
-4.711,-10.092,-3.62
-5.156,-10.384,-3.551
-3.711,-10.525,-3.397
-5.993,-10.374,-4.622
-2.711,-10.575,-3.572
-1.615,-10.582,-3.23
-1.151,-9.912,-2.082
-1.916,-10.25,-0.136
-0.541,-9.489,0.493
0.971,-9.695,1.225
1.656,-11.87,2.711
1.335,-14.659,3.972
2.656,-11.13,0.675
4.828,-1.773,5.077
4.108,-2.259,7.601
2.519,-5.508,6.759
-1.046,-5.871,6.245
-3.953,-3.118,8.814
-6.285,-2.998,8.515
-4.244,-4.52,7.113
-1.78,-7.13,4.398
-1.95,-6.539,5.115
-0.895,-4.874,7.654
0.995,-3.725,9.408
0.991,-5.441,8.707
2.421,-6.62,7.68
-1.665,-4.575,8.821
-2.273,-3.965,8.764
-1.428,-3.859,8.998
-1.311,-4.627,8.539
-0.888,-5.517,8.448
-0.129,-4.912,8.64
-0.842,-4.419,8.915
-1.036,-4.539,8.68
-0.706,-5.132,8.922
-0.498,-3.931,8.781
-0.94,-3.051,8.946
-1.065,-3.74,8.733
-1.041,-4.142,9.147
-0.919,-3.464,9.503
-1.141,-2.07,10.235
-1.0,-1.601,10.692
-0.919,-1.986,10.838
-0.811,-2.876,10.276
-0.703,-2.213,10.209
-0.691,-1.986,9.843
-0.129,-1.957,9.69
0.359,-1.51,8.896
0.079,-1.433,8.726
-1.014,-1.505,8.647
-0.723,-1.821,8.589
-1.323,-1.105,8.896
-1.007,-1.519,8.742
-0.335,-1.785,8.989
-1.459,-1.699,9.384
-0.345,-0.804,9.477
-1.201,-0.526,9.889
-0.368,0.739,10.298
0.041,1.512,10.386
-0.316,1.014,10.843
-2.574,1.596,10.549
-4.156,2.16,9.948
-4.642,1.206,10.003
-5.462,1.881,10.346
-5.008,2.433,10.487
-4.699,2.914,9.932
-3.675,1.816,8.675
-5.233,0.249,7.982
-5.06,-0.17,7.58
-3.658,2.101,7.039
-4.022,2.876,6.776
-5.465,3.304,5.745
-7.125,1.687,6.025
-7.831,0.883,6.551
-6.68,0.959,6.982
-5.146,-0.598,5.132
-4.185,-2.668,3.448
-4.831,-3.326,3.354
-7.829,-4.431,6.814
-8.393,-4.699,9.077
-9.35,-6.233,9.822
-8.64,-7.405,9.522
-10.41,-6.795,8.101
-9.128,-6.206,10.133
-7.479,-3.847,8.998
-7.795,-3.965,7.898
-7.893,-4.747,8.168
-7.632,-4.594,6.558
-9.274,-5.941,4.639
-8.613,-6.06,6.161
-8.673,-4.343,6.891
-8.836,-4.596,5.469
-9.506,-6.824,5.111
-11.145,-4.479,5.3
-9.838,-3.235,5.28
-8.099,-5.065,3.474
-6.218,-6.522,3.747
-7.137,-6.986,3.407
-8.149,-6.111,2.07
-8.427,-6.132,0.462
-8.271,-7.752,-0.854
-7.608,-9.176,-0.986
-7.12,-7.931,-0.299
-7.728,-5.546,-0.758
-7.077,-6.426,-2.383
-5.723,-8.958,-3.397
-6.551,-9.209,-3.249
-7.45,-7.802,-2.12
-7.386,-8.441,-1.751
-7.36,-9.317,-2.144
-7.953,-9.606,-1.969
-7.955,-8.537,-1.986
-5.907,-8.252,-1.223
-6.166,-8.96,-1.682
-6.994,-10.477,-2.235
-5.831,-9.688,-2.653
-4.285,-9.243,-2.467
-4.268,-9.223,-2.835
-4.677,-10.379,-3.608
-5.072,-9.994,-4.053
-5.044,-9.185,-3.874
-4.295,-8.551,-3.223
-3.328,-9.192,-3.323
-2.488,-10.429,-3.268
-2.639,-10.695,-2.773
-3.106,-10.726,-2.589
-2.637,-10.759,-2.768
-2.18,-10.484,-2.613
-1.474,-10.025,-1.828
-0.349,-8.762,-0.349
1.136,-7.549,1.359
2.036,-9.01,3.23
2.256,-10.238,3.378
3.369,-3.953,6.118
4.221,-3.546,7.759
2.426,-6.663,6.419
1.256,-6.95,6.053
1.591,-7.809,7.348
0.818,-7.094,6.017
-0.754,-5.12,6.003
-0.778,-4.96,5.508
-0.299,-7.072,5.546
-0.5,-8.307,4.558
1.479,-8.991,3.639
1.586,-7.527,3.338
-0.12,-7.147,4.594
-1.991,-8.324,5.323
-1.986,-9.745,5.778
-1.058,-8.881,6.776
-1.28,-8.836,7.123
-1.172,-8.69,6.855
-0.206,-7.415,6.742
-0.778,-7.702,6.819
-2.89,-9.042,7.788
-0.89,-7.723,7.439
-1.421,-7.319,8.372
-2.196,-7.857,9.128
-1.909,-6.867,8.463
1.718,-3.555,5.922
0.167,-3.074,7.486
-0.888,-2.278,8.821
-1.775,-1.993,8.955
-0.555,-1.756,8.664
-1.333,-0.935,9.432
-1.902,0.706,9.52
-2.383,2.297,10.271
-2.067,2.869,10.831
-1.462,3.472,10.283
-1.383,1.345,10.613
-1.428,-3.115,10.661
-2.299,-0.79,11.736
-2.043,-0.251,9.831
-2.318,-1.038,9.412
-2.646,1.498,10.08
-3.503,1.23,10.417
-3.783,1.349,10.166
-3.919,0.45,10.381
-3.919,-0.4,9.764
-3.9,0.273,9.381
-3.134,-0.61,8.642
-3.577,-0.483,8.238
-4.027,1.309,7.529
-3.141,1.491,6.883
-3.144,0.983,6.178
-3.787,1.67,6.089
-4.448,2.699,6.412
-4.067,3.031,6.491
-4.433,3.512,5.498
-5.252,2.598,5.362
-5.649,2.443,5.936
-6.484,2.955,6.62
-6.568,2.888,7.041
-6.793,1.847,7.139
-7.226,0.792,7.439
-8.099,-0.211,8.616
-8.104,-1.715,8.424
-6.467,-5.149,4.412
-6.726,-8.592,2.826
-8.29,-7.434,4.261
-9.3,-4.12,5.752
-9.065,-3.931,7.398
-8.106,-3.845,6.166
-7.577,-5.343,6.675
-8.62,-5.548,6.13
-8.608,-6.08,4.587
-6.58,-8.931,4.512
-7.974,-9.436,4.642
-7.226,-9.393,4.395
-6.675,-8.465,4.273
-8.345,-7.807,3.831
-8.348,-7.62,4.17
-7.491,-6.96,1.852
-7.084,-7.307,1.436
-6.718,-6.943,0.557
-6.565,-8.3,1.069
-7.008,-8.297,0.239
-6.97,-8.386,-0.167
-7.848,-7.379,-0.139
-7.025,-7.4,-1.519
-6.955,-7.931,-1.859
-6.761,-7.656,-1.694
-8.271,-7.142,-1.625
-7.864,-7.252,-2.483
-7.166,-7.826,-2.969
-7.156,-8.25,-3.003
-7.221,-8.618,-3.149
-6.871,-8.144,-3.149
-6.144,-7.479,-2.881
-6.269,-7.558,-3.06
-6.304,-8.219,-3.412
-6.051,-7.955,-3.773
-5.163,-7.494,-4.295
-4.747,-7.185,-5.142
-4.266,-8.453,-4.517
-4.728,-9.276,-3.835
-5.369,-9.786,-2.897
-5.579,-10.288,-2.227
-5.702,-9.991,-2.223
-5.084,-8.68,-2.572
-4.292,-8.568,-2.756
-3.866,-9.458,-2.816
-4.063,-9.989,-3.216
-3.744,-9.609,-3.74
-3.041,-8.123,-2.83
-3.433,-8.19,-2.318
-3.35,-9.324,-2.287
-2.55,-10.111,-2.553
-1.756,-9.786,-2.041
-2.187,-10.092,-1.103
-3.101,-10.341,-0.873
-1.148,-9.271,-1.323
-0.876,-9.13,-0.206
1.342,-10.468,0.959
1.235,-12.035,1.127
2.761,-10.374,2.424
5.367,-4.603,4.924
4.996,-4.919,5.831
3.644,-8.18,4.931
1.172,-7.718,4.752
0.017,-6.453,5.465
-2.503,-8.099,5.589
-2.704,-7.467,4.898
-2.457,-8.3,5.579
-3.07,-10.075,4.276
-3.12,-6.785,4.579
-1.108,-6.654,5.522
-1.601,-10.305,5.099
-2.967,-9.317,5.785
-2.493,-8.731,5.654
-2.381,-10.106,5.051
-2.682,-9.245,5.824
-1.893,-8.242,4.78
-1.938,-8.752,5.785
-1.94,-8.752,5.745
-1.749,-9.13,6.12
-1.314,-8.893,6.489
-0.943,-8.587,6.754
-1.172,-8.137,7.642
-1.053,-8.482,7.034
-0.78,-8.527,7.226
-0.706,-7.479,7.309
-1.038,-6.601,7.362
-1.239,-7.276,6.867
-0.967,-7.228,7.228
-1.706,-7.501,7.537
-1.053,-7.233,7.613
-0.861,-6.733,7.711
-1.175,-7.077,8.087
-1.199,-7.02,8.24
-1.18,-7.025,8.197
-1.172,-7.553,7.907
-1.007,-7.147,8.106
-0.476,-6.797,8.362
-0.622,-6.69,8.553
-0.299,-6.642,8.896
-0.249,-6.742,9.149
-0.438,-6.582,8.876
-1.038,-6.718,8.943
-1.089,-6.668,9.006
-0.129,-5.852,9.085
-0.208,-5.639,8.723
0.093,-6.34,8.905
0.517,-5.489,9.094
-0.024,-5.434,9.63
-0.581,-4.776,9.618
-0.191,-4.723,9.757
0.34,-4.127,9.621
0.675,-4.644,9.613
0.754,-4.352,9.97
-2.728,-4.347,9.489
0.864,-3.771,10.393
0.84,-2.952,10.525
0.737,-3.029,10.391
0.869,-1.814,9.448
1.419,-1.708,9.365
0.165,-1.376,9.609
2.213,1.677,7.053
1.546,-0.179,7.647
2.18,-1.01,6.675
2.125,-0.309,6.797
2.601,-0.261,5.867
2.823,-0.548,6.644
2.929,-1.412,7.032
2.335,-2.031,7.771
3.216,-1.919,7.34
3.397,-1.68,6.225
2.897,-1.806,7.568
2.476,-1.857,9.25
2.897,-1.744,9.032
3.177,-2.644,8.726
2.613,-2.996,8.106
2.261,-3.687,9.709
-2.57,-7.592,12.98
1.538,-5.06,12.559
6.137,-0.758,12.468
7.242,-2.065,9.929
6.381,-3.95,8.924
5.713,-5.56,6.68
4.797,-6.45,6.35
6.154,-5.737,6.175
5.833,-4.122,7.771
4.158,-2.333,9.896
3.5,-2.687,10.034
3.742,-2.196,9.688
7.881,0.201,9.611
4.477,-3.019,7.838
6.752,-0.51,10.173
3.582,-1.165,8.415
5.285,-0.763,6.23
6.185,-1.675,3.866
5.847,-0.73,3.12
5.687,-0.813,2.981
4.149,-2.854,5.625
3.797,-0.321,7.044
4.68,1.749,7.917
2.957,-0.019,7.68
1.459,-1.337,7.872
2.787,1.718,8.101
2.967,3.235,6.84
1.744,1.885,6.876
-0.187,0.943,10.551
1.907,3.374,10.573
2.472,3.383,9.288
2.129,2.058,8.599
1.321,-0.287,10.621
0.342,0.139,11.915
0.77,2.735,10.379
2.06,2.347,8.707
1.388,-0.636,8.159
-0.156,-2.795,10.783
-1.141,-0.876,10.116
-1.127,-1.041,9.987
-1.156,1.821,8.63
-0.689,2.883,8.855
-0.438,2.034,9.252
-0.495,1.282,9.197
-0.677,2.062,8.152
-0.447,2.302,8.47
-1.29,0.459,9.518
-2.986,-0.294,9.795
-22.139,-4.304,5.192
-4.429,2.022,9.054
-2.046,0.275,9.233
-2.948,-0.947,9.611
-4.173,0.191,8.142
-4.601,-0.636,10.441
-3.802,-0.036,11.135
-0.038,-7.551,16.593
-8.506,-7.185,2.139
-2.196,-3.917,8.967
-3.768,-3.019,7.778
-2.359,-2.244,7.927
-0.392,-5.044,9.298
-2.137,-6.053,9.276
-1.419,-7.539,7.113
1.622,-13.169,9.343
0.871,-9.324,4.084
-0.634,-1.419,8.74
-2.885,3.917,12.501
-1.668,1.309,10.781
-0.045,0.883,9.513
-1.814,-1.495,10.03
-2.723,-1.893,9.281
-1.873,-0.28,9.743
-0.395,-0.194,10.247
-0.44,-4.505,9.81
-0.847,-4.457,9.656
-1.524,-1.385,9.51
-2.579,-0.433,10.654
-2.787,0.935,9.637
-1.976,0.28,9.738
-0.668,-1.333,9.46
-0.127,-2.943,9.795
-0.933,-2.036,10.317
-1.23,-0.476,10.305
-0.77,-0.33,9.4
-0.842,-0.991,9.908
-1.711,-0.665,9.814
-1.68,-1.127,10.166
-0.627,-2.036,9.881
-0.624,-1.44,9.762
-0.907,-0.613,10.07
-1.244,-1.18,9.819
-1.895,-1.134,9.934
-1.538,-0.615,10.001
-0.163,-1.055,9.97
0.055,-1.759,10.054
-1.129,-1.282,9.996
-1.888,-0.227,9.836
-1.488,-0.651,10.015
-0.797,-0.773,9.812
-0.79,-0.476,10.185
-0.596,-0.672,9.934
-0.565,-0.646,9.829
-1.055,-0.546,9.838
-1.589,-1.476,10.023
-1.924,-2.275,9.721
-1.962,-2.756,8.412
-1.763,-1.321,11.24
0.232,-1.725,8.685
-0.062,0.081,9.996
-1.639,-0.995,10.243
-0.888,-1.316,10.262
-2.082,-0.273,9.771
-2.256,-0.397,10.724
-3.452,-0.608,9.994
-1.146,-1.802,10.171
-2.192,0.354,13.231
0.065,-4.41,7.898
-0.258,-2.354,9.336
-1.084,-0.371,10.396
-1.014,-0.345,9.697
-0.828,-0.132,10.013
-0.601,-1.232,9.52
-0.598,-1.933,10.838
-0.065,-1.266,9.283
-0.239,-2.376,9.235
-1.823,-2.596,10.537
-1.194,-0.498,9.709
-0.981,-0.12,10.111
-1.215,-2.397,9.867
-0.557,-2.897,9.633
-1.558,-2.218,9.745
-1.768,-2.716,8.934
-2.261,-2.828,10.688
-1.904,-2.646,9.008
0.663,-2.263,9.979
0.991,-2.204,8.742
-3.082,-2.957,10.276
-2.543,-2.661,9.982
0.278,-1.845,9.271
-0.112,-1.598,9.721
-1.345,-1.146,10.094
-0.916,-1.141,9.872
-0.11,-0.794,9.9
-0.189,-1.172,10.357
-0.517,-2.029,9.575
-0.785,-4.151,9.616
-1.541,-6.546,9.604
-0.737,-4.864,9.24
0.043,-2.149,9.869
-1.888,-0.986,12.382
-2.72,-0.555,11.262
-1.077,-2.728,10.752
-1.244,-3.895,9.391
-2.146,-3.431,9.317
-2.431,-1.519,10.262
-2.701,-1.28,10.305
-2.74,-1.534,9.31
-2.802,-1.048,8.068
-3.177,-1.581,7.762
-2.713,-3.421,7.388
-2.077,-4.0,7.666
-1.426,-2.558,8.884
-2.527,-3.979,10.13
-2.826,-3.761,9.247
-2.091,-2.627,8.699
-3.649,-2.254,10.073
-1.938,-0.151,9.307
-2.28,-2.036,9.197
-1.543,-1.519,8.924
-1.739,-1.261,8.446
1.993,0.208,7.293
-3.012,-0.065,8.826
-3.673,0.136,7.797
-3.888,0.866,11.42
-9.642,0.419,9.798
-5.883,-4.096,9.759
-5.764,-4.096,9.573
-11.929,-2.998,8.498
-2.249,-4.898,6.637
-4.127,-2.565,9.4
-5.048,-0.167,10.216
-4.103,-1.603,8.948
-4.477,-3.07,10.841
-3.158,-5.101,11.226
1.912,17.329,1.921
-2.0,-4.407,9.097
-3.208,-5.632,9.453
-0.991,2.249,7.465
-2.096,-8.252,9.257
-1.696,-6.95,9.472
-0.574,-7.151,9.018
-0.22,-5.967,8.501
0.096,-3.316,9.233
-0.565,-3.378,9.051
-0.72,-3.275,8.924
-0.993,-2.83,9.259
-0.407,-3.029,10.513
-0.285,-2.878,10.073
1.053,-7.197,8.491
1.83,-8.544,8.185
-2.05,2.275,10.822
-2.488,1.531,10.379
-0.392,-0.969,9.4
-1.689,-1.285,10.042
-1.756,-3.378,10.171
-0.828,-3.012,9.154
-0.821,-0.864,9.881
-0.732,0.684,10.563
-0.921,1.156,10.814
-0.878,1.223,9.307
-0.412,0.266,9.814
-0.995,-1.084,9.69
-0.849,-0.44,10.271
-0.821,0.234,10.341
-0.512,-0.347,9.362
0.309,-0.342,9.345
-1.962,1.175,10.133
-1.081,1.526,9.975
-1.081,1.567,10.709
-0.971,1.285,9.81
-0.794,0.67,9.458
-2.689,2.979,9.872
-0.749,-1.11,11.468
-0.141,-1.388,10.068
0.079,-0.292,8.994
-0.924,-2.043,9.994
-0.974,-1.436,9.57
-0.531,-0.718,9.436
-0.577,-1.06,9.575
-1.11,-1.495,10.403
-0.663,-1.103,10.611
-0.297,-2.35,9.238
-1.354,-3.697,8.838
-2.536,-4.962,9.357
0.096,-2.443,9.202
0.301,-2.792,9.845
-1.244,-2.957,9.793
-1.737,-0.323,9.369
-1.091,-1.981,9.331
-1.782,-4.249,9.479
0.12,-3.967,9.262
-0.995,-1.682,10.039
-0.586,-2.62,9.508
-0.517,-3.388,9.429
-1.151,-3.378,9.563
-0.352,-1.883,9.743
-2.144,-3.567,9.429
-2.613,-2.838,10.02
-1.316,-2.383,9.266
-1.235,-3.972,9.123
-1.345,-2.792,10.011
-1.158,-2.366,10.104
-1.089,-2.637,9.573
-0.641,-2.795,9.113
-1.84,-3.694,9.573
-1.598,-3.29,9.518
-0.12,-2.567,9.278
-0.703,-2.586,9.767
-0.854,-2.606,9.695
-0.498,-2.175,9.577
-0.663,-1.333,9.64
-0.002,-1.079,9.546
0.22,-1.78,10.436
-0.976,-4.953,9.532
-1.469,-3.759,9.764
-0.871,-3.027,9.477
0.024,-2.68,9.936
-0.589,-2.862,9.405
-0.026,-2.632,9.451
-0.304,-2.632,9.623
-0.445,-2.993,9.673
-0.519,-3.027,9.86
0.055,-2.503,9.764
-0.074,-2.462,9.714
0.067,-1.725,9.46
-0.069,-0.758,9.733
-0.206,-1.491,9.838
-0.196,-3.079,9.833
-1.223,-4.555,9.539
-1.005,-3.493,9.518
-0.519,-2.457,9.506
-0.134,-1.859,10.128
0.024,-1.62,9.802
-0.309,-0.495,9.343
-0.172,-3.108,9.051
-1.232,-2.658,9.96
-1.294,-2.763,10.118
-0.811,-2.448,9.546
-1.069,-3.048,9.731
-0.885,-2.541,9.661
-0.531,-2.838,9.788
-1.098,-1.885,9.436
-0.512,-1.361,9.862
-0.601,-2.28,9.996
-1.292,-2.299,9.927
-0.976,-1.95,9.984
-0.299,-2.146,9.769
-0.232,-1.873,9.908
-0.426,-2.261,9.606
-0.849,-3.216,9.355
-0.371,-2.656,9.764
0.572,-3.132,9.735
-0.301,-2.103,9.857
-1.842,-1.598,9.74
-0.565,-0.218,10.664
-2.847,-2.275,8.931
0.744,-2.01,9.829
-0.01,-0.409,10.152
-0.34,-1.665,10.09
-1.419,-1.397,10.319
-1.739,-2.292,10.604
-0.065,-2.823,8.963
-0.806,-1.644,9.652
-0.06,-2.878,9.798
-0.467,-3.048,10.044
-0.428,-3.933,9.546
-0.234,-4.608,9.362
0.488,-4.972,9.156
2.239,-11.07,5.938
-0.156,0.471,11.915
1.05,-2.089,9.877
0.007,-0.529,10.233
-0.273,-1.022,9.601
0.115,-0.809,9.491
0.28,-1.017,9.704
-1.254,-2.766,9.611
-1.763,-3.295,9.527
-0.404,-2.921,9.597
-0.979,-3.431,9.642
-0.584,-3.005,10.145
-0.445,-2.663,10.023
-0.849,-3.634,9.254
-0.837,-3.804,10.07
0.096,-0.148,8.831
-1.536,-2.074,9.563
-0.591,-2.309,9.223
-0.304,-3.039,8.41
-0.469,-1.249,9.367
-0.668,-2.321,10.176
-0.022,-2.78,9.458
-0.632,-3.342,9.293
-0.749,-3.452,9.666
-1.077,-4.187,9.274
-0.632,-3.491,9.671
-1.503,-3.436,9.319
-0.687,-3.512,9.228
-0.51,-3.259,9.439
-0.077,-2.931,9.525
-0.627,-2.615,9.642
-0.433,-2.263,9.587
-0.909,-3.065,9.321
-0.378,-3.627,9.467
-0.132,-3.185,9.664
-0.455,-3.249,9.551
-0.359,-3.436,9.348
0.098,-3.278,9.532
-0.124,-3.603,9.843
-0.519,-4.024,9.829
-0.44,-3.895,9.441
-1.017,-3.9,8.716
-1.089,-2.981,9.135
-1.16,-2.067,9.845
-0.72,-2.266,9.13
-0.268,-2.582,9.408
-0.273,-2.397,10.137
-0.668,-3.185,9.525
-0.782,-3.036,9.542
-0.806,-2.728,9.489
-0.684,-2.527,9.14
-0.175,-2.333,9.963
-0.749,-2.294,10.188
-0.665,-2.94,9.441
-0.546,-2.673,9.393
-0.426,-2.326,9.489
-0.349,-2.55,9.558
-0.708,-2.802,9.448
-0.562,-2.943,9.582
-0.486,-2.771,9.659
-0.584,-2.773,9.554
-0.603,-2.737,9.57
-0.634,-2.847,9.527
-0.44,-3.196,9.484
-0.507,-3.244,9.525
-0.67,-3.0,9.929
-0.634,-3.319,9.728
-0.627,-3.273,9.283
-0.613,-3.031,9.422
-0.371,-2.835,9.752
-0.175,-2.878,9.661
-0.342,-3.027,9.338
-0.56,-3.065,9.41
-0.694,-3.022,9.525
-0.617,-3.029,9.642
-0.378,-3.472,9.46
-0.409,-3.307,9.594
-0.486,-3.232,9.451
-0.548,-3.263,9.281
-0.689,-3.28,9.417
-0.711,-3.335,9.857
-0.749,-3.642,10.147
-0.627,-4.041,9.214
-0.33,-3.924,8.855
-0.572,-3.486,9.008
-0.517,-3.374,9.293
-0.479,-3.541,9.049
-0.201,-3.433,9.051
0.17,-3.419,9.195
-0.146,-3.366,9.58
-0.447,-3.737,9.41
-0.732,-3.909,9.161
-0.689,-3.646,9.281
-0.457,-3.63,9.372
-0.624,-3.838,9.197
-0.682,-3.89,9.231
-0.347,-3.555,9.345
-0.258,-3.395,9.393
-0.359,-3.577,9.221
-0.541,-3.73,9.147
-0.634,-3.864,9.276
-0.775,-4.113,9.164
-0.565,-3.912,9.365
-0.455,-3.704,9.52
-0.517,-3.785,9.281
-0.237,-3.634,9.223
-0.385,-3.632,9.233
-0.421,-3.548,9.36
-0.323,-3.72,9.185
-0.33,-3.838,9.321
-0.624,-3.883,9.326
-0.646,-3.823,9.221
-0.651,-3.62,9.243
-0.225,-2.943,9.305
-0.313,-3.704,9.307
-0.361,-3.711,9.465
-0.493,-3.615,9.434
-0.505,-3.85,9.132
-0.486,-3.642,9.367
-0.584,-3.787,9.24
-0.318,-4.34,9.058
-0.447,-3.957,9.087
-0.572,-3.718,9.563
-0.555,-3.615,9.482
-0.94,-4.448,9.116
-0.782,-3.874,9.185
-0.665,-3.706,9.4
-0.644,-3.725,9.348
-0.672,-3.637,9.329
-0.778,-3.943,9.176
-0.615,-3.969,9.338
-0.589,-3.943,9.116
-0.481,-3.565,9.719
-0.524,-3.304,9.451
-0.409,-3.577,9.02
-0.5,-3.589,8.97
-0.665,-4.13,8.776
-0.708,-4.288,9.197
-0.553,-4.209,9.271
-0.579,-3.993,9.199
-0.617,-3.799,9.101
-0.443,-3.945,9.398
-0.459,-3.84,9.403
-0.579,-4.029,9.183
-0.574,-3.704,9.441
-0.586,-3.665,9.046
-0.581,-4.065,9.049
-0.337,-3.945,9.221
-0.541,-4.077,9.121
-0.739,-3.874,9.214
-0.892,-3.926,9.281
-0.952,-4.139,9.101
-0.598,-4.089,9.259
-0.311,-4.039,9.305
-0.325,-3.802,9.341
-0.313,-3.828,9.123
-0.481,-3.905,9.144
-0.591,-3.996,9.271
-0.538,-4.209,9.013
-0.679,-4.146,9.109
-0.562,-3.991,9.054
-0.395,-3.816,9.506
-0.634,-4.01,9.099
-0.701,-4.031,9.168
-0.758,-4.051,9.171
-0.512,-3.998,9.178
-0.397,-3.819,9.135
-0.318,-4.0,9.247
-0.443,-3.874,9.164
-0.263,-3.845,9.228
-0.144,-3.826,9.321
-0.345,-3.862,9.211
-0.648,-3.931,9.01
-0.608,-3.936,9.245
-0.464,-3.957,9.317
-0.541,-4.003,9.211
-0.675,-3.914,9.185
-0.519,-3.926,9.235
-0.538,-3.921,9.195
-0.567,-3.988,9.13
-0.837,-4.043,9.321
-0.502,-3.979,9.374
-0.359,-4.175,9.247
-0.565,-4.264,8.946
-0.531,-4.524,8.807
-0.524,-4.445,8.831
-0.811,-4.297,8.896
-0.534,-4.35,8.869
-0.412,-4.256,9.097
-0.67,-4.29,8.929
-0.679,-4.247,9.01
-0.493,-4.228,9.228
-0.627,-4.089,9.467
-0.476,-4.309,9.121
-0.579,-4.393,8.836
-0.799,-4.213,9.032
-0.785,-4.204,8.955
-0.541,-4.24,8.991
-0.388,-4.039,9.262
-0.505,-4.115,9.202
-0.433,-4.249,9.065
-0.56,-4.125,8.994
-0.486,-4.046,9.128
-0.395,-4.043,9.238
-0.397,-4.268,8.975
-0.268,-4.249,8.967
-0.144,-4.055,9.276
-0.132,-4.036,9.298
-0.239,-4.206,9.03
-0.081,-4.201,9.099
-0.464,-4.0,9.238
-0.273,-4.029,9.185
-0.356,-3.9,9.231
-0.311,-4.089,9.118
-0.526,-4.06,9.08
-0.481,-4.07,9.154
-0.517,-4.199,9.147
-0.455,-4.036,9.164
-0.146,-3.962,9.199
-0.182,-4.098,9.063
-0.364,-4.185,9.056
-0.493,-4.139,9.276
-0.311,-4.194,9.085
-0.151,-4.115,9.097
-0.455,-3.996,9.207
-0.356,-4.154,8.967
-0.433,-4.232,9.015
-0.352,-4.13,9.271
-0.266,-4.197,9.223
-0.313,-4.098,9.13
-0.383,-3.924,9.197
-0.481,-3.941,9.161
-0.158,-4.005,9.281
-0.203,-3.993,9.324
-0.261,-3.943,9.262
-0.342,-3.976,9.042
-0.333,-3.799,9.219
-0.263,-3.998,9.207
-0.237,-4.106,9.094
-0.285,-3.979,9.082
-0.337,-4.015,9.211
-0.208,-3.993,9.231
-0.203,-4.053,9.123
-0.223,-4.051,9.008
-0.38,-3.95,9.13
-0.354,-4.11,9.231
-0.455,-4.075,9.202
-0.211,-4.103,9.262
-0.388,-4.089,9.142
-0.213,-4.041,9.104
-0.306,-3.938,9.207
-0.268,-3.967,9.199
-0.297,-3.898,9.168
-0.33,-3.924,9.178
-0.378,-3.945,9.183
-0.395,-4.024,9.137
-0.407,-4.165,9.027
-0.328,-4.137,9.08
-0.397,-4.075,9.329
-0.383,-4.163,9.144
-0.392,-4.096,9.07
-0.211,-4.13,9.042
-0.423,-3.996,9.118
-0.589,-4.055,9.223
-0.38,-4.165,9.195
-0.388,-4.165,9.123
-0.189,-4.151,9.07
-0.735,-3.886,9.321
-0.591,-3.828,9.3
-0.699,-3.862,9.183
-0.636,-3.967,9.099
-0.38,-4.11,9.29
-0.356,-4.094,9.085
-0.641,-3.996,9.152
-0.361,-3.931,9.185
-0.383,-3.986,9.197
-0.318,-4.175,8.998
-0.371,-4.268,8.977
-0.49,-4.378,9.099
-0.641,-4.142,9.233
-0.51,-4.201,9.113
-0.613,-4.232,9.18
-0.467,-4.211,9.116
-0.309,-4.118,9.018
-0.292,-3.976,9.097
-0.297,-3.984,9.152
-0.306,-4.182,9.154
-0.502,-4.302,9.015
-0.72,-4.244,9.118
-0.823,-3.993,9.243
-0.514,-4.024,9.07
-0.28,-4.242,8.951
-0.443,-4.087,9.168
-0.328,-4.055,9.223
-0.474,-4.118,9.128
-0.44,-4.142,9.056
-0.4,-4.146,9.164
-0.239,-4.142,9.063
-0.153,-4.218,9.046
-0.689,-4.103,9.161
-1.014,-3.811,9.475
-0.859,-4.029,9.152
0.05,-4.335,8.845
-0.285,-4.237,9.027
-0.584,-4.235,9.238
-0.5,-4.29,8.891
0.12,-4.285,8.908
-0.067,-3.716,9.137
-0.108,-4.24,9.216
-0.349,-4.594,9.312
-1.053,-4.589,9.219
-0.888,-4.376,9.058
-0.127,-4.278,8.841
-0.122,-3.744,9.056
-0.038,-3.852,9.156
-0.23,-4.57,8.821
-0.33,-5.843,9.613
1.689,0.103,11.76
1.914,5.441,11.037
-1.031,-6.802,4.046
-0.883,-3.51,8.498
-0.325,-4.486,8.891
-0.153,-4.18,8.862
0.053,-3.953,9.02
0.029,-3.876,9.231
0.086,-4.333,9.132
-0.488,-4.213,9.3
-0.407,-4.194,9.168
-0.213,-4.177,9.018
-0.256,-4.175,9.008
-0.419,-4.022,9.247
-0.074,-4.087,9.178
-0.062,-4.142,9.092
-0.215,-3.852,9.252
-0.335,-4.0,9.087
-0.11,-4.024,9.075
-0.089,-4.177,9.097
-0.103,-4.204,9.097
-0.34,-4.139,9.161
0.122,-4.079,9.111
0.026,-3.651,8.86
-0.596,-3.962,9.228
-0.507,-4.101,9.211
-0.474,-4.424,9.156
-0.421,-4.288,9.286
-0.318,-4.517,9.374
-0.278,-3.764,9.125
-0.421,-3.775,9.137
-0.586,-4.168,9.214
-0.38,-3.888,9.101
-0.412,-4.022,9.211
-0.44,-4.132,9.247
-0.598,-4.005,9.099
-0.471,-3.9,9.164
-0.517,-3.898,9.202
-0.636,-3.921,9.235
-0.782,-3.953,9.307
-0.852,-3.967,9.209
-0.574,-4.022,9.123
-0.479,-4.003,9.161
-0.665,-4.087,9.168
-0.708,-4.067,9.166
-0.701,-3.945,9.214
-0.723,-4.003,9.109
-0.708,-3.986,9.065
-0.557,-4.034,9.089
-0.457,-4.17,9.185
-0.804,-4.273,9.247
-0.727,-4.254,9.097
-0.648,-4.029,9.14
-0.517,-3.936,9.125
-0.639,-3.96,9.231
-0.476,-4.077,9.13
-0.991,-3.828,9.13
-0.462,-4.07,9.092
-0.17,-3.957,9.113
-0.725,-4.309,9.199
-0.94,-3.988,9.221
-0.684,-4.161,9.087
-0.615,-4.046,9.176
-0.591,-3.938,9.106
-0.679,-3.936,9.135
-0.711,-4.022,9.197
-0.766,-4.137,9.128
-0.73,-4.161,9.063
-0.601,-4.113,9.101
-0.608,-4.022,9.192
-0.658,-4.031,9.166
-0.711,-4.094,9.101
-0.703,-4.106,9.147
-0.636,-4.108,9.161
-0.656,-4.115,9.192
-0.679,-4.132,9.144
-0.778,-4.149,9.104
0.129,-4.816,8.702
-0.557,-4.18,8.853
-0.629,-4.307,9.465
-0.706,-4.299,9.152
-0.617,-3.158,9.384
-1.493,-4.618,9.161
0.055,-4.221,8.58
-1.055,-4.103,9.123
-1.187,-4.441,9.458
-1.16,-4.18,9.281
-0.739,-4.12,9.118
-0.438,-4.118,8.931
-0.797,-3.816,9.209
-0.746,-3.902,9.231
-0.691,-4.043,9.116
-0.804,-4.027,9.18
-0.778,-4.058,9.125
-0.708,-3.957,9.123
-0.77,-3.943,9.092
-0.792,-3.948,9.171
-0.816,-4.051,9.113
-0.847,-4.158,9.13
-0.859,-4.189,9.111
-0.756,-4.082,9.142
-0.78,-4.02,9.161
-0.787,-4.02,9.202
-0.766,-4.118,9.128
-0.77,-4.103,9.14
-0.689,-4.11,9.106
-0.699,-4.0,9.111
-0.766,-4.02,9.152
-0.746,-4.0,9.113
-0.77,-4.063,9.132
-0.775,-4.072,9.087
-0.785,-3.938,9.207
-0.766,-3.883,9.18
-0.684,-3.965,9.087
-0.758,-4.022,9.118
-0.794,-4.015,9.183
1.852,-4.381,5.101
-0.919,-3.261,8.924
-0.804,-3.639,9.379
-0.569,-4.285,8.766
-0.947,-3.976,9.233
-0.833,-3.988,9.144
-0.742,-4.053,9.111
-0.598,-4.18,9.116
-0.797,-4.101,9.149
-0.804,-4.031,9.207
-0.708,-4.003,9.286
-0.797,-4.06,9.111
-0.775,-4.034,9.149
-0.816,-3.95,9.135
-1.371,-3.847,9.542
-0.66,-4.07,9.025
-1.043,-4.28,9.018
-1.029,-3.948,9.281
-0.928,-3.948,9.039
-0.809,-4.206,9.058
-0.9,-3.79,9.19
-0.873,-5.355,8.745
-0.885,-4.02,9.14
-0.818,-4.027,9.171
-0.742,-3.976,9.101
-0.885,-4.065,9.077
-0.849,-4.094,9.118
-0.897,-4.142,9.044
-0.84,-4.082,9.118
-0.904,-4.003,9.152
-0.998,-4.067,9.018
-0.88,-4.091,9.094
-0.833,-4.036,9.173
-0.869,-4.046,9.128
-0.9,-4.082,9.128
-0.897,-4.027,9.073
-0.852,-4.084,9.173
-0.821,-4.039,9.097
-0.864,-4.087,9.061
-0.818,-4.017,9.123
-0.72,-4.311,9.061
-0.983,-3.996,9.183
-0.706,-4.137,8.972
-0.967,-4.273,9.032
-0.821,-4.13,9.132
-0.79,-3.981,9.087
-0.672,-3.754,8.843
-0.557,-3.862,9.482
-1.089,-4.232,9.199
-0.378,-4.747,8.91
-0.957,-3.177,9.266
-0.895,-3.649,9.051
-0.668,-3.864,9.132
-0.959,-4.094,8.989
-0.943,-3.972,9.025
-0.95,-4.063,9.132
-0.811,-3.878,9.159
-0.926,-3.936,9.097
-0.797,-4.091,9.116
-0.962,-4.206,9.144
-1.022,-4.118,9.101
-0.799,-3.953,9.183
-0.869,-3.976,9.199
-0.9,-4.058,9.106
-0.969,-4.146,9.161
-0.969,-4.232,9.077
-1.275,-4.366,9.302
-1.235,-3.924,9.403
-0.402,-4.347,9.07
-0.742,-4.07,9.106
-0.825,-3.826,9.092
-0.735,-3.783,9.085
-0.957,-3.866,9.161
-0.888,-4.175,9.087
-0.947,-4.292,9.046
-0.9,-4.235,9.164
-0.895,-4.113,9.121
-0.878,-4.108,9.113
-0.873,-4.175,9.061
-0.845,-4.228,9.063
-0.885,-4.156,9.121
-0.909,-4.125,9.073
-0.847,-4.103,9.02
-0.95,-4.165,9.061
-0.916,-4.084,9.125
-0.928,-4.043,9.195
-0.895,-4.139,9.111
-0.892,-4.087,9.121
-0.892,-3.981,9.113
-0.885,-4.0,9.089
-0.921,-4.053,9.144
-0.849,-4.106,9.104
-0.976,-4.087,9.111
-0.854,-4.137,9.154
-0.964,-4.036,9.14
-0.919,-4.012,9.087
-0.818,-4.003,9.099
-0.878,-4.027,9.087
-0.935,-3.996,9.185
-0.945,-4.077,9.116
-0.514,-4.61,8.204
-1.194,-4.247,9.326
-1.117,-4.189,9.417
-0.983,-4.192,8.931
-0.522,-4.031,8.848
-0.766,-3.821,9.168
-0.892,-3.898,9.199
-0.983,-4.139,9.104
-0.926,-4.048,9.097
-0.845,-3.969,9.123
-0.852,-3.948,9.147
-0.943,-3.948,9.24
-0.986,-4.142,9.137
-0.825,-4.103,9.154
-0.878,-3.902,9.113
-0.95,-3.905,9.209
-0.979,-3.919,9.128
-0.933,-4.096,9.094
-0.967,-4.314,9.166
-0.866,-4.075,9.097
-0.873,-3.967,9.104
-0.921,-3.967,9.13
-0.919,-4.053,9.18
-1.002,-4.101,9.106
-0.816,-4.139,9.056
-0.873,-4.07,9.085
-0.897,-4.043,9.111
-0.945,-4.046,9.111
-0.892,-4.022,9.082
-0.902,-4.055,9.109
-0.945,-4.113,9.192
-0.897,-4.13,9.104
-0.991,-4.096,9.075
-0.976,-4.031,9.121
-0.871,-4.003,9.144
-1.347,-4.261,9.862
-1.321,-3.898,9.408
-1.187,-4.484,8.908
-0.754,-4.015,9.077
-0.857,-3.979,9.173
-0.861,-3.898,9.039
-0.926,-4.024,9.065
-1.055,-4.137,9.231
-0.84,-4.154,9.166
-1.022,-4.022,9.142
-0.998,-3.962,9.109
-0.907,-3.998,9.13
-0.967,-4.02,9.149
-0.928,-4.087,9.104
-0.895,-4.041,9.092
-0.928,-3.984,9.075
-0.935,-3.96,9.156
-0.825,-3.962,9.106
-0.912,-3.993,9.144
-0.952,-4.108,9.075
-0.974,-4.036,9.137
-0.957,-4.029,9.144
-0.938,-4.096,9.094
-1.005,-4.142,9.061
-0.888,-4.017,9.132
-0.924,-3.957,9.211
-0.869,-4.089,9.101
-0.955,-4.096,8.972
-0.835,-4.063,9.075
-0.914,-3.967,9.085
-0.804,-3.622,9.118
-0.907,-4.091,9.539
-1.026,-4.173,9.274
-0.84,-4.288,8.876
-0.534,-3.888,9.042
-0.988,-3.869,9.264
-1.072,-4.07,9.082
-0.919,-4.232,9.039
-1.029,-4.223,9.051
0.945,-2.95,6.383
-0.935,-4.34,9.386
-1.194,-4.225,9.077
-1.022,-4.271,8.869
-0.964,-4.022,9.137
-0.952,-4.075,9.092
-0.857,-4.072,9.01
-0.921,-4.106,9.087
-0.952,-4.118,9.063
-0.943,-3.96,9.685
-1.242,-4.223,9.35
-1.038,-4.539,8.869
-0.88,-4.213,8.955
-1.046,-3.998,9.14
-0.866,-4.161,8.958
-0.991,-4.185,8.963
-0.88,-4.278,8.982
-0.706,-4.103,9.087
-1.596,-4.431,9.144
-0.567,-4.35,8.783
-1.007,-3.974,9.097
-0.967,-3.967,9.101
-0.897,-4.036,8.996
-0.971,-4.165,9.046
-0.979,-4.154,9.085
-0.861,-4.041,9.039
-1.359,-4.244,8.879
-0.656,-4.295,8.79
-1.01,-3.988,9.195
-0.928,-4.075,9.027
-0.859,-4.154,9.07
-0.919,-4.154,9.063
-1.077,-4.304,9.109
-1.184,-4.369,9.065
-0.983,-4.182,9.116
-0.737,-4.115,9.042
-0.88,-4.046,9.054
-0.983,-4.098,9.054
-0.938,-4.132,9.061
-0.883,-4.0,9.111
-0.971,-4.046,9.101
-0.938,-4.089,9.044
-0.938,-4.149,9.118
-0.947,-4.017,9.13
-0.955,-4.039,9.109
-1.038,-3.986,9.111
-0.986,-4.077,9.054
-0.938,-4.17,9.063
-0.914,-4.077,9.142
-0.947,-4.07,9.077
-0.916,-3.998,9.049
-0.928,-3.814,8.979
-1.136,-4.338,9.355
-1.012,-4.548,8.869
-0.624,-4.173,8.922
-0.933,-3.833,9.262
-0.756,-3.95,9.085
-0.768,-4.149,9.061
-0.976,-4.278,9.082
1.215,-2.67,6.245
-1.081,-4.228,9.424
-0.706,-4.419,8.632
-0.687,-4.232,8.819
-0.928,-4.01,9.144
-0.835,-4.232,8.965
-0.921,-4.158,9.054
-0.909,-4.156,9.085
-3.189,-5.917,7.907
-1.361,-4.29,9.788
-1.325,-4.374,8.967
-0.72,-4.412,8.675
-1.043,-4.235,9.089
-0.959,-4.354,8.92
-1.002,-4.45,8.855
-1.058,-4.541,8.826
-1.043,-4.867,9.845
-1.392,-4.752,9.317
-0.857,-4.819,8.659
-0.727,-4.572,8.805
-1.017,-4.4,8.915
-0.912,-4.338,9.061
-0.818,-4.292,8.97
-0.921,-4.18,9.073
-3.637,-6.041,8.766
-1.416,-4.457,9.551
-0.988,-4.359,9.214
-0.421,-4.254,8.912
-0.732,-3.895,9.116
-0.797,-3.68,9.231
-0.701,-3.625,9.202
-0.869,-3.754,9.037
-3.342,-5.986,8.242
-1.258,-4.192,9.826
-1.534,-4.17,8.958
-0.624,-4.134,8.8
-0.924,-3.785,9.154
-0.883,-3.795,9.188
-0.957,-3.883,9.259
-0.892,-3.854,9.168
1.352,-2.606,6.714
-1.184,-4.029,9.546
-0.914,-3.661,8.819
-0.534,-4.024,9.109
-1.002,-3.704,9.302
-0.84,-3.692,9.202
-0.758,-3.749,9.207
-0.782,-3.802,9.226
-1.065,-3.933,10.7
-1.333,-3.838,9.554
-0.892,-3.974,9.123
-0.598,-3.551,9.223
-1.065,-3.474,9.396
-0.792,-3.426,9.295
-0.73,-3.369,9.298
-0.857,-3.455,9.188
-1.012,-3.5,9.3
-1.105,-3.653,9.259
-1.017,-3.811,9.326
-0.687,-3.752,9.121
-0.926,-3.472,9.343
-0.758,-3.536,9.221
-0.823,-3.613,9.259
-0.861,-3.73,9.209
-1.129,-3.953,6.915
-1.136,-4.043,9.644
-1.634,-4.091,9.14
-0.636,-4.015,8.989
-0.888,-3.56,9.35
-0.749,-3.68,9.25
-0.95,-3.778,9.195
-1.067,-3.878,9.25
-1.072,-3.921,9.231
-0.933,-3.807,9.269
-0.797,-3.728,9.207
-0.933,-3.689,9.214
-0.971,-3.601,9.18
-0.933,-3.685,9.24
-1.005,-3.835,9.211
-0.95,-3.756,9.226
-1.074,-3.802,9.216
-1.05,-3.797,9.252
-1.074,-3.938,9.257
-1.022,-4.043,9.211
-0.921,-3.917,9.192
-0.842,-3.708,9.219
-0.933,-3.72,9.199
-0.919,-3.764,9.247
-0.751,-3.72,9.276
-0.802,-3.706,9.19
-0.955,-3.708,9.159
-1.091,-3.807,9.221
-1.048,-4.0,9.149
-0.914,-3.991,9.142
-0.902,-3.898,9.278
-0.974,-3.924,9.25
-0.998,-3.941,9.104
-0.78,-3.866,9.152
-0.888,-3.881,9.207
-0.825,-3.9,9.24
-0.821,-3.924,9.125
-0.445,-3.271,8.776
-0.864,-3.744,9.042
-1.136,-4.137,9.094
-0.847,-3.981,8.941
