5.467,1.558,8.556
5.563,1.022,8.223
5.015,1.184,8.166
5.501,0.825,8.001
5.182,1.043,8.247
5.568,0.799,8.333
4.699,0.663,8.242
5.812,1.694,8.549
4.843,1.694,8.463
4.852,1.053,8.403
5.4,1.105,8.374
5.618,0.502,8.094
5.087,0.579,8.283
4.984,0.739,8.156
4.78,0.782,8.53
5.261,1.256,8.364
5.187,0.218,8.508
4.883,1.237,8.75
4.965,1.23,8.4
5.242,1.302,8.412
5.809,0.857,8.587
3.871,2.05,8.733
4.728,1.086,8.312
5.108,0.428,8.223
5.536,0.017,8.037
5.276,0.165,7.819
4.615,1.366,8.604
4.723,0.866,8.683
5.029,0.28,8.508
5.082,0.672,8.647
5.419,0.696,8.721
5.266,0.591,8.274
5.977,1.144,8.623
5.065,0.397,8.254
5.173,0.794,8.635
4.867,0.797,8.458
5.072,1.156,8.422
5.252,1.134,7.601
5.288,-0.091,8.087
5.448,-0.012,8.259
5.352,0.342,8.386
6.044,1.213,8.448
5.867,0.785,7.685
5.95,0.378,8.046
4.687,0.105,8.463
4.247,0.419,8.702
5.938,2.342,8.96
5.682,1.213,8.343
5.979,0.842,8.202
5.855,-0.079,8.305
4.984,0.866,8.654
4.943,1.0,8.221
6.053,0.919,8.367
6.008,0.39,8.333
5.379,-0.074,8.233
5.163,-0.086,8.183
5.371,0.002,8.216
5.725,0.665,8.295
4.771,1.101,8.288
4.484,1.072,8.477
4.957,0.359,8.647
4.589,0.459,8.503
4.919,0.845,8.132
7.467,1.4,9.711
5.584,1.225,8.484
5.503,0.077,8.278
5.417,-0.144,8.419
5.666,-0.1,8.008
5.577,0.268,7.747
5.673,0.462,7.75
5.692,0.426,7.848
5.247,0.699,8.254
5.41,0.318,7.97
5.417,0.256,7.991
5.747,0.38,7.891
5.948,0.605,7.752
5.52,0.512,7.802
5.737,0.132,7.951
6.084,-0.002,7.716
6.496,-0.057,7.951
5.18,-0.397,7.924
4.694,0.282,8.29
5.242,0.959,8.616
5.843,0.433,8.455
5.67,0.175,8.369
4.725,0.404,8.446
5.338,0.237,8.64
5.673,0.153,8.623
5.309,0.263,8.309
5.027,-0.299,8.051
5.706,1.864,8.3
4.544,2.378,8.922
4.874,1.574,8.41
5.505,1.036,8.199
5.596,0.227,7.745
5.359,0.364,7.726
5.326,0.773,8.484
5.666,1.44,8.774
5.326,0.383,8.259
5.017,0.354,8.415
5.221,0.38,8.403
5.553,0.995,8.283
6.194,1.55,8.604
5.173,0.639,8.226
5.319,0.11,8.001
4.807,0.203,7.891
6.206,0.715,7.668
5.879,1.488,7.951
5.515,0.821,8.163
6.168,-0.292,7.843
5.242,0.206,8.192
5.075,1.66,8.486
5.225,1.883,8.455
6.025,0.56,8.235
5.795,-0.49,7.9
6.41,0.041,7.781
5.051,-0.172,8.245
4.888,-0.084,8.345
5.357,0.481,8.094
5.156,0.364,8.144
5.888,-0.177,7.864
5.845,-0.804,7.604
5.864,-0.325,7.836
5.618,-0.057,7.979
5.209,0.371,8.049
5.642,0.05,8.07
5.819,-0.184,8.278
5.716,-0.062,8.391
5.759,0.098,8.149
5.252,0.794,8.266
4.929,1.254,8.525
4.979,0.835,8.412
6.357,0.371,6.915
7.159,0.287,7.446
5.374,0.311,8.152
4.929,0.211,8.553
4.926,-0.108,8.374
5.778,1.55,8.13
6.216,0.199,7.685
6.252,0.218,7.785
5.469,0.416,8.087
5.424,0.203,8.032
5.584,0.22,8.044
5.675,-0.172,7.948
5.835,-0.043,7.757
5.173,-0.06,8.089
5.536,0.407,8.324
5.343,0.28,8.539
5.623,0.548,8.051
5.235,0.644,8.355
5.465,0.572,8.312
5.694,0.679,8.424
5.84,0.105,8.233
5.484,0.129,8.209
5.67,0.249,8.015
5.618,0.349,7.907
5.362,0.636,8.209
5.156,0.383,8.326
5.426,0.27,8.338
5.958,0.038,8.156
6.312,0.179,7.723
5.62,0.325,8.025
5.058,0.184,8.274
5.032,-0.019,8.4
5.436,0.342,8.293
5.912,0.313,7.848
5.725,0.459,7.718
5.393,0.287,8.044
5.142,0.043,8.4
5.175,0.321,8.448
5.546,0.469,8.006
5.678,0.5,7.845
5.517,0.467,8.3
5.563,0.091,8.262
5.646,0.311,8.565
5.539,0.301,8.297
5.39,0.347,8.187
5.489,0.646,8.228
6.209,0.213,8.348
5.505,0.215,8.331
5.606,-0.421,7.817
4.953,-0.074,8.061
6.06,-0.117,8.195
5.309,0.376,8.101
5.438,0.754,8.197
5.331,0.677,8.178
5.264,0.543,8.24
5.438,0.146,8.192
5.601,0.069,8.183
5.548,0.242,8.226
5.414,0.581,8.214
5.797,0.065,7.855
5.41,0.127,8.293
5.288,-0.017,8.506
5.627,0.074,8.281
5.517,0.306,7.917
5.359,0.306,8.128
5.151,0.249,8.434
5.635,-0.39,8.166
5.917,-0.038,8.075
5.893,-0.313,7.764
5.489,-0.191,8.027
5.24,-0.371,8.161
5.084,0.05,8.341
5.584,0.11,8.147
5.998,0.467,8.24
5.039,0.177,7.436
6.465,2.237,7.166
5.113,0.062,8.941
4.493,0.002,8.589
5.017,-0.251,7.785
5.288,1.0,8.068
5.496,0.802,8.12
5.831,0.179,8.163
5.52,0.22,8.302
5.407,0.51,8.271
5.268,0.828,8.283
5.398,0.548,8.348
5.431,0.206,8.503
5.285,0.089,8.606
5.015,0.323,8.436
5.044,0.706,8.369
5.276,0.598,8.149
5.534,0.383,7.967
5.496,0.096,8.089
5.532,0.356,8.422
5.096,0.366,8.355
5.252,0.67,8.305
5.34,0.555,8.214
5.168,0.608,8.446
5.139,0.239,8.491
5.053,0.445,8.601
5.146,0.356,8.324
5.134,0.869,8.319
5.28,0.684,8.185
5.34,0.598,8.312
5.089,0.371,8.455
4.984,0.218,8.561
4.96,0.345,8.64
5.185,0.663,8.546
5.19,0.483,8.434
4.63,0.297,8.855
4.893,0.254,8.908
4.919,0.529,8.577
5.036,0.804,8.467
4.859,0.699,8.589
4.718,0.646,8.955
4.352,0.935,9.006
4.795,0.481,8.692
5.012,-2.684,12.429
6.092,-0.045,9.106
4.618,1.404,8.8
4.01,1.218,8.853
6.659,1.548,8.271
3.814,0.318,8.594
6.714,1.141,8.774
4.826,1.72,8.91
3.555,0.364,8.3
5.587,0.34,8.793
4.658,-0.065,8.747
4.625,0.017,8.24
4.505,1.373,8.649
4.895,0.62,8.381
4.862,0.806,8.412
4.907,0.735,8.41
5.178,0.658,8.673
5.029,0.337,8.683
4.484,1.036,9.092
5.395,0.5,8.585
5.527,0.287,8.3
3.79,1.392,8.946
4.654,1.34,8.941
4.898,0.309,8.539
4.888,1.062,8.439
5.343,0.45,7.958
4.23,0.364,7.754
4.989,0.995,8.446
5.424,0.708,8.405
5.335,0.488,8.274
4.869,0.435,8.376
6.359,0.44,8.4
5.12,0.321,8.266
5.233,1.201,8.522
4.61,1.239,8.408
4.599,1.055,8.558
5.149,0.883,8.802
4.924,0.617,8.47
4.424,0.735,8.893
4.778,1.558,8.515
4.728,1.56,8.829
4.725,1.39,8.675
4.747,1.488,8.707
4.917,1.56,8.764
4.529,1.637,8.687
4.606,1.694,8.731
4.512,1.715,8.699
4.589,1.648,8.798
4.378,1.5,8.936
4.364,1.519,8.606
4.527,1.933,8.513
4.515,1.507,8.604
4.283,1.838,8.821
4.161,1.455,8.649
4.17,1.696,8.587
4.51,1.854,8.577
4.249,2.06,8.876
3.986,1.821,8.599
4.661,1.263,8.838
4.658,1.665,8.719
4.919,2.048,8.508
4.802,1.711,8.62
4.386,1.62,8.92
4.498,1.526,8.855
4.831,1.225,8.62
5.17,0.438,8.144
4.821,1.254,8.518
4.79,2.225,8.714
4.74,2.316,8.75
5.259,1.742,8.58
5.146,0.957,8.348
4.462,1.378,8.302
4.78,1.187,8.266
4.072,0.967,8.647
4.914,0.864,8.719
5.209,1.079,8.577
4.857,1.244,8.465
5.032,1.888,8.63
5.144,1.058,8.329
4.874,1.089,8.374
5.379,0.751,8.259
5.132,0.926,8.486
4.828,1.373,8.357
4.919,1.323,8.467
4.876,1.488,8.324
5.252,1.136,8.403
5.113,0.998,8.415
4.421,1.718,8.338
4.969,1.182,8.326
5.237,1.802,8.575
5.034,1.436,8.498
4.943,1.428,8.489
4.742,1.108,8.417
4.515,1.605,8.508
4.704,1.742,8.661
4.644,1.797,8.802
4.424,1.782,8.876
4.41,1.309,8.776
4.677,1.402,8.757
4.673,1.543,8.707
4.625,1.218,8.429
4.453,1.558,8.673
4.687,1.273,8.738
4.563,1.515,8.836
4.395,1.572,8.704
4.457,1.555,8.656
4.622,1.206,8.537
4.797,0.945,8.637
4.567,1.192,8.673
4.541,1.474,8.589
4.488,1.531,8.697
4.503,1.44,8.778
4.721,0.9,8.788
4.441,0.924,8.661
4.331,1.273,8.74
4.522,1.314,8.721
4.553,1.385,8.754
4.498,1.249,8.831
4.5,1.019,8.812
4.512,0.813,8.69
4.551,0.993,8.678
4.433,1.323,8.644
4.481,1.323,8.848
4.589,1.115,8.838
4.615,0.892,8.702
4.433,1.067,8.805
4.407,1.218,8.826
4.354,1.613,8.798
4.663,1.158,8.673
4.895,0.993,8.585
4.773,0.957,8.75
4.457,1.151,8.769
4.302,1.328,8.675
4.479,1.428,8.451
4.594,1.4,8.496
4.864,1.455,8.692
4.756,1.072,8.652
4.544,1.28,8.807
4.426,1.409,8.673
4.388,1.486,8.685
4.493,1.486,8.857
4.845,1.189,8.905
4.704,1.136,8.668
4.639,1.263,8.661
4.515,1.438,8.68
4.57,1.584,8.702
4.766,0.974,8.465
4.661,0.825,8.35
4.618,0.943,8.372
4.646,1.261,8.46
4.876,1.357,8.553
4.632,1.304,8.556
4.654,1.156,8.659
4.728,1.349,8.726
4.62,1.505,8.793
4.656,1.526,8.833
4.721,1.325,8.592
4.938,1.467,8.482
4.878,1.4,8.537
4.398,0.813,8.568
5.335,5.036,3.787
6.752,9.767,4.785
4.579,-3.149,0.835
5.328,4.807,7.127
4.754,1.299,8.501
4.644,0.976,8.905
4.465,0.938,8.8
4.481,1.474,8.807
4.316,1.507,8.707
4.541,0.962,8.843
4.766,0.782,8.68
4.843,0.603,8.431
6.51,3.086,10.441
2.881,0.098,7.75
4.661,1.79,8.876
3.835,2.201,9.14
5.429,0.4,8.262
6.333,-0.359,6.735
5.077,1.079,8.652
4.888,1.239,8.503
4.398,1.414,8.728
4.876,1.268,8.491
5.084,1.436,8.518
4.776,1.333,8.542
4.661,0.895,8.592
4.991,0.988,8.565
5.386,0.885,8.352
5.347,0.802,8.376
5.256,0.629,8.498
12.353,0.39,7.204
4.486,0.928,9.432
5.087,1.412,8.472
6.158,1.531,7.675
5.185,1.067,8.223
6.072,0.624,8.01
7.013,0.053,7.69
3.661,-0.167,8.309
5.678,0.596,8.032
6.005,1.273,8.647
5.388,0.823,8.073
5.52,0.359,8.408
4.881,-0.246,8.089
6.745,-0.699,7.848
4.223,-0.007,8.79
5.113,1.201,8.427
5.685,0.775,8.441
5.041,-0.139,7.974
6.182,1.445,7.872
6.692,-1.79,12.013
4.161,-8.742,9.688
4.912,2.376,14.128
5.443,-0.287,6.077
5.84,0.574,7.412
5.599,-0.349,7.843
6.106,1.357,8.065
6.383,2.079,8.472
5.173,2.046,8.508
5.374,1.986,8.8
5.292,0.378,7.965
5.252,0.074,7.951
5.221,-0.072,9.001
4.919,-0.11,7.465
6.292,1.177,8.061
4.366,0.885,7.927
5.501,0.912,6.039
5.737,0.433,8.12
5.386,0.033,8.149
5.979,0.256,8.12
5.778,0.407,8.111
5.778,0.337,7.96
5.539,-0.311,7.963
5.687,-0.306,7.977
5.764,0.29,8.032
5.539,0.586,8.101
5.675,0.679,8.128
5.661,0.455,8.125
5.501,0.077,7.984
5.539,0.232,7.912
5.733,0.548,7.929
5.69,0.883,7.946
5.747,0.818,8.082
5.52,0.304,7.982
6.137,0.055,7.951
5.539,0.084,8.073
5.261,0.464,8.391
5.254,1.007,8.24
5.67,1.223,8.142
5.46,0.622,8.039
5.247,0.258,7.996
5.393,0.44,8.269
6.211,0.78,7.982
6.111,1.172,8.163
5.35,1.01,8.317
4.733,0.287,8.424
5.642,0.656,8.283
6.156,0.766,7.989
5.108,0.591,8.099
4.974,0.78,8.381
4.984,0.335,8.408
4.594,0.263,8.582
5.412,1.242,8.678
6.103,0.584,7.623
6.048,-0.019,7.049
5.314,0.412,7.702
6.029,4.582,10.501
4.297,-9.223,8.628
4.481,-3.646,13.688
6.297,8.709,15.145
6.962,10.444,7.19
5.194,-1.541,0.919
3.89,-11.015,3.749
5.596,-0.766,4.855
5.106,0.541,8.352
5.369,0.34,8.089
5.247,0.376,8.393
5.314,0.754,8.274
5.405,0.849,8.087
5.297,0.943,8.187
5.582,0.577,7.977
5.486,0.218,7.963
5.414,0.486,8.228
5.386,0.732,8.082
5.553,0.955,8.175
5.493,0.84,8.147
5.46,0.419,8.226
5.211,0.158,8.51
5.639,0.529,8.305
5.63,0.866,8.106
5.718,0.476,8.156
6.053,0.22,7.802
5.493,0.967,8.075
4.967,1.476,8.415
5.386,1.402,8.439
5.108,1.18,8.721
4.828,0.689,8.032
4.584,-0.112,8.104
6.044,1.397,8.192
5.694,0.861,8.508
5.252,0.651,7.986
5.237,0.51,8.221
5.307,0.189,8.104
6.02,0.555,8.204
5.826,0.749,8.556
5.809,0.586,8.515
5.556,0.596,8.522
5.197,0.804,8.35
5.065,0.816,8.235
5.328,0.754,8.108
5.422,0.921,7.896
5.266,0.871,7.941
5.513,0.66,8.022
5.601,0.481,7.903
5.412,0.488,7.738
5.596,0.412,7.795
5.749,0.278,8.113
5.8,0.28,8.367
6.529,0.962,8.254
5.568,0.749,8.501
5.716,0.792,8.453
5.28,0.751,8.549
5.62,0.818,8.616
4.728,0.091,8.173
5.855,-0.089,7.604
5.78,-0.194,7.565
5.591,-0.519,7.654
5.766,-0.457,7.692
5.74,-0.086,7.852
5.57,0.223,8.037
5.603,0.144,8.163
5.582,-0.1,8.152
5.752,-0.251,8.202
5.797,0.012,8.161
5.613,0.11,8.152
5.539,-0.017,8.132
5.572,-0.124,7.994
5.587,-0.163,7.939
5.635,0.01,7.922
5.678,0.211,8.087
5.759,0.244,8.077
5.675,0.057,8.082
5.649,-0.187,8.003
5.556,-0.227,8.039
5.651,-0.012,8.214
5.637,0.151,8.288
5.737,0.165,8.23
5.656,-0.191,8.125
5.517,-0.505,8.216
5.508,-0.524,8.204
5.611,-0.041,8.018
5.797,0.373,7.996
5.79,0.002,7.884
5.697,-0.531,7.812
5.69,-0.837,7.778
5.536,-0.586,8.041
5.661,0.019,8.096
5.625,0.562,8.08
5.635,0.352,8.195
5.623,-0.203,8.214
5.544,-0.603,8.037
5.745,-0.364,8.027
5.785,-0.201,7.989
5.163,-0.352,8.204
4.998,-0.892,8.419
5.453,-1.125,8.565
5.312,-1.093,8.018
5.123,-0.589,7.903
5.417,-0.184,7.742
5.924,-0.251,7.64
6.192,-0.242,7.319
5.455,-0.352,7.391
5.656,0.455,6.819
5.891,0.83,7.501
5.455,0.811,8.673
3.881,0.428,9.767
5.0,0.208,9.168
4.299,0.144,8.994
5.178,0.199,8.664
5.544,0.579,8.364
4.589,1.002,9.135
3.723,0.806,10.145
2.704,0.352,10.417
1.519,1.438,9.652
1.893,3.4,8.8
5.536,5.182,9.149
15.509,2.007,6.228
3.065,3.45,9.594
4.094,4.823,8.628
4.034,3.027,7.125
4.204,2.56,6.288
4.584,2.914,6.156
4.79,3.201,5.905
4.113,4.429,5.785
3.34,4.721,5.328
3.424,4.536,4.871
3.527,5.213,4.56
3.287,6.094,4.811
3.338,6.175,4.608
3.5,5.996,4.5
2.656,5.883,4.374
2.483,6.862,5.015
2.85,7.204,4.867
2.821,7.324,5.015
2.708,7.52,5.307
2.271,8.24,5.862
2.271,8.943,5.955
2.019,8.984,5.869
2.129,8.594,6.051
1.928,8.046,6.716
1.586,8.336,6.962
1.084,8.542,6.69
0.699,8.865,6.972
1.055,8.757,7.068
1.22,8.46,6.726
1.038,7.788,6.199
0.785,7.453,6.41
1.366,7.218,6.735
1.761,7.204,6.883
1.826,6.816,7.082
1.67,6.343,7.441
1.979,5.713,8.006
2.948,5.993,7.915
2.931,5.974,9.109
1.835,5.508,8.599
1.007,5.149,9.02
0.713,5.091,9.728
1.017,4.713,10.078
1.424,4.357,11.027
1.546,4.115,10.834
1.17,3.115,10.149
1.335,1.814,10.056
1.369,1.598,9.879
1.086,1.438,10.032
1.385,1.761,10.314
1.433,2.428,9.905
1.263,2.577,10.106
1.337,2.491,10.066
1.725,2.426,9.623
1.909,2.292,9.745
2.084,2.314,9.656
2.287,2.885,9.92
1.986,2.694,10.046
2.259,2.816,9.929
2.019,2.598,9.958
1.861,2.115,9.915
1.991,1.694,10.214
2.342,1.144,9.979
2.653,0.957,10.044
2.558,0.737,9.74
2.682,0.268,10.295
2.268,-0.132,10.41
2.208,-0.007,10.802
2.455,0.536,10.865
2.354,1.235,10.724
2.342,1.904,10.659
2.05,2.115,10.676
2.172,2.452,10.659
2.062,2.424,10.491
2.517,2.381,10.652
2.9,2.055,9.776
2.976,1.893,9.865
3.196,2.079,9.647
3.216,1.969,9.24
3.625,2.038,9.281
4.06,2.007,9.266
3.993,1.182,8.876
4.613,1.321,8.709
4.792,0.505,7.948
5.194,0.55,6.989
4.508,0.364,7.785
4.733,-0.383,8.721
4.984,-0.012,8.099
5.082,0.916,5.821
5.338,1.17,5.364
5.613,1.373,6.261
5.422,1.055,7.233
4.651,0.316,8.02
5.06,0.993,8.331
5.522,2.012,7.872
5.764,2.45,7.056
6.036,2.065,6.635
5.864,1.921,8.317
5.764,2.256,9.068
6.247,2.266,9.283
6.314,1.091,8.166
6.958,0.711,7.297
7.278,1.122,7.228
6.934,0.584,6.871
6.97,-0.73,6.998
6.623,-1.572,7.754
6.376,-1.036,8.489
5.582,-0.792,7.678
6.45,-1.122,7.498
6.539,-0.56,6.998
6.678,-0.404,6.766
5.991,-1.878,7.156
6.467,-2.972,5.902
6.441,-1.194,7.247
5.824,0.261,7.628
5.962,-0.031,7.522
5.977,-1.878,7.187
6.276,-2.862,7.192
6.041,-2.687,7.474
5.902,-3.084,7.57
6.048,-2.048,7.651
5.123,-2.089,8.245
5.012,-2.359,8.707
5.206,-1.684,9.063
5.266,-0.639,9.109
5.414,-0.593,7.96
5.419,-2.189,7.752
6.039,-2.859,6.484
6.34,-3.472,6.326
5.876,-3.414,6.9
5.879,-2.826,7.549
5.788,-2.895,7.285
5.35,-2.931,6.915
5.381,-3.582,6.991
6.307,-3.996,5.771
6.625,-3.72,5.666
5.912,-3.807,6.235
5.766,-3.924,6.831
5.895,-3.299,7.166
6.072,-2.579,7.561
5.766,-1.337,8.687
5.328,-1.182,9.228
5.111,-1.105,9.508
4.699,-1.227,8.905
4.718,-1.995,8.288
5.175,-3.125,7.613
5.895,-2.945,8.262
6.371,-2.706,8.577
5.082,-2.61,6.604
6.135,-2.909,6.931
5.417,-1.11,8.013
4.711,-2.187,8.419
5.067,-5.522,7.171
6.118,-3.862,6.333
5.618,0.153,9.221
4.144,-1.904,9.044
5.575,-5.422,7.805
5.881,-1.361,7.19
5.534,0.261,8.958
4.603,0.115,10.259
5.012,-0.813,9.857
6.058,-1.053,10.374
6.065,0.086,10.85
5.857,0.732,11.338
5.091,-0.608,11.448
5.422,-2.01,11.69
5.902,-0.677,11.08
4.874,1.268,11.19
4.225,1.369,10.625
4.704,0.244,9.35
5.288,-0.201,7.955
5.276,0.859,7.513
4.749,1.651,7.917
4.524,2.35,8.441
4.213,0.201,7.979
4.924,-4.421,6.127
6.8,-2.256,5.869
5.687,1.833,7.838
4.122,3.077,8.752
5.094,1.739,6.982
6.113,2.137,5.491
6.417,3.653,6.398
5.446,2.955,7.297
5.338,-0.428,7.506
5.319,-1.479,9.073
6.505,0.67,6.479
7.927,5.223,2.95
8.029,10.183,5.175
6.769,9.621,5.898
5.072,4.677,7.005
4.292,0.474,8.044
5.752,-3.991,5.113
7.728,-5.288,3.046
7.616,-0.892,5.223
5.465,4.0,7.35
5.173,5.608,6.804
5.424,4.493,7.752
5.606,2.957,7.606
5.74,2.472,7.025
5.769,2.376,6.551
5.864,1.656,6.18
5.761,0.66,7.855
5.819,0.952,8.824
5.821,2.163,7.706
6.269,3.402,7.309
6.343,2.979,6.716
6.558,2.259,6.505
6.615,3.101,6.893
6.025,3.804,8.393
5.888,2.44,7.996
7.046,2.125,6.52
6.783,1.577,6.867
6.726,1.443,7.288
6.843,2.321,7.159
6.544,2.912,7.154
6.922,3.474,6.656
7.051,5.237,6.654
6.824,2.383,5.666
6.814,0.254,5.036
6.869,1.069,5.395
6.465,2.058,5.819
6.367,3.665,6.283
6.046,7.393,6.441
6.489,7.259,5.761
7.127,5.036,5.424
6.73,5.343,5.745
5.175,5.175,5.699
5.931,5.646,6.608
5.438,1.967,9.991
3.876,-9.293,13.518
4.23,-12.272,13.004
7.293,-7.247,10.585
10.085,8.896,3.938
8.69,20.232,-3.498
6.06,22.261,-3.039
1.495,2.187,8.305
3.802,-15.033,5.733
8.041,-13.954,13.707
7.156,-5.151,11.846
6.74,3.639,9.424
6.333,7.434,9.58
5.857,8.336,8.594
5.965,5.596,7.931
6.582,2.151,4.929
7.628,-1.529,3.364
8.018,-1.96,4.35
7.12,1.603,6.036
6.769,4.443,6.699
6.627,6.063,7.08
6.412,6.022,8.073
6.166,4.926,8.601
6.276,2.895,7.056
6.453,0.711,6.211
6.063,-0.069,6.362
5.835,0.964,6.958
5.752,1.931,7.104
5.824,2.696,6.273
6.068,3.816,5.766
6.111,4.587,6.039
5.981,4.689,6.548
5.474,4.414,8.211
5.745,2.943,8.219
6.891,1.562,7.07
7.159,1.515,7.005
6.63,1.156,7.096
6.596,0.811,7.52
6.888,2.141,7.958
6.596,3.208,8.219
6.534,3.67,7.795
6.434,3.883,8.013
6.29,3.859,7.9
5.979,3.658,7.824
6.187,3.436,6.816
6.391,2.29,6.302
5.716,1.553,6.845
5.663,0.974,6.814
5.742,0.144,6.156
6.391,-0.579,5.845
6.395,1.572,6.489
5.56,0.622,6.312
5.601,-0.682,6.077
5.646,0.536,5.981
5.297,3.046,6.333
5.879,6.242,7.386
5.429,8.283,9.209
4.35,7.156,8.568
5.917,3.993,5.632
4.532,4.06,8.393
4.967,0.835,10.685
5.268,1.459,9.329
5.185,0.742,8.372
6.082,1.421,6.936
6.613,0.232,5.345
7.08,-0.01,4.41
7.039,-0.866,4.926
6.668,-2.036,5.355
6.422,-2.773,6.369
6.754,-2.711,6.376
6.604,-2.539,6.8
6.663,-1.957,7.092
6.601,-3.07,7.625
6.247,-2.862,7.73
6.575,-3.29,7.864
6.312,-3.082,8.23
6.47,-2.094,7.565
6.453,-1.689,6.857
5.91,-1.534,7.695
5.759,-1.759,8.931
5.843,-2.129,8.97
5.974,-1.797,8.396
6.68,-1.299,7.276
5.658,-0.395,8.623
5.881,0.359,9.08
5.898,-0.244,8.714
6.027,-0.873,7.965
6.032,-1.763,7.271
5.673,-3.23,6.264
4.218,-3.196,8.814
5.13,-2.493,9.161
5.032,-1.682,8.872
4.768,-1.002,7.771
3.668,-2.491,7.726
3.919,-4.582,8.285
3.869,-3.809,9.015
4.079,-2.871,9.912
2.979,-1.352,10.092
3.421,-0.806,8.963
2.629,-0.577,8.4
0.01,1.369,8.542
2.866,3.072,8.893
2.984,1.558,6.738
3.156,0.153,6.831
1.885,-1.881,5.797
0.538,-3.275,5.95
0.237,-3.972,7.577
-1.079,-3.122,8.728
-0.184,-2.728,7.919
-1.12,-2.553,9.908
-0.624,-1.976,9.281
-0.995,-1.859,9.922
-1.421,-1.596,9.874
-1.555,-0.536,9.893
-1.637,0.421,10.42
-1.512,0.641,9.946
-1.704,0.682,10.527
-2.376,0.072,10.575
-2.548,-0.988,10.858
-2.955,-1.163,10.841
-2.675,-0.495,11.145
-1.998,0.041,10.869
-1.019,-0.658,10.769
-2.041,-0.392,10.245
-2.39,0.017,10.843
-2.629,0.345,10.874
-2.775,-0.072,10.489
-2.823,-0.431,10.19
-2.828,-0.22,10.097
-2.239,0.356,10.078
-3.18,0.144,9.862
-2.744,-0.61,9.771
-2.962,-0.859,9.549
-2.931,-0.608,9.372
-2.73,-0.412,9.211
-3.115,-1.127,9.374
-3.682,-1.797,9.274
-3.622,-2.036,9.037
-3.553,-2.108,8.778
-3.809,-1.632,8.884
-3.673,-1.967,8.625
-3.84,-2.428,8.534
-3.692,-2.799,8.795
-3.754,-2.773,8.491
-3.685,-2.495,8.175
-3.909,-2.397,8.36
-4.209,-2.486,8.142
-4.472,-2.833,8.266
-4.716,-2.706,8.408
-4.819,-2.658,8.62
-4.826,-2.342,8.58
-4.634,-2.184,8.64
-4.962,-2.558,8.64
-5.412,-2.577,8.625
-5.776,-2.517,8.546
-5.501,-2.218,8.652
-6.113,-2.187,9.164
-6.065,-1.747,9.317
-6.338,-1.869,9.812
-6.438,-1.251,10.118
-6.283,-1.845,10.094
-5.465,-2.082,10.164
-5.467,-1.78,10.53
-5.539,-0.251,10.274
-5.233,-0.27,10.633
-5.223,-0.663,10.379
-5.28,-0.746,10.231
-5.783,-0.888,9.735
-5.524,-1.378,10.719
-5.572,-0.5,10.984
-5.477,-0.581,10.951
-5.687,-0.823,11.587
-5.843,-0.62,11.743
-5.666,-0.517,11.501
-6.178,-0.301,11.118
-4.941,0.371,10.934
-4.271,0.567,11.559
-3.084,0.727,11.305
-2.247,0.443,11.276
-1.182,0.199,11.214
-0.246,1.053,10.817
0.699,2.431,11.618
1.629,2.304,11.812
2.866,2.28,10.85
3.945,1.608,10.41
6.106,3.249,9.295
6.989,4.945,8.446
8.147,4.151,8.781
8.235,2.694,8.187
9.302,2.503,6.697
6.91,2.725,10.106
1.383,2.019,6.163
-6.943,-1.048,8.568
-10.484,1.469,11.621
-9.319,0.675,10.834
-6.563,1.766,9.046
-2.038,1.299,8.029
-0.88,-0.304,7.08
-2.395,1.335,7.151
-3.33,1.522,8.917
-4.685,3.237,9.57
-3.24,4.804,11.47
-2.553,4.871,10.645
-1.168,4.168,10.858
-0.837,3.601,8.02
-2.524,5.07,8.513
-2.486,3.12,7.683
-1.299,3.972,8.053
-1.01,1.586,8.132
-3.764,0.608,8.8
-2.651,2.845,8.439
-0.668,0.421,10.338
-0.605,3.115,9.719
-2.926,0.479,9.482
-1.113,1.904,9.405
-1.663,1.778,9.355
-1.61,1.189,9.697
-3.345,1.349,9.513
-2.132,3.127,10.913
-1.347,2.854,10.432
-2.34,3.845,11.551
-0.866,1.548,9.688
-1.357,1.749,8.699
-1.007,-0.328,8.64
0.189,1.383,9.235
-1.567,4.821,10.171
-1.373,4.165,9.63
-1.208,1.562,8.762
-0.258,0.5,10.36
-1.967,1.215,9.233
-0.629,2.912,9.946
-2.058,2.263,10.551
-2.165,-0.579,8.936
0.203,0.986,8.341
-0.002,2.885,7.943
-1.888,3.546,9.843
-0.4,2.61,9.886
-1.077,2.247,9.049
-0.691,2.871,9.374
-0.988,2.519,9.446
-0.811,1.811,9.589
-0.447,3.295,9.664
-1.672,2.495,10.599
-0.938,2.45,10.652
-0.998,2.687,9.63
-0.605,2.888,9.333
-0.715,2.988,9.659
-1.342,3.402,10.355
-0.699,2.744,10.424
-1.134,2.924,11.047
-1.139,3.031,10.987
-1.361,3.771,10.35
-0.031,3.618,10.578
-0.974,2.943,10.752
-1.474,2.565,10.877
-1.242,3.364,10.393
-0.447,4.445,10.714
-0.452,4.584,11.372
-0.249,4.52,11.36
-0.065,3.969,11.415
0.541,3.469,11.104
-0.091,1.873,10.747
-0.146,4.733,11.451
-0.73,4.098,12.463
0.924,1.562,11.212
0.213,0.376,11.322
1.223,0.601,10.795
1.754,0.555,10.972
1.218,0.543,10.838
1.017,-0.167,10.271
0.926,-0.06,9.563
1.708,0.593,8.979
2.196,0.979,9.132
1.605,0.469,8.798
1.495,-0.428,8.989
1.847,-0.038,8.137
1.704,1.148,8.171
1.845,1.182,8.625
2.866,0.971,9.274
3.775,-0.785,9.257
3.479,-0.148,9.735
2.381,1.06,9.475
2.637,0.395,9.101
3.187,-0.935,9.001
3.737,-3.036,9.07
3.689,-2.761,8.396
2.847,-1.73,9.204
3.462,-0.385,9.644
2.522,-0.464,9.479
2.673,0.531,9.726
2.216,0.452,9.479
3.158,0.653,8.798
3.029,-0.718,8.728
2.254,-1.581,9.616
2.529,-1.318,9.29
2.311,-2.529,8.166
2.795,-1.66,8.381
1.672,-2.034,9.329
0.802,-1.543,8.216
1.371,-1.694,7.321
3.299,-1.101,6.95
2.799,-0.935,7.049
2.866,-1.06,7.151
0.883,-3.12,7.75
1.33,-1.531,6.503
0.969,0.115,5.376
0.158,-0.818,6.185
0.464,-2.299,6.577
0.586,-2.555,6.132
0.823,0.227,6.587
0.096,2.833,8.01
-1.069,0.33,6.08
-0.467,-0.084,5.797
-0.825,0.79,6.278
-3.163,1.572,9.668
-2.182,2.816,9.444
-2.756,2.555,9.673
-2.421,1.203,7.369
-1.962,1.194,7.25
-3.821,3.4,8.625
-2.976,6.893,9.807
-5.917,3.854,6.788
-3.065,0.045,6.45
-4.893,2.122,7.489
-5.723,2.201,7.29
-5.316,3.015,7.403
-5.328,7.228,9.836
-10.288,6.776,10.302
-6.661,1.625,8.747
-6.544,4.735,9.302
-6.474,5.096,6.702
-6.848,3.275,6.668
-5.795,2.022,6.498
-6.69,0.847,8.367
-8.608,1.141,8.211
-8.585,3.646,7.659
-8.503,2.704,6.187
-9.13,-0.132,6.537
-11.281,-2.57,5.78
-13.128,-3.067,5.247
-16.746,-1.909,5.821
-14.848,-2.079,5.721
-16.655,-4.917,3.651
-20.22,-5.187,1.328
-15.987,-3.57,0.67
-15.552,-4.012,1.268
-19.93,-0.321,0.572
-20.119,-1.18,2.074
-18.296,-4.053,1.718
-16.497,-5.809,3.902
-16.368,-6.821,6.374
-16.573,-4.874,7.754
-19.239,-2.211,6.587
-19.222,-4.78,7.489
-19.892,-2.338,7.68
-19.021,-5.881,5.797
-17.547,-5.924,4.981
-17.42,-5.044,7.022
-15.683,0.268,5.527
-13.197,0.093,4.811
-15.777,2.862,2.366
-13.961,-2.012,1.617
-16.181,-4.493,5.649
-18.083,-1.883,6.522
-15.614,7.805,3.228
-10.448,11.731,1.519
-14.949,7.668,1.337
-10.458,4.048,2.515
-11.169,3.369,2.737
-10.336,2.043,3.278
-11.011,2.541,5.23
-6.635,2.01,5.524
-10.551,1.194,5.828
-13.599,-2.5,9.099
-9.118,-0.737,9.032
-8.869,6.302,13.494
-17.459,7.053,9.841
-16.461,3.527,7.357
-17.124,-1.153,5.532
-16.1,-2.876,1.672
-18.698,-1.806,1.641
-17.375,-0.44,-1.077
-16.927,0.132,-0.263
-19.6,1.249,0.833
-19.516,-0.45,0.366
-19.16,-2.07,2.505
-18.76,-4.323,0.505
-16.334,-3.347,-3.141
-13.724,-2.117,-6.45
-19.09,2.206,-1.474
-12.03,5.168,-3.51
-8.594,2.46,-3.316
-6.572,0.23,0.459
-8.506,0.696,3.263
-7.393,5.962,3.443
-4.359,6.936,4.926
-5.991,7.809,5.17
-9.532,10.97,4.297
-21.603,4.094,10.566
-0.165,18.822,21.466
-4.661,39.147,14.044
-10.19,16.648,5.632
-2.919,0.565,9.266
5.678,8.642,8.235
2.885,12.494,14.391
-4.656,7.228,13.513
-1.385,4.335,12.573
-0.258,0.089,11.331
0.584,0.981,10.637
-0.122,5.591,12.58
0.335,5.984,10.652
-1.282,2.759,9.209
1.17,1.598,7.915
0.266,1.27,7.946
0.526,2.414,7.783
-1.105,2.5,8.305
0.663,0.938,7.771
0.998,0.488,7.972
0.292,1.244,8.664
-0.756,1.459,8.625
-0.27,1.72,7.606
0.474,1.538,5.833
0.038,-1.302,6.326
-0.201,-1.981,6.513
-1.192,1.192,7.888
-2.129,4.386,7.735
-2.213,6.656,7.582
-2.235,2.869,7.235
-1.325,-0.012,7.939
-2.572,1.046,8.448
-3.618,4.579,7.386
-6.537,7.647,7.391
-4.663,3.206,4.912
-4.555,3.565,6.867
-6.934,2.476,7.599
-5.785,5.316,6.68
-7.362,2.756,7.379
-6.06,6.175,5.821
-5.534,3.706,8.453
-8.556,4.063,7.47
-7.527,3.067,5.907
-7.326,3.508,8.874
-7.41,1.933,8.252
-7.149,2.39,10.264
-8.551,3.127,11.202
-8.02,6.505,11.714
-6.996,4.541,10.109
-5.769,3.0,10.814
-6.651,0.61,10.838
-9.156,-0.981,9.979
-10.362,1.314,9.814
-10.276,2.333,9.539
-13.437,2.986,8.998
-12.121,0.938,-1.103
-13.324,-2.668,-2.242
-17.767,-4.575,-2.007
-23.519,-2.919,-0.828
-20.837,-6.017,-4.058
-18.097,-8.352,-6.094
-21.526,-2.524,-2.512
-21.926,-1.333,-1.751
-19.342,-2.373,-0.146
-21.71,-2.89,3.175
-19.246,-5.84,6.936
-17.217,-5.74,4.953
-12.882,-6.934,7.577
-18.461,-8.053,8.575
-14.535,-2.943,10.532
-14.844,-5.187,4.548
-13.86,-8.618,1.663
-16.552,-6.967,2.964
-16.401,-4.278,3.376
-16.535,-7.431,3.208
-11.815,-3.976,1.361
-13.932,-1.318,0.983
-11.834,3.352,-1.457
-10.719,6.587,1.574
-14.164,-1.739,0.39
-11.657,-1.854,3.637
-10.08,5.8,4.551
-11.987,11.152,4.036
-10.279,12.688,4.029
-10.027,12.152,5.125
-13.822,11.422,6.403
-15.37,11.535,5.067
-11.913,9.278,11.078
-15.827,8.898,12.901
-16.487,7.228,9.7
-16.198,10.881,7.001
-17.913,11.649,6.539
-20.459,10.59,2.527
-21.024,4.936,-0.266
-22.603,3.041,0.531
-22.624,2.634,-1.457
-21.351,0.498,-1.471
-18.913,2.893,0.694
-28.436,2.924,-0.567
-23.524,2.251,-2.278
-18.739,2.347,-4.795
-16.801,2.598,-5.134
-21.624,-0.342,-5.032
-16.841,-1.127,-5.469
-15.133,2.07,-1.151
-13.212,4.979,4.225
-7.594,5.713,3.878
-9.321,2.481,3.036
-17.882,11.549,2.388
-14.93,13.52,2.67
-7.953,18.55,11.08
-21.612,13.839,9.889
-14.418,14.688,15.32
-6.465,13.408,13.111
-7.364,16.399,4.728
-2.869,8.039,6.211
-2.122,4.498,8.195
-2.359,2.067,10.7
-3.613,3.89,7.864
-5.448,5.989,12.135
-2.897,5.24,11.633
-2.364,4.067,11.621
-2.029,6.072,11.874
-3.364,3.103,11.271
-2.567,1.55,12.315
-2.464,1.866,11.597
-0.335,1.256,10.329
0.031,1.974,9.635
-0.457,-0.031,8.642
-0.285,-0.55,9.238
-0.158,-2.457,10.353
0.086,-2.756,10.508
-0.074,-1.304,10.676
0.091,-1.084,10.061
1.141,-1.471,8.187
0.299,-3.921,8.508
-0.254,-4.515,8.865
0.694,-2.216,11.262
0.084,0.548,9.355
-0.196,0.273,8.539
-0.184,-1.84,6.285
-0.84,-1.536,6.845
-0.014,2.649,8.132
-0.979,5.9,8.855
-2.168,5.467,11.621
-2.089,2.608,13.075
-3.642,3.706,13.339
-4.788,2.792,13.963
0.481,-1.847,12.145
-2.05,0.1,7.675
1.316,-1.337,-3.275
-0.916,-10.044,-8.348
-8.111,-18.775,-7.293
-13.334,-10.879,-3.797
-17.313,-6.517,-3.187
-17.174,-6.816,-2.242
-18.164,-5.163,0.165
-17.516,-5.137,4.73
-18.136,-3.206,3.701
-17.454,1.436,3.694
-12.116,-5.388,3.182
-9.302,-4.089,-0.208
-7.154,-8.508,-5.235
-6.982,-9.231,-4.811
-3.708,-6.948,-0.955
-4.785,-3.945,-1.314
-7.374,-6.331,-4.371
-7.802,-6.192,-6.532
-17.375,-9.874,5.402
-25.45,-23.895,7.261
-27.84,-18.686,5.388
-25.093,-17.887,1.335
-26.445,-15.679,3.462
-29.776,-14.59,8.709
-29.29,-2.95,7.4
-19.911,5.106,6.804
-17.26,7.29,0.897
-18.358,7.517,3.842
-19.107,5.979,2.749
-14.604,10.52,4.728
-12.922,3.421,2.371
-11.972,4.835,1.634
-12.587,5.857,3.692
-9.893,12.08,1.077
-8.57,5.434,-1.062
-10.972,1.077,1.814
-8.556,10.14,7.137
-9.063,16.54,7.661
-7.941,15.956,10.037
-17.755,8.941,6.838
-15.973,-0.108,6.151
-15.033,10.556,11.805
-18.514,17.337,9.058
-19.019,17.669,6.273
-23.088,10.082,1.931
-18.882,2.419,0.945
-23.617,4.539,5.036
-26.763,2.72,4.692
-29.096,0.213,2.57
-31.163,1.912,2.084
-31.709,4.094,-0.682
-27.756,-4.106,-3.436
-23.892,-6.192,-2.46
-25.9,-2.993,-1.885
-20.849,5.094,-3.462
-12.417,4.996,-4.388
-13.453,-6.187,1.192
-14.93,-6.292,2.414
-17.126,4.972,-0.323
-12.123,14.712,1.653
-8.36,16.203,2.589
-11.827,7.931,-1.637
-25.421,10.011,0.933
-11.121,28.96,11.716
-8.556,32.764,5.307
-15.604,8.333,-1.754
1.462,4.235,1.335
1.388,11.544,3.62
-3.457,13.872,14.016
-0.725,5.139,12.135
-1.101,4.862,12.173
0.873,6.517,11.661
0.691,11.271,8.936
-2.818,12.161,13.422
-3.156,6.804,-0.529
2.055,-0.581,4.209
1.457,0.797,5.625
0.505,5.194,9.412
-0.187,3.871,7.709
-0.835,4.421,13.19
-0.888,1.864,12.516
-0.409,1.335,8.991
-0.725,3.144,6.709
-1.873,4.905,9.477
-1.282,3.682,4.405
-1.725,3.338,6.62
-2.12,4.515,6.891
-2.598,6.496,6.649
-4.276,5.974,7.769
-2.952,3.893,7.687
-3.283,4.228,6.778
-4.685,7.687,7.381
-8.362,10.314,7.242
-4.96,5.895,6.192
-4.845,3.62,7.434
-5.295,6.618,7.888
-6.58,9.374,10.046
-9.132,-0.364,6.228
-5.515,0.294,5.646
-4.689,2.555,7.4
-7.613,3.962,9.41
-7.903,5.398,9.027
-6.45,5.747,9.183
-4.651,1.574,7.381
-6.843,1.601,7.608
-5.943,5.376,7.417
-3.29,6.068,5.067
-8.046,3.802,5.869
-6.197,-0.249,5.371
-8.187,0.089,6.783
-13.934,-0.983,7.403
-14.566,-1.034,3.909
-15.523,0.84,-0.318
-16.212,-4.065,-0.445
-19.708,-3.285,-1.239
-18.873,-3.074,-1.043
-18.277,-1.792,1.821
-19.026,-4.759,0.83
-19.834,-2.251,-1.192
-13.855,1.491,0.146
-15.36,1.957,0.163
-16.052,-1.321,-0.543
-19.612,-3.63,2.433
-15.54,-6.345,4.12
-19.263,-2.735,4.189
-17.387,-1.763,6.788
-20.363,-10.09,2.972
-21.722,-6.508,5.819
-19.973,-6.077,5.539
-17.77,-6.108,3.342
-18.143,-4.706,2.981
-16.597,-1.574,4.02
-19.275,2.268,3.929
-14.664,-3.397,0.943
-10.322,-3.936,0.148
-12.255,1.225,2.531
-12.968,10.137,4.912
-13.925,12.903,5.455
-12.975,6.044,1.022
-9.886,7.556,1.648
-8.604,10.286,4.237
-7.034,12.023,3.235
-9.781,10.424,12.815
-8.838,11.669,10.982
-11.293,11.2,9.857
-12.647,8.271,11.152
-17.164,8.364,12.252
-19.76,16.064,9.862
-21.502,12.915,7.314
-24.313,10.714,6.632
-25.464,4.759,1.864
-24.976,1.247,0.818
-26.364,-1.9,-1.696
-23.067,-2.443,-2.687
-23.292,-4.941,1.503
-26.294,-2.254,7.702
-30.096,-2.098,4.766
-31.826,-0.617,-0.476
-28.723,-2.251,-5.716
-25.33,0.959,-5.694
-20.373,2.811,-7.257
-22.885,-3.163,-8.759
-16.265,0.818,-3.338
-11.604,3.646,-0.474
-9.865,10.422,-3.223
-17.887,5.056,-12.042
-24.732,27.964,-5.146
-27.28,52.876,-4.79
-2.613,30.027,-4.331
-10.166,18.499,-2.55
-7.362,15.502,2.464
-7.264,6.082,12.281
1.412,13.602,4.433
5.541,12.439,12.295
-3.898,8.175,10.212
-7.314,6.075,16.346
-2.979,3.687,12.803
-2.72,6.608,11.379
-3.027,7.305,9.14
-2.766,5.553,12.815
-1.141,3.979,10.96
-1.136,2.405,10.788
-1.213,0.285,9.702
-0.792,2.692,8.343
-0.991,2.883,10.853
-1.007,1.457,10.628
-1.385,1.014,10.951
-0.706,1.916,8.326
-0.761,1.388,8.79
-0.656,2.082,8.343
-0.024,3.393,9.061
-0.538,1.189,8.271
-0.033,0.498,7.072
-0.144,0.136,6.601
-0.818,-0.335,7.41
-1.402,-0.641,7.395
-1.988,-0.804,9.051
-2.058,-0.134,8.987
-2.742,-0.239,8.666
-1.352,-0.589,7.695
-2.022,0.613,8.288
-2.338,2.656,9.058
-4.498,3.223,10.07
-4.895,2.194,10.135
-4.089,-0.67,8.955
-2.885,0.34,8.039
-2.617,1.558,7.513
-3.811,4.764,7.852
-3.859,4.512,7.826
-5.527,1.481,7.601
-5.024,0.668,6.848
-6.508,2.218,5.419
-7.144,0.383,4.23
-9.065,1.002,4.62
-11.599,4.213,3.397
-13.147,2.601,-0.112
-14.009,-0.311,-1.215
-16.719,-7.625,0.423
-19.043,-11.745,0.761
-16.454,-9.111,2.007
-16.942,-4.388,1.199
-15.114,-4.41,0.359
-18.1,-9.08,2.361
-18.631,-11.463,1.663
-17.772,-17.545,1.072
-16.7,-14.915,2.924
-19.083,-9.432,5.888
-20.217,-8.01,5.146
-17.456,-13.162,6.651
-20.672,-7.063,9.058
-22.017,-1.194,7.68
-18.217,3.074,7.817
-19.33,-5.407,5.565
-23.117,-14.595,4.555
-16.791,-6.931,4.558
-15.169,-1.971,4.333
-15.104,-0.955,-1.637
-16.719,-0.651,2.519
-18.588,1.007,8.116
-19.289,3.201,6.893
-14.425,8.857,6.718
-13.628,5.082,8.678
-17.325,0.476,6.785
-14.128,2.562,9.735
-14.365,5.264,12.484
-11.133,11.398,9.707
-11.451,5.065,13.573
-15.396,-2.23,17.222
-17.195,6.965,11.506
-19.528,5.893,6.802
-21.146,10.269,8.448
-25.892,10.743,4.297
-29.319,9.216,-1.971
-27.807,7.683,-1.916
-27.139,7.565,-0.787
-29.386,5.048,-2.598
-31.431,2.905,-2.718
-29.369,3.575,-3.498
-24.696,2.787,-7.855
-19.33,-3.421,-7.34
-21.765,-4.098,-2.742
-21.564,1.251,2.474
-16.102,5.936,1.479
-15.755,0.67,0.309
-15.423,0.416,1.83
-13.377,5.826,3.606
-12.329,11.587,3.481
-9.391,11.346,0.785
-41.2,6.302,11.487
-20.002,24.344,20.801
-9.259,48.737,-0.093
-13.269,7.668,-0.524
-0.837,10.061,5.453
-0.124,13.982,2.256
0.601,13.358,12.24
1.067,2.381,11.913
-0.349,3.039,12.406
1.33,4.888,11.898
11.638,7.326,5.223
-0.869,7.285,13.382
-2.754,4.039,10.889
0.378,4.838,7.874
0.943,2.795,7.034
1.144,0.191,7.383
1.893,1.278,7.96
1.663,4.386,8.953
-0.065,3.488,9.18
-0.096,0.835,10.831
0.278,0.536,9.453
-0.084,0.601,9.482
-1.543,0.06,7.63
0.11,-1.266,7.565
-0.44,0.514,7.647
-0.505,3.704,10.573
-3.268,6.405,10.283
-1.526,2.041,8.453
-0.854,1.034,7.503
-1.474,0.799,7.154
-2.931,2.048,8.525
-4.417,2.955,9.207
-4.003,-2.505,4.024
-4.481,1.488,4.986
-5.422,2.589,6.62
-5.211,6.697,8.006
-6.462,2.168,4.67
-6.584,-4.182,-1.625
-7.527,-3.831,5.625
-7.008,3.838,8.673
-9.154,9.824,10.116
-10.647,2.498,10.3
-6.328,-3.701,7.515
-5.515,-5.307,11.243
-7.333,-3.457,12.027
-8.238,1.419,13.152
-9.573,2.469,12.973
-8.522,1.794,12.145
-7.281,1.156,11.59
-8.597,-1.113,8.903
-10.496,-1.395,6.51
-12.3,-2.926,3.869
-13.465,-3.708,1.826
-15.09,-4.754,-0.309
-17.294,-4.587,-0.577
-20.768,-8.838,-0.663
-22.366,-13.159,-0.232
-23.799,-5.479,-0.467
-23.493,-1.964,2.251
-19.363,-1.314,1.845
-16.475,-5.843,2.175
-16.217,-8.037,1.723
-16.246,-5.871,4.067
-17.875,-7.159,6.493
-15.329,-4.965,7.132
-12.882,-4.144,6.69
-14.348,-8.726,7.594
-16.86,-18.105,4.656
-19.117,-10.558,7.295
-17.04,-7.374,6.831
-11.582,-5.431,7.206
-9.853,-5.534,2.993
-14.2,-10.137,-1.701
-14.434,-11.087,2.787
-15.93,-7.12,7.211
-20.624,-3.285,9.219
-17.155,8.135,5.649
-11.336,10.247,2.187
-11.59,2.189,0.546
-9.635,0.378,5.338
-12.205,-2.682,4.481
-14.655,-4.922,4.34
-14.492,2.278,6.103
-11.039,3.438,15.351
-11.236,3.536,9.51
-18.473,0.651,8.463
-17.471,-2.646,9.056
-18.48,-7.147,8.427
-19.064,-5.087,7.628
-19.267,-6.103,2.986
-19.021,-5.292,1.845
-19.633,-4.161,0.538
-20.806,-5.532,-1.814
-20.004,-6.278,-4.948
-18.894,-5.864,-7.056
-19.409,-5.924,-7.02
-17.356,-5.553,-7.491
-14.032,-1.574,-5.687
-13.13,1.543,-4.826
-9.056,-1.282,-6.508
-9.79,-2.818,-4.328
-6.635,1.981,-4.972
-4.713,8.551,-3.917
-3.644,11.786,-1.038
-5.479,5.125,1.881
-9.13,-0.081,0.892
-15.923,1.94,7.192
-23.732,5.022,38.485
-10.491,29.331,12.444
-5.833,25.06,14.176
-7.005,12.592,6.596
-2.206,5.936,16.887
-8.106,8.589,-0.892
1.421,13.645,10.944
-2.127,6.106,13.386
-0.589,3.28,13.391
-1.024,3.029,9.525
-1.182,4.649,11.819
-1.471,6.158,11.008
-0.959,6.027,9.073
-0.053,3.819,9.975
0.617,1.687,11.243
-0.211,2.407,9.566
-0.057,3.558,9.597
1.048,3.35,8.178
0.794,0.593,8.015
0.632,1.203,5.737
-0.825,1.581,7.099
-0.069,0.739,6.302
-0.005,1.299,8.704
-0.744,-0.706,6.685
-0.361,-2.395,5.235
-1.314,-0.385,6.635
-1.912,2.481,6.393
-2.964,3.747,10.496
-2.457,-0.646,8.477
-1.397,-1.782,6.982
-1.759,-0.553,7.159
-3.438,3.163,6.685
-5.156,5.099,8.532
-4.52,3.199,11.274
-3.567,-2.44,5.8
-3.493,3.546,5.955
-5.398,0.356,6.879
-6.245,6.831,10.348
-5.316,5.441,10.118
-6.264,0.361,9.707
-5.749,-2.383,8.838
-5.182,1.66,8.647
-4.867,2.938,9.188
-6.297,2.16,9.183
-6.168,-1.668,9.448
-6.137,-1.828,10.137
-5.632,-1.412,10.264
-8.448,-1.182,10.458
-8.542,-1.369,11.365
-9.207,-3.67,11.047
-9.833,-6.218,9.731
-11.279,-6.142,8.85
-13.48,-5.35,4.548
-15.389,-6.065,-1.28
-19.734,-7.561,0.342
-22.261,-7.996,-0.538
-23.77,-3.838,-2.735
-19.172,2.606,-4.819
-18.346,-1.684,-1.321
-20.555,-4.697,1.866
-18.162,-3.33,4.742
-19.406,-6.247,4.558
-20.409,-10.566,6.211
-17.42,-3.62,9.86
-17.765,-6.757,8.484
-14.722,-6.467,8.833
-15.793,-13.497,2.797
-15.432,-11.551,2.046
-16.717,-13.279,4.285
-18.016,-5.795,4.52
-14.887,-5.347,4.881
-14.329,-4.821,4.46
-13.585,-9.845,3.359
-10.903,-0.907,1.96
-12.123,0.184,0.218
-14.332,2.242,2.101
-15.109,5.474,3.232
-13.554,3.086,3.854
-13.068,4.524,3.546
-10.334,10.597,6.436
-10.023,15.123,11.154
-11.137,12.602,15.37
-19.866,11.728,15.387
-13.731,12.384,14.958
-17.361,8.991,12.611
-23.419,10.432,10.446
-22.304,6.022,7.218
-24.069,6.163,6.415
-23.971,7.611,4.302
-25.22,7.967,1.751
-26.055,5.273,-1.759
-25.914,4.938,-1.249
-27.125,4.539,-0.4
-30.331,3.701,2.405
-32.556,1.78,-0.115
-26.316,2.742,-3.759
-22.993,0.605,-4.993
-25.761,-0.703,-3.783
-23.062,-4.12,-1.452
-20.055,-1.672,2.388
-18.588,0.196,2.567
-15.334,4.285,1.412
-12.752,9.733,1.706
-10.472,14.013,-1.053
-23.574,13.508,2.684
-26.531,22.988,20.909
-6.699,48.088,6.529
-16.535,13.887,-5.149
-7.202,7.764,4.077
-8.443,15.159,11.98
0.11,15.451,10.678
-0.952,0.601,12.36
-1.316,1.392,13.48
-3.622,3.137,12.939
-3.551,1.036,9.444
-3.764,5.443,9.235
-0.825,6.278,13.097
-0.081,2.534,11.003
0.16,2.536,10.298
0.629,1.656,8.659
1.316,2.67,11.042
-1.163,5.539,9.247
-1.067,3.756,8.482
-0.598,1.68,8.211
-1.402,1.897,10.09
-2.539,4.163,9.972
-1.481,-0.029,7.716
0.182,-0.797,6.364
-1.17,0.971,7.283
-2.732,3.027,6.247
-1.936,6.888,8.171
-3.668,4.4,4.429
-3.271,-0.672,5.23
-4.357,-1.048,4.766
-5.953,1.596,7.058
-5.644,6.996,9.621
-5.723,2.003,5.548
-5.319,-1.093,4.981
-7.283,3.213,6.721
-8.695,2.988,9.19
-9.065,6.788,10.908
-7.209,0.093,7.888
-8.546,-2.096,7.089
-8.187,-0.648,5.39
-7.482,5.039,6.903
-9.58,6.053,7.891
-9.336,2.792,7.116
-9.465,2.529,7.508
-8.35,2.18,7.187
-7.982,3.826,8.183
-8.317,4.199,8.876
-8.204,0.29,8.537
-7.958,-2.007,9.24
-8.939,-3.024,9.006
-11.228,-4.618,8.125
-11.956,-3.242,5.517
-11.087,-4.486,0.624
-11.384,-10.152,-1.845
-17.829,-6.757,-4.673
-25.565,7.391,-6.178
-25.223,-1.806,-4.632
-24.333,-8.163,-1.407
-25.816,-5.563,2.239
-23.818,1.117,3.508
-20.483,1.84,5.029
-20.196,0.323,4.742
-16.746,-3.673,4.981
-20.916,-3.728,7.893
-18.6,-4.955,6.225
-16.377,-8.534,2.639
-12.97,-7.663,4.309
-14.078,-6.032,3.259
-16.463,-9.35,3.223
-13.248,-9.857,0.505
-13.511,-8.927,0.878
-13.91,-1.591,3.582
-11.475,2.806,0.16
-12.563,-0.045,-3.173
-13.207,-2.546,-2.926
-13.475,6.824,0.333
-11.697,5.304,2.984
-10.673,4.323,7.431
-7.467,-0.651,5.814
-11.398,2.512,7.898
-9.972,7.261,8.661
-11.841,9.917,9.245
-13.425,13.848,10.824
-13.54,5.587,13.286
-18.078,-1.282,14.832
-16.722,-2.749,8.364
-16.535,6.728,6.307
-17.533,8.498,4.206
-19.612,10.544,4.541
-20.617,9.671,1.158
-20.775,4.996,-2.137
-20.296,2.713,-0.974
-22.521,3.426,3.603
-25.081,5.158,5.058
-26.208,5.802,1.196
-25.055,2.177,-2.725
-25.17,1.381,-3.615
-26.842,-1.402,-3.957
-12.781,-3.436,-7.017
-16.413,-0.751,-4.048
-17.315,0.782,-2.68
-14.233,-2.486,0.304
-12.035,1.526,3.474
-8.738,5.259,2.328
-7.838,8.46,-0.735
-20.279,12.042,-3.723
-44.892,12.26,18.526
-15.413,32.503,17.033
-9.967,41.899,-0.136
-15.497,10.568,-0.591
-7.053,9.341,13.315
-4.735,13.93,11.587
3.17,9.905,10.271
-1.818,1.864,10.881
-0.074,1.656,10.221
-1.34,4.067,9.819
-0.744,3.412,8.41
-0.112,2.692,11.745
-0.601,5.022,11.776
-2.57,5.505,7.857
0.392,3.661,8.984
1.955,1.495,7.003
1.723,0.792,7.194
0.328,1.086,7.907
-1.323,1.986,9.235
-0.754,2.948,9.245
-1.213,2.622,9.269
-1.318,-0.098,8.137
-1.285,-0.172,7.245
-1.78,2.07,6.781
-1.727,7.752,9.386
-3.098,4.589,12.114
-2.658,-1.833,5.568
-3.307,0.723,7.183
-3.484,2.309,6.058
-4.857,3.579,6.635
-7.254,4.512,9.104
-5.991,2.012,6.3
-5.41,0.737,6.077
-6.501,3.826,5.883
-8.891,2.132,8.192
-9.008,2.663,10.334
-6.788,-0.749,9.537
-8.422,-0.445,8.319
-6.941,0.713,8.288
-6.659,3.931,8.948
-6.489,2.373,8.116
-7.766,1.763,8.908
-5.651,0.833,11.365
-14.001,1.505,12.372
-6.027,0.644,12.59
-4.876,-0.993,9.343
-6.273,-2.129,8.068
-9.046,-5.735,5.919
-11.544,-6.209,4.46
-13.317,-3.316,3.622
-14.958,-5.395,-0.837
-18.045,-7.984,-5.623
-20.413,-6.448,-6.747
-22.308,-8.46,-6.651
-24.359,-9.948,-4.268
-26.79,-11.917,-1.625
-19.89,-11.097,1.022
-22.483,-2.225,1.596
-16.485,-2.957,4.28
-14.468,-2.041,5.139
-12.963,-3.854,4.326
-9.556,-2.56,4.352
-9.577,-1.476,5.716
-12.111,-10.932,3.309
-14.987,-9.671,4.733
-17.126,-12.848,2.684
-15.08,-14.111,6.099
-16.827,-7.058,6.659
-17.813,-7.096,1.94
-18.904,-7.628,-3.235
-15.705,-3.278,-1.95
-18.26,-3.041,0.49
-17.303,-4.307,-2.347
-17.334,-0.467,-1.448
-14.064,-2.534,-0.66
-13.281,0.376,4.431
-7.116,-0.543,8.637
-8.302,4.63,11.487
-11.293,9.065,11.398
-5.34,8.204,8.187
-10.901,6.438,16.401
-13.604,-3.441,15.908
-13.202,3.45,8.355
-15.595,15.901,6.711
-19.521,16.224,4.608
-21.981,12.53,2.785
-23.131,9.477,-0.534
-23.667,2.268,-0.794
-23.998,1.476,2.086
-26.366,2.165,2.072
-26.093,7.515,-2.283
-24.05,9.709,-5.941
-20.923,4.979,-7.367
-19.811,0.603,-7.52
-23.983,-4.221,-6.139
-16.377,0.0,-3.519
-15.456,2.275,-1.751
-17.973,-1.297,-0.067
-13.669,0.809,2.247
-11.472,5.288,1.199
-10.719,4.247,0.409
-16.226,9.051,3.984
-4.13,9.231,10.621
-21.033,33.525,-0.074
-13.312,24.232,6.051
-11.092,11.812,6.608
-13.37,14.054,6.242
-5.242,14.456,6.352
-12.473,12.963,8.92
-5.733,8.309,5.273
-5.268,5.266,9.276
-4.867,6.551,8.891
-2.742,6.254,8.422
-10.652,7.582,7.776
-6.19,11.204,2.725
-6.013,6.587,6.173
-5.01,6.826,5.053
-5.618,7.24,3.883
-6.546,6.582,2.4
-9.491,7.948,5.314
-10.735,9.104,9.7
-8.542,13.327,6.465
-10.609,16.26,6.671
-11.135,16.559,6.307
-12.138,18.578,6.589
-13.537,16.865,7.034
-17.207,14.808,10.202
-12.934,8.484,6.632
-14.975,9.996,6.017
-16.827,9.92,4.393
-18.361,13.611,2.972
-24.007,15.128,7.458
-17.873,17.966,5.307
-21.603,22.933,8.972
-15.903,20.232,10.592
-16.593,18.617,8.594
-14.198,10.307,5.146
-11.487,8.441,2.467
-7.951,8.723,0.974
-3.476,8.075,-3.082
-2.548,5.706,-5.594
-1.175,8.912,-5.833
-2.23,6.745,-6.505
-0.246,3.797,-7.513
0.234,-1.459,-8.575
-4.407,-0.718,-6.867
-1.505,-0.756,-6.154
-1.56,-1.079,-3.888
0.778,-3.201,-4.788
1.287,-5.051,-2.003
0.464,-6.106,-0.909
2.216,-7.218,-3.634
-0.022,-2.732,1.433
0.869,-4.067,6.589
0.136,-2.768,8.788
0.627,-4.965,8.264
0.443,-3.725,8.219
0.196,-2.462,8.12
0.988,2.254,2.117
7.596,13.879,5.826
-5.118,-15.918,21.272
1.529,5.077,-3.28
-0.943,8.197,-1.735
5.005,13.635,-12.987
0.23,16.688,-16.963
0.349,7.06,-10.417
-0.531,0.462,-5.39
0.955,2.744,-6.051
3.443,0.218,-8.948
2.527,0.926,-10.235
3.5,2.098,-11.487
3.395,5.077,-12.585
3.082,7.168,-9.228
3.189,6.797,-9.783
5.18,3.883,-12.563
2.55,4.984,-11.513
2.467,1.5,-10.228
1.72,2.634,-8.293
1.041,2.94,-10.759
-0.256,0.854,-12.291
-1.383,-1.383,-10.599
-2.244,-1.146,-10.424
-3.419,-1.802,-11.262
-2.792,0.524,-11.226
-2.137,-0.675,-10.625
-1.132,-1.33,-14.092
-1.488,-1.845,-13.255
-2.302,-1.44,-12.312
-2.024,-0.122,-12.528
-1.036,-1.22,-12.717
-0.751,-0.823,-14.253
2.835,2.378,-14.052
-2.541,-0.103,-12.898
-2.555,0.548,-11.381
-0.727,-2.058,-13.482
0.821,-5.012,-15.92
0.768,-3.173,-13.547
1.775,-0.493,-11.681
-0.869,1.199,-10.542
2.821,-3.046,-11.719
5.094,-4.156,-12.188
4.13,-1.364,-9.951
4.953,-0.713,-8.788
6.204,-1.938,-9.403
6.651,-2.347,-10.264
7.24,-3.218,-9.25
6.101,-3.125,-7.594
5.292,-4.218,-4.687
6.379,-5.46,-4.5
6.68,-4.493,-3.804
7.436,-3.78,-3.457
8.589,-4.441,-4.177
10.274,-6.156,-3.718
11.487,-5.386,-0.864
9.905,-4.948,-0.986
14.497,-3.213,-2.862
14.489,-5.012,-5.209
14.652,-5.008,-3.35
14.726,-13.071,-8.386
14.265,-5.668,-3.706
10.716,-6.757,-3.419
-0.4,-11.267,-1.763
-2.421,-12.377,-0.529
-9.231,-12.401,-0.108
-4.055,-10.13,-1.299
0.273,-9.786,-3.692
7.814,-5.481,-3.577
3.218,-9.298,-2.067
-0.294,-10.195,0.505
-0.268,-8.931,2.027
-0.409,-9.625,1.058
0.421,-9.587,-0.16
1.57,-7.623,2.261
0.916,-11.408,2.684
4.974,-7.101,0.668
2.938,-7.175,0.337
0.33,-9.374,2.854
-0.416,-8.63,3.517
1.56,-9.073,3.783
1.16,-7.01,3.833
2.594,-6.395,5.022
0.636,-9.877,4.733
2.309,-6.338,6.245
1.455,-7.843,6.754
0.199,-5.513,6.871
1.203,-7.017,7.056
-0.311,-6.367,6.376
0.172,-7.805,5.725
-0.402,-8.015,6.467
1.658,-5.661,7.424
-0.232,-7.711,7.919
-0.77,-4.883,6.824
0.007,-6.381,7.395
-0.124,-8.113,5.986
0.546,-7.23,7.338
0.4,-6.697,7.587
0.569,-6.168,8.128
0.584,-6.781,8.034
0.132,-6.072,8.443
0.244,-5.517,7.946
1.084,-4.914,8.443
-0.4,-5.649,9.75
0.01,-6.97,10.216
-0.438,-5.632,9.065
-0.16,-5.041,11.322
-0.512,-5.728,11.14
0.768,-6.376,10.166
-0.122,-5.917,10.511
-1.395,-5.094,11.781
0.081,-5.268,11.123
-0.124,-4.304,11.015
-0.557,-4.465,10.657
-0.711,-3.115,11.623
-0.672,-4.065,11.286
-0.507,-2.699,11.448
-1.409,-1.979,11.776
-1.043,-1.627,10.901
-0.586,-1.199,10.161
-0.371,-0.421,10.164
-0.407,-2.338,9.52
0.505,0.746,10.29
-0.469,0.144,10.204
-0.713,-0.653,9.534
-0.029,-0.44,9.03
-0.012,-0.986,9.216
-0.596,-0.132,9.221
0.56,-0.608,8.936
1.385,-1.562,8.58
3.127,-1.361,8.283
3.706,-0.751,8.01
3.563,-0.823,7.644
2.16,-2.278,7.654
1.871,-1.27,8.219
1.096,-1.292,9.477
1.28,-0.62,8.996
1.613,-0.998,9.92
2.529,-1.136,9.96
3.113,-1.821,9.975
3.151,-1.57,9.889
2.883,-0.919,10.123
4.089,-0.383,9.63
4.421,-1.428,10.489
5.446,-0.986,10.015
4.29,-2.027,9.226
5.522,-2.271,6.661
4.17,-1.247,7.991
3.553,-1.596,8.675
3.199,-1.089,9.652
1.976,-1.455,9.661
0.072,-1.641,10.616
2.373,0.945,10.489
1.809,-0.072,9.36
2.05,-1.227,10.164
0.603,-1.208,8.783
1.459,-0.144,8.321
1.909,-1.213,8.219
1.311,-2.517,7.333
1.5,-1.371,7.407
2.012,-1.005,7.228
2.036,-2.589,7.9
1.522,-2.488,7.759
1.821,-1.333,7.178
2.275,-1.627,6.941
0.955,-2.187,7.58
0.199,-2.617,7.331
0.955,-2.558,6.759
0.28,-2.512,7.252
1.416,-1.488,5.491
0.536,-2.991,5.106
0.914,-3.802,4.544
-0.529,-2.326,6.898
-0.696,-0.443,7.793
-0.976,0.892,5.706
-0.225,1.507,4.74
-0.165,2.641,7.422
-3.56,2.828,8.319
-3.185,1.486,11.654
-4.864,-0.919,8.384
-4.924,1.486,7.056
-4.304,2.531,8.4
-5.319,5.462,8.532
-5.139,2.417,8.573
-5.326,0.746,6.704
-7.57,-1.574,8.491
-7.922,4.034,6.441
-7.939,6.661,7.204
-8.845,2.388,8.209
-9.494,3.137,7.817
-6.833,0.086,7.896
-7.525,-1.069,8.788
-9.001,-1.125,7.192
-8.455,0.895,6.979
-9.601,1.163,8.018
-9.829,-0.345,9.697
-10.123,-2.895,9.326
-10.087,-4.311,9.793
-10.759,-4.328,10.075
-13.116,-3.948,10.116
-14.233,-5.082,7.362
-14.198,-6.807,3.204
-14.92,-4.922,-0.05
-16.813,-2.795,-2.539
-21.533,-3.342,-2.015
-24.129,-0.656,-0.531
-22.641,-0.378,-3.07
-23.292,3.508,0.823
-18.638,3.866,1.787
-20.567,-1.347,1.462
-20.873,0.345,6.967
-21.885,-1.053,7.276
-19.531,-1.457,4.967
-15.14,-2.216,3.328
-17.612,-5.371,4.168
-19.949,-7.087,3.835
-20.172,-10.817,3.527
-15.987,-6.278,4.46
-16.978,-5.496,3.311
-12.906,-2.139,-0.809
-14.071,-2.878,-2.361
-13.963,-1.349,-0.483
-14.683,0.337,-1.208
-13.846,1.519,0.981
-14.623,6.168,5.192
-10.341,5.39,4.398
-8.281,2.249,5.312
-11.245,2.964,8.62
-13.267,3.283,11.279
-11.305,6.996,11.992
-13.657,6.027,14.946
-11.891,10.188,19.325
-17.308,5.891,14.48
-18.798,9.027,10.448
-19.99,6.348,5.256
-21.77,7.075,3.716
-22.44,8.396,3.005
-25.639,6.381,1.921
-27.436,5.302,0.864
-28.479,1.349,-0.871
-29.23,-2.964,-1.093
-29.845,-1.881,1.553
-32.709,0.876,2.529
-27.677,-4.024,-0.352
-25.22,-3.383,-2.244
-21.083,0.739,-2.089
-29.106,1.129,1.993
-17.215,-0.541,3.627
-17.413,0.77,4.613
-12.25,8.668,1.23
-11.018,5.895,-0.065
-14.317,4.488,0.299
-18.408,16.456,3.225
-35.738,10.652,15.937
-12.501,43.114,11.173
-8.489,31.324,-0.17
-9.458,12.116,-2.988
1.605,10.159,14.533
0.227,10.097,11.212
2.998,6.336,11.274
-2.424,1.117,8.515
0.816,4.046,9.889
-1.187,3.357,8.652
-1.479,1.428,10.513
-0.813,0.754,12.918
-1.852,3.424,9.683
-0.447,3.823,8.582
1.718,3.596,7.683
2.924,0.986,7.199
-1.668,-0.232,9.343
0.581,1.089,7.242
0.328,2.608,6.635
0.967,0.892,9.19
-0.459,-2.94,8.075
0.014,-0.28,8.02
-1.55,2.979,7.927
-2.287,5.888,8.601
-2.034,7.62,9.341
-1.931,-3.249,4.467
-1.955,-2.565,5.218
-3.768,2.094,7.285
-3.079,2.072,7.785
-8.12,4.73,7.242
-5.39,1.84,6.781
-4.945,1.704,7.108
-7.321,3.998,6.977
-6.477,4.838,9.848
-6.639,-1.27,9.018
-7.881,-2.211,5.778
-5.417,3.364,8.168
-7.757,4.912,8.192
-7.84,3.455,6.989
-7.367,2.192,9.582
-7.738,1.974,12.032
-10.085,0.526,12.183
-8.482,0.84,10.965
-5.446,0.62,10.269
-6.568,0.024,12.41
-10.326,-1.321,12.408
-6.85,-2.163,11.142
-7.439,0.263,10.762
-9.142,-0.751,8.259
-10.219,-3.335,4.443
-11.207,-3.0,3.941
-13.434,-2.397,4.087
-15.071,-3.278,0.943
-17.502,-4.378,-1.799
-22.05,-6.405,-2.948
-24.531,-4.835,-1.428
-23.203,-4.687,0.297
-19.562,-3.175,-0.371
-20.358,-5.144,2.29
-18.485,-1.227,5.462
-18.731,-4.393,3.424
-14.966,-8.166,4.388
-17.358,-6.797,5.63
-14.777,-6.247,10.183
-15.377,-9.362,6.156
-14.135,-8.963,6.173
-15.59,-11.446,3.996
-12.807,-6.558,5.838
-17.892,-9.556,4.108
-15.557,-6.704,4.802
-16.21,-2.701,1.574
-16.377,-0.1,1.266
-9.089,-1.381,0.459
-14.128,-0.256,0.187
-14.399,-0.05,-0.569
-14.846,-1.491,2.369
-14.623,2.472,7.147
-12.891,3.979,6.855
-12.451,10.635,7.931
-7.79,8.644,11.573
-9.307,8.604,15.083
-16.186,5.797,12.092
-16.951,5.431,18.196
-16.097,3.309,18.093
-21.67,8.802,12.927
-22.184,7.558,8.037
-21.318,6.716,5.527
-22.875,4.276,5.323
-27.663,3.134,3.005
-28.9,1.455,-0.935
-30.058,-0.452,-3.362
-30.245,-0.29,-4.326
-30.824,1.881,-2.409
-31.539,1.586,-3.924
-24.854,-0.077,-9.479
-17.188,-0.89,-12.221
-14.135,-3.603,-9.02
-13.724,-3.003,-2.881
-15.533,-3.814,4.692
-13.279,-0.962,1.768
-12.654,2.857,0.723
-11.444,7.032,6.094
-10.183,7.848,4.967
-17.523,6.769,8.506
-21.971,-10.379,29.649
-15.518,26.821,11.898
-15.379,21.885,9.408
-4.85,10.264,13.386
0.445,12.212,10.223
4.895,5.656,14.41
-0.761,0.641,16.717
-2.371,-1.517,12.985
0.282,4.555,15.162
-2.431,1.704,14.863
0.385,1.981,10.147
-1.634,2.438,9.692
-1.139,3.108,8.731
-0.797,0.756,9.166
0.847,-2.83,5.582
2.445,-1.122,6.848
0.926,0.72,8.058
1.194,-1.857,8.805
1.096,-3.421,9.31
-0.402,-2.211,8.742
-0.493,-1.593,8.345
0.756,-2.058,8.266
0.797,-3.01,7.96
-0.706,-2.766,8.453
-0.395,-0.713,7.321
-0.081,1.467,7.661
-0.912,-0.648,8.039
-1.692,1.517,6.989
-2.495,1.821,9.123
-2.885,2.759,7.314
-2.364,0.909,7.214
-3.907,2.216,9.171
-7.343,4.113,12.855
-4.713,3.062,9.19
-3.692,-0.912,7.36
-3.895,1.002,7.223
-4.429,1.474,8.173
-5.895,1.412,8.458
-7.139,0.175,11.661
-7.486,3.448,11.393
-7.802,1.816,10.621
-3.697,2.196,10.31
-3.615,0.703,8.769
-3.369,0.122,10.044
-4.517,-0.464,10.664
-3.165,-1.012,8.927
-4.488,-0.258,9.613
-7.276,-0.356,9.664
-4.02,-4.182,6.51
-11.846,-9.128,0.935
-13.616,-4.008,-1.919
-18.303,-4.173,-3.778
-21.827,-6.06,-4.694
-23.792,-6.496,-4.314
-23.914,-6.242,-4.864
-21.667,-2.084,-3.854
-21.208,-1.223,-3.874
-13.884,-7.561,-3.598
-13.449,1.024,-2.385
-11.834,2.299,1.263
-10.733,-1.572,-0.435
-7.374,-8.367,3.163
-15.53,2.9,10.731
-17.016,-8.936,7.821
-17.602,-17.679,2.457
-18.081,-15.229,1.089
-16.908,-9.082,3.649
-21.196,-5.343,7.525
-17.384,-4.127,12.42
-18.906,-7.618,5.852
-18.203,-4.56,6.46
-23.792,1.043,6.065
-15.884,3.524,8.826
-11.779,7.41,6.348
-15.942,4.192,-0.708
-17.382,1.206,3.314
-11.494,4.941,5.192
-12.784,7.939,7.556
-12.138,8.946,7.125
-9.774,5.742,12.049
-10.29,7.151,13.987
-8.867,4.079,12.958
-18.356,0.534,23.543
-14.576,1.381,18.05
-17.191,0.502,12.157
-21.595,2.665,10.137
-23.076,3.029,8.489
-23.988,2.46,6.257
-25.689,-0.742,4.465
-27.28,-2.464,3.206
-28.491,-2.95,2.003
-30.094,1.73,0.33
-33.245,2.833,-0.048
-28.814,-5.517,-6.718
-29.862,-12.372,-7.539
-26.089,-9.068,-4.237
-24.897,-4.721,-1.376
-25.426,1.55,2.015
-16.095,4.311,1.335
-12.767,0.268,0.359
-15.267,1.493,2.601
-12.97,9.714,4.785
-16.667,18.863,10.68
-19.15,12.324,11.422
-17.435,4.0,11.968
-10.829,26.153,3.575
-10.3,25.888,2.787
-7.876,13.59,13.501
-0.361,14.614,4.137
4.677,9.164,13.358
0.163,0.103,12.118
0.112,3.876,12.65
1.113,7.982,11.417
-0.103,7.915,8.991
-0.77,3.364,10.69
0.385,-0.452,13.944
-0.825,2.213,8.168
0.55,3.814,8.764
1.352,2.388,7.687
1.416,0.122,7.62
1.141,-0.869,8.259
0.251,-0.388,7.728
-0.809,-1.634,6.907
1.464,-0.526,8.704
-0.584,0.368,6.948
-1.359,0.636,11.331
-0.514,-0.959,7.187
-0.328,-0.557,5.182
0.794,3.852,8.408
-3.06,5.436,9.259
-4.63,2.483,8.398
-3.082,-1.17,6.025
-2.589,-1.936,7.544
-3.764,-2.957,7.917
-5.675,4.283,7.673
-6.962,3.275,9.826
-3.85,3.012,9.601
-5.254,-0.187,8.893
-6.056,-1.754,9.654
-6.838,-3.866,9.51
-5.467,2.204,8.472
-5.704,3.876,9.551
-7.503,1.634,9.439
-5.864,0.455,9.223
-4.823,-0.356,10.226
-5.769,-1.835,9.994
-6.63,-0.242,9.544
-6.699,0.61,9.312
-7.398,1.488,9.008
-8.027,-0.51,9.118
-8.195,-2.873,9.609
-7.12,-4.414,8.573
-9.135,-4.979,7.194
-11.063,-6.948,5.874
-12.616,-5.292,5.489
-13.48,-6.111,3.467
-14.162,-7.934,1.457
-21.055,-6.929,-0.869
-23.895,-5.886,-1.718
-19.509,-6.058,-2.783
-21.548,-2.905,-1.617
-21.619,-1.553,0.237
-14.949,-6.068,0.897
-18.593,-8.408,0.419
-18.605,-7.23,4.259
-15.092,-8.367,5.211
-15.296,-5.862,6.745
-11.109,-8.776,4.295
-16.284,-5.331,7.996
-12.791,-9.286,4.922
-17.349,-9.802,3.775
-17.789,-11.894,3.175
-16.31,-7.773,3.876
-15.324,-5.357,2.847
-16.15,-11.896,1.227
-14.98,-9.374,1.924
-17.377,-1.268,2.302
-16.145,0.108,3.579
-17.59,4.457,1.857
-17.181,6.639,3.0
-13.645,4.075,2.615
-12.315,3.149,4.12
-9.396,8.034,8.094
-11.98,10.905,14.253
-13.54,7.589,14.879
-13.702,9.202,13.358
-14.887,15.379,17.117
-17.693,12.791,13.339
-25.625,10.657,9.463
-26.108,8.384,5.003
-28.024,9.477,3.285
-29.405,11.104,0.593
-29.907,6.197,-0.38
-32.345,1.775,2.397
-34.934,-7.02,1.421
-34.487,-5.737,2.505
-35.946,-0.517,1.904
-28.493,0.435,-2.177
-30.673,-0.644,-0.414
-26.45,2.957,1.01
-20.069,4.072,-1.132
-16.353,-8.171,-2.967
-19.945,-8.051,-2.811
-20.0,3.816,-0.026
-12.786,19.476,-1.55
-12.307,17.071,-4.51
-17.789,9.609,-9.068
-37.037,15.784,4.84
-1.239,44.5,8.302
-14.437,22.722,-4.106
-8.58,13.753,4.108
-9.465,10.535,11.69
-3.421,12.035,9.374
-1.988,6.237,12.394
1.428,7.848,13.97
-0.1,4.756,10.877
-3.766,3.833,7.049
-3.56,2.682,10.728
0.043,4.036,10.018
-0.55,7.173,11.181
-0.668,6.632,7.513
1.579,0.699,5.702
0.026,-0.663,5.673
0.658,3.18,5.838
-1.747,6.759,10.68
-1.041,3.565,8.52
0.854,-0.141,6.618
-1.364,3.457,9.609
-1.878,5.687,8.912
-1.61,6.761,9.135
-2.366,6.048,9.314
-3.4,1.029,9.149
-3.072,0.572,6.898
-4.503,2.168,7.331
-3.196,8.046,7.529
-4.127,0.708,4.445
-5.156,0.103,5.615
-6.434,-0.924,6.316
-5.733,4.599,6.252
-7.185,5.075,6.338
-9.14,-1.278,7.702
-6.214,-1.256,5.393
-7.618,-0.392,6.91
-9.063,2.641,6.936
-9.434,3.594,7.197
-8.855,2.452,10.561
-9.154,-0.486,11.106
-8.032,2.467,12.099
-8.853,4.603,9.221
-6.68,-1.431,5.245
-8.917,-2.287,7.905
-9.886,-0.562,9.099
-11.762,-0.081,9.618
-14.315,0.033,7.443
-14.332,-1.247,3.247
-14.348,-2.594,1.445
-17.224,-1.94,2.991
-18.703,-0.287,-0.012
-17.595,-2.692,-3.512
-18.081,-7.412,-2.816
-21.461,-6.716,-0.78
-21.976,1.426,1.938
-20.413,4.828,1.998
-17.145,-1.244,-0.16
-19.739,-2.302,1.268
-19.578,-3.682,6.984
-21.823,-4.268,7.819
-15.889,-6.142,3.644
-13.714,-3.957,4.402
-19.095,-8.338,4.311
-18.997,-10.023,3.596
-15.987,-10.855,2.388
-16.095,-10.446,1.275
-12.985,-3.553,5.29
-14.298,-1.467,2.539
-15.037,-2.46,1.328
-11.544,-1.371,2.074
-12.64,1.921,4.134
-15.98,1.751,5.606
-15.54,2.859,6.58
-13.676,4.575,6.199
-14.334,7.328,9.472
-9.917,10.401,11.822
-7.484,2.278,10.752
-9.965,9.235,16.09
-13.377,6.324,16.753
-15.475,3.472,17.492
-20.825,1.94,13.061
-22.919,4.139,7.874
-21.629,2.194,5.359
-24.438,2.646,5.345
-25.625,3.969,6.252
-27.012,2.084,2.61
-28.211,-1.325,-0.708
-29.405,-4.754,-1.416
-31.828,-5.551,-2.326
-30.001,-2.134,-4.646
-24.005,-3.737,-7.929
-25.364,-5.52,-6.891
-14.257,-1.486,-5.627
-17.262,-2.785,-2.799
-16.222,-1.263,-1.256
-10.554,2.711,1.213
-10.889,6.221,2.964
-8.338,5.713,5.867
-9.867,1.395,5.173
-18.925,10.506,9.286
-25.847,12.413,25.225
-24.062,21.158,17.176
-4.022,32.874,3.036
-12.164,11.673,2.574
-4.015,4.565,10.07
4.512,13.592,12.946
-2.376,13.855,17.834
-1.069,1.672,13.468
2.01,4.874,13.652
2.062,6.218,9.582
-0.897,3.225,15.368
-1.974,2.601,13.164
0.5,4.862,8.85
0.1,4.098,9.336
1.656,1.739,9.838
0.34,0.132,9.432
0.378,1.572,8.652
0.677,2.393,9.855
0.706,-0.725,9.336
1.663,-1.139,9.601
-0.773,0.426,9.202
-0.962,-0.237,7.74
-0.086,-1.981,7.355
-0.522,-0.754,7.312
-0.117,0.105,5.618
-0.134,1.885,6.221
-1.184,3.304,6.491
-2.967,3.649,8.348
-5.132,2.292,9.451
-3.125,-0.696,8.257
-1.785,-0.78,6.441
-3.778,3.333,8.702
-5.551,5.472,9.848
-7.845,8.159,8.943
-6.558,2.89,6.479
-4.534,-2.17,5.075
-5.419,-2.345,7.594
-5.718,-3.742,7.336
-6.314,4.625,8.486
-5.62,6.539,8.022
-7.223,1.754,8.329
-4.469,0.526,8.085
-5.295,2.658,9.257
-6.879,3.342,9.958
-6.977,0.096,7.62
-7.206,-1.086,7.496
-7.778,0.218,8.082
-9.278,-0.409,9.109
-12.217,-1.113,10.743
-13.063,-0.041,6.8
-12.731,-3.347,3.204
-13.358,-5.237,2.445
-16.322,-5.85,4.594
-18.782,-1.012,3.196
-18.947,-0.366,0.809
-18.349,-4.407,-0.096
-22.186,-2.206,1.053
-20.193,-3.072,4.563
-19.26,-2.321,4.615
-17.772,-1.208,6.348
-18.114,-4.151,7.183
-17.789,-0.526,6.467
-13.846,-4.811,3.522
-15.229,-8.838,4.886
-20.416,-9.979,7.812
-18.949,-10.511,6.781
-17.164,-14.147,6.716
-15.344,-10.097,7.747
-14.384,-1.893,5.28
-16.279,-2.072,5.804
-18.102,-5.211,3.842
-14.951,-2.785,6.187
-15.758,0.957,6.793
-10.97,6.659,6.225
-10.027,5.304,7.465
-14.293,0.242,6.403
-14.516,0.84,11.035
-11.233,6.273,11.779
-9.46,8.841,16.215
-8.793,10.025,20.734
-15.64,4.553,18.705
-14.982,6.647,15.186
-22.1,3.842,12.272
-24.416,3.866,10.264
-22.452,4.003,7.065
-24.849,8.269,7.283
-29.261,5.888,6.51
-31.087,0.428,2.261
-30.386,-6.115,0.409
-35.377,-2.543,4.84
-40.468,1.481,1.134
-40.616,0.859,-8.453
-32.096,4.572,-11.69
-27.737,4.46,-10.259
-19.535,1.287,-6.584
-16.293,-3.677,1.5
-13.628,-4.347,3.103
-15.097,-5.747,2.627
-13.035,3.737,1.713
-10.652,10.676,0.543
-14.418,13.707,6.194
-26.479,20.04,15.528
-9.812,45.272,4.493
-11.377,23.914,0.002
-9.939,11.96,4.268
-5.371,5.335,10.958
-1.861,13.104,13.444
-1.96,9.453,14.583
-4.161,3.381,15.289
1.258,1.952,12.518
0.766,5.532,11.403
-2.996,6.845,13.422
-2.041,5.704,13.224
-0.634,3.101,9.7
-0.847,-0.529,9.666
1.414,-2.486,4.381
2.137,2.012,5.522
1.481,3.637,7.192
0.933,1.558,9.388
1.73,1.739,7.223
-0.689,0.813,9.566
0.053,1.665,9.908
-0.244,-0.019,10.898
-0.479,-1.694,11.03
-0.632,-1.318,8.661
-1.885,-1.136,6.568
-0.907,1.952,6.673
-0.577,6.386,7.663
-2.141,4.943,8.082
-2.019,1.27,8.441
-4.034,-2.12,6.941
-3.749,-1.23,7.034
-3.309,4.053,7.663
-4.658,8.893,6.307
-5.867,3.539,5.182
-5.417,1.144,7.888
-7.604,1.964,8.96
-7.745,4.625,7.809
-8.147,3.134,8.774
-6.879,-2.096,7.623
-6.259,3.902,5.584
-6.391,5.111,5.575
-7.769,6.694,5.663
-7.584,4.764,9.281
-7.704,1.402,9.24
-5.967,-0.275,8.094
-6.986,-1.22,8.601
-7.907,1.687,9.278
-8.546,2.596,10.276
-9.81,1.931,12.267
-9.331,0.438,11.171
-10.621,-0.651,8.654
-12.274,-1.031,6.527
-12.796,-1.787,2.732
-13.994,-3.618,3.024
-15.564,-3.78,1.144
-18.734,-3.517,0.342
-21.583,-7.333,-2.235
-23.292,-7.455,-2.187
-22.387,1.766,-0.38
-20.038,0.129,0.115
-18.856,-1.091,2.806
-20.047,-3.192,2.617
-16.262,-1.56,3.275
-17.863,-1.273,5.816
-20.203,-3.244,9.386
-18.952,-6.266,6.158
-16.396,-3.639,6.793
-16.392,-6.553,5.328
-16.65,-8.573,1.718
-14.968,-8.307,4.331
-15.43,-7.037,6.161
-16.346,-4.57,3.998
-14.466,-2.407,5.379
-13.482,3.273,2.558
-14.867,-0.656,1.706
-15.143,1.007,4.718
-14.908,1.383,7.879
-13.635,0.105,8.802
-12.87,4.821,11.305
-7.527,6.836,15.181
-7.991,6.623,14.044
-13.047,8.096,12.819
-11.348,9.367,20.528
-19.004,6.281,19.552
-17.755,4.689,13.951
-22.459,3.065,8.034
-24.457,2.558,5.228
-23.691,1.452,2.644
-23.914,1.876,-2.498
-25.581,-0.641,-4.811
-25.636,-1.385,-4.955
-24.608,0.845,1.792
-28.866,0.67,6.149
-31.211,3.333,4.199
-29.063,2.694,-1.412
-29.345,4.759,-4.953
-20.899,3.388,-7.293
-16.655,-1.548,-7.175
-6.245,-6.328,-1.323
-14.183,-0.232,4.419
-12.523,4.0,2.783
-8.549,7.352,0.601
-8.166,9.702,-1.036
-7.293,15.097,0.223
-18.363,12.807,5.879
-18.976,32.479,10.884
-6.249,40.633,4.551
-7.015,20.937,-0.574
-8.362,5.556,2.483
-1.732,9.159,4.151
4.91,7.683,12.209
-1.797,5.429,15.317
1.01,5.639,13.834
-0.713,5.852,11.358
-1.802,3.773,9.209
-1.957,2.294,16.231
-1.168,3.149,10.36
-1.079,3.895,9.767
0.469,4.477,11.19
1.06,0.574,8.034
1.404,-1.247,6.18
2.649,-0.947,6.694
-0.546,1.144,8.027
-0.641,4.359,9.86
-0.828,-1.046,9.611
-0.081,-2.84,8.975
-1.773,-0.423,8.439
-2.326,2.266,7.819
-1.206,5.398,8.802
-2.395,5.847,8.719
-3.062,1.933,8.228
-4.907,2.115,8.015
-4.508,5.156,7.905
-4.443,8.341,9.889
-3.498,5.115,6.613
-4.95,-0.036,5.357
-4.8,-0.802,5.601
-7.503,0.431,5.146
-6.838,5.568,6.333
-7.666,9.022,8.855
-7.35,3.4,6.793
-6.802,1.701,6.84
-5.501,2.539,6.388
-6.644,4.78,8.819
-7.917,2.165,7.886
-5.91,-0.129,6.826
-6.558,-1.034,9.295
-6.56,3.29,8.326
-9.613,5.565,9.097
-9.154,2.725,8.448
-8.893,1.144,10.434
-9.872,0.534,9.566
-10.259,1.443,8.352
-10.362,0.242,8.379
-12.161,-1.955,6.216
-14.525,-4.29,4.677
-16.719,-3.223,4.094
-18.236,-1.483,1.572
-19.523,-4.61,-0.804
-24.545,-2.852,-1.091
-25.089,-2.364,-2.029
-18.653,2.713,-0.888
-15.487,-0.258,-0.146
-18.492,-6.281,-0.5
-18.442,-6.738,2.974
-15.76,-9.989,4.089
-14.889,-2.495,6.625
-13.207,-2.876,5.608
-13.812,-10.113,4.288
-17.885,-12.65,4.924
-16.148,-7.111,6.137
-18.798,-7.869,4.438
-18.054,-2.943,4.728
-16.882,-2.845,5.292
-13.408,-4.651,7.037
-18.059,-1.395,4.438
-17.112,9.271,3.287
-12.243,7.57,1.957
-15.81,-2.668,1.201
-16.133,1.55,5.479
-9.097,5.709,7.826
-9.544,9.166,11.838
-7.879,13.793,17.64
-11.398,10.642,15.781
-13.2,10.781,12.138
-14.671,6.788,16.526
-17.923,7.831,15.372
-23.409,9.685,10.546
-25.646,8.874,6.424
-25.95,5.491,2.464
-26.0,8.113,2.251
-27.826,7.395,0.701
-30.936,6.915,1.172
-32.893,3.912,3.252
-35.984,0.897,3.393
-37.097,4.221,2.761
-33.625,3.175,-0.931
-36.695,-3.412,-4.299
-29.764,-6.74,-3.34
-31.13,-1.146,3.651
-25.201,-2.46,4.015
-21.222,-2.644,1.299
-17.808,6.065,-0.469
-14.387,14.004,0.785
-13.564,17.877,-3.443
-20.002,11.133,-9.377
-29.881,25.665,5.529
-5.536,44.339,4.527
-13.142,21.966,-4.735
-10.245,9.776,3.199
-5.182,16.016,7.455
1.139,11.616,11.992
-0.225,5.969,10.791
1.12,7.498,10.3
0.737,8.128,10.98
-2.065,9.221,9.269
-3.9,7.618,10.972
-1.567,5.78,9.704
-1.849,3.948,11.212
-1.462,3.85,9.778
0.553,5.407,7.305
0.167,4.747,8.91
0.105,0.77,8.431
0.105,-0.261,6.807
-0.847,0.995,8.388
-1.23,2.749,7.922
-1.211,1.782,8.862
-0.835,0.141,8.793
-1.05,0.373,4.91
-1.881,2.598,5.965
0.251,5.886,6.548
-1.402,6.706,7.726
-2.773,-0.304,5.857
-2.955,1.931,7.577
-5.221,4.465,5.589
-4.601,6.541,6.273
-4.634,8.479,9.848
-7.941,5.883,8.709
-6.862,0.802,8.644
-5.405,2.28,5.747
-6.58,6.245,8.039
-7.331,3.031,7.424
-6.094,-2.512,8.075
-4.534,0.857,6.431
-6.79,4.283,9.18
-7.465,3.811,8.982
-7.46,-0.548,8.575
-6.589,1.761,11.094
-2.61,4.634,10.391
-5.249,4.374,9.154
-8.247,4.4,9.664
-7.486,2.316,9.582
-3.469,0.409,7.008
-7.544,0.435,7.604
-10.305,-1.431,7.697
-11.712,-3.261,5.67
-12.463,-4.955,2.467
-12.798,-5.795,-2.833
-15.887,-7.604,-3.869
-19.875,-7.017,-2.366
-25.682,-1.101,-2.921
-21.028,-1.828,-3.61
-21.617,-4.548,-3.558
-21.351,0.285,-0.433
-21.469,-0.239,1.572
-17.057,-2.438,0.522
-18.406,-1.94,3.242
-17.057,-0.656,3.692
-17.777,-6.965,6.481
-14.851,-4.204,9.601
-15.391,-7.757,5.778
-17.222,-10.324,2.278
-16.566,-10.841,2.321
-16.195,-11.348,4.577
-17.473,-5.953,4.213
-15.765,-5.118,6.027
-13.786,-6.192,5.032
-15.169,-4.67,3.33
-11.922,3.981,4.34
-13.623,7.386,4.797
-13.386,7.029,2.661
-21.993,4.41,4.163
-9.824,-3.295,2.931
-9.324,-1.842,10.728
-10.267,3.304,16.925
-7.809,8.618,15.231
-15.511,15.042,13.705
-14.432,12.066,18.466
-15.975,9.977,15.578
-19.614,7.565,11.879
-21.076,4.132,6.917
-20.933,2.706,5.508
-21.985,2.067,3.816
-22.902,2.5,3.438
-22.445,3.469,1.677
-23.756,3.127,2.06
-26.438,5.089,2.483
-29.783,3.823,2.28
-27.594,2.51,-1.515
-21.26,3.484,-4.223
-15.588,-0.115,-5.022
-13.721,-5.898,-2.96
-9.152,-8.053,-1.761
-19.574,-5.618,5.881
-16.291,0.962,6.642
-11.934,6.508,2.101
-10.688,4.654,-0.804
-13.97,10.393,1.192
-23.143,11.319,13.044
-12.898,47.801,15.126
-8.341,45.863,3.091
-18.578,8.996,-5.934
-4.264,12.458,4.89
-9.977,8.675,15.36
0.778,10.006,10.551
2.778,3.847,10.106
-0.711,1.775,10.901
-1.306,5.254,12.346
6.237,3.232,15.631
-1.916,3.723,12.47
0.153,1.074,12.044
-0.45,2.184,10.183
0.443,0.359,8.168
1.919,1.373,10.307
1.78,1.041,9.42
0.007,1.352,9.424
-0.574,-0.301,8.228
-0.818,0.457,8.341
-1.093,0.395,9.293
-1.321,-0.67,9.75
-1.108,-0.517,8.745
-0.787,0.115,7.082
-0.794,0.813,6.19
-2.0,5.379,7.881
-3.287,2.318,8.58
-2.622,1.931,8.204
-5.005,1.017,8.228
-4.276,3.029,9.508
-4.266,2.39,9.838
-4.931,1.541,7.582
-5.556,1.055,8.838
-5.871,0.72,7.673
-5.85,5.678,7.556
-5.17,3.68,4.414
-5.747,-2.12,7.635
-5.783,-0.179,8.197
-6.039,0.66,7.479
-7.668,1.476,7.965
-7.931,2.316,8.302
-7.52,1.364,9.173
-5.39,-2.309,8.3
-5.364,-1.065,8.329
-5.594,-0.557,8.369
-6.51,-0.053,9.606
-8.975,0.412,10.393
-10.226,0.304,9.448
-8.415,-4.414,6.663
-5.17,-6.706,6.604
-11.872,-10.085,6.29
-8.91,-12.396,3.237
-13.288,-9.341,1.467
-15.411,-9.36,-2.842
-18.798,-8.391,-4.677
-20.746,-5.699,-6.19
-19.643,-4.575,-7.142
-21.516,-3.278,-6.063
-22.117,-3.991,-5.283
-19.43,0.096,0.55
-14.186,-0.371,0.273
-15.1,1.448,2.601
-19.148,-6.47,7.077
-13.889,-10.597,6.513
-17.286,-9.594,5.639
-14.631,-8.795,5.802
-18.71,-7.496,5.773
-12.473,-10.86,0.328
-13.889,-13.604,-1.113
-14.154,-12.525,0.845
-11.788,-8.807,3.266
-15.408,-11.348,1.89
-12.36,-9.601,-2.024
-11.594,-7.824,-2.852
-13.762,0.62,0.17
-13.7,-2.866,-5.292
-14.53,-6.604,-2.216
-12.391,1.349,-0.041
-11.348,3.548,3.694
-12.606,3.007,3.955
-10.898,4.182,5.891
-5.357,3.438,4.347
-8.776,5.412,3.665
-10.936,7.068,3.84
-10.446,10.913,4.197
-6.644,9.613,7.874
-9.975,1.699,7.982
-15.238,0.557,11.283
-10.202,8.685,8.14
-9.331,11.14,6.015
-13.695,10.413,3.663
-13.633,8.202,2.704
-14.281,6.793,2.529
-15.047,5.448,1.345
-15.277,4.376,0.407
-14.999,0.959,-2.036
-13.745,0.345,-1.644
-13.358,1.644,0.333
-14.233,-0.141,-0.679
-14.37,0.833,-1.007
-14.159,1.976,-1.361
-13.965,4.852,-2.338
-13.58,6.151,-3.551
-11.968,4.709,-3.319
-10.448,1.593,-3.711
-9.338,2.211,-2.684
-10.135,3.673,-2.895
-9.073,6.245,-1.974
-10.135,6.864,-0.802
-8.771,3.72,-0.586
-13.698,7.223,-5.589
-16.581,21.253,-2.969
-11.377,23.675,-9.683
-14.64,19.476,-4.835
-13.762,23.844,2.661
-6.812,19.052,1.342
-7.532,15.004,2.603
-7.517,7.986,6.948
-4.56,7.35,4.371
3.041,9.661,23.543
-6.252,9.924,10.652
-4.12,11.953,11.561
-4.268,10.984,11.259
-3.62,8.041,10.192
-2.39,7.278,10.168
-2.917,6.831,9.472
-2.503,8.068,9.86
-2.122,9.728,10.848
-2.653,6.9,10.826
-2.07,4.438,10.678
-0.955,5.737,11.259
-2.184,6.52,11.367
-2.393,5.752,12.193
-2.038,3.445,11.992
-1.098,2.266,11.575
-0.266,2.845,11.537
-0.569,2.361,12.286
0.388,3.565,11.286
0.56,3.847,9.577
0.122,3.9,9.262
1.132,4.192,8.809
0.641,3.266,7.97
1.091,3.213,6.517
1.395,2.792,-0.079
2.165,0.9,0.792
0.711,-0.474,0.567
0.813,0.234,-1.4
-3.12,-13.762,-0.407
-3.488,5.972,26.213
-13.162,5.323,13.19
-3.388,12.803,4.362
4.046,-1.266,5.501
10.75,-1.491,7.065
11.513,-1.902,12.556
11.259,-6.156,11.276
7.668,-1.378,7.092
3.625,1.969,7.139
5.223,2.204,9.039
6.039,0.287,8.044
5.919,1.916,6.718
6.618,1.242,7.86
7.288,-0.419,7.058
6.422,0.938,7.015
6.333,2.483,7.766
6.328,0.943,7.496
6.728,1.139,7.211
7.049,0.632,7.209
7.029,0.342,7.86
6.525,1.184,7.386
7.087,0.254,7.34
6.082,1.108,7.558
6.501,0.935,7.611
6.874,0.569,7.319
6.015,1.467,7.269
6.879,-0.089,7.632
6.534,1.086,7.376
6.127,0.266,7.735
6.319,0.746,7.319
5.661,0.955,7.541
6.51,0.94,7.486
5.979,0.711,7.747
6.158,1.227,7.869
5.321,0.725,8.092
5.943,0.976,7.807
5.936,1.577,7.372
5.907,0.947,7.4
5.8,1.369,8.032
5.663,1.043,8.006
5.395,0.857,8.25
5.888,0.77,7.742
6.115,1.761,7.515
6.017,1.247,7.778
5.256,1.562,8.106
5.247,1.553,8.257
5.553,1.337,8.032
5.601,1.136,7.867
5.668,1.589,7.733
5.917,2.591,7.525
6.032,1.67,8.147
5.946,1.17,8.044
5.462,2.053,8.197
5.221,2.089,8.106
5.412,2.467,7.843
5.635,1.883,8.065
5.213,1.632,8.032
4.862,2.579,8.379
5.118,3.847,8.288
4.993,2.931,7.845
4.402,2.718,8.185
4.393,3.467,8.187
3.902,4.189,8.659
4.594,4.85,8.467
4.728,4.701,8.219
4.304,4.833,8.29
4.098,4.919,8.608
5.111,5.044,9.47
5.283,5.412,9.877
5.563,5.374,11.405
5.522,5.984,12.437
6.197,6.419,12.011
6.924,7.41,11.001
7.35,6.348,9.35
8.341,5.891,8.18
8.577,5.249,7.795
7.283,4.797,7.723
6.864,4.957,6.843
7.69,4.388,5.835
7.479,5.895,6.084
8.14,6.307,5.453
6.831,4.625,6.034
7.25,4.103,5.663
6.46,2.893,4.847
5.955,1.553,2.976
6.08,0.687,2.302
6.565,-0.17,1.957
5.606,-0.426,2.929
5.154,-0.967,4.077
4.709,-0.72,5.331
4.144,-0.335,5.599
3.725,-0.916,6.056
3.395,-0.892,6.223
3.268,0.407,6.051
3.457,1.524,7.68
3.531,2.806,8.489
3.68,3.177,8.707
3.864,2.536,8.534
4.883,1.692,7.19
6.343,1.129,6.615
5.46,0.002,7.111
5.0,-1.443,7.362
4.802,-1.782,7.022
5.879,-0.055,6.627
5.527,0.825,6.864
4.465,0.778,6.458
3.878,1.515,5.675
3.96,2.694,4.902
3.866,3.957,4.481
4.204,4.835,6.704
5.252,2.608,25.146
2.464,-5.163,24.608
3.95,-0.144,1.476
6.91,-1.522,2.491
5.096,0.072,5.472
5.455,-2.0,7.819
4.771,-2.543,8.989
5.151,-2.129,8.104
6.424,-2.881,5.852
6.917,-1.708,5.979
6.86,-1.146,6.883
6.618,-0.986,7.355
6.199,-1.629,8.02
6.395,-1.919,8.08
6.357,-1.94,8.02
6.374,-1.727,7.644
6.879,-1.584,7.393
5.656,-1.165,8.006
6.118,-2.371,7.496
5.716,-3.007,7.383
5.637,-2.196,7.29
5.788,-1.672,7.695
6.106,-1.505,7.922
5.651,-1.761,7.972
5.902,-1.567,8.147
6.08,-0.983,8.35
6.312,-1.213,7.553
5.891,-1.814,7.166
5.862,-2.366,7.367
5.594,-2.905,7.537
6.151,-3.842,7.395
5.874,-3.962,7.869
5.434,-1.641,7.395
5.565,-1.443,8.219
5.902,-2.019,7.147
6.139,-2.402,7.97
5.565,-0.352,8.434
5.666,-1.778,7.439
5.996,-3.153,6.955
6.065,-2.881,7.139
5.864,-2.601,7.599
5.711,-2.472,7.661
6.269,-1.904,7.326
5.917,-1.275,7.539
6.209,-2.082,7.831
6.754,-1.754,7.517
5.745,-2.326,6.802
6.769,-3.397,6.486
8.3,-3.017,6.915
4.333,-2.661,6.922
6.565,-2.055,6.804
5.288,-1.354,6.738
6.316,-0.553,8.207
5.632,-0.132,8.3
5.19,-0.024,8.412
5.39,-0.383,8.549
5.704,-0.263,8.19
5.237,-0.579,8.372
4.907,-0.273,8.608
5.197,-0.861,8.585
5.123,-0.593,8.63
5.125,-0.546,8.553
4.481,-0.727,8.065
4.969,-0.658,8.197
5.343,-0.301,8.4
4.955,0.067,8.441
5.125,-0.091,8.293
5.015,-0.139,7.812
5.828,-0.378,8.618
4.867,0.29,8.709
4.895,0.297,8.733
4.886,0.572,8.661
4.321,0.634,8.458
4.675,0.778,8.697
4.493,0.481,8.805
4.625,0.115,8.809
5.187,0.412,8.821
4.491,0.469,8.439
5.328,0.433,8.656
4.319,0.912,8.635
4.646,1.029,8.709
5.199,0.608,8.884
4.752,0.419,8.833
4.601,0.299,8.675
4.689,0.16,8.604
4.922,0.019,8.618
5.053,0.309,8.455
5.498,-0.069,8.269
5.477,-0.249,8.092
5.642,-0.397,8.041
5.728,-0.258,8.077
6.044,0.036,8.254
5.522,0.089,8.197
5.323,-0.136,7.941
5.553,0.029,8.025
6.276,-0.275,8.204
6.058,-0.002,8.297
5.905,-0.249,8.166
5.972,-0.031,8.061
5.74,-0.045,7.728
5.587,0.167,7.577
5.252,0.323,7.8
5.266,0.019,7.776
5.757,0.223,8.058
5.553,0.234,7.996
5.199,0.067,8.118
5.213,0.167,7.759
6.092,0.263,8.367
5.448,0.005,8.664
5.816,0.096,8.484
5.134,0.297,8.475
5.206,0.244,8.36
5.211,0.579,8.453
5.625,0.569,8.372
5.192,0.268,8.228
5.101,0.211,8.204
5.146,-0.072,8.053
5.661,0.227,8.202
5.615,0.033,8.254
5.422,-0.376,8.171
5.335,-0.287,8.183
5.4,-0.395,8.128
5.637,-0.215,8.223
5.446,-0.361,8.242
5.484,-0.536,8.343
5.826,-0.713,8.204
6.151,-0.325,8.341
5.398,-0.079,8.154
4.874,-0.129,8.3
5.386,-0.412,8.453
5.484,-0.5,8.379
5.62,-0.156,8.345
5.072,-0.002,8.496
5.137,-0.117,8.513
5.297,-0.282,8.518
5.383,-0.294,8.417
4.527,0.014,8.082
5.182,0.23,8.427
5.398,-0.557,8.623
5.462,-0.775,8.544
5.367,-0.471,8.436
6.051,-0.349,8.51
4.594,-0.656,8.187
4.833,-0.548,8.453
5.185,-0.526,8.496
5.644,-0.388,8.393
5.568,-0.447,8.13
5.498,-0.23,8.156
5.63,-0.435,8.436
5.333,-0.318,8.553
5.474,-0.246,8.41
5.623,-0.567,8.192
5.012,-0.261,8.044
4.981,-0.971,7.931
5.414,-0.995,7.666
6.493,-2.084,6.816
5.613,-3.259,5.491
6.089,2.28,8.987
6.12,-0.141,7.73
6.852,-1.091,7.592
5.675,-0.56,7.864
5.29,2.213,8.498
5.02,2.227,8.561
5.431,0.569,8.219
5.847,-0.758,8.219
5.123,-0.129,7.972
4.895,-1.852,9.661
6.68,-1.086,7.479
6.295,-0.823,7.357
5.713,-0.481,7.355
6.096,-0.715,7.328
6.443,-1.357,7.151
6.611,-1.861,7.187
5.364,-1.948,6.795
5.594,-3.235,9.869
5.769,-1.244,7.307
8.096,-2.036,6.73
6.924,-2.708,7.101
5.742,-2.328,6.709
6.118,-0.529,7.486
5.221,-0.419,7.156
6.283,-0.27,8.137
4.704,-1.646,7.563
6.142,-0.924,8.242
6.094,0.299,8.422
5.484,0.617,8.219
5.084,-0.624,7.852
4.285,-1.213,7.757
4.768,0.026,8.558
4.378,0.675,9.058
4.649,0.536,8.9
5.051,1.302,8.951
5.343,1.23,8.826
4.826,0.256,8.762
4.972,0.553,9.156
4.414,-0.318,9.207
3.701,0.23,8.422
4.642,0.909,8.838
4.015,-0.077,8.513
4.675,0.416,9.427
4.259,-0.419,8.659
3.833,-0.031,8.977
2.151,2.038,9.58
1.218,1.739,9.097
2.57,-2.306,8.503
4.424,-1.285,8.726
1.802,-0.22,9.188
5.087,0.653,8.922
5.374,0.002,8.845
4.936,-1.325,8.568
6.013,-1.871,8.075
4.761,-1.814,8.094
5.546,-1.089,8.341
4.608,-1.211,9.082
5.345,-1.57,8.424
4.165,-1.682,7.979
6.075,0.579,8.845
9.168,-0.452,7.261
8.549,-2.127,7.74
4.634,-1.842,7.97
6.867,0.368,9.307
4.843,-2.431,8.041
5.728,-1.153,6.742
5.639,-1.144,8.065
3.634,-1.672,8.073
3.326,-1.402,8.288
7.716,-1.093,7.611
5.757,-3.299,8.551
5.343,-3.046,7.13
4.871,-1.562,8.738
4.922,-1.572,8.262
6.295,-1.215,8.214
5.883,-1.634,8.3
5.568,-1.314,8.238
5.91,-0.914,7.776
6.369,-1.859,7.637
5.443,-3.603,7.486
5.522,-0.991,7.934
5.876,-0.392,7.795
5.601,-1.543,7.561
6.082,-3.656,7.23
5.563,-2.522,7.288
5.73,-2.498,7.587
5.737,-1.529,7.773
5.699,-0.792,8.35
3.481,1.876,9.305
2.83,-1.517,9.51
3.022,-3.766,8.463
3.551,-1.081,8.75
5.237,-0.184,8.128
5.484,0.072,9.087
5.417,0.67,8.723
4.706,0.902,9.331
4.529,-0.347,8.805
5.067,-0.823,8.697
4.792,-0.782,8.367
4.651,0.725,8.637
5.125,1.433,9.097
4.666,0.208,8.4
4.709,-0.514,8.259
4.57,-0.823,8.704
4.776,-0.366,8.711
5.843,-0.787,8.013
5.192,-2.172,7.8
5.742,-2.28,7.891
5.74,-1.445,8.044
6.108,-0.713,8.034
5.283,-0.345,8.69
4.831,-0.433,8.685
5.01,-0.928,8.465
5.355,-1.203,8.219
5.417,-1.33,7.613
5.02,-0.916,8.592
5.835,-0.433,8.24
5.479,-0.371,8.116
5.063,-0.873,8.329
4.876,-1.371,8.386
5.228,-0.694,7.874
6.123,-0.345,8.293
5.505,-0.455,8.233
4.764,-1.4,8.372
4.89,-1.704,8.348
5.481,-0.821,8.386
5.721,-0.754,8.23
5.706,-0.589,8.137
4.821,-0.653,8.388
5.058,-1.273,8.192
5.383,-1.311,8.305
5.711,-0.553,9.065
5.123,0.361,7.829
5.797,-0.029,8.745
5.252,-1.311,8.238
4.744,-1.78,8.159
5.706,-0.12,8.345
6.003,0.196,8.314
5.575,-0.498,8.058
5.022,-1.725,8.163
5.245,-2.194,8.063
5.575,-1.141,8.18
5.68,-0.713,8.23
5.462,-1.113,8.211
5.438,-1.493,8.092
5.606,-1.536,8.092
5.819,-1.058,7.96
5.673,-0.639,8.001
5.606,-0.691,8.082
5.544,-0.998,8.032
5.668,-1.292,8.037
5.771,-1.407,7.974
5.419,-0.73,8.216
5.374,0.103,8.424
5.017,-0.292,8.489
4.967,-1.373,8.613
5.606,-1.744,8.312
5.783,-1.371,7.974
5.804,-0.196,8.283
5.3,-0.459,8.345
5.532,-1.105,7.974
5.795,-1.785,7.721
5.984,-1.893,7.599
5.948,-1.486,7.565
5.886,-0.943,7.702
6.056,-1.089,7.635
4.008,-1.785,5.929
6.532,-0.555,8.178
5.924,-1.129,8.769
5.216,-0.51,7.831
6.125,0.49,8.171
6.369,-0.694,7.785
5.766,-0.081,8.927
5.101,-0.577,7.671
6.106,-1.055,7.558
6.355,-0.055,7.996
5.359,-0.225,8.288
5.357,-1.115,8.24
5.524,-1.658,7.86
5.556,-2.17,7.479
5.319,-2.402,7.159
5.067,-1.658,7.759
5.369,-2.156,7.884
5.68,-2.357,7.606
6.005,-1.816,7.843
6.149,-2.795,7.565
5.278,-2.572,7.345
6.393,-1.299,7.757
7.02,-1.464,7.766
6.422,-1.694,7.814
5.034,-2.036,7.506
5.704,-1.416,7.45
6.625,-0.72,7.62
6.096,-0.72,7.986
5.347,-1.311,8.125
6.326,-1.773,7.367
6.623,-1.526,7.285
6.056,-0.849,7.58
6.544,-0.081,7.742
6.496,-0.275,7.824
5.769,-1.431,7.757
5.783,-1.983,7.508
6.127,-1.622,7.431
6.534,-0.464,7.632
6.343,0.093,7.915
5.769,-1.055,7.805
5.783,-2.187,7.477
6.175,-1.962,7.261
6.264,-0.933,7.47
6.415,-0.251,7.666
6.245,-0.696,7.802
5.989,-1.431,7.589
5.931,-1.974,7.491
6.07,-1.483,7.503
6.144,-0.244,7.745
5.893,-0.244,7.96
5.809,-1.275,7.733
6.017,-2.077,7.419
6.015,-2.137,7.405
6.056,-1.493,7.582
6.151,0.163,7.869
5.67,0.115,8.865
4.972,-2.256,7.529
6.938,-2.357,7.558
6.23,-1.421,7.728
4.984,-1.218,8.027
4.986,-1.507,7.757
6.809,-0.622,7.58
6.426,-1.766,7.608
5.379,-1.866,7.604
6.168,-0.517,7.979
6.168,0.022,8.223
5.833,-0.096,7.955
6.106,-1.002,7.819
4.981,-1.952,8.226
2.139,-1.668,7.807
7.154,-0.026,7.85
5.498,0.055,8.207
5.455,-1.239,7.953
5.69,-1.902,7.807
5.601,-2.177,7.829
5.149,-1.627,7.872
5.711,-0.739,8.104
5.718,-0.945,8.152
5.446,-2.153,7.752
5.742,-2.763,7.439
5.857,-2.527,7.415
5.922,-1.337,7.747
5.52,-1.189,7.998
5.364,-1.696,8.123
5.704,-1.979,8.092
5.594,-1.187,8.245
5.194,-0.481,8.508
4.78,-0.5,8.738
4.785,-0.84,8.656
5.163,-0.935,8.534
5.412,-0.816,8.331
5.457,-1.005,8.245
5.611,-1.761,8.092
5.3,-1.924,8.044
5.276,-2.23,7.482
5.278,-0.993,8.022
4.027,-0.45,8.86
6.12,-0.031,8.606
5.907,-1.455,7.893
4.821,-1.261,8.532
4.11,0.49,9.365
5.213,0.203,8.872
4.986,0.074,8.781
3.031,0.263,8.635
4.515,-0.261,9.099
4.955,0.16,8.764
5.522,-0.29,8.697
4.567,0.244,8.702
4.682,-0.199,8.451
4.716,-0.287,8.388
5.077,-0.581,8.317
5.934,-0.77,8.24
5.943,-0.813,8.274
5.414,-0.718,8.539
5.223,-0.517,8.321
5.237,-0.988,8.063
5.3,-0.897,8.453
4.644,-0.378,8.884
3.675,-0.007,8.599
4.522,0.806,9.022
4.783,-0.153,8.723
4.666,-0.309,8.611
5.039,-0.28,8.642
5.388,-0.301,8.355
5.094,-0.543,8.608
5.056,-0.567,8.597
5.082,-0.488,8.441
5.07,-0.368,8.451
5.02,-0.294,8.628
5.323,-0.345,8.513
5.233,-0.483,8.463
5.223,-0.613,8.293
5.206,-0.335,8.47
5.115,-0.55,8.321
4.919,-0.366,8.489
5.192,-0.634,8.331
5.163,-0.524,8.24
5.218,-0.534,8.302
5.201,-0.443,8.46
5.352,-0.62,8.553
5.369,-0.589,8.455
5.264,-0.684,8.652
5.13,-0.498,8.558
5.493,-0.342,8.396
5.627,-0.708,8.307
5.379,-0.122,7.936
4.706,-0.694,8.168
5.467,-0.869,8.443
5.718,-0.823,8.489
4.539,-0.129,7.831
11.922,0.053,7.209
6.438,-0.409,7.922
6.001,-0.768,7.958
5.692,-0.892,8.099
5.666,-0.488,8.051
5.891,-0.409,8.029
5.646,-0.708,8.096
5.371,-0.67,8.027
5.446,-0.746,8.35
6.087,-0.78,7.991
5.493,-0.926,8.46
5.489,-0.653,8.13
5.228,-0.562,8.027
5.422,-0.873,8.489
5.218,-0.656,8.479
5.18,-0.711,8.498
5.34,-0.663,8.266
5.938,-0.756,8.056
5.855,-0.995,7.948
5.649,-0.679,8.013
5.577,-0.569,8.271
5.359,-0.699,8.137
5.63,-0.73,7.979
5.73,-0.634,8.08
5.69,-0.569,7.998
5.288,-0.723,8.211
5.498,-0.639,8.374
5.824,-0.746,8.238
5.637,-0.629,7.951
5.491,-0.364,8.123
5.302,-0.467,8.13
5.118,-0.852,8.419
5.501,-0.806,8.197
5.441,-0.569,8.223
5.453,-0.653,8.073
5.383,-0.675,7.97
5.623,-0.723,8.156
5.505,-0.632,8.384
5.941,-0.61,8.281
5.343,-0.768,8.154
5.242,-0.775,8.223
5.067,-0.792,8.221
5.453,-0.763,8.4
5.304,-0.677,8.338
5.424,-0.79,8.309
5.376,-0.799,8.329
5.381,-0.665,8.41
5.551,-0.802,8.233
5.101,-0.584,8.396
4.993,-0.72,8.453
5.056,-0.589,8.635
5.204,-0.531,8.398
5.247,-0.457,8.264
5.773,-0.641,8.345
5.357,-0.629,8.343
5.323,-0.61,8.424
4.804,-0.459,8.271
5.034,-0.443,8.288
5.235,-0.589,8.494
5.235,-0.581,8.542
4.957,-0.577,8.417
4.883,-0.512,8.472
5.058,-0.469,8.417
5.273,-0.579,8.618
5.323,-0.646,8.458
5.056,-0.699,8.379
5.134,-0.675,8.453
4.919,-0.677,8.458
4.993,-0.648,8.47
5.424,-0.708,8.467
5.498,-0.787,8.364
5.02,-0.723,8.417
5.003,-0.749,8.642
5.072,-0.675,8.532
4.888,-0.646,8.403
4.953,-0.62,8.376
5.034,-0.735,8.364
5.422,-0.813,8.396
5.457,-0.816,8.491
5.405,-0.849,8.513
4.843,-0.778,8.192
4.941,-0.725,8.348
5.326,-0.735,8.4
5.12,-0.687,8.333
5.111,-0.811,8.293
5.268,-0.821,8.443
5.151,-0.871,8.41
5.194,-0.768,8.458
5.247,-0.878,8.41
5.194,-0.921,8.434
5.192,-0.907,8.348
5.144,-0.904,8.463
5.307,-0.864,8.245
5.534,-0.883,8.309
5.414,-0.864,8.491
5.209,-0.751,8.472
5.005,-0.782,8.496
5.101,-0.675,8.321
5.254,-0.727,8.403
5.218,-0.72,8.412
5.34,-0.878,8.482
5.044,-0.766,8.355
5.132,-0.809,8.278
5.297,-0.845,8.415
5.216,-0.955,8.209
5.266,-1.036,8.259
5.321,-0.964,8.494
5.304,-0.909,8.41
5.077,-0.864,8.207
4.943,-0.933,8.25
5.654,-0.964,8.489
5.465,-0.89,8.309
4.855,-0.806,8.422
5.048,-0.823,8.649
5.187,-0.617,8.295
5.146,-0.885,8.362
5.254,-0.825,8.422
5.276,-0.854,8.405
5.271,-0.854,8.431
5.106,-0.794,8.367
5.003,-0.892,8.419
4.95,-0.962,8.379
5.357,-1.053,8.439
5.414,-1.007,8.666
5.017,-0.938,8.336
4.924,-0.95,8.264
5.022,-1.043,8.475
5.235,-1.019,8.539
5.323,-1.031,8.431
5.223,-0.967,8.458
5.271,-0.976,8.343
5.125,-0.866,8.357
5.099,-0.837,8.285
5.087,-0.727,8.47
5.204,-0.775,8.348
5.417,-0.871,8.408
5.146,-0.847,8.549
4.862,-0.696,8.525
4.8,-0.675,8.374
5.046,-0.744,8.613
5.039,-0.744,8.534
4.869,-0.878,8.317
4.859,-0.859,8.434
5.18,-0.83,8.305
5.548,-0.768,8.503
5.221,-0.88,8.585
4.768,-0.742,8.537
4.89,-0.684,8.563
4.833,-0.687,8.47
5.005,-0.665,8.75
4.862,-0.727,8.664
4.991,-0.665,8.455
5.271,-0.79,8.57
5.3,-0.845,8.563
5.197,-0.77,8.431
4.953,-0.797,8.518
5.19,-0.857,8.482
5.084,-0.878,8.324
3.433,-7.118,10.625
6.785,6.962,2.089
5.594,-0.617,-0.998
4.546,-4.366,4.359
5.003,-0.737,8.747
4.759,-0.565,8.352
4.986,-0.797,8.482
5.041,-0.84,8.551
5.012,-0.885,8.331
5.065,-1.017,8.422
5.103,-1.034,8.656
4.804,-1.086,8.747
5.063,-1.11,8.568
5.534,-0.935,8.431
4.563,-0.701,8.448
4.895,-0.861,8.41
5.266,-0.914,8.546
4.768,-0.974,8.647
5.491,-0.73,8.278
4.969,-0.313,8.549
6.47,-0.78,8.506
5.711,-0.041,8.635
4.137,-1.316,8.46
5.268,-0.902,8.778
5.173,-0.859,8.427
5.702,-2.0,8.728
4.237,-2.44,8.427
2.084,-0.005,9.558
4.527,-1.759,8.656
3.699,-4.101,7.788
6.989,-1.787,9.642
2.072,0.1,5.929
7.587,-2.005,9.386
3.137,-1.019,8.482
5.582,-0.833,8.532
4.477,-0.526,8.723
4.39,-0.699,8.917
4.144,-0.682,8.922
4.137,-0.529,8.989
4.369,-0.146,8.934
4.453,-0.024,8.996
4.319,-0.828,8.996
4.455,-1.0,8.862
4.333,-0.746,8.879
4.082,-0.727,8.941
4.165,-0.34,8.927
4.833,-0.225,8.939
4.316,-0.459,8.994
4.225,-0.488,9.049
4.237,-0.775,8.853
4.395,0.091,8.855
4.283,0.112,8.922
4.295,-0.474,8.989
4.142,-0.897,8.905
4.307,-0.651,9.063
4.043,-0.452,8.97
4.182,0.246,9.058
4.414,0.203,9.147
4.271,-0.378,9.168
4.309,-0.543,8.829
4.493,-0.624,8.802
4.436,-0.268,8.886
4.5,0.481,8.774
4.206,-0.108,8.879
4.17,-0.423,8.781
4.192,-0.603,8.85
4.115,-0.498,8.786
4.209,-0.012,8.898
4.326,0.124,8.977
4.084,-0.519,8.989
4.034,-0.601,8.977
4.206,-0.493,9.18
4.316,-0.098,9.345
3.744,0.012,9.472
3.474,-0.045,9.786
3.551,-0.057,9.542
3.902,0.524,9.467
4.031,0.601,9.274
4.058,0.194,9.097
3.965,-0.402,8.888
4.192,-0.368,8.831
4.465,-0.091,8.745
4.232,-0.165,8.75
3.933,-0.189,8.838
3.979,-0.873,8.948
4.185,-0.83,8.946
4.742,-0.301,9.006
4.288,-0.572,8.891
3.646,-0.699,9.298
4.29,-1.18,9.427
4.555,-1.019,9.204
4.79,-0.081,9.006
4.572,-0.043,8.841
4.285,-0.512,8.845
4.177,-0.979,8.958
4.359,-1.696,8.781
4.591,-1.019,8.697
4.776,-0.613,8.798
4.472,-0.672,8.853
4.201,-1.364,8.79
4.11,-1.529,8.649
4.56,-1.436,8.587
4.857,-1.12,8.451
4.721,-1.01,8.812
4.395,-1.574,8.537
4.673,-1.835,8.585
4.759,-1.68,8.489
4.5,-1.45,8.553
4.548,-1.072,8.826
4.381,-2.165,8.69
4.4,-1.419,8.475
4.821,-1.201,9.121
4.438,-2.395,8.465
4.68,-0.988,9.128
4.675,-2.323,8.477
4.788,-2.058,8.714
4.905,-2.216,8.525
4.771,-1.457,8.527
4.572,-1.601,8.563
4.445,-1.749,8.637
4.711,-2.031,8.494
4.517,-2.17,8.343
4.764,-1.706,8.637
4.917,-1.383,8.752
4.558,-1.771,8.728
4.51,-2.027,8.652
4.548,-2.07,8.652
4.835,-1.737,8.465
4.859,-1.79,8.532
4.493,-1.881,8.53
4.338,-2.192,8.582
4.627,-2.048,8.522
4.639,-1.617,8.57
4.733,-1.598,8.561
4.304,-1.864,8.649
4.175,-1.835,8.704
4.28,-1.373,8.742
4.575,-1.153,8.742
4.634,-1.357,8.841
4.393,-1.553,8.821
4.299,-1.672,8.812
4.345,-1.682,8.838
4.498,-1.562,8.795
4.603,-1.031,8.75
4.292,-1.445,8.754
3.914,-2.12,8.795
4.261,-1.864,8.996
4.304,-1.723,8.848
4.448,-1.096,8.987
4.477,-0.323,8.841
3.764,-1.601,8.953
4.283,-1.311,9.266
4.189,-1.242,8.955
4.316,-1.129,8.699
4.424,-0.902,9.056
3.828,-1.397,8.903
4.276,-0.888,9.281
3.902,-1.098,9.085
3.811,-1.017,9.183
3.835,-0.928,9.216
3.96,-0.761,9.168
3.993,-0.632,9.412
3.775,-1.058,9.178
3.764,-1.424,8.915
4.125,-1.136,9.044
4.17,-0.947,9.049
3.926,-1.017,9.106
3.773,-1.402,9.164
3.957,-1.5,9.051
4.218,-1.4,8.929
3.988,-0.962,8.939
3.912,-1.065,9.14
4.256,-1.323,8.96
4.41,-1.392,8.745
4.402,-1.34,8.611
4.266,-1.134,8.774
3.976,-1.203,8.967
4.087,-1.242,9.008
4.254,-0.976,8.927
4.252,-0.694,9.125
3.976,-0.928,9.101
3.941,-0.916,9.317
4.008,-1.127,9.216
4.065,-1.022,9.161
4.108,-0.892,9.128
3.962,-0.885,9.125
3.809,-1.058,9.106
4.098,-1.237,8.996
4.335,-1.309,8.936
4.24,-1.464,8.812
4.249,-1.325,8.821
4.441,-1.206,8.8
4.254,-1.452,8.967
4.316,-1.347,8.934
4.173,-1.457,8.809
4.027,-1.17,8.774
3.962,-1.273,8.75
4.041,-1.369,8.812
4.144,-1.553,8.841
4.491,-1.426,9.025
4.366,-1.359,8.853
4.149,-1.256,8.96
4.051,-1.177,9.02
4.132,-1.294,9.013
4.197,-1.526,8.912
4.331,-1.641,8.888
4.331,-1.55,8.817
4.252,-1.239,8.814
4.211,-1.297,8.853
4.237,-1.39,8.991
4.244,-1.699,8.855
4.142,-1.428,8.719
4.622,-1.354,8.865
4.469,-1.16,8.814
4.465,-1.431,8.917
4.304,-1.608,9.013
4.369,-1.653,8.936
4.522,-1.56,8.865
4.634,-1.278,8.719
4.266,-1.419,8.958
4.252,-1.677,8.922
4.34,-1.84,8.819
4.333,-2.165,8.62
4.687,-1.699,8.563
4.821,-1.543,8.589
4.874,-1.526,8.699
4.766,-1.871,8.623
4.625,-2.062,8.697
4.833,-1.857,8.451
4.622,-1.706,8.259
4.441,-1.371,8.63
4.039,-1.763,8.51
4.637,-1.861,8.675
5.319,-1.83,8.453
4.967,-1.383,8.597
4.555,-1.278,8.501
4.4,-1.196,8.838
5.812,-0.383,8.001
5.199,-1.952,8.654
4.261,-1.94,8.699
4.424,-1.05,8.898
4.587,-1.378,8.647
4.213,-0.73,9.156
4.484,-1.637,8.613
4.764,-1.845,8.455
4.905,-1.629,8.386
4.536,-1.61,8.372
4.914,-1.113,8.592
4.649,-1.105,8.656
4.986,-0.672,8.757
4.366,-1.278,8.577
4.319,-1.278,8.979
4.426,-1.541,8.831
4.749,-1.318,9.01
4.945,-1.022,8.766
4.783,-1.058,8.805
4.465,-1.34,8.731
4.582,-1.641,8.594
4.984,-1.878,8.463
5.137,-1.56,8.556
4.914,-1.347,8.642
4.52,-1.287,8.754
4.5,-1.4,8.812
4.587,-1.718,8.594
4.709,-1.828,8.544
4.788,-1.634,8.587
4.723,-1.459,8.625
4.486,-1.471,8.697
4.517,-1.395,8.628
4.613,-1.538,8.582
4.718,-1.512,8.589
4.704,-1.208,8.563
4.639,-1.268,8.611
4.505,-1.526,8.654
4.582,-1.373,8.762
4.579,-1.464,8.829
4.438,-1.242,8.795
5.034,-1.108,8.788
4.826,-1.328,8.675
4.596,-1.481,9.037
4.316,-1.648,8.659
4.381,-1.491,8.664
4.405,-1.29,8.623
4.634,-1.732,8.561
5.154,-1.639,8.644
5.0,-1.562,8.63
4.756,-1.28,8.553
4.634,-0.749,8.604
4.505,-1.61,8.506
4.867,-1.629,8.357
4.993,-1.448,7.092
5.13,-1.902,8.527
4.756,-1.9,8.108
5.376,-1.438,8.429
5.149,-0.813,8.654
4.737,-2.369,8.163
4.512,-0.505,9.29
4.421,-1.955,8.29
5.115,-1.505,8.525
4.754,-1.543,8.613
4.996,-1.708,8.664
4.929,-1.33,8.707
4.886,-1.352,8.463
4.943,-1.192,8.611
4.735,-1.251,8.515
4.759,-1.541,8.597
4.886,-1.622,8.494
5.211,-1.086,8.398
5.053,-1.034,8.546
4.673,-1.55,8.376
4.536,-1.756,8.252
4.625,-1.73,8.24
5.015,-1.541,8.343
5.328,-1.402,8.307
5.029,-1.44,8.568
4.898,-1.72,8.458
4.517,-1.62,8.503
5.087,-1.129,8.599
4.95,-1.014,8.709
4.888,-1.012,8.723
4.957,-1.268,8.656
4.644,-1.55,8.628
4.733,-0.613,8.876
5.876,-1.053,8.62
6.041,-1.881,9.054
4.819,-1.732,8.455
5.156,-1.395,8.85
4.716,-1.433,8.465
5.218,-0.225,8.752
4.295,-0.22,8.833
6.166,2.261,10.226
4.252,-2.902,6.977
4.874,-1.455,9.044
3.924,-1.211,8.556
4.622,-0.735,8.575
4.756,-0.481,8.953
4.811,-0.976,8.786
5.527,-0.744,8.798
4.974,-1.0,8.719
5.529,-1.34,8.388
5.089,-0.988,8.503
5.084,-1.132,8.443
5.008,-1.402,8.326
4.706,-1.268,8.321
4.804,-1.182,8.317
5.256,-1.287,8.266
5.228,-1.098,8.489
4.84,-1.069,8.611
4.795,-1.337,8.546
5.056,-1.357,8.709
4.632,-1.302,8.699
4.74,-0.986,8.853
5.048,-0.947,8.723
5.125,-1.328,8.58
5.285,-1.294,8.417
5.199,-1.237,8.23
4.986,-1.11,8.341
4.744,-1.16,8.482
4.79,-1.148,8.51
4.929,-0.9,8.577
4.546,-1.242,8.534
4.632,-1.153,8.75
4.709,-1.311,8.575
4.756,-0.919,8.585
4.881,-0.438,8.647
4.618,-0.9,8.398
4.733,-1.196,8.496
5.261,-1.11,8.472
5.17,-1.622,8.467
4.718,-0.957,11.63
4.479,-2.316,9.003
4.56,-0.813,9.001
4.472,-0.543,8.733
5.345,0.043,8.843
4.859,-0.787,8.247
3.943,-0.916,8.381
4.847,-1.273,8.355
4.91,-1.311,8.546
5.008,-1.354,8.762
4.888,-1.163,8.831
4.661,-1.194,8.809
4.596,-1.225,8.862
4.701,-1.354,8.735
4.632,-1.139,8.723
4.926,-1.139,8.685
4.79,-1.139,8.63
4.56,-1.125,8.618
4.496,-1.227,8.522
4.601,-1.306,8.568
4.467,-1.249,8.632
4.716,-1.072,8.752
4.565,-1.031,8.702
4.378,-1.306,8.695
4.467,-1.168,8.79
4.402,-1.249,8.819
4.596,-1.117,8.673
4.465,-0.888,8.896
4.405,-0.974,9.058
4.134,-1.244,9.111
4.122,-1.187,9.044
4.254,-1.141,9.085
4.175,-0.974,9.185
4.398,-0.931,9.015
4.426,-0.976,9.001
4.448,-1.055,8.989
4.316,-1.22,8.824
4.362,-1.168,8.931
4.264,-0.888,8.987
4.594,-0.947,8.9
4.323,-1.046,8.908
4.331,-1.05,8.946
4.098,-1.134,8.886
4.146,-1.294,8.757
4.63,-1.058,8.843
4.768,-1.254,8.592
4.61,-1.546,8.654
4.565,-1.431,8.692
4.508,-1.01,8.719
4.52,-0.952,8.786
4.496,-0.995,8.829
4.663,-1.053,8.807
4.656,-1.213,8.695
4.211,-1.16,8.692
4.67,-0.995,8.831
4.701,-0.505,7.501
5.783,-0.153,9.424
4.395,-1.086,8.979
4.843,-1.237,8.714
5.242,-1.33,8.766
4.254,-0.574,8.977
4.795,-0.605,8.728
4.405,-1.093,8.79
4.271,-1.321,8.714
4.625,-1.416,8.582
4.821,-0.646,8.908
4.524,-0.285,8.869
4.323,-0.648,8.922
4.402,-1.053,8.855
4.508,-1.268,8.683
4.814,-1.211,8.683
4.756,-1.129,8.628
4.778,-1.11,8.587
4.601,-1.141,8.726
4.522,-1.352,8.728
4.701,-1.397,8.647
4.89,-1.141,8.439
4.926,-1.201,8.525
4.634,-1.043,8.728
4.62,-1.256,8.587
4.319,-1.177,8.759
5.036,-1.354,8.453
5.099,-1.055,8.479
4.871,-1.151,8.546
4.768,-1.084,8.666
4.627,-1.211,8.807
4.756,-1.361,8.647
4.795,-1.383,8.491
4.756,-1.187,8.625
4.13,-1.558,9.08
4.831,-0.95,8.642
5.769,-1.235,8.666
5.266,-1.5,8.429
4.639,-1.309,8.472
4.532,-1.206,8.553
4.847,-1.168,8.553
4.974,0.077,13.865
3.395,-2.065,8.506
5.175,-1.022,8.563
5.134,-1.031,8.41
4.388,-1.404,8.745
4.768,-0.108,8.848
4.737,-0.165,8.769
5.027,-0.711,8.668
4.807,-1.036,8.465
4.694,-0.773,8.695
4.158,-0.586,9.051
4.417,-0.534,8.697
4.393,-0.679,8.805
4.919,-0.354,9.039
4.62,-1.223,8.628
4.682,-1.239,8.68
4.551,-1.323,8.671
4.704,-1.108,8.934
4.606,-1.096,8.608
4.536,-0.658,8.802
4.455,-1.562,8.408
4.673,-1.371,8.542
4.895,-1.247,8.771
5.134,-0.83,8.644
4.625,-0.897,8.824
4.886,-1.218,8.441
4.933,-1.266,8.888
4.61,-1.117,8.482
4.754,-0.816,8.75
4.692,-0.959,8.869
4.948,-0.854,8.386
4.687,-1.034,8.558
4.737,-0.962,8.659
4.622,-0.933,8.778
4.771,-0.562,8.575
5.656,0.105,8.546
5.831,-1.759,13.147
4.338,-1.55,9.192
4.268,-0.919,9.336
3.555,-1.187,8.869
4.431,-1.488,8.465
4.12,-0.292,8.979
4.575,-0.45,8.647
4.867,-0.89,8.522
4.859,-0.835,8.62
5.211,-0.888,8.52
4.654,-0.474,8.848
4.661,-0.598,8.838
4.955,-0.94,8.563
4.553,-1.029,8.671
4.857,-0.95,8.714
4.692,-0.725,8.699
4.766,-0.61,8.678
4.852,-0.859,8.64
4.79,-0.869,8.556
4.752,-0.852,8.685
4.859,-0.904,8.783
4.867,-0.864,8.685
4.831,-0.746,8.551
4.814,-0.818,8.436
4.788,-0.88,8.506
4.898,-0.835,8.589
5.056,-0.825,8.537
5.041,-0.828,8.57
4.826,-0.775,8.687
4.795,-0.857,8.723
4.776,-0.957,8.769
5.0,-1.002,8.68
5.087,-0.964,8.341
4.91,-0.974,8.415
4.907,-1.043,8.463
4.553,-1.067,8.424
4.776,-1.172,8.415
4.938,-0.94,8.546
7.367,0.77,10.98
4.165,-1.546,8.841
5.134,-1.426,8.888
4.929,-0.811,8.699
4.788,0.227,8.597
4.883,-0.036,8.666
4.89,-0.182,8.788
4.644,-0.842,8.491
5.008,-0.11,8.843
4.723,-0.55,8.618
4.764,-0.546,8.647
4.843,-0.766,8.597
5.048,-1.002,8.551
4.871,-1.062,8.47
4.859,-0.797,8.52
4.699,-0.639,8.549
4.893,-0.632,8.613
4.835,-0.756,8.664
4.953,-1.127,8.396
4.694,-0.947,8.625
4.898,-0.823,8.733
4.962,-0.622,8.731
4.859,-0.634,8.805
4.914,-1.196,8.398
4.857,-0.916,8.556
4.713,-1.06,8.489
5.266,-0.818,8.537
5.201,-1.148,8.161
5.089,-0.825,8.472
4.972,-0.914,8.575
4.878,-0.821,8.539
5.355,-0.998,8.307
5.699,-4.656,9.35
4.972,-1.34,8.135
4.438,-0.213,9.099
6.984,-0.074,8.355
5.637,0.514,8.297
5.398,-0.912,8.187
4.869,-0.553,8.69
4.867,-0.859,8.446
4.864,-1.005,8.427
5.462,-0.998,8.458
5.106,-1.165,8.434
4.599,-1.074,8.606
4.771,-0.945,8.587
4.977,-0.902,8.678
5.017,-0.957,8.534
5.089,-1.115,8.443
4.924,-1.043,8.489
4.941,-0.967,8.606
5.12,-0.813,8.642
5.139,-0.928,8.441
5.127,-1.0,8.484
5.079,-0.986,8.446
5.194,-0.988,8.434
4.962,-0.742,8.553
5.039,-0.993,8.393
5.094,-0.945,8.501
5.113,-1.062,8.369
4.893,-1.11,8.398
5.063,-0.933,8.522
5.192,-0.9,8.451
5.01,-0.813,8.47
5.099,-0.928,8.384
5.233,-1.06,8.391
5.123,-1.089,8.321
5.134,-0.938,8.384
5.008,-0.624,8.486
4.996,-0.952,8.388
4.833,-0.912,8.486
5.053,-1.187,8.25
5.187,-1.474,8.35
5.266,-1.687,15.202
3.189,-1.787,8.987
6.575,-1.098,9.288
5.84,-1.51,8.326
4.376,-1.311,8.484
4.036,-0.471,8.838
3.835,0.457,9.432
4.158,0.084,9.044
4.615,-0.349,8.845
4.843,-0.67,8.735
4.778,-0.675,8.821
4.871,-0.792,8.692
4.596,-0.668,8.74
4.534,-0.782,8.661
4.584,-0.749,8.697
4.697,-0.888,8.886
5.015,-0.804,8.544
4.778,-0.646,8.525
4.532,-1.115,8.527
5.008,-1.019,8.52
5.223,-0.859,8.561
5.637,-0.452,8.477
4.544,-1.086,8.388
3.984,-1.06,8.561
4.682,-1.024,8.585
4.859,-0.706,8.695
5.608,-0.359,8.539
4.89,-1.158,8.372
4.548,-1.199,8.262
4.749,-0.715,8.809
5.094,-0.569,8.865
5.204,-0.799,8.702
5.156,-0.735,8.697
4.634,-1.101,8.372
4.692,-0.445,8.757
5.008,-0.601,8.601
5.046,-0.45,8.654
5.022,-0.684,8.582
4.632,-0.959,8.587
3.668,-4.811,9.113
4.309,-0.653,8.099
5.113,-0.294,8.659
5.087,-0.498,8.721
5.398,-1.175,8.178
4.63,-0.476,8.496
4.52,-0.565,8.671
4.857,-0.854,8.513
4.979,-0.66,8.486
5.091,-0.72,8.494
4.974,-0.641,8.587
4.948,-0.758,8.573
4.596,-0.813,8.747
5.154,-0.794,8.589
5.134,-0.763,8.434
4.998,-0.723,8.443
4.869,-0.837,8.527
5.022,-0.943,8.642
4.962,-0.792,8.494
5.039,-0.919,8.654
4.579,-0.897,8.953
5.132,-0.732,8.403
4.878,-0.737,8.652
4.89,-0.945,8.463
5.094,-0.892,8.532
5.161,-0.83,8.525
5.051,-0.866,8.494
5.154,-0.825,8.518
4.831,-0.892,8.475
5.01,-0.912,8.479
5.149,-0.988,8.415
5.469,-0.849,8.398
4.67,-0.957,8.494
4.764,-0.78,8.692
4.828,-0.785,8.716
4.343,-0.94,8.661
4.835,-0.857,8.644
4.977,-0.818,8.683
5.111,-0.761,8.618
4.742,-0.897,8.762
4.881,-0.89,8.592
4.742,-0.89,8.518
4.788,-0.962,8.51
4.771,-0.761,8.503
4.917,-0.933,8.503
4.917,-0.9,8.575
4.759,-0.873,8.594
5.024,-0.785,8.652
4.981,-0.995,8.62
4.811,-0.56,8.398
5.058,-0.9,8.393
3.931,-3.876,15.394
4.728,-1.766,9.317
4.895,-0.294,8.896
4.981,-0.237,7.891
4.764,-0.502,9.125
4.646,-0.077,8.867
4.546,-0.345,8.486
4.383,-0.529,8.666
3.967,-0.39,8.92
5.407,-0.981,8.068
5.711,-0.232,8.362
5.288,-0.735,9.197
6.259,-0.871,7.281
4.735,-0.294,9.037
4.74,-0.261,8.628
4.431,-0.419,8.671
4.85,-0.49,8.64
5.965,-0.658,8.094
5.513,0.502,-4.158
4.8,-1.275,8.264
5.534,-0.806,9.178
5.0,-0.572,7.501
5.498,0.287,9.094
4.137,-0.191,8.637
5.005,-0.782,8.482
4.656,-0.469,8.656
4.381,-0.617,8.647
2.491,-2.488,0.33
5.725,-1.014,9.101
3.594,-0.825,8.824
5.548,-0.433,7.977
4.917,-0.182,8.592
4.61,-0.273,8.625
5.003,-0.658,8.539
4.491,-0.67,8.542
4.096,-0.914,8.781
5.161,0.871,2.426
4.85,-0.742,8.575
4.338,-0.909,8.905
4.544,-0.474,8.381
5.398,0.117,8.982
4.661,-0.663,8.283
4.843,-0.732,8.628
4.503,-0.514,8.486
6.075,0.646,2.378
5.989,-0.723,8.422
4.254,-0.498,9.439
4.682,-0.811,8.266
3.907,-0.464,9.307
4.986,0.129,8.659
4.862,-0.735,8.214
4.9,-0.593,8.391
3.565,-0.869,8.781
4.919,1.383,-1.45
5.405,-0.708,8.91
4.314,-0.507,9.719
4.098,-1.165,6.728
5.623,-0.055,9.458
3.864,-0.132,8.876
4.759,-0.553,8.74
4.888,-0.524,8.642
4.735,-0.785,8.501
2.661,-4.802,-5.292
4.907,-0.687,8.592
4.565,-0.713,9.362
7.307,0.144,6.527
4.742,0.045,8.975
4.567,-0.345,8.18
5.046,-0.227,8.458
4.582,-0.242,8.786
4.996,-0.833,8.13
5.079,-0.581,14.157
4.922,-1.483,10.121
4.374,-0.756,8.752
5.283,-0.177,7.264
5.438,0.017,8.525
5.103,-0.33,8.245
4.795,-0.268,8.503
4.488,-0.368,8.542
6.12,-0.892,-0.715
4.898,-0.646,8.838
4.613,-0.404,9.132
4.938,-0.371,8.056
5.314,-0.177,9.013
4.654,-0.29,8.714
4.821,-0.232,8.613
4.237,-0.378,8.716
4.84,-0.591,8.348
5.572,-0.385,9.982
4.797,-0.562,9.109
4.933,-0.586,8.876
4.742,-0.538,8.613
5.276,-0.117,8.577
4.843,-0.285,8.57
4.831,-0.258,8.623
4.273,0.529,2.017
5.457,-0.378,9.683
4.594,-0.433,9.216
6.671,-0.184,7.427
4.845,-0.275,8.795
4.809,-0.581,8.625
4.977,-0.354,8.558
4.778,-0.447,8.723
4.862,-0.254,8.697
5.209,-0.402,8.68
5.053,-0.775,8.451
4.965,-0.395,8.699
4.61,-0.505,8.695
4.613,-0.416,8.671
5.335,-0.505,8.412
5.082,-0.622,8.664
4.967,-0.742,8.542
4.407,-0.438,8.649
4.003,-0.632,8.814
4.804,-0.615,8.47
5.034,-0.653,8.568
5.111,-0.668,8.518
5.077,-0.536,8.345
5.161,-0.519,8.417
5.199,-0.684,8.398
5.163,-0.706,8.479
5.079,-0.677,8.661
5.044,-0.569,8.508
4.945,-0.416,8.551
5.063,-0.364,8.472
5.288,-0.342,8.553
5.039,-0.555,8.47
5.149,-0.653,8.372
5.158,-0.715,8.242
7.314,-2.094,6.166
5.28,-0.919,8.092
