-4.34,-2.168,9.377
-3.601,-1.971,9.087
-3.445,-1.976,9.065
-3.761,-1.893,9.204
-3.682,-2.113,9.044
-3.579,-2.043,8.977
-3.582,-2.23,8.929
-3.785,-2.029,8.998
-3.613,-1.976,8.941
-3.57,-2.108,8.936
-3.759,-2.184,9.073
-3.768,-2.048,9.152
-3.639,-2.019,8.982
-3.711,-2.05,9.037
-4.228,-2.878,8.75
-3.417,-2.055,9.197
-3.644,-1.694,9.326
-3.055,-1.378,8.668
-4.177,-2.283,8.771
-3.687,-1.94,9.544
-3.512,-1.653,9.042
-4.175,-1.479,9.054
-3.914,-2.445,9.03
-4.682,-2.373,9.109
-3.866,-1.852,9.015
-3.192,-1.543,9.164
-3.874,-2.139,9.147
-3.359,-2.149,9.039
-3.881,-1.952,9.254
-3.775,-2.046,9.089
-3.902,-1.873,9.336
-3.177,-1.462,9.355
-2.704,-1.172,9.355
-3.122,-1.577,9.24
-3.732,-1.704,9.549
-4.311,-1.299,9.441
-3.302,-1.117,9.015
-4.084,-2.29,9.202
-4.091,-2.684,9.211
-2.933,-2.11,8.967
-3.407,-1.672,9.192
-3.041,-1.634,9.073
-3.462,-1.897,9.25
-3.491,-1.885,9.166
-3.235,-1.904,9.252
-2.476,-1.55,9.276
-2.799,-1.507,9.317
-2.754,-1.73,9.302
-2.924,-1.971,9.417
-3.106,-1.904,9.288
-3.376,-1.869,9.176
-4.754,-1.931,9.465
-3.488,-1.945,9.099
-2.998,-1.876,8.929
-3.675,-1.878,8.793
-5.134,-3.589,9.324
-5.489,-1.488,9.001
-1.826,-1.421,8.731
-4.527,-1.881,9.144
-4.345,-1.792,9.357
-4.221,-2.275,8.939
-3.436,-2.015,8.769
-3.11,-1.763,8.888
-3.656,-2.216,8.805
-4.302,-2.206,9.132
-3.732,-1.919,9.106
-3.957,-2.01,9.07
-3.476,-1.962,8.946
-3.515,-2.144,9.142
-3.936,-2.328,9.077
-3.596,-1.517,9.075
-3.18,-1.601,9.034
-4.06,-2.237,9.377
-4.079,-2.393,9.216
-3.524,-2.297,8.869
-3.606,-2.204,9.24
-3.046,-1.744,9.367
-3.596,-1.792,9.274
-3.328,-2.012,9.094
-2.783,-1.802,9.319
-2.675,-2.113,9.113
-2.888,-2.414,9.293
-2.823,-2.342,8.97
-2.07,-0.687,8.491
-4.244,-1.115,9.534
-4.809,-1.857,9.042
-4.969,-1.907,9.149
-6.58,-2.529,9.755
-0.945,-2.029,7.986
-1.96,-1.512,8.812
-5.534,-2.457,9.326
-4.012,-2.086,9.159
-3.285,-1.983,9.068
-3.874,-1.928,9.192
-4.156,-1.964,9.269
-3.378,-1.983,9.121
-3.462,-2.096,9.125
-3.759,-1.914,9.147
-4.079,-1.797,9.271
-3.735,-1.821,9.171
-3.412,-1.873,9.058
-3.185,-2.086,8.994
-3.07,-2.34,8.915
-3.783,-1.885,9.185
-3.74,-2.015,9.135
-3.831,-2.132,9.094
-3.457,-1.926,9.056
-3.455,-1.962,8.853
-3.622,-2.067,9.068
-3.68,-2.015,9.185
-3.481,-1.943,9.14
-3.335,-1.912,9.118
-3.498,-1.991,9.159
-3.63,-1.95,9.233
-3.63,-2.094,9.051
-3.46,-1.957,9.195
-3.441,-1.931,9.178
-3.553,-1.969,9.144
-3.795,-2.139,9.101
-3.857,-2.223,9.321
-3.426,-1.981,9.171
-3.445,-3.481,8.092
-3.476,-2.275,9.312
-4.221,-1.969,9.738
-3.886,-1.983,9.18
-2.661,-1.864,8.872
-3.852,-1.847,9.53
-3.448,-1.802,9.41
-3.24,-1.802,9.111
-3.548,-1.902,9.116
-3.74,-2.034,9.077
-3.974,-2.065,9.07
-3.67,-2.084,9.006
-3.512,-2.094,8.982
-3.625,-2.019,9.042
-3.424,-2.055,9.018
-3.634,-2.134,9.049
-3.826,-2.019,9.199
-3.357,-2.091,9.065
-3.639,-2.058,9.188
-3.61,-2.034,9.197
-3.328,-1.847,9.13
-3.374,-2.113,9.159
-3.584,-2.187,9.042
-4.139,-2.067,9.231
-3.787,-2.278,9.192
-3.34,-2.046,9.161
-3.565,-1.904,9.156
-3.687,-1.916,9.159
-3.589,-2.027,9.077
-3.409,-1.806,9.152
-3.414,-1.931,9.116
-3.508,-2.067,9.118
-3.429,-1.933,9.135
-3.498,-1.842,9.149
-3.455,-1.974,9.128
-3.687,-2.11,9.132
-3.713,-2.094,9.118
-3.874,-2.17,9.101
-3.613,-1.943,9.161
-3.381,-1.876,9.087
-3.586,-1.871,9.051
-3.632,-1.893,9.101
-4.118,-2.412,9.01
-3.606,-2.036,8.991
-3.567,-1.651,9.089
-3.668,-2.019,9.025
-3.668,-2.263,8.953
-4.096,-1.18,8.908
-4.201,-1.696,9.635
-4.144,-1.66,9.723
-2.876,-3.218,8.156
-3.773,-1.474,9.257
-3.278,-1.586,9.41
-3.579,-1.883,9.501
-3.857,-2.115,9.128
-3.842,-2.223,9.03
-3.943,-2.151,9.104
-3.962,-2.127,9.065
-3.663,-2.012,9.01
-3.436,-1.859,9.01
-3.524,-1.96,8.972
-3.67,-1.969,9.025
-3.582,-2.036,9.094
-3.496,-2.227,8.994
-3.697,-2.419,9.063
-3.596,-1.967,9.123
-4.175,-2.127,9.123
-3.809,-2.125,9.02
-3.457,-2.065,9.025
-3.735,-2.041,9.087
-3.771,-1.983,9.085
-3.601,-2.117,9.02
-3.692,-2.256,9.049
-3.732,-2.168,9.099
-3.692,-2.187,9.061
-3.658,-2.129,9.061
-3.737,-2.156,9.111
-3.764,-2.029,9.111
-3.732,-1.974,9.094
-3.744,-2.07,9.032
-3.692,-2.082,9.051
-3.685,-2.101,9.042
-3.663,-2.105,8.991
-3.759,-2.132,9.025
-3.697,-2.146,9.051
-3.649,-2.103,9.07
-3.725,-2.12,8.998
-3.744,-2.05,9.054
-3.728,-2.058,9.065
-3.682,-2.01,9.044
-3.694,-2.132,9.054
-3.706,-2.101,9.018
-3.677,-2.101,9.063
-3.742,-2.105,9.015
-3.701,-2.16,9.049
-3.723,-2.125,9.101
-3.732,-1.986,9.106
-3.744,-2.0,9.089
-3.682,-2.031,9.137
-3.725,-2.019,9.111
-3.68,-2.125,9.046
-3.73,-2.05,9.099
-3.783,-2.024,9.077
-3.694,-2.137,9.044
-3.773,-2.208,9.061
-3.859,-2.053,9.022
-3.764,-1.948,8.984
-3.668,-1.995,9.034
-3.723,-2.144,8.943
-3.68,-1.983,8.958
-3.697,-2.105,9.015
-3.732,-2.172,8.975
-3.761,-2.175,9.051
-3.735,-2.16,9.056
-3.682,-2.101,9.054
-3.675,-2.163,9.132
-3.78,-2.089,9.144
-3.847,-1.904,9.099
-3.878,-6.142,10.487
-3.436,-0.34,9.944
-3.907,-1.0,9.9
-3.847,-3.637,8.163
-3.826,-2.266,8.929
-3.687,-1.79,9.367
-3.713,-2.194,9.185
-3.692,-1.763,9.106
-3.704,-2.314,8.874
-3.792,-2.094,9.137
-3.704,-1.967,9.121
-3.689,-2.105,8.941
-3.754,-2.058,9.001
-3.665,-2.158,8.996
-3.649,-2.065,8.972
-3.716,-2.094,8.955
-3.699,-2.175,9.022
-3.73,-2.089,9.018
-3.761,-2.022,9.056
-3.725,-2.055,9.106
-3.756,-2.017,9.113
-3.644,-2.067,9.013
-3.663,-2.07,9.092
-3.747,-2.077,9.176
-3.747,-2.034,9.058
-3.673,-2.137,9.097
-3.866,-2.007,9.183
-3.85,-1.948,9.056
-3.723,-1.995,9.08
-3.673,-2.034,9.056
-3.708,-2.038,9.054
-3.68,-2.046,9.003
-3.713,-2.16,8.967
-3.73,-2.122,9.01
-3.732,-2.189,9.022
-3.68,-2.187,8.972
-3.527,-1.548,7.235
-3.857,-1.9,9.154
-5.603,-1.828,9.551
-3.668,-2.309,8.888
-2.424,-1.964,8.424
-4.73,-2.278,9.097
-4.242,-2.137,9.25
-3.139,-1.845,9.233
-3.015,-2.034,8.96
-3.589,-2.268,8.92
-3.692,-1.945,8.977
-3.96,-1.529,9.561
-4.125,-1.792,9.539
-3.744,-2.261,9.176
-4.285,-2.407,9.087
-4.127,-2.684,8.35
-3.926,2.206,10.422
-4.194,-3.177,8.429
-1.945,-1.349,8.963
-3.378,-1.699,9.068
-4.802,-1.943,9.36
-2.495,-4.548,8.46
-2.744,-1.507,8.764
-2.821,-2.376,8.771
-5.568,-1.285,9.561
-4.706,-2.361,9.274
-4.295,-2.015,8.955
-3.216,-2.189,8.872
-3.823,-2.094,9.556
-3.189,-1.845,9.25
-3.192,-2.05,8.735
-3.955,-2.177,9.173
-3.45,-1.771,9.252
-3.584,-1.512,9.178
-3.476,-2.479,9.054
-3.606,-2.271,9.01
-3.431,-2.507,9.25
-3.161,-2.165,9.149
-2.799,-2.436,8.807
-1.66,-3.041,8.111
-2.091,-2.431,8.455
-7.025,-0.792,9.317
-7.754,-1.883,9.522
-6.611,-0.907,8.943
-6.596,1.115,10.417
-4.06,-5.658,7.709
-0.203,-3.519,7.695
-2.304,-0.584,9.183
-5.754,-2.361,9.109
-4.584,-1.979,9.01
-3.216,-2.05,8.731
-4.008,-2.445,8.874
-4.345,-2.022,9.104
-3.902,-1.991,8.934
-3.869,-2.314,8.951
-4.223,-2.208,9.097
-4.115,-2.206,8.982
-3.826,-2.211,8.929
-3.821,-2.323,8.967
-3.976,-2.115,8.97
-4.029,-2.105,9.03
-3.871,-2.323,9.137
-3.627,-2.314,9.056
-3.445,-2.187,9.092
-3.448,-2.091,9.092
-3.45,-2.16,8.948
-3.613,-2.23,8.805
-3.527,-2.261,8.829
-3.237,-2.35,8.848
-3.833,-2.094,9.199
-4.06,-2.378,9.077
-3.775,-2.483,9.176
-3.625,-2.115,9.219
-4.082,-2.381,9.161
-3.421,-2.357,8.898
-2.871,-1.952,9.049
-4.189,-2.507,9.049
-3.96,-2.345,9.097
-2.938,-2.196,8.879
-3.847,-2.268,9.199
-3.979,-2.189,9.269
-3.338,-2.227,9.094
-3.73,-2.108,9.171
-3.95,-2.077,9.214
-3.658,-2.187,9.109
-3.335,-2.027,9.132
-3.658,-2.074,9.226
-3.663,-2.06,8.998
-3.374,-2.125,8.982
-3.429,-2.074,9.207
-3.352,-2.306,8.991
-3.345,-2.103,8.977
-3.433,-2.225,9.092
-3.488,-2.266,9.247
-3.508,-2.357,9.19
-3.345,-2.357,9.097
-3.223,-2.254,9.243
-3.345,-2.354,9.283
-3.342,-2.326,9.223
-3.192,-2.268,9.166
-3.024,-2.266,9.13
-3.189,-2.089,9.192
-3.242,-2.283,9.156
-3.146,-2.507,9.137
-3.357,-2.261,9.221
-3.474,-2.091,9.252
-3.426,-2.34,9.221
-3.433,-2.366,9.137
-3.283,-2.378,9.216
-3.074,-2.462,9.19
-3.07,-2.684,9.233
-3.096,-2.467,9.185
-3.007,-2.256,9.063
-3.089,-2.041,9.384
-3.055,-2.357,9.286
-3.4,-2.242,9.386
-3.194,-1.864,9.46
-3.101,-2.481,9.106
-3.565,-2.383,9.398
-3.003,-2.168,9.307
-2.783,-2.412,9.111
-1.89,-1.747,7.848
-3.704,-2.862,9.111
-2.895,-2.785,9.173
-2.577,-2.842,9.144
-3.472,-2.974,9.283
-3.613,-2.603,9.345
-3.122,-2.323,9.305
-1.859,-2.428,9.068
-2.455,-2.364,9.31
-3.115,-2.45,9.441
-2.95,-2.495,9.374
-2.699,-2.696,9.326
-3.017,-7.771,9.889
-2.153,7.092,9.087
-1.694,7.369,6.036
-2.409,-1.117,3.247
-3.113,-2.84,10.743
-2.929,-2.227,9.209
-2.89,-2.692,9.18
-3.185,-2.792,9.312
-3.098,-2.646,9.231
-2.816,-2.555,9.087
-2.603,-3.017,9.027
-2.522,-2.914,9.068
-2.455,-2.658,9.173
-2.483,-2.558,9.271
-2.641,-2.5,9.408
-2.859,-2.347,9.525
-2.912,-2.357,9.518
-2.852,-2.536,9.599
-2.998,-2.565,9.671
-3.275,-2.469,9.884
-3.51,-2.225,9.91
-3.584,-2.172,9.8
-3.397,-2.151,9.424
-2.747,-2.223,9.262
-2.285,-2.321,9.355
-2.558,-2.574,9.499
-2.512,-2.804,9.463
-2.285,-2.967,9.46
-2.402,-2.926,9.51
-2.409,-2.955,9.716
-2.22,-3.211,9.455
-2.096,-3.24,9.412
-1.739,-3.199,9.199
-1.452,-3.412,8.857
-1.543,-3.271,8.836
-1.316,-2.881,9.104
-1.089,-2.938,9.135
-1.182,-2.905,9.044
-1.132,-2.859,9.144
-1.098,-3.118,9.286
-1.476,-3.163,9.29
-1.325,-2.979,9.372
-1.077,-2.845,9.408
-1.077,-3.17,9.35
-1.18,-3.003,9.235
-1.122,-2.725,9.171
-1.225,-2.522,9.243
-1.562,-3.898,10.008
-0.821,0.546,4.453
-0.098,6.013,13.068
0.213,5.967,5.295
-0.799,-1.522,11.968
-0.78,-3.278,9.195
-0.727,-3.017,9.379
-0.541,-2.955,9.51
-0.505,-3.101,9.604
-0.536,-3.065,9.546
-0.507,-3.048,9.566
-0.596,-3.108,9.53
-0.735,-3.192,9.522
-0.744,-3.01,9.357
-0.787,-2.929,9.18
-0.794,-2.869,9.19
-0.715,-3.027,9.274
-0.768,-3.381,9.601
-0.828,-3.122,9.628
-0.773,-3.019,9.479
-0.845,-3.201,9.996
-0.995,-3.146,10.494
-0.971,-3.338,10.812
-0.986,-2.984,11.36
-0.983,-3.067,11.992
-0.883,-3.448,12.829
-0.885,-4.122,12.855
-0.333,-4.237,12.616
0.246,-4.74,12.415
7.577,-5.651,10.518
0.199,-4.819,12.745
2.055,-4.467,11.901
1.771,-4.405,11.379
2.07,-4.685,10.841
2.132,-4.63,10.365
2.316,-4.364,10.161
4.103,-4.165,9.927
4.041,-3.938,9.003
3.957,-4.221,8.723
4.692,-3.725,7.905
5.845,-3.385,7.573
4.862,-3.055,7.46
4.606,-2.239,6.47
5.797,-1.395,5.221
2.417,-0.156,5.697
4.204,0.395,5.45
6.147,0.342,4.398
4.378,-0.273,4.936
4.493,-0.005,4.888
5.115,0.746,4.907
4.539,1.72,4.823
3.907,2.728,5.008
5.333,2.089,4.527
4.807,0.567,5.326
4.61,0.505,6.833
2.314,2.251,6.292
3.436,3.608,7.527
3.862,1.507,1.402
7.037,11.049,8.759
7.348,10.726,4.615
4.567,-10.271,2.28
5.802,2.909,15.834
6.804,4.677,1.998
5.19,-6.008,12.956
5.496,-4.828,8.819
6.62,-0.926,7.202
5.828,0.816,6.663
5.807,1.148,6.326
6.202,1.907,7.683
5.357,3.498,8.037
4.735,4.089,8.412
5.69,2.993,7.202
6.319,1.605,6.496
5.984,1.215,6.694
6.23,0.974,6.582
6.34,2.227,7.317
7.776,2.385,7.075
6.644,1.677,6.778
6.45,2.091,7.403
6.082,2.409,7.381
6.436,3.603,6.793
5.946,3.716,8.12
5.23,3.015,8.056
5.493,1.409,7.45
6.307,0.802,7.111
6.41,1.5,7.221
6.221,2.235,7.025
6.415,2.168,6.371
6.807,2.361,6.699
6.465,3.582,7.668
6.257,3.955,8.35
6.797,2.137,7.482
7.223,1.081,6.938
6.938,1.038,6.017
7.328,1.771,6.426
7.017,2.338,5.867
7.441,1.971,5.065
7.357,1.988,5.01
7.135,2.029,5.73
7.245,2.227,6.4
6.967,2.412,6.723
7.063,2.177,6.601
7.561,1.692,5.591
7.716,2.555,5.436
7.721,3.369,4.142
8.092,3.871,6.285
7.343,3.787,5.871
7.824,3.826,4.354
8.044,4.792,5.599
6.967,4.259,6.472
7.374,3.512,6.328
7.733,3.225,6.036
7.441,3.888,6.158
7.111,4.113,6.57
7.029,3.45,5.955
6.826,3.319,5.457
6.314,2.586,5.247
6.886,1.936,6.017
6.776,1.967,5.891
6.79,2.359,4.225
7.101,3.735,3.441
5.871,5.527,3.4
5.371,5.254,5.455
6.718,3.886,6.307
6.831,2.503,6.082
7.216,0.766,5.218
7.941,-0.029,5.297
8.635,2.129,5.725
7.876,3.876,6.283
8.089,5.101,6.359
8.434,5.307,6.663
8.484,3.558,5.967
8.221,2.034,6.29
7.635,2.323,6.738
7.34,2.964,6.391
7.101,3.385,5.611
6.563,3.149,5.603
6.505,3.708,6.147
6.546,2.584,5.85
7.269,2.029,5.192
7.628,2.555,4.914
7.517,3.261,4.843
7.338,3.419,5.599
7.52,4.051,6.103
6.8,3.256,6.491
7.472,1.23,7.063
7.19,2.579,6.197
6.776,4.283,6.113
7.051,5.733,5.96
7.419,5.819,6.812
7.998,5.072,6.484
7.718,5.455,5.742
7.826,6.465,4.276
8.29,6.044,4.228
7.125,4.634,4.747
5.953,2.428,6.302
5.247,0.94,7.147
5.137,0.191,6.838
5.02,0.342,5.541
5.053,1.9,4.591
5.221,3.048,3.46
6.706,2.639,1.536
7.747,3.67,-0.306
7.075,4.723,-0.653
7.568,8.211,2.383
7.532,9.972,2.94
7.151,11.8,4.481
7.192,12.941,4.692
7.07,11.956,3.414
6.123,9.36,3.062
5.474,6.077,3.218
5.591,3.187,2.184
5.304,1.823,2.204
4.481,2.311,3.773
4.204,4.991,5.802
4.302,6.946,6.12
5.515,8.063,4.701
7.015,8.307,4.347
7.738,8.817,4.536
8.635,7.718,4.572
8.632,6.541,4.271
8.317,6.111,4.795
8.233,6.386,5.063
7.623,6.479,5.895
6.898,6.381,6.316
6.465,6.051,5.795
6.111,5.969,5.407
6.099,6.247,5.505
5.943,5.96,4.871
6.235,5.151,4.261
6.156,5.252,2.976
6.749,5.142,2.486
6.343,4.12,3.256
5.362,3.572,3.701
5.582,3.491,4.622
5.237,3.646,5.52
4.929,4.933,6.192
4.804,5.008,7.132
5.099,4.972,6.706
5.398,5.321,5.867
5.936,5.788,5.096
6.642,6.424,4.558
6.998,7.087,3.831
7.295,6.826,3.716
7.23,6.118,4.795
6.106,4.855,5.407
5.737,3.661,6.314
5.333,3.807,6.714
5.431,4.957,6.281
5.221,6.182,5.912
5.237,6.848,5.419
5.587,6.682,5.39
6.182,6.123,5.18
6.259,4.984,5.283
5.986,4.268,5.113
6.204,4.472,5.008
6.192,4.809,5.288
5.91,5.027,6.168
5.893,5.39,6.582
5.855,5.757,6.659
5.534,5.833,6.264
5.654,4.924,5.515
5.63,4.857,5.115
5.395,5.331,5.139
5.223,5.962,5.745
5.388,6.352,5.249
5.847,5.517,5.139
6.417,5.02,4.792
6.036,4.91,5.544
5.658,4.56,6.178
5.864,4.319,6.111
5.728,4.615,6.168
5.747,4.622,6.336
5.814,4.555,5.646
6.182,4.158,5.472
6.247,5.225,5.577
5.687,6.108,6.269
5.666,6.202,7.032
5.57,5.312,5.527
5.893,4.529,5.958
5.276,4.61,6.57
5.788,5.027,5.814
6.075,4.955,6.103
5.864,4.376,5.965
6.601,4.51,5.828
6.58,4.807,6.182
6.008,4.649,6.582
5.431,5.101,6.797
5.065,4.704,6.422
5.541,4.905,6.216
5.412,4.843,6.446
5.496,4.61,6.285
5.924,4.151,5.859
5.833,4.096,5.759
6.036,4.039,5.831
6.225,3.775,6.589
6.125,3.464,6.627
6.044,3.993,6.62
5.477,4.742,6.553
5.474,4.771,6.252
5.807,4.625,6.142
6.108,4.283,6.065
6.63,3.503,6.151
6.675,3.95,6.094
6.415,5.041,6.142
5.826,4.912,5.902
5.45,4.144,5.546
6.013,3.141,5.541
5.869,3.579,6.19
5.761,3.953,6.498
6.008,3.747,6.867
6.027,3.632,6.8
6.35,3.204,5.467
6.537,4.304,6.615
6.367,3.902,6.271
6.237,3.335,6.513
6.249,2.79,6.692
6.02,2.725,6.477
6.127,3.259,6.508
6.319,3.692,7.01
6.639,3.086,6.714
6.802,2.125,6.13
6.709,1.416,6.771
6.532,1.634,6.781
6.745,-0.134,7.367
6.247,1.048,7.702
6.175,2.323,7.245
5.402,1.335,6.307
12.075,0.557,5.536
9.197,-1.629,4.63
9.566,-2.948,4.469
7.259,-4.357,4.158
6.07,-4.622,3.563
8.314,-4.553,4.027
5.472,-5.498,4.354
4.161,-5.02,6.24
4.823,-3.632,6.759
5.316,-3.749,5.0
7.922,-4.749,2.352
6.647,-5.252,2.488
6.324,-7.276,2.309
6.773,-7.484,3.436
4.965,-4.579,4.211
5.46,-3.874,3.395
4.381,-6.857,1.404
5.879,-7.982,2.05
6.663,-7.01,2.426
4.912,-7.364,2.675
5.364,-7.795,0.187
6.336,-10.302,-0.524
6.223,-11.035,0.218
5.955,-7.211,0.902
5.56,-5.056,1.555
5.886,-7.204,-0.378
5.867,-9.814,-1.321
5.161,-11.953,-1.821
4.993,-11.044,-0.333
4.649,-8.429,0.246
4.551,-6.111,0.993
4.608,-7.022,0.026
4.668,-9.683,-1.486
2.838,-10.106,-0.567
4.252,-9.444,-0.005
3.089,-6.828,0.854
4.02,-7.328,0.199
4.895,-9.838,-0.567
4.565,-10.401,-0.206
4.304,-9.822,0.175
4.216,-8.391,0.916
4.503,-8.175,1.605
4.242,-7.637,1.517
5.402,-9.333,0.356
4.309,-9.434,-0.651
3.342,-10.465,0.603
3.129,-8.235,1.73
3.467,-5.469,2.943
4.888,-6.151,1.45
4.599,-8.106,-1.787
4.158,-10.056,-2.562
4.07,-10.448,-2.574
4.098,-7.869,-1.034
5.194,-6.747,-0.524
4.878,-7.053,0.443
4.953,-8.013,-1.12
5.091,-10.226,-2.139
5.91,-11.243,-3.469
4.981,-7.766,0.469
2.16,-4.142,2.347
2.737,-5.709,-0.577
4.654,-9.678,-2.007
4.776,-12.106,-1.249
4.539,-11.559,-1.122
4.383,-7.817,-0.077
4.357,-5.182,0.115
5.132,-7.718,-0.794
5.472,-10.929,-0.727
4.823,-10.597,-0.371
3.948,-8.312,0.361
4.149,-8.747,1.507
5.594,-9.692,-1.141
5.278,-9.874,-0.986
5.053,-9.999,0.191
4.134,-8.769,1.79
2.668,-8.082,3.141
2.431,-9.154,3.292
3.589,-9.723,1.644
4.412,-10.982,0.156
3.72,-8.673,0.897
2.397,-8.58,1.732
3.263,-9.398,1.515
4.18,-10.721,-0.086
3.383,-10.113,-0.301
2.584,-9.24,0.316
2.586,-8.051,1.043
2.938,-8.637,0.51
3.101,-10.836,-0.158
3.12,-9.862,-0.278
2.696,-8.068,0.723
2.716,-9.47,0.376
2.744,-10.408,-0.048
2.871,-10.556,-0.254
1.983,-8.285,0.62
2.0,-7.785,0.299
2.318,-9.424,-0.45
2.512,-10.606,-0.687
2.113,-8.867,0.33
2.347,-8.367,0.486
2.127,-9.039,0.218
1.737,-8.116,1.029
1.05,-6.733,2.268
0.744,-7.029,2.254
1.462,-8.262,0.713
3.225,-8.972,-1.548
3.663,-7.06,-2.802
2.201,-3.469,-1.546
1.845,-1.237,0.033
1.615,-1.247,1.227
1.215,-3.957,0.921
1.866,-5.838,-0.902
0.761,-3.622,-1.27
-0.581,-3.938,-0.725
0.012,-6.51,-2.082
-5.575,-8.336,-2.893
-5.613,-6.362,-1.936
-5.675,-6.587,-2.33
-6.151,-7.154,-2.06
-5.268,-8.534,-1.651
-11.831,-8.917,0.273
-11.98,-7.285,-0.203
-10.499,-6.895,-1.593
-14.035,-9.03,-1.574
-16.315,-8.089,-0.151
-16.387,-6.137,-0.263
-16.715,-5.625,0.282
-17.93,-6.771,-0.06
-16.87,-7.398,0.041
-13.681,-6.903,0.529
-11.458,-5.759,0.038
-10.869,-4.333,-3.182
-10.733,-0.5,-2.768
-11.08,0.282,-2.512
-11.429,-2.117,-3.347
-10.434,-2.498,-4.438
-10.08,-4.742,-2.67
-10.68,-4.749,-1.113
-11.982,-2.479,3.371
-8.979,-0.663,0.684
-11.41,-2.017,-0.086
-11.762,-1.761,-2.711
-12.288,-3.177,-2.9
-12.243,-2.5,-2.443
-11.937,-1.5,-1.048
-14.159,0.184,-0.816
-12.748,4.134,-2.445
-17.32,4.723,8.575
-16.03,-5.187,3.874
-11.647,6.415,3.764
-11.96,12.848,-0.696
-8.575,6.671,-2.536
-9.941,7.228,-5.326
-12.15,8.867,-3.795
-10.209,10.958,-2.455
-12.267,6.371,-2.127
-18.219,0.23,-2.177
-18.255,-0.622,-3.469
-20.457,-2.328,-6.041
-24.653,-6.931,-5.845
-20.184,-14.513,-6.4
-14.107,-16.559,-7.367
-10.513,-20.366,-3.034
-18.332,-0.158,6.257
-26.883,43.686,25.763
-35.358,20.251,25.416
-32.685,9.116,21.662
-32.661,13.92,16.109
-40.973,3.653,10.647
-34.685,-8.089,4.031
-27.347,-14.477,0.938
-21.378,-17.222,-2.737
-15.803,-10.649,-2.469
-10.932,-7.754,-3.103
-8.204,-5.278,1.065
-5.68,-6.85,3.476
0.409,-7.118,-12.307
-0.531,-5.943,-11.59
-8.417,4.809,-15.262
-25.292,6.281,-6.398
-40.102,2.998,-16.169
-14.994,19.811,-11.889
6.522,10.963,-38.702
7.049,11.267,-31.723
-16.906,27.998,2.897
-6.675,40.872,7.297
-21.148,3.055,31.101
-11.489,-19.385,32.757
-8.073,27.747,20.952
-12.477,-2.015,20.758
5.603,4.835,9.494
4.043,-3.333,11.283
-5.922,-12.796,48.352
1.859,6.685,26.555
-23.722,-5.503,27.192
-0.407,-14.592,22.579
-17.794,-11.877,28.132
-6.35,-9.989,21.036
-12.374,-1.261,24.56
-7.644,-0.907,14.384
-7.015,-21.325,17.954
-3.866,-15.674,21.007
-10.948,-4.319,8.752
-25.897,-0.828,23.722
-9.508,-9.321,13.791
0.299,-0.361,5.663
-6.297,-4.192,8.771
-1.06,-8.467,2.376
-2.338,-2.931,8.731
-0.703,1.077,7.345
2.565,-0.962,9.889
-1.433,-5.57,14.942
2.158,-3.12,19.196
0.211,-6.793,6.357
0.837,4.613,5.405
5.388,12.13,0.732
-5.529,10.188,-5.666
2.371,-3.369,-5.627
6.326,-8.97,-4.74
0.416,0.634,-2.661
4.5,0.715,7.58
-0.766,2.397,-0.5
-0.06,-3.421,1.505
-0.768,-4.792,5.563
-2.029,-1.237,5.063
-3.764,-3.335,10.051
-4.063,-2.517,15.257
-5.465,-6.493,15.188
-1.316,-1.546,9.659
-2.156,-3.716,23.153
-3.256,0.423,19.988
-2.828,1.026,18.428
-4.125,-0.019,16.671
-2.326,-2.775,14.671
0.311,-9.061,15.179
-1.806,-4.17,17.741
-2.151,0.976,18.533
-1.823,-3.309,17.459
0.51,-2.653,15.059
-2.524,-10.881,12.831
-0.749,-7.896,15.04
-0.9,-3.436,16.274
-0.723,-3.034,15.992
-0.715,-3.165,13.717
-0.754,-6.056,12.336
-1.804,-6.967,11.575
0.029,-6.532,9.01
-0.739,-6.63,12.066
1.617,-3.048,8.415
-0.488,-6.422,11.281
1.208,-2.417,9.561
0.933,-2.747,8.104
2.417,-1.603,3.974
3.598,-1.127,2.558
4.522,-1.565,0.347
3.4,0.345,-0.251
3.914,-3.106,2.146
7.912,-1.751,-1.378
6.797,1.55,-1.024
8.156,2.524,0.263
9.219,6.135,0.371
0.177,0.144,-0.44
6.85,-1.431,-3.878
6.649,-6.233,-4.477
1.431,-0.943,2.572
5.422,1.962,7.513
5.859,5.728,6.314
2.182,7.788,6.606
-1.385,7.072,5.79
-0.412,0.223,6.862
-2.651,-1.704,9.209
-5.8,-3.163,12.934
-3.242,7.02,11.525
-6.221,7.896,7.462
-11.243,3.835,12.516
-10.073,-1.711,13.76
-3.974,-3.79,11.377
-5.091,-3.321,12.279
-5.862,-0.706,13.903
-6.388,2.098,17.157
-3.534,0.196,16.116
-3.752,-1.125,16.459
-3.414,-0.835,17.971
-3.998,2.771,17.061
-4.477,1.165,17.1
-4.13,-3.055,17.272
-6.915,-4.297,15.205
-2.773,-4.041,12.645
-3.165,-2.914,13.803
-4.572,-2.742,13.43
-3.397,-1.644,13.645
-1.828,-2.292,11.606
-2.129,-4.67,10.666
-1.883,-3.039,10.798
-1.577,-2.699,9.912
-1.177,-3.589,10.018
-1.421,-3.156,8.85
-0.806,-4.591,8.278
-1.172,-4.565,7.769
-0.328,-1.708,6.917
-1.237,-1.928,6.046
-0.852,-2.129,8.063
0.435,-1.754,5.579
-0.541,0.359,6.029
0.335,0.134,6.592
-0.218,-0.136,7.864
1.287,-0.656,9.176
3.457,-0.029,7.929
5.13,1.486,6.699
4.922,-0.175,7.896
6.754,-0.29,8.951
5.175,-0.983,9.355
4.685,-1.371,8.331
3.082,-1.646,10.475
2.751,-2.338,11.271
3.393,-2.783,8.963
5.256,-2.859,7.582
2.981,-1.548,7.178
3.481,-1.05,10.783
1.692,1.433,12.121
2.194,4.199,9.676
0.651,-3.089,6.883
0.632,1.012,9.424
-0.366,1.68,9.58
2.34,0.787,9.08
5.06,-1.014,7.795
0.883,0.79,7.905
2.818,1.943,4.933
0.361,2.417,8.324
-2.409,3.247,8.888
2.29,3.007,9.216
2.663,4.053,8.187
-2.223,0.45,6.546
-0.739,1.321,5.204
-4.893,3.115,3.007
-6.388,1.203,6.948
-0.541,1.189,4.838
-4.699,-2.029,5.761
-2.196,0.481,3.615
-4.369,-4.445,4.331
-5.63,-4.101,6.575
-5.74,-2.007,4.151
-5.316,-1.835,7.474
-3.139,3.534,8.362
0.959,-4.936,10.484
-5.233,-0.33,3.907
-5.367,0.696,8.903
-4.596,0.957,5.733
-5.716,1.278,8.594
-5.67,2.864,6.142
-4.654,0.249,1.256
-2.347,-0.608,-1.995
-6.352,1.132,-2.101
-10.97,7.697,-2.096
-11.994,12.666,1.938
-17.7,16.645,3.61
-19.148,7.125,0.591
-25.792,0.373,-4.244
-23.172,4.075,-6.687
-27.828,-1.737,-5.469
-23.921,-7.769,-8.039
-25.536,-5.127,-9.075
-38.535,-19.966,-13.741
-32.934,-23.459,-9.403
-39.044,-3.424,-2.95
-30.635,-12.676,-0.964
-27.57,-11.269,1.854
-26.282,-9.24,0.002
-25.357,-3.735,-5.46
-23.1,0.73,2.902
-22.414,8.745,4.118
-24.402,6.826,4.505
-23.428,16.741,6.635
-19.569,13.154,3.608
-20.701,22.344,1.708
-15.585,14.339,-11.257
-10.92,-5.548,-14.379
-18.363,-2.127,-12.097
-17.607,-4.204,-2.615
-22.93,0.033,8.68
-32.977,-0.962,15.619
-17.42,-12.867,21.325
-11.568,-4.259,17.863
-26.658,-4.73,14.851
-34.178,8.178,10.149
-31.79,4.685,3.531
-27.371,-8.321,-5.613
-28.814,-16.707,-9.781
-34.384,-17.215,-7.96
-28.333,-15.923,-11.166
-26.85,-11.109,-4.9
-27.761,-10.341,-10.532
-21.603,-7.927,-19.191
-20.533,-9.877,-19.803
-24.598,0.531,-16.738
-21.806,2.144,-12.798
-20.354,2.311,-8.975
-39.255,9.996,-35.255
-76.117,73.474,78.39
-16.504,48.837,-11.941
-0.62,11.159,-2.237
-9.762,5.063,9.286
-3.163,-2.768,5.926
-6.553,0.486,15.537
-14.08,4.814,20.076
-6.135,0.842,28.12
-1.826,0.218,23.804
-4.613,1.926,12.384
-5.907,-2.414,20.43
-7.68,2.732,18.863
-3.814,9.671,14.186
-3.024,2.357,10.121
-1.957,-0.83,7.266
-3.189,-4.953,4.675
-8.374,-1.653,1.117
-0.749,0.658,5.146
-0.376,-0.567,9.446
-1.278,-2.055,7.79
0.124,-1.591,7.372
-3.165,-0.435,7.197
-3.988,-0.196,7.668
-3.665,-0.859,8.896
-2.933,-3.713,9.91
-4.723,-1.974,11.334
-2.05,-1.902,8.455
-2.07,-1.507,9.324
-3.96,-1.125,8.546
-4.331,0.644,7.374
-3.957,-1.074,6.015
-4.469,-0.909,6.254
-4.082,0.165,4.883
-3.553,1.364,3.474
-2.61,-3.862,3.039
-1.991,-3.632,4.613
-3.455,3.144,4.965
-4.85,9.128,1.091
-5.022,-1.34,-12.317
-9.211,0.73,-1.483
-9.927,10.123,2.938
-15.442,14.243,1.158
-20.6,10.204,-4.175
-20.378,-1.799,-6.376
-22.67,-3.206,-7.577
-27.216,0.871,-6.058
-20.358,-6.233,-2.371
-23.899,-14.834,-6.383
-19.825,-21.406,-8.967
-31.809,-14.657,-9.314
-34.149,-15.525,0.603
-29.754,-14.262,1.799
-30.534,-11.669,4.264
-30.182,-5.8,-1.383
-26.201,-4.273,1.849
-27.984,-3.412,1.457
-23.45,14.324,4.8
-22.562,20.708,5.139
-23.23,7.544,3.321
-29.046,18.753,2.287
-29.596,-2.129,-8.953
-15.894,4.469,-8.656
-21.586,-6.084,-8.695
-19.968,3.4,-1.957
-18.894,-14.147,5.816
-27.988,-4.881,1.268
-28.036,6.276,9.106
-20.064,-2.73,21.447
-29.319,-4.644,8.465
-18.136,-16.231,4.582
-27.883,-12.056,3.187
-33.723,-11.484,-1.759
-29.68,-14.344,-4.4
-30.436,-14.779,-10.346
-24.861,-17.497,-10.613
-25.452,-20.265,-10.185
-28.39,-12.989,-12.513
-24.72,-8.874,-21.595
-18.557,-5.972,-23.306
-17.21,-3.077,-19.074
-17.748,5.046,-11.417
-15.863,6.831,-13.511
-36.331,8.685,-19.277
-30.51,24.694,-47.344
-48.78,-1.672,78.39
-45.05,59.274,4.283
11.429,9.757,5.556
-4.89,4.924,24.218
-9.996,-4.18,18.988
-17.016,4.369,38.205
-10.032,-4.273,23.263
-5.424,-2.323,17.298
-5.718,6.068,14.614
-6.386,6.403,13.499
-6.187,3.802,14.47
-4.46,-1.17,14.607
-4.185,0.914,11.154
-4.524,3.043,10.001
-3.352,0.907,9.159
-2.041,-1.811,8.161
-0.892,-0.256,9.106
-2.653,1.328,9.604
-1.613,2.294,10.207
-3.472,-0.215,9.243
-3.421,-3.287,6.474
-2.213,0.756,7.051
-3.819,1.342,5.632
-4.666,-0.38,6.704
-3.484,-1.086,7.338
-1.926,-0.651,6.424
-2.328,-0.557,7.142
-4.644,2.457,8.666
-4.996,-0.727,7.137
-4.28,-0.708,4.02
-4.077,-2.988,4.299
-5.185,-1.577,6.087
-4.505,-2.227,5.599
-5.491,-2.163,4.843
-3.225,1.213,4.161
-3.744,3.051,5.118
-3.701,-3.993,-1.581
-4.259,-5.888,-1.168
-8.867,-4.4,-1.055
-6.726,11.305,-4.974
-12.121,8.692,-2.747
-18.526,4.666,1.261
-21.079,9.939,0.246
-20.992,7.623,-3.412
-23.088,2.082,-6.479
-22.751,-6.013,-6.592
-14.422,-12.508,-6.675
-24.842,-8.475,-12.693
-30.525,-9.412,-14.109
-27.723,-21.868,-7.955
-38.863,-23.703,-3.448
-34.192,-18.179,-6.245
-20.658,-13.927,1.715
-29.168,-3.73,-1.541
-30.654,-2.629,7.45
-16.889,1.988,-2.658
-24.1,2.902,1.998
-27.352,2.443,-2.598
-24.486,14.911,2.031
-13.406,9.276,1.596
-18.387,16.564,-4.295
-12.178,15.992,-11.58
-26.065,1.187,-7.718
-21.985,-10.518,-11.078
-15.801,-10.544,-0.809
-26.555,-11.506,4.776
-59.802,-17.447,-0.512
-34.322,18.308,5.393
-16.535,11.46,11.786
-20.102,-3.57,5.936
-19.708,-18.399,-0.156
-29.307,-10.355,-3.11
-27.213,-7.302,-6.374
-23.084,-5.759,-7.663
-20.311,-9.63,-8.893
-21.823,-13.355,-10.3
-19.366,-17.937,-8.431
-20.294,-8.948,-11.937
-19.717,-5.642,-14.135
-17.624,-2.522,-18.205
-13.377,-2.452,-16.267
-10.791,3.381,-13.353
-8.819,2.661,-8.171
-31.438,0.859,-16.308
-41.502,15.451,-33.46
-37.769,22.548,17.265
-32.824,70.997,29.582
-1.543,13.243,-4.883
3.17,1.342,3.575
-11.087,-9.644,17.138
-11.068,-6.41,14.281
-6.467,-7.534,21.165
-4.718,7.958,22.306
-3.005,7.266,19.054
-16.219,2.993,18.397
-8.967,0.555,14.803
-6.319,4.352,16.073
-3.242,3.778,13.721
-2.845,-0.227,6.941
-1.069,-0.163,3.321
-1.108,-2.333,5.498
-1.605,-1.651,7.666
-3.149,-0.526,8.219
-3.917,0.407,9.984
-3.17,-0.584,9.293
-3.472,2.929,10.166
-3.438,3.644,8.958
-3.737,2.232,8.283
-4.412,0.713,7.364
-3.199,-2.469,7.876
-2.871,-3.249,6.513
-2.732,-2.058,6.584
-2.984,-2.055,7.472
-3.445,-0.45,8.257
-3.374,-1.861,5.201
-1.94,0.328,5.111
-3.773,-0.821,4.986
-5.572,-3.129,6.142
-4.223,-2.125,6.056
-2.89,-1.701,4.845
-1.553,-0.476,5.134
-2.192,-4.11,4.426
-2.885,-4.68,-1.258
-5.594,1.311,-5.273
-9.869,5.24,-0.701
-15.604,11.554,-1.581
-16.691,5.036,-0.804
-14.415,8.271,0.816
-18.653,8.484,0.49
-22.572,10.984,-1.39
-22.844,3.094,-3.936
-20.997,-7.127,-6.319
-19.485,-8.52,-7.407
-20.224,-10.58,-10.362
-25.995,-18.59,-13.066
-25.629,-20.282,-7.764
-33.25,-17.538,-9.499
-32.257,-22.404,-7.058
-30.69,-21.737,-4.62
-32.553,-5.479,2.323
-15.339,2.285,4.56
-13.951,8.96,-2.462
-26.168,5.802,0.112
-19.083,21.146,4.673
-32.862,19.578,6.491
-20.287,9.747,2.283
-21.086,4.139,-2.773
-21.414,7.06,-5.364
-22.442,7.596,-6.434
-20.576,-0.225,-9.898
-21.15,-5.158,-10.59
-16.083,-4.682,-8.125
-21.107,-9.75,2.835
-11.365,7.171,15.956
-27.261,2.527,15.628
-18.815,8.484,11.994
-25.101,-5.517,2.199
-40.906,-11.178,-2.641
-36.056,-9.594,-9.128
-27.931,-10.027,-13.93
-24.416,-11.192,-15.906
-20.5,-12.13,-14.104
-18.619,-13.111,-9.609
-22.562,-15.513,-7.821
-24.409,-8.192,-18.806
-20.208,-2.708,-24.639
-10.054,10.288,-20.751
-4.558,15.382,-11.015
-12.492,-9.597,-12.693
-38.114,8.482,-22.069
-29.979,34.326,-34.305
-23.581,7.649,19.428
-34.518,73.512,0.761
10.216,4.316,-5.108
5.304,-14.36,13.303
-12.757,0.538,18.231
-21.095,9.446,29.364
-23.21,-8.085,23.959
-2.873,5.534,25.292
-5.28,10.054,18.868
-8.97,9.326,17.629
-3.412,1.637,15.54
-2.574,-3.886,13.863
-2.328,0.452,12.556
-2.885,1.156,8.745
-1.002,-2.467,6.158
-0.471,-1.715,5.34
0.445,1.488,6.058
-0.979,0.132,5.907
0.325,1.601,6.938
1.077,3.541,5.223
3.522,7.307,4.223
2.321,5.089,3.417
-2.017,1.199,3.735
-1.648,-1.285,2.242
-5.694,0.266,3.177
-3.096,5.618,0.711
-6.022,1.498,6.891
-3.175,-1.988,1.0
-3.826,-5.941,6.206
-3.484,-5.668,6.395
-7.331,1.622,-2.498
-5.867,-0.88,5.907
-7.517,0.091,8.668
-8.374,-5.13,3.785
-5.709,-8.475,5.075
-4.034,-4.209,6.312
-6.158,-1.531,7.331
-6.781,2.438,6.781
-5.297,-0.885,2.553
-5.292,-1.749,-0.546
-8.195,4.467,-0.56
-11.827,1.9,0.493
-17.763,3.443,1.971
-18.475,6.063,-0.256
-21.071,-0.464,-2.17
-20.844,1.665,-6.194
-22.04,1.373,-4.012
-25.361,0.754,-5.379
-26.464,-6.403,-3.051
-21.806,-11.02,-7.805
-24.361,-7.663,-11.908
-25.467,-11.427,-11.879
-25.091,-17.944,-8.073
-31.771,-18.212,-7.022
-35.925,-18.164,-3.455
-19.626,-7.082,-0.512
-36.126,-4.39,2.62
-21.978,1.845,3.68
-24.598,0.151,5.67
-25.842,9.793,10.448
-21.758,8.319,3.338
-22.342,9.006,-2.445
-21.038,8.496,4.582
-17.59,6.532,-4.855
-20.488,11.264,-4.247
-18.306,4.003,-6.441
-5.912,11.855,-13.662
-18.083,-5.953,-4.895
-19.595,-11.236,2.546
-23.476,-2.175,7.261
-29.618,3.28,15.253
-18.365,0.945,8.838
-14.054,-3.701,5.936
-25.191,-12.513,2.51
-30.771,-15.997,0.732
-28.149,-10.097,-5.503
-21.107,-8.3,-7.723
-17.901,-6.991,-8.001
-25.043,-8.704,-5.843
-22.883,-13.052,-8.972
-19.205,-8.955,-8.403
-18.133,-7.317,-13.422
-19.105,-6.118,-13.037
-17.404,-0.639,-15.269
-16.676,1.873,-13.686
-13.418,5.245,-8.989
-24.359,4.835,-10.594
-39.631,4.249,-20.794
-15.518,36.618,69.906
-48.689,78.333,4.098
21.804,23.299,2.495
-2.814,-0.486,0.412
-9.611,-1.007,7.281
-3.905,2.539,13.336
-8.841,-1.072,20.507
-1.44,3.22,19.232
-6.283,5.333,19.569
-5.965,0.869,16.368
-6.237,2.151,19.234
-4.328,-0.112,12.023
-2.311,3.783,11.602
-2.335,1.342,10.52
-1.895,-2.402,8.86
-2.718,-1.883,8.841
-2.17,-3.833,8.037
-2.144,-0.773,8.604
-2.582,1.225,9.489
-1.529,0.995,9.4
-1.34,0.378,7.967
-2.354,1.302,6.111
-3.333,0.574,7.005
-3.785,-0.624,8.508
-3.627,-0.388,8.97
-2.905,0.077,9.168
-1.639,-1.132,7.163
-1.634,-1.069,7.972
-0.909,0.557,7.295
-3.17,-1.304,7.826
-4.187,-3.319,7.01
-4.034,-2.397,5.613
-2.981,-1.189,4.878
-2.294,-1.093,5.687
-2.773,-0.385,4.9
-4.201,-3.854,4.584
-3.546,-3.658,4.811
-3.46,-2.582,3.754
-1.701,2.603,-0.861
-2.95,-3.175,-4.168
-8.893,3.744,-0.179
-15.588,1.914,-1.983
-17.528,3.921,-2.103
-15.53,14.951,1.756
-16.602,13.205,-0.043
-19.758,14.097,-3.098
-21.11,-2.373,-6.185
-24.856,-9.987,-4.89
-22.935,-3.268,-4.23
-20.925,-7.922,-5.178
-21.438,-17.042,-8.501
-25.703,-8.211,-8.668
-31.238,-20.818,-9.183
-35.602,-22.536,-3.854
-27.864,-17.169,-2.469
-26.814,-9.826,-0.569
-22.316,1.383,2.4
-19.598,3.728,2.333
-26.835,4.749,5.74
-27.005,5.362,6.467
-28.261,4.39,2.328
-23.136,7.47,3.625
-21.988,8.515,0.869
-18.595,9.185,-3.953
-26.237,4.835,-8.625
-25.636,-4.4,-3.177
-15.789,1.079,-8.872
-19.736,-7.003,-8.898
-17.533,-13.394,4.058
-28.091,-6.661,13.456
-25.565,-4.242,16.487
-15.159,2.914,10.135
-11.714,-8.872,6.491
-25.285,-8.108,2.673
-43.107,-15.009,-7.032
-26.345,-5.268,-6.592
-22.639,-6.855,-8.558
-22.483,-9.606,-9.843
-18.495,-10.353,-4.374
-18.062,-18.047,-6.192
-20.26,-10.664,-11.946
-20.969,-3.271,-13.743
-17.889,-4.733,-13.528
-12.489,7.817,-14.499
-11.018,3.713,-13.918
-10.372,2.591,-9.025
-36.949,2.759,-17.6
-31.611,27.058,-45.629
-47.21,-5.63,62.855
-71.978,68.385,8.824
8.951,3.417,-5.745
17.329,15.303,15.458
-8.742,-1.859,24.328
-7.127,-1.732,31.477
-8.618,-1.354,25.601
-11.056,2.488,29.039
-5.134,7.022,22.899
-7.084,12.542,19.299
-3.938,9.006,17.727
-4.398,3.39,19.27
-2.567,2.017,13.504
-1.388,0.258,9.604
-0.366,3.132,5.453
0.912,1.945,3.895
1.955,0.641,4.599
1.979,0.567,3.216
1.979,-0.335,3.206
-1.696,1.608,5.826
-0.347,5.893,4.268
0.938,6.596,4.905
2.639,4.17,-1.055
-1.428,-0.203,1.811
-2.412,-0.079,4.127
0.136,0.12,3.938
-3.598,-2.256,5.417
-6.654,2.804,5.589
-5.486,1.464,6.419
-2.981,-2.952,5.012
-3.752,-4.182,3.608
-4.173,-3.804,10.197
-8.07,0.378,5.687
-6.615,-2.79,7.056
-4.933,-3.744,6.986
-7.852,-3.438,8.082
-6.211,-2.433,8.563
-5.68,-1.275,4.357
-6.209,-1.876,3.864
-5.852,1.962,4.517
-8.089,5.51,2.988
-9.941,3.062,-1.534
-13.025,0.935,-0.589
-15.798,3.287,2.357
-21.397,5.565,0.679
-18.798,6.245,-3.158
-18.37,3.646,-5.235
-24.304,-1.273,-7.431
-25.117,-8.039,-5.706
-22.332,-5.158,-5.735
-18.435,-8.58,-10.805
-22.552,-8.987,-14.056
-25.345,-19.196,-5.713
-28.546,-12.626,-13.595
-37.654,-14.994,-11.185
-36.853,-2.649,-3.637
-35.305,-17.002,-1.668
-27.955,-4.919,2.603
-19.775,2.204,-0.342
-22.459,4.474,2.622
-26.07,5.623,2.251
-18.844,0.833,6.568
-20.141,3.663,0.356
-17.277,10.398,-4.127
-15.769,10.104,-8.845
-16.877,-1.596,-8.979
-17.796,-6.721,-4.053
-13.157,4.606,-3.156
-13.331,1.517,-0.34
-17.559,-1.046,6.938
-31.443,-0.823,10.537
-34.18,-11.566,7.625
-17.262,-0.581,7.73
-17.37,-1.675,3.5
-21.619,-13.559,0.967
-22.296,-11.944,3.158
-22.77,-10.219,-0.785
-21.292,-7.517,-2.795
-18.2,-6.548,-4.113
-18.069,-10.779,-6.568
-15.81,-9.003,-6.348
-15.415,-10.759,-4.922
-20.303,-10.829,-7.305
-19.442,-8.089,-12.544
-16.509,-5.953,-14.616
-15.607,-5.292,-11.389
-11.001,9.515,-8.013
-10.623,10.944,-6.919
-13.197,3.85,-9.001
-31.273,12.274,-30.024
-65.384,-6.156,20.77
-43.645,55.395,16.466
-0.536,22.785,-8.106
0.888,1.055,-4.036
-14.681,-1.505,15.59
-7.522,-1.72,15.758
-8.178,-4.886,16.344
-4.57,-5.386,22.703
-3.005,3.469,23.23
1.902,7.4,13.535
-5.579,9.747,14.365
-6.355,4.426,11.525
-2.364,3.543,13.248
-3.63,-0.05,11.152
-5.63,-3.417,6.833
-2.094,-3.632,9.357
0.562,-1.512,7.817
-0.452,-1.321,7.032
-3.077,-2.558,7.161
-3.61,0.746,8.898
-3.091,3.96,10.281
-0.964,2.948,6.804
-2.168,0.825,8.336
-3.445,-1.718,7.441
-2.483,-3.031,8.341
-2.244,-3.881,7.376
-3.591,-2.45,8.475
-3.103,0.323,9.329
-2.723,-1.797,10.02
-2.137,-0.624,7.711
-2.4,-0.266,6.395
-3.11,0.273,7.532
-3.596,-2.086,5.948
-2.649,-1.457,4.948
-5.412,-2.254,6.917
-6.675,-3.06,5.517
-4.919,-0.117,4.689
-5.209,0.234,5.78
-6.45,1.261,6.711
-6.422,3.517,7.058
-7.84,4.599,6.857
-8.86,5.216,6.903
-10.252,5.292,6.675
-9.228,5.809,5.962
-8.585,6.946,6.039
-8.35,10.81,2.421
-10.724,10.099,-0.261
-13.336,3.878,-1.026
-13.41,5.29,2.428
-11.362,4.919,-1.101
-12.178,4.256,-3.895
-16.645,1.258,-3.575
-16.37,-1.845,-5.036
-15.281,0.167,-7.13
-21.093,-7.405,-6.57
-20.545,-8.652,-4.295
-22.691,-1.608,-4.905
-22.521,-1.981,-5.072
-21.442,-2.309,-3.34
-23.545,-3.106,-0.383
-19.047,-3.218,-0.802
-20.026,5.362,-0.036
-15.461,3.027,2.902
-16.822,1.964,3.548
-13.614,0.823,4.503
-14.822,-0.737,4.261
-14.621,0.141,5.197
-7.556,7.506,7.266
-11.815,0.335,4.527
-12.504,3.409,3.338
-14.116,8.073,2.361
-11.867,9.13,3.108
-10.422,6.56,2.304
-11.07,10.293,-1.129
-10.707,6.178,-2.907
-4.197,7.235,0.383
-8.35,2.835,-2.405
-4.637,9.482,-0.598
-3.051,7.056,-1.349
-5.632,-1.034,-0.49
-6.309,1.218,2.826
-3.768,6.096,2.673
-4.577,6.185,0.56
-4.766,0.95,-3.278
-3.912,0.043,-1.074
-2.108,1.83,0.742
-3.919,4.343,3.606
-4.532,5.503,3.345
-2.763,6.302,0.806
-1.962,5.204,1.017
-2.299,2.83,3.704
-2.16,4.979,4.187
-2.687,4.649,3.976
-3.168,1.526,4.249
-2.627,-0.136,6.915
-2.57,0.378,7.395
-3.129,-4.426,7.037
-2.256,-7.692,8.532
-3.656,-9.7,10.75
-4.532,-5.295,10.714
-6.843,-8.565,8.927
-8.185,-10.707,10.164
-10.056,-13.879,10.917
-10.166,-14.882,13.989
-9.767,-11.987,12.958
-15.083,-11.539,6.9
-14.229,-10.41,0.907
-12.968,-13.396,-1.601
-11.582,-15.439,-2.285
-9.759,-14.116,-5.333
-11.405,-15.418,-6.991
-13.284,-16.526,-3.673
-8.372,-13.372,-3.342
-5.898,-14.396,-4.232
-3.35,-14.456,-3.055
-2.053,-10.2,-3.795
-0.091,-8.668,-2.622
0.916,-6.319,-0.115
1.768,-6.285,1.895
5.079,-1.476,1.56
8.142,2.204,6.273
8.793,1.153,9.379
8.302,-3.0,7.982
10.724,-2.869,-1.921
11.81,11.745,-18.466
-15.994,-7.759,-6.108
7.001,-8.424,-16.454
-1.254,5.19,-6.371
-0.033,-2.68,-2.806
5.936,6.101,4.936
2.242,23.99,33.338
-6.166,-25.409,20.033
-6.072,-10.917,5.893
13.408,-5.292,5.096
9.121,3.319,12.532
12.855,-9.042,4.895
3.474,15.071,15.925
35.08,8.163,-10.712
5.197,-4.261,8.032
10.173,0.356,7.951
14.566,9.74,12.839
13.214,-0.904,7.151
12.98,0.73,5.115
12.207,-6.209,4.065
2.017,-4.295,14.305
-7.795,-3.517,9.886
-11.47,-6.455,3.9
7.175,-16.557,0.12
0.668,-16.399,8.343
-0.959,1.18,12.896
-3.677,0.871,13.291
2.361,-4.154,2.194
0.337,-17.995,2.548
0.179,-11.896,9.996
-1.983,1.883,11.221
-3.797,-8.3,9.286
-0.809,-16.188,7.802
2.003,-1.66,14.3
0.971,-10.195,6.254
1.05,-15.719,7.192
-1.864,-11.425,16.418
0.225,-10.594,15.734
1.445,-10.116,12.965
1.993,-10.549,9.86
1.428,-9.853,14.554
0.828,-11.704,12.126
2.007,-11.539,11.116
2.622,-6.747,12.059
2.192,-6.139,12.982
1.354,-7.668,13.288
1.302,-5.479,11.152
0.957,-3.73,12.126
4.357,-1.859,7.991
4.328,0.873,8.113
5.077,1.022,5.759
6.419,2.962,3.309
10.422,5.723,-1.345
0.493,6.266,-5.17
-6.769,3.141,-6.072
1.12,1.464,-6.955
8.742,2.536,-4.201
2.184,2.354,-0.691
-1.132,-2.232,1.467
-0.648,1.029,2.378
0.921,3.397,2.929
-2.57,1.297,8.137
1.637,-0.581,6.84
0.73,-3.79,3.713
0.629,0.124,9.144
0.983,-4.101,14.355
3.043,6.754,-16.944
3.603,0.459,6.984
-2.546,5.094,4.008
-6.553,-3.95,0.038
-5.39,-6.85,1.007
-9.008,-0.376,9.836
-10.448,-2.969,13.032
-7.218,-11.585,8.116
-4.804,-14.681,11.015
-5.472,-12.693,11.269
-6.204,-4.41,13.492
-5.173,-8.769,12.26
-4.381,-7.805,12.551
-3.383,-6.264,10.429
-5.144,-8.697,10.329
-1.314,-7.386,10.386
-1.723,-9.673,11.965
-3.84,-9.482,13.875
-5.314,-8.391,14.829
-4.278,-8.738,14.731
-3.297,-5.039,16.552
-2.737,-6.075,15.535
-3.125,-5.268,13.803
-2.828,-6.876,13.532
-0.981,-9.403,11.74
-4.575,-8.931,10.58
-1.727,-5.156,8.522
-1.462,-2.4,8.283
-0.11,-1.613,7.972
-1.172,-4.242,8.936
-0.926,-3.555,5.902
-2.012,-2.115,7.238
-1.416,-1.713,5.245
-1.048,-1.206,5.539
-0.026,0.825,5.838
-0.237,1.426,6.769
-0.031,-0.306,7.766
1.771,0.596,8.297
4.469,0.572,8.001
4.723,0.517,7.974
3.9,-0.316,7.922
4.252,0.122,9.054
4.634,-0.749,7.687
4.398,-1.517,6.977
3.448,-1.34,9.379
2.929,-3.914,10.192
2.562,-2.251,11.331
0.189,-4.077,9.956
1.608,-3.249,9.039
2.687,-2.347,11.094
1.505,-2.491,13.875
0.919,-0.519,11.798
-1.019,-2.07,10.594
2.529,-3.225,9.417
0.567,-0.036,9.96
0.742,-2.395,10.276
0.782,-1.101,9.391
-0.569,0.208,11.073
0.962,-0.132,8.35
3.486,1.459,4.326
5.625,2.852,3.345
0.79,-0.421,5.893
-0.12,-2.084,4.52
-1.036,-1.053,1.835
-5.737,1.448,4.503
0.723,1.424,7.381
-3.019,0.041,7.773
-2.696,-0.684,5.912
-2.759,-5.446,2.376
-5.316,2.314,9.941
-3.161,-1.416,3.015
-4.682,-1.847,3.34
-4.938,-1.323,6.108
-7.29,-6.654,5.096
-4.309,-3.383,4.299
-4.199,-1.136,4.709
-4.744,-1.715,5.804
-5.134,1.392,8.3
-3.996,-2.448,1.165
-4.661,-5.958,1.663
-5.151,-2.378,4.398
-4.649,0.694,2.452
-4.582,10.027,3.821
-6.958,5.972,2.393
-16.87,7.328,3.11
-14.638,15.566,2.505
-13.693,7.202,-4.156
-20.148,5.572,-7.302
-25.9,1.826,-4.835
-26.338,-2.806,-1.998
-26.251,-7.675,0.151
-24.888,-6.745,-8.575
-26.995,-3.768,-12.035
-27.019,-7.649,-14.609
-35.027,-15.815,-7.159
-28.878,-17.492,-2.814
-25.23,-16.738,-2.438
-16.841,-5.362,0.16
-23.1,-10.403,3.027
-23.823,3.0,1.371
-29.187,4.893,2.402
-23.038,10.037,3.431
-22.684,14.576,-2.354
-15.504,11.161,0.22
-18.023,9.089,-1.749
-20.397,10.068,-3.852
-28.206,3.007,-9.707
-12.073,-0.275,-1.206
-17.971,-1.785,-2.034
-16.499,-1.22,3.046
-17.164,5.314,11.635
-28.759,1.199,16.363
-41.155,-14.796,16.937
-20.33,-0.127,12.592
-14.544,2.043,8.532
-23.591,-9.123,4.572
-36.767,-5.623,1.67
-30.376,-7.84,-4.766
-30.328,-7.02,-6.915
-30.23,-4.29,-9.549
-25.881,-6.089,-10.312
-20.803,-11.74,-8.264
-19.712,-8.367,-9.656
-24.148,-2.117,-16.985
-13.798,3.388,-19.875
-5.771,8.939,-16.112
-3.299,-0.117,-10.357
-16.899,7.125,-16.808
-40.6,23.876,-28.376
-51.378,22.017,10.578
-29.697,33.606,61.523
-24.94,39.291,3.579
0.964,-4.094,-8.979
5.07,-3.041,14.674
-17.566,-11.592,11.666
-5.326,0.701,13.209
-2.395,-0.318,29.594
-5.362,6.498,20.878
0.534,6.23,23.823
-3.457,6.187,13.26
-3.108,-0.184,14.432
-4.357,-1.481,14.827
-3.728,0.816,11.532
-2.596,0.364,8.348
-1.223,1.213,10.891
0.603,-2.9,10.566
-0.589,-2.479,7.654
-2.62,1.01,7.625
-2.527,2.785,9.211
-2.17,0.897,11.391
-2.012,1.103,9.278
-0.177,-0.543,7.049
-0.723,-1.39,7.185
-0.782,-1.369,6.73
-3.862,-1.904,8.936
-4.07,-0.892,8.467
-3.575,-1.955,8.51
-1.325,-1.306,9.149
-1.739,0.402,8.154
-2.919,1.113,7.508
-1.603,0.562,6.297
-2.163,-4.343,5.266
-2.474,-4.407,2.783
-3.938,-1.562,4.701
-2.613,-2.216,4.498
-2.204,-0.962,5.769
-1.737,-0.935,1.637
-2.73,0.438,3.385
-3.283,2.031,4.668
-6.319,-5.247,-3.469
-8.154,1.55,-1.268
-16.703,6.749,1.098
-14.961,15.052,6.051
-13.092,17.64,4.271
-19.162,5.01,-3.536
-21.086,-4.307,-1.933
-19.023,-1.67,-0.778
-18.483,-0.151,-5.123
-20.315,-6.867,-8.195
-26.419,-12.03,-14.288
-30.539,-14.987,-8.02
-29.003,-12.166,-9.199
-35.779,-13.638,-10.436
-33.467,-12.602,-5.862
-27.79,-12.243,0.565
-25.419,-1.23,-0.194
-18.461,-1.048,4.036
-25.713,-3.266,-0.311
-21.17,13.018,2.254
-24.136,10.401,1.134
-22.627,5.091,-0.045
-25.017,-1.242,0.651
-16.272,4.613,-1.699
-17.44,4.637,-5.792
-21.162,-2.823,-5.307
-16.538,7.96,1.45
-16.162,12.585,3.177
-9.68,8.975,-1.744
-21.973,-3.015,-1.488
-31.472,-4.163,14.052
-34.688,-12.841,1.526
-26.431,12.659,13.327
-17.179,4.067,10.18
-23.799,-1.672,8.503
-41.88,-2.897,2.414
-26.768,-9.769,-3.74
-24.73,-10.08,-4.319
-29.627,-10.164,-5.101
-26.95,-16.054,-13.942
-20.344,-12.195,-12.525
-18.715,-11.102,-12.606
-21.299,-6.63,-14.044
-20.849,-3.742,-16.825
-14.195,3.938,-16.774
-8.793,7.173,-15.25
-15.123,2.239,-10.212
-36.987,9.479,-14.535
-35.786,30.053,-32.709
-42.645,-5.457,78.39
-38.994,38.075,16.011
25.122,2.938,-3.187
-2.589,-12.331,15.935
-17.705,-9.549,24.483
-9.996,0.945,24.447
-0.557,-3.005,22.495
-1.541,0.282,20.653
-5.139,-0.05,14.765
-8.348,5.783,17.813
-5.249,-0.153,14.499
-3.204,0.175,11.52
-1.201,1.72,8.608
-0.287,-1.895,7.764
-1.45,0.089,9.283
-2.55,-3.627,10.099
-2.165,-2.239,8.721
-2.783,-0.584,9.57
-0.785,-1.041,9.496
-1.136,0.309,9.561
-1.345,-0.579,7.972
-3.101,-1.651,6.237
-4.962,-2.4,9.073
-4.469,-1.299,8.599
-1.974,-2.105,6.97
-0.711,-0.919,7.898
-2.661,-3.098,9.987
-1.474,-0.352,8.738
-1.165,-3.18,8.4
-3.189,-2.017,6.907
-4.326,0.266,6.661
-4.008,1.448,7.049
-3.481,0.237,5.027
-2.493,-4.252,4.0
-3.012,0.194,4.74
-0.462,3.716,6.788
-2.677,-3.359,0.596
-3.22,-4.094,-5.996
-7.082,-1.242,-1.421
-6.292,7.852,-1.981
-14.126,8.321,-0.309
-18.062,12.839,1.357
-15.537,8.051,1.622
-20.38,3.156,1.024
-21.452,3.766,-2.383
-22.426,3.886,-3.275
-22.954,-4.577,-4.924
-21.28,-8.405,-6.876
-22.418,-5.39,-11.834
-25.584,-16.332,-10.927
-24.522,-14.547,-5.096
-33.056,-21.921,-5.158
-30.69,-15.889,-11.523
-36.429,-17.246,-2.285
-25.699,-5.56,1.333
-14.052,1.562,0.333
-24.416,4.883,0.88
-39.044,4.57,-0.435
-24.237,10.867,8.396
-27.912,-1.194,4.048
-20.086,1.914,1.792
-22.134,9.013,-3.424
-23.835,7.386,-10.788
-26.062,6.879,-8.264
-18.856,0.368,-6.149
-18.801,-5.486,-5.577
-17.241,-3.163,-2.979
-17.65,-1.625,6.398
-54.967,-11.886,4.704
-26.692,3.555,15.169
-12.654,2.591,12.779
-18.09,-8.575,3.685
-28.015,-11.652,-2.838
-31.027,-7.929,-3.237
-24.89,-8.015,-5.608
-25.335,-11.032,-3.845
-26.17,-10.647,-7.982
-21.538,-12.752,-13.394
-19.818,-9.121,-12.798
-20.069,-7.843,-12.231
-21.978,-5.103,-15.112
-18.928,-3.577,-17.495
-12.937,5.62,-17.25
-12.011,7.008,-13.032
-18.179,1.591,-8.278
-40.179,10.927,-12.855
-26.854,16.425,-17.758
-55.718,41.107,78.39
-21.77,50.029,0.51
2.364,9.259,-14.659
-6.216,-3.773,12.91
-10.994,1.593,19.385
-1.797,-0.067,26.45
-6.058,-2.627,26.445
-8.496,6.915,25.16
-3.981,10.542,18.473
-4.041,3.72,20.428
-2.182,3.235,18.1
-2.098,3.249,18.837
-1.68,-2.086,12.061
-3.546,0.124,9.037
-0.536,1.208,6.489
-0.706,1.141,2.768
-0.727,-1.493,5.288
0.758,-2.345,5.764
-0.014,-3.256,3.864
-1.888,-3.656,2.601
2.871,3.414,3.493
3.22,6.771,4.065
1.359,7.582,4.0
-2.192,-4.211,3.787
-2.55,3.862,5.024
0.744,2.72,2.424
-2.744,0.376,4.9
-5.173,2.098,2.134
-5.355,-2.699,7.939
-6.125,-2.998,11.544
-4.577,1.077,4.639
-4.168,1.388,5.606
-4.898,0.223,5.898
-7.948,-5.958,5.12
-7.094,-6.927,3.558
-6.671,-4.201,6.654
-5.357,-0.33,9.472
-7.912,-0.971,8.441
-7.072,0.211,5.833
-5.017,2.476,3.608
-7.589,1.254,0.447
-10.056,1.577,3.778
-13.037,1.503,5.056
-15.36,3.242,2.914
-14.418,4.541,-1.237
-17.772,2.4,-2.204
-20.294,2.821,-8.683
-21.796,-0.959,-8.451
-28.543,-0.435,-1.876
-25.251,0.156,-1.433
-24.11,-5.924,-7.742
-24.9,-4.747,-11.733
-26.881,-13.513,-11.003
-34.441,-5.938,-9.872
-32.553,-13.372,-9.439
-30.501,-5.431,-4.685
-24.28,-10.31,1.648
-24.443,0.682,3.048
-22.284,-1.806,6.627
-22.328,6.462,5.142
-25.531,6.333,3.441
-18.43,0.416,2.0
-19.954,4.158,-7.324
-22.722,4.859,-1.12
-21.064,6.9,-4.28
-19.102,4.395,-0.928
-16.427,0.679,-2.242
-18.172,4.302,-3.149
-16.612,0.849,-0.407
-13.341,1.297,2.632
-35.171,0.189,8.898
-30.912,4.469,8.242
-16.492,0.629,6.556
-14.449,-4.197,3.62
-27.314,-9.037,-1.876
-28.273,-10.18,-5.431
-25.799,-9.336,-5.118
-24.768,-9.659,-9.972
-21.366,-7.089,-6.197
-19.988,-9.805,-9.587
-17.44,-8.896,-8.137
-17.229,-8.601,-8.099
-17.564,-7.809,-12.626
-16.191,-6.336,-17.968
-16.595,1.06,-15.803
-12.568,4.855,-15.37
-10.898,1.591,-10.468
-32.862,17.985,-14.911
-28.271,24.029,-34.166
-36.81,-7.326,78.39
-56.171,59.98,12.922
20.047,2.905,-8.008
-2.144,-5.809,11.042
-15.542,4.79,17.176
-20.433,4.544,25.522
-6.613,-5.881,25.491
-4.256,3.811,20.832
-1.976,5.857,16.581
-3.89,8.616,18.856
-1.036,-0.232,17.133
-1.744,-3.228,14.016
-2.086,1.648,13.03
-3.065,2.85,10.156
-2.862,-0.199,6.63
-0.677,0.818,5.742
-0.041,3.187,5.29
3.283,2.283,3.842
-1.902,-1.541,6.379
0.866,1.091,5.264
0.464,4.307,7.096
3.366,4.288,6.338
-1.34,1.615,4.95
-0.746,0.799,1.689
-2.546,-3.443,2.972
-5.699,-1.541,4.163
-1.519,-1.567,2.823
-4.345,0.464,6.046
-5.467,4.029,6.111
-3.933,-3.73,6.123
-4.601,-2.708,7.324
-5.62,-0.287,7.716
-7.57,-1.565,4.199
-6.857,-1.967,7.443
-5.735,-3.656,6.4
-6.333,-1.546,6.295
-6.773,-1.507,7.221
-7.558,-0.83,4.168
-7.462,-1.247,5.977
-8.699,0.835,-1.591
-7.254,0.634,-4.941
-9.116,-0.828,2.457
-14.887,1.723,6.046
-15.753,10.525,6.606
-17.664,5.517,-0.01
-11.712,1.464,-1.416
-23.576,0.378,-6.118
-23.313,1.426,-6.336
-30.259,1.275,-5.857
-24.837,0.345,-4.917
-23.548,-2.424,-7.491
-24.744,-4.201,-10.166
-25.699,-6.915,-11.13
-29.005,-11.513,-13.02
-27.752,-17.387,-12.697
-28.264,-16.411,-8.453
-26.015,-13.93,-3.211
-17.923,0.455,0.727
-20.789,0.902,6.876
-22.002,5.247,2.795
-21.928,5.123,0.703
-14.595,12.934,2.381
-14.504,9.786,1.567
-18.784,3.297,-2.943
-16.365,4.283,-6.044
-14.626,14.032,-7.513
-14.611,11.46,-7.106
-12.19,-4.878,-8.376
-15.08,-4.601,-7.955
-13.013,-2.802,2.4
-19.734,-5.938,8.86
-32.726,-6.132,18.38
-21.048,5.687,12.851
-10.018,3.194,5.934
-14.494,-11.602,2.732
-24.746,-12.554,3.656
-30.886,-7.419,-1.354
-23.945,-6.178,-4.079
-22.024,-7.202,-5.044
-23.11,-10.451,-6.613
-22.304,-7.417,-5.544
-21.22,-12.102,-5.175
-21.473,-10.422,-8.587
-21.373,-5.637,-15.549
-19.954,-5.68,-15.93
-18.236,0.699,-15.889
-17.437,2.778,-17.15
-11.362,-0.158,-11.618
-29.144,4.955,-13.607
-39.394,28.594,-21.172
-57.216,14.951,78.39
-34.068,57.446,8.687
0.053,9.688,-7.829
-3.634,-1.739,5.747
-9.47,-0.876,14.812
-9.121,-2.022,23.789
-2.529,-5.23,25.495
-3.45,-3.536,22.804
-0.218,4.912,15.571
-7.094,2.323,14.939
-5.111,-2.204,17.483
-3.185,-0.873,12.114
-2.651,3.618,13.03
-1.83,0.17,9.568
-2.306,0.189,8.63
-8.094,-7.45,4.558
0.124,-1.046,6.302
-1.153,-1.23,7.269
-1.258,1.127,7.738
-2.318,-0.395,10.573
-3.24,0.55,8.946
-0.663,0.502,7.998
-1.821,0.586,8.958
-1.864,-0.672,7.637
-3.034,-0.191,8.958
-2.787,-3.218,8.886
-3.708,-2.531,8.453
-3.041,-0.988,8.446
-1.976,-0.361,8.01
-2.85,-0.902,7.876
-2.94,-1.287,5.331
-2.024,-3.182,6.209
-3.378,-2.625,6.948
-2.991,-4.742,6.295
-1.845,-3.24,4.264
-0.945,-0.955,2.814
-1.79,1.589,3.768
-1.069,0.263,6.254
-4.898,-2.67,0.88
-0.495,-6.29,-5.847
-8.23,-0.172,-5.922
-18.645,0.333,-5.725
-1.902,19.677,2.251
-15.753,4.919,2.56
-14.789,12.977,0.866
-16.258,8.491,0.66
-20.94,1.053,-4.156
-23.198,-5.316,-7.261
-23.119,-7.223,-5.039
-19.901,-3.563,-4.625
-21.361,-10.822,-7.462
-24.804,-8.393,-11.573
-26.015,-21.009,-14.815
-30.381,-15.102,-10.357
-34.523,-16.305,-11.039
-28.151,-19.7,-6.127
-31.668,-14.494,-2.402
-23.904,-9.149,2.885
-22.885,4.103,1.345
-27.823,-0.337,2.914
-22.112,2.172,5.319
-22.981,3.603,5.087
-17.437,6.462,0.167
-17.358,8.542,0.926
-17.04,10.24,-5.113
-24.206,3.039,-12.068
-20.445,6.218,-12.575
-23.32,-2.062,-8.467
-14.403,5.895,-1.804
-10.791,-2.924,-2.005
-15.695,-1.823,3.773
-30.654,10.104,13.961
-53.608,-19.665,24.993
-18.729,2.022,8.537
-9.771,-6.721,5.565
-22.93,-10.609,2.294
-41.961,-5.199,-4.003
-26.646,-3.333,-8.02
-23.184,-3.352,-10.673
-22.366,-7.429,-8.525
-22.256,-12.37,-10.183
-23.837,-15.289,-9.723
-24.201,-10.123,-13.269
-21.521,-4.333,-17.188
-20.428,-5.594,-15.884
-20.803,-2.409,-16.499
-19.607,5.508,-15.71
-10.862,11.937,-5.082
-25.414,7.056,-6.348
-59.317,20.102,-22.775
-47.596,78.357,56.647
-10.097,26.448,-24.45
3.127,12.422,-16.54
-0.33,-1.148,10.087
-19.779,-20.744,17.657
-3.673,-1.572,22.385
0.218,9.429,29.725
-4.835,1.83,26.895
-9.501,2.127,13.934
-8.14,-6.568,17.92
-1.189,-6.95,10.786
-0.17,1.62,11.767
-1.12,0.208,9.707
-4.115,0.323,9.161
-2.828,-3.89,8.601
-2.216,-0.471,10.513
-1.529,0.746,8.539
-1.239,-1.268,6.635
-0.012,0.091,7.898
-0.768,-1.424,8.348
-2.043,-1.859,10.023
-3.012,-0.536,11.379
-2.862,-0.328,9.278
-3.414,-0.464,8.62
-2.565,-3.685,7.568
-2.371,-3.945,8.331
-2.591,-0.156,10.257
-4.429,0.737,9.353
-1.208,-0.943,8.644
-2.11,-1.266,5.974
-1.938,0.756,5.917
-2.704,-1.455,6.424
-2.359,-1.321,6.912
-2.699,-2.524,7.427
-4.194,0.27,5.424
-3.053,-0.352,5.082
-3.388,-1.443,5.256
-3.321,1.866,5.469
-2.543,3.519,3.775
-0.773,4.539,2.455
-5.45,-3.613,-0.66
-8.333,-6.039,-1.158
-7.477,3.61,-4.914
-14.664,17.564,-3.168
-17.569,4.907,-0.258
-19.645,6.568,1.491
-18.865,7.793,-1.079
-20.402,3.249,-5.613
-23.416,0.567,-8.874
-24.488,6.058,-13.15
-22.442,-11.937,-5.314
-21.6,-6.553,-8.247
-24.371,-17.172,-11.03
-32.931,-10.642,-6.704
-34.623,-11.719,-5.972
-43.767,-21.012,-6.51
-30.934,-18.557,-0.665
-17.14,-11.549,4.12
-22.186,2.072,-0.144
-28.053,10.003,1.012
-27.641,1.16,5.637
-30.804,12.169,3.263
-18.954,13.36,7.431
-13.743,10.716,-3.62
-24.404,3.072,-6.682
-18.87,0.28,-5.261
-19.567,1.211,-8.833
-27.656,5.448,-7.508
-19.98,-0.703,-0.447
-9.905,13.561,2.469
-11.054,13.138,0.419
-14.272,0.079,2.505
-15.798,-0.703,19.497
-35.702,5.163,19.657
-19.622,-3.802,0.534
-12.764,-6.458,-0.5
-24.476,-12.611,-1.22
-37.159,-12.279,-3.543
-30.924,-7.927,-6.453
-26.383,-6.807,-7.656
-27.608,-6.527,-8.685
-23.971,-6.96,-8.008
-22.074,-5.472,-7.661
-19.284,-6.544,-6.17
-23.529,-8.391,-13.875
-20.612,-3.426,-15.03
-16.987,-0.151,-17.724
-18.995,6.075,-11.243
-7.802,7.776,-9.561
-23.39,0.156,-13.269
-35.451,29.864,-30.508
-52.134,2.094,78.39
-47.562,51.031,8.979
9.621,3.333,-3.759
-6.611,1.242,1.744
-6.898,2.194,12.951
-5.996,2.046,26.57
-6.003,2.689,21.883
-10.685,-4.139,29.06
1.361,5.639,18.002
-6.367,11.92,18.093
-0.538,7.721,17.593
-2.294,5.991,21.287
-0.845,-1.658,14.97
-1.081,0.534,11.903
-1.579,1.62,10.829
-0.562,1.926,9.57
-0.668,2.653,9.247
-1.692,1.809,6.589
-2.091,-3.699,7.331
-0.816,-0.215,7.967
1.199,0.624,3.06
1.663,-0.17,2.522
0.33,-0.699,4.075
0.921,2.749,3.364
1.971,3.393,2.991
1.51,2.955,0.629
-3.292,0.577,3.168
-2.773,0.376,4.118
-1.761,0.502,2.692
-2.881,-2.929,1.828
-2.897,-2.998,5.326
-3.859,2.505,5.771
-1.581,-1.531,6.895
-2.737,0.651,5.508
-6.556,-3.421,7.551
-7.008,-3.529,6.285
-5.898,-1.919,6.065
-8.345,-5.367,7.123
-7.759,2.062,7.307
-11.128,0.371,8.168
-8.723,0.048,7.848
-8.252,2.474,7.79
-7.726,3.697,6.147
-8.723,1.574,2.637
-8.338,-1.034,-1.294
-8.876,0.749,-0.062
-13.753,3.799,3.457
-14.92,6.379,2.816
-17.241,6.883,0.395
-17.578,1.778,-1.869
-19.466,2.862,-7.446
-23.878,-0.033,-8.132
-26.309,-6.477,-8.522
-25.821,-8.393,-3.572
-26.57,-4.362,-4.642
-25.179,-4.706,-9.755
-28.996,-10.109,-11.932
-22.605,-12.793,-7.544
-25.27,-12.53,-7.824
-24.988,-5.517,-7.695
-22.428,-13.489,-1.857
-17.968,-9.479,-0.189
-21.024,-11.515,4.998
-18.928,-3.874,8.175
-22.732,1.94,5.469
-13.535,5.094,1.684
-16.15,10.07,-1.005
-16.313,7.795,-1.907
-12.98,6.711,-1.56
-21.576,8.214,-3.316
-10.03,9.07,-2.469
-12.406,4.898,-8.24
-11.267,3.563,-6.51
-13.949,0.108,-5.599
-11.606,4.189,4.376
-12.391,-1.263,7.508
-21.732,-0.529,14.76
-23.021,1.335,11.312
-16.037,-0.409,7.788
-10.798,-7.733,2.826
-22.069,-14.126,-0.72
-27.062,-9.152,-0.053
-22.61,-6.304,-1.751
-21.184,-4.512,-2.366
-20.033,-7.175,-3.455
-19.332,-8.197,-2.421
-17.294,-8.977,-2.716
-17.576,-8.905,-3.988
-17.097,-10.209,-7.092
-17.751,-9.671,-9.271
-18.334,-6.393,-13.767
-15.365,3.529,-12.994
-11.858,9.326,-10.503
-6.503,5.912,-7.118
-31.316,5.563,-14.997
-31.73,23.663,-49.601
-37.994,-4.589,78.216
-55.278,62.279,13.164
20.193,13.327,-6.9
0.806,0.586,13.602
-12.279,-5.134,12.953
-16.585,-6.8,20.552
-6.599,-3.981,23.871
-4.266,0.22,25.979
3.661,4.371,20.437
-6.058,1.302,18.519
-5.563,-0.122,12.815
-0.356,0.428,12.642
-2.01,-0.022,13.595
-2.694,-2.541,10.267
-1.56,-2.823,10.652
-3.242,-2.397,8.884
-1.943,-3.63,7.072
-3.185,-2.94,7.405
-1.055,-2.864,5.505
-1.957,-3.101,6.048
-1.617,-1.268,8.475
-1.991,-1.077,9.776
-1.01,2.534,10.145
-1.194,-2.909,6.967
-0.304,-0.794,8.132
-2.972,-3.673,7.582
-1.828,-2.668,7.817
-2.847,-3.366,7.611
-4.235,-2.28,8.723
-3.701,-1.682,7.498
-1.431,-2.89,7.376
-3.484,-1.244,8.221
-3.153,-2.177,8.264
-1.797,-1.024,6.869
-2.737,-2.67,6.407
-4.012,-5.113,4.677
-2.627,-3.883,3.508
-2.321,-3.701,5.187
-2.07,-2.94,5.381
-3.732,-2.912,5.757
-5.852,-1.983,5.958
-6.649,-2.302,4.113
-3.778,3.479,4.142
-7.199,-1.969,5.032
-9.228,0.371,4.632
-8.427,0.16,1.603
-8.025,0.407,2.184
-9.824,4.527,0.845
-12.638,7.764,1.452
-12.238,3.129,1.895
-13.583,4.163,1.4
-14.899,2.761,0.328
-14.824,5.185,-0.39
-14.133,7.632,0.067
-16.858,3.689,-3.498
-19.32,1.18,-3.907
-19.15,-3.677,-7.008
-21.131,-6.386,-8.824
-22.445,-9.01,-8.305
-23.806,-10.539,-7.293
-25.95,-7.666,-5.034
-28.261,-10.917,-6.307
-24.27,-10.623,-5.113
-22.421,-6.118,-1.158
-21.839,-5.594,-0.191
-22.995,-3.795,-4.359
-19.131,6.917,-2.172
-12.415,7.484,-2.369
-11.204,9.101,-1.505
-14.379,-0.656,-2.924
-16.258,2.708,0.536
-13.91,-0.471,-3.199
-13.102,1.479,-0.809
-12.322,1.907,-1.258
-12.283,-1.366,-3.273
-9.085,0.593,-4.426
-7.537,-0.05,-5.132
-7.917,3.297,-4.505
-5.773,3.457,-6.864
-3.967,5.584,-7.099
-0.139,6.95,-5.245
-3.725,6.046,-4.843
-6.221,5.0,-4.039
-6.285,6.972,-2.754
-3.608,8.187,-2.397
-6.553,10.03,-1.254
-4.996,10.853,-1.536
-3.424,8.01,-1.328
-3.323,4.591,0.696
-2.68,1.66,2.73
-2.529,-0.706,4.948
-3.328,-1.971,5.524
-3.646,-0.787,5.082
-4.632,-1.797,5.996
-5.668,-2.524,7.812
-6.106,-2.574,8.699
-5.883,-2.28,8.752
-4.74,-2.211,7.151
-3.529,-3.342,7.563
-1.986,-2.833,8.934
-2.89,-4.323,8.427
-3.417,-3.807,7.52
-3.039,-3.51,7.209
-2.917,-3.342,7.63
-3.584,-2.969,8.326
-4.412,-2.603,9.4
-4.919,-1.802,9.369
-5.333,-2.68,9.008
-4.551,-6.032,7.984
-3.285,-7.295,7.884
-3.5,-8.551,5.412
-5.23,-9.101,2.141
-7.369,-10.432,4.331
-6.56,-10.996,5.225
-5.084,-10.994,4.646
-4.895,-10.647,4.989
-4.07,-11.291,6.24
-4.575,-12.918,7.293
-5.218,-10.982,5.431
-5.211,-9.726,5.831
-5.125,-12.705,7.462
-3.244,-17.413,8.29
-6.989,-17.973,3.409
-16.808,-21.227,6.221
-13.98,-11.015,7.953
-15.406,-12.803,9.448
-6.601,-9.01,9.845
-6.23,-7.508,6.96
-7.549,-7.405,5.661
-7.12,-6.814,7.364
-7.546,-5.886,7.604
-7.348,-3.082,7.386
-6.407,-1.041,6.302
-5.455,-0.763,5.568
-4.926,-1.211,5.824
-3.792,0.227,6.364
-3.689,0.428,6.446
-4.012,0.345,6.319
-4.11,0.225,6.441
-2.78,-0.409,7.692
-4.369,-1.512,8.147
-6.202,0.29,8.235
-5.338,3.278,8.07
-2.302,3.302,8.144
-1.184,1.909,8.427
-0.928,2.326,8.886
0.246,1.156,8.302
0.364,-0.593,7.453
-0.871,-2.694,8.35
-0.242,0.421,8.802
-0.177,4.173,10.154
-0.313,4.606,11.468
1.66,4.74,11.25
4.606,6.568,9.635
4.484,4.551,6.587
3.182,5.017,5.931
5.118,4.673,7.139
4.689,2.548,6.369
4.347,3.302,4.666
4.498,2.625,5.39
4.175,0.83,6.101
3.06,-0.383,9.355
2.806,2.73,12.178
3.821,3.668,12.989
3.192,4.288,12.8
3.637,3.639,11.393
4.304,3.551,9.575
3.991,3.328,8.769
3.319,1.713,8.175
2.74,0.713,7.649
3.376,1.201,7.273
4.371,0.916,7.302
4.761,-0.282,7.989
4.591,0.05,7.264
3.775,1.632,7.391
2.969,2.256,8.14
2.766,1.515,8.723
3.704,1.565,9.338
3.864,2.385,10.025
2.871,2.378,10.573
3.017,2.227,10.202
3.742,1.79,9.625
3.79,1.505,9.044
3.132,0.833,8.917
3.0,-0.057,9.288
3.359,0.691,10.006
2.993,1.101,10.477
2.749,1.306,10.621
2.893,0.821,10.554
2.924,0.242,10.331
2.816,0.445,10.53
3.051,1.086,10.458
3.287,0.904,10.14
3.005,0.141,10.164
2.73,0.256,10.073
2.369,0.806,9.934
2.07,0.907,10.104
2.273,0.732,10.228
2.225,0.151,10.25
2.366,0.108,10.078
3.019,0.476,9.798
3.017,0.763,9.776
3.586,1.144,9.444
3.74,1.247,9.178
3.981,0.938,8.975
4.132,0.67,8.525
3.996,0.266,9.625
2.929,-0.708,9.345
2.61,-0.502,9.769
2.546,-0.347,9.616
2.546,-0.177,10.233
2.711,0.342,10.41
3.194,0.935,9.795
3.409,1.127,8.654
3.381,1.108,7.884
3.409,0.39,8.57
3.436,0.615,8.364
3.141,0.507,7.931
2.591,0.153,7.529
2.225,0.141,8.345
2.452,-0.328,8.381
2.462,0.132,8.711
2.361,0.38,8.542
2.11,0.854,8.269
2.117,0.857,8.549
2.079,1.01,8.24
2.098,0.892,7.836
2.177,0.349,8.539
1.849,-0.426,8.821
1.814,-0.237,8.896
1.811,0.526,8.616
1.675,0.971,8.618
1.955,0.591,9.549
1.919,0.687,9.68
1.95,0.603,9.551
2.464,0.859,9.676
2.694,1.048,9.644
2.675,1.22,9.326
2.491,1.794,9.415
2.842,2.613,9.735
2.823,2.763,9.649
2.216,2.321,9.568
1.878,2.07,9.917
2.503,2.483,10.391
1.806,2.539,10.276
1.5,2.651,10.18
1.455,2.606,10.408
1.895,2.718,10.465
1.723,3.299,9.982
1.617,4.326,9.889
1.629,3.584,9.621
1.61,3.208,9.386
1.983,2.785,9.209
2.177,2.512,9.209
2.015,1.756,9.226
-3.893,-7.678,14.013
9.544,10.472,8.848
0.574,0.445,8.561
2.235,3.699,8.482
1.943,4.577,8.917
0.464,3.718,8.898
0.22,3.127,9.132
0.895,3.062,8.238
1.479,2.366,7.91
1.507,2.371,8.295
1.139,2.373,8.716
0.947,2.589,8.482
1.881,2.259,8.36
1.876,1.828,7.982
1.266,2.409,9.188
1.199,2.811,9.243
0.294,3.476,9.896
0.144,4.012,10.429
0.062,3.917,10.508
0.189,3.78,10.814
-0.103,3.833,10.178
0.127,4.063,10.209
-0.086,3.608,9.678
0.347,3.395,10.235
0.182,2.816,9.855
0.266,2.436,9.226
1.254,2.053,8.628
0.818,1.402,8.915
0.294,1.68,9.046
0.086,2.287,9.374
0.39,2.254,9.587
0.562,2.237,9.324
0.189,1.995,9.412
-0.227,1.672,10.063
-0.27,2.316,10.223
-0.28,3.031,9.444
-0.294,3.141,8.74
0.141,2.517,8.12
-0.4,2.227,8.951
-0.199,2.108,8.987
0.191,2.05,8.211
-0.5,1.608,8.886
-0.933,2.058,9.716
-1.153,2.388,9.996
-0.931,2.546,9.781
-1.062,1.986,10.243
-0.907,1.871,11.111
-1.541,2.139,11.305
-1.426,2.294,10.984
-1.175,2.261,10.707
-0.72,1.732,10.109
-0.67,1.601,10.123
-0.957,1.648,9.81
-0.646,1.928,9.235
-0.629,1.651,8.494
-0.483,1.058,8.281
-0.024,1.883,7.955
-0.711,1.486,7.544
-0.443,2.986,7.45
-0.742,3.869,7.857
-4.455,2.862,8.855
-1.792,5.075,9.941
-2.823,5.816,9.714
-2.213,4.522,10.671
-3.464,3.787,9.872
-13.02,-1.184,6.699
-1.18,4.02,10.822
-0.103,2.206,9.087
0.483,1.995,9.288
-0.323,1.321,9.144
-0.859,0.392,8.778
0.093,0.144,8.652
-0.22,0.622,8.709
-1.526,2.306,10.527
-2.558,2.952,11.391
-0.201,3.173,10.281
-0.177,3.831,10.039
-2.256,2.799,9.903
-2.723,1.756,9.037
-1.278,1.309,8.759
-1.61,0.538,9.149
-1.421,1.39,9.144
-1.665,1.94,9.633
-1.536,1.854,9.24
-1.735,1.775,9.207
-2.065,1.349,9.264
-1.948,1.29,9.121
-2.268,0.821,9.192
-1.567,0.249,9.455
-1.579,0.486,8.608
-3.766,-0.096,9.865
-1.395,1.268,10.996
-3.405,2.541,10.671
-3.051,2.4,9.044
-2.735,1.962,10.073
-2.878,2.077,9.814
-2.546,0.967,9.388
-3.263,-0.077,9.003
-1.239,0.4,9.116
-2.704,-0.749,9.068
-2.256,-0.529,9.353
-2.443,-0.036,9.384
-3.036,0.746,8.726
-3.663,1.163,11.437
-3.268,-0.55,12.178
-3.553,-0.926,11.444
-3.062,-1.141,10.336
-3.314,0.608,10.69
-4.51,-0.636,11.085
-4.493,-1.957,12.3
0.304,-1.711,7.79
-0.79,-4.905,9.676
-2.194,-1.802,9.501
-2.902,-0.421,6.522
-3.472,-3.78,10.925
0.275,-1.66,10.279
0.921,-0.057,10.013
-0.89,0.167,10.566
-0.916,-1.115,9.621
-1.39,-2.168,9.365
-1.184,-2.938,9.924
0.254,-0.912,10.099
-2.139,0.861,9.819
-10.546,-3.259,8.4
-12.932,-6.544,8.757
-1.481,2.747,7.388
-4.223,-0.412,8.455
-2.407,-0.349,9.302
-0.493,-0.404,10.295
-0.462,0.715,9.369
1.536,6.266,8.721
-1.239,3.759,10.353
-2.806,2.62,10.374
-3.864,0.244,9.85
-3.362,0.811,9.451
-4.055,2.373,8.867
-3.094,1.849,9.312
-2.486,1.766,9.508
-2.933,1.596,9.465
-1.804,2.553,9.281
-2.828,1.615,8.958
-3.003,1.457,9.499
-1.79,2.79,9.204
-3.263,2.34,9.747
-2.742,3.125,9.836
-3.046,2.335,9.391
-2.993,2.294,9.367
-2.467,1.402,9.355
-2.072,1.148,9.314
-0.758,1.067,10.207
-3.673,1.476,11.125
-2.751,1.641,9.652
-3.96,3.316,8.199
-3.586,0.718,7.025
-2.072,0.187,9.573
-2.244,0.524,9.745
-3.053,2.498,9.503
-2.895,0.861,9.441
-1.778,0.842,9.482
-1.895,1.215,9.845
-2.929,1.227,9.654
-2.991,1.704,9.599
-2.869,1.809,9.68
-2.519,1.342,9.19
-1.926,1.333,9.467
-2.505,1.132,9.606
-2.163,1.022,9.929
-2.297,1.581,9.566
-2.464,1.347,9.637
-2.038,1.235,9.625
-2.055,0.888,9.635
-1.627,0.809,9.965
-1.498,0.895,9.723
-2.259,0.88,9.666
-3.019,0.971,9.467
-2.548,0.845,9.941
-1.213,0.732,9.534
-1.311,0.754,9.561
-2.127,0.959,9.649
-2.043,0.452,9.838
-1.876,0.837,9.64
-2.156,1.632,8.989
-3.065,1.601,9.491
-1.857,0.723,9.554
-2.309,1.213,9.656
-1.873,0.67,9.69
-2.237,0.672,9.695
-2.244,0.632,9.745
-2.35,0.804,9.606
-2.651,1.098,9.625
-2.187,0.878,9.81
-1.732,0.821,9.769
-1.938,0.66,9.733
-1.565,0.084,9.731
-1.675,0.093,9.881
-1.558,0.069,9.924
-1.62,0.036,9.833
-1.505,0.103,9.814
-1.541,0.239,9.81
-1.515,0.132,9.857
-1.455,0.273,9.8
-1.553,0.299,9.824
-1.603,0.239,9.778
-1.419,0.364,9.85
-1.342,0.301,9.946
-1.5,0.249,10.001
-1.318,0.311,9.881
-1.507,0.301,9.673
-1.428,0.306,9.874
-1.529,0.206,10.099
-1.515,0.443,9.752
-1.416,0.431,9.905
-1.297,0.39,9.831
-1.316,0.543,9.91
-1.27,0.634,9.896
-1.302,0.749,9.814
-1.342,0.555,9.917
-1.156,0.476,9.903
-1.579,0.304,10.082
-1.105,0.624,9.7
-1.184,0.629,9.795
-1.309,0.701,9.979
-1.239,0.562,10.001
-1.127,0.452,9.979
-1.019,0.383,10.003
-1.148,0.457,9.802
-1.297,0.546,9.838
-1.182,0.567,9.85
-1.005,0.553,9.829
-1.199,0.608,9.812
-1.019,0.469,9.884
-1.084,0.278,9.939
-1.199,0.476,9.924
-1.101,0.62,9.927
-1.165,0.656,9.855
-1.407,0.79,9.905
-1.306,0.601,9.831
-1.29,0.507,9.795
-1.151,0.457,9.829
-1.151,0.419,9.814
-1.16,0.337,9.769
-1.072,0.242,9.917
-1.101,0.223,9.934
-1.321,0.385,9.822
-1.316,0.546,9.81
-1.278,0.546,9.812
-1.18,0.423,9.807
-1.127,0.44,9.936
-1.235,0.593,9.872
-1.306,0.526,9.896
-1.268,0.555,9.786
-1.156,0.534,9.915
-1.156,0.426,9.963
-1.113,0.433,9.8
-0.947,0.282,9.814
-0.95,0.227,9.79
-1.017,0.287,10.001
-1.328,0.05,9.793
-1.385,0.223,9.831
-1.287,0.239,9.908
-1.993,0.038,10.025
-1.397,0.397,9.965
-1.433,0.684,9.845
-1.22,0.653,9.762
-1.17,0.797,9.774
-0.991,0.658,9.843
-0.778,0.541,9.836
-0.751,0.325,9.85
-0.852,0.455,9.946
-0.964,0.675,10.034
-1.172,0.775,9.891
-1.388,0.816,9.755
-1.371,0.806,9.721
-1.254,0.833,9.893
-1.194,0.699,9.893
-1.096,0.634,9.757
-1.062,0.562,9.948
-1.175,0.773,10.037
-1.45,0.833,9.838
-1.002,0.699,9.74
-0.823,0.711,9.764
-1.077,0.787,9.908
-1.275,0.811,9.762
-1.139,0.778,9.755
-0.931,0.584,9.896
-1.055,0.349,10.049
-1.012,0.407,9.9
-1.036,0.505,9.833
-0.991,0.617,9.795
-1.077,0.615,9.833
-1.046,0.392,9.879
-0.912,0.282,9.793
-0.952,0.366,9.963
-1.065,0.426,9.912
-0.813,0.299,9.927
-0.873,0.246,9.97
-0.744,0.328,9.9
-0.983,0.321,10.018
-1.125,0.462,9.889
-1.038,0.502,9.755
-0.756,0.51,9.647
-0.866,0.433,9.831
-1.325,0.409,10.176
-1.074,0.514,9.845
-0.955,0.464,9.793
-0.947,0.498,9.891
-1.002,0.502,9.896
-1.026,0.443,9.982
-1.046,0.459,9.979
-0.962,0.4,9.857
-1.065,0.464,9.81
-1.01,0.608,9.814
-1.038,0.574,9.889
-0.998,0.459,10.023
-0.933,0.467,9.862
-0.945,0.498,9.812
-0.945,0.51,9.872
-1.022,0.66,9.903
-1.055,0.34,9.889
-1.058,0.349,9.92
-0.94,0.246,9.967
-1.012,0.457,9.929
-1.122,0.593,9.908
-1.127,0.534,9.9
-1.084,0.342,9.783
-0.871,0.5,9.965
-0.83,0.5,10.011
-0.849,0.443,9.991
-1.019,0.579,9.905
-0.924,0.297,9.946
-0.995,0.34,9.745
-0.763,0.488,10.023
-0.89,-0.907,10.226
-1.282,-4.307,9.185
-0.62,-1.287,3.484
-0.94,-5.776,4.515
-0.931,-1.041,11.104
-0.354,0.27,9.575
-0.574,0.215,10.051
-0.919,0.261,9.991
-0.794,0.189,9.893
-0.687,0.502,9.841
-0.835,0.459,9.841
-0.541,0.345,9.979
-0.825,0.172,10.147
-0.983,0.067,9.932
-0.725,0.311,9.745
-0.751,0.256,9.659
-0.024,0.254,10.331
-1.302,-0.646,9.927
-1.859,-0.323,9.305
-0.136,0.122,10.164
-1.426,1.156,9.527
-0.749,0.88,9.893
-0.818,1.531,10.178
-1.079,0.66,9.613
-1.629,1.046,9.132
-3.608,0.548,17.741
-2.395,-1.029,10.496
-2.065,0.629,9.664
-2.268,0.148,9.716
-2.218,0.531,9.554
-2.388,0.837,9.68
-2.168,0.869,9.666
-2.129,0.438,9.652
-1.871,0.191,9.637
-1.763,0.024,9.767
-2.204,0.148,9.841
-2.225,0.534,9.728
-2.036,0.804,9.826
-2.397,0.258,9.757
-2.115,0.349,9.738
-2.182,0.287,9.709
-1.79,0.507,9.671
-2.498,0.653,9.714
-2.012,0.727,9.554
-2.204,0.78,9.731
-0.603,0.569,8.372
-1.921,0.182,9.936
-2.591,-0.041,9.228
-1.79,0.443,9.688
-1.974,0.687,9.778
-1.854,0.316,9.652
-1.799,0.335,9.623
-1.936,0.428,9.075
-2.309,0.797,9.697
-2.024,0.608,9.616
-2.019,0.957,9.802
-2.321,0.392,9.709
-2.263,0.201,9.652
-1.979,0.282,9.781
-2.175,-0.012,9.659
-2.208,0.443,9.697
-2.184,0.333,9.745
-2.077,0.366,9.7
-2.196,0.251,9.707
-1.998,0.29,9.692
-2.168,0.435,9.726
-1.936,0.512,9.7
-2.125,0.653,9.654
-2.232,0.414,9.683
-2.165,0.388,9.656
-2.053,0.333,9.726
-2.046,0.325,9.759
-2.187,0.431,9.721
-2.153,0.38,9.733
-2.249,0.416,9.642
-2.287,0.601,9.7
-2.4,0.481,9.743
-2.165,0.383,9.707
-1.991,0.44,9.738
-2.031,0.266,9.738
-2.101,0.103,9.625
-2.115,0.474,9.673
-2.082,0.373,9.743
-2.05,0.758,10.113
-1.818,0.605,9.843
-2.141,0.632,9.678
-2.122,0.591,9.783
-2.16,0.38,9.678
-0.95,-0.184,11.987
-1.84,0.708,10.202
-2.12,0.065,9.747
-2.141,0.268,9.652
-1.976,1.227,9.707
-1.928,0.392,9.807
-1.96,0.263,10.008
-1.912,0.041,9.642
-2.335,0.014,9.69
-2.058,0.318,9.702
-2.168,0.61,9.74
-2.113,0.359,9.625
-2.23,0.488,9.668
-2.366,0.589,9.716
-2.211,0.483,9.68
-2.029,0.723,9.714
-2.048,0.56,9.678
-2.134,0.557,9.707
-2.055,0.404,9.556
-2.194,0.435,9.783
-2.072,0.586,9.723
-2.247,0.555,9.786
-2.108,0.567,9.688
-2.01,0.421,9.702
-2.029,0.56,9.738
-2.201,0.746,9.723
-2.263,0.579,9.654
-2.06,0.519,9.685
-2.005,0.675,9.678
-3.383,3.129,6.97
-2.728,0.053,9.8
-2.141,1.385,9.891
-2.287,0.206,9.324
-2.184,1.402,9.549
-2.579,1.237,9.671
-1.981,-0.225,9.604
-1.938,0.366,9.776
-2.043,-0.091,9.539
-2.019,0.163,9.644
-1.871,0.392,9.731
-2.137,0.383,9.704
-2.235,0.352,9.714
-2.23,0.567,9.8
-2.273,0.56,9.647
-2.108,0.62,9.673
-2.227,0.486,9.714
-2.139,0.244,9.644
-2.058,0.258,9.642
-2.065,0.115,9.7
-2.137,0.316,9.728
-2.103,0.223,9.707
-2.117,0.304,9.664
-2.043,0.17,9.671
-2.046,0.354,9.664
-1.998,0.254,9.759
-2.058,0.347,9.752
-2.168,0.426,9.738
-2.184,0.335,9.719
-2.177,0.38,9.752
-2.199,0.203,9.668
-1.888,0.426,9.7
-2.165,0.388,9.707
-2.218,0.402,9.735
-2.184,0.189,9.707
-1.976,0.139,9.654
-2.165,0.11,9.678
-1.993,0.234,9.762
-2.074,0.388,9.613
-2.132,0.536,9.747
-2.251,0.519,9.755
-2.132,0.299,9.702
-2.019,0.337,9.676
-2.187,0.359,9.719
-2.149,0.335,9.74
-2.072,0.392,9.618
-1.924,0.4,9.685
-2.115,0.304,9.723
-2.208,0.409,9.716
-2.18,0.421,9.683
-2.184,0.316,9.685
-2.395,-0.749,12.697
-2.275,-0.148,10.097
-2.022,0.725,9.628
-2.744,0.053,9.281
-1.428,0.782,9.683
-2.517,0.287,9.826
-2.055,0.112,9.723
-2.05,0.347,9.69
-2.158,0.431,9.726
-2.304,0.423,9.704
-2.34,0.223,9.616
-2.108,0.148,9.678
-2.177,0.127,9.661
-2.165,0.481,9.673
-2.084,0.581,9.75
-2.127,0.479,9.678
-2.206,0.29,9.731
-2.177,0.249,9.635
-2.132,0.335,9.7
-2.065,0.498,9.688
-2.182,0.366,9.714
-2.168,0.299,9.68
-2.072,0.256,9.666
-2.187,0.419,9.68
-2.237,0.505,9.697
-2.237,0.39,9.68
-2.196,0.33,9.707
-2.175,0.251,9.714
-2.091,0.333,9.633
-2.271,0.34,9.714
-2.259,0.361,9.678
-2.146,0.34,9.666
-2.134,0.328,9.7
-2.139,0.29,9.688
-2.108,0.359,9.69
-2.129,0.34,9.695
-2.17,0.402,9.683
-2.141,0.258,9.673
-2.218,0.433,9.707
-2.206,0.366,9.661
-2.084,0.404,9.774
-2.208,0.342,9.721
-2.151,0.378,9.745
-2.216,0.333,9.707
-2.048,0.366,9.7
-2.139,0.371,9.707
-2.072,0.333,9.747
-2.117,0.428,9.695
-2.247,0.464,9.644
-2.168,0.483,9.714
-2.196,0.356,9.668
-2.024,0.366,9.683
-2.137,0.55,9.671
-2.168,0.531,9.685
-2.172,0.352,9.671
-2.239,0.392,9.609
-2.089,0.548,9.838
-2.227,0.529,9.79
-1.644,0.309,9.668
-1.457,0.356,9.594
-1.373,0.806,9.659
-3.003,0.557,9.857
-3.216,0.342,9.707
-2.247,-0.136,9.685
-2.105,0.019,9.778
-1.919,-0.254,9.733
-1.794,0.347,9.558
-2.048,-0.172,9.68
-2.086,-0.127,9.752
-2.517,0.096,9.496
-1.921,0.56,9.776
-2.17,-0.144,9.412
-2.629,-0.012,9.58
-2.512,0.28,9.702
-2.359,1.373,9.623
-1.866,-0.471,9.817
-2.216,0.428,9.582
-2.285,0.584,9.709
-1.936,0.562,9.81
-1.512,1.517,10.535
-1.39,1.845,10.544
-2.546,1.842,8.4
-2.036,0.957,10.063
-2.335,1.407,9.587
-1.55,0.543,9.74
-6.553,3.187,10.286
0.258,2.299,11.396
-2.302,1.038,9.286
-2.395,0.629,9.711
-3.139,0.797,8.8
-1.483,1.503,8.384
-1.586,0.51,9.678
-3.718,-0.084,8.341
-1.448,0.153,9.527
-1.735,1.11,9.683
-2.213,0.584,9.692
-2.567,0.163,9.558
-2.744,0.141,9.434
-2.137,1.213,9.446
-0.78,1.474,9.601
-2.249,1.103,9.896
-2.204,-0.019,9.609
-1.83,1.519,9.422
-2.625,1.357,9.714
-2.677,0.869,9.802
-2.601,0.199,9.554
-2.373,0.189,9.74
-1.964,0.38,9.599
-2.11,0.474,9.656
-2.067,0.854,9.664
-2.297,0.727,9.668
-2.158,0.766,9.735
-2.208,0.751,9.719
-1.974,0.553,9.587
-1.876,0.873,9.685
-2.338,0.895,9.714
-2.297,0.567,9.618
-2.139,0.703,9.633
-2.036,0.742,9.697
-2.16,0.981,9.711
-2.129,0.94,9.644
-3.986,0.117,9.692
-1.261,0.541,10.092
-2.885,1.605,9.448
-1.747,0.278,9.484
-2.11,0.825,9.711
-2.168,0.452,9.642
-2.273,0.565,9.678
-2.127,1.074,9.69
-2.321,0.825,9.757
-2.168,0.699,9.719
-2.022,0.395,9.64
-2.443,0.502,9.747
-2.405,0.474,9.723
-2.333,0.546,9.668
-2.711,0.055,9.36
-2.199,0.297,9.644
-2.149,0.806,9.661
-2.137,0.773,9.709
-2.335,0.689,9.676
-2.158,0.529,9.668
-2.168,0.579,9.666
-2.201,0.543,9.685
-2.445,0.639,9.666
-2.251,0.713,9.7
-2.206,0.567,9.671
-2.244,0.412,9.637
-2.251,0.378,9.609
-2.125,0.569,9.606
-2.227,0.78,9.75
-2.373,0.546,9.661
-2.287,0.333,9.647
-2.23,0.452,9.609
-2.158,0.605,9.676
-2.101,0.687,9.707
-2.144,0.837,9.767
-2.311,0.455,9.656
-2.144,0.462,9.642
-2.294,0.534,9.676
-2.294,0.534,9.609
-2.275,0.493,9.731
-2.103,0.543,9.707
-2.132,0.55,9.661
-2.223,0.708,9.58
-2.338,0.737,9.726
-2.23,0.72,9.762
-1.443,-0.053,10.221
-2.227,1.309,9.886
-2.062,0.78,9.604
-2.058,0.579,9.711
-2.189,0.51,9.668
-3.051,0.818,9.805
-2.091,0.62,9.7
-1.876,0.5,9.896
-1.878,0.464,9.745
-1.787,0.732,9.197
-1.849,0.991,9.274
-2.287,0.959,9.448
-2.352,0.928,9.738
-2.103,0.938,9.377
-2.12,1.031,9.298
-2.321,0.699,9.709
-2.464,0.282,9.927
-2.036,0.811,9.262
-2.003,0.931,9.759
-2.007,1.168,9.561
-2.278,0.78,9.704
-2.314,0.708,9.606
-2.223,0.782,9.592
-2.33,0.993,9.673
-2.187,0.718,9.726
-2.271,0.514,9.716
-2.412,0.62,9.721
-2.318,0.598,9.611
-2.256,0.739,9.69
-2.177,0.847,9.714
-2.034,0.995,9.585
-2.378,0.694,9.621
-2.381,0.708,9.74
-4.187,-0.579,10.149
-1.737,1.383,10.104
-3.424,0.706,9.525
-1.756,0.732,9.831
-2.055,1.146,9.661
-2.373,0.421,9.563
-2.146,0.763,9.678
-2.266,0.871,9.649
-2.326,0.739,9.589
-2.436,0.407,9.582
-2.613,0.89,9.922
-2.433,1.108,9.793
-2.287,0.974,9.51
-2.273,1.0,9.731
-2.184,0.804,9.563
-2.153,0.797,9.637
-2.192,0.864,9.697
-2.273,0.878,9.644
-2.4,0.947,9.599
-2.194,0.854,9.582
-2.397,0.785,9.747
-2.524,0.897,9.733
-2.426,1.014,9.666
-2.328,1.048,9.668
-2.311,1.074,9.453
-2.294,0.782,9.601
-2.244,1.022,9.735
-2.323,0.914,9.793
-2.218,1.072,9.654
-2.388,0.969,9.743
-2.383,0.809,9.623
-2.352,0.967,9.676
-2.539,1.156,9.726
-2.491,1.048,9.611
-2.503,1.036,9.63
-2.462,0.928,9.597
-2.204,0.873,9.609
-2.335,0.988,9.606
-2.347,0.924,9.654
-2.385,0.89,9.68
-2.302,0.761,9.518
-2.101,1.115,9.558
-2.28,1.227,9.726
-2.503,0.979,9.668
-2.62,0.706,9.613
-2.144,0.823,9.501
-2.285,0.916,9.585
-2.476,1.029,9.644
-2.606,0.775,9.577
-2.57,0.945,9.661
-2.39,0.837,9.556
-2.184,0.828,9.575
-2.218,0.708,9.601
-2.469,0.89,9.635
-2.424,1.019,9.606
-2.383,1.316,9.649
-3.074,-0.821,12.324
-2.065,0.732,9.979
-2.127,1.445,9.51
-2.804,0.679,9.735
-2.096,0.967,9.735
-2.33,0.543,9.611
-2.254,0.739,9.575
-2.407,1.062,9.604
-2.495,1.232,9.592
-2.548,0.967,9.683
-2.213,0.811,9.661
-2.393,0.598,9.656
-2.366,0.766,9.635
-2.548,0.998,9.647
-2.323,1.005,9.633
-2.376,0.84,9.57
-2.376,0.94,9.633
-2.299,0.945,9.652
-2.326,1.041,9.609
-2.306,1.019,9.635
-2.381,0.964,9.649
-2.227,0.723,9.659
-2.361,0.806,9.597
-2.388,0.95,9.577
-2.751,1.416,9.69
-2.457,1.215,9.745
-1.349,2.294,9.733
-2.5,1.007,9.656
-1.809,-0.041,9.726
-2.952,-0.486,10.166
-2.412,1.871,9.403
-2.067,0.744,9.441
-0.751,-0.373,9.57
-1.948,1.89,9.867
-2.108,1.668,9.845
-1.869,1.058,9.656
-1.816,0.811,9.668
-2.07,0.579,9.762
-1.902,0.919,9.697
-1.823,1.22,9.726
-1.756,1.134,9.68
-1.907,1.046,9.723
-1.907,0.778,9.728
-1.919,0.766,9.707
-1.708,1.136,9.628
-1.895,0.871,9.685
-1.849,0.947,9.661
-1.852,0.825,9.702
-1.952,0.677,9.733
-1.969,0.919,9.723
-1.802,0.818,9.745
-1.83,0.852,9.757
-2.034,0.933,9.755
-4.479,-3.486,11.953
-0.201,0.105,9.403
-3.589,1.9,10.927
-1.706,1.505,10.231
-2.182,0.677,10.365
-1.333,0.072,9.616
-0.548,1.797,8.561
-1.943,0.586,10.637
-1.22,1.904,10.269
-1.065,0.206,9.3
0.184,0.988,9.788
-1.711,-0.148,9.446
-1.847,1.158,9.936
-2.012,1.263,10.068
-2.005,0.821,9.8
-2.227,0.467,9.649
-1.785,0.653,9.786
-0.976,0.306,9.609
-1.091,0.045,9.767
-1.665,0.079,9.501
-2.438,0.158,9.35
-1.768,0.569,9.652
-1.608,0.249,9.441
-0.696,0.569,9.685
-1.014,0.859,9.429
-2.381,1.053,9.704
-0.95,1.239,9.154
-2.952,1.239,10.118
-0.926,0.706,8.331
0.223,1.268,9.726
-0.194,1.431,10.346
-2.519,1.323,9.654
-1.474,0.912,9.286
-0.962,1.617,10.214
-1.122,1.857,10.46
-1.713,1.637,9.144
-1.658,1.462,9.833
-0.88,1.448,9.288
-0.983,1.115,10.19
-1.998,1.955,9.573
-4.295,1.672,9.912
-2.067,0.818,9.058
-13.982,3.838,7.472
5.843,-1.048,13.776
-10.011,6.931,11.554
-0.505,-0.49,9.489
-3.854,4.56,7.149
0.892,-1.129,9.223
-1.459,-1.189,9.549
-1.79,0.254,9.726
-0.206,-0.5,9.302
-2.105,0.251,10.09
-1.744,1.062,9.759
-1.524,0.479,9.348
-1.838,0.715,9.345
-1.847,0.725,9.697
-2.055,1.637,9.522
-1.787,0.739,9.367
-1.498,0.821,9.678
-1.479,0.648,9.767
-1.787,0.694,9.767
-1.897,0.933,9.788
-1.771,1.069,9.793
-1.653,0.89,9.609
-1.625,0.782,9.666
-1.818,0.938,9.733
-1.871,0.778,9.774
-1.768,0.854,9.745
-1.515,0.806,9.886
-1.483,1.237,9.752
-1.727,0.914,9.673
-2.053,0.78,9.838
-1.857,0.866,9.884
-1.515,0.768,9.75
-1.794,0.627,9.922
-1.756,0.9,9.795
-1.991,0.813,9.853
-1.546,1.421,10.011
-1.345,1.381,9.558
-1.455,0.976,9.678
-1.218,0.763,9.936
-1.845,0.608,9.649
-1.869,0.806,9.702
-1.287,1.093,9.781
-1.462,1.034,9.759
-1.134,1.299,8.929
-1.651,1.062,9.568
-1.024,0.912,9.903
-1.833,1.091,9.946
-1.601,1.175,9.939
-0.17,0.589,9.178
-1.656,0.885,9.621
-1.476,0.376,10.03
-1.859,0.849,9.654
-2.048,1.046,9.932
-1.964,1.325,9.898
-1.601,1.046,9.695
-1.792,1.0,9.764
-1.268,1.237,9.788
-0.756,0.72,9.731
-1.775,0.679,9.788
-1.464,0.919,9.704
-1.727,0.677,9.788
-1.656,0.919,9.774
-1.538,1.014,9.783
-1.632,0.962,9.81
-2.483,1.036,9.597
-1.34,0.543,9.688
-1.617,0.931,9.711
-1.809,0.945,9.79
-1.541,1.062,9.783
-1.381,0.584,9.857
-1.505,0.869,9.752
-1.648,0.919,9.783
-1.828,1.096,9.824
-1.28,1.311,9.74
-1.192,1.014,9.68
-1.347,0.739,9.774
-1.381,0.845,9.793
-1.565,0.974,9.774
-1.483,0.845,9.795
-1.488,0.94,9.786
-1.512,0.646,9.822
-1.443,0.629,9.822
-1.56,0.629,9.764
-1.534,0.787,9.817
-1.381,0.921,9.826
-1.565,1.017,9.848
-1.395,0.926,9.838
-1.424,0.794,9.702
-1.598,0.723,9.75
-1.534,0.89,9.781
-1.414,0.912,9.812
-1.524,0.907,9.848
-1.381,0.823,9.771
-1.263,0.785,9.8
-1.574,0.888,9.812
-1.486,0.83,9.764
-1.424,0.735,9.755
-1.474,0.672,9.843
-1.438,0.457,9.647
-1.601,0.871,9.819
-1.333,0.797,9.776
-1.486,0.962,9.75
-1.57,0.909,9.771
-1.55,0.883,9.79
-1.538,0.928,9.824
-1.421,0.821,9.881
-1.787,0.443,9.451
-1.601,0.888,9.891
-1.215,0.864,9.613
-1.452,0.739,9.984
-1.436,0.651,9.781
-1.625,0.708,9.731
-1.531,0.833,9.745
-1.416,0.847,9.774
-1.402,0.723,9.79
-1.416,0.818,9.822
-0.175,1.392,7.486
-1.366,1.419,9.592
-1.328,0.802,9.745
-1.615,0.837,9.745
-1.318,0.677,9.81
-1.213,0.823,9.874
-1.737,1.043,9.845
-1.524,0.945,9.743
-1.428,1.017,9.776
-0.778,1.278,7.958
-1.318,1.067,9.223
-1.622,0.871,9.91
-1.538,0.785,9.719
-1.263,0.952,9.697
-1.354,1.093,9.7
-1.66,1.084,9.711
-1.474,0.914,9.774
-1.44,1.081,9.819
-1.55,1.012,9.805
-1.668,0.845,10.688
-1.62,0.462,10.267
-1.404,0.749,9.783
-1.105,0.914,9.678
-1.727,1.153,9.833
-2.192,1.086,9.8
-1.62,0.933,9.755
-1.605,1.046,9.778
-1.596,0.888,9.793
-2.704,-0.048,12.401
-1.787,0.742,10.446
-1.579,0.945,9.934
-1.278,1.323,9.482
-1.223,0.656,9.841
-1.938,0.892,9.666
-1.902,1.16,9.697
-1.503,0.735,9.824
-1.5,0.931,9.726
-2.632,0.476,12.65
-1.55,0.613,10.697
-1.388,0.979,10.042
-0.943,0.73,9.336
-0.847,0.986,9.905
-1.675,1.105,9.934
-2.297,0.998,9.795
-1.747,0.718,9.845
-1.414,1.046,9.661
-1.302,0.835,11.338
-1.696,1.077,10.496
-1.522,0.459,9.865
-1.002,0.404,9.499
-1.285,1.359,9.829
-1.847,0.572,9.944
-1.584,1.01,9.788
-1.278,1.058,9.7
-1.543,0.794,9.68
-2.058,1.024,9.075
-1.993,0.246,10.475
-0.878,0.947,10.202
-1.627,0.995,9.728
-0.577,0.854,9.683
-1.73,1.239,9.889
-2.05,0.679,9.807
-1.732,1.091,9.673
-1.395,1.026,9.814
-1.471,1.201,9.743
-2.254,1.512,7.886
-2.211,0.553,10.279
-1.538,0.546,10.099
-1.06,1.165,9.137
-0.818,0.897,9.642
-2.11,0.665,9.719
-1.835,0.871,9.726
-1.242,0.871,9.671
-1.395,1.223,9.795
-2.539,1.077,10.235
-2.232,0.818,10.353
-0.572,0.895,10.135
-1.534,0.943,9.967
-0.024,0.952,9.077
-1.077,1.05,9.685
-1.926,0.761,9.819
-1.754,1.146,9.778
-1.235,1.153,9.735
0.813,1.596,5.24
-2.409,1.737,9.276
-1.771,0.651,10.051
-1.34,0.495,9.841
-0.203,0.316,9.027
-1.038,1.067,9.759
-2.785,0.821,9.994
-2.127,1.215,9.781
-1.129,1.026,9.69
1.249,0.909,6.051
-2.306,1.17,9.664
-1.371,0.809,10.14
-1.268,1.036,9.463
-0.78,0.888,9.678
-1.553,0.718,9.999
-1.869,0.969,9.845
-1.505,1.168,9.745
-1.412,1.146,9.183
-2.146,1.694,8.479
-2.027,0.313,9.917
-1.455,0.634,9.355
-1.251,0.84,9.771
-1.67,0.613,9.936
-1.67,0.993,9.867
-1.404,0.955,9.7
-1.44,1.093,9.802
-1.577,1.005,9.788
-1.55,0.885,9.762
-1.718,0.964,9.881
-1.44,0.703,9.841
-1.282,0.897,9.735
-1.601,1.12,9.776
-1.617,0.773,9.886
-0.629,0.794,9.833
-1.213,0.983,9.599
-1.663,0.802,9.838
-2.601,1.002,9.671
-1.213,0.356,9.702
-1.189,0.909,9.86
-1.479,0.79,9.771
-1.414,0.744,9.747
-1.462,0.684,9.817
-1.388,0.943,9.829
-1.184,1.409,9.628
-1.486,0.766,9.862
-1.658,0.871,9.843
-1.376,0.77,9.75
-1.426,0.691,9.79
-1.388,0.825,9.884
-1.239,0.928,9.8
-1.381,0.931,9.745
-1.55,0.876,9.81
-1.33,0.964,9.805
-1.168,0.945,9.807
-1.302,0.976,9.805
-1.359,0.833,9.814
-1.299,0.967,9.762
-1.505,0.84,9.759
-1.536,0.878,9.819
-1.249,0.959,9.833
-1.404,0.888,9.819
-1.426,0.959,9.824
-1.278,0.983,9.745
-1.493,0.904,9.781
-1.45,0.816,9.869
-0.739,0.837,9.216
-1.692,1.05,9.867
-1.337,0.888,9.781
-1.306,0.464,9.783
