0.153,-6.264,7.941
0.28,-6.206,7.788
0.28,-6.498,7.654
0.072,-6.204,7.697
0.445,-6.292,7.671
0.502,-6.429,7.563
0.11,-6.953,7.692
0.282,-6.735,7.474
0.086,-6.281,7.661
-0.1,-6.005,7.86
0.557,-6.158,7.867
-0.022,-5.847,7.872
0.203,-6.178,7.687
0.136,-6.623,7.632
0.089,-6.589,7.484
0.089,-6.584,7.546
0.112,-6.321,7.718
0.431,-6.211,7.754
0.136,-6.245,7.762
-0.258,-7.642,7.778
-0.179,-6.891,7.321
0.842,-6.017,7.551
0.471,-6.161,7.608
0.067,-6.288,7.802
0.304,-6.479,7.642
-0.337,-6.465,7.735
0.167,-6.623,7.738
0.368,-7.221,7.563
1.081,-5.778,7.242
0.356,-6.69,7.565
-0.813,-6.627,7.852
-0.031,-6.312,7.886
0.873,-6.199,7.884
0.34,-6.407,7.817
0.366,-6.233,7.675
0.184,-6.41,7.601
0.321,-5.778,7.826
0.782,-5.867,7.886
0.423,-6.709,8.034
0.971,-5.84,7.896
0.368,-6.336,7.862
0.84,-6.548,8.037
1.007,-6.316,7.874
0.983,-6.18,7.793
1.366,-5.821,7.8
1.426,-5.936,7.881
0.804,-5.898,8.008
0.593,-5.407,8.001
0.866,-5.367,8.046
0.742,-5.572,8.149
0.433,-5.747,8.056
0.553,-6.02,8.077
0.584,-6.135,8.041
0.732,-6.23,7.929
0.266,-6.381,7.872
-0.089,-6.379,7.838
0.108,-6.415,7.817
0.627,-6.343,7.939
0.409,-6.369,7.829
0.577,-6.178,7.929
0.301,-6.125,7.97
0.438,-6.087,7.951
0.706,-5.989,7.931
0.459,-5.879,7.829
0.67,-6.082,7.939
0.474,-5.969,8.029
0.816,-5.953,8.01
0.613,-5.623,7.943
0.591,-5.936,8.049
0.584,-6.056,7.994
0.589,-6.101,7.96
0.672,-5.948,7.994
0.577,-5.733,8.135
0.493,-5.907,8.089
0.672,-5.852,8.123
0.885,-6.132,8.085
0.457,-5.694,7.996
0.703,-5.747,7.984
0.45,-5.735,8.087
0.538,-6.498,8.202
0.194,-6.804,8.661
0.869,-5.843,8.056
0.986,-5.723,7.912
1.424,-5.902,7.927
1.081,-5.666,8.106
0.967,-5.606,8.245
0.763,-5.51,8.321
0.878,-5.347,8.269
1.385,-5.359,8.19
1.785,-5.182,8.108
1.285,-5.218,8.228
0.88,-5.417,8.221
0.646,-5.335,8.204
1.223,-6.51,8.242
-0.44,-5.166,8.197
0.768,-6.223,8.156
0.151,-5.591,8.276
-0.218,-6.845,8.022
0.34,-6.422,7.991
0.885,-5.862,7.972
0.574,-6.113,7.891
0.471,-6.149,7.864
0.304,-6.161,7.939
0.445,-6.245,7.852
0.304,-5.831,8.14
0.385,-5.544,8.156
1.242,-6.044,8.053
-0.065,-5.524,8.085
0.426,-5.929,8.082
0.397,-5.991,7.941
0.565,-6.123,8.046
0.412,-6.025,8.022
0.256,-6.051,8.015
0.234,-5.862,8.053
0.196,-5.907,8.02
0.335,-5.96,8.108
0.435,-5.979,8.123
0.4,-5.881,8.051
0.213,-5.749,8.051
0.364,-5.788,8.015
0.297,-6.113,7.963
0.529,-6.065,8.039
0.335,-5.833,8.082
0.158,-5.816,8.006
0.304,-5.735,8.02
0.29,-6.29,7.972
0.328,-5.891,7.812
0.244,-6.151,7.943
0.517,-6.022,7.982
0.33,-6.036,7.977
0.191,-6.077,7.948
0.345,-5.891,7.984
0.476,-5.96,7.982
0.519,-6.053,7.857
0.423,-6.12,7.817
0.316,-6.135,7.931
0.189,-6.01,8.013
0.278,-5.965,8.015
0.244,-5.938,8.041
0.368,-5.936,8.053
0.325,-6.106,8.027
0.278,-5.912,7.934
0.361,-5.998,7.912
0.488,-6.123,7.915
0.313,-6.13,7.896
0.321,-6.194,7.927
0.223,-6.106,7.867
0.184,-6.077,7.915
0.457,-6.223,7.931
0.433,-6.036,7.776
0.479,-6.199,7.833
0.392,-6.613,7.783
0.165,-6.391,7.711
0.299,-6.3,7.824
0.153,-5.859,7.951
0.136,-5.587,8.049
0.555,-6.106,8.073
0.507,-5.96,8.013
0.177,-6.194,7.922
0.356,-5.876,7.857
0.337,-6.077,7.931
0.335,-6.343,7.879
0.215,-6.142,7.795
0.459,-6.027,7.917
0.347,-6.216,7.862
-0.883,-7.367,7.613
0.529,-6.197,7.907
1.031,-6.137,7.974
-0.175,-5.871,7.934
-1.192,-6.192,7.989
1.366,-5.51,8.02
0.072,-6.115,7.991
0.23,-6.204,7.948
0.589,-6.005,7.907
0.337,-5.931,8.006
0.412,-6.032,7.931
0.251,-6.039,7.907
0.373,-6.17,7.974
0.34,-6.118,7.84
0.242,-6.185,7.86
0.306,-5.955,7.922
0.368,-6.092,8.015
0.299,-6.003,7.953
0.505,-6.237,7.972
0.108,-5.838,7.986
0.376,-5.802,8.029
0.366,-6.242,7.97
0.196,-6.197,7.8
0.4,-6.034,7.84
0.299,-6.065,7.979
0.27,-6.068,7.9
0.23,-5.922,7.96
0.342,-5.754,8.053
0.483,-5.883,8.001
0.28,-6.324,7.836
0.301,-6.199,7.776
0.254,-6.178,7.85
0.34,-6.068,7.898
0.495,-6.118,7.907
0.349,-6.314,7.826
0.244,-6.187,7.826
0.323,-6.271,7.855
0.194,-6.362,7.797
0.232,-6.47,7.867
0.328,-6.154,7.924
0.361,-5.936,7.896
0.306,-6.108,7.86
0.244,-6.151,7.886
0.304,-6.132,7.915
0.239,-6.123,7.884
0.366,-5.864,7.917
0.361,-5.946,8.01
0.349,-6.06,7.939
0.194,-6.113,7.817
0.349,-6.245,7.821
1.524,-5.388,6.654
0.127,-6.632,7.778
0.634,-6.314,8.106
0.254,-6.096,7.852
0.29,-5.838,7.84
0.531,-6.367,7.843
0.177,-6.142,7.843
0.462,-6.283,7.73
0.263,-6.419,7.764
0.368,-6.257,7.817
0.426,-6.194,7.848
0.658,-5.824,7.958
-0.01,-6.304,7.852
0.447,-6.355,7.757
0.433,-6.47,7.63
0.392,-6.266,7.654
0.383,-6.218,7.73
0.184,-5.876,7.829
0.584,-6.087,7.773
0.16,-7.056,7.754
0.464,-6.056,7.556
0.598,-6.874,7.625
0.22,-6.001,7.647
0.019,-5.828,7.826
0.213,-8.226,8.429
0.617,-5.946,7.592
0.691,-5.745,7.656
0.081,-6.548,7.589
0.218,-6.082,7.704
0.06,-6.025,7.752
-0.287,-6.819,8.008
0.239,-5.101,8.259
0.335,-6.388,7.766
-0.069,-6.558,7.917
0.555,-6.874,7.57
0.022,-6.424,7.508
0.567,-4.843,9.874
0.206,-6.314,7.927
0.737,-6.517,7.685
1.036,-6.666,7.584
1.464,-6.63,7.577
0.768,-6.781,7.709
0.969,-6.01,7.635
0.892,-6.649,8.041
0.44,-6.269,8.197
0.792,-6.125,6.508
2.608,-2.527,8.082
-4.661,-11.547,8.061
1.146,-5.431,7.388
2.225,-5.486,7.307
-1.065,-6.998,8.137
0.378,-6.182,7.592
0.641,-6.355,7.565
-0.134,-6.742,7.783
0.567,-5.986,7.654
0.421,-6.52,7.666
0.194,-6.448,7.678
0.419,-6.237,7.728
0.249,-6.24,7.766
0.345,-6.324,7.716
0.969,-8.396,7.257
-1.73,-4.048,9.314
1.584,-7.673,7.101
-0.412,-5.369,7.905
0.569,-5.867,7.943
-0.024,-6.386,7.441
1.136,-5.283,7.568
-1.282,-3.01,9.281
1.235,-5.522,6.843
-0.596,-7.965,6.967
-0.691,-7.561,6.826
0.555,-6.764,7.106
0.156,-6.967,5.477
0.282,-8.886,5.29
-0.074,-10.724,3.187
0.273,-11.795,2.725
0.33,-11.757,2.589
0.273,-9.097,3.201
0.103,-8.735,2.565
-0.306,-11.58,2.519
0.648,-10.714,2.888
0.634,-9.142,3.388
-0.409,-9.037,4.345
0.301,-8.183,5.276
-0.316,-7.716,5.161
-0.931,-7.362,5.192
-0.328,-10.054,3.345
0.981,-10.621,3.204
-0.479,-9.944,3.151
0.172,-9.089,3.304
0.49,-9.243,3.596
-0.435,-9.599,3.919
0.151,-8.977,3.998
0.151,-9.159,4.034
-0.007,-8.955,4.06
-0.239,-8.929,3.941
-0.388,-9.204,4.096
0.014,-9.64,3.694
-0.089,-9.432,3.826
0.144,-9.312,3.924
0.182,-9.434,3.73
0.029,-8.91,4.606
-0.045,-8.228,4.445
-0.211,-9.106,3.974
-0.086,-9.96,3.51
0.371,-9.506,3.761
0.136,-9.336,4.276
0.249,-8.558,4.309
-0.172,-8.635,4.474
-0.263,-9.4,4.256
-0.134,-9.113,4.221
0.364,-8.85,4.206
-0.096,-8.666,4.701
0.048,-8.836,4.529
0.067,-9.068,4.201
0.096,-9.42,4.154
0.208,-9.094,4.216
-0.01,-8.955,4.218
-0.115,-9.29,4.216
-0.077,-9.128,4.314
0.019,-8.771,4.395
-0.01,-9.073,4.402
0.146,-9.104,4.271
0.105,-8.92,4.338
-0.062,-9.065,4.393
0.057,-9.08,4.192
0.258,-9.164,4.125
0.187,-8.939,4.211
-0.053,-8.975,4.448
-0.103,-9.089,4.381
0.031,-8.936,4.273
0.096,-9.252,4.11
-0.01,-8.79,4.488
0.098,-9.006,4.398
0.479,-8.336,1.665
0.065,-5.123,7.903
1.007,-2.424,0.062
0.294,-11.353,2.699
-0.383,-9.499,4.661
0.117,-9.003,4.249
-0.029,-9.362,4.199
0.089,-9.221,4.266
0.172,-8.644,4.424
0.103,-8.874,4.45
-0.022,-9.087,4.383
0.086,-9.077,4.283
0.096,-8.958,4.374
0.108,-8.97,4.378
0.098,-8.958,4.419
-0.038,-9.054,4.283
0.045,-9.159,4.271
0.002,-8.967,4.357
0.069,-9.075,4.297
0.067,-9.07,4.235
0.033,-9.089,4.206
0.089,-9.022,4.295
0.089,-9.042,4.299
0.062,-9.099,4.268
0.077,-9.051,4.18
0.002,-9.135,4.29
0.014,-9.168,4.319
0.108,-8.845,4.311
0.112,-8.963,4.331
-0.055,-9.089,4.261
0.019,-9.221,4.216
0.045,-9.211,4.163
0.024,-9.061,4.285
0.055,-8.824,4.388
0.045,-8.948,4.142
-0.012,-9.197,4.357
0.055,-8.931,4.393
0.05,-9.025,4.414
0.074,-8.738,4.285
0.053,-8.987,4.331
0.045,-9.262,4.276
0.11,-9.128,4.187
0.081,-8.888,4.242
0.079,-8.977,4.309
0.084,-9.183,4.165
-0.261,-11.063,5.137
-0.321,-11.003,8.317
-0.27,-6.465,8.862
0.471,-7.963,-2.239
0.225,-10.453,4.211
0.132,-9.068,4.096
0.081,-9.123,4.266
-0.074,-8.872,4.316
0.132,-8.836,4.359
-0.036,-9.022,4.374
-0.024,-9.111,4.362
-0.007,-9.113,4.307
0.093,-8.984,4.273
0.148,-8.908,4.41
-0.153,-8.884,4.455
0.084,-8.979,4.421
0.026,-8.891,4.383
0.081,-9.044,4.429
0.0,-8.92,4.374
0.024,-9.101,4.393
-0.065,-9.099,4.345
0.072,-8.946,4.4
0.002,-8.898,4.481
0.122,-8.833,4.462
0.022,-9.013,4.381
-0.108,-9.132,4.333
0.002,-9.08,4.302
-0.036,-8.865,4.45
0.01,-9.01,4.45
0.084,-8.979,4.354
0.12,-9.061,4.362
0.036,-9.099,4.328
0.007,-8.853,4.376
0.053,-8.905,4.453
0.029,-9.087,4.374
0.093,-8.987,4.304
0.112,-9.073,4.343
0.014,-9.01,4.405
0.005,-9.07,4.45
0.007,-8.874,4.443
0.017,-8.821,4.453
0.005,-9.089,4.419
0.024,-9.07,4.35
0.11,-8.912,4.395
-0.012,-8.891,4.477
-0.043,-9.039,4.41
-0.041,-9.099,4.309
0.089,-9.077,4.354
0.134,-9.008,4.307
-0.043,-9.022,4.321
-0.045,-9.068,4.412
-0.043,-9.022,4.366
0.048,-9.001,4.386
0.093,-9.015,4.343
-0.022,-8.987,4.378
-0.1,-9.884,4.603
0.423,-3.912,2.606
0.557,-1.022,4.898
-0.029,-14.42,0.364
0.361,-1.907,7.879
-0.622,-18.102,4.022
0.914,-0.12,1.053
-0.679,-13.001,11.035
0.23,-7.049,2.172
0.163,-8.86,4.051
0.077,-8.989,4.405
0.002,-8.948,4.469
0.048,-8.826,4.56
0.057,-8.819,4.599
0.06,-8.908,4.575
0.072,-9.006,4.527
0.053,-8.862,4.515
0.048,-8.888,4.57
-0.029,-9.039,4.462
0.065,-8.86,4.567
0.053,-8.917,4.448
-0.031,-9.061,4.46
0.043,-9.042,4.388
0.057,-8.936,4.443
0.038,-8.96,4.453
-0.038,-9.085,4.359
0.005,-9.01,4.421
0.002,-8.819,4.534
0.086,-8.632,4.606
-0.043,-9.046,4.443
-0.017,-9.216,4.247
0.179,-9.068,4.201
-0.103,-9.087,4.381
0.017,-8.979,4.304
0.014,-9.056,4.331
-0.053,-9.257,4.307
0.112,-9.063,4.302
0.096,-8.941,4.338
-0.002,-8.982,4.374
-0.053,-9.032,4.412
0.002,-9.092,4.402
-0.007,-9.027,4.386
0.065,-8.821,4.5
0.024,-8.788,4.599
0.019,-8.817,4.575
0.156,-8.927,4.46
0.033,-9.013,4.469
0.062,-9.073,4.481
0.108,-8.896,4.512
-0.024,-8.893,4.57
0.127,-8.86,4.553
0.045,-8.86,4.548
0.057,-9.13,4.517
0.069,-8.912,4.524
0.232,-8.704,4.534
0.0,-8.905,4.57
-0.074,-9.087,4.474
-0.01,-9.056,4.436
0.019,-8.998,4.491
0.067,-8.85,4.544
0.062,-8.929,4.517
0.007,-8.941,4.534
0.017,-8.85,4.555
0.031,-8.795,4.591
0.069,-8.862,4.63
0.108,-8.939,4.613
0.038,-8.862,4.606
0.014,-8.989,4.532
-0.024,-8.948,4.541
0.1,-8.812,4.579
0.06,-8.917,4.508
0.024,-9.006,4.558
-0.01,-8.814,4.658
0.01,-8.92,4.67
0.033,-8.793,4.637
-0.007,-9.044,4.56
0.033,-8.786,4.596
0.141,-8.733,4.694
-0.06,-8.795,4.706
0.134,-8.781,4.646
-0.084,-8.975,4.622
-0.026,-8.891,4.692
0.062,-8.833,4.656
-0.091,-8.853,4.613
0.036,-8.931,4.663
-0.041,-8.879,4.663
0.055,-8.742,4.689
0.069,-8.862,4.632
-0.024,-8.982,4.591
0.002,-8.776,4.646
-0.024,-8.721,4.768
-0.048,-8.747,4.795
-0.002,-8.831,4.704
0.072,-8.893,4.584
0.033,-8.972,4.642
0.031,-8.817,4.618
-0.019,-8.738,4.749
0.01,-8.869,4.668
0.029,-8.975,4.577
0.05,-8.941,4.596
0.098,-8.783,4.601
-0.014,-8.92,4.579
-0.065,-9.003,4.539
-0.072,-8.912,4.651
0.007,-8.714,4.689
0.134,-8.891,4.594
-0.036,-9.152,4.462
0.124,-8.862,4.486
-0.072,-8.714,4.587
-0.144,-8.821,4.443
0.278,-9.487,4.838
-0.435,-8.908,4.606
0.668,-8.285,4.515
-0.256,-9.042,4.677
-0.017,-8.941,4.544
0.098,-8.819,4.524
-0.026,-9.082,4.551
-0.045,-8.905,4.57
0.079,-8.747,4.512
0.019,-8.943,4.563
0.067,-9.135,4.462
0.065,-9.13,4.331
0.014,-9.097,4.381
-0.007,-8.869,4.508
-0.038,-8.86,4.558
-0.019,-9.008,4.455
0.031,-8.963,4.512
0.045,-8.745,4.589
0.069,-8.915,4.591
0.043,-8.862,4.594
0.179,-8.771,4.601
0.072,-8.891,4.594
-0.069,-9.056,4.488
-0.069,-9.092,4.41
0.23,-8.747,4.45
-0.053,-9.31,4.448
0.158,-8.802,4.5
-0.074,-8.898,4.51
-0.017,-8.888,4.565
0.103,-8.979,4.577
0.165,-8.829,4.524
-0.038,-8.896,4.673
0.002,-8.762,4.694
0.029,-8.709,4.728
-0.129,-8.97,4.783
0.017,-8.872,4.764
-0.184,-9.25,4.816
-0.318,-8.623,4.814
0.622,-8.458,4.599
-0.242,-8.987,4.809
-0.139,-8.941,4.776
0.249,-8.719,4.608
-0.084,-8.817,4.747
-0.053,-8.884,4.742
-0.038,-8.771,4.735
0.041,-8.766,4.73
0.117,-8.836,4.666
-0.062,-9.02,4.644
-0.129,-8.982,4.601
0.014,-8.798,4.615
-0.069,-8.853,4.713
-0.187,-8.884,4.677
-0.404,-8.513,4.816
0.309,-8.876,4.689
0.383,-8.936,4.579
0.601,-9.008,4.405
-0.732,-9.015,4.606
0.579,-8.941,4.579
-0.256,-8.47,4.924
-0.234,-8.733,4.735
-0.038,-8.987,4.572
-0.077,-9.109,4.46
0.199,-8.783,4.644
0.196,-8.819,4.565
0.055,-8.898,4.477
-0.103,-8.788,4.601
-0.333,-9.013,4.541
0.167,-9.312,4.445
-0.129,-8.52,4.742
0.206,-9.14,4.414
0.031,-9.214,4.259
0.239,-8.625,4.541
0.029,-8.786,4.606
-0.263,-9.295,4.393
-0.112,-9.18,4.175
0.122,-8.824,4.472
0.103,-8.781,4.56
0.117,-8.726,4.508
0.187,-9.312,4.338
0.1,-8.92,4.209
0.122,-8.654,4.407
-0.081,-9.121,4.462
-0.11,-9.226,4.297
0.074,-9.164,4.031
0.227,-8.896,4.357
0.134,-9.015,4.326
0.098,-9.221,4.151
0.584,-9.836,3.56
0.258,-9.611,3.802
0.234,-9.13,4.005
0.091,-8.431,4.402
-0.333,-8.664,4.914
0.045,-9.243,4.221
-0.124,-8.752,4.453
-1.22,-9.274,4.862
3.23,-8.683,4.046
-1.995,-8.745,4.8
0.452,-9.314,4.354
0.524,-8.75,4.347
-0.541,-9.204,4.457
0.29,-8.97,4.424
-0.12,-8.929,4.5
-0.043,-8.881,4.469
0.156,-8.8,4.484
0.093,-9.001,4.532
0.055,-8.96,4.414
0.022,-9.013,4.52
0.029,-8.826,4.601
0.067,-8.865,4.658
0.038,-8.97,4.493
0.019,-8.984,4.486
-0.026,-8.998,4.52
0.033,-8.903,4.599
0.139,-8.783,4.618
0.067,-8.922,4.539
0.062,-9.02,4.515
-0.033,-8.963,4.508
0.033,-8.879,4.587
0.01,-8.905,4.591
0.055,-8.984,4.524
-0.007,-8.996,4.479
0.06,-8.91,4.579
-0.017,-8.771,4.639
0.103,-8.68,4.733
0.144,-8.778,4.661
-0.005,-9.049,4.57
-0.053,-9.118,4.5
0.017,-8.881,4.56
0.057,-8.857,4.639
0.005,-8.888,4.697
0.005,-8.845,4.603
0.06,-8.896,4.618
0.069,-8.869,4.666
0.06,-8.927,4.582
0.045,-8.929,4.52
0.06,-8.888,4.577
-0.055,-8.972,4.572
0.038,-8.833,4.544
0.05,-8.872,4.579
-0.002,-8.97,4.608
0.041,-8.929,4.467
0.072,-8.896,4.515
0.067,-8.948,4.536
0.053,-8.994,4.484
0.033,-8.903,4.493
0.007,-9.008,4.472
-0.019,-9.037,4.484
0.01,-8.958,4.477
0.041,-9.003,4.45
0.12,-8.884,4.486
0.127,-8.91,4.5
-0.05,-9.152,4.448
-0.05,-8.998,4.429
0.122,-8.958,4.441
0.033,-9.065,4.443
0.026,-8.991,4.477
0.005,-8.869,4.527
0.005,-8.865,4.596
0.079,-8.85,4.599
0.184,-8.927,4.536
0.043,-8.994,4.551
-0.024,-8.903,4.596
-0.036,-8.778,4.618
0.057,-8.884,4.596
0.065,-9.116,4.467
0.005,-9.07,4.5
0.093,-8.869,4.591
0.06,-8.764,4.675
-0.031,-8.589,4.864
0.036,-8.618,4.788
0.022,-9.025,4.62
-0.077,-9.195,4.465
0.017,-9.003,4.63
0.115,-8.575,4.776
0.043,-8.685,4.852
-0.005,-8.8,4.723
0.141,-9.018,4.5
-0.067,-9.13,4.579
-0.033,-8.927,4.768
0.067,-8.728,4.768
0.043,-8.721,4.656
0.093,-8.905,4.603
0.077,-8.85,4.634
0.103,-8.805,4.687
-0.005,-8.905,4.709
0.026,-8.845,4.642
0.091,-8.881,4.656
0.12,-9.01,4.599
0.041,-8.829,4.618
-0.017,-8.872,4.677
-0.062,-8.769,4.8
0.055,-8.795,4.761
0.086,-8.891,4.637
0.074,-8.865,4.661
0.024,-8.819,4.701
-0.079,-8.668,4.85
-0.036,-8.671,4.797
0.124,-9.001,4.608
0.136,-9.051,4.563
0.191,-8.874,4.634
-0.038,-8.805,4.73
-0.007,-8.687,4.828
0.05,-8.697,4.721
0.012,-8.987,4.622
-0.022,-9.176,4.558
0.036,-8.826,4.606
0.086,-8.79,4.689
0.022,-8.79,4.833
0.041,-8.659,4.797
0.084,-8.771,4.721
-0.005,-8.939,4.68
0.05,-8.869,4.706
0.098,-8.786,4.737
0.05,-8.821,4.811
-0.038,-8.766,4.847
0.019,-8.704,4.8
0.072,-8.802,4.814
0.057,-8.845,4.716
0.057,-8.869,4.742
0.098,-8.745,4.735
0.06,-8.826,4.804
-0.033,-8.85,4.704
0.038,-8.905,4.706
-0.007,-8.699,4.895
0.1,-8.783,4.666
0.014,-8.776,4.737
0.091,-8.865,4.637
0.184,-8.845,4.728
0.005,-8.943,4.718
-0.031,-8.915,4.692
-0.045,-8.876,4.694
0.062,-8.752,4.656
0.127,-8.881,4.833
0.017,-8.774,4.677
0.089,-8.946,4.709
0.105,-8.838,4.668
0.127,-8.74,4.771
0.026,-8.766,4.816
-0.007,-8.857,4.752
-0.022,-8.781,4.704
0.045,-8.886,4.737
0.086,-8.79,4.78
0.139,-8.668,4.828
0.11,-8.809,4.795
0.002,-8.838,4.711
0.01,-9.025,4.658
0.014,-8.908,4.646
0.103,-8.819,4.673
0.062,-8.845,4.668
0.026,-8.845,4.697
0.074,-8.948,4.622
0.055,-8.982,4.625
0.077,-8.824,4.709
0.196,-8.74,4.689
-0.069,-8.991,4.606
-0.081,-8.951,4.634
-0.055,-8.843,4.716
0.11,-8.654,4.8
0.055,-8.675,4.828
-0.024,-8.79,4.776
0.012,-8.989,4.677
0.05,-8.936,4.62
0.038,-8.922,4.735
0.019,-8.716,4.902
0.029,-8.63,4.933
0.031,-8.601,4.993
0.218,-8.568,4.974
0.206,-8.642,4.943
0.01,-8.659,4.871
-0.041,-8.8,4.811
0.005,-9.056,4.682
0.112,-8.958,4.622
0.031,-8.819,4.764
0.055,-8.946,4.78
-0.163,-8.963,4.814
-0.065,-8.558,4.876
0.153,-8.448,5.015
0.014,-8.388,5.137
-0.014,-8.458,5.029
-0.136,-8.745,4.914
-0.359,-9.266,4.484
-0.038,-9.142,4.689
0.27,-8.764,4.682
0.282,-8.594,4.807
0.23,-8.719,4.85
0.055,-8.941,4.776
0.203,-9.042,4.433
0.069,-9.343,4.544
-0.316,-8.742,4.699
0.079,-8.427,4.938
-0.029,-8.843,5.029
0.715,-8.833,4.864
1.117,-8.307,4.888
0.574,-8.247,5.106
0.237,-8.537,5.252
-0.522,-8.74,5.223
-0.443,-8.606,5.053
-0.17,-8.613,4.962
0.122,-8.589,4.929
0.56,-8.714,4.728
0.857,-8.934,4.532
0.495,-9.319,4.381
0.017,-9.343,4.515
0.026,-9.015,4.742
0.031,-8.467,5.041
0.301,-8.219,5.091
0.476,-8.513,4.919
0.1,-8.819,4.651
0.191,-9.298,4.529
0.136,-9.329,4.491
0.206,-8.972,4.465
0.299,-8.745,4.572
0.199,-8.704,4.783
0.273,-8.786,4.864
0.325,-8.652,4.771
0.445,-8.683,4.517
0.321,-9.527,3.991
0.378,-9.757,4.084
0.522,-9.254,4.321
0.282,-9.113,4.165
0.182,-9.314,4.146
0.117,-8.874,4.235
0.361,-9.42,4.254
0.246,-10.121,3.646
0.507,-10.279,3.653
0.457,-9.855,4.122
1.151,-9.405,3.591
1.507,-9.396,3.663
1.455,-10.013,3.46
2.273,-10.896,2.895
3.079,-11.448,3.192
3.795,-10.714,2.737
4.536,-10.197,2.5
5.005,-9.893,2.299
5.575,-10.669,1.893
6.022,-9.688,1.414
5.292,-9.652,1.019
4.807,-10.573,0.802
4.278,-9.915,1.443
3.314,-9.144,2.206
2.931,-7.874,2.395
2.761,-6.982,2.213
1.637,-7.307,1.823
1.876,-8.943,1.117
1.306,-9.408,0.921
1.436,-8.735,1.125
1.455,-7.991,1.333
1.153,-7.97,0.598
1.029,-8.094,0.373
0.706,-8.599,0.371
0.158,-8.283,0.613
-0.108,-7.673,0.813
-0.05,-7.489,0.024
-0.203,-7.47,-0.395
-0.246,-7.704,-0.634
-0.371,-6.991,-0.821
-0.634,-7.065,-0.79
-0.864,-7.953,-1.438
-1.046,-8.235,-2.132
-1.28,-8.269,-2.457
-2.065,-8.4,-2.239
-2.572,-8.073,-1.897
-2.646,-8.187,-2.854
-3.503,-10.202,-3.003
-4.0,-10.747,-2.663
-3.802,-9.618,-2.474
-3.993,-9.07,-2.4
-4.108,-9.305,-2.634
-3.747,-9.752,-2.795
-3.931,-10.764,-2.73
-4.481,-10.869,-2.256
-3.828,-10.671,-2.251
-2.826,-10.295,-2.12
-3.319,-9.47,-2.034
-4.656,-10.085,-1.572
-3.586,-10.645,-1.407
-2.692,-13.585,-3.261
-6.046,-16.963,-0.333
-0.56,-11.02,-1.732
0.036,-9.161,-2.371
-1.976,-10.817,-2.177
-1.823,-11.248,-3.158
-0.402,-9.838,-1.562
-1.522,-10.604,-2.402
-0.239,-9.412,-2.613
0.565,-8.86,-9.046
0.919,-8.214,-5.087
0.904,-8.812,-4.168
0.479,-9.97,-4.048
0.636,-9.403,-3.4
1.543,-8.697,-2.976
1.9,-8.307,-2.065
1.352,-8.809,-1.677
2.254,-9.001,-0.849
2.658,-9.161,-0.986
2.924,-9.216,-1.349
3.139,-9.566,-1.78
3.139,-9.85,-2.443
3.134,-9.881,-2.704
3.249,-9.501,-2.775
3.316,-8.862,-2.744
3.182,-8.9,-2.491
3.156,-9.412,-2.426
2.938,-9.805,-2.029
2.558,-10.542,-2.342
2.455,-12.073,-2.196
1.665,-12.827,-2.361
1.203,-12.212,-2.232
1.244,-10.96,-1.878
1.067,-10.319,-1.479
1.034,-10.312,-1.546
0.837,-10.688,-1.201
0.723,-11.02,-1.0
0.364,-11.3,-0.383
0.4,-10.523,0.687
0.383,-10.381,1.431
-0.488,-11.166,2.211
-1.483,-11.513,2.632
-0.847,-11.379,2.89
0.067,-10.369,3.106
-0.206,-10.843,2.84
-2.158,-10.446,3.878
-2.227,-9.522,4.163
-0.438,-10.779,3.436
-2.218,-12.14,3.323
-3.747,-10.781,3.283
-2.591,-9.482,3.464
-1.266,-9.379,2.909
-1.704,-9.161,3.029
-1.988,-7.718,3.266
-2.003,-7.221,2.744
-2.072,-8.022,2.984
-4.462,-7.644,3.364
-4.52,-6.608,2.505
-3.029,-5.003,0.967
-4.977,-3.692,2.292
-5.824,-4.352,2.436
-5.362,-4.658,1.593
-5.0,-4.596,0.251
-5.053,-4.204,-1.237
-3.866,-3.924,-2.938
-4.857,-6.388,-3.062
-5.812,-8.379,-5.402
-4.455,-8.525,-5.78
-3.744,-7.424,-7.001
-6.254,-6.788,-6.759
-7.058,-8.518,-6.123
-6.273,-9.116,-4.833
-6.874,-8.525,-6.613
-7.517,-6.922,-6.278
-8.104,-6.795,-5.807
-7.142,-6.852,-4.989
-7.326,-6.118,-4.998
-8.204,-4.933,-6.06
-7.264,-5.455,-7.68
-7.644,-5.146,-8.207
-7.338,-4.666,-9.116
-7.599,-4.527,-9.233
-7.678,-4.694,-10.123
-7.12,-4.17,-11.523
-7.407,-4.668,-11.59
-6.62,-5.319,-11.659
-5.513,-3.752,-11.709
-6.735,-2.658,-11.681
-6.656,-3.194,-11.587
-5.814,-4.053,-10.692
-5.039,-1.749,-9.515
-3.754,-1.125,-10.386
-4.505,0.524,-10.96
-3.129,0.256,-11.413
-2.361,-0.505,-11.867
-2.646,0.06,-12.152
-1.182,-0.211,-12.238
-0.438,-0.679,-12.276
0.414,-1.237,-12.121
0.416,-2.56,-11.968
0.723,-3.565,-11.439
0.837,-4.352,-10.223
1.189,-5.302,-8.697
1.804,-7.02,-6.809
2.39,-7.295,-4.998
2.354,-6.082,-2.405
0.61,-5.221,-0.517
2.249,-7.984,1.132
2.261,-10.539,1.136
3.096,-12.176,1.242
3.685,-12.573,1.395
2.713,-11.391,2.701
2.986,-10.764,3.027
2.275,-8.099,4.685
3.206,-6.505,5.431
2.479,-9.41,1.96
3.51,-12.281,-3.017
3.615,-11.834,-1.211
0.756,-8.955,1.282
2.072,-9.307,4.663
0.55,-6.73,3.828
-0.294,-7.541,5.125
4.149,-8.589,8.96
-2.952,-14.872,4.996
11.582,-15.877,-3.249
9.9,-1.524,2.251
9.69,-1.232,7.604
10.214,3.522,10.633
5.151,1.653,11.367
7.695,-9.831,6.214
6.182,-8.257,5.946
-2.07,-12.604,-3.34
-5.388,-12.257,-1.483
-8.219,-7.113,-2.445
0.23,-9.621,-4.902
6.041,-6.29,-1.014
-2.469,-8.376,3.309
0.179,-10.903,3.589
-4.197,-8.082,-0.077
3.189,-9.013,-1.574
0.663,-8.893,-2.342
-0.519,-12.011,0.529
0.711,-10.355,1.983
-0.852,-10.587,0.445
-1.187,-9.377,0.565
1.407,-10.31,0.34
-1.498,-11.738,0.172
2.352,-9.534,0.955
1.254,-10.518,0.581
-3.467,-10.975,1.637
0.325,-11.125,0.56
-0.876,-11.762,0.907
0.115,-9.29,0.84
-0.452,-11.288,2.007
-0.323,-10.243,2.436
0.038,-11.996,2.273
1.488,-10.944,1.165
-0.177,-10.767,1.581
-1.699,-9.618,2.527
-1.125,-12.898,1.873
-1.227,-10.506,0.983
0.273,-12.839,1.672
0.514,-10.688,1.833
-0.562,-9.554,1.648
-1.235,-10.984,1.452
-0.557,-11.051,2.058
0.12,-9.293,2.933
0.093,-9.798,2.156
-0.333,-10.511,2.058
-0.773,-12.051,2.266
-0.275,-10.972,2.084
-0.706,-9.984,2.29
0.081,-10.721,1.388
0.505,-10.011,2.149
-1.354,-9.391,1.517
0.062,-9.31,2.407
0.084,-10.259,1.754
-1.718,-9.982,2.172
-0.17,-9.537,1.251
-1.388,-9.482,2.287
0.431,-10.346,2.22
-1.675,-10.039,3.206
-2.687,-9.384,2.127
-2.373,-8.563,2.036
0.268,-9.295,2.077
-2.347,-10.329,2.297
-1.603,-9.874,3.096
-2.491,-7.238,2.943
-2.773,-8.463,2.084
-0.648,-8.754,1.938
-1.998,-8.245,2.991
-0.672,-7.149,3.103
-0.684,-6.477,3.395
-0.469,-6.546,3.182
0.007,-6.922,2.976
-0.414,-8.539,3.051
-0.187,-9.429,3.225
-1.024,-6.761,3.996
1.763,-5.544,4.517
3.007,-8.032,4.481
1.34,-10.57,4.075
1.481,-7.515,5.012
4.0,-8.613,4.687
4.486,-8.429,4.06
1.096,-7.604,3.256
-3.807,-9.329,3.917
-3.673,-11.114,1.603
-9.427,-14.009,-0.919
-7.965,-12.327,-1.493
-3.146,-10.391,2.17
0.869,-7.431,3.041
-2.936,-14.449,0.691
-4.567,-14.466,0.215
-1.742,-12.726,2.577
-1.526,-11.094,0.857
-1.785,-14.755,1.811
-2.125,-12.018,-0.622
1.189,-12.183,2.101
0.244,-4.816,3.125
-2.663,-9.676,4.264
-0.56,-10.652,4.902
0.842,-10.951,4.819
-0.773,-10.757,6.666
-0.61,-8.671,6.96
-2.318,-9.465,7.943
-1.998,-9.908,9.034
-0.11,-9.929,8.872
-3.436,-9.664,9.764
-2.838,-7.898,9.886
0.328,-8.807,9.051
-1.239,-7.941,9.597
-1.416,-6.728,10.128
-2.082,-6.324,10.276
-1.225,-3.596,10.434
-0.38,-4.328,9.855
-2.577,-4.003,10.494
-3.196,-6.041,8.745
-0.912,-2.921,9.616
0.361,-2.22,9.362
-0.313,-1.194,8.781
-3.414,-4.149,9.07
-1.256,0.593,6.797
-0.816,-0.981,5.156
-2.239,1.194,6.795
-2.498,5.785,7.238
-2.227,5.082,5.249
-3.015,1.467,-2.952
-11.271,-1.708,3.45
-6.115,10.482,-1.749
-9.872,1.151,-5.807
-22.043,-9.518,-7.553
-20.497,-8.482,-5.28
-15.746,-15.016,-5.245
-19.428,-2.833,-7.439
-17.987,-4.546,-12.573
-35.736,-17.585,-5.072
-22.921,1.337,-13.683
-25.328,-13.688,5.235
-24.352,9.822,5.426
-8.348,0.493,1.041
-19.997,4.465,-1.199
-34.558,-4.474,-4.125
-26.479,-19.21,0.445
-23.263,-3.395,-5.436
-27.708,-14.592,9.288
-31.312,-16.77,5.048
-14.822,-7.393,0.548
-27.072,-11.25,6.295
-4.455,-3.591,11.035
-1.471,0.103,5.467
-6.843,13.458,-0.476
-3.048,6.156,3.405
-1.445,13.614,1.182
-3.254,5.527,1.725
0.232,2.634,0.955
-1.625,4.024,1.632
-2.773,3.395,1.648
-1.634,4.206,2.369
-1.637,7.829,1.459
1.184,8.386,3.929
1.163,10.527,3.589
-0.979,9.254,3.058
-1.613,8.053,2.725
0.069,7.187,1.33
0.718,8.376,1.51
-0.167,8.434,0.474
-0.567,7.934,-0.098
0.761,7.69,0.536
0.132,9.283,1.034
0.4,10.441,1.739
1.424,10.446,0.299
0.4,8.175,0.156
-0.758,7.637,0.146
0.955,8.984,-0.821
2.866,9.365,-0.952
0.904,9.905,-1.022
-2.577,10.422,0.239
-1.357,11.051,0.39
2.041,11.042,0.706
0.177,11.14,0.388
-2.105,11.76,0.311
-0.519,11.743,1.048
0.294,9.475,0.206
-2.137,8.733,1.129
-2.797,9.156,1.581
2.574,-7.326,-7.039
2.254,-7.168,-6.453
2.122,-7.446,-5.926
1.44,-5.735,-5.048
2.651,-6.467,-5.304
3.5,-8.185,-5.792
2.957,-9.197,-5.307
2.539,-9.649,-5.831
2.048,-7.661,-4.898
2.579,-7.998,-3.675
2.687,-8.888,-2.311
2.606,-9.884,-1.921
1.852,-10.094,-1.991
0.88,-9.209,-0.672
0.924,-7.398,1.711
1.002,-6.922,2.515
2.125,-8.015,2.61
1.282,-9.841,3.359
0.151,-7.439,4.723
-0.036,-3.445,4.551
-0.005,-4.886,6.312
-0.024,-2.294,6.962
-1.692,-1.251,8.362
-3.658,-2.103,8.513
-6.336,1.05,9.534
-4.508,0.404,8.568
-4.773,-4.582,8.185
-5.553,-3.462,7.977
-7.168,-1.845,5.991
-8.207,0.677,5.615
-7.056,-1.768,3.895
-7.309,-6.252,1.646
-9.752,-5.063,-1.392
-11.372,-4.668,-5.608
-12.291,-6.625,-11.891
-11.661,-8.728,-15.494
-11.499,-17.746,-18.904
-15.925,-23.995,-18.787
-13.169,-18.119,-16.081
-13.078,-16.798,-14.26
-10.767,-21.071,-15.973
-9.678,-16.061,-16.523
-0.854,-21.181,-14.614
8.723,-16.633,-11.152
11.951,-19.44,-4.063
12.58,-30.202,-0.782
6.778,-22.093,0.175
6.422,-22.828,10.523
9.164,-16.219,10.475
5.283,-12.549,-3.67
-9.592,-8.367,-4.864
-11.319,-2.495,-6.135
-16.801,-6.931,-2.218
-19.263,-2.177,-2.751
-20.571,3.383,-4.969
-17.097,6.912,-8.958
-10.424,1.687,-15.449
-5.347,0.679,-22.383
-4.658,7.357,-11.09
-0.23,-3.823,1.945
0.78,-5.182,-5.142
3.17,-1.505,-8.776
5.357,0.871,-8.118
3.871,-1.096,-6.034
6.376,-3.249,-7.465
7.759,-0.526,-7.762
7.814,0.811,-6.749
4.122,-2.469,-6.328
0.069,-6.156,-8.36
-2.735,-7.24,-10.566
-1.787,-5.699,-9.664
0.926,-3.479,-10.159
0.423,-3.869,-10.164
1.361,-3.223,-9.42
0.727,-3.524,-9.989
-2.369,-5.41,-10.231
-2.754,-5.529,-10.647
-2.168,-4.45,-9.611
-0.201,-5.297,-9.496
0.304,-6.357,-10.125
-0.531,-5.685,-10.396
0.333,-5.304,-10.288
-0.256,-5.369,-9.692
-0.691,-6.297,-9.089
-1.175,-6.206,-9.156
-0.483,-5.991,-9.769
-0.194,-5.123,-9.25
-0.622,-5.438,-8.271
-0.598,-6.068,-8.006
-0.368,-6.108,-7.912
0.325,-6.027,-8.219
-0.737,-6.235,-8.166
-1.302,-6.309,-7.738
-1.258,-6.4,-7.91
-1.455,-6.52,-8.219
-1.474,-6.943,-8.159
-1.072,-6.522,-8.137
-0.218,-5.541,-8.288
-0.077,-5.417,-7.994
-0.708,-6.537,-7.948
-1.62,-7.127,-7.972
-1.28,-7.065,-7.785
-0.529,-6.955,-8.472
0.203,-6.836,-7.903
-0.261,-6.426,-7.336
-0.648,-7.087,-7.264
-0.706,-7.582,-7.795
-0.172,-6.994,-8.745
-0.022,-6.261,-8.592
-0.325,-6.936,-8.185
-0.512,-7.984,-7.532
-0.254,-7.357,-7.573
-0.117,-6.544,-7.943
-0.51,-6.106,-7.867
-0.572,-7.037,-7.668
-0.134,-6.977,-7.879
-0.215,-6.386,-7.75
0.321,-5.883,-7.965
0.768,-5.953,-7.817
0.163,-7.101,-7.19
0.565,-6.96,-7.393
0.065,-6.216,-7.699
0.773,-5.52,-7.73
0.445,-6.481,-7.283
0.639,-6.934,-7.551
0.51,-6.757,-7.699
0.828,-6.113,-7.915
0.29,-6.455,-7.479
0.433,-6.946,-7.498
0.768,-7.154,-7.326
0.727,-6.462,-7.403
0.983,-7.039,-7.257
0.902,-6.682,-7.02
1.148,-6.874,-7.051
0.935,-6.917,-7.111
0.947,-6.551,-7.35
1.371,-6.962,-7.357
1.256,-7.242,-7.072
1.424,-6.785,-6.95
1.778,-6.747,-7.199
1.699,-7.326,-6.927
1.916,-7.393,-6.572
1.586,-7.58,-6.642
1.66,-6.781,-6.79
1.919,-6.503,-7.089
1.72,-6.58,-6.824
1.933,-7.092,-6.749
2.216,-7.089,-6.733
1.761,-6.974,-6.584
2.043,-7.204,-6.553
2.084,-7.106,-6.403
1.981,-7.159,-6.292
2.316,-7.156,-6.163
2.225,-7.092,-6.008
2.294,-7.017,-6.3
2.785,-7.331,-6.434
2.524,-7.448,-6.254
2.251,-7.747,-5.759
1.948,-7.575,-5.192
2.23,-7.886,-5.414
2.962,-8.549,-6.027
2.553,-7.903,-5.831
2.409,-7.793,-4.486
2.271,-9.534,-4.06
2.534,-10.858,-5.108
2.082,-8.666,-4.216
2.101,-8.647,-2.821
1.986,-10.532,-2.189
1.904,-10.566,-2.328
2.139,-9.226,-1.337
2.108,-9.252,0.591
1.658,-8.996,2.175
1.364,-8.46,4.031
1.223,-7.979,3.728
1.701,-8.415,5.029
1.172,-9.42,6.113
0.785,-7.989,7.19
0.835,-3.886,6.515
2.412,-1.567,7.513
0.49,-2.479,8.451
-3.196,-4.888,9.549
-2.16,-1.314,10.798
-1.725,2.158,10.791
-2.443,-2.031,8.917
-3.173,-4.008,8.13
-4.608,-2.28,8.096
-2.972,1.113,9.283
-6.221,3.429,7.144
-8.259,2.204,5.407
-9.257,0.514,4.811
-7.211,-2.438,0.679
-7.951,-3.275,-3.661
-11.374,-5.946,-2.67
-11.07,-4.424,-4.914
-11.231,-1.491,-5.233
-17.868,-13.056,-11.401
-17.617,-15.942,-13.255
-16.731,-12.214,-9.025
-14.418,-8.963,-16.045
-9.161,-15.521,-16.291
-13.843,-12.965,-14.288
-14.499,-27.225,-21.95
-7.455,-23.655,-16.167
-4.565,-14.963,-14.753
-3.129,-24.038,-15.195
5.343,-19.057,-16.078
2.694,-26.56,-6.281
-0.435,-21.603,-4.579
5.766,-29.685,-3.51
2.644,-17.748,-1.215
10.393,-11.173,7.718
8.022,0.744,2.483
8.848,-6.448,1.948
-2.28,-11.913,-0.44
-0.364,-9.465,-4.706
-10.015,-12.154,-6.426
-13.221,-2.022,-0.522
-27.658,0.036,0.258
-25.345,6.331,-8.618
-17.947,2.842,-11.889
-14.336,-1.991,-24.699
-19.234,13.86,-16.363
-2.443,-0.089,4.675
1.395,0.957,0.124
3.024,-1.577,-9.348
-0.28,-0.122,-7.635
-1.232,1.249,-5.556
3.644,-2.424,-8.972
6.087,-5.795,-10.111
5.302,-3.539,-7.58
3.912,-3.558,-8.489
6.075,-2.948,-9.298
6.694,-2.483,-9.391
6.809,-4.634,-8.692
3.563,-5.027,-8.707
2.216,-3.539,-9.697
0.993,-3.462,-10.446
-1.424,-3.134,-10.472
-2.56,-4.469,-11.413
-0.825,-4.218,-10.972
0.857,-3.572,-11.104
0.474,-4.742,-10.515
-2.058,-5.661,-9.719
-3.196,-7.266,-9.767
-2.302,-5.713,-10.082
-0.816,-4.955,-9.767
-0.847,-4.845,-9.338
-1.005,-5.96,-8.908
-0.672,-6.003,-8.673
-1.172,-5.981,-8.534
-1.653,-5.587,-8.013
-0.687,-5.603,-7.986
-0.794,-5.747,-7.802
0.218,-5.335,-8.183
-1.383,-5.326,-7.716
-1.792,-6.264,-7.74
-1.122,-6.051,-8.386
0.28,-5.381,-8.597
0.017,-4.989,-8.888
-0.395,-6.225,-8.187
-1.208,-6.481,-7.704
-1.376,-6.197,-8.326
-2.029,-5.249,-9.097
-1.763,-6.075,-8.903
-0.912,-5.656,-8.266
-0.723,-5.926,-7.955
-0.876,-5.601,-8.264
-1.426,-6.02,-8.228
-1.706,-6.261,-7.814
-0.648,-6.276,-7.946
-0.294,-5.857,-7.752
-0.383,-5.716,-7.661
-1.775,-6.161,-7.965
-0.737,-6.199,-8.168
0.01,-5.941,-8.678
-0.069,-6.18,-8.692
-0.536,-6.522,-8.07
-1.608,-6.63,-7.288
-1.23,-7.369,-7.599
-0.67,-6.883,-7.927
0.356,-6.19,-8.41
0.38,-5.941,-8.228
-0.38,-6.687,-7.678
-0.751,-6.833,-7.58
-1.33,-6.544,-7.876
-0.914,-6.491,-8.568
-0.567,-5.785,-8.503
0.136,-6.613,-8.137
0.318,-6.338,-7.721
-0.175,-5.943,-7.852
-0.352,-6.19,-7.819
-0.823,-6.606,-7.527
-0.601,-6.62,-7.704
0.038,-6.039,-7.934
-0.495,-5.96,-7.931
-0.175,-6.388,-8.207
0.069,-6.692,-8.027
0.005,-6.326,-7.568
-0.062,-6.649,-7.721
0.486,-6.68,-7.769
0.294,-6.675,-7.934
0.29,-6.441,-7.793
-0.112,-6.68,-7.52
-0.12,-6.79,-7.297
0.364,-6.415,-7.197
0.581,-6.663,-7.405
0.9,-6.383,-7.403
0.871,-6.481,-7.288
0.579,-6.654,-7.29
0.431,-6.788,-7.273
0.567,-6.584,-7.561
0.708,-6.309,-7.214
0.974,-6.706,-7.106
0.883,-6.977,-7.156
0.969,-6.742,-7.302
1.278,-6.477,-7.247
1.163,-6.666,-7.328
0.864,-6.738,-7.171
1.18,-6.666,-7.233
1.182,-6.843,-7.613
1.211,-6.986,-7.446
1.311,-6.972,-7.254
1.208,-7.077,-7.261
1.438,-7.348,-7.264
1.237,-7.25,-7.125
1.127,-6.843,-6.845
1.175,-7.264,-6.797
1.479,-7.156,-7.008
0.859,-6.929,-6.807
0.581,-7.072,-6.831
1.687,-6.788,-6.527
2.304,-7.546,-6.458
2.192,-7.843,-6.273
1.924,-7.647,-6.032
1.869,-7.616,-6.017
1.744,-8.41,-6.125
1.754,-7.745,-5.819
1.873,-7.625,-5.735
2.108,-7.946,-5.9
2.216,-9.269,-6.47
1.878,-8.644,-5.568
1.971,-8.283,-4.424
2.225,-9.436,-4.094
2.067,-10.322,-4.546
1.443,-10.501,-4.589
1.22,-9.664,-3.601
1.701,-8.989,-2.0
2.723,-7.948,-1.031
2.436,-8.336,0.179
1.428,-9.384,1.392
0.835,-9.398,2.701
1.768,-9.082,2.919
2.237,-9.704,3.165
1.701,-9.566,4.905
1.141,-7.429,5.874
1.436,-7.235,5.867
1.526,-7.498,6.486
1.132,-6.218,7.434
1.043,-4.094,7.281
0.83,-4.878,7.407
-0.017,-5.721,7.809
1.12,-4.453,9.513
0.517,-1.103,10.331
0.273,-0.646,10.056
-0.483,-1.347,9.128
-1.711,-5.558,8.209
-0.912,-3.519,8.266
-1.735,0.641,9.549
-3.189,1.361,9.369
-5.718,2.074,8.742
-5.539,1.73,6.309
-4.689,-1.792,5.06
-4.477,-3.151,5.448
-3.323,-3.051,2.498
-6.235,1.668,-0.167
-8.364,0.845,-2.83
-10.324,-5.027,0.435
-8.699,-2.0,-4.895
-12.559,-6.912,-7.3
-20.646,-16.169,-8.274
-16.471,-9.022,-8.723
-11.855,-11.331,-6.991
-18.145,-11.676,-14.939
-17.502,-13.602,-10.513
-15.82,-12.805,-24.177
-13.513,-10.623,-12.906
-16.576,-42.559,-16.695
-4.45,-22.28,-26.019
2.536,-26.206,-6.225
2.598,-30.924,-8.731
8.051,-27.89,-12.59
10.508,-19.449,-7.12
1.857,-38.224,6.249
6.584,-19.385,-3.663
0.249,-11.894,-0.069
15.289,-5.374,7.506
7.132,-1.732,5.718
0.94,3.663,-9.393
-6.025,-16.339,4.343
-8.886,-6.955,-8.453
-22.184,3.543,-1.821
-19.043,6.738,-1.558
-24.261,3.345,-7.029
-20.698,2.567,-11.697
-11.805,3.625,-24.062
-7.584,9.448,-0.28
-4.709,-1.983,-0.208
-0.117,4.316,-1.864
8.199,-2.046,-6.489
5.591,-5.596,-7.13
5.852,-1.407,-9.183
7.819,0.335,-8.943
7.125,-5.594,-8.341
5.594,-5.958,-7.75
2.931,-3.914,-8.601
-0.287,-2.376,-9.29
-1.704,-4.235,-9.831
-0.967,-5.867,-11.819
-2.613,-2.95,-11.537
-2.838,-2.405,-9.656
-1.156,-2.527,-9.075
1.22,-3.065,-10.621
1.084,-3.237,-12.288
-1.122,-4.646,-11.499
-1.847,-4.077,-11.492
-3.199,-1.857,-10.302
-3.173,-2.481,-9.86
-0.816,-2.211,-9.319
-0.316,-3.603,-9.417
-1.29,-6.324,-9.501
-0.713,-5.065,-9.032
-0.476,-4.134,-8.754
-0.636,-4.998,-8.628
-1.491,-6.386,-8.821
-1.797,-6.62,-9.465
-1.416,-5.682,-8.884
-1.098,-6.434,-9.13
-0.723,-6.036,-9.037
-1.053,-6.056,-8.673
-1.055,-5.728,-8.037
-1.23,-7.056,-8.288
-1.424,-6.709,-8.683
-1.127,-5.668,-8.494
-0.902,-5.273,-8.441
-1.584,-5.675,-8.149
-1.553,-5.69,-8.245
-1.148,-5.902,-8.664
-0.632,-5.706,-8.833
-0.77,-5.357,-8.4
-2.12,-6.41,-7.757
-1.302,-6.075,-7.403
-0.634,-6.24,-8.065
-0.813,-5.883,-8.223
-1.175,-6.228,-8.18
-1.062,-6.3,-7.704
-0.589,-5.833,-7.632
-0.38,-5.678,-8.015
-1.29,-6.23,-7.893
-1.239,-6.867,-7.8
-0.435,-6.726,-7.814
0.364,-6.443,-8.417
-0.187,-6.493,-8.434
-0.787,-6.946,-7.91
-0.574,-6.745,-7.802
-0.115,-5.8,-7.881
0.062,-5.95,-8.305
-0.464,-6.611,-8.106
-0.376,-6.982,-7.862
0.002,-6.063,-7.824
-0.696,-6.025,-7.836
0.067,-6.058,-8.36
-0.148,-6.496,-8.305
0.165,-6.857,-8.417
0.653,-6.374,-8.601
-0.29,-6.594,-8.118
-0.115,-6.994,-8.183
-0.28,-7.094,-8.159
0.251,-6.412,-8.364
0.234,-6.479,-8.494
0.646,-6.874,-7.986
0.684,-7.202,-7.532
-0.029,-7.084,-7.393
0.12,-7.058,-7.446
0.802,-6.431,-7.46
1.06,-6.745,-7.477
0.818,-6.962,-7.398
0.727,-7.001,-6.994
0.641,-6.84,-6.446
0.66,-6.91,-6.398
0.514,-7.156,-6.462
1.024,-6.742,-6.558
1.376,-6.144,-6.972
1.182,-6.259,-6.757
0.787,-6.623,-6.3
0.589,-6.745,-5.828
0.983,-7.419,-5.926
1.823,-6.8,-6.158
1.232,-6.855,-6.271
1.361,-6.936,-6.295
1.57,-7.209,-6.362
1.761,-7.199,-6.45
1.431,-7.419,-6.596
0.988,-7.039,-5.819
1.735,-6.931,-5.938
2.024,-7.348,-6.139
1.258,-7.644,-6.06
1.694,-8.156,-6.096
2.141,-7.738,-6.025
2.038,-7.888,-6.209
1.165,-7.764,-6.058
1.651,-8.192,-5.517
2.218,-8.041,-5.362
1.818,-8.427,-5.702
1.455,-9.171,-5.515
1.457,-10.054,-5.335
1.883,-8.161,-4.103
2.079,-7.917,-3.33
2.05,-9.592,-3.598
1.682,-10.877,-3.431
2.187,-11.003,-3.515
2.213,-10.075,-3.866
2.003,-9.089,-2.862
1.519,-8.716,-0.821
1.354,-9.999,0.464
2.261,-10.03,0.703
2.005,-10.456,1.397
1.579,-10.271,1.861
0.404,-10.554,1.861
0.065,-10.532,2.873
0.847,-8.707,4.347
2.424,-8.199,4.407
1.95,-9.635,4.512
0.938,-8.876,5.422
1.163,-6.312,5.69
2.192,-5.644,5.682
2.505,-7.075,6.584
1.646,-6.694,7.309
0.727,-5.211,7.986
0.297,-3.278,7.773
-0.177,-0.156,8.731
0.467,-1.615,8.824
0.187,-4.972,8.788
-1.802,-3.615,9.532
-2.371,0.108,9.432
-2.488,1.936,8.989
-3.235,1.625,9.829
-3.189,-1.144,7.912
-4.13,-0.457,7.649
-4.96,1.251,7.017
-3.972,0.912,7.297
-5.335,1.546,7.072
-7.773,-0.077,3.783
-9.853,0.782,0.081
-10.747,-3.271,1.211
-11.286,-5.07,-1.67
-9.362,1.103,-4.354
-15.918,-6.812,-10.791
-17.983,-6.953,-9.898
-18.351,-13.219,-10.128
-17.889,-14.166,-11.286
-11.566,-13.071,-18.966
-13.236,-15.911,-17.306
-13.925,-23.072,-14.815
-14.092,-32.149,-14.604
-3.931,-23.139,-18.985
-9.716,-18.184,-17.306
4.003,-20.988,-6.558
8.185,-20.567,-6.242
5.582,-25.242,-13.791
5.405,-38.844,-4.02
8.439,-23.794,8.297
4.244,-5.402,8.006
7.783,7.343,2.512
14.645,1.258,-13.279
-6.063,-11.475,-3.041
2.393,-10.432,-10.417
-15.461,-13.052,-2.177
-14.745,-3.74,-3.122
-22.861,-4.773,3.725
-24.175,5.34,-3.01
-17.975,9.989,-8.874
-19.77,6.092,-16.975
-6.312,10.948,-9.341
0.916,-0.244,-1.043
1.785,-1.814,-2.065
1.144,-1.699,-6.503
3.565,-2.393,-5.39
7.147,-2.29,-4.618
7.776,-1.127,-8.711
4.194,0.878,-10.195
6.685,-5.455,-8.446
6.348,-4.826,-9.13
1.744,0.11,-10.281
0.543,-0.251,-12.298
-2.814,-1.907,-10.518
-2.907,-4.278,-10.479
-1.428,-3.23,-10.676
0.022,-1.67,-10.092
0.321,-1.979,-10.042
-0.488,-6.099,-10.671
-1.407,-6.115,-12.599
-2.842,-3.28,-12.36
-3.524,-2.283,-10.489
-3.57,-4.082,-9.441
-2.294,-4.24,-9.611
-2.153,-3.931,-9.515
-1.584,-4.273,-9.417
-0.34,-4.919,-9.099
-0.79,-6.017,-8.699
-0.94,-6.125,-9.001
-1.567,-6.142,-9.161
-1.266,-4.845,-9.235
-2.268,-5.924,-8.345
-1.282,-5.692,-7.843
-1.043,-5.599,-7.934
-0.495,-5.613,-8.63
-1.704,-6.721,-8.417
-1.684,-7.013,-8.642
-1.077,-5.345,-9.094
-0.548,-4.615,-9.321
-1.756,-7.044,-8.274
-1.431,-7.386,-7.69
-1.548,-6.666,-7.903
-1.029,-5.891,-8.271
-1.605,-5.685,-8.178
-1.828,-6.089,-7.735
-1.512,-6.137,-8.061
-1.634,-5.831,-8.408
-1.263,-5.764,-8.192
-1.617,-6.032,-7.594
-2.122,-6.281,-7.185
-1.431,-5.627,-7.211
-1.235,-5.522,-7.252
-1.084,-6.51,-7.635
-1.18,-6.761,-7.467
-1.199,-6.532,-7.683
-0.916,-6.405,-8.372
-0.919,-6.465,-8.515
-0.77,-6.781,-8.221
-1.223,-6.589,-7.84
-1.467,-5.46,-7.874
-0.254,-5.357,-8.185
-0.177,-5.9,-8.376
-1.125,-6.575,-8.266
-1.175,-6.773,-7.745
-1.378,-6.266,-7.695
-1.014,-6.343,-8.309
-0.679,-6.235,-8.341
-0.706,-5.893,-8.403
-0.407,-6.041,-8.527
-0.036,-6.388,-8.305
-0.268,-6.276,-7.943
-0.306,-6.405,-7.75
-0.682,-6.391,-7.348
-0.529,-5.785,-7.706
-0.287,-5.862,-8.324
-0.304,-6.874,-8.073
-0.129,-7.458,-8.008
-0.61,-6.697,-7.673
-0.311,-6.252,-7.651
-0.031,-6.415,-7.704
0.139,-7.357,-7.986
0.081,-6.726,-7.491
0.313,-6.434,-7.348
0.256,-6.828,-7.486
0.11,-6.759,-7.419
-0.206,-6.718,-7.436
0.067,-5.8,-7.613
0.737,-5.379,-7.69
0.404,-6.173,-7.319
0.287,-6.704,-7.364
0.493,-6.075,-7.489
0.706,-5.948,-7.869
0.725,-6.635,-7.324
0.668,-6.615,-7.068
0.598,-6.694,-7.163
1.031,-6.572,-7.374
0.806,-6.115,-6.941
0.797,-6.321,-6.924
0.876,-6.611,-7.29
0.981,-6.558,-7.51
0.794,-6.515,-7.084
0.933,-6.876,-7.082
1.089,-6.862,-7.116
1.395,-6.415,-6.982
1.409,-6.972,-6.871
1.172,-7.065,-6.611
1.079,-7.776,-6.962
1.182,-6.783,-6.599
1.431,-6.946,-6.63
1.675,-7.675,-6.508
1.579,-9.065,-6.419
1.593,-8.719,-6.501
1.464,-7.022,-5.45
1.562,-7.517,-5.323
1.658,-8.233,-5.249
1.701,-9.668,-5.134
1.392,-10.386,-5.343
1.711,-8.23,-5.211
2.259,-7.826,-4.06
1.641,-9.453,-3.051
1.132,-10.951,-2.495
1.134,-10.951,-2.333
1.369,-9.644,-1.581
1.091,-9.015,-1.086
1.314,-10.013,-0.531
1.677,-10.903,1.139
2.077,-10.219,2.144
1.775,-9.499,2.507
0.83,-11.123,3.141
1.091,-11.621,3.775
1.412,-9.874,4.484
1.481,-7.027,4.398
1.818,-7.328,4.268
0.857,-9.446,5.178
0.282,-8.673,5.123
0.665,-7.836,5.486
1.562,-6.553,6.264
1.782,-5.338,6.223
0.081,-5.551,7.321
0.033,-6.001,7.199
-0.548,-5.118,7.963
0.546,-4.091,8.317
0.94,-4.259,7.285
1.01,-4.395,7.881
-1.517,-3.606,9.161
-1.957,-2.022,8.965
-1.9,-0.974,9.549
-1.904,-1.723,9.417
-3.323,-1.268,8.331
-3.039,0.802,7.235
-3.579,0.636,7.522
-5.237,2.673,7.766
-6.41,2.56,7.139
-6.917,0.471,4.393
-6.221,-2.036,1.629
-6.565,-3.742,1.773
-9.668,-1.512,0.622
-9.975,-1.168,-4.175
-14.829,-6.237,-4.589
-18.432,-12.458,-5.658
-16.14,-10.166,-5.948
-15.564,-10.585,-7.886
-11.707,-12.228,-14.81
-13.999,-15.006,-19.758
-13.903,-23.11,-8.592
-14.279,-22.239,-18.547
-14.7,-15.726,-19.514
-17.16,-18.253,-4.106
0.493,-13.52,-5.472
-4.651,-22.162,-13.231
3.007,-11.118,-14.006
5.788,-38.171,-1.488
5.618,-25.603,-16.571
-6.95,-31.118,-0.165
-2.225,-8.915,2.95
6.783,-5.912,1.981
9.972,-3.086,5.936
10.346,13.281,0.883
10.743,-2.555,-8.027
-2.005,-6.202,-11.846
-5.723,6.941,-5.209
-9.29,-2.079,-6.572
-13.241,-1.792,-10.377
-16.631,3.859,-6.307
-14.339,3.531,-10.243
-13.552,2.041,-14.238
-7.149,-5.266,-16.521
-1.828,-9.216,-21.538
-4.421,-2.823,-15.939
7.97,3.73,-0.543
4.225,-2.359,-1.11
7.661,-0.782,-7.424
7.697,0.474,-3.881
7.941,-3.539,-5.943
1.201,-4.216,-7.23
-2.613,-7.506,-10.209
1.227,-3.699,-11.707
0.167,-5.51,-10.841
-0.488,-4.84,-10.525
0.869,-5.809,-10.068
-0.933,-5.113,-8.419
-0.526,-4.871,-7.869
-1.641,-7.149,-8.798
-2.053,-6.17,-9.936
-1.531,-4.809,-9.757
-1.019,-4.551,-8.963
-0.679,-5.094,-8.606
-0.79,-5.173,-8.754
-0.084,-5.357,-9.068
-0.208,-6.199,-8.675
-0.057,-6.35,-8.64
0.234,-5.931,-7.994
0.232,-5.814,-8.058
-0.689,-5.764,-8.329
-2.23,-7.553,-8.336
-0.593,-6.96,-8.793
0.148,-6.644,-9.233
-0.201,-5.194,-8.786
-0.701,-5.424,-7.893
-0.524,-6.553,-8.132
-0.61,-6.704,-8.202
-1.043,-6.417,-7.852
-1.426,-7.104,-7.907
-0.701,-6.84,-8.226
-0.84,-6.221,-7.891
-1.371,-6.309,-7.778
-1.371,-6.833,-7.328
-1.098,-6.922,-7.565
-0.995,-6.214,-8.01
-0.849,-5.754,-7.948
-0.861,-6.623,-7.099
-1.754,-6.778,-6.86
-1.459,-6.364,-7.111
-0.512,-6.525,-7.465
-0.574,-7.044,-7.666
-0.407,-7.08,-7.809
-0.368,-5.893,-7.455
-0.768,-6.379,-7.448
-0.402,-7.494,-7.474
-0.421,-7.065,-8.049
-0.924,-6.644,-8.087
-0.584,-6.151,-7.678
-0.371,-6.415,-7.367
-0.553,-7.092,-7.295
-0.873,-7.156,-7.494
-0.443,-6.867,-8.058
-0.199,-6.864,-7.733
-0.084,-7.467,-7.623
-0.223,-7.608,-7.776
-0.519,-7.015,-7.666
-0.412,-6.529,-7.742
-0.12,-7.383,-7.479
-0.285,-7.525,-7.565
-0.084,-7.041,-8.029
-0.151,-6.85,-8.018
-0.419,-7.056,-7.312
-0.457,-7.771,-7.089
-0.462,-7.709,-7.12
-0.249,-7.132,-7.491
0.211,-6.816,-7.872
0.062,-7.017,-7.345
0.002,-7.62,-7.039
0.34,-7.924,-6.946
0.402,-7.663,-6.797
0.139,-7.139,-6.769
-0.426,-7.111,-6.833
-0.4,-7.855,-7.178
0.39,-7.644,-7.364
0.749,-7.541,-7.218
1.055,-7.412,-7.013
1.201,-7.439,-6.367
0.313,-8.029,-5.809
0.873,-7.931,-5.816
0.907,-7.515,-6.036
0.555,-7.482,-6.032
0.897,-7.785,-6.144
1.433,-7.187,-6.12
1.577,-7.429,-5.603
0.892,-8.171,-5.646
0.799,-8.073,-5.321
1.22,-8.585,-5.455
1.364,-8.532,-5.757
1.56,-7.599,-5.209
1.546,-7.498,-4.256
1.747,-8.441,-4.335
1.127,-9.644,-4.194
0.957,-9.188,-4.333
1.766,-8.015,-3.431
1.78,-8.843,-3.23
1.546,-9.814,-2.838
1.062,-10.03,-2.783
1.491,-9.874,-2.292
2.036,-9.479,-2.149
1.921,-9.539,-1.4
1.364,-9.738,-0.593
1.617,-9.558,0.01
1.878,-9.396,0.438
1.503,-9.817,0.67
1.29,-10.468,0.962
1.433,-10.836,1.926
1.474,-10.556,2.412
1.467,-9.673,2.924
1.531,-8.673,3.567
1.141,-7.986,5.0
1.065,-7.309,5.426
1.311,-7.998,6.039
1.467,-8.307,6.285
1.725,-6.572,6.661
1.445,-5.29,6.747
0.79,-5.369,7.702
0.481,-4.876,7.989
0.089,-3.967,8.513
0.947,-2.098,8.903
1.524,-3.254,9.822
-1.199,-4.103,11.149
-2.072,-2.469,9.597
-2.598,-2.438,10.31
-1.184,-2.689,8.465
-1.988,-2.873,10.049
-2.818,-1.562,9.47
-3.137,-1.428,7.771
-4.12,-0.701,9.178
-4.197,0.907,10.279
-3.185,1.505,7.903
-5.56,-2.263,6.477
-6.462,-3.852,4.06
-6.362,-3.01,4.823
-4.996,-1.766,4.73
-5.824,-0.766,3.73
-9.776,-4.225,0.754
-9.422,-2.771,-5.283
-10.826,-5.469,-3.029
-12.81,-6.252,-7.845
-15.281,-12.585,-3.689
-13.446,-12.059,-7.618
-16.064,-9.862,-3.376
-12.944,-3.943,-12.47
-10.951,-15.088,-11.757
-12.688,-14.607,-18.074
-8.745,-15.518,-15.171
-11.501,-25.971,-12.2
-5.989,-18.318,-20.358
-7.034,-11.255,-8.197
1.534,-25.895,-7.996
-2.488,-8.321,-12.142
-3.931,-31.912,-4.845
0.56,-24.562,-11.858
1.866,-20.746,-0.562
2.266,-18.117,-4.864
5.582,-11.683,-4.828
10.484,-2.749,-0.029
5.13,-7.797,-2.027
4.242,-1.644,-3.89
-0.017,-0.132,-9.298
-3.697,1.043,-4.383
-2.103,-2.022,-7.529
-6.548,-7.541,-6.075
-6.161,-6.24,-8.848
-7.159,1.409,-9.774
-4.642,4.321,-9.01
-8.381,6.871,-9.489
-5.367,4.721,-10.676
-6.405,1.105,-13.097
-3.96,0.211,-11.776
0.916,-1.806,-8.333
0.469,-3.594,-5.256
2.251,-1.404,-7.101
7.642,-2.29,-7.797
7.855,-0.153,-6.166
5.343,0.589,-6.19
6.247,0.38,-7.111
6.747,-2.316,-8.628
2.323,-4.481,-10.178
-0.627,-3.228,-9.388
-1.16,-5.546,-9.403
0.502,-4.154,-9.848
0.615,-2.629,-9.274
0.706,-2.708,-9.482
1.225,-4.713,-9.702
0.797,-5.85,-9.802
-0.246,-5.826,-9.975
-0.514,-6.022,-9.556
-0.426,-5.594,-9.735
-0.199,-5.611,-10.336
0.5,-5.651,-10.542
-0.249,-6.407,-9.783
0.033,-6.572,-9.07
-0.493,-7.297,-8.943
-0.165,-7.642,-9.3
-0.026,-7.754,-9.173
0.577,-7.221,-8.977
0.175,-6.996,-8.3
0.237,-7.379,-7.776
-0.01,-7.656,-7.147
-0.215,-7.307,-6.553
-0.179,-8.207,-6.934
-0.385,-7.974,-7.429
-1.048,-6.534,-5.843
-0.318,-8.152,-5.513
0.388,-10.29,-6.821
-0.081,-9.515,-6.919
-0.081,-8.085,-6.07
-0.572,-8.79,-3.768
-0.546,-8.563,-3.438
-0.567,-8.75,-4.338
-0.493,-9.312,-4.776
-0.9,-8.931,-4.704
-0.924,-8.417,-4.077
-1.072,-8.441,-3.287
-0.835,-8.037,-2.673
-1.258,-7.589,-2.512
-1.778,-7.348,-2.022
-1.261,-7.395,-2.117
-1.158,-7.661,-2.105
-1.759,-8.843,-2.256
-1.096,-8.276,-2.283
-0.754,-7.458,-1.519
-0.785,-8.001,-1.818
-0.969,-7.852,-2.254
-0.541,-7.348,-2.419
-1.407,-3.787,-3.517
-3.787,-11.075,-2.716
-4.453,-14.714,-3.773
-3.546,-6.747,-0.11
-3.17,-7.912,2.149
-3.682,-13.322,0.553
-4.395,-10.728,0.299
-2.926,-8.13,0.751
-2.39,-6.804,-0.28
-4.134,-5.548,-0.66
-6.785,-3.498,0.069
-7.683,-3.319,0.452
-8.352,-3.51,-0.191
-9.487,-4.304,-2.321
-8.183,-12.164,2.074
-6.726,-8.197,-3.72
-10.137,-5.613,-0.045
-10.25,-4.139,-0.349
-13.013,1.024,3.067
-16.313,-7.278,7.46
-12.568,-6.632,4.8
-12.15,-11.556,5.24
-8.865,-9.671,1.601
-9.357,-7.223,5.501
-11.214,-8.166,-0.876
-10.838,-10.623,-6.893
-7.738,-9.867,-3.151
-12.743,-5.496,0.376
-12.14,-4.902,2.251
-11.286,-7.661,1.486
-8.972,-7.958,1.359
-6.391,-3.177,7.352
-11.018,-1.194,7.419
-11.001,-0.696,2.192
-11.36,-1.725,-3.874
-11.771,-5.687,-1.148
-10.642,-4.651,-3.199
-7.807,-3.022,-3.694
-4.749,1.18,-2.742
-9.802,-1.826,-1.416
-6.307,-5.651,-4.826
-6.41,-4.699,-2.706
-7.74,-1.536,-0.306
-8.508,-1.098,0.0
-9.326,-3.976,-2.33
-8.01,-6.501,-4.957
-3.926,-12.705,-3.519
-5.826,-12.585,-2.663
-5.017,-8.606,-2.952
-4.615,-10.913,-4.972
-5.742,-15.116,-6.063
-5.565,-13.382,-7.022
-5.501,-12.475,-7.733
-6.235,-14.145,-8.589
-7.45,-12.662,-9.544
-9.654,-11.185,-9.319
-9.094,-8.841,-9.905
-11.056,-10.348,-9.154
-9.867,-8.209,-7.893
-5.9,-7.142,-7.29
-4.62,-8.707,-7.544
-3.886,-8.606,-7.927
-3.642,-5.912,-5.733
-2.239,-1.538,-4.701
-1.727,-3.673,-5.39
-2.565,-7.309,-6.13
-0.952,-6.548,-5.467
0.17,-1.72,-4.646
0.005,1.732,-2.795
0.481,-0.586,-2.732
2.072,-3.158,-3.146
4.907,-1.225,-3.926
7.439,-0.835,-3.17
8.226,-3.053,-2.847
7.687,-1.859,-3.141
7.223,-1.634,-3.182
8.228,-2.175,-2.053
8.742,-1.117,-0.751
8.336,-1.897,0.287
9.125,-3.651,-0.452
10.884,-2.905,-1.062
11.408,0.184,-0.292
10.606,0.17,-0.5
10.807,-2.706,-1.821
11.147,-2.321,-2.378
11.013,-1.581,-1.742
9.86,-1.103,-1.495
10.305,-2.699,-2.015
10.812,-2.735,-1.646
10.881,-1.648,-0.744
10.604,-1.586,-0.211
10.602,-2.653,-2.909
10.326,-3.211,-4.828
10.664,-3.33,-3.173
9.544,-4.34,-2.393
9.771,-4.979,-1.546
9.637,-4.938,-0.591
9.321,-5.926,-0.282
6.668,-6.316,-0.01
4.486,-6.833,-0.017
7.905,-8.453,-2.031
7.522,-8.855,-0.94
6.68,-7.022,1.225
5.838,-6.96,-1.046
4.388,-7.027,-1.18
5.541,-8.281,-0.242
6.836,-8.525,-1.113
6.307,-11.214,1.617
7.166,-12.274,1.955
8.764,-8.565,2.084
10.307,-3.974,0.562
11.984,-4.764,3.208
9.283,-7.529,5.556
12.867,-6.048,5.539
15.36,-9.496,4.235
14.93,-5.685,4.165
8.838,-8.364,6.407
9.671,-9.518,-1.986
-1.553,-7.532,-5.108
-7.718,-10.08,-7.955
-7.824,-9.025,-2.527
1.565,-0.412,0.323
5.936,-8.965,0.696
9.022,-7.106,-5.934
0.371,-10.403,-0.641
-1.443,-12.092,-2.237
-0.278,-10.204,-1.957
-1.244,-10.066,-1.373
1.05,-9.886,-1.871
4.697,-9.003,1.871
-1.864,-13.044,4.015
3.357,-8.305,0.354
-1.278,-9.812,1.388
-1.239,-11.393,1.771
-0.452,-11.556,2.883
1.297,-10.63,3.223
0.419,-12.999,1.39
0.05,-8.108,1.359
1.828,-9.963,2.153
-1.072,-8.659,2.778
1.971,-9.19,2.137
-0.4,-12.042,1.579
1.017,-8.707,1.732
-0.538,-10.135,2.261
1.735,-8.278,1.184
-0.378,-8.939,4.003
-0.045,-8.271,1.395
0.354,-13.169,2.278
2.127,-11.006,2.529
-0.428,-9.81,1.56
1.258,-11.099,1.658
-2.366,-12.65,2.773
1.223,-10.561,3.584
0.663,-10.795,3.579
-1.515,-11.202,1.94
-0.658,-10.02,1.601
0.861,-8.532,3.34
-1.921,-10.939,4.01
-0.601,-9.642,3.582
-2.847,-9.377,1.108
-0.529,-11.709,2.795
-0.254,-10.585,3.752
-1.991,-7.86,3.283
-1.885,-7.905,1.919
-2.067,-7.604,1.668
-1.821,-8.527,2.661
-1.538,-8.001,2.409
-1.452,-7.666,3.048
-1.335,-6.788,2.85
-0.067,-6.338,2.737
-0.311,-8.094,3.33
-0.869,-8.64,2.864
-1.096,-6.905,3.185
-0.1,-7.386,2.854
0.428,-8.671,3.072
-0.928,-9.905,2.931
-0.213,-9.47,2.984
0.148,-7.73,4.441
-0.584,-6.955,5.321
1.165,-6.584,4.936
4.087,-6.766,3.797
3.098,-8.683,3.139
2.594,-7.553,2.582
1.467,-4.677,3.156
1.845,-6.857,1.921
-5.477,-13.236,2.62
-7.424,-12.604,1.385
-7.005,-11.307,2.027
-2.577,-8.628,2.027
-1.723,-8.096,4.386
-2.663,-8.891,5.252
-3.905,-12.774,2.395
-2.424,-17.306,1.314
-2.646,-13.231,1.871
-2.46,-10.85,3.24
-2.663,-13.095,2.428
-1.644,-11.25,1.637
-1.505,-14.288,1.747
-3.082,-13.288,-0.66
-1.285,-13.233,0.311
-1.67,-11.099,0.892
-1.711,-9.74,0.402
-0.268,-12.075,0.959
-1.136,-8.393,1.601
-0.062,-10.257,1.744
-0.129,-11.324,2.055
-2.749,-9.226,3.163
-1.306,-9.051,2.74
-1.641,-11.331,4.024
0.093,-12.645,5.175
-0.967,-10.575,4.857
-0.318,-8.331,4.52
-2.553,-8.867,5.374
-1.591,-9.934,5.886
-0.538,-10.381,6.615
-0.175,-10.259,6.962
-1.486,-6.532,7.718
-2.529,-8.161,8.63
-2.826,-8.74,7.728
-1.177,-5.23,10.664
-0.005,-5.419,10.329
-0.27,-7.757,10.037
-1.462,-7.888,9.154
-1.648,-6.525,9.644
-0.177,-3.472,8.929
0.167,-3.517,7.458
-2.129,-6.809,8.506
-1.333,-2.038,8.671
-0.378,4.091,9.685
-0.979,-0.746,8.025
-3.263,-2.227,8.29
-3.974,-1.555,6.96
-3.223,3.519,6.47
-5.113,3.106,0.715
-7.683,2.184,4.51
-8.08,5.711,6.168
-6.027,3.63,2.421
-13.587,-2.024,-6.972
-19.102,-5.084,-12.085
-17.607,-9.75,-8.147
-12.592,-5.19,-11.571
-14.09,-9.381,-16.609
-19.66,-14.552,-13.408
-20.418,-5.539,-6.331
-23.718,-4.957,-11.652
-30.721,-10.044,-4.359
-27.926,-10.673,-7.549
-22.294,-6.304,-7.317
-19.732,9.755,1.06
-20.631,-10.956,-4.113
-25.223,-5.283,-1.125
-25.73,-13.894,2.17
-9.522,-12.109,-0.763
-20.741,0.993,12.374
-14.109,-10.439,3.464
-29.517,-0.053,3.893
-17.844,-13.044,9.144
-7.812,-3.307,1.428
-11.291,0.072,-6.187
-2.591,9.197,-6.685
-4.206,7.661,1.828
0.546,7.874,1.637
-3.175,11.537,0.608
-2.12,8.281,-0.165
0.031,4.433,-3.323
-0.177,6.359,-0.246
0.177,9.427,-0.591
-1.531,9.91,0.495
1.34,9.982,0.457
1.637,8.486,0.376
0.684,7.405,-0.141
-0.864,6.766,-0.139
-1.5,6.063,0.041
0.024,6.63,0.368
0.538,8.01,-0.208
0.292,8.865,-0.345
-0.213,9.321,0.05
-0.041,9.762,0.713
0.959,9.932,0.1
1.849,8.728,1.316
0.098,9.549,0.818
-0.694,8.939,1.01
0.919,8.625,1.199
0.459,9.554,0.993
0.44,9.118,1.462
-1.366,8.943,1.01
-1.12,10.657,0.378
-0.443,10.652,1.419
0.294,9.544,0.828
-1.567,7.905,1.455
-2.677,8.821,1.409
-1.22,9.857,1.333
-1.354,8.455,0.723
-3.472,9.109,1.239
-1.632,11.894,1.043
-2.95,10.86,0.919
-1.933,8.604,1.146
-3.007,6.529,1.129
-4.295,8.106,1.581
-4.441,10.008,0.376
-3.529,10.078,2.201
-4.017,6.955,1.536
-5.809,8.709,2.873
-5.888,9.501,2.216
3.06,-6.422,-7.132
2.797,-6.953,-6.788
1.914,-7.357,-7.087
2.907,-6.056,-6.606
3.378,-6.972,-6.63
2.682,-8.163,-6.247
2.163,-8.269,-6.23
2.862,-5.718,-5.302
2.756,-7.735,-5.754
2.579,-9.25,-6.151
1.933,-8.673,-7.034
2.359,-5.582,-4.144
2.988,-7.989,-4.721
2.711,-10.678,-5.524
2.242,-11.329,-5.96
2.969,-8.156,-4.56
2.622,-7.317,-3.106
2.546,-10.896,-3.378
2.62,-11.185,-2.993
2.062,-9.551,-1.151
1.675,-10.255,-0.495
2.065,-10.19,-0.148
1.888,-8.319,2.321
2.019,-6.575,4.713
1.928,-8.242,5.661
1.273,-9.14,5.419
1.567,-5.905,5.946
1.206,-3.711,6.254
0.931,-0.926,6.391
-2.28,-1.455,8.099
-2.967,-2.988,7.912
-1.677,-0.955,8.565
-0.912,2.519,9.499
-2.493,2.158,9.7
-5.154,-1.512,7.618
-4.831,-0.299,8.022
-5.039,2.527,8.903
-5.446,0.053,8.096
-7.515,-2.036,7.245
-8.673,-1.586,4.496
-9.295,0.364,4.974
-9.472,0.146,2.615
-10.965,-5.711,-1.132
-12.097,-3.764,-1.811
-13.025,-3.548,-4.991
-16.607,-10.762,-4.268
-15.2,-7.226,-8.747
-17.186,-14.482,-11.649
-19.272,-12.64,-14.212
-12.004,-11.527,-8.209
-13.965,-21.959,-16.162
-12.853,-26.376,-16.258
-12.288,-26.311,-18.865
-11.879,-28.338,-15.992
-4.417,-13.985,-9.372
-2.864,-15.217,-5.785
36.956,-11.513,-21.906
-3.285,-22.919,-6.041
4.723,-28.955,-6.288
1.603,-9.853,-1.256
6.553,-17.325,6.682
2.479,-8.099,2.692
10.331,-4.929,-3.125
3.199,-7.381,-8.549
1.397,-6.013,-6.804
-4.221,-11.025,-5.166
-10.097,-3.771,-2.641
-16.155,1.699,-0.78
-22.134,3.383,-1.991
-24.136,-5.922,-7.084
-19.712,-0.531,-11.492
-12.379,-0.967,-17.669
2.294,9.944,-10.925
4.689,3.792,-0.392
-3.845,-1.148,-1.952
-0.278,-1.328,-5.563
2.885,-0.225,-8.128
0.622,2.641,-8.101
2.149,0.627,-8.317
5.974,-1.39,-7.931
5.757,-4.115,-10.867
5.838,-2.407,-11.056
7.218,-0.378,-8.527
5.412,-2.548,-8.25
4.101,-5.446,-7.302
2.716,-2.182,-7.714
0.215,-4.51,-8.958
0.964,-5.46,-8.948
0.534,-4.314,-9.534
-1.053,-4.912,-10.671
-0.632,-3.18,-10.475
-0.397,-2.421,-9.47
-0.318,-3.917,-10.592
-2.072,-3.646,-10.489
-4.02,-5.34,-11.255
-3.321,-5.907,-12.214
-1.4,-3.598,-12.401
0.093,-2.39,-11.578
-0.017,-2.314,-9.123
-0.885,-4.256,-9.427
-0.421,-5.048,-9.716
-0.569,-4.955,-9.755
-1.361,-3.874,-8.917
-1.127,-3.484,-8.451
-0.27,-3.622,-8.513
-1.026,-4.043,-8.19
-2.187,-5.166,-8.14
-1.814,-5.434,-8.604
-1.476,-5.496,-8.709
-1.182,-6.321,-8.96
-1.546,-6.412,-8.321
-1.579,-6.525,-8.142
-1.665,-6.18,-8.556
-1.481,-5.919,-9.202
-1.309,-5.613,-8.92
-1.17,-5.572,-8.111
-1.467,-6.237,-8.154
-2.129,-6.149,-7.687
-1.548,-6.58,-7.73
-0.471,-7.096,-8.106
-0.914,-6.06,-8.288
-1.536,-5.34,-8.369
-1.766,-6.005,-7.958
-1.192,-6.4,-7.869
-0.871,-6.558,-8.046
-1.55,-7.08,-8.027
-1.476,-6.68,-8.058
-0.921,-6.003,-8.032
-0.735,-6.489,-7.864
-1.302,-6.802,-7.773
-1.861,-7.465,-7.793
-1.294,-6.85,-8.285
-0.739,-6.405,-8.764
-1.048,-6.73,-8.4
-1.414,-6.604,-7.714
-0.806,-6.678,-7.75
-0.691,-6.503,-7.601
-1.058,-7.343,-7.467
-1.232,-7.111,-7.711
-1.074,-6.766,-7.766
-0.447,-6.661,-8.101
-0.976,-7.34,-7.723
-0.627,-7.348,-7.695
-0.9,-7.118,-7.742
-1.096,-6.592,-7.84
-1.079,-6.659,-7.769
-0.278,-7.104,-7.635
0.605,-7.709,-7.74
0.024,-7.29,-7.197
-0.679,-7.214,-7.132
-0.754,-7.479,-7.104
0.045,-7.443,-7.429
1.27,-6.773,-8.018
0.976,-6.178,-6.982
0.208,-6.415,-5.938
-0.005,-7.161,-6.371
-0.397,-7.175,-7.099
0.323,-5.965,-7.699
1.172,-7.01,-7.467
0.947,-6.783,-6.95
0.703,-6.8,-6.991
1.141,-6.788,-7.202
1.421,-7.147,-7.037
1.5,-6.838,-6.998
0.763,-6.606,-6.668
0.782,-6.642,-7.08
1.39,-6.434,-7.07
2.0,-7.068,-7.003
1.359,-6.697,-6.23
0.813,-6.249,-6.034
1.117,-6.008,-6.45
2.115,-7.343,-6.754
1.742,-7.857,-6.943
1.694,-7.415,-6.879
2.113,-6.886,-6.13
2.034,-7.271,-5.871
1.67,-7.922,-6.092
1.51,-8.01,-6.407
2.395,-7.941,-6.446
3.051,-8.51,-5.974
2.189,-9.678,-5.635
1.912,-7.869,-4.52
1.895,-7.675,-4.051
1.876,-10.724,-4.237
1.349,-12.516,-4.603
2.486,-9.865,-3.852
2.751,-7.058,-1.141
1.562,-9.917,-0.83
0.799,-10.759,-1.696
0.983,-9.987,0.61
0.701,-10.245,1.495
1.596,-9.245,1.424
1.613,-8.563,3.905
1.895,-7.156,4.142
2.194,-8.214,4.532
1.024,-8.08,4.311
0.601,-6.443,5.288
0.967,-4.895,7.718
1.031,-1.782,9.621
0.84,-2.094,9.771
1.029,-3.72,8.128
0.763,-5.833,7.537
0.457,-4.027,7.656
-1.223,-0.421,9.745
-1.9,0.498,11.135
-0.943,-1.156,8.891
-2.237,-3.854,8.994
-3.443,-1.156,7.508
-2.692,0.364,8.379
-2.792,2.168,8.408
-4.323,2.235,8.608
-7.025,2.082,8.075
-6.687,-1.163,5.536
-7.419,-2.787,2.271
-8.441,1.081,2.613
-10.472,0.773,1.773
-11.303,-7.276,1.086
-12.027,0.158,-1.567
-17.698,-8.922,-4.51
-14.363,-4.989,-9.774
-20.203,-18.143,-7.69
-15.726,-7.228,-8.884
-14.822,-8.556,-9.843
-18.382,-12.968,-13.145
-10.209,-7.742,-13.085
-29.979,-1.058,-20.837
-15.918,-21.21,-15.932
-11.322,-16.499,-14.336
-21.605,-19.777,-8.793
2.785,-23.706,-18.04
-5.209,-20.296,-22.076
-3.096,-22.95,-3.893
2.316,-12.444,-5.747
0.251,-22.765,8.053
4.28,-26.763,-3.079
-1.22,-10.164,1.955
6.063,-6.661,2.335
11.238,1.462,2.627
9.537,7.154,0.703
4.165,-1.249,1.012
8.01,-1.34,-1.318
-8.733,-8.168,-10.032
-5.431,-9.518,-8.207
-15.683,0.189,-3.433
-28.429,5.68,-6.508
-41.779,-7.529,-2.294
-24.634,13.997,-40.195
6.929,10.188,-4.02
-6.352,-19.89,8.257
-0.55,-3.512,1.864
3.287,3.388,-4.68
5.879,-2.287,-6.225
7.113,-3.077,-4.139
8.601,-0.256,-4.902
5.702,0.266,-6.47
4.388,-1.634,-6.458
3.905,-4.524,-6.943
2.158,-2.639,-8.845
1.113,-2.548,-12.336
0.859,-0.687,-12.458
-0.718,-3.18,-10.798
-0.847,-2.783,-10.245
0.445,-2.649,-10.176
3.051,-2.127,-11.212
0.672,-3.778,-10.602
-2.641,-5.728,-11.465
-3.299,-6.455,-12.293
-2.926,-4.46,-11.451
-2.354,-3.161,-11.015
-1.093,-3.728,-9.357
-0.94,-5.163,-8.991
-1.079,-5.867,-9.116
-1.928,-6.814,-9.288
-1.574,-7.199,-9.305
-0.062,-5.144,-9.14
-0.591,-5.548,-8.503
-1.56,-5.276,-8.171
-1.759,-7.034,-7.589
-2.115,-7.405,-8.195
-1.261,-6.046,-8.226
-0.254,-5.211,-8.527
-0.464,-5.852,-8.288
-0.603,-5.24,-8.049
-1.689,-5.943,-7.594
-1.309,-6.537,-7.862
-0.675,-6.58,-7.412
-1.436,-6.723,-7.376
-1.974,-6.556,-7.513
-0.988,-6.084,-8.006
-0.694,-6.283,-7.833
-0.962,-6.472,-7.273
-1.727,-6.359,-7.474
-1.794,-6.836,-7.69
-1.337,-7.297,-7.46
-1.11,-7.388,-7.324
-1.61,-6.833,-7.295
-1.146,-6.147,-7.821
-0.522,-6.407,-8.058
-1.203,-7.508,-7.721
-1.017,-7.118,-7.422
-1.151,-6.946,-7.386
-1.469,-7.051,-7.845
-1.115,-7.051,-7.963
-0.383,-6.668,-7.75
-0.907,-6.304,-7.166
-1.519,-6.871,-7.405
-1.639,-6.443,-7.484
-1.316,-6.47,-7.769
-1.034,-6.608,-7.171
-1.074,-7.594,-7.132
-1.093,-7.328,-7.216
-0.914,-6.661,-7.589
-1.084,-6.599,-7.644
-1.189,-7.527,-7.434
-0.924,-7.79,-6.797
-0.778,-7.087,-7.132
-0.263,-7.412,-7.283
-0.51,-7.812,-7.02
-0.849,-8.175,-6.917
-0.998,-7.479,-6.685
-0.51,-6.886,-6.929
-0.299,-7.233,-7.728
-0.134,-7.252,-7.252
-0.617,-7.637,-6.431
-0.703,-7.819,-6.422
-0.548,-7.592,-6.979
0.139,-7.68,-6.994
0.031,-7.656,-7.333
0.354,-7.264,-6.984
-0.462,-6.984,-6.682
-0.234,-7.197,-6.706
-0.079,-7.412,-6.86
0.28,-7.357,-6.953
0.23,-6.955,-6.927
0.148,-7.123,-6.836
0.469,-6.934,-6.68
-0.342,-7.977,-6.309
0.297,-7.785,-6.13
0.349,-7.194,-6.57
0.921,-7.104,-6.702
1.072,-7.383,-6.565
1.144,-7.589,-6.434
0.708,-7.974,-6.345
0.342,-7.367,-5.948
0.739,-6.876,-5.575
0.952,-7.333,-5.807
1.548,-7.867,-6.08
1.314,-8.687,-6.403
-0.012,-8.848,-6.214
0.67,-7.51,-5.235
1.677,-8.085,-5.206
1.904,-9.721,-5.977
1.531,-10.078,-6.168
0.591,-7.517,-4.536
0.981,-7.582,-3.33
0.766,-9.664,-4.115
1.086,-11.441,-5.022
0.811,-10.568,-4.197
2.029,-7.955,-2.651
2.175,-8.92,-1.838
0.579,-11.178,-1.696
0.555,-11.245,-1.859
1.409,-10.996,-0.746
1.931,-10.293,0.191
0.912,-10.09,1.208
-0.11,-9.324,2.089
0.567,-9.403,2.625
1.211,-9.747,2.73
1.632,-10.63,3.467
0.993,-10.195,3.51
0.77,-8.661,4.541
1.792,-7.283,5.553
2.452,-7.785,5.228
1.675,-8.221,4.962
0.938,-6.836,6.072
1.364,-5.663,7.111
1.354,-5.575,7.876
1.16,-5.453,7.888
1.751,-5.558,6.984
1.309,-4.74,6.57
0.368,-5.01,8.228
1.079,-4.723,9.156
0.589,-3.295,10.135
0.9,-2.747,9.432
-0.055,-1.96,8.348
-0.036,-2.34,9.223
0.182,-1.945,9.077
-0.27,-0.732,9.434
-1.239,0.95,9.719
-2.077,-0.151,9.755
-3.452,-1.476,8.845
-3.842,-1.304,8.738
-2.644,0.703,7.276
-4.0,0.782,8.647
-5.201,2.586,8.264
-5.556,1.414,9.075
-6.577,0.593,7.087
-8.001,-1.627,7.01
-7.955,0.287,7.781
-6.245,-0.892,5.0
-8.252,-1.806,-0.191
-13.851,-2.744,2.684
-12.484,1.952,-1.12
-14.212,0.359,-1.747
-17.081,-13.554,-7.331
-19.811,-10.396,-1.089
-15.169,-7.125,-7.558
-13.13,-8.36,-12.315
-16.229,-16.841,-5.259
-12.444,-12.248,-13.877
-20.935,-15.509,-5.962
-8.929,-11.025,-15.061
-21.019,-16.088,-12.494
-6.637,-18.509,-4.433
-9.491,1.0,-18.693
-1.321,-15.714,-4.898
3.17,-28.347,-13.396
-7.446,-30.632,-19.753
-6.144,-7.733,12.264
-1.515,-8.867,-10.192
-4.704,-26.108,-11.894
9.372,-7.919,-4.957
7.833,11.793,-7.855
8.953,13.324,-8.647
8.362,12.953,-9.606
8.228,1.778,-5.656
-5.412,-15.277,-4.857
-1.079,-17.042,-4.725
-12.453,-5.285,-4.534
-18.581,-9.494,-3.998
-22.287,0.713,-5.692
-33.35,7.312,-8.082
-11.951,10.525,-31.381
-6.687,-1.424,-39.93
7.364,0.029,-2.661
-1.775,5.926,12.74
9.824,-5.565,-2.409
7.307,-11.882,-10.582
7.238,-2.644,-7.573
6.663,1.359,-4.223
6.053,-2.641,-5.017
3.302,-1.998,-8.271
-1.39,-4.393,-7.702
0.617,-1.644,-12.721
-1.105,-6.202,-13.298
-0.376,-2.419,-10.286
1.019,-3.941,-10.582
0.34,-3.668,-9.18
-0.651,-6.34,-10.35
-0.39,-7.18,-12.293
-1.536,-3.448,-11.149
-2.692,-3.462,-10.697
-3.007,-5.06,-10.336
-3.177,-4.819,-9.463
-1.747,-3.333,-10.381
-0.627,-4.106,-10.154
-1.002,-6.525,-9.044
-0.809,-6.422,-9.656
-2.338,-5.893,-8.434
-1.773,-5.78,-8.542
-1.627,-5.541,-8.329
-2.151,-6.802,-8.022
-1.481,-6.166,-7.498
-1.278,-6.18,-7.896
-1.055,-6.013,-8.242
-2.01,-6.924,-8.171
-1.864,-6.783,-8.101
-1.692,-6.874,-7.91
-0.419,-6.12,-8.738
-1.268,-6.905,-8.063
-1.282,-6.972,-7.759
-1.268,-5.953,-7.044
-1.596,-5.333,-7.419
-1.536,-6.388,-7.467
-1.132,-6.927,-7.494
-1.369,-6.168,-7.936
-1.658,-5.902,-8.307
-2.51,-5.283,-7.592
-2.098,-6.647,-7.771
-1.797,-6.883,-8.233
-0.775,-6.194,-8.132
-0.701,-5.984,-8.001
-1.244,-6.611,-7.307
-1.33,-6.874,-6.907
-1.402,-6.678,-7.527
-1.598,-6.481,-7.955
-2.055,-6.252,-8.12
-1.651,-6.106,-7.819
-1.077,-6.369,-7.601
-1.436,-6.419,-7.302
-1.448,-6.948,-7.075
-1.467,-7.029,-7.376
-1.151,-7.254,-7.931
-1.148,-6.974,-8.02
-1.723,-7.065,-7.34
-0.964,-6.383,-6.556
-1.357,-6.816,-7.166
-1.314,-7.348,-7.539
-1.261,-6.893,-7.063
-1.349,-6.716,-7.01
-1.168,-6.537,-7.211
-1.148,-7.317,-6.955
-1.529,-7.766,-6.891
-1.414,-7.553,-7.077
-0.629,-6.788,-7.479
-0.404,-6.716,-7.331
-0.737,-7.589,-7.111
-1.048,-7.819,-6.845
-0.888,-7.596,-6.848
-0.577,-7.08,-7.228
-0.122,-6.362,-7.096
-0.909,-6.843,-6.606
-0.878,-7.111,-6.922
-0.689,-6.795,-6.953
-0.27,-6.936,-7.077
-0.108,-6.793,-6.824
-0.476,-6.69,-6.632
-0.256,-6.778,-7.051
-0.261,-6.924,-7.015
-0.519,-7.398,-6.836
-0.34,-7.762,-6.876
0.079,-7.364,-6.776
0.124,-6.812,-6.886
-0.127,-7.151,-6.994
-0.524,-7.57,-6.709
-0.696,-7.814,-7.027
0.036,-7.125,-7.037
0.251,-6.855,-6.587
0.026,-7.314,-6.608
0.376,-7.539,-6.288
0.266,-7.994,-5.965
0.072,-7.912,-6.489
-0.589,-7.297,-6.537
0.086,-6.747,-6.419
-0.036,-7.297,-6.149
0.464,-7.762,-6.111
0.514,-7.864,-6.178
-0.01,-7.529,-5.929
0.526,-7.417,-5.974
0.309,-8.333,-6.288
0.56,-8.587,-6.422
0.624,-9.092,-6.166
1.436,-8.987,-6.13
0.742,-8.463,-5.247
0.373,-7.946,-5.005
0.416,-8.683,-5.233
0.634,-9.262,-5.785
1.225,-8.867,-5.666
1.799,-8.644,-5.905
0.026,-9.259,-5.589
0.139,-8.759,-4.632
1.201,-8.829,-3.443
0.983,-10.202,-4.031
1.046,-10.257,-3.893
0.608,-9.434,-3.883
0.912,-8.74,-3.206
1.177,-10.243,-3.704
1.459,-10.8,-3.685
1.881,-10.745,-3.271
1.244,-9.532,-2.338
1.617,-9.74,-1.211
1.232,-10.432,-0.096
0.876,-9.68,0.565
0.976,-9.855,1.163
0.888,-9.91,1.754
1.555,-8.778,3.079
1.431,-8.826,3.986
0.196,-9.64,4.548
1.069,-9.467,4.285
2.192,-8.364,3.895
1.503,-8.417,4.56
0.629,-6.687,5.596
0.744,-6.025,6.149
0.916,-5.369,6.525
0.766,-5.235,6.187
0.538,-4.201,8.089
0.524,-3.754,8.898
0.67,-4.859,9.501
0.333,-4.242,9.326
0.074,-2.658,8.41
0.038,-4.524,9.269
-1.658,-4.335,9.183
-2.065,-0.763,9.558
-1.218,1.017,9.609
-3.883,-2.268,10.719
-3.531,-1.314,8.989
-2.897,-0.297,8.984
-3.634,3.187,8.814
-4.546,1.395,9.64
-7.104,-0.488,7.673
-6.216,-4.024,3.85
-7.36,-3.436,0.632
-6.883,-0.33,2.74
-9.077,-1.151,5.553
-9.767,4.211,-6.199
-15.796,-7.075,-5.663
-15.195,-14.501,-9.594
-16.25,-17.573,0.017
-14.733,-8.187,-5.883
-11.795,-6.271,-1.921
-15.774,-7.594,-10.334
-12.566,-5.431,-6.13
-17.652,-19.102,-12.111
-15.717,-4.962,-11.147
-16.121,-17.061,-10.535
-2.318,-3.61,-19.322
-38.599,-30.099,-12.824
-0.4,-32.448,-12.781
-8.204,-25.589,-22.397
-3.369,-20.382,-5.091
0.811,-27.046,-8.053
-9.381,-11.542,-13.092
2.07,-18.971,5.46
-1.658,5.123,-13.712
6.309,-14.372,-9.53
14.092,1.869,-1.062
-2.914,8.862,-9.025
6.589,8.374,3.067
3.792,-3.271,-3.644
-8.037,-16.011,-1.017
-12.346,-14.193,-4.797
-13.872,-5.24,-1.452
-30.013,-5.216,-9.305
-34.317,8.367,-11.281
-25.122,2.515,-16.504
-14.066,8.965,-49.345
-4.292,-2.067,3.584
-7.123,-1.524,10.972
-0.474,-0.376,-3.713
3.924,-8.204,-8.599
2.699,-2.05,-8.312
2.921,5.835,-5.309
7.881,5.45,-7.046
9.465,-3.783,-9.594
4.35,-5.292,-7.135
6.278,-3.914,-7.333
5.651,-0.457,-6.958
2.699,-4.424,-13.386
-0.689,-3.859,-13.159
0.254,-2.527,-12.681
-0.292,-0.998,-10.664
-1.711,-1.254,-10.307
-1.239,-1.759,-9.778
-1.036,-3.352,-10.267
-1.641,-3.177,-9.867
-2.187,-3.062,-11.224
-3.828,-4.335,-11.36
-3.744,-3.924,-8.924
-3.29,-4.393,-11.422
-1.816,-2.366,-12.171
-1.215,-3.531,-10.171
-0.414,-4.517,-10.403
0.579,-4.003,-10.676
-0.184,-4.015,-9.802
-1.134,-4.768,-9.142
-2.431,-5.692,-9.367
-2.943,-5.012,-9.441
-1.017,-3.768,-10.221
-0.809,-3.941,-9.369
-1.67,-4.558,-8.068
-1.213,-5.438,-8.525
-0.792,-5.419,-8.556
-0.919,-5.426,-8.91
-2.062,-5.914,-8.788
-2.586,-6.156,-8.12
-2.5,-5.752,-8.144
-2.029,-4.682,-7.041
-1.378,-4.673,-7.551
-1.34,-5.9,-7.738
-1.751,-5.958,-7.596
-1.986,-5.804,-7.769
-1.682,-5.926,-7.549
-1.359,-5.544,-7.75
-1.493,-5.749,-8.049
-1.751,-5.934,-7.857
-1.605,-5.699,-7.893
-1.66,-5.809,-7.793
-1.775,-5.914,-7.888
-1.383,-6.515,-8.226
-1.225,-6.467,-8.302
-1.237,-6.206,-8.393
-1.115,-6.149,-8.314
-1.558,-5.991,-8.073
-2.397,-6.783,-7.709
-2.773,-7.084,-7.628
-2.184,-6.867,-7.723
-1.328,-6.123,-8.223
-1.074,-5.79,-8.094
-1.921,-6.998,-7.525
-1.756,-6.749,-7.391
-1.637,-7.068,-7.147
-1.33,-6.429,-7.948
-1.318,-6.359,-7.886
-1.419,-6.41,-7.733
-1.615,-6.465,-7.348
-1.66,-6.345,-7.429
-1.251,-6.551,-8.161
-0.823,-6.723,-8.228
-0.684,-6.809,-7.683
-1.18,-6.733,-7.008
-1.136,-6.687,-7.549
-1.053,-6.139,-7.541
-1.012,-6.927,-7.726
-0.89,-6.9,-7.831
-1.043,-6.661,-7.824
-0.321,-6.113,-7.718
-0.739,-5.955,-8.987
-0.61,-6.991,-7.419
-1.629,-7.343,-7.613
-1.335,-7.041,-8.223
-0.361,-6.182,-7.226
-0.447,-6.974,-6.974
-0.421,-7.194,-6.95
-0.589,-7.383,-7.285
-0.414,-7.037,-7.472
-0.565,-7.104,-7.374
-0.469,-7.175,-7.23
-0.366,-7.051,-7.4
-0.251,-7.022,-7.35
-0.29,-7.393,-6.584
-0.211,-8.197,-6.694
-0.311,-6.95,-6.687
-0.041,-6.723,-7.123
-0.376,-6.62,-7.056
-0.34,-7.663,-6.852
0.084,-7.74,-6.642
0.306,-7.051,-6.874
0.727,-6.74,-6.747
0.177,-7.628,-6.17
0.337,-7.723,-6.355
0.349,-7.893,-6.166
0.376,-7.663,-6.481
0.833,-6.833,-6.168
0.773,-7.69,-6.123
1.058,-8.972,-6.056
1.364,-9.116,-6.187
0.163,-8.106,-4.642
0.426,-7.314,-5.754
1.002,-8.259,-4.56
1.589,-9.417,-5.075
1.139,-10.716,-5.395
0.88,-8.486,-4.378
1.536,-8.577,-3.381
0.998,-10.087,-3.185
0.153,-10.951,-3.761
1.436,-8.707,-3.132
1.249,-8.857,-1.797
0.864,-10.164,-1.249
0.768,-11.439,-1.359
0.837,-11.283,-1.534
1.17,-10.336,-1.211
1.364,-9.266,-0.653
1.158,-9.496,0.967
1.165,-8.812,2.732
1.268,-8.872,2.675
0.617,-9.891,2.041
0.182,-9.671,3.072
0.266,-7.668,4.376
0.675,-7.747,5.295
0.957,-8.431,5.237
1.275,-7.991,6.194
0.799,-7.484,5.685
0.993,-6.367,6.214
0.242,-4.395,7.106
1.976,-2.78,9.355
-0.383,-4.067,10.692
-1.225,-2.058,9.881
-0.804,-2.785,8.171
-2.108,-3.397,10.123
-2.84,-3.417,9.936
-1.878,-1.192,8.759
-2.749,-1.156,8.073
-3.481,0.045,8.96
-2.627,0.557,8.85
-3.0,1.067,8.939
-5.682,0.916,7.924
-6.001,-1.17,6.515
-6.068,-0.179,6.97
-5.137,1.711,3.737
-7.704,-0.538,2.328
-9.561,-2.259,1.342
-10.286,3.098,0.177
-10.858,-5.723,-2.347
-11.889,-4.723,-2.199
-17.241,-9.812,-5.393
-17.99,-8.099,-4.079
-15.726,-8.812,-3.673
-14.906,-1.864,-10.927
-17.456,-17.136,-19.605
-11.963,-12.678,-17.509
-16.131,-29.524,-9.802
-12.157,-19.89,-19.882
-18.222,-13.15,-11.255
-11.91,-18.301,-11.082
-8.606,-13.729,-6.592
-4.78,-19.834,-12.482
2.938,-21.827,-11.415
7.817,-26.9,-9.999
-1.347,-23.904,-10.86
3.034,-28.493,2.266
-8.108,-18.566,4.103
8.424,-11.267,5.632
21.122,0.376,2.366
3.417,10.341,-0.361
0.433,-3.249,-1.742
5.264,-1.12,-9.269
-0.426,-23.854,-16.715
-10.523,-14.884,-7.254
-20.925,-0.962,-4.249
-14.286,12.389,-4.723
-21.725,1.488,-8.687
-22.684,-0.828,-19.734
-17.284,-1.871,-24.608
1.127,5.752,-10.747
-0.345,0.792,2.723
-1.931,-2.699,0.955
1.371,-3.527,-8.637
5.178,-0.66,-5.721
6.984,2.486,-5.441
6.824,2.658,-6.115
5.371,2.201,-5.302
3.467,-2.574,-6.398
5.728,-4.139,-5.998
6.307,-2.905,-8.317
3.711,-2.577,-11.147
0.62,-2.12,-11.207
-0.297,-3.718,-10.403
1.314,-3.486,-10.616
-0.335,-4.108,-10.932
-0.352,-3.0,-10.889
-1.945,-4.546,-11.221
-1.993,-4.677,-12.047
-4.134,-5.0,-11.635
-3.464,-2.744,-8.75
-2.467,-2.665,-9.556
-0.392,-1.515,-9.853
0.139,-3.531,-10.539
-0.335,-4.706,-10.444
-0.148,-5.725,-10.171
-0.742,-4.094,-10.721
-0.873,-3.68,-10.563
-1.354,-4.752,-10.073
-1.139,-5.563,-8.891
-0.66,-4.524,-8.63
-1.029,-4.352,-8.522
-1.517,-4.35,-8.723
-2.393,-6.254,-8.137
-0.768,-5.393,-9.101
-0.529,-4.859,-8.393
-1.519,-5.434,-8.125
-2.227,-6.438,-7.891
-2.125,-6.592,-8.522
-0.797,-5.623,-8.754
-0.431,-5.163,-8.558
-0.711,-6.139,-7.295
-1.622,-6.881,-7.577
-2.175,-6.52,-7.919
-1.625,-5.881,-8.632
-0.979,-5.773,-8.683
-0.727,-5.883,-8.36
-0.802,-5.936,-7.74
-1.055,-5.953,-7.766
-0.971,-6.895,-7.596
-1.735,-6.816,-7.453
-0.799,-6.005,-7.573
-0.811,-5.477,-7.75
-0.89,-6.077,-7.742
-1.407,-6.568,-7.436
-1.105,-6.556,-7.333
-0.682,-6.19,-7.594
-0.596,-6.063,-8.029
-0.447,-6.941,-7.675
-0.651,-6.852,-7.632
-1.132,-6.711,-7.797
-1.294,-6.728,-7.666
-0.931,-6.934,-7.953
-0.153,-6.802,-7.867
-0.469,-6.446,-7.912
-1.096,-6.099,-7.599
-0.876,-6.601,-7.75
-0.512,-7.192,-7.716
-0.043,-7.563,-7.936
-0.488,-6.886,-7.826
-0.627,-5.721,-6.979
-0.565,-6.649,-7.465
-0.215,-7.678,-7.592
-0.347,-6.788,-7.553
-0.543,-6.501,-7.608
-0.476,-6.247,-7.35
-0.029,-7.154,-7.096
-0.081,-6.802,-7.192
-0.297,-6.654,-7.443
-0.127,-6.498,-6.955
0.342,-7.247,-7.041
0.27,-7.348,-7.049
0.093,-6.68,-7.06
-0.105,-5.816,-7.068
-0.033,-6.166,-6.931
0.359,-6.879,-7.199
0.244,-6.548,-7.171
0.206,-6.474,-7.12
1.065,-6.276,-6.245
0.526,-6.788,-6.709
0.5,-6.065,-6.749
0.388,-6.8,-7.101
0.294,-7.139,-7.35
0.679,-7.238,-7.185
0.665,-6.742,-7.056
0.613,-6.654,-6.891
1.034,-6.783,-7.142
0.935,-6.702,-7.218
0.842,-6.852,-7.025
0.758,-6.876,-6.764
0.445,-6.738,-6.907
0.828,-6.632,-7.123
0.546,-6.912,-7.348
1.062,-6.41,-7.18
1.16,-6.639,-7.029
1.148,-7.235,-7.032
0.512,-6.986,-6.965
0.51,-6.716,-6.831
1.294,-6.56,-7.135
1.471,-6.515,-7.218
1.127,-6.907,-6.802
0.737,-7.077,-6.716
0.957,-7.092,-7.032
1.294,-6.714,-7.154
1.11,-6.68,-6.953
0.84,-6.592,-6.584
1.01,-6.97,-6.69
1.498,-7.668,-6.955
1.175,-7.855,-7.214
0.763,-7.486,-6.965
1.117,-6.879,-6.778
1.639,-7.082,-6.663
1.373,-7.118,-6.352
0.768,-7.448,-6.654
0.943,-8.302,-6.936
1.349,-7.695,-7.015
1.06,-7.01,-6.448
1.503,-6.802,-5.996
1.115,-7.8,-6.34
1.17,-7.604,-6.568
1.258,-7.584,-6.412
1.467,-7.637,-6.374
1.737,-7.635,-6.362
1.251,-7.63,-6.247
1.091,-7.601,-6.089
1.172,-8.159,-6.005
1.424,-7.584,-6.123
1.156,-7.314,-5.965
1.139,-7.398,-5.594
1.498,-7.919,-5.733
1.168,-7.656,-6.087
0.988,-7.424,-5.702
1.058,-7.604,-5.484
0.952,-7.891,-5.666
1.292,-7.625,-5.556
1.634,-7.718,-5.587
1.282,-7.8,-5.39
1.213,-8.111,-5.082
0.959,-8.494,-5.28
1.203,-7.776,-5.077
1.342,-7.661,-4.938
1.261,-8.242,-5.091
0.897,-8.807,-5.127
0.531,-8.733,-4.811
1.187,-8.441,-5.077
1.55,-8.369,-5.333
1.041,-9.321,-5.015
0.352,-9.027,-4.957
0.495,-8.369,-4.333
0.995,-8.446,-4.412
1.237,-8.604,-4.462
0.679,-9.061,-4.441
0.675,-8.891,-4.295
1.017,-9.092,-4.319
1.495,-9.101,-4.154
0.754,-8.695,-3.835
0.459,-8.922,-3.405
0.297,-9.247,-3.218
0.086,-9.582,-3.347
0.421,-9.463,-3.718
0.256,-9.271,-3.692
0.318,-9.085,-3.335
0.895,-9.202,-3.058
0.979,-9.518,-3.254
-0.062,-9.568,-3.35
-0.093,-9.338,-3.156
0.373,-9.393,-3.204
0.486,-9.74,-3.242
0.261,-8.965,-2.591
0.132,-8.491,-2.156
0.412,-8.783,-1.94
0.768,-9.731,-2.07
0.337,-10.372,-2.278
-0.199,-9.551,-2.495
-0.292,-8.345,-1.816
-0.048,-9.228,-1.806
0.878,-10.111,-1.864
0.364,-9.967,-1.61
-0.129,-9.501,-1.524
-0.246,-9.056,-0.955
0.316,-9.625,-1.232
0.297,-10.195,-1.359
0.215,-9.678,-0.904
-0.033,-9.099,-0.146
0.328,-9.345,-0.194
0.426,-9.92,-0.428
0.091,-9.685,-0.562
0.081,-9.034,-0.256
0.091,-9.19,0.134
0.4,-10.171,-0.16
0.036,-10.338,-0.261
0.086,-9.958,-0.328
0.301,-9.807,-0.232
0.62,-9.996,-0.335
0.201,-9.905,-0.11
0.203,-9.611,0.134
0.749,-9.685,0.629
0.902,-9.774,0.811
0.44,-10.111,0.947
0.074,-10.637,1.469
0.089,-9.463,1.448
0.546,-7.637,1.072
0.806,-6.994,1.014
0.294,-7.764,1.603
0.433,-7.884,1.976
0.919,-8.403,1.976
-0.048,-8.637,2.921
-1.093,-8.149,4.553
-0.95,-6.147,4.955
0.28,-5.091,5.156
-2.424,-2.876,3.189
-2.517,-5.73,4.027
-0.435,-7.943,2.716
-2.51,-10.367,3.596
-3.799,-11.118,4.098
-4.477,-7.709,4.867
-2.644,-7.735,3.792
-2.778,-9.235,6.35
-3.907,-2.981,3.28
-3.491,-4.022,1.507
-6.132,-5.379,0.675
-7.156,-2.725,1.546
-8.9,-2.283,3.311
-7.41,-7.618,3.804
-7.702,-9.817,0.206
-10.841,-2.629,8.788
-10.599,-5.639,7.494
-11.638,-12.946,0.158
-12.434,-10.3,0.098
-10.544,-7.333,-2.68
-13.083,-7.443,5.398
-10.972,-8.197,-0.78
-12.484,-10.755,1.488
-12.429,-12.937,5.824
-8.79,-12.037,-2.266
-8.592,-7.584,2.084
-10.59,-11.192,3.455
-8.463,-9.075,-1.452
-9.891,-11.755,-0.732
-11.03,-11.326,-1.098
-10.901,-8.254,-0.148
-10.458,-7.539,-1.28
-7.733,-7.51,-3.113
-8.077,-11.233,-3.036
-7.029,-9.58,-3.268
-5.771,-10.846,-2.426
-7.563,-11.487,-2.567
-7.706,-6.802,-1.443
-10.398,-5.62,-0.986
-9.113,-5.029,-1.601
-7.802,-6.934,-3.072
-7.943,-8.613,-3.316
-9.424,-8.104,-3.165
-7.762,-9.001,-4.369
-7.367,-8.173,-5.127
-8.252,-5.704,-5.19
-5.931,-5.766,-4.756
-5.39,-5.146,-5.245
-6.85,-5.288,-5.637
-5.725,-7.644,-5.295
-4.122,-7.778,-5.546
-3.704,-7.687,-5.137
-2.957,-7.649,-5.096
-2.945,-8.412,-5.118
-2.498,-9.276,-5.448
-2.247,-9.025,-5.819
-1.412,-8.69,-5.835
-0.897,-8.348,-5.034
-0.861,-8.943,-5.666
-0.462,-9.793,-5.233
0.201,-10.267,-5.374
0.337,-9.068,-4.469
1.854,-8.25,-4.52
1.285,-8.702,-4.584
2.462,-8.013,-4.223
2.988,-8.128,-4.9
4.07,-7.963,-5.888
4.237,-8.479,-5.235
4.833,-8.223,-5.292
5.046,-6.994,-4.369
4.723,-7.144,-2.371
5.503,-8.228,-1.038
5.3,-7.388,-0.543
5.591,-6.814,-1.409
5.261,-5.352,-1.151
6.666,-4.998,-1.73
6.922,-6.86,-1.591
6.357,-6.876,-1.974
7.486,-6.702,-1.854
7.436,-5.587,-0.691
7.527,-5.795,-0.096
6.522,-5.929,0.191
6.733,-4.735,-0.548
6.898,-4.893,-0.653
6.343,-6.266,-0.964
5.785,-7.077,-1.247
5.965,-6.816,-1.613
5.149,-6.924,-1.495
4.498,-8.027,-1.625
4.73,-8.013,-1.687
4.35,-6.326,-1.041
3.388,-6.52,-0.141
2.756,-7.984,0.459
2.543,-8.427,0.423
3.173,-7.735,0.902
3.012,-7.383,2.378
1.95,-6.982,2.826
1.658,-6.343,2.835
1.986,-6.651,2.771
2.572,-8.561,2.852
2.309,-9.463,3.055
1.895,-8.8,3.314
1.553,-8.898,3.273
1.452,-9.266,3.039
1.285,-9.348,3.472
1.656,-9.855,4.106
1.732,-9.802,4.522
1.833,-9.508,4.764
1.699,-9.307,4.91
1.763,-8.824,4.07
1.574,-8.345,3.304
1.211,-9.4,3.551
1.096,-8.738,4.319
0.945,-9.618,5.209
0.254,-8.994,4.56
0.904,-10.367,3.699
1.163,-9.032,3.077
1.718,-9.006,2.84
1.912,-10.384,2.405
1.593,-10.846,3.173
0.991,-8.496,4.046
1.026,-7.285,4.357
0.744,-8.446,3.541
0.285,-9.989,2.424
-0.065,-8.879,1.768
-0.007,-8.518,1.924
-0.203,-9.975,1.763
-1.658,-10.558,2.283
-2.548,-7.407,3.259
-1.625,-7.448,2.675
-1.292,-11.219,2.287
-1.663,-12.64,1.436
-2.062,-10.456,1.531
-1.17,-8.967,1.598
-0.512,-9.841,1.687
-1.017,-10.145,1.593
-1.448,-9.199,2.01
-1.519,-8.659,3.261
-2.402,-8.199,3.431
-2.895,-7.659,2.625
-2.83,-7.857,1.902
-2.524,-10.288,1.641
-3.486,-10.597,2.388
-3.898,-9.64,2.476
-4.477,-7.697,2.629
-1.794,-8.367,1.132
-0.519,-17.181,3.522
0.524,-20.945,1.835
1.206,-8.204,-0.529
1.72,-5.931,0.225
0.651,-7.293,0.502
-1.05,-8.412,1.189
-0.359,-8.836,2.67
-0.632,-11.822,3.792
-0.366,-11.714,3.84
0.084,-8.573,2.586
0.17,-8.23,1.785
-0.225,-8.558,1.538
-0.268,-10.633,1.938
-0.266,-12.697,2.33
0.067,-10.235,1.893
0.246,-8.546,1.692
-0.407,-8.565,2.103
-0.522,-9.178,2.704
-0.735,-11.262,3.366
-0.184,-10.408,2.751
0.452,-8.8,1.881
-0.234,-9.082,1.976
-0.701,-9.432,2.713
-0.718,-10.286,3.134
-0.416,-10.013,2.864
-0.261,-8.989,2.632
-0.335,-9.109,2.747
-0.364,-10.2,3.163
-0.345,-9.843,3.034
-0.055,-9.491,2.988
-0.325,-9.121,2.945
-0.562,-9.247,3.132
-0.586,-9.604,3.309
-0.522,-9.7,3.118
-0.167,-9.274,2.948
-0.435,-9.233,3.182
-0.653,-10.293,2.55
-0.823,-10.233,2.029
-0.658,-9.726,2.472
-0.55,-9.113,3.196
-0.342,-9.671,3.338
-1.029,-9.324,3.206
-0.711,-9.778,2.964
-0.785,-9.63,2.785
-0.467,-9.109,3.005
-0.646,-9.795,3.486
-0.924,-9.929,3.101
-0.773,-9.542,2.766
-0.813,-9.377,2.735
-0.653,-8.855,3.151
-1.041,-9.499,3.577
-1.005,-10.19,3.065
-0.883,-9.853,2.936
-0.514,-9.455,3.307
-0.763,-10.209,3.508
-0.964,-10.245,3.108
-1.022,-8.977,3.005
-1.433,-8.125,3.149
-1.593,-7.974,3.51
-1.845,-9.274,3.63
-1.538,-9.711,3.395
-1.125,-9.422,3.225
-1.026,-9.558,3.223
-1.309,-9.601,3.098
-1.546,-9.731,3.242
-1.428,-9.654,3.177
-1.146,-9.525,3.503
-1.201,-8.886,3.642
-1.424,-8.781,3.725
-1.467,-9.204,3.381
-1.436,-9.391,2.986
-1.452,-9.269,3.036
-1.467,-9.628,3.342
-1.376,-9.826,3.319
-1.182,-9.46,3.12
-1.345,-8.884,3.371
-1.464,-9.161,3.452
-1.507,-9.269,3.249
-1.392,-9.18,3.098
-1.412,-9.147,3.094
-1.826,-8.972,3.409
-0.519,-9.92,3.055
-1.675,-10.056,2.914
-0.029,-10.068,2.038
-1.058,-10.204,2.438
-0.823,-9.53,2.969
-1.036,-8.848,3.161
-1.196,-9.453,2.792
0.012,-9.788,3.862
-0.95,-10.75,3.153
-0.089,-9.499,2.5
-0.684,-10.02,2.316
-0.438,-9.647,2.407
-0.479,-9.958,2.34
-0.256,-10.109,2.29
-0.081,-9.597,2.247
-0.648,-8.977,2.814
-0.804,-9.264,3.034
-0.572,-9.542,2.725
-0.646,-9.659,2.364
-0.445,-9.774,2.553
-0.002,-10.133,2.062
-0.581,-10.223,2.12
-0.543,-9.939,2.227
-0.445,-9.819,2.342
-0.132,-9.69,2.082
-0.526,-9.357,2.701
-0.167,-9.097,2.826
-0.347,-9.664,2.108
-0.455,-10.298,1.742
0.0,-10.329,1.68
0.048,-9.798,2.225
0.086,-9.759,2.321
0.282,-9.537,2.084
-0.345,-9.491,2.199
-0.146,-10.188,2.003
-0.017,-9.941,1.873
0.096,-9.75,1.89
-0.045,-10.058,1.864
-0.038,-9.924,1.979
0.086,-9.446,2.417
0.172,-9.307,2.565
0.156,-9.527,2.177
0.093,-9.977,2.062
0.041,-10.049,1.912
-0.024,-9.577,1.857
-0.165,-9.661,1.457
-0.017,-9.678,1.481
0.112,-10.628,1.854
0.026,-10.197,1.68
-0.031,-9.195,1.412
-0.067,-9.496,0.986
0.156,-11.432,0.67
0.278,-10.178,2.522
0.529,-10.197,1.773
-0.325,-9.317,0.883
-1.242,-9.826,2.022
0.218,-8.807,2.354
-0.895,-8.745,3.017
-0.38,-9.728,2.218
0.112,-10.518,1.541
-0.098,-10.692,1.254
-0.292,-10.003,1.782
-0.153,-9.491,2.07
0.055,-9.525,2.141
0.182,-10.424,1.818
-1.036,-9.769,2.16
-0.837,-9.233,2.22
0.993,-8.869,2.151
1.067,-9.932,1.658
-0.419,-10.917,2.058
0.256,-10.08,2.172
0.048,-8.922,1.948
-0.031,-9.793,1.529
-0.05,-10.279,1.67
0.17,-10.178,2.256
0.211,-9.379,2.285
0.196,-9.348,2.084
0.108,-9.917,1.842
0.294,-9.855,2.125
0.304,-9.69,2.134
0.108,-9.652,2.108
0.098,-9.86,2.175
0.409,-9.69,2.16
0.175,-9.575,2.223
-0.057,-9.649,1.634
-0.256,-10.338,1.625
0.242,-10.133,1.811
0.318,-9.616,2.0
0.074,-9.692,2.022
0.024,-9.912,1.914
0.165,-9.513,1.584
0.177,-9.587,1.687
-0.038,-10.274,1.747
-0.124,-10.235,1.5
-0.019,-9.956,1.45
0.22,-9.68,1.682
0.167,-9.625,1.692
-0.11,-10.156,1.756
-0.06,-10.47,1.656
0.144,-9.755,1.933
0.294,-9.025,2.204
0.177,-9.125,2.146
-0.1,-10.219,1.876
-0.141,-10.707,1.682
-0.084,-9.649,1.491
0.055,-9.286,1.629
-0.141,-9.848,1.866
-0.014,-10.202,1.998
0.261,-9.817,1.993
0.371,-9.465,1.9
0.086,-10.003,1.964
-0.022,-10.003,1.988
0.318,-9.42,2.259
0.22,-9.202,2.393
-0.057,-9.991,2.012
-0.156,-10.587,1.778
0.27,-9.637,1.79
0.414,-9.343,2.005
-0.356,-10.269,1.771
-0.361,-10.671,1.847
0.526,-9.176,2.122
0.426,-9.329,2.089
0.287,-10.415,1.782
0.278,-10.288,2.125
0.163,-9.599,2.472
-0.074,-9.147,2.495
0.158,-9.25,2.263
0.522,-10.24,1.988
0.323,-10.566,1.809
0.237,-10.185,1.668
0.311,-9.374,2.316
0.321,-8.989,2.924
0.524,-8.893,3.268
0.481,-9.475,3.22
0.278,-9.513,2.483
0.177,-9.726,2.39
0.543,-9.824,2.558
0.536,-9.872,2.634
0.524,-9.601,2.608
0.522,-9.436,2.467
0.529,-9.422,2.488
0.297,-10.054,2.486
0.127,-9.731,2.314
0.349,-9.575,2.436
0.562,-9.654,2.524
0.371,-9.453,2.89
0.342,-9.14,2.917
0.139,-9.192,2.818
0.335,-9.606,2.464
0.502,-9.757,2.357
0.129,-9.793,2.366
0.048,-9.817,2.101
0.371,-9.9,1.768
0.031,-10.396,1.794
-0.086,-10.02,1.895
0.345,-9.836,2.007
0.002,-9.711,2.012
0.275,-9.338,2.077
0.51,-9.582,1.995
0.287,-10.255,1.792
-0.01,-10.197,1.684
0.029,-9.63,1.553
0.144,-9.592,1.737
0.163,-9.893,1.811
0.373,-10.42,1.089
0.203,-9.647,1.541
0.347,-9.434,1.574
-0.112,-10.006,1.761
0.029,-10.121,1.57
0.007,-9.704,1.457
0.148,-9.848,1.378
0.16,-9.788,1.285
0.136,-10.223,1.314
0.402,-10.338,1.342
0.196,-9.477,1.419
0.359,-9.805,1.627
0.12,-9.91,1.632
0.373,-9.743,1.117
-0.103,-9.788,1.481
0.057,-10.003,1.325
0.031,-10.176,1.22
0.254,-10.398,1.242
0.282,-9.604,1.225
0.029,-9.659,1.565
0.244,-10.183,1.67
0.4,-9.759,1.715
0.328,-9.384,1.601
0.294,-9.68,1.725
0.311,-10.142,1.809
0.311,-10.118,1.639
0.077,-9.649,1.859
0.29,-9.446,2.137
0.306,-9.623,2.031
0.457,-10.063,1.78
0.464,-9.479,1.706
0.414,-9.537,1.548
0.22,-10.788,1.567
0.273,-10.003,1.816
0.306,-9.156,1.991
0.44,-9.482,1.754
0.658,-10.549,1.467
-0.019,-10.212,1.756
0.345,-9.281,2.024
0.187,-9.616,2.184
0.634,-9.673,1.974
0.426,-9.946,1.847
0.438,-9.903,1.869
0.237,-9.604,1.859
0.328,-9.683,1.814
0.608,-9.924,1.936
0.388,-10.183,1.995
0.294,-9.783,1.785
0.242,-9.506,1.675
0.373,-9.75,1.866
0.634,-9.903,2.127
0.388,-9.58,2.062
0.227,-9.613,1.83
0.514,-9.948,1.522
0.696,-9.527,1.725
0.754,-9.427,1.797
-0.278,-9.793,1.847
0.196,-10.197,1.579
0.498,-9.979,1.438
0.725,-10.015,1.474
0.223,-9.812,1.615
-0.11,-9.63,1.653
0.103,-10.178,1.625
1.381,-9.671,1.402
0.306,-9.671,1.598
0.292,-9.685,1.689
0.251,-9.781,1.845
0.177,-9.85,1.833
0.493,-9.625,1.713
0.371,-9.836,1.684
0.349,-9.857,1.598
0.134,-10.015,1.692
0.321,-9.577,1.859
0.455,-9.778,1.826
0.397,-9.912,1.715
0.301,-9.79,1.72
0.364,-9.798,1.593
0.251,-9.927,1.804
0.359,-9.546,1.895
0.316,-9.654,1.804
0.359,-10.027,1.402
0.258,-10.176,1.464
0.392,-9.637,1.572
0.361,-9.726,1.845
0.141,-9.68,1.799
0.254,-9.984,1.555
0.356,-9.884,1.452
0.335,-9.896,1.581
0.234,-10.322,1.534
0.077,-9.951,1.471
0.263,-9.408,1.773
0.211,-9.759,1.665
0.328,-10.231,1.62
0.447,-9.709,1.708
0.177,-9.721,1.548
0.017,-9.819,1.598
0.371,-9.855,1.436
0.495,-10.164,1.4
0.151,-10.08,1.62
-0.002,-9.843,1.486
0.074,-9.8,1.627
0.423,-9.788,1.651
0.548,-9.716,1.605
0.481,-9.822,1.744
-0.091,-9.965,1.455
0.34,-9.922,1.381
0.256,-10.006,1.584
0.373,-9.577,1.639
0.278,-9.635,1.601
0.022,-9.951,1.471
0.297,-9.877,1.378
0.44,-10.147,1.548
0.069,-9.967,1.663
0.038,-9.453,1.589
0.232,-9.982,1.491
0.33,-10.271,1.404
0.275,-9.747,1.5
0.17,-9.625,1.57
0.096,-9.886,1.567
0.325,-10.142,1.577
0.287,-9.805,1.524
0.146,-9.592,1.615
0.218,-9.833,1.72
0.361,-9.857,1.634
0.297,-9.707,1.333
0.033,-10.104,1.505
0.287,-9.838,1.555
0.407,-9.934,1.445
0.136,-9.91,1.311
0.069,-10.082,1.299
0.232,-10.111,1.361
0.378,-9.778,1.412
0.132,-9.81,1.711
0.423,-9.604,1.66
0.022,-9.719,1.581
0.44,-10.049,1.292
0.179,-9.879,1.474
0.316,-9.793,1.397
0.069,-10.008,1.335
0.122,-9.936,1.249
0.459,-10.188,1.366
0.447,-9.908,1.503
0.194,-9.642,1.603
0.036,-9.831,1.443
0.373,-9.795,1.416
0.534,-9.601,1.603
0.361,-9.912,1.555
0.263,-10.051,1.448
0.309,-9.81,1.316
0.356,-9.977,1.325
0.115,-10.034,1.517
0.167,-9.778,1.622
0.4,-9.778,1.349
0.356,-10.436,1.258
0.187,-10.503,1.335
-0.062,-9.343,1.653
0.474,-9.171,2.189
-0.488,-9.369,2.18
0.61,-9.805,1.529
0.407,-10.269,1.27
0.01,-10.398,1.426
0.134,-9.616,1.938
0.328,-9.345,2.029
0.33,-9.515,1.706
0.055,-10.135,1.479
0.208,-10.075,1.581
0.275,-9.597,1.826
0.275,-9.635,1.849
0.242,-9.853,1.596
0.074,-10.171,1.309
-0.041,-10.245,1.182
0.156,-10.085,1.421
0.208,-9.563,1.684
0.328,-9.355,1.706
0.213,-9.891,1.572
0.225,-10.166,1.471
0.151,-9.965,1.428
0.022,-9.9,1.34
-0.007,-10.125,1.263
0.495,-9.917,1.515
-0.179,-10.037,1.23
0.108,-9.731,1.56
0.359,-10.176,1.053
0.519,-11.037,1.402
0.194,-9.889,1.589
0.486,-9.07,2.015
0.105,-10.185,2.137
-0.237,-11.437,1.766
0.323,-9.975,1.507
1.912,-9.496,2.223
0.481,-8.809,2.338
0.33,-8.809,2.596
0.553,-9.415,2.907
1.302,-9.379,3.378
1.242,-9.841,3.321
1.771,-10.683,2.237
1.615,-9.865,2.498
1.117,-8.498,3.61
1.302,-7.565,4.601
0.677,-8.379,4.694
1.302,-8.403,4.637
1.806,-9.171,4.333
0.921,-9.286,4.474
1.194,-8.652,4.268
1.854,-9.065,4.273
1.981,-8.707,4.486
1.457,-8.386,4.864
1.239,-8.398,4.673
1.249,-7.805,4.9
1.304,-7.936,4.795
1.914,-8.587,4.534
2.074,-8.707,4.788
2.44,-10.336,4.276
1.84,-9.245,4.008
1.584,-8.955,4.01
0.9,-8.137,4.804
2.172,-8.599,4.589
1.328,-8.374,4.589
1.68,-9.058,4.091
1.512,-8.68,4.106
1.019,-9.501,4.118
1.383,-10.101,4.201
1.675,-8.857,3.778
1.122,-8.513,4.189
1.235,-8.881,4.299
1.823,-9.321,4.024
0.926,-8.364,4.783
0.902,-8.393,5.051
1.0,-8.271,4.857
1.261,-8.625,4.811
1.249,-8.951,4.845
1.172,-8.931,4.567
1.019,-8.652,4.539
0.88,-8.568,4.922
1.072,-8.951,5.094
1.218,-9.042,4.869
1.153,-8.704,4.68
1.024,-8.355,4.907
0.983,-8.372,4.996
1.208,-8.652,4.981
1.78,-9.051,4.718
1.529,-8.544,4.654
1.445,-8.75,4.735
1.471,-8.742,4.855
1.294,-8.494,4.852
1.357,-8.731,4.867
1.505,-8.8,4.622
1.519,-8.867,4.575
1.306,-8.451,4.658
1.414,-8.888,4.888
1.615,-8.52,4.85
1.412,-8.697,4.773
1.381,-8.561,4.735
1.462,-8.568,4.857
1.574,-8.898,4.957
1.692,-8.795,4.881
1.548,-8.498,4.735
1.581,-8.269,4.749
1.598,-8.494,4.919
1.625,-8.666,4.972
1.555,-8.807,4.941
1.443,-8.551,4.986
1.56,-8.403,4.898
1.481,-8.458,5.022
1.517,-8.424,5.197
1.4,-8.207,5.23
1.67,-8.24,5.056
1.727,-8.515,4.998
1.656,-8.709,5.099
1.586,-8.616,5.034
1.388,-8.608,5.111
1.457,-8.585,5.18
1.689,-8.422,5.166
1.78,-8.195,5.029
1.668,-8.41,5.046
1.723,-8.611,5.084
1.581,-8.501,5.065
1.469,-8.295,5.056
1.658,-8.503,5.151
1.629,-8.845,5.041
1.383,-8.606,5.113
1.34,-8.288,5.144
1.479,-8.427,5.285
1.44,-8.307,5.412
1.656,-8.125,5.285
1.591,-8.149,5.111
1.577,-8.374,5.036
1.581,-8.601,5.091
1.684,-8.711,5.048
1.486,-8.62,5.285
1.357,-8.441,5.235
1.39,-8.317,5.156
1.388,-8.35,5.185
1.589,-8.436,5.178
1.79,-8.187,5.039
1.515,-8.36,5.273
1.314,-8.496,5.35
1.258,-8.3,5.276
1.256,-8.183,5.345
1.275,-8.309,5.371
1.239,-8.271,5.436
1.464,-8.443,5.438
1.335,-8.288,5.182
1.299,-8.271,5.175
1.388,-8.36,5.321
1.125,-8.341,5.41
1.325,-8.309,5.259
1.194,-8.307,5.347
0.993,-8.25,5.462
1.254,-8.613,5.235
1.385,-8.625,5.082
1.376,-8.807,5.321
1.306,-8.845,5.407
1.574,-8.656,4.953
1.541,-8.642,5.005
1.208,-8.424,5.115
1.062,-8.494,5.247
0.993,-8.47,5.008
1.304,-8.798,4.67
1.156,-9.073,4.84
1.139,-9.08,5.17
0.849,-8.608,5.029
0.684,-8.405,5.527
0.352,-8.027,5.874
0.928,-7.912,6.029
1.11,-7.64,6.048
1.424,-7.635,5.876
1.706,-7.733,5.505
1.778,-7.903,5.735
1.464,-8.085,5.888
0.782,-8.01,5.922
0.469,-7.979,5.843
0.773,-8.166,5.785
0.828,-7.948,5.678
1.139,-8.369,5.651
1.12,-8.264,5.852
1.184,-8.178,5.948
1.177,-8.034,5.828
1.18,-7.74,5.991
1.156,-7.812,6.257
1.354,-7.948,6.058
1.227,-7.884,5.991
1.041,-7.735,6.051
0.859,-7.807,6.448
1.022,-7.807,6.297
1.165,-7.668,5.943
1.101,-7.709,6.118
1.168,-7.668,6.345
1.258,-7.673,6.388
1.196,-7.422,6.252
1.44,-7.63,6.058
1.467,-7.793,6.204
1.44,-7.977,6.185
1.263,-7.857,6.08
1.06,-7.814,6.077
1.206,-7.824,6.24
1.302,-7.91,6.17
1.285,-7.953,6.02
1.325,-7.74,6.01
1.282,-7.867,6.23
1.172,-7.814,6.257
0.902,-8.551,6.235
-1.445,-13.642,10.142
-2.328,-15.018,13.669
2.213,-1.266,7.996
1.68,-6.706,5.644
1.464,-7.776,6.185
1.373,-7.522,6.173
1.371,-7.697,6.283
1.369,-7.702,6.249
1.404,-7.613,6.072
1.44,-7.723,6.077
1.438,-7.84,6.149
1.29,-7.912,6.089
1.17,-7.759,6.118
1.16,-7.649,6.233
1.237,-7.821,6.211
1.261,-8.085,6.225
1.141,-7.735,6.209
1.847,-7.077,6.245
1.342,-7.558,6.295
1.034,-7.604,6.206
0.842,-7.773,6.163
0.787,-8.111,6.025
1.158,-8.152,6.182
1.349,-8.333,6.022
1.17,-7.965,6.247
0.636,-7.376,6.137
0.232,-7.534,6.343
0.565,-7.74,6.453
0.524,-8.046,6.075
7.738,-3.577,-3.46
-2.73,-9.621,6.029
-2.495,-8.769,6.931
2.23,-8.604,5.515
-0.333,-8.247,6.025
0.49,-7.525,6.194
-0.268,-7.563,6.453
0.115,-7.891,6.156
-0.055,-8.046,6.075
0.562,-7.809,6.242
0.445,-7.874,6.209
0.165,-8.14,6.18
0.409,-7.745,5.984
0.167,-7.659,6.199
0.026,-7.728,6.278
0.184,-7.881,6.17
0.203,-8.044,6.12
0.28,-7.833,6.034
-0.191,-7.546,5.328
-0.38,-8.096,6.02
0.555,-8.207,6.383
0.562,-8.46,6.075
-0.682,-8.039,5.594
0.39,-8.379,5.57
-0.014,-8.01,5.898
0.06,-7.984,6.06
0.124,-7.62,5.946
0.041,-7.843,5.84
0.11,-8.288,5.694
0.108,-8.443,5.615
0.538,-7.565,5.524
0.062,-8.094,5.199
0.191,-8.733,4.843
-0.665,-9.374,5.079
-0.639,-9.836,4.941
-0.026,-8.738,5.024
-0.081,-8.829,4.728
-0.115,-8.867,4.826
-0.201,-9.058,4.862
0.007,-8.458,4.838
-0.225,-8.496,4.955
0.292,-8.62,4.831
0.105,-8.711,4.642
-0.213,-8.833,4.575
0.239,-8.731,4.402
-0.292,-10.276,4.008
0.017,-9.625,4.357
-0.098,-8.613,4.374
-0.144,-8.92,4.187
-0.139,-9.24,4.055
-0.132,-9.42,4.137
0.017,-9.037,4.232
0.022,-8.958,4.271
0.019,-9.109,4.103
-0.211,-9.336,3.945
-0.158,-9.135,4.185
-0.16,-8.876,4.211
-0.05,-9.025,4.048
0.005,-9.448,3.9
0.0,-9.484,4.012
-0.136,-9.101,4.244
-0.144,-8.788,4.156
-0.077,-9.097,4.06
-0.103,-9.463,3.981
-0.117,-9.288,3.979
-0.036,-8.982,4.103
-0.067,-9.08,4.113
-0.124,-9.173,4.182
-0.268,-8.754,3.742
-0.227,-9.549,3.692
0.244,-9.429,2.924
1.5,-9.613,2.684
0.668,-9.893,3.328
-0.261,-10.59,3.591
0.529,-9.276,3.407
-0.306,-9.458,4.008
-0.081,-8.226,4.091
-0.639,-8.714,4.008
-0.459,-9.53,3.728
-0.117,-9.475,3.139
0.048,-9.903,3.711
0.749,-10.015,3.929
-1.285,-9.822,3.589
0.416,-9.317,4.154
-0.464,-8.723,4.249
-0.299,-8.391,4.412
0.761,-8.522,4.493
-0.376,-9.142,4.503
-0.749,-8.209,4.465
0.323,-8.077,4.548
-0.385,-8.288,4.618
-0.103,-9.046,5.276
-0.5,-8.532,4.941
-2.055,-8.238,4.692
0.263,-9.451,3.941
0.991,-11.439,2.553
-0.483,-9.934,2.756
-0.837,-9.185,3.479
2.457,-9.14,3.642
0.459,-9.326,3.833
-0.871,-9.81,3.685
-0.416,-9.245,3.598
-0.077,-9.054,3.78
-0.096,-9.353,3.804
-0.194,-9.326,3.553
-0.232,-9.333,3.67
-0.187,-9.381,3.732
-0.098,-9.29,3.725
-0.201,-9.185,3.852
-0.232,-9.123,3.953
-0.1,-9.144,3.792
-0.124,-9.501,3.644
-0.273,-9.57,3.503
-0.225,-9.266,3.665
-0.184,-9.176,3.874
-0.139,-9.123,3.871
-0.148,-9.13,3.723
0.206,-10.145,3.902
-0.486,-7.982,3.326
-0.084,-8.671,3.74
-0.172,-9.767,3.838
-0.268,-9.513,3.716
-0.285,-9.798,3.579
-0.01,-9.934,3.299
0.022,-9.534,3.539
-0.531,-10.178,3.84
-0.203,-9.173,3.819
-0.261,-8.759,3.852
0.251,-9.377,4.087
0.287,-7.527,4.154
-0.553,-10.563,3.886
0.608,-8.867,3.929
-0.486,-8.35,4.211
-0.471,-9.439,4.24
-1.481,-9.771,5.123
1.342,-5.778,3.412
0.572,-3.046,7.24
0.246,-6.924,4.261
-0.761,-8.228,5.221
-0.634,-7.029,5.914
0.091,-7.278,5.256
-0.658,-9.168,4.429
-0.835,-10.123,5.022
0.244,-9.85,4.811
-1.196,-7.687,5.675
-0.55,-7.836,5.532
-1.357,-7.608,5.824
-0.885,-7.57,5.981
-0.469,-8.754,5.826
-0.969,-7.872,5.733
-0.61,-8.094,5.508
-0.469,-8.185,5.838
-0.407,-8.171,5.632
-0.615,-8.472,5.146
-0.28,-8.611,5.245
-0.249,-9.776,4.656
-0.062,-8.185,5.575
-0.256,-8.159,5.412
-0.423,-8.192,5.158
0.44,-8.941,5.077
0.189,-9.558,4.874
-0.103,-8.207,5.07
-0.007,-8.666,5.18
-1.553,-7.879,5.661
0.007,-8.388,5.288
-0.053,-7.73,5.352
-0.986,-10.922,4.627
-1.136,-8.869,5.039
1.153,-4.981,6.383
-0.12,-8.845,5.323
-0.431,-8.721,5.204
-0.199,-8.872,5.292
-0.258,-8.675,5.544
-0.136,-7.936,5.788
-0.22,-8.056,5.374
-0.352,-8.565,5.316
-0.187,-8.558,5.426
-0.153,-8.527,5.35
-0.237,-8.408,5.323
-0.258,-8.458,5.424
-0.144,-8.429,5.489
-0.112,-8.482,5.35
-0.301,-8.142,5.266
-0.191,-8.558,5.388
-0.096,-8.556,5.577
-0.263,-8.166,5.321
-0.395,-8.185,5.51
-0.218,-8.58,5.273
-0.234,-8.568,5.429
-0.091,-8.341,5.493
-0.263,-8.147,5.584
-0.385,-8.274,5.513
0.129,-9.245,4.967
-0.297,-8.343,5.407
-0.33,-7.833,5.56
-0.356,-8.049,5.393
0.033,-8.436,5.45
-0.026,-9.441,4.991
-0.313,-8.23,5.261
-0.144,-8.63,5.197
-0.892,-9.714,5.06
-0.565,-8.443,5.522
0.392,-6.565,5.534
0.208,-9.089,4.795
-0.459,-8.972,5.087
-0.321,-8.58,5.455
-0.002,-8.264,5.539
-0.256,-7.86,5.651
-0.177,-8.4,5.254
-0.328,-8.8,5.247
-0.28,-8.506,5.462
-0.036,-8.329,5.486
-0.199,-8.429,5.347
-0.404,-8.685,5.228
-0.349,-8.508,5.302
-0.256,-8.453,5.52
-0.156,-8.333,5.508
-0.356,-8.376,5.314
-0.275,-8.525,5.288
-0.27,-8.625,5.347
-0.27,-8.367,5.503
-0.244,-8.357,5.508
-0.031,-8.522,5.307
-0.342,-8.556,5.338
-0.419,-8.367,5.508
-0.208,-8.343,5.529
-0.098,-8.441,5.371
-0.28,-8.376,5.328
-0.27,-8.52,5.455
-0.29,-8.352,5.644
-0.304,-8.321,5.264
-0.175,-8.331,5.472
-0.191,-8.563,5.34
-0.165,-8.415,5.41
-0.029,-8.486,5.395
-0.05,-8.434,5.407
-0.392,-7.819,5.919
-0.584,-8.281,5.099
-1.981,-9.977,4.869
0.402,-10.434,4.235
0.27,-9.099,5.611
0.311,-5.713,6.168
-0.852,-8.297,5.402
-0.634,-8.893,5.173
-0.337,-8.013,5.039
0.055,-8.604,5.111
0.055,-9.152,5.127
-0.347,-8.661,5.625
-0.373,-7.939,5.228
-0.254,-8.79,4.728
-0.074,-9.192,4.91
-0.445,-8.362,5.852
-0.572,-7.541,5.625
-0.141,-8.357,4.929
-0.136,-9.128,4.321
-0.163,-8.893,5.154
0.146,-8.333,5.084
0.041,-8.027,5.256
-0.151,-8.805,4.675
-0.117,-8.936,4.852
-0.627,-8.458,5.565
-0.213,-8.259,5.005
-0.019,-8.429,4.871
-0.072,-8.927,4.792
0.096,-9.781,4.862
-0.227,-8.288,5.357
-0.928,-8.958,4.639
0.045,-8.781,4.677
-0.23,-8.8,5.101
0.196,-8.451,4.843
-0.445,-8.652,4.74
-0.29,-9.197,4.728
-0.084,-8.69,5.017
-0.22,-8.271,5.527
-0.177,-8.161,5.29
-0.366,-8.745,4.718
-0.316,-8.996,4.709
-0.048,-8.793,5.134
-0.134,-8.606,5.23
-0.237,-8.527,4.883
-0.266,-8.865,4.797
-0.146,-8.917,4.938
-0.132,-8.652,5.223
-0.299,-8.515,5.084
-0.227,-8.522,5.032
-0.223,-8.802,4.948
-0.141,-8.58,5.13
-0.156,-8.53,5.252
-0.139,-8.656,5.137
-0.254,-8.544,5.075
-0.16,-8.738,5.041
-0.237,-8.644,5.168
-0.199,-8.532,5.192
-0.151,-8.592,5.206
-0.156,-8.664,5.099
-0.313,-8.58,5.201
-0.141,-8.585,5.206
-0.151,-8.757,5.106
-0.179,-8.79,4.871
-0.189,-8.46,5.123
-0.292,-8.36,5.407
-0.234,-8.518,5.268
-0.041,-8.719,5.089
-0.022,-8.805,4.967
-0.352,-8.561,5.201
-0.325,-8.343,5.331
-0.129,-8.455,5.254
-0.093,-8.747,5.041
-0.261,-8.709,5.106
-0.325,-8.216,5.35
-0.227,-8.333,5.28
-0.048,-8.625,5.003
0.112,-9.152,4.938
-0.211,-8.475,5.17
-0.163,-8.049,5.357
-0.888,-10.403,4.907
-0.373,-8.845,5.716
2.73,-8.427,3.371
-0.524,-8.776,4.689
0.029,-8.494,5.115
-0.333,-8.458,5.276
-0.213,-7.843,5.405
-0.249,-8.185,5.23
-0.077,-8.348,5.218
3.56,-6.749,2.46
-1.235,-10.164,5.19
1.01,-7.793,4.374
-0.1,-8.599,5.113
-0.165,-8.51,5.103
-0.526,-8.238,5.453
0.12,-8.168,5.175
0.112,-8.41,5.197
-1.18,-9.24,4.668
-0.567,-8.8,5.254
0.593,-7.393,4.548
0.041,-8.888,4.713
-0.304,-8.92,4.996
-0.481,-8.4,5.536
0.203,-7.745,5.204
1.591,-6.266,3.228
-0.818,-9.374,5.45
-1.034,-9.245,5.338
0.268,-8.082,5.017
0.055,-8.905,4.766
-0.598,-9.254,4.898
-0.325,-7.51,5.618
-0.033,-8.046,5.434
0.115,-7.613,4.266
-0.723,-9.728,4.867
-0.529,-7.905,4.551
0.591,-8.606,5.051
-0.469,-8.664,5.134
-0.727,-8.453,5.201
0.11,-8.228,5.063
-0.067,-8.412,5.28
-1.038,-10.422,5.821
-0.153,-8.857,5.302
0.084,-8.207,4.895
-0.136,-9.336,4.448
-0.622,-8.91,4.967
0.048,-8.405,5.149
0.208,-8.111,4.374
-1.192,-9.783,5.204
-0.048,-8.769,5.615
0.699,-7.08,4.622
0.072,-9.046,4.182
-0.428,-9.348,4.735
-0.292,-8.197,5.355
0.182,-7.927,5.438
-0.388,-8.352,5.127
-1.311,-10.477,6.001
-0.945,-9.077,5.527
0.524,-8.187,4.8
-0.098,-9.013,4.838
-0.639,-9.147,4.95
0.069,-8.14,5.027
0.005,-8.443,4.929
-1.622,-9.936,5.254
-0.266,-9.02,5.589
-0.313,-7.656,4.539
0.261,-9.166,4.381
-0.546,-8.702,5.005
-0.206,-8.742,5.158
0.309,-8.247,5.01
-0.165,-8.465,5.046
-2.637,-10.302,6.462
-0.4,-8.656,5.524
0.371,-7.876,4.907
0.589,-9.659,4.395
-0.419,-8.79,5.005
-0.498,-8.441,5.213
-0.148,-8.001,4.828
-0.517,-8.687,5.144
-0.986,-10.432,5.532
0.177,-8.068,5.158
0.124,-8.769,4.498
-0.488,-8.795,4.893
-0.301,-8.795,4.912
0.074,-8.357,5.151
-0.223,-8.479,5.127
1.771,-5.969,1.849
-1.297,-9.195,4.436
0.857,-8.573,4.914
0.081,-9.008,5.381
-0.423,-8.79,4.912
-0.629,-8.628,5.015
-0.036,-8.015,4.9
-0.005,-8.57,5.024
-0.782,-10.594,5.039
-0.694,-8.675,4.948
-0.038,-8.91,4.455
-0.347,-9.044,4.989
-0.359,-8.766,5.084
-0.273,-7.838,5.029
-0.053,-8.333,4.706
-1.515,-10.977,6.367
-0.727,-8.793,5.39
0.869,-8.498,4.697
0.129,-9.14,4.62
-0.62,-8.936,4.843
-0.56,-8.403,5.225
0.012,-8.242,5.07
-0.211,-8.778,4.713
-0.349,-9.826,3.945
-0.45,-8.848,4.749
0.012,-8.096,5.029
-0.189,-8.798,4.876
-0.438,-9.092,4.938
-0.507,-8.36,5.072
-0.196,-8.362,5.139
-1.579,-8.836,6.632
-0.254,-9.144,4.615
-0.318,-8.867,4.828
-0.199,-8.546,5.185
-0.191,-8.518,5.046
-0.385,-8.738,4.811
-0.421,-8.874,5.008
-0.184,-8.654,5.01
-0.141,-8.668,5.039
-0.234,-8.9,4.718
-0.356,-8.747,4.917
-0.249,-8.534,5.113
-0.024,-8.422,5.02
-0.053,-8.898,4.857
-0.215,-8.931,4.512
-0.232,-8.829,4.831
-0.258,-8.597,4.993
-0.16,-8.518,4.993
-0.041,-8.862,4.9
-0.223,-8.781,4.938
-0.213,-8.702,4.938
-0.404,-8.549,4.981
-0.148,-8.62,4.91
-0.077,-9.025,4.637
-0.211,-8.915,4.752
-0.086,-8.809,4.945
-0.371,-8.666,4.828
-0.328,-8.783,4.768
-0.237,-8.709,4.938
-0.213,-8.75,5.084
