0.029,-8.367,5.398
-0.754,-8.369,5.611
-1.512,-8.166,5.855
-0.407,-7.967,5.551
-0.086,-8.065,5.484
-0.608,-8.269,5.613
-1.524,-8.171,5.424
-0.857,-8.726,5.895
-1.44,-8.458,5.847
-1.12,-8.302,5.766
-1.433,-7.75,5.709
-1.122,-8.422,5.582
-1.029,-8.831,5.658
-1.258,-8.341,5.62
-1.103,-7.73,5.661
-0.237,-7.709,5.606
-1.168,-8.719,5.501
-0.825,-7.931,5.905
-1.247,-7.568,5.644
-1.134,-8.214,5.479
-1.68,-8.898,5.254
-0.761,-7.888,5.35
-1.476,-8.874,5.491
-1.168,-8.747,5.376
-1.299,-8.771,5.369
-1.964,-8.029,5.608
-1.833,-7.427,6.001
-1.45,-9.262,5.735
-3.098,-9.254,5.991
-0.225,-8.341,5.498
-1.05,-8.015,5.553
-1.404,-8.64,5.369
-1.471,-7.967,5.359
-1.196,-8.709,5.484
-1.101,-8.022,5.386
0.014,-7.563,5.254
-0.431,-7.912,5.883
-0.78,-8.489,5.544
-0.165,-7.781,5.221
-0.053,-8.171,5.18
-0.232,-8.597,5.41
-0.632,-8.606,5.618
-1.01,-8.606,5.608
-0.593,-8.463,5.285
0.141,-8.295,5.099
-0.328,-8.477,5.115
-0.407,-8.558,5.242
-0.321,-8.173,5.192
-0.438,-8.69,5.225
-0.919,-9.106,5.489
-0.83,-8.415,5.649
-0.036,-8.441,5.345
-0.931,-8.685,5.513
-0.658,-8.57,5.4
0.203,-8.424,5.249
0.153,-8.168,5.206
-0.727,-8.341,5.553
-0.632,-8.443,5.563
-0.124,-8.178,5.359
-0.227,-8.242,5.39
-1.184,-8.458,5.819
-1.349,-8.565,5.699
-1.18,-8.776,5.436
0.124,-8.113,4.867
0.646,-8.152,5.587
-0.641,-8.623,5.211
-0.089,-8.707,4.826
-0.165,-9.089,5.12
-0.16,-8.608,4.778
-0.354,-8.728,4.886
-0.51,-9.204,5.103
-1.543,-8.709,5.364
-0.677,-8.348,5.395
-0.017,-8.408,5.319
-1.089,-9.278,5.249
-1.605,-9.587,7.094
-1.694,-7.328,4.996
1.136,-8.857,4.814
-0.22,-8.896,5.328
-1.814,-9.355,5.304
0.067,-7.338,5.058
-0.342,-7.635,5.273
0.423,-8.199,5.467
-0.175,-8.463,5.553
-2.07,-8.173,6.369
-1.349,-7.963,6.084
0.873,-8.372,4.917
-0.536,-9.487,4.467
-0.447,-8.979,4.371
-0.675,-8.675,5.216
-1.232,-8.369,5.637
0.045,-8.745,5.166
-0.756,-9.173,5.103
-0.969,-8.183,5.524
-0.699,-8.044,5.788
-0.435,-7.989,5.51
-0.29,-8.422,5.331
-0.467,-8.362,5.479
-0.677,-8.235,5.532
-0.577,-8.518,5.603
-0.414,-8.527,5.434
-0.636,-8.147,5.668
-1.05,-8.443,5.78
-0.364,-8.161,5.79
-0.34,-7.991,5.596
-0.395,-8.388,5.508
-1.203,-8.542,5.697
-0.935,-8.376,5.649
-0.543,-8.274,5.608
-0.335,-8.274,5.632
-0.794,-8.573,5.721
-0.435,-8.271,5.615
-0.402,-8.096,5.615
-0.036,-8.446,5.513
-0.522,-8.525,5.402
-0.644,-8.391,5.79
-0.687,-8.07,6.161
-0.495,-8.051,5.907
-0.486,-8.276,5.802
-0.321,-8.128,5.819
-0.502,-7.637,6.01
-0.352,-7.491,6.132
0.62,-8.439,5.642
-0.493,-8.094,5.807
-1.115,-7.611,5.91
-0.51,-7.79,6.111
-0.684,-9.549,6.113
-0.419,-8.74,5.874
-0.933,-6.845,5.819
-2.338,-9.633,5.441
0.656,-7.893,6.443
1.239,-7.017,5.623
-0.33,-7.532,6.245
-1.823,-7.616,6.714
-0.9,-8.283,7.156
0.017,-7.592,6.991
-1.034,-7.139,6.18
-0.842,-8.484,5.934
-0.134,-8.501,5.675
-0.23,-7.795,5.771
-0.254,-7.283,5.891
0.079,-7.216,6.025
0.318,-7.434,6.087
-0.55,-7.472,6.51
-1.192,-8.381,7.087
0.081,-7.946,8.553
-0.833,-8.888,5.589
0.445,-7.529,7.479
-1.086,-8.324,6.544
-0.847,-8.147,5.694
-0.536,-7.127,6.144
-0.766,-7.893,5.824
0.557,-8.207,6.015
-0.043,-7.802,6.156
-1.474,-8.073,6.599
0.179,-7.762,6.273
-0.026,-8.384,6.12
-0.208,-7.936,5.965
-0.352,-8.211,5.742
0.175,-7.965,5.508
-0.254,-7.965,5.912
0.316,-7.716,5.91
0.306,-8.085,5.85
0.266,-8.163,5.898
0.261,-7.778,5.977
-0.383,-7.795,6.278
-0.184,-7.793,6.218
-0.29,-8.197,6.094
0.194,-7.855,6.005
-0.022,-8.039,6.18
-0.117,-7.955,6.166
-0.089,-8.018,6.221
-0.524,-8.341,6.063
-0.223,-7.773,6.099
0.098,-7.9,5.852
-0.084,-8.049,6.036
0.151,-8.14,5.759
0.077,-7.903,5.603
0.213,-7.951,5.623
-0.385,-7.226,5.501
0.215,-9.886,5.881
-0.261,-8.159,5.685
-0.443,-8.367,5.986
-0.007,-7.718,5.977
-0.423,-8.448,6.3
0.175,-7.963,5.819
0.096,-8.094,5.754
-0.199,-8.278,5.91
-0.019,-7.678,5.747
-0.201,-8.422,5.824
0.311,-8.393,5.843
-0.055,-7.972,5.859
-0.079,-8.24,5.891
-0.218,-8.245,5.764
0.148,-8.321,5.615
-0.163,-8.18,6.005
-0.115,-7.802,6.084
0.089,-7.826,5.974
0.16,-8.13,5.795
-0.239,-8.032,6.032
-0.048,-7.996,5.79
0.29,-8.085,5.69
-0.141,-8.333,5.682
-0.005,-8.118,5.914
-0.213,-8.183,5.991
-0.079,-8.446,5.785
0.426,-8.398,5.534
-0.043,-8.185,5.809
-0.246,-8.228,5.824
0.057,-7.898,5.8
0.024,-8.056,5.828
0.177,-8.075,5.699
0.072,-8.089,5.879
-0.323,-8.589,5.962
0.026,-7.628,5.864
0.115,-8.096,5.826
-0.093,-8.312,5.958
-0.079,-8.185,5.855
0.294,-7.893,5.69
0.139,-8.759,5.611
-0.402,-8.195,5.778
0.117,-7.328,5.924
-0.05,-7.989,6.022
-0.184,-8.374,5.934
0.675,-9.164,3.799
-0.833,-9.494,5.826
-0.665,-7.738,6.974
1.806,-6.501,4.804
-0.713,-7.802,6.537
-0.036,-8.008,6.161
0.333,-8.551,5.678
0.077,-8.015,5.979
-0.416,-7.738,6.096
0.23,-7.896,5.792
0.0,-8.362,5.773
-0.132,-7.97,5.936
-0.175,-8.192,6.111
-0.175,-8.491,5.879
0.115,-8.085,5.733
-0.163,-8.199,5.78
-0.089,-7.986,5.8
-0.203,-8.152,5.879
-0.234,-8.049,5.938
-0.213,-8.082,5.989
0.045,-8.001,5.826
-0.175,-8.13,6.065
-0.072,-8.032,5.9
0.007,-8.161,5.776
-0.218,-8.235,5.795
-0.167,-8.113,5.752
-0.321,-8.08,5.85
-0.024,-8.345,5.773
-0.215,-8.305,5.802
-0.086,-8.266,5.757
-0.134,-8.271,5.826
-0.1,-8.135,5.859
0.297,-7.991,5.809
-0.347,-7.998,5.907
-0.108,-7.922,5.852
-0.117,-8.417,5.855
-0.017,-8.326,5.735
0.148,-7.979,5.694
-0.464,-7.953,5.953
-0.309,-8.044,5.613
-0.057,-8.197,5.467
0.01,-8.24,5.529
-0.782,-8.869,5.395
-0.227,-8.75,5.206
-0.507,-8.441,5.426
-0.696,-8.498,5.869
-0.124,-8.362,5.532
-0.376,-8.537,5.4
-0.421,-8.654,5.436
-0.359,-8.4,3.625
0.139,-9.266,5.405
-0.904,-8.702,5.704
-1.823,-8.065,5.84
1.263,-7.58,5.658
-1.208,-8.735,5.8
0.23,-8.542,5.204
-0.534,-8.348,5.737
-0.703,-8.068,5.814
-0.146,-7.967,5.422
0.335,-8.774,5.17
-0.869,-8.386,5.678
-0.347,-7.924,5.893
-0.189,-8.245,5.611
-0.333,-8.63,5.302
-0.414,-8.319,5.45
-0.541,-8.123,5.687
-0.62,-8.57,5.733
0.022,-8.532,5.256
-0.232,-8.675,5.307
-0.23,-8.24,5.321
-0.967,-8.283,5.673
-0.495,-8.341,5.424
-0.304,-8.664,5.261
-0.39,-8.027,5.285
-0.737,-8.075,5.668
-0.536,-8.903,5.771
-0.416,-8.321,5.826
-1.158,-8.233,6.08
-0.44,-8.25,6.082
-0.191,-8.707,5.642
-0.146,-7.376,5.453
-0.742,-8.266,5.429
-0.167,-7.809,5.343
-0.455,-8.367,5.493
-1.058,-8.795,6.161
-0.617,-8.451,5.989
-0.407,-8.214,5.668
-0.943,-8.163,5.783
-1.105,-8.242,5.56
-0.364,-8.802,5.575
0.557,-8.321,5.436
0.9,-7.673,4.78
-1.05,-8.589,5.687
-0.988,-8.604,5.694
0.464,-8.52,5.19
0.148,-7.9,5.012
-0.179,-8.558,5.178
-0.148,-8.376,5.323
0.132,-9.018,5.649
0.313,-8.274,5.345
0.179,-8.233,5.261
0.366,-8.405,5.469
0.23,-8.429,5.362
-0.16,-8.274,5.737
0.507,-7.848,5.134
-0.785,-8.168,5.606
-0.44,-8.269,5.553
-0.548,-8.226,5.692
-0.995,-6.158,7.183
-0.455,-9.769,5.905
-0.086,-8.924,4.666
1.184,-5.323,5.118
-0.593,-9.874,3.881
-2.084,-4.838,1.986
-2.129,-11.362,3.565
-0.457,-8.422,5.484
-0.285,-8.518,5.144
-1.309,-9.274,5.113
-0.852,-8.075,5.182
-0.529,-8.671,4.957
-0.653,-8.723,4.931
-0.694,-8.685,5.046
-0.828,-8.51,5.008
-0.749,-8.472,5.113
-0.617,-8.764,5.254
-0.885,-8.972,5.144
-0.763,-8.731,4.965
-0.816,-8.376,5.051
-1.139,-8.259,5.151
-0.694,-8.463,4.914
-0.067,-8.587,4.78
-0.895,-8.515,5.029
-0.988,-9.75,5.091
-0.668,-8.977,4.852
-0.378,-8.97,4.79
-1.096,-8.501,5.158
-1.479,-8.625,5.4
-0.581,-8.661,5.096
-0.11,-8.96,4.883
-0.854,-8.924,4.74
-1.11,-8.709,4.876
-0.519,-8.845,4.529
-0.184,-9.049,4.481
-0.536,-8.396,4.711
-0.73,-8.463,4.508
-0.61,-9.307,4.094
-0.866,-9.221,4.125
-0.038,-8.759,4.158
-0.498,-8.565,4.505
-0.457,-8.771,3.749
-0.383,-10.176,3.137
-0.813,-9.719,3.51
-0.608,-9.223,3.496
-0.156,-9.4,3.381
-0.435,-9.656,3.429
-0.392,-9.381,3.316
1.622,-7.427,0.782
1.534,-7.13,-0.651
1.268,-10.192,0.105
-1.436,-14.442,2.584
-3.381,-12.353,4.115
-0.857,-6.711,4.831
-0.325,-7.36,4.845
-0.361,-10.546,4.622
-1.081,-9.989,3.608
-0.869,-9.42,3.079
-1.488,-9.9,2.644
-1.034,-9.281,2.476
-0.089,-8.991,1.771
-0.005,-9.714,1.522
-0.4,-10.434,2.151
-0.201,-9.831,2.582
0.017,-9.788,2.852
-0.577,-9.977,3.278
-1.024,-9.738,3.414
-0.72,-9.487,3.433
-0.337,-9.269,3.62
-0.385,-8.501,3.823
-0.77,-8.896,3.579
-0.66,-10.113,3.074
-0.522,-9.448,3.228
-1.007,-9.192,3.287
-0.696,-9.276,3.464
-0.577,-9.709,3.096
-0.854,-9.733,3.173
-0.601,-9.276,3.476
-0.447,-9.506,3.275
-1.134,-9.994,3.161
-1.22,-9.132,3.383
-0.593,-9.176,3.261
-0.873,-9.36,3.295
-1.043,-7.991,2.407
-0.495,-5.178,1.048
-0.943,-8.144,-2.218
-1.883,-15.533,8.742
-1.493,-8.252,5.68
-0.627,-9.745,3.749
-0.787,-9.558,3.34
-1.581,-9.197,3.498
-1.053,-9.259,3.326
-0.292,-9.326,3.295
-1.06,-9.616,3.584
-1.689,-9.243,3.914
-1.122,-8.939,3.816
-0.615,-9.293,3.57
-1.359,-9.484,3.63
-1.491,-9.254,3.912
-1.069,-9.104,3.737
-0.756,-9.362,3.603
-1.132,-9.082,3.876
-1.364,-9.051,3.919
-1.17,-9.362,3.625
-1.036,-9.64,3.498
-1.144,-9.231,3.742
-1.287,-8.891,4.173
-1.158,-8.881,4.189
-0.962,-9.104,4.101
-1.0,-9.613,3.764
-1.067,-9.051,3.886
-1.476,-8.692,4.053
-1.156,-9.293,3.742
-1.031,-9.393,3.773
-1.256,-9.274,3.938
-2.177,-9.147,3.828
-0.605,-8.829,3.969
-0.756,-9.3,3.443
-1.531,-10.02,3.582
-1.184,-9.611,3.366
-1.314,-9.209,3.627
-0.935,-8.8,3.821
-0.833,-9.085,3.807
-1.285,-9.434,3.862
-1.361,-9.345,3.943
-1.189,-8.664,4.012
-0.928,-8.865,3.79
-1.318,-9.503,3.716
-1.625,-9.582,3.603
-1.029,-11.578,0.479
-0.713,-2.048,4.91
-1.072,-8.604,-2.333
-1.421,-13.331,6.948
-1.132,-10.183,1.663
-1.421,-9.46,3.886
-1.203,-9.104,3.661
-1.464,-9.197,3.902
-1.474,-8.869,3.95
-1.378,-8.967,3.775
-1.211,-9.097,3.364
-1.134,-9.549,2.864
-1.881,-10.135,2.311
-1.998,-9.881,2.347
-1.055,-9.616,2.57
-1.146,-9.652,2.787
-0.88,-9.613,3.058
-0.835,-9.606,2.85
-1.541,-9.434,3.352
-1.39,-8.979,3.376
-1.483,-9.274,3.091
-1.201,-9.786,2.778
-1.641,-9.24,3.103
-1.481,-9.199,3.156
-1.428,-9.046,3.402
-1.421,-10.092,2.893
-1.371,-9.994,3.074
-1.665,-9.427,3.421
-1.349,-9.087,3.273
-1.584,-9.324,3.199
-1.23,-10.176,2.857
-1.5,-9.271,3.101
-1.878,-9.087,3.56
-1.507,-8.936,3.534
-1.464,-9.211,3.857
-1.696,-8.903,3.754
-2.058,-9.238,4.189
-1.548,-8.936,3.878
-2.053,-9.477,3.663
-2.094,-9.03,3.912
-1.27,-8.893,4.031
-1.462,-8.431,4.326
-2.172,-9.082,4.357
-1.713,-8.702,4.292
-1.974,-8.922,4.479
-2.519,-8.998,4.613
-1.651,-8.415,4.388
-1.864,-9.214,4.278
-2.158,-9.001,4.491
-1.873,-8.855,4.02
-1.589,-8.805,4.297
-1.457,-8.862,4.455
-2.105,-8.857,4.668
-2.548,-9.367,4.46
-2.562,-8.742,7.948
-2.292,-17.195,3.618
-2.196,-6.19,9.494
-2.261,-13.48,-0.574
-1.572,1.538,7.84
-3.309,-17.722,7.998
-0.955,-5.869,-2.565
-2.613,-7.659,2.732
-2.376,-8.013,3.469
-2.462,-8.604,4.433
-2.483,-9.881,4.438
-2.163,-9.508,4.687
-1.857,-7.695,4.61
-2.141,-7.888,4.91
-3.012,-9.254,5.034
-2.184,-8.235,4.881
-1.309,-9.018,4.577
-1.235,-8.632,4.139
-2.436,-9.314,4.381
-2.696,-9.879,4.266
-1.275,-9.032,3.766
-1.493,-7.963,3.965
-1.579,-8.642,3.388
-0.758,-8.711,3.055
-2.005,-9.006,2.771
-1.66,-11.14,2.302
-1.921,-11.827,2.469
-1.699,-9.829,3.441
-0.337,-8.015,2.806
-0.266,-8.46,3.543
-0.577,-8.805,3.364
-1.486,-9.286,2.869
-2.067,-10.616,2.778
-1.727,-10.728,4.405
-1.565,-8.257,4.486
-0.014,-9.403,3.053
-0.115,-9.752,3.596
-2.323,-8.96,3.993
-2.503,-9.783,3.838
-0.907,-9.441,3.598
-1.151,-8.369,3.909
-1.043,-7.017,4.304
-1.816,-9.958,3.149
-1.637,-8.525,3.01
-1.213,-7.36,2.615
-1.641,-9.975,2.227
-1.249,-10.951,2.046
-0.821,-8.62,0.577
-2.122,-9.692,1.108
-1.402,-10.47,0.529
-0.412,-9.9,0.112
-0.897,-8.599,0.201
-1.115,-9.061,-0.373
-0.993,-9.204,-1.041
-3.606,-12.745,-0.311
-3.319,-10.676,-0.043
-2.306,-10.508,0.01
-1.627,-9.862,-0.49
-1.584,-8.092,-1.735
-2.268,-8.982,-3.053
-0.928,-10.238,-3.965
-0.737,-8.975,-2.491
-1.983,-10.137,-1.395
-0.318,-11.202,-2.29
1.062,-7.12,-4.711
-2.68,-7.692,-1.627
0.797,-8.814,-4.62
-1.512,-11.453,-3.775
0.041,-9.915,-3.486
-1.014,-10.29,-3.311
-0.605,-9.542,-3.074
-0.732,-8.491,-1.845
-1.388,-8.288,-2.105
-1.33,-8.376,-1.093
-2.28,-9.862,-0.636
-2.613,-8.86,-0.959
-0.701,-9.738,0.316
-1.94,-8.333,-0.464
-2.34,-21.906,-4.931
-1.814,-8.195,-2.268
0.538,-8.814,-1.081
-2.539,-14.272,-2.574
-3.271,-13.245,-0.364
-0.311,-8.958,-0.148
2.038,-4.692,0.519
-1.031,-10.647,0.433
-1.73,-10.68,0.038
-0.201,-6.943,-0.584
-0.605,-8.455,-1.424
-5.831,-16.516,4.764
-3.036,-11.259,2.027
0.275,-5.948,3.28
-0.988,-4.651,3.409
-3.213,-6.113,0.955
-5.268,-14.521,-4.103
-1.995,-18.071,2.149
4.591,-6.747,2.132
0.483,-3.271,4.486
-3.974,-7.965,2.445
-3.062,-13.525,0.017
-0.232,-11.092,-0.921
-1.603,-9.515,1.139
-2.041,-9.714,1.258
-0.842,-10.09,1.627
-1.072,-10.338,1.727
-1.378,-9.714,2.07
-0.718,-9.262,1.12
-0.498,-9.176,0.957
-1.254,-9.147,1.141
-1.61,-10.166,1.656
-1.814,-10.649,1.739
-1.459,-9.283,1.012
-2.146,-8.972,1.122
-2.969,-9.865,0.935
-2.909,-10.037,1.187
-2.773,-10.032,0.804
-2.208,-10.436,0.699
-1.96,-10.286,1.12
-2.175,-8.934,1.823
-0.847,-8.905,0.78
-0.706,-10.925,0.077
-1.376,-10.57,1.297
-1.127,-8.704,1.916
-1.163,-9.944,0.634
-4.046,-11.707,0.806
-2.45,-9.412,1.481
-1.572,-9.767,1.359
-2.204,-9.939,1.493
-2.644,-9.96,1.536
-2.139,-9.403,1.704
-2.201,-8.977,1.981
-2.211,-9.415,0.912
-2.663,-9.824,1.208
-2.826,-9.496,1.715
-2.751,-9.388,1.787
-2.529,-9.836,1.086
-2.479,-9.513,1.163
-2.57,-9.274,1.658
-2.237,-9.319,1.696
-1.806,-9.424,1.314
-2.225,-9.637,1.337
-2.541,-9.747,1.196
-2.445,-10.104,0.632
-2.649,-9.908,1.182
-2.304,-9.891,0.957
-2.165,-10.379,0.526
-2.424,-10.197,1.242
-2.082,-9.628,1.534
-1.632,-9.723,1.486
-1.957,-9.802,1.483
-1.847,-9.343,1.615
-1.833,-9.202,1.653
-2.041,-9.537,1.55
-2.474,-10.616,1.091
-2.101,-9.719,1.381
-1.912,-9.333,1.416
-2.213,-10.417,2.543
-2.266,-10.044,1.957
-2.51,-9.156,1.723
-3.737,-11.379,1.213
-3.584,-9.13,0.639
-3.486,-9.412,1.261
-3.228,-9.716,2.225
-2.555,-9.204,1.663
-3.173,-9.929,1.708
-3.316,-10.551,1.651
-3.153,-9.991,1.529
-3.015,-9.817,1.23
-3.036,-9.635,1.57
-2.833,-9.941,1.747
-2.845,-9.891,1.572
-2.909,-9.853,1.455
-2.847,-9.408,1.282
-2.527,-9.53,1.208
-1.928,-9.972,1.656
-2.725,-9.714,1.476
-3.185,-9.503,2.345
-2.517,-9.293,2.141
-1.555,-9.716,1.794
-1.833,-10.283,1.586
-2.012,-10.391,1.771
-1.955,-9.721,2.027
-1.598,-9.453,1.5
-2.649,-9.781,2.318
-1.866,-9.266,2.517
-2.036,-10.097,1.471
-0.878,-9.015,0.981
1.158,-2.06,4.256
0.847,-2.232,-1.354
0.974,-14.932,-4.316
-6.742,-28.256,6.276
-2.421,-6.723,1.0
2.043,-6.855,-0.01
1.754,-9.735,2.706
-1.933,-11.025,2.555
-0.196,-8.719,1.17
-0.39,-7.123,2.184
-0.165,-9.154,1.268
0.337,-10.202,1.672
-0.706,-9.781,4.015
-1.677,-8.731,2.414
0.957,-9.68,0.916
-0.184,-11.365,2.792
-0.361,-10.092,2.409
0.641,-9.946,1.677
-0.072,-10.712,2.589
0.28,-9.577,2.082
-0.029,-8.608,2.771
0.531,-8.29,3.031
0.538,-8.762,3.132
0.656,-9.278,3.469
0.144,-7.869,3.63
0.294,-8.714,3.462
0.725,-9.164,3.713
0.306,-9.499,3.979
0.529,-11.659,4.161
0.421,-9.745,4.154
-0.644,-8.36,3.735
1.445,-8.905,3.165
0.476,-9.853,4.285
-0.014,-8.274,3.546
0.309,-6.824,3.534
0.34,-8.41,4.491
0.706,-9.499,4.477
0.546,-8.216,3.486
-0.158,-9.223,3.842
-0.385,-8.812,3.893
-0.536,-8.625,3.335
-0.548,-8.293,3.18
0.213,-8.924,3.043
1.258,-9.843,0.763
1.065,-12.432,1.101
-0.933,-13.42,3.094
0.254,-10.173,-0.459
0.278,-10.427,0.347
-0.043,-10.786,1.242
0.112,-10.733,1.232
1.287,-11.678,1.555
-0.249,-10.054,2.756
-1.014,-8.405,2.407
-0.151,-9.046,2.852
0.974,-8.654,3.539
0.62,-9.092,3.259
0.651,-8.707,2.984
0.335,-8.685,3.558
0.098,-8.821,3.034
0.122,-9.719,3.347
-0.371,-10.034,3.737
0.546,-10.058,4.077
0.215,-9.254,3.357
-0.672,-10.613,4.563
0.187,-10.14,4.0
0.498,-8.525,3.448
-0.1,-8.221,2.833
-0.718,-9.243,3.677
1.065,-10.111,4.024
0.096,-8.759,3.735
0.347,-9.18,3.541
0.184,-8.759,3.531
-0.189,-9.247,4.271
-0.373,-9.118,3.926
-0.746,-10.307,4.644
0.723,-9.623,3.642
-0.033,-9.479,3.718
-0.242,-10.446,3.814
1.093,-9.597,2.823
-0.067,-9.692,3.115
-0.086,-8.991,3.132
0.026,-9.061,3.06
-0.837,-9.042,3.921
0.081,-8.427,3.467
-0.167,-8.496,3.242
-0.66,-9.312,3.247
-1.225,-9.07,2.39
-0.735,-7.97,1.495
-0.29,-10.645,1.153
-0.352,-12.066,2.11
-0.555,-10.984,0.483
-1.325,-9.42,0.416
-1.163,-9.233,0.309
0.151,-10.862,1.692
0.837,-9.329,-0.579
-1.897,-10.956,0.211
-0.28,-10.432,0.469
-0.443,-9.164,-0.514
-1.12,-10.252,0.05
0.763,-9.91,-0.845
-1.086,-9.896,-0.687
-0.912,-10.365,-0.912
1.574,-9.922,-1.11
0.055,-8.829,-1.72
-1.323,-10.068,-0.321
2.488,-8.719,-2.524
-1.122,-9.953,-1.254
0.562,-8.75,-3.082
0.012,-10.228,-3.228
-0.266,-10.448,-2.878
0.136,-9.496,-2.553
0.055,-9.061,-3.419
-0.555,-8.946,-2.976
0.648,-9.649,-3.768
0.507,-9.877,-3.73
-0.531,-9.747,-3.058
0.345,-9.106,-3.134
0.256,-9.269,-3.129
0.16,-9.01,-3.455
-0.11,-9.757,-3.141
0.081,-9.412,-2.876
-0.122,-9.36,-2.606
0.029,-9.08,-3.077
0.223,-9.3,-3.706
0.002,-10.439,-3.668
-0.103,-9.348,-2.718
0.103,-9.412,-3.237
0.732,-9.599,-3.508
0.146,-9.944,-3.474
0.266,-7.8,-2.694
0.366,-8.475,-4.132
0.49,-8.702,-3.857
0.146,-9.065,-3.094
0.938,-9.336,-2.996
-0.024,-9.357,-3.065
0.189,-9.817,-3.333
0.167,-10.633,-3.397
-0.057,-10.252,-2.433
-0.246,-9.329,-2.027
-0.565,-9.508,-2.634
-0.481,-9.154,-3.33
-0.61,-9.936,-2.634
-0.414,-8.972,-2.122
-0.297,-8.912,-2.646
0.22,-9.621,-3.357
0.129,-9.9,-2.972
0.16,-9.525,-2.629
-0.586,-9.814,-2.472
-0.112,-9.518,-2.495
-0.799,-9.465,-2.553
-0.167,-8.661,-2.651
-0.431,-9.979,-1.787
0.591,-9.621,-2.541
0.115,-10.649,-2.692
-0.998,-10.369,-2.572
0.084,-9.79,-2.713
0.84,-9.446,-3.106
-0.565,-9.554,-2.814
0.364,-9.893,-3.232
-0.244,-9.003,-2.682
0.474,-10.776,-1.888
-0.596,-11.011,-1.218
0.122,-9.056,-1.058
-0.246,-12.977,-0.301
9.97,-1.177,25.421
-4.189,-12.834,9.527
-1.203,-7.228,-0.211
-0.072,-9.661,-22.787
-1.792,-15.054,-19.258
-2.806,-13.48,-4.316
1.481,-4.505,-5.589
1.287,-11.415,5.362
2.668,-7.084,0.778
2.321,-8.972,5.426
1.383,-13.523,5.082
1.455,-9.903,5.955
0.648,-10.8,6.06
1.349,-7.496,6.934
-0.17,-2.469,0.991
-1.629,-7.989,4.881
0.88,-7.907,4.498
0.421,-8.219,2.933
3.292,-10.659,2.754
1.828,-6.192,2.565
-0.782,-6.187,5.438
1.309,-10.216,1.766
-0.694,-10.386,3.634
-0.469,-9.893,4.783
-0.787,-11.209,4.596
0.371,-11.642,3.57
1.165,-12.736,3.764
2.017,-10.764,1.215
-0.919,-8.922,2.433
0.383,-10.283,0.763
3.165,-7.336,2.242
0.947,-8.006,1.113
0.837,-8.58,1.627
3.417,-10.633,-5.881
-1.254,-9.685,3.388
1.218,-12.592,4.335
1.704,-9.798,2.364
-0.543,-9.439,3.799
3.421,-11.121,3.625
-1.794,-15.829,10.2
-1.852,-9.999,5.256
1.385,-6.659,5.039
5.182,-5.091,5.02
-2.438,-9.692,11.348
12.078,-11.578,7.474
-15.49,-32.159,19.696
-8.742,17.404,-8.888
5.29,18.566,18.502
7.283,-7.671,8.692
5.888,-8.238,6.51
-9.365,-16.38,5.044
-0.294,-10.594,6.816
-2.273,-12.793,-49.077
16.875,-10.905,-4.878
-0.237,14.755,0.203
1.369,-0.433,6.919
1.615,-4.704,-0.242
11.623,2.83,15.626
4.374,1.541,9.838
0.077,1.211,8.228
3.326,-3.488,5.764
0.995,-9.621,9.604
1.775,-4.759,10.413
3.091,1.976,9.74
5.824,-2.541,7.843
1.225,-6.025,7.826
0.952,-7.118,8.503
2.488,-3.041,6.316
5.838,-5.245,9.848
2.988,-4.486,8.57
2.345,-4.118,7.379
4.225,-5.558,8.022
2.594,-6.173,7.924
3.393,-4.704,8.252
2.687,-4.766,7.704
2.708,-2.838,7.651
2.199,-6.589,8.211
1.914,-6.757,8.18
2.137,-4.649,7.85
4.855,-4.048,4.544
2.885,-5.809,8.69
3.051,-4.931,6.013
2.39,-5.704,8.022
2.926,-4.919,8.228
2.993,-5.063,8.441
2.184,-5.29,8.613
2.486,-3.701,9.477
2.859,-3.388,7.721
3.807,-3.543,8.111
1.797,-4.259,8.47
2.361,-5.12,8.285
2.381,-4.017,9.044
3.031,-3.074,9.374
2.077,-3.048,9.109
2.22,-3.752,9.013
1.893,-3.34,8.242
1.921,-3.405,9.381
3.206,-2.428,10.989
0.404,-4.154,7.912
2.448,-3.56,8.738
1.995,-4.532,9.223
1.534,-3.838,9.391
2.787,-3.347,9.271
1.775,-4.003,8.855
2.632,-1.897,9.513
1.644,-3.991,8.855
3.321,1.806,8.381
3.242,-3.823,9.185
0.988,-4.972,8.881
3.661,-1.132,8.223
1.232,-7.008,10.413
1.869,-4.388,8.62
2.869,-1.871,9.034
2.388,-3.187,8.941
2.814,-3.775,9.549
2.23,-6.039,9.03
0.919,-6.044,8.295
1.416,-3.783,8.85
2.177,-3.354,9.341
3.737,-2.354,9.295
1.206,-2.83,9.089
2.436,-4.261,8.135
2.115,-4.364,8.018
2.694,-3.936,8.228
2.881,-5.386,7.946
1.931,-4.823,9.087
-1.517,-4.5,4.443
2.424,-4.058,9.058
1.869,-1.251,9.795
2.972,-3.519,9.132
0.1,-0.464,1.924
1.785,-5.541,8.876
3.151,-3.56,9.204
1.675,-4.034,8.742
1.928,-4.874,8.577
1.938,-3.991,8.936
1.861,-3.546,8.943
1.933,-2.78,9.491
2.165,-3.62,9.321
1.809,-4.053,9.216
1.526,-4.314,8.831
1.608,-5.584,8.058
2.16,-5.343,8.52
2.543,-5.429,9.144
2.141,-4.237,8.135
1.316,-4.912,10.542
2.85,-5.393,9.137
1.278,-5.584,14.14
-4.79,1.553,7.625
3.273,-5.833,7.74
1.84,-7.372,7.209
2.591,-6.601,7.979
1.505,-6.283,5.845
2.376,-6.113,7.204
2.249,-6.13,6.867
2.072,-6.525,6.173
3.354,-7.022,5.613
1.189,-7.52,6.111
1.938,-7.874,6.367
0.938,-8.044,6.441
1.656,-8.034,5.125
0.857,-7.527,5.847
1.421,-7.879,5.283
1.074,-8.611,4.711
2.299,-8.032,3.354
1.471,-8.374,2.895
1.641,-7.941,3.0
3.491,-8.57,2.216
0.804,-10.36,2.811
0.811,-10.977,1.237
1.014,-10.714,2.309
1.227,-10.767,1.436
1.019,-10.551,1.005
0.677,-10.494,1.103
1.316,-11.228,0.423
1.062,-10.133,0.79
0.866,-10.305,0.529
0.629,-9.783,0.423
0.797,-8.75,0.651
0.962,-8.757,0.603
1.034,-9.07,0.421
1.22,-9.386,0.184
1.007,-10.111,0.653
0.347,-11.037,1.103
0.196,-11.484,0.33
0.438,-10.793,-0.904
0.285,-10.329,-0.16
-0.538,-9.637,-0.555
0.974,-9.999,0.462
0.098,-9.388,0.644
1.352,-10.408,-0.309
1.125,-8.714,0.775
1.426,-9.767,0.878
1.498,-9.204,0.141
1.692,-8.558,-1.031
1.684,-10.657,-2.043
1.199,-9.845,-0.938
1.192,-10.716,-0.507
0.746,-10.575,-0.794
1.335,-9.226,1.629
0.266,-11.391,0.366
0.361,-9.714,-0.608
0.134,-9.874,-1.096
0.012,-9.176,0.151
0.376,-9.587,0.644
0.986,-9.58,0.103
0.921,-10.551,-0.569
2.022,-9.582,-1.452
1.127,-9.577,-0.502
0.246,-11.152,0.022
0.589,-9.9,-1.034
1.318,-10.25,3.984
2.759,-10.185,1.048
1.223,-9.154,0.517
0.615,-10.262,1.182
2.481,-10.161,-0.409
0.83,-9.932,-1.328
1.593,-9.525,-0.242
1.139,-10.192,1.861
1.471,-10.015,1.325
2.058,-9.714,0.615
1.727,-9.762,0.938
1.524,-9.36,0.916
-3.28,-11.575,2.149
1.055,-8.087,2.0
0.493,-8.063,1.433
-0.012,-11.647,0.601
-0.72,-10.992,1.684
-1.019,-8.936,2.586
-0.067,-10.465,0.498
0.725,-10.255,-0.892
0.61,-10.575,-0.158
0.555,-9.439,1.247
1.546,-9.321,1.146
2.153,-8.685,0.933
1.548,-9.006,0.668
1.78,-8.104,-0.773
-0.474,-11.212,-0.572
0.359,-11.843,-1.275
-0.519,-11.537,-0.586
0.165,-11.035,-0.77
-0.043,-10.228,0.498
0.148,-10.262,0.572
0.297,-9.664,1.113
0.565,-9.379,1.438
0.971,-10.712,1.9
0.632,-11.645,1.357
0.084,-10.666,1.754
0.699,-10.238,0.313
0.976,-9.807,2.338
1.093,-7.029,3.163
0.866,-10.001,2.117
1.498,-9.666,1.983
1.809,-9.422,3.385
1.744,-7.773,2.852
1.78,-8.601,2.852
2.022,-6.879,2.101
1.931,-6.838,2.323
1.617,-7.297,2.127
1.215,-9.8,1.811
1.117,-12.03,2.046
0.89,-12.102,1.687
0.467,-11.47,0.742
1.66,-12.252,0.438
-0.16,-8.934,0.653
0.718,-8.317,-0.203
0.773,-7.924,-1.675
-0.766,-10.637,-0.445
1.314,-11.678,-0.409
0.799,-10.523,0.639
0.993,-10.446,1.28
1.065,-11.133,1.543
0.632,-12.02,2.311
0.601,-10.279,3.034
1.06,-9.484,1.577
1.235,-12.365,1.022
1.108,-11.085,2.151
1.165,-8.975,4.031
1.486,-6.422,1.998
1.565,-4.666,2.651
2.74,-7.474,3.57
2.95,-5.572,3.78
2.546,-6.355,3.792
2.62,-5.51,4.354
2.055,-9.338,5.075
2.165,-6.651,4.589
1.684,-9.367,1.933
2.577,-12.858,2.242
0.952,-13.123,1.17
0.474,-12.059,0.983
0.172,-11.561,1.144
0.366,-9.989,1.218
0.821,-9.503,2.048
1.383,-9.065,1.443
1.61,-9.321,1.294
1.486,-9.573,2.443
1.637,-9.987,2.273
1.632,-10.482,2.184
3.019,-10.927,1.94
1.515,-10.367,1.916
1.203,-9.025,3.106
0.959,-7.769,3.199
1.799,-9.233,3.134
1.969,-8.546,1.553
1.665,-8.62,1.282
1.622,-9.527,2.553
1.792,-10.09,2.251
1.258,-17.387,-2.876
2.16,-4.316,1.974
1.912,-7.891,3.247
1.668,-11.02,2.85
1.847,-9.396,3.225
0.811,-6.678,4.486
1.16,-9.977,3.869
1.981,-12.382,3.043
1.553,-8.86,2.615
1.565,-9.348,2.952
1.409,-8.257,4.058
1.632,-9.044,4.388
2.12,-8.809,4.221
1.971,-8.812,3.742
1.706,-8.089,4.189
2.211,-8.125,4.031
2.385,-7.08,4.376
2.364,-6.919,4.618
1.215,-4.132,2.641
1.404,-12.372,2.952
0.778,-12.434,3.345
0.658,-12.451,3.058
1.354,-11.379,2.579
-0.019,-9.946,2.479
1.443,-9.099,2.055
1.684,-7.838,2.541
2.68,-5.912,1.782
2.096,-9.226,3.563
3.319,-7.127,2.976
2.373,-7.513,3.216
2.785,-10.288,4.221
2.445,-9.484,3.771
1.579,-10.161,3.512
1.471,-10.503,2.94
1.12,-10.616,2.675
1.488,-10.042,2.428
1.139,-9.278,2.34
1.407,-9.829,-0.493
6.898,-8.022,1.428
0.62,-9.711,4.431
2.795,-7.907,3.201
-0.773,-10.097,5.718
4.467,-6.917,3.938
3.89,-11.616,4.924
1.256,-10.432,3.95
1.632,-10.468,4.331
1.57,-10.02,3.929
2.462,-9.869,4.029
2.436,-7.422,3.405
2.038,-6.099,4.204
2.493,-5.536,4.613
2.524,-8.029,5.178
2.943,-8.23,5.113
2.139,-9.281,4.524
2.658,-8.984,4.977
2.615,-7.369,5.079
2.393,-7.13,4.599
2.591,-7.905,4.957
2.55,-8.601,5.237
2.211,-8.24,4.953
2.519,-8.159,4.948
2.665,-8.867,5.434
2.338,-8.235,5.582
2.436,-7.714,5.295
2.431,-7.513,5.941
2.263,-7.424,5.63
2.412,-8.355,5.809
2.338,-7.427,4.943
2.716,-8.41,5.118
1.926,-8.453,4.247
2.876,-8.317,6.089
2.62,-7.982,5.972
2.426,-9.178,5.989
2.735,-9.02,6.883
1.864,-7.498,6.053
2.227,-7.214,7.393
2.137,-8.601,6.816
1.723,-8.542,5.407
1.297,-7.69,5.12
2.55,-9.381,6.027
2.017,-7.649,6.228
2.007,-7.369,6.556
2.187,-6.948,6.388
2.347,-7.642,5.137
1.56,-7.139,4.723
1.694,-7.439,5.548
1.993,-6.788,5.938
2.641,-7.771,5.709
1.244,-9.149,5.867
2.397,-5.276,4.675
2.864,-7.283,6.352
2.83,-7.118,6.472
2.591,-7.539,6.01
2.007,-7.709,5.907
2.754,-6.355,7.144
2.632,-6.202,6.682
2.493,-6.41,7.352
2.01,-6.723,7.496
2.244,-7.106,7.412
2.16,-7.266,7.608
1.895,-7.013,7.764
2.127,-5.699,8.106
2.196,-6.527,8.003
2.256,-6.204,8.238
2.33,-5.972,8.436
1.838,-6.099,8.046
2.302,-5.675,8.065
2.629,-4.819,8.314
2.507,-4.663,8.3
2.242,-4.878,8.235
2.45,-4.931,8.166
2.649,-4.697,8.099
2.668,-4.163,8.006
2.491,-4.749,8.142
2.673,-4.773,8.329
2.644,-4.658,8.305
2.656,-4.759,8.152
2.735,-4.594,8.317
2.828,-4.663,8.293
2.804,-4.675,8.558
2.811,-4.905,8.283
2.768,-4.809,8.467
2.529,-4.792,8.238
2.692,-4.821,8.396
2.388,-5.082,8.386
2.701,-5.0,8.285
2.567,-4.926,8.276
2.524,-4.778,8.666
2.376,-4.886,8.585
2.373,-4.639,8.467
2.273,-4.807,8.348
2.261,-4.625,8.558
2.192,-4.761,8.64
2.115,-4.725,8.587
2.287,-4.747,8.678
2.352,-4.486,8.604
2.378,-4.462,8.183
2.271,-4.177,8.29
1.749,-5.867,8.367
-0.278,-4.735,11.549
1.904,-4.96,8.104
1.692,-5.682,7.924
1.529,-5.62,8.149
2.084,-6.749,7.405
1.933,-6.254,6.831
1.852,-7.477,5.297
1.809,-7.149,7.654
1.251,-4.788,8.209
1.632,-5.615,7.941
1.799,-5.972,7.383
1.555,-6.936,8.125
1.538,-6.455,7.608
1.641,-5.429,7.85
1.943,-5.302,8.221
1.986,-5.699,7.735
1.479,-6.752,8.053
1.677,-5.953,7.9
1.919,-5.206,8.01
1.84,-5.321,8.073
1.747,-5.649,8.195
1.316,-5.591,8.345
1.732,-5.393,8.065
1.991,-5.522,7.714
1.931,-5.084,7.62
1.316,-5.003,7.762
1.302,-5.259,8.451
1.208,-5.197,7.943
0.933,-5.027,8.644
1.048,-4.725,9.317
1.431,-4.496,8.79
2.11,-4.924,7.752
0.797,-5.13,8.393
0.225,-5.276,8.853
0.849,-5.51,8.934
0.916,-4.443,8.587
1.058,-4.065,7.733
1.122,-5.474,8.211
0.979,-8.319,9.563
0.091,-6.74,8.429
0.708,-3.409,8.759
0.464,-3.931,8.805
0.337,-5.907,8.29
0.95,-7.4,8.254
3.362,-8.439,8.632
2.388,-4.441,8.508
2.617,-1.574,8.527
2.72,-0.311,10.123
3.541,-1.16,10.295
4.847,-0.105,8.829
4.498,2.692,10.31
4.122,3.338,9.35
0.679,3.086,11.25
0.986,-1.337,7.194
0.802,-2.271,7.666
0.481,-0.505,7.869
0.536,0.723,8.274
0.163,0.546,8.01
-0.349,0.541,7.47
-0.12,-1.024,7.991
-1.074,-1.699,7.123
-0.572,-1.94,8.101
-1.751,-2.184,7.314
-1.503,-3.022,8.104
-2.07,-3.687,9.14
-2.905,-3.646,10.123
-3.074,-3.029,10.013
-3.362,-2.146,9.903
-3.852,-2.713,10.001
-3.687,-3.053,9.903
-3.771,-0.816,9.869
-4.005,-2.491,10.774
-4.441,-3.866,10.829
-3.859,-2.338,9.577
-4.264,-3.436,12.382
-4.161,-3.443,10.312
-4.534,-3.316,10.819
-4.503,-2.649,10.212
-3.962,-1.105,10.75
-2.981,-0.033,10.477
-2.704,0.041,10.31
-2.747,0.213,10.506
-3.953,-0.4,11.341
-2.919,0.871,11.458
-2.493,1.029,10.712
-2.381,-0.531,11.264
-3.122,-0.483,9.965
-2.711,-0.969,10.35
-2.73,-1.026,10.551
-2.239,-1.677,9.941
-2.426,-1.22,9.97
-2.345,-0.888,9.872
-1.89,-1.768,9.616
-1.835,-0.644,9.826
-0.524,1.089,9.644
-0.007,0.84,9.092
-1.684,-0.44,9.211
-1.529,-1.01,9.506
-1.062,0.055,9.79
-1.101,0.668,8.628
-0.943,0.531,7.986
-0.751,-1.33,7.206
-1.395,-2.9,6.812
-0.373,-3.333,6.47
0.419,-4.84,4.45
-0.536,-6.793,3.706
-1.225,-8.623,2.567
0.268,-7.783,2.11
-1.627,-10.709,1.242
-7.769,-12.886,7.214
-2.567,-12.097,0.407
-5.338,-13.444,-0.766
-5.357,-13.587,-1.574
-5.704,-15.372,-2.613
-5.407,-14.97,-1.799
-4.804,-14.291,-1.637
-5.496,-12.958,-0.392
-6.048,-12.374,-0.223
-5.338,-16.904,3.692
-4.165,-8.314,0.337
-4.386,-8.838,3.694
-5.931,-9.298,2.646
-4.027,-7.68,4.465
-3.833,-8.405,4.831
0.658,-12.7,9.405
-4.819,-8.209,4.969
-5.479,-6.577,6.161
-4.474,-8.788,6.379
-6.565,-5.462,7.726
-4.177,-5.704,10.001
-1.799,-6.101,9.989
-4.266,-10.683,15.494
-6.864,-3.125,11.728
-5.891,-2.18,11.96
-6.08,-0.971,12.094
-4.486,0.05,12.054
-5.895,0.565,13.066
-6.319,-0.488,12.886
-4.993,-1.869,12.004
-5.168,0.699,10.444
-3.785,-2.596,11.147
-6.182,-3.106,13.932
-4.302,-1.376,11.721
-5.134,-3.11,8.998
-5.276,-2.115,8.269
-8.408,-3.182,9.07
-4.01,0.244,5.991
-5.558,-0.376,6.563
-4.742,2.539,7.539
-4.938,1.038,8.096
-4.06,0.519,7.845
-3.208,2.22,7.934
-2.259,2.814,6.565
-1.507,2.816,6.202
-1.163,-0.043,6.857
-1.041,-2.522,7.383
-0.67,-3.508,7.503
0.878,-0.775,8.171
-0.263,-3.529,7.077
-0.072,-5.498,6.415
1.321,-6.876,5.28
1.06,-8.922,5.788
-0.555,-7.943,5.759
2.096,-10.776,4.027
0.926,-9.262,4.996
0.677,-9.625,4.551
0.538,-9.518,5.032
0.622,-9.089,5.091
0.639,-9.353,4.996
0.653,-10.838,4.945
0.598,-10.747,4.857
0.002,-10.494,4.742
-0.246,-11.666,4.711
-0.275,-12.391,4.819
0.548,-11.542,4.426
-0.766,-11.405,4.558
-0.39,-11.367,4.675
-0.455,-10.568,3.795
-0.651,-10.023,3.68
-1.613,-10.401,2.617
-2.357,-10.499,2.196
-3.199,-10.054,1.675
-3.976,-9.642,1.335
-4.39,-10.113,0.51
-4.443,-9.788,0.404
-4.319,-9.094,-0.514
-4.046,-9.123,-1.16
-4.221,-8.967,-1.687
-4.146,-7.242,-2.268
-4.151,-5.699,-3.615
-6.187,-7.183,-3.039
-5.118,-7.733,-0.945
-7.132,-8.419,-0.77
-6.781,-7.436,0.859
-8.489,-7.716,4.319
-8.781,-3.716,6.321
-8.774,1.754,10.255
-6.773,3.57,12.157
-7.192,4.486,13.76
-9.453,1.62,12.74
-10.432,5.725,12.209
-14.437,7.702,14.083
-13.528,3.216,14.492
-15.37,1.644,14.573
-13.791,-0.23,10.819
-13.331,-1.223,10.793
-15.109,0.445,8.039
-14.178,-0.969,11.326
-14.36,-1.136,7.307
-9.087,-2.359,7.733
-9.429,-2.216,4.91
-4.84,-2.842,5.13
-7.666,-1.861,3.168
-5.941,3.196,3.984
-7.439,0.16,2.125
-7.096,-0.617,3.548
-6.419,-1.024,5.591
-5.204,-1.294,5.235
-7.242,-4.323,3.472
-39.82,21.014,24.77
-5.993,-4.974,3.775
-10.302,-9.044,1.294
-6.627,-11.824,4.266
-7.939,-18.712,-1.895
-5.666,-15.269,-2.979
-7.472,-15.257,3.476
-11.386,-9.226,4.536
-10.219,-11.685,1.89
-9.436,-11.279,-0.268
-8.027,-5.096,0.622
-8.142,-8.927,-2.931
-7.104,-11.161,-4.256
-7.214,-7.625,-1.828
-6.924,-8.221,-2.744
-6.721,-13.798,0.459
-5.704,-11.35,-1.723
-4.142,-5.185,0.5
-2.952,-11.666,0.292
-3.433,-11.929,-1.371
-4.316,-7.039,1.098
-1.287,-5.469,2.876
-1.323,-9.51,0.852
1.213,-4.163,4.017
-0.055,-3.5,5.182
2.098,-4.878,5.778
3.854,-3.512,6.615
5.39,-1.677,4.651
1.113,-4.443,8.187
2.043,-1.139,9.728
3.823,3.309,10.805
5.737,3.799,10.747
6.477,-1.622,10.082
4.149,-2.306,8.199
5.704,-1.668,12.642
1.349,-2.019,9.585
2.773,-0.691,8.709
4.895,-2.577,8.716
3.397,-0.433,8.939
5.233,-0.727,8.19
3.842,7.506,26.072
10.661,-2.902,6.886
4.347,-17.724,9.836
4.962,-9.97,3.376
8.857,1.041,4.146
9.24,-0.852,0.452
8.288,-5.211,3.792
9.788,-2.689,6.302
14.2,-3.874,6.685
13.587,-4.256,7.601
12.884,-15.327,7.867
22.493,5.532,6.271
10.166,-7.544,6.79
12.786,-1.646,7.214
3.132,-14.568,1.325
-7.266,-4.084,6.281
-10.066,-14.549,3.433
-1.165,-9.573,6.862
7.506,-8.848,5.087
-1.538,-7.238,10.716
1.189,-6.52,9.537
-1.72,-7.455,6.955
-3.519,-11.836,4.73
0.804,-9.393,4.771
2.149,-13.642,2.885
-2.73,-11.724,8.742
0.16,-11.018,6.163
-1.139,-11.324,4.402
-0.282,-7.376,7.068
-1.22,-7.919,7.163
1.108,-11.092,5.804
0.356,-14.293,5.95
2.479,-12.633,7.587
1.213,-13.997,7.85
0.191,-12.611,7.23
1.589,-9.642,9.393
1.495,-10.066,6.979
-0.007,-10.843,7.604
1.263,-8.369,7.998
1.9,-8.931,8.185
1.725,-9.439,7.996
2.637,-7.972,8.891
2.933,-7.482,7.852
2.338,-8.228,8.19
1.074,-9.606,10.336
3.649,-8.02,7.192
5.02,-6.106,7.242
7.183,-3.95,5.78
4.362,-5.867,7.623
5.517,-3.694,2.074
6.082,-3.531,1.459
4.175,-0.758,1.323
3.101,-2.146,0.153
4.74,-1.452,0.294
2.273,0.785,3.003
3.378,0.278,2.96
6.075,1.105,-0.577
4.268,0.857,2.103
1.9,0.359,2.218
1.919,-3.185,4.268
2.06,-4.46,2.933
3.914,-1.45,5.685
4.941,-4.012,5.151
5.553,-11.133,6.47
5.371,0.419,9.692
6.266,2.854,9.427
1.924,-6.848,10.025
-3.811,-7.305,4.462
-2.627,-0.849,8.733
-4.871,-7.642,8.092
1.601,-21.667,8.343
-2.029,-9.252,9.264
-7.924,-9.321,6.123
0.014,-8.697,9.362
-3.438,-8.582,9.243
0.818,-10.57,8.702
0.842,-10.25,7.18
-0.1,-9.522,7.721
-0.689,-8.831,7.403
-0.828,-9.156,6.422
-0.433,-9.786,6.63
0.048,-8.518,8.108
-1.046,-6.336,8.498
-0.696,-8.108,9.293
0.935,-6.771,9.599
0.196,-9.738,8.185
-0.148,-10.267,8.355
0.16,-7.496,8.774
-0.321,-7.809,8.467
-0.957,-7.328,7.522
-0.005,-6.13,7.632
-0.514,-7.312,8.4
-0.017,-10.468,10.085
0.861,-8.099,9.944
1.081,-5.84,9.965
1.005,-6.362,8.752
1.249,-6.556,7.132
0.203,-7.601,7.395
4.9,-8.132,4.773
0.622,-6.273,7.517
2.278,-3.565,8.393
2.574,-3.421,9.068
3.527,-2.517,7.19
3.711,-1.725,6.18
4.34,2.283,8.013
4.859,4.826,7.85
3.835,9.19,8.171
-2.687,5.867,5.493
-6.888,5.706,3.895
-8.219,2.555,4.091
-10.573,15.317,4.871
2.96,12.489,0.589
-3.601,7.982,7.843
-10.145,4.838,6.9
-9.288,-0.431,4.304
-11.592,-10.097,1.964
4.201,-13.26,-14.461
-9.341,-16.533,-2.469
-7.8,-19.909,-7.506
-14.815,-30.101,5.206
-16.315,-19.478,1.273
-8.269,-23.856,7.254
-12.669,-11.695,-2.019
-21.203,-8.668,2.845
-21.012,-7.927,1.407
-19.37,-7.149,1.165
-11.231,4.17,10.101
-23.998,-5.079,8.642
-27.05,6.481,23.675
-17.875,-0.098,1.392
-13.439,-4.532,0.778
-16.097,-6.194,3.692
-5.438,-10.558,11.544
-14.243,-2.352,8.149
2.95,18.114,49.335
-10.365,-0.077,31.881
-6.082,-11.504,11.054
-17.21,-14.578,7.137
-14.899,-17.892,8.549
-13.135,-9.948,5.766
-14.492,-26.491,10.98
-42.294,-7.833,21.33
-48.198,11.427,14.554
-49.34,12.437,-4.62
-50.029,-16.82,6.637
-58.412,-18.239,6.484
-51.818,-13.135,0.392
-47.998,-11.372,8.754
-36.535,22.182,-3.452
-16.75,14.296,-6.415
1.177,25.122,-5.161
-40.798,5.075,49.694
-48.354,31.721,-35.714
4.18,56.333,-9.321
-13.528,27.314,18.059
-9.745,5.996,13.176
-12.922,4.383,20.131
-3.563,1.658,22.514
-11.408,2.139,3.656
-12.126,-5.125,0.833
-9.367,-7.479,13.408
-5.706,-2.306,9.812
-6.733,-1.689,10.587
-8.563,-4.646,14.221
-6.214,-1.299,12.018
-6.328,-0.689,15.997
-5.769,-3.493,14.978
-6.95,-4.618,13.666
-7.592,-4.704,14.308
-5.12,0.136,11.963
-4.855,1.577,15.497
-6.319,-1.28,8.032
-4.378,-4.857,14.2
-7.606,-1.73,17.282
-3.967,1.771,15.463
-4.455,0.541,12.812
-4.91,-6.711,10.659
-1.725,-5.67,9.664
-3.237,2.744,13.753
1.235,5.651,10.513
-3.529,0.079,11.511
0.017,5.426,8.484
3.496,10.592,4.694
3.905,13.525,6.668
0.292,8.841,4.484
-4.01,9.788,2.766
-8.92,4.663,5.886
-5.603,5.436,0.39
-1.904,6.57,-9.525
-5.749,7.317,-8.931
-7.163,9.101,-3.649
-8.754,-1.06,-3.972
-6.883,-11.243,2.141
-11.458,-18.471,11.728
-9.795,-13.415,11.123
-2.785,-15.53,21.883
-11.838,-8.525,18.937
-14.341,-4.74,7.644
-8.111,-5.058,-0.61
-9.8,-13.623,5.297
-15.492,-8.544,2.397
-17.162,-8.805,0.562
-23.787,-14.999,-3.235
-18.854,3.95,-1.302
-15.494,7.037,2.996
-34.434,-0.416,6.953
-38.602,-24.225,10.57
-36.984,2.543,10.925
-39.98,-6.505,20.035
-39.724,-2.153,16.753
-24.586,8.429,13.006
-24.835,19.791,8.506
-27.046,-2.696,4.455
-22.167,7.424,-13.406
-11.145,-2.876,-0.213
-15.368,1.771,19.861
-20.502,-18.609,9.302
7.458,-6.465,-26.299
-7.154,26.747,19.978
-8.19,2.608,-2.969
-26.622,-23.318,2.873
0.471,-14.762,11.554
-7.546,-17.782,2.333
-11.506,-25.921,-1.797
-26.517,-29.589,18.425
-37.461,-15.226,17.444
-42.641,-1.469,15.97
-44.729,-2.35,6.269
-43.691,-10.963,10.36
-53.855,-3.39,10.408
-43.94,-9.489,0.598
-30.771,-4.859,-2.316
-19.669,-5.395,-10.59
-28.924,-5.101,-5.015
-32.195,1.354,-0.297
-17.53,4.953,29.565
-15.961,77.917,3.711
-22.89,73.091,1.845
23.165,20.064,-7.733
-6.637,3.137,0.646
-8.132,1.596,10.056
-8.608,7.271,14.248
-4.206,10.884,14.351
-12.439,11.389,34.958
-0.299,4.417,9.379
-10.14,-0.945,16.006
-6.168,1.864,13.413
-5.166,3.474,11.953
0.792,2.479,13.303
-3.653,0.622,13.851
-3.718,-0.665,14.006
-3.854,-0.546,15.059
-3.682,-1.651,14.076
-4.761,-6.089,11.661
-4.328,-3.467,13.394
-2.381,1.153,11.298
-4.311,2.9,16.892
-2.991,0.981,16.475
-1.354,0.577,15.277
-3.345,-3.139,15.171
-3.854,0.256,14.867
-2.62,4.68,14.899
-4.773,-1.325,12.073
-0.995,-0.995,11.3
-2.0,0.34,12.035
-1.522,3.266,9.154
1.134,2.433,5.685
2.783,2.804,6.316
1.869,7.034,5.352
11.602,11.958,6.876
0.378,8.86,-2.381
-6.254,2.531,-3.089
-6.941,10.121,-3.254
-5.436,14.513,-3.086
1.364,19.416,-8.896
-11.925,0.459,-4.077
-11.884,5.546,-2.132
-3.22,-3.266,4.548
-9.884,-16.693,7.785
-17.719,-20.076,15.423
-8.953,-12.178,11.64
-10.63,-8.262,7.718
-12.92,-14.123,8.015
-16.014,-9.097,8.295
-18.801,-6.73,8.838
-19.492,0.644,1.127
-22.84,-4.194,3.29
-26.955,-1.936,-0.924
-23.608,-3.481,-0.581
-14.243,0.876,5.68
-29.943,-5.07,12.575
-37.485,-5.247,11.882
-27.998,-8.006,22.89
-24.77,-2.333,18.499
-34.8,5.668,10.113
-25.601,-2.531,15.133
-28.46,8.013,-2.507
-24.79,9.013,8.491
-15.47,16.643,8.599
-16.738,3.718,2.84
-13.64,-3.522,5.905
-13.585,-2.208,4.299
-21.438,18.413,-17.1
-18.485,33.058,23.596
-12.595,3.122,0.356
-8.51,-20.119,4.087
-1.507,-19.918,8.573
-9.843,-6.575,8.12
-3.563,-17.327,-4.467
-14.808,-26.426,-0.813
-29.687,-14.262,3.378
-21.081,-3.177,-2.409
-47.081,-20.909,25.818
-43.109,-32.362,13.035
-52.969,-23.258,8.745
-48.091,-7.704,12.889
-27.0,5.833,9.908
-3.945,1.086,5.694
-17.746,10.886,-1.476
-25.675,-8.537,-13.477
-38.358,-16.518,63.6
42.09,50.577,0.22
-7.599,60.118,-6.604
9.223,19.143,-6.723
2.151,-2.847,-1.464
-14.42,-12.817,12.391
-9.546,0.112,15.777
-7.881,6.374,17.985
-8.809,5.29,21.643
-1.802,-0.715,18.904
-4.998,-3.362,19.492
-11.489,0.72,15.827
-6.977,-0.34,14.934
-3.192,-0.316,13.645
-2.785,-4.941,13.592
-4.828,-3.931,16.473
-4.852,-3.728,16.37
-6.161,-2.749,13.662
-2.61,-0.431,14.231
-5.307,2.309,13.365
-5.233,-1.134,16.841
-4.73,-3.708,14.403
-3.988,-3.876,13.791
-5.338,-4.154,12.231
-4.457,-2.826,13.052
-1.878,-3.005,12.602
-3.708,-3.637,11.707
-2.07,-2.491,13.04
-0.385,-1.663,12.894
-1.074,-0.77,12.999
-1.244,-0.196,15.284
-4.082,-2.548,11.204
0.132,5.101,7.783
2.283,11.075,6.202
3.369,11.037,6.74
-1.105,5.857,6.072
-3.498,4.601,7.36
-9.042,6.479,2.596
-3.421,7.771,2.483
3.23,3.24,-7.092
-8.616,1.94,-4.747
-6.604,7.527,-0.708
-7.647,10.451,1.782
-10.346,-8.86,-2.163
-6.163,-26.146,-4.12
-6.855,-17.334,6.249
-13.178,-16.018,13.994
-11.48,-14.561,11.81
-13.169,-15.253,9.74
-14.547,-7.424,12.092
-14.923,-5.175,3.218
-17.619,-13.217,13.513
-23.572,-1.081,2.596
-18.109,1.526,7.587
-22.6,8.104,9.257
-28.737,0.986,20.442
-27.917,-0.012,14.221
-32.434,-8.903,17.607
-30.824,2.541,18.03
-20.196,12.262,14.841
-26.694,2.818,5.625
-28.656,0.897,2.754
-26.196,10.436,-0.148
37.595,-19.894,-19.88
-16.023,4.718,-0.397
-21.296,-5.194,-1.775
-12.52,6.544,18.569
-16.037,14.085,28.479
-29.608,12.092,-11.594
-12.64,-19.753,15.557
2.414,-20.392,-1.833
-3.766,-18.988,15.497
-12.121,-17.863,9.994
-16.683,-26.462,10.645
-23.079,-10.869,16.279
-26.232,3.244,17.693
-33.829,3.285,5.816
-33.348,-8.494,3.986
-41.157,-16.54,7.73
-52.369,-11.932,10.166
-51.84,-10.743,9.63
-42.894,-9.872,4.828
-40.865,-7.714,2.381
-43.179,-0.689,12.702
-18.253,8.747,-4.108
-28.228,0.562,-5.252
-39.344,-21.598,65.657
-8.927,68.672,26.474
-7.673,36.386,-9.719
3.225,3.175,-6.175
-4.362,0.409,7.936
-5.646,4.197,12.319
-12.54,2.419,14.367
-8.865,7.137,19.026
-16.384,-5.924,23.167
-2.9,-6.876,7.415
-6.79,-8.738,6.111
-12.138,-3.596,6.723
-3.07,-2.675,10.793
-2.18,-4.618,12.798
-5.532,-2.912,11.932
-5.0,-3.007,12.855
-3.744,-2.945,12.836
-6.726,-0.909,14.013
-8.14,0.187,17.325
-8.513,-1.117,17.889
3.833,-0.17,13.04
-5.273,-3.005,14.2
-5.201,-4.072,14.188
-1.369,-3.484,8.501
-3.787,-4.232,13.671
-2.323,-4.161,10.755
-3.833,-5.969,15.643
-2.278,-4.505,12.092
-1.584,-3.062,11.879
-1.914,-2.522,10.781
-2.864,-1.888,11.243
-2.227,-3.048,11.288
-1.871,-2.548,10.47
-3.062,-0.854,11.87
-3.639,0.39,10.123
-0.701,2.859,10.104
1.895,9.341,10.133
2.311,9.159,9.142
-0.787,7.474,8.453
-6.575,5.642,12.456
-11.53,1.17,8.087
-6.553,3.012,0.029
-3.527,2.151,-4.558
-5.646,6.149,-10.549
-9.848,12.877,-0.993
-10.702,12.805,3.189
-5.556,-7.283,-2.373
-14.552,-15.279,-1.328
-14.016,-14.181,4.515
-10.247,-14.774,8.276
-10.032,-17.38,13.497
-17.798,-16.21,9.573
-17.028,-13.367,7.663
-16.901,-13.418,12.054
-13.879,-14.344,10.57
-21.009,-6.757,10.515
-20.232,-8.003,11.712
-12.63,1.888,-0.811
-20.012,-1.053,3.874
-13.336,9.424,11.37
-25.787,3.749,10.999
-23.809,2.043,11.989
-34.168,-1.254,17.71
-22.761,3.242,18.801
-27.74,8.675,8.398
-22.832,-2.33,7.764
-21.801,2.204,0.026
-17.435,1.144,-2.897
-12.719,16.614,-4.304
-19.377,-8.4,6.175
-29.749,-7.3,24.227
21.126,18.461,-36.571
-2.187,15.322,10.934
-19.464,-7.328,11.764
-17.966,-31.601,8.929
1.888,-40.607,4.177
-10.783,-34.85,8.223
-43.255,-8.257,2.251
-28.055,6.809,20.236
-32.163,10.13,17.731
-40.013,1.648,1.696
-44.222,-19.626,0.969
-46.658,-33.757,5.869
-35.781,-8.264,43.263
-55.584,0.469,8.288
-41.815,5.125,-9.132
-27.156,7.345,-7.735
-19.832,12.355,-15.958
-13.571,-0.373,-18.502
-14.016,-3.761,-13.209
-23.553,6.34,-3.278
-35.508,78.376,-4.981
-16.643,40.112,3.558
-6.044,24.282,9.319
-23.031,15.801,16.851
14.454,17.117,5.879
-0.914,-4.539,8.398
-7.491,-6.819,12.729
-7.718,0.603,18.889
-16.114,8.281,15.226
-14.092,-0.943,16.059
-9.623,-1.804,12.609
-4.024,-5.513,15.473
-7.556,-3.45,15.114
-6.285,1.27,17.492
-5.036,0.223,14.171
-7.206,-1.364,16.791
-9.348,-3.9,11.824
-3.577,-1.036,14.121
-5.785,0.476,13.174
-5.864,-0.428,14.265
31.309,-2.589,1.84
-3.158,-3.326,15.569
-4.051,-3.034,14.753
-5.185,-3.859,14.243
-4.555,-5.01,12.3
-3.503,-3.847,12.25
-2.641,-5.431,12.257
0.445,0.416,4.85
-0.735,0.749,10.848
-2.716,2.105,9.833
-6.252,-1.747,16.715
-3.79,10.233,6.989
2.019,12.044,5.78
1.811,11.329,5.462
-0.182,12.305,5.218
-4.189,10.917,6.458
-6.855,7.429,0.95
-11.085,2.388,1.455
-5.015,2.132,1.242
-4.548,2.117,-3.546
-4.242,4.512,-7.257
-5.752,11.331,0.077
-3.601,13.681,3.366
-5.678,-3.122,6.493
-7.611,-11.185,3.85
-9.061,-12.623,3.912
-8.022,-12.078,5.919
-10.858,-18.224,9.427
-8.207,-26.33,17.174
-10.865,-13.032,12.059
-9.448,-20.973,13.257
-12.927,-10.25,8.855
-10.992,-14.032,16.133
-16.274,-10.436,3.493
-16.121,-11.525,2.775
-13.401,-3.68,-1.103
-3.122,11.894,0.658
-18.258,6.757,12.37
-31.625,4.008,12.439
-39.731,-3.871,7.742
-26.732,-15.6,10.972
-28.414,-7.977,7.807
-28.13,-4.168,6.498
-17.495,-2.424,6.01
-25.749,2.359,7.51
15.344,10.635,-16.968
-20.574,-2.73,4.95
-17.815,2.996,-5.584
-12.15,-0.945,3.067
-16.423,-15.698,0.636
-8.503,-2.376,9.463
-13.76,26.058,29.491
-11.872,11.903,20.174
-26.558,-4.807,15.365
-21.22,-8.982,5.142
-8.434,-22.763,6.388
-7.068,-28.639,3.859
-22.739,-23.476,16.918
-31.915,-2.333,17.03
-37.52,8.867,8.728
-37.674,-7.628,3.307
-39.143,-22.311,3.508
-48.746,-27.615,6.178
-46.093,-12.169,-6.369
-53.744,3.187,-12.549
-37.973,-3.785,-11.85
-25.837,-2.699,-15.887
-23.73,0.44,-9.4
-41.502,-5.07,2.57
-58.52,-8.077,-77.115
3.869,78.376,8.118
-32.838,33.278,-10.523
-3.898,11.953,2.828
-7.178,2.223,5.005
-7.039,-0.974,9.341
-8.329,2.546,15.822
-10.802,6.065,16.616
-13.537,1.12,8.446
-3.886,-6.838,11.458
0.766,4.383,17.432
-8.101,3.163,11.755
-2.639,0.763,11.432
-4.087,4.957,12.52
-4.981,0.203,13.092
-6.568,0.316,10.061
-4.075,-3.965,12.312
-2.507,1.725,14.329
-4.362,0.579,13.262
-2.895,-0.986,15.298
-3.017,-1.821,12.252
-4.266,-0.888,10.027
37.906,2.445,25.065
-1.9,-1.933,14.566
-1.622,-2.132,14.2
-1.653,-3.881,13.894
-1.254,-4.91,14.078
-0.325,-3.259,13.925
-1.503,-2.438,14.308
-1.115,-3.043,13.212
-0.306,-1.297,10.704
-0.526,1.093,8.659
1.232,1.203,7.221
-3.352,7.613,-3.211
1.938,10.317,6.046
-2.864,5.668,2.751
-6.355,4.311,2.318
-4.031,4.551,4.232
-4.498,12.408,-1.378
-4.682,14.32,-1.814
-5.943,9.171,-6.041
-5.859,2.419,-6.654
-8.931,-5.919,-2.68
-7.711,-7.716,-1.192
-14.736,-10.59,1.39
-7.855,-14.143,10.18
-8.874,-13.59,4.048
-11.133,-22.521,11.355
-20.952,-10.664,14.042
-22.261,-12.434,16.277
-19.289,-7.984,4.5
-17.674,-13.008,10.523
-21.847,-11.104,12.051
-14.047,-8.247,8.865
-15.269,5.919,-2.237
-22.15,9.896,8.19
-25.754,10.975,6.45
-33.738,2.615,9.735
-40.662,-15.549,16.42
-29.496,-7.546,6.391
-27.606,8.666,14.437
-26.859,7.025,2.84
-22.964,3.764,-3.208
-18.964,2.682,-9.709
-15.095,2.371,7.587
4.18,-3.677,14.93
-16.511,-8.936,13.327
-22.749,5.828,7.666
-21.504,23.182,29.685
-11.867,10.051,15.391
-30.812,-39.542,34.271
-0.239,-26.548,4.268
-9.697,-23.526,10.958
-32.044,1.17,20.402
-28.237,1.505,17.32
-35.537,7.008,13.087
-37.875,8.238,0.524
-41.667,-11.91,0.194
-49.694,-20.713,10.288
-44.313,-9.795,-2.522
-49.766,-12.604,7.02
-44.739,-6.852,8.809
-21.945,17.858,-1.907
-15.207,15.679,-2.984
-16.549,5.685,-7.795
-28.019,2.421,-4.06
-38.628,9.164,78.39
-13.791,78.18,3.108
-2.476,20.201,3.862
0.426,5.046,3.158
-1.751,1.194,8.781
-3.905,2.809,8.764
-6.039,4.85,12.635
-10.46,-7.517,21.265
-12.812,-3.63,9.735
-9.202,3.998,19.057
-21.985,-0.043,14.772
-3.153,3.29,9.094
-2.783,8.814,10.491
-5.084,4.314,11.594
-2.507,-0.964,10.161
-11.688,-6.237,18.935
-8.092,-3.909,13.231
-1.251,2.287,14.982
-6.615,1.916,15.987
-4.326,0.297,14.308
-4.139,-0.601,13.53
-3.737,-0.888,13.379
-2.943,-1.445,12.379
-3.058,-0.854,13.611
-2.629,0.811,12.98
-2.409,0.967,12.279
-2.964,-0.981,10.968
-3.132,1.596,11.647
-1.787,2.01,10.487
-1.055,2.098,12.903
-3.704,1.141,11.678
-3.031,3.299,10.214
-2.761,5.06,11.771
-2.141,4.235,10.011
-2.759,6.915,10.673
-2.467,9.979,8.611
0.062,5.797,6.984
-1.51,3.168,5.405
-4.73,3.314,5.151
-7.245,1.072,4.407
-4.898,0.395,1.675
-6.532,4.412,-2.806
4.395,0.639,-3.022
-6.891,5.362,-4.323
-9.207,2.598,2.318
-8.448,-5.809,3.311
-6.84,-7.647,9.448
-8.546,-2.653,9.006
-4.608,-13.36,8.537
-10.212,-19.423,12.401
-14.738,-16.748,12.918
-18.016,-11.353,9.534
-22.828,-3.043,11.781
-21.143,-14.544,13.386
-13.609,-16.837,6.709
-8.719,-5.07,11.659
-8.003,6.075,3.45
-8.69,-4.41,5.005
-10.676,6.565,1.014
-19.787,11.003,13.123
-30.187,1.816,18.808
-24.749,-7.338,13.152
-28.273,-8.513,8.879
-28.161,-8.049,8.034
-21.366,5.917,0.462
-26.235,3.57,3.12
-21.335,-0.998,7.467
-18.485,9.606,8.467
-16.573,-0.022,11.774
-19.416,-7.965,15.135
-0.684,-4.493,2.613
8.049,18.109,35.982
-18.306,22.351,8.321
-41.578,-10.592,-1.287
-3.058,-18.985,0.629
-12.379,-24.593,8.599
-18.593,-7.553,15.04
-21.399,6.544,21.079
-22.919,12.92,10.29
-32.247,4.079,-1.127
-32.032,-10.989,-1.512
-34.738,-15.133,5.845
-45.174,-15.061,12.331
-45.78,2.562,10.824
-39.75,13.068,9.128
-27.333,14.808,2.582
-9.905,17.32,-0.529
-8.491,10.695,-10.611
-9.164,-1.232,-16.059
-20.378,-8.152,-8.233
-23.364,4.627,17.143
-73.703,78.18,1.081
-11.204,35.35,-5.675
-1.268,5.529,0.754
-3.515,18.246,9.384
-2.16,5.931,6.338
2.254,3.708,8.843
-0.349,3.424,12.927
-1.706,-2.11,15.025
6.135,-11.822,23.548
4.601,-0.79,13.626
-12.843,8.812,-1.866
-11.456,5.998,12.209
-5.398,3.594,15.071
-3.357,6.915,13.324
15.119,7.137,12.616
-2.974,1.007,9.924
-5.228,-2.878,13.678
-4.785,-4.773,11.169
-2.804,-1.983,12.138
-1.029,0.708,13.221
-2.804,3.094,12.595
-3.864,0.122,10.448
-3.024,-4.668,10.582
-2.383,-5.101,10.195
-2.438,-1.44,10.389
-2.452,-1.543,8.982
-2.962,-4.646,7.185
-3.091,-5.625,5.362
-4.814,-7.699,4.488
-4.087,-7.171,5.137
-4.778,-7.891,3.993
-7.211,-11.393,2.003
-7.446,-10.817,3.029
-7.843,-9.522,3.206
-8.266,-10.231,3.991
-9.616,-9.618,5.73
-8.472,-5.489,3.464
-4.043,-6.199,6.711
-9.408,-6.659,4.163
-12.949,-4.505,3.376
-13.487,-5.228,5.611
-14.875,-1.103,6.589
-10.503,0.744,6.106
-10.269,0.596,11.944
-11.63,2.948,10.63
-12.939,2.617,9.802
-10.195,-4.043,11.76
-14.786,-13.745,11.743
-10.781,-7.044,7.044
-12.334,-7.616,10.219
-10.702,-11.86,9.336
-12.822,-8.204,6.225
-9.874,-6.247,8.161
-13.224,-2.814,6.525
-12.087,-2.438,4.974
-11.642,-1.715,3.531
-11.307,-1.237,3.579
-11.559,0.861,4.163
-11.422,2.565,3.627
-10.81,1.175,1.337
-10.092,0.797,0.778
-9.678,3.129,1.503
-10.75,4.376,2.122
-9.755,2.469,0.163
-9.01,3.228,1.802
-10.03,4.644,1.701
-9.274,7.754,2.067
-7.704,4.706,0.177
-6.29,4.177,-0.144
-6.812,6.426,1.979
-7.039,6.895,3.857
-6.314,7.802,3.034
-6.381,4.127,2.462
-7.367,3.68,2.622
-6.051,5.917,1.467
-5.565,4.118,3.022
-4.091,3.113,3.957
-5.874,3.22,2.211
-3.63,1.5,2.417
-3.249,0.019,4.931
-4.268,0.426,3.988
-4.716,-0.024,3.558
-3.634,-0.512,4.012
-3.811,-1.151,4.74
-3.967,-3.01,5.599
-3.031,-4.142,4.778
-4.503,-1.266,7.23
-4.055,2.424,7.678
-3.898,-0.187,9.199
-2.369,0.029,7.874
-1.876,2.792,8.637
-3.051,-0.629,6.836
-2.929,-5.048,6.383
-4.366,-4.563,9.554
-4.905,-2.967,11.855
37.489,2.402,14.614
-8.336,-4.953,7.151
-5.981,-5.797,7.57
-4.838,-6.103,7.233
-8.166,-6.991,8.125
-7.86,-6.448,8.96
-8.563,-8.695,5.4
-7.745,-11.901,1.211
-8.769,-15.375,-1.048
-8.034,-12.164,-0.146
-8.463,-13.535,-1.314
-11.465,-16.186,-2.476
-9.424,-14.674,-3.503
-10.463,-14.611,-4.302
-10.932,-14.037,-3.34
-11.14,-12.346,-2.675
-8.539,-12.798,-4.747
-6.297,-12.286,-2.976
-6.211,-10.819,-4.132
-5.218,-9.628,-2.0
-3.438,-10.192,-0.629
-1.732,-8.896,-2.11
1.531,-8.331,-1.727
1.414,-8.006,-1.392
2.299,-7.343,-0.299
5.297,-4.689,-0.823
8.613,-2.847,0.67
8.376,-2.684,0.691
9.441,-2.62,-0.694
8.183,-4.039,-4.364
2.852,-6.647,-3.34
2.062,-6.261,-3.795
4.984,-4.577,0.309
-0.739,-5.596,0.727
-2.778,-7.941,20.33
5.029,10.745,5.771
8.814,-7.283,5.288
8.187,-7.259,5.532
6.714,-1.646,11.2
9.355,0.239,2.29
9.25,-4.381,3.924
7.271,-3.972,3.101
9.951,-2.318,6.984
-17.057,0.364,-5.46
13.808,4.78,6.139
11.286,2.242,10.805
15.341,-6.225,4.816
14.15,-1.452,5.388
8.975,1.349,4.948
4.106,-1.467,3.395
-3.515,-6.929,11.015
-8.518,-2.206,9.281
-8.97,-4.811,11.908
0.852,-4.962,10.013
1.227,-4.67,12.224
0.701,-5.577,10.259
-0.775,-9.915,8.293
-1.314,-5.804,8.278
-2.046,-10.238,6.893
-1.421,-11.731,10.259
1.581,-5.993,9.932
-0.462,-8.142,10.322
-0.904,-9.446,10.41
1.395,-5.63,13.044
1.141,-7.326,11.03
-1.658,-11.489,10.956
2.907,-9.757,11.769
1.979,-12.774,9.767
0.481,-10.826,10.29
3.01,-5.29,11.398
1.792,-9.235,10.295
0.88,-8.209,10.463
3.321,-6.996,9.958
2.933,-5.249,11.728
2.062,-4.788,8.204
2.208,-6.036,9.877
5.45,-4.57,8.443
3.031,-5.187,7.625
4.067,-1.986,8.376
4.41,-0.952,6.338
7.496,0.038,5.302
5.783,-1.646,2.857
5.254,-2.639,1.763
9.664,1.089,-1.156
0.735,2.352,5.718
2.251,-0.124,0.239
2.539,0.959,-1.007
2.986,1.72,1.034
7.773,2.625,3.034
1.225,-1.22,5.283
0.991,2.979,4.809
2.318,-1.314,6.651
1.763,-1.108,5.792
1.95,-1.593,7.4
-3.697,-4.778,5.199
4.194,8.812,9.061
7.706,-6.321,3.57
3.273,5.137,7.649
2.239,-1.589,9.936
-4.661,-8.675,9.587
-2.515,-13.365,11.894
-5.749,-6.326,16.212
-6.639,4.924,10.992
-3.864,0.459,15.387
-2.189,-1.787,13.597
-3.802,-2.795,12.929
-2.869,-2.199,13.166
-3.646,0.038,14.071
-4.144,-0.562,12.894
-1.739,-2.098,14.394
-2.608,-0.124,13.855
-3.079,2.393,16.341
-3.536,1.019,14.779
-1.96,-1.103,14.676
-1.873,-2.089,13.331
-1.438,-5.546,13.733
-2.917,-7.577,16.851
-2.292,-2.938,13.769
-35.185,-6.716,3.065
-1.067,-2.467,10.451
-0.816,-3.711,10.695
-1.041,-3.182,11.539
-0.445,-4.35,10.219
-0.007,-2.675,10.499
-0.431,-2.137,10.054
0.108,-2.261,10.336
-0.459,-2.206,10.283
-0.134,-1.122,10.357
0.589,0.208,9.247
1.235,-0.335,9.166
0.045,-0.187,10.099
2.627,3.156,8.398
0.907,3.711,8.029
4.237,4.515,7.687
1.273,3.364,4.094
0.703,6.606,3.893
1.625,10.989,4.065
1.861,11.544,4.503
-1.225,8.876,1.629
-5.412,6.778,0.689
-7.367,7.747,2.883
-3.828,5.78,-0.464
-2.728,5.39,-7.977
-6.532,6.364,-5.419
-7.19,11.877,4.139
-6.867,12.927,3.902
-5.067,4.345,8.364
-6.199,-3.113,5.802
-13.815,-10.527,2.299
-4.965,-13.808,3.677
-9.448,-23.067,13.922
-11.181,-16.609,19.313
-12.528,-16.241,13.987
-11.341,-14.934,11.166
-14.588,-8.75,9.25
-19.167,-1.328,8.927
-18.148,-8.207,1.335
-18.459,-7.039,4.9
-22.139,0.715,9.836
-19.11,4.338,17.267
-25.354,4.0,14.662
-29.362,-3.149,18.815
-23.586,12.422,13.174
-26.017,-8.075,4.898
-31.788,2.438,8.128
-25.471,2.294,7.551
-25.158,0.971,10.475
-22.971,-3.146,11.587
-18.861,1.153,12.877
-14.856,-7.149,12.817
-12.188,5.146,27.673
-15.99,28.108,46.158
-23.411,-0.591,10.999
-5.414,-13.348,11.047
-6.599,-24.033,7.19
-9.767,-18.382,9.585
-16.368,6.977,54.328
-13.171,-6.615,19.916
-26.412,-3.534,14.69
-28.986,0.636,6.013
-36.906,-4.288,0.457
-35.841,-9.963,-4.89
-50.421,-18.935,16.444
-51.29,-12.781,9.57
-48.586,-0.27,11.551
-45.954,9.298,-0.639
-43.653,15.918,-8.319
-5.197,20.823,-14.963
-11.03,8.24,-21.076
-15.808,-0.591,-8.908
-21.88,-0.909,-4.682
-55.998,13.965,45.069
-34.357,55.718,14.781
3.421,35.068,8.881
0.081,12.855,3.785
-2.653,13.877,5.178
1.895,4.663,5.051
-3.534,3.63,12.647
-10.111,-3.481,15.045
6.166,-1.715,8.163
-24.809,-3.232,17.751
-11.085,1.5,14.865
-8.637,1.979,13.394
-7.587,2.256,12.489
-8.297,3.577,13.664
-5.323,0.426,16.923
-6.348,2.306,14.422
-6.541,3.737,16.6
-8.814,2.086,13.614
-7.063,-2.768,11.425
-7.379,-5.869,13.836
-6.187,-4.448,11.073
-6.278,-1.381,14.724
-4.137,0.048,12.367
46.883,-6.147,9.001
-5.237,-2.646,12.288
-5.225,-7.718,10.764
-3.118,-5.489,9.362
-3.699,-2.029,10.393
-2.271,-2.33,11.293
-1.96,-2.486,11.602
-2.103,-2.634,12.049
-1.869,-2.12,11.996
-2.778,-0.962,12.166
-1.909,-2.05,12.078
-1.974,-0.746,13.599
-1.122,1.012,15.54
-2.115,4.441,10.853
4.431,16.255,4.656
2.582,11.159,2.467
-3.488,15.43,7.051
-4.098,9.688,17.784
-7.716,9.463,4.811
-2.629,9.159,2.673
-6.273,7.855,0.694
-5.192,6.769,0.679
-6.077,1.577,-14.023
-7.623,-8.68,-5.015
-11.819,4.802,36.678
-7.797,-0.069,1.706
-8.762,-6.936,6.527
-8.642,-14.028,11.147
-7.242,-11.91,11.279
-8.795,-17.597,12.051
-14.853,-17.626,11.523
-14.8,-20.21,16.899
-12.839,-3.596,7.699
-16.346,-8.073,17.332
-20.437,-2.67,8.338
-21.375,-9.123,14.09
-22.131,6.714,4.73
-23.366,7.613,10.535
-22.036,17.794,5.702
-25.113,6.225,23.175
-18.342,1.881,21.115
-18.097,-3.486,17.554
-24.711,0.615,7.934
-21.318,-4.386,2.976
-21.028,3.974,-2.818
-18.6,6.039,4.96
-17.203,6.721,6.809
-14.71,8.02,5.611
-13.317,10.604,3.601
-33.391,-11.621,28.567
-13.884,4.333,15.712
16.533,3.979,-25.378
0.086,17.554,22.031
-3.732,-0.165,-11.439
2.153,-23.067,8.836
-11.125,-10.247,12.264
-19.255,-4.158,18.703
-2.498,2.73,8.752
-23.481,-3.074,13.444
-28.625,4.472,8.228
-34.456,4.998,4.737
-38.927,-1.95,1.352
-42.133,-9.13,4.457
-47.588,-9.295,5.457
-44.564,-0.986,2.785
-34.286,3.548,-0.041
-31.599,5.436,-7.041
-25.713,15.092,-8.36
0.223,12.166,64.758
-11.905,0.629,-2.651
22.395,-9.044,36.542
-18.686,52.586,10.475
-10.286,26.763,-11.958
2.584,12.819,-2.486
-7.848,10.532,8.094
-8.649,2.304,8.561
-11.901,-0.921,10.551
-14.903,4.632,14.475
-10.133,3.634,16.344
-0.565,6.539,10.972
-12.836,0.959,7.905
-11.704,-1.077,7.852
-1.689,-3.366,9.484
-1.536,0.854,10.149
-5.819,1.062,13.82
-6.386,-3.476,14.277
-5.611,-2.51,13.829
-6.429,0.522,14.92
-7.453,2.895,16.102
-8.898,1.948,15.324
-7.788,0.426,14.198
-8.434,0.124,12.606
-7.185,-1.254,11.693
-7.338,-1.833,11.274
-6.393,-1.366,12.056
-5.264,-1.29,12.645
-5.249,-0.605,12.827
-5.568,-0.206,12.36
-5.9,-1.799,12.226
-4.938,-1.735,12.03
-5.725,-2.062,11.841
-4.716,-2.756,11.853
-4.52,-0.579,11.468
-3.986,0.986,10.546
-3.589,3.046,8.958
-3.761,3.443,11.846
-2.984,6.58,12.054
-5.859,6.649,10.484
-1.172,10.563,7.171
-1.077,9.393,3.883
-5.008,6.34,2.206
-7.355,4.163,0.608
-6.173,3.811,-3.936
-3.661,1.751,-9.001
-14.332,10.889,15.442
-7.101,15.506,-7.893
-3.737,2.125,-3.974
-8.398,-5.764,-3.876
-13.188,0.986,5.35
-14.42,1.148,9.056
-9.644,-7.429,9.781
-6.534,-13.231,11.463
-18.416,-14.53,12.673
-17.145,-4.785,19.215
-17.64,-10.513,17.889
-14.059,-7.197,15.255
-13.729,-12.104,8.68
-19.899,-7.041,11.733
-15.561,-2.275,5.824
-11.752,0.065,3.393
-17.167,5.979,-6.068
-25.225,14.769,8.465
-36.281,2.529,9.451
-35.46,6.958,14.336
-31.096,-9.924,7.223
-29.103,4.443,12.578
-19.141,2.268,10.424
-26.677,6.95,-1.948
-22.371,11.329,-3.651
-15.664,15.911,7.604
-12.075,0.108,12.293
-22.296,11.039,60.066
-16.679,8.3,19.416
-3.338,10.8,34.085
-22.763,17.643,8.936
-20.279,-17.258,-0.735
4.261,-15.64,2.187
-12.145,-20.717,6.041
-10.913,-1.916,12.224
-6.182,4.606,5.697
-21.863,4.599,13.159
-24.447,0.275,5.986
-34.683,-8.544,5.065
-41.727,-14.918,9.178
-47.265,-9.412,14.088
-50.457,0.505,10.133
-42.456,2.751,2.929
-32.685,0.931,-3.62
-28.783,10.02,-8.589
-10.424,20.244,-9.836
-8.211,9.444,-8.656
-43.294,5.532,-29.967
-11.812,60.123,-5.457
-10.173,17.88,-19.495
-4.323,27.795,-3.606
-11.508,14.145,5.414
-3.175,-0.292,4.5
-9.343,3.376,15.375
-15.262,0.577,16.961
-15.537,4.261,20.827
-9.795,-0.823,10.659
-9.02,-0.045,14.288
-10.324,1.823,11.587
-5.85,1.436,12.032
-5.089,2.787,11.415
-7.264,2.658,13.42
-7.35,1.036,14.879
-6.367,1.459,13.305
-4.965,1.065,11.585
-8.118,-1.646,11.133
-6.647,-0.749,11.111
-6.769,0.648,12.049
-6.182,-1.431,11.015
-6.438,-2.311,10.865
-6.484,-1.617,9.714
-5.443,0.156,9.183
-5.455,-1.359,9.879
-6.331,-2.338,11.092
-5.503,-0.361,11.606
-4.603,0.536,11.362
-4.594,-0.83,12.016
-4.295,0.227,12.76
-4.603,5.728,13.659
-5.283,2.96,13.016
-6.635,2.838,13.298
-6.068,2.73,12.484
-4.756,8.037,11.035
-3.266,9.733,8.886
-6.977,6.778,7.328
-5.077,7.441,5.245
-2.56,10.546,5.084
-1.663,9.396,5.29
-2.493,8.57,1.029
-1.23,7.943,0.306
-3.486,5.603,-1.603
-5.45,5.534,-0.89
-5.637,3.955,-2.95
-5.017,4.886,-6.431
-5.254,3.646,-2.742
-2.603,6.403,-2.976
-8.625,-4.144,2.263
-8.018,-11.286,3.297
-12.171,-5.101,9.716
-6.682,-4.668,14.035
-8.467,-12.951,19.978
-11.058,-9.056,13.272
-15.205,-11.169,15.167
-9.97,2.85,4.539
-14.808,-9.597,10.202
-21.753,-1.373,6.403
-19.72,-5.091,4.299
-22.203,-7.084,5.489
-27.845,-9.228,7.264
-30.022,0.412,0.385
-25.995,16.98,6.864
-27.225,-7.403,16.549
-22.825,1.077,14.762
-30.737,-5.048,18.188
-21.648,-1.249,17.609
-24.763,0.924,17.102
-23.222,2.208,5.675
-20.205,13.743,4.639
-24.723,5.168,8.74
-7.946,13.915,9.948
-10.034,6.749,11.14
-16.595,-2.711,13.212
-2.598,8.838,-41.011
-17.631,24.361,6.029
-21.947,0.574,0.067
12.403,-20.854,6.706
-15.083,-20.574,7.479
-8.549,-7.343,10.075
-10.149,-12.762,16.092
-18.138,-2.668,18.205
-27.682,10.023,14.119
-23.758,7.759,2.359
-31.575,-4.297,-0.61
-39.018,-16.566,20.421
-47.639,-15.595,15.303
-47.998,-8.348,9.128
-43.679,-2.687,6.367
-43.672,-5.828,19.275
-25.5,10.003,-7.29
-9.786,11.279,-9.046
-33.472,-10.458,-5.319
-42.308,-2.656,31.075
-19.239,78.376,-10.298
-16.339,22.0,-16.521
-5.022,12.02,-9.369
-7.462,12.848,-1.601
-3.677,11.539,4.299
-6.513,-0.12,5.259
-4.276,13.119,7.62
-8.046,-0.438,14.346
-11.154,1.223,16.322
3.857,8.616,0.914
-11.07,3.764,9.441
-8.008,2.168,12.164
-5.101,4.828,11.262
-3.63,4.826,11.74
-13.13,-0.663,11.664
-2.55,5.094,16.023
-4.512,5.024,16.803
-1.366,3.9,17.282
-5.063,1.864,14.43
-5.515,3.235,13.492
-7.099,3.132,15.777
-5.713,1.273,14.315
-3.883,-1.409,11.571
-3.723,-2.632,9.9
-2.728,-1.945,14.037
-2.024,1.519,13.437
-3.383,-2.632,12.078
-2.07,-2.412,11.463
-1.51,0.412,12.161
-1.512,-1.084,12.202
-1.89,-1.156,12.638
-2.11,-0.313,12.295
-1.725,0.256,11.324
-0.828,0.194,10.183
-1.806,1.924,11.515
0.024,6.089,6.91
-1.203,5.489,9.159
-1.254,7.742,9.975
-2.606,5.694,10.109
0.974,8.577,6.618
0.806,11.587,6.62
-0.732,9.353,7.771
0.244,7.494,2.929
-2.283,6.45,2.536
-5.472,6.443,-0.019
9.298,1.113,-5.123
-8.297,3.163,1.323
-1.907,7.163,-3.189
-1.859,6.374,-6.218
-6.73,6.661,2.091
-8.577,3.924,4.024
-8.491,-3.156,4.359
-8.661,-9.432,8.597
-7.123,-9.582,15.2
-2.12,-14.753,14.48
-5.424,-17.394,18.844
-8.683,-1.792,14.568
-8.542,-6.202,16.595
-5.711,-11.999,14.344
-5.34,-15.327,9.034
-6.558,-5.783,5.34
-11.403,-6.281,8.022
-16.554,-7.424,6.381
-13.197,-1.06,1.555
-13.363,-1.869,4.591
-19.026,6.888,2.041
-21.091,12.918,1.804
-25.962,9.934,14.956
-35.3,4.649,13.078
-28.651,0.849,7.891
-31.69,-1.665,11.216
-29.338,-3.807,6.831
-26.95,2.919,8.374
-24.407,-2.165,9.001
-23.201,-7.955,9.953
-15.351,4.919,3.68
-18.047,-7.309,10.858
-10.398,8.458,15.073
-12.513,35.03,47.115
-8.874,43.971,14.298
-12.14,3.445,1.617
-20.112,-28.213,10.183
-6.919,-23.227,4.142
-5.996,-28.18,10.023
-15.549,-21.698,11.712
-13.882,7.965,-4.876
-24.356,6.563,13.693
-28.17,3.704,2.864
-39.128,2.33,0.591
-47.675,-8.446,8.544
-44.973,-9.656,12.429
-44.224,-5.699,6.972
-43.074,2.316,0.744
-42.49,8.384,0.536
-33.709,6.187,-2.335
-19.961,33.333,-7.089
3.211,13.535,-11.846
-27.113,-16.181,-10.542
-31.453,-10.403,20.992
-57.068,78.376,-31.412
5.919,29.244,-11.652
1.407,18.918,-6.828
-1.926,8.522,3.541
-0.62,3.725,7.24
-0.565,8.601,10.834
-3.125,4.579,12.568
-5.374,3.369,14.025
-6.218,-0.1,13.288
-6.809,6.417,11.001
-15.31,9.939,7.678
-10.245,5.264,9.065
-5.778,3.493,9.898
-5.654,5.426,9.836
-5.639,2.421,11.886
-5.271,-0.218,9.606
-6.833,-2.038,14.87
-7.369,-0.569,14.052
-6.307,0.56,13.19
-6.235,0.833,11.446
-7.345,-1.096,11.621
-6.527,-0.825,11.448
-6.096,-1.842,11.154
-6.649,-2.17,10.704
-6.934,0.567,11.307
-4.436,0.615,11.884
-4.534,0.474,11.716
-4.721,-2.108,11.157
-5.223,-1.888,11.176
-6.687,-0.27,12.877
-4.936,-1.005,12.657
-6.388,-1.522,12.669
-5.254,-1.531,12.315
-5.524,-1.627,12.071
-3.718,-1.074,11.157
-4.283,-1.285,11.673
-4.474,-0.651,12.324
-4.125,-2.146,10.874
-4.163,-0.981,10.525
-3.639,0.165,11.066
-3.189,0.754,10.554
-2.845,1.718,9.958
-2.747,1.467,8.551
-3.314,2.919,9.881
-2.747,5.481,9.972
-1.689,5.271,8.673
-0.787,8.226,8.192
-0.359,7.477,5.312
0.345,8.386,4.85
-0.148,8.051,5.469
-2.979,6.812,4.11
-4.84,10.946,2.917
-7.96,5.197,3.103
-6.915,-1.995,-0.048
-2.689,-3.967,-1.718
-2.945,1.495,-2.62
-6.477,4.63,1.206
-6.072,-6.867,2.517
-2.316,-10.85,4.177
-5.757,-3.474,7.64
-4.551,-4.536,11.355
-7.896,-15.848,13.104
-12.501,-8.924,10.807
-13.394,-12.2,13.413
-15.181,-15.207,11.343
-13.619,-13.542,8.764
-14.769,-8.238,7.02
-16.667,-7.63,4.412
-15.616,0.321,2.56
-14.76,-8.518,2.644
-17.394,7.628,0.105
-18.988,14.923,-1.077
-25.012,7.386,14.923
-29.587,4.091,11.776
-28.874,-0.61,9.068
-27.988,2.818,10.448
-24.498,-2.627,8.659
-22.445,-6.025,2.981
-23.954,-4.613,-6.462
-17.672,-4.831,7.245
-57.857,-44.868,-38.379
-14.966,8.704,12.061
18.679,16.497,20.047
-21.308,0.562,15.698
-2.237,24.266,19.66
-30.453,17.351,14.004
-27.83,-16.925,2.651
-12.422,-35.128,15.018
-10.403,-18.782,7.472
-9.733,-19.87,17.069
-19.66,1.103,21.081
-26.826,9.946,15.935
-25.345,7.826,5.656
-32.056,1.847,-0.763
-44.088,-6.29,1.06
-48.775,-9.841,10.872
-46.737,-5.802,7.472
-44.148,1.699,5.723
-40.375,7.013,4.39
-32.352,14.183,-6.142
-21.315,24.371,-15.963
-4.627,17.351,-27.407
-13.267,-8.702,-9.417
-27.491,-6.771,21.531
-17.143,78.376,-34.092
-6.209,15.396,-28.12
3.094,-4.515,-9.338
0.912,3.783,5.943
-0.041,1.747,9.123
-1.378,12.207,9.343
-1.613,8.608,12.176
-6.481,8.254,17.277
-6.242,7.238,20.416
-3.187,8.987,14.454
-12.982,6.407,27.213
-11.836,2.479,10.02
-1.651,-6.008,5.979
-4.744,0.206,9.29
-5.419,-1.443,10.707
-4.455,-2.608,12.676
-5.467,-3.409,12.602
-6.204,0.151,9.932
-4.929,-0.589,10.661
-8.601,-1.89,12.638
-8.223,0.873,14.992
-4.122,0.682,12.606
-5.077,0.132,12.733
-5.757,0.127,13.2
-5.209,1.684,12.956
-5.201,-0.665,11.647
-4.45,-3.723,10.972
-5.206,-2.651,11.123
-4.493,-2.113,10.824
-5.304,-2.828,11.044
-4.465,-2.086,12.073
-3.89,-1.565,11.975
-3.921,-1.452,11.293
-4.821,-1.232,10.733
-4.962,-1.857,11.149
-5.199,-2.146,12.429
-5.01,-1.948,13.619
-4.953,-0.974,14.288
-15.686,2.804,-9.276
4.288,1.591,10.858
-5.079,0.519,12.858
-3.723,1.371,12.123
-3.787,0.711,10.46
-0.84,2.728,10.36
-1.144,1.471,9.999
-1.555,1.768,9.747
-0.364,4.326,9.314
-1.61,1.0,8.259
11.157,13.946,-3.003
1.902,5.9,3.24
1.627,7.474,5.089
-0.304,12.183,3.467
-3.787,4.003,-0.127
-4.156,2.086,-0.684
-0.091,2.524,0.397
0.457,5.022,-0.821
-4.883,4.211,-3.735
-1.895,4.512,-4.634
-2.098,-0.9,0.165
-8.08,-3.699,7.915
-7.427,1.048,7.221
-5.168,-3.151,10.228
-8.637,-15.001,14.982
-10.255,-7.934,13.769
-15.423,-10.434,17.751
-13.214,-6.749,11.853
-14.523,-11.279,11.678
-16.377,-9.149,10.063
-15.829,-6.52,11.824
-15.597,-3.479,7.037
-18.076,-6.398,5.472
-15.291,-1.266,7.561
-16.703,7.699,3.409
-15.358,2.204,11.927
-23.799,6.46,8.568
-22.284,12.458,10.283
-35.989,-4.134,1.902
-25.069,-0.321,15.217
-25.302,-0.83,18.956
-19.258,4.309,10.59
-20.26,7.41,13.398
-22.088,-4.639,-3.058
-18.464,4.034,-6.154
-17.557,5.388,-2.469
-13.999,-2.519,8.046
-2.275,-13.262,-21.363
-4.333,3.046,-6.604
-6.694,11.037,15.918
-23.189,15.176,11.487
-26.816,-4.271,9.628
-19.028,-4.989,13.683
-11.133,-11.176,14.047
-7.336,-36.963,7.307
-20.526,-20.595,12.733
-25.634,5.601,15.336
-27.854,9.278,8.118
-31.283,2.393,4.276
-37.611,-9.8,13.358
-42.846,-18.983,8.147
-49.624,-11.281,12.714
-53.651,-3.603,4.917
-46.583,5.891,-0.813
-41.258,2.711,7.07
-37.769,13.281,-13.217
-11.085,17.045,-3.496
-41.243,-7.252,14.32
-18.349,31.955,18.298
-26.543,78.376,7.955
2.529,2.912,-22.478
2.74,2.737,-0.34
2.735,-1.105,10.183
0.278,8.18,8.331
-11.989,15.533,12.669
-8.69,12.26,11.152
-10.436,11.032,14.408
-10.91,7.946,19.856
3.223,13.394,-2.967
-7.783,4.003,7.675
-8.644,6.218,7.989
-3.924,-1.675,6.721
-2.522,-2.692,10.941
-5.752,1.462,12.628
-5.465,2.981,13.513
-6.345,3.469,13.731
-7.388,1.771,14.358
-4.795,0.739,13.556
-5.771,1.364,13.8
-7.068,1.235,13.066
-5.96,0.524,11.358
-5.68,-0.309,10.365
-5.321,0.342,12.094
-5.063,0.299,11.803
-4.945,0.342,12.14
-5.264,-0.892,12.073
-4.773,0.342,12.403
-5.034,0.959,13.236
-5.06,0.498,13.705
-5.654,0.785,13.217
-4.833,0.115,12.554
-4.448,1.206,11.652
-3.921,1.464,12.353
-4.539,1.495,11.872
-3.708,2.33,11.185
-4.235,2.127,9.719
-4.206,2.381,9.659
-1.457,3.799,9.006
-3.005,6.747,7.829
-1.613,6.886,6.438
-1.218,6.931,3.378
-1.531,8.998,2.902
-1.605,8.704,4.072
-2.452,5.45,1.127
-1.605,6.876,1.017
-5.467,5.3,0.263
-6.292,5.587,-0.024
-5.412,6.225,-0.725
-3.22,10.922,-3.003
-5.51,7.209,-3.271
-8.64,-0.278,-1.845
-8.163,-2.778,-2.022
-8.132,-7.288,0.809
-11.343,-3.409,7.283
-7.958,-4.381,13.652
-14.846,-6.711,14.387
-17.597,-9.566,12.886
-19.789,-10.946,12.535
-18.736,-9.51,11.025
-14.765,-9.592,16.066
-13.31,-3.768,7.388
-12.083,-2.974,1.763
-11.051,1.464,0.1
-13.312,0.794,-3.924
-16.856,2.486,-0.316
-22.311,10.654,-0.589
-21.469,10.329,2.527
-26.146,9.903,1.684
-29.972,4.118,8.092
-32.824,-7.01,9.585
-21.909,6.874,10.566
-24.572,-0.775,4.225
-15.899,-4.996,6.998
-19.578,6.79,-8.211
-12.473,21.533,17.947
-13.762,8.448,12.733
-18.215,4.469,0.428
-15.647,8.979,5.563
-6.135,9.573,11.159
-17.849,5.934,13.166
-16.722,1.986,12.044
-13.391,-0.919,10.523
-8.685,-14.671,12.286
-10.156,-22.629,6.994
-17.719,-17.696,13.322
-26.962,-1.33,11.831
-36.255,3.826,9.613
-40.458,5.036,8.922
-41.475,2.979,8.25
-49.526,-4.18,12.523
-47.301,-0.672,5.981
-43.186,2.469,0.763
-36.671,1.101,-2.05
-29.28,4.508,2.759
-18.932,17.557,-5.237
-29.51,-2.873,16.576
-44.289,24.017,27.608
-14.468,71.014,-17.32
-2.335,14.573,-20.909
-3.668,11.511,-7.52
4.558,5.108,-2.249
-3.084,-2.493,5.969
-3.51,9.087,12.061
-5.608,9.152,13.729
-9.164,10.413,16.425
-8.183,7.508,17.069
-6.501,5.749,14.358
-17.684,8.324,26.696
-6.642,4.979,3.273
-3.831,2.043,12.415
-3.28,5.627,10.611
-6.087,1.861,14.487
-5.575,-0.51,15.155
-6.781,2.606,12.549
-5.398,3.625,14.867
-3.878,4.17,13.217
-5.115,0.61,12.638
-5.359,-0.617,13.025
-5.9,2.601,13.97
-4.553,0.371,13.016
-5.419,-0.39,11.472
-5.347,-1.495,11.224
-3.455,-0.132,10.398
-2.701,-0.445,10.745
-3.35,-1.574,11.181
-3.701,-0.833,12.628
-8.97,7.738,-10.386
4.847,0.861,14.597
-2.488,-0.045,14.064
-1.617,0.615,12.439
19.708,22.33,28.539
-0.897,3.051,10.422
-1.108,2.015,11.106
-1.581,2.969,10.769
-0.234,3.132,10.082
-0.167,3.118,10.731
-4.175,1.811,7.663
0.691,4.01,8.357
1.526,6.917,5.443
1.72,9.424,4.261
0.328,1.895,4.065
0.883,11.456,1.67
-3.668,9.733,1.924
1.562,12.133,1.821
-5.264,7.623,1.627
-4.137,7.941,-0.292
-3.828,5.967,-4.103
-3.201,-1.756,-7.159
-4.204,-3.708,-3.498
-6.41,7.824,-1.51
-5.292,8.494,7.005
-6.948,-4.089,12.173
-8.549,-11.834,12.248
-4.223,-11.939,13.798
-8.123,-12.264,12.745
-11.97,-16.363,16.77
-16.956,-8.302,18.657
-17.454,-7.391,14.987
-11.697,-7.671,9.635
-8.175,-2.873,13.121
-13.442,-5.498,10.262
-15.528,-6.584,4.426
-10.917,-2.84,6.036
-16.593,5.991,5.931
-14.867,11.626,7.336
-11.941,10.518,6.718
-24.935,7.171,10.896
-28.536,10.731,17.997
-25.347,3.814,17.023
-22.921,11.145,7.879
-17.739,-0.787,20.547
-29.218,2.751,5.065
-21.959,-3.775,2.019
-14.121,2.689,0.869
-9.956,3.615,11.721
1.23,-8.269,34.661
3.352,4.326,-24.05
-27.117,18.798,16.262
-14.183,7.967,10.219
-13.087,5.039,-4.06
-13.963,-8.972,7.931
-18.511,-34.829,11.566
-8.941,-37.475,0.842
-18.925,-13.312,18.026
-23.411,-3.998,17.545
-23.249,-1.802,12.556
-26.383,-4.369,6.324
-33.144,-12.109,5.235
-47.352,-20.442,17.191
-52.529,-15.09,12.257
-49.725,-3.405,5.802
-43.325,1.081,0.593
-33.522,6.158,4.335
-32.513,7.159,2.986
-27.905,11.001,-12.453
-3.685,12.647,-10.795
-45.363,-5.077,18.105
-47.131,37.781,21.921
0.117,46.851,-15.305
-10.664,-9.4,-4.658
-4.572,16.944,0.524
0.713,1.218,6.797
3.931,-3.359,8.36
2.696,10.027,12.276
-1.95,8.305,17.167
-3.474,7.738,16.494
15.844,13.552,0.435
1.562,6.68,3.682
-12.291,6.379,5.991
-6.548,4.9,10.791
-5.778,2.022,10.791
-5.199,2.761,13.135
-0.467,3.18,10.903
-0.735,-1.625,11.492
-2.653,1.347,9.96
-3.091,1.354,14.683
0.402,4.417,18.449
-3.491,3.242,15.186
-4.725,3.919,14.078
-2.885,2.192,13.839
-2.096,0.861,12.482
-2.235,-0.447,11.078
-1.845,0.916,10.956
-1.991,2.046,11.489
-3.113,1.129,11.384
-2.893,0.134,11.169
-3.027,-0.569,10.515
-0.218,0.127,14.322
-9.353,-3.95,9.709
-3.374,-0.23,12.023
-3.067,-0.603,12.453
-1.684,0.242,12.439
-1.203,-0.998,12.489
-1.213,0.89,13.255
-1.809,-0.56,12.37
-1.845,-1.354,11.891
-1.694,-0.749,12.599
-1.256,-0.553,11.836
-1.577,-0.443,12.207
-1.459,-1.081,10.908
-0.928,-0.799,10.712
-1.036,-2.431,10.664
-1.988,-2.105,10.527
-1.031,-1.074,10.274
-0.244,-1.55,9.965
0.093,-2.151,9.903
-0.294,-1.651,10.566
-0.026,0.112,11.056
0.285,-0.275,10.755
0.223,-0.668,10.176
-0.498,0.687,9.96
0.536,2.242,8.666
1.747,4.706,7.02
1.993,7.632,5.747
2.041,13.609,6.742
-1.4,7.867,0.581
-4.761,9.18,29.295
-6.24,9.795,3.476
-3.754,9.633,4.759
-1.247,12.86,3.395
-3.4,10.578,2.321
-4.402,8.099,3.101
-4.297,4.56,6.651
-1.904,5.328,4.613
-2.905,6.242,3.898
-3.862,6.022,3.56
-2.984,4.862,2.751
-0.333,2.12,3.24
-0.115,-0.9,4.431
-3.541,-6.348,6.527
-2.4,-11.008,5.845
-2.797,-13.898,7.379
-2.917,-7.36,11.338
-4.998,-8.262,13.434
-1.806,-6.348,12.542
-3.78,-2.455,7.802
-4.924,-9.9,8.269
-4.237,-9.116,11.35
-5.302,-7.183,11.257
-8.13,-9.353,9.9
-5.792,-3.218,13.913
-7.955,-8.391,18.021
-2.421,0.835,14.681
-4.197,-1.125,18.98
-3.003,2.036,14.375
-5.481,-1.637,13.322
-2.818,-5.52,8.867
-2.684,-6.525,7.305
-6.91,-13.944,12.025
-3.838,-12.934,8.173
-3.213,-13.073,9.18
-1.182,-12.549,6.924
0.211,-13.327,4.89
-1.093,-12.961,4.244
0.495,-11.59,4.051
-28.709,-17.851,6.678
7.608,-7.494,2.838
7.697,-9.345,0.672
5.012,-11.403,2.34
3.754,-10.53,2.931
4.881,-9.412,2.364
5.008,-8.14,2.763
7.97,-6.082,3.505
7.893,-8.214,3.642
8.163,-5.106,2.503
8.661,-0.27,0.701
10.575,-1.306,-0.215
6.994,-4.788,-1.476
6.568,0.115,0.014
3.393,3.811,2.187
0.129,1.637,5.091
-0.656,0.976,2.919
-0.16,1.495,-2.67
-5.493,-2.388,0.61
-3.821,-2.673,1.976
-3.481,-0.206,-0.208
0.66,-2.022,0.234
3.936,14.628,-10.348
5.39,8.967,10.549
9.199,-3.46,3.622
6.984,-8.341,5.639
5.314,3.965,6.764
6.211,7.829,6.833
6.316,5.603,6.852
7.549,2.144,6.548
6.065,1.136,5.508
7.06,3.728,5.587
6.13,10.381,7.91
7.005,5.266,8.056
6.654,0.773,6.336
6.13,1.428,5.819
6.778,3.141,5.682
9.405,2.996,5.35
7.874,3.5,6.204
6.793,2.567,5.888
8.805,3.273,5.917
7.582,2.201,6.192
7.357,3.845,5.728
7.089,2.347,4.912
5.977,4.376,6.015
5.993,2.381,4.756
7.496,0.608,5.934
8.556,4.371,5.457
8.448,3.967,4.515
7.271,2.73,4.802
8.484,4.079,5.572
7.802,4.395,5.926
7.563,1.857,5.642
8.417,4.582,4.553
7.998,2.101,4.852
8.565,2.462,6.048
8.305,3.383,5.589
7.429,4.558,5.276
7.915,-0.349,4.747
7.4,1.235,5.197
7.522,0.998,6.166
7.85,2.311,5.914
7.326,2.421,5.661
7.515,0.546,5.41
7.173,0.304,4.998
7.948,2.742,5.608
7.778,1.562,4.855
8.922,1.955,5.821
8.18,1.27,5.508
7.85,1.593,5.568
7.527,1.146,5.178
6.967,1.378,5.926
7.065,1.572,6.367
8.599,1.048,5.898
8.575,0.679,6.245
8.242,2.974,5.656
7.429,0.825,5.579
7.08,0.323,6.015
7.817,1.433,5.706
9.362,1.873,5.769
8.592,3.177,5.965
8.317,2.275,5.434
6.333,-0.017,5.553
6.594,0.555,6.663
7.924,0.811,6.606
7.544,2.168,6.666
6.048,0.691,5.888
7.108,1.06,5.922
7.848,0.797,6.436
7.704,2.871,5.45
7.106,0.682,6.333
6.682,-0.435,6.558
7.223,0.234,6.599
8.228,1.797,6.86
7.747,0.696,6.379
6.793,-0.234,6.702
7.266,0.354,6.259
7.51,0.524,6.247
7.269,0.562,6.228
7.139,1.101,6.716
8.065,1.33,6.785
7.685,2.084,6.927
7.608,1.847,6.905
6.881,1.089,6.429
6.094,0.251,7.441
6.635,1.05,6.422
6.974,1.184,6.733
6.938,1.349,6.915
6.919,2.381,7.037
6.515,1.591,6.742
6.412,1.249,6.85
6.754,2.239,7.171
6.41,2.139,6.965
6.08,2.146,6.778
5.735,2.306,7.001
7.108,1.797,7.927
7.479,2.098,7.814
6.501,2.407,7.317
5.824,1.811,7.001
5.941,2.098,7.807
5.271,2.326,7.467
5.946,3.912,3.766
6.048,6.393,7.651
5.802,3.898,7.508
5.503,1.031,7.271
4.735,0.098,6.943
4.486,0.945,6.965
4.35,2.615,7.07
6.276,2.529,8.345
4.63,4.697,7.934
4.989,2.503,7.142
5.74,1.735,7.281
5.45,2.622,7.419
5.546,2.749,7.604
7.211,4.728,7.718
6.383,5.67,6.831
5.496,1.78,7.388
6.41,4.622,6.537
5.651,2.627,8.223
4.744,2.048,7.611
5.51,2.297,7.678
8.149,5.534,7.709
7.644,5.824,8.967
5.702,1.17,10.623
5.304,2.491,5.938
4.567,3.304,6.551
5.469,3.376,8.039
6.166,4.077,7.577
5.005,3.589,7.884
5.357,5.776,7.96
4.029,3.909,7.8
4.436,2.574,7.723
4.015,3.127,7.06
4.067,1.974,8.386
5.161,3.792,9.228
3.73,1.357,8.917
3.85,1.916,9.635
6.125,9.333,10.623
5.431,1.251,8.874
3.802,-0.388,8.13
2.778,2.359,7.233
1.869,2.196,8.491
8.25,9.683,18.935
2.536,2.495,8.922
1.754,2.244,9.489
2.799,5.111,10.049
0.974,3.029,8.829
0.313,0.615,9.192
1.529,1.385,9.396
1.732,2.481,9.896
-0.057,2.385,9.999
0.821,1.725,10.891
0.629,-0.502,9.152
0.775,-0.443,9.604
-0.665,4.486,11.556
-0.557,3.584,11.044
0.024,-4.304,7.529
-0.691,-4.417,7.355
-1.34,5.548,12.415
-0.749,2.864,10.523
-0.816,-3.381,9.245
-0.383,-3.012,10.334
0.445,1.775,9.841
-1.416,4.393,11.535
-1.912,-0.979,9.156
-1.675,-2.187,8.802
-1.488,-3.653,6.429
-0.038,9.377,11.013
-2.601,1.773,11.422
-2.984,-8.14,12.733
-0.593,1.515,7.62
-1.203,-1.909,6.587
-1.256,2.644,5.213
0.536,5.579,7.683
1.239,8.008,6.034
2.038,10.214,5.795
1.215,9.991,6.137
1.199,8.92,6.405
1.136,7.348,9.104
0.256,9.211,11.298
-2.163,4.118,12.128
-0.502,-0.419,8.597
-0.445,-1.593,9.046
-1.694,1.555,10.25
-2.318,3.06,11.262
-1.68,0.79,10.073
-1.254,-0.438,9.31
-1.684,-1.56,9.455
-1.577,0.567,8.922
-0.44,4.077,8.628
-0.945,4.175,8.728
-0.708,2.381,8.85
-0.933,0.682,8.321
-1.048,1.637,7.513
-0.12,3.275,7.716
-0.225,4.077,9.867
3.062,10.015,12.934
-1.507,6.879,15.159
0.017,3.701,16.37
0.244,2.172,7.678
-0.522,-2.653,7.91
0.629,-2.89,9.853
0.263,4.558,10.25
3.046,5.953,10.283
1.354,4.512,11.061
3.055,5.158,6.905
-3.548,-2.464,11.444
-0.328,1.572,11.013
1.292,3.661,9.257
0.995,4.661,5.766
-1.4,4.314,8.68
1.201,4.091,10.75
1.196,-1.699,9.467
-0.775,-0.297,8.422
1.802,6.254,8.833
0.651,8.19,6.328
-0.691,3.156,9.941
1.314,1.177,10.106
0.34,-0.897,10.341
-0.313,8.104,8.831
0.486,5.615,8.259
-0.943,1.302,9.013
0.744,1.113,9.137
-0.538,3.043,7.044
-0.703,6.371,8.838
-0.146,4.132,8.664
2.29,5.192,9.74
-0.833,2.852,9.142
-0.651,2.393,9.271
0.593,3.694,8.874
-0.589,4.005,9.178
0.385,3.409,9.034
-0.191,3.596,9.422
-0.445,3.598,8.862
0.672,3.685,9.214
-0.175,3.622,9.398
0.129,3.627,9.214
-0.132,3.165,9.427
0.017,3.079,9.104
0.038,4.297,9.338
-0.043,3.405,9.238
-0.069,3.333,9.341
0.318,4.087,8.975
0.301,3.591,9.491
0.287,3.797,9.137
0.098,3.768,9.006
-0.313,3.472,8.843
0.251,3.96,9.042
0.234,3.864,9.054
-0.007,2.833,8.876
0.084,2.895,9.104
0.043,3.519,9.508
-0.117,2.385,9.209
0.833,3.668,9.058
0.249,4.503,9.384
0.268,2.9,8.896
0.041,3.539,9.336
0.148,3.754,9.348
-0.117,3.244,8.979
0.112,3.656,9.319
-0.01,3.003,9.518
0.153,4.18,9.121
-0.215,4.02,10.635
0.223,3.419,8.4
-0.763,3.158,9.582
0.024,3.12,9.57
-1.342,3.854,10.006
0.005,2.747,9.384
0.696,2.979,9.204
-0.026,3.235,9.467
-0.022,3.72,9.489
0.081,3.417,9.25
0.414,3.29,9.417
-0.057,2.885,9.417
0.256,3.443,9.348
0.086,3.496,9.19
0.359,3.244,9.29
-0.12,2.866,9.355
0.067,3.46,9.568
0.349,3.61,9.094
0.048,3.297,9.51
0.16,2.79,9.441
0.019,2.89,9.422
0.062,2.823,9.171
0.294,3.479,9.422
0.246,3.33,9.288
0.246,3.084,9.355
0.007,2.718,9.47
0.134,3.118,9.362
0.215,3.137,9.089
0.165,2.835,9.336
-0.002,3.046,9.168
0.342,3.481,9.054
-0.189,3.182,9.743
0.766,3.685,9.393
0.053,2.742,9.321
0.172,2.414,9.384
-0.079,4.139,9.109
0.041,3.357,9.484
0.304,3.304,9.484
0.031,2.926,9.776
-0.16,3.4,9.379
0.476,3.988,9.455
0.278,3.543,9.262
-0.581,0.567,10.695
0.574,6.101,9.266
0.148,2.699,8.831
0.481,2.44,10.121
-0.5,3.455,9.752
-0.043,2.639,9.142
-0.246,2.823,8.573
-0.191,3.12,9.288
-0.117,3.407,9.546
-1.115,0.254,9.451
0.096,3.189,9.393
-0.33,3.127,9.668
-0.108,3.244,9.142
-0.151,1.589,8.195
0.033,3.295,9.936
-1.129,2.381,9.908
-0.534,2.601,10.36
-0.519,2.216,9.805
-0.175,1.079,9.489
-0.01,1.383,9.192
0.0,3.173,9.061
-0.134,3.326,9.74
0.208,3.728,9.539
-0.23,3.094,9.491
-0.237,2.62,9.305
-0.29,2.498,9.594
-0.378,2.929,9.678
-0.646,2.414,10.099
-0.292,2.742,9.527
0.089,2.962,9.159
-1.101,1.225,8.781
-1.546,6.749,7.695
-1.101,0.445,8.329
0.835,4.316,8.659
-0.873,6.405,9.216
-0.577,1.505,10.149
-0.483,2.744,9.333
-0.581,2.871,9.69
0.196,5.735,8.082
-0.691,4.512,9.288
-0.067,3.752,9.257
0.483,3.979,9.013
-0.378,3.742,9.135
-1.11,3.644,9.46
-0.589,4.474,9.125
-0.234,4.591,9.154
0.203,3.883,8.977
-0.718,2.938,10.042
0.323,4.759,8.64
-0.263,3.371,9.269
-0.11,4.103,9.099
0.045,4.893,9.221
0.347,3.864,9.228
-0.263,3.539,9.018
-0.522,3.488,10.295
0.153,4.575,8.187
2.711,5.221,6.9
0.481,3.424,8.85
0.05,1.78,7.989
0.103,3.359,9.18
0.624,3.261,9.228
0.763,4.103,9.264
0.285,2.761,9.613
0.318,3.323,9.652
0.746,2.239,9.434
1.022,2.866,9.374
0.979,2.613,9.755
0.95,2.031,9.585
1.026,3.034,8.75
1.144,2.615,9.338
1.148,2.28,9.369
1.093,2.06,9.173
0.29,1.888,10.001
1.067,2.012,9.867
1.754,1.749,9.573
1.651,1.5,9.501
1.237,1.778,9.759
0.938,2.283,9.601
1.165,2.488,9.599
1.101,2.503,9.776
1.043,2.247,9.771
0.648,2.022,9.841
1.077,1.971,9.467
0.878,1.83,9.755
1.201,1.991,9.372
1.072,2.192,9.51
0.739,2.979,10.257
-0.136,2.579,9.819
0.924,1.548,9.544
1.34,2.62,9.214
1.62,3.295,9.164
1.455,2.431,9.348
0.751,2.974,10.011
-0.223,2.417,9.991
0.488,2.854,9.039
0.376,4.087,9.226
0.069,3.299,9.869
0.694,3.333,9.341
-0.354,1.684,10.025
0.474,2.845,8.74
0.136,2.527,9.484
0.859,2.582,9.91
0.636,2.859,8.848
0.206,2.976,9.836
0.818,3.484,8.376
-1.431,2.278,10.001
-1.471,2.247,9.104
0.045,2.292,9.659
-0.914,2.11,10.123
-1.129,4.398,10.092
0.524,2.491,9.065
0.433,2.673,9.24
0.062,3.161,9.326
-0.005,2.711,9.321
-0.792,3.204,9.53
-0.859,3.419,10.168
0.632,2.859,9.137
-0.002,3.237,9.051
1.452,4.149,8.675
-0.11,3.285,9.723
0.636,3.086,9.125
0.223,2.682,9.231
0.069,3.529,9.487
0.476,3.505,9.262
0.007,3.625,9.422
0.041,3.156,9.489
0.141,3.062,9.25
-0.191,2.708,9.644
0.519,2.883,9.422
-0.12,2.919,9.702
-0.005,3.192,9.542
0.519,3.096,9.336
0.684,2.763,9.424
0.383,2.694,9.455
0.428,2.596,9.463
0.947,2.78,9.393
0.696,2.594,9.551
0.103,2.627,9.783
0.471,2.646,9.429
-1.0,1.526,10.456
0.414,3.508,9.585
-0.325,-3.165,10.508
-0.359,-3.359,7.417
-0.395,-2.85,13.516
0.313,3.976,8.331
-0.187,3.01,9.58
0.103,2.498,9.542
0.079,2.653,9.587
-0.014,2.639,9.599
0.165,2.675,9.621
0.191,2.747,9.633
0.194,2.603,9.532
0.175,2.637,9.589
-0.005,2.268,9.577
0.005,2.39,9.544
-0.067,2.488,9.697
0.105,2.402,9.652
0.002,2.184,9.611
-0.026,2.304,9.647
0.103,2.338,9.652
0.263,2.263,9.599
0.249,2.469,9.671
0.17,2.371,9.628
0.124,2.194,9.635
0.433,2.11,9.594
0.297,1.921,9.771
0.115,1.926,9.582
-0.089,1.861,9.52
-0.086,2.46,9.721
-0.246,2.357,9.453
-0.493,2.539,9.52
-0.364,2.888,9.642
-0.407,2.998,9.63
1.144,5.515,10.47
-2.024,0.768,9.221
0.007,2.335,9.589
0.112,2.795,9.575
-1.086,2.878,9.975
-0.596,3.185,9.46
-0.395,3.34,9.597
-0.17,2.405,9.51
-0.364,2.617,9.728
-0.014,2.326,9.479
-0.251,2.629,9.671
-0.062,2.873,9.618
0.172,2.787,9.64
0.61,2.445,9.458
0.419,2.294,9.379
0.144,2.213,9.554
0.22,2.361,9.688
0.153,2.266,9.752
0.675,1.962,9.506
0.407,1.962,9.618
0.495,2.196,9.755
0.517,1.543,9.527
0.347,1.505,9.587
0.541,1.835,9.857
0.498,1.596,9.659
0.323,1.778,9.762
0.191,1.814,9.74
0.416,1.986,9.771
0.639,1.979,9.735
0.593,1.9,9.599
0.493,2.127,9.805
0.462,1.711,9.661
0.479,1.771,9.788
0.529,1.572,9.757
0.586,1.651,9.865
0.443,1.479,9.688
0.727,1.28,9.551
0.677,1.749,9.929
0.864,1.593,9.757
0.885,1.378,9.924
0.653,1.302,9.881
0.995,1.072,9.807
0.857,0.871,9.719
0.9,1.223,10.008
0.78,1.098,10.006
1.012,0.797,9.735
0.979,0.991,9.597
0.725,1.275,9.951
0.866,1.223,9.874
0.857,0.806,9.671
0.988,1.287,9.728
0.981,1.136,9.822
0.821,1.249,9.762
0.802,0.988,9.735
0.244,1.218,10.269
1.019,0.62,9.633
0.763,1.148,9.556
0.746,1.168,9.704
0.402,1.704,9.934
0.601,0.742,9.692
0.342,1.498,9.91
0.708,1.036,9.905
0.699,1.223,9.855
0.763,0.775,9.697
0.553,1.232,9.869
0.677,1.419,9.903
0.718,1.364,9.869
0.835,1.223,9.817
0.715,1.007,9.747
0.675,0.725,9.843
0.679,0.821,9.824
0.825,0.88,9.92
0.861,0.735,9.802
0.646,1.034,9.853
1.007,1.22,9.743
0.859,1.127,9.857
0.895,0.821,9.817
0.773,1.014,9.908
0.835,0.821,9.972
0.723,1.089,9.848
0.991,1.156,9.826
0.837,1.031,9.776
0.988,1.036,9.824
0.794,0.727,9.824
0.804,0.864,9.769
0.928,0.969,9.807
0.952,1.455,9.893
0.974,1.225,9.795
0.971,1.314,9.649
1.148,1.503,9.728
1.285,1.385,9.723
1.072,0.72,9.774
0.821,0.924,9.922
1.041,1.23,9.838
0.83,0.993,9.807
1.01,1.297,9.752
1.213,1.381,9.759
1.067,1.065,9.716
1.113,1.323,9.781
0.921,1.302,9.731
1.034,1.029,9.709
0.744,1.172,9.817
1.168,1.345,9.8
1.151,1.44,9.738
1.235,1.505,9.628
1.235,1.163,9.618
0.983,1.45,9.726
1.297,1.345,9.707
1.302,1.696,9.711
1.304,1.471,9.63
1.077,1.404,9.814
1.072,1.34,9.743
1.026,1.371,9.764
1.062,1.632,9.802
1.115,1.397,9.654
1.129,1.337,9.819
1.06,1.184,9.783
1.017,1.239,9.731
0.959,1.369,9.774
1.084,1.263,9.743
0.959,1.464,9.853
0.952,1.608,9.872
1.012,1.311,9.726
0.907,1.29,9.759
1.17,1.4,9.762
1.105,1.419,9.774
1.139,1.471,9.714
1.108,1.354,9.697
1.002,1.282,9.788
0.797,0.947,9.958
0.861,1.28,9.807
1.17,1.325,9.719
1.23,1.031,9.68
1.141,1.175,9.814
0.9,1.127,9.776
1.053,1.261,9.848
1.022,1.206,9.85
1.158,1.115,9.8
1.196,1.11,9.738
1.192,1.144,9.786
1.067,1.148,9.778
0.962,1.163,9.819
1.079,0.983,9.824
0.924,0.928,9.759
1.062,0.931,9.817
0.988,1.069,9.848
1.23,1.105,9.752
1.041,0.971,9.709
1.139,0.904,9.735
1.093,0.861,9.776
0.916,0.926,9.912
1.199,0.763,9.728
0.962,0.735,9.857
1.17,0.77,9.853
1.165,0.682,9.778
1.235,0.833,9.743
1.17,0.916,9.841
1.258,0.792,9.781
1.258,0.778,9.771
1.184,0.763,10.001
1.125,0.835,9.743
1.364,0.959,9.7
1.275,1.093,9.81
1.254,0.995,9.865
1.172,0.823,9.745
1.177,0.995,9.838
1.242,0.952,9.877
1.361,1.048,9.793
1.113,0.84,9.857
1.194,0.981,9.752
1.366,0.78,9.63
1.079,0.94,9.774
1.268,1.017,9.829
1.086,0.825,9.862
1.034,1.036,9.874
1.194,1.046,9.74
1.144,0.864,9.833
1.0,0.962,9.889
1.12,0.514,9.759
1.409,0.813,9.692
1.101,0.892,9.879
0.995,0.888,10.011
0.962,1.247,10.001
1.163,1.017,9.783
1.144,0.761,9.783
0.959,0.816,9.903
0.914,0.562,9.953
0.962,0.534,9.817
0.935,0.668,9.733
0.866,0.383,9.728
0.84,0.486,9.891
0.914,0.445,9.762
1.024,0.124,9.867
0.732,0.285,9.886
0.84,0.002,9.8
0.77,0.596,9.984
0.916,0.416,9.879
1.024,0.158,9.814
0.696,0.1,9.606
1.153,0.423,9.836
0.825,0.766,10.09
0.952,0.22,9.501
1.048,1.369,10.346
1.153,1.34,10.049
1.046,0.766,9.58
0.993,0.811,9.774
0.821,1.134,10.188
0.342,0.883,10.121
0.534,0.706,9.879
0.555,0.699,9.427
0.33,0.593,9.695
0.608,0.854,10.075
0.615,0.663,10.051
0.256,0.373,9.879
0.371,0.232,9.776
0.213,0.1,10.097
0.115,-0.069,10.238
0.199,-0.29,9.989
0.057,-0.038,10.03
0.306,-0.335,9.501
0.345,0.1,10.025
0.45,-0.072,9.793
-0.002,-0.263,9.68
0.084,0.313,10.011
-0.043,0.49,10.003
0.304,0.62,10.216
0.345,0.935,9.877
-0.29,-0.569,9.25
-0.026,-0.091,10.168
0.768,1.196,10.654
0.483,1.318,10.212
0.156,1.108,10.649
-0.342,-1.416,9.353
0.246,-1.536,8.927
0.007,-1.005,9.522
0.388,-1.089,9.836
0.002,-0.682,10.594
-0.876,-2.96,9.116
-0.301,-2.936,9.061
-0.153,-1.727,9.877
0.51,-1.026,10.233
-0.28,-2.716,9.597
-0.579,-3.06,9.08
0.062,-3.752,10.427
-0.062,-7.049,12.796
-0.397,-5.297,13.008
2.146,5.166,5.769
-0.026,-0.244,9.319
-0.103,-1.505,9.757
0.136,-1.711,9.611
0.167,-1.742,9.982
0.266,-1.108,9.874
0.672,-1.043,10.106
-0.005,-2.031,9.855
-0.029,-1.467,10.051
-0.022,-1.266,9.79
0.301,-0.613,10.066
0.208,-0.467,10.444
0.452,-1.402,9.532
0.373,-1.4,9.707
0.337,-1.218,10.2
0.148,-0.785,10.247
-0.057,-1.711,9.293
0.0,-1.802,9.223
0.053,-1.534,9.807
0.29,-0.852,10.496
0.268,0.234,10.616
-0.225,-0.852,9.8
0.053,-0.412,9.793
-0.01,-0.581,9.81
-0.014,-1.352,9.568
-0.404,-1.727,9.551
-0.294,-1.388,9.716
0.129,-1.44,9.898
-0.093,-1.62,9.929
-0.227,-1.014,10.652
-0.225,-2.216,10.075
-0.557,-2.481,9.542
0.019,-2.361,9.697
0.455,-2.082,9.829
22.308,-2.294,15.949
0.069,-1.402,9.984
0.634,-0.057,9.738
0.081,-0.622,10.14
-0.672,-1.859,9.589
-0.34,-1.141,9.587
0.117,-1.881,9.793
0.309,-1.665,9.176
0.486,-1.342,10.07
-0.895,-2.491,9.838
0.227,-2.574,9.453
1.213,-1.215,9.635
0.019,-1.613,10.683
-0.232,-1.622,10.355
0.529,-1.871,10.267
0.495,-2.144,9.697
-0.012,-2.383,9.805
0.005,-1.61,9.862
0.349,-1.653,10.104
0.414,-2.208,9.788
-0.127,-2.495,9.783
0.29,-1.672,9.814
0.706,-1.476,9.987
0.553,-1.622,9.903
0.292,-1.696,10.212
-0.117,-1.787,9.853
0.306,-2.065,9.463
0.66,-1.648,9.556
0.672,-1.596,9.826
0.074,-2.646,9.496
0.493,-2.18,9.709
0.361,-1.735,10.078
0.093,-1.79,10.085
-0.158,-2.048,9.733
0.0,-2.438,9.52
0.402,-2.522,9.408
0.524,-2.101,9.702
0.739,-2.153,9.874
0.29,-1.897,9.764
0.574,-1.708,9.905
0.16,-2.472,9.166
0.366,-2.132,9.64
0.12,-1.873,9.711
0.007,-1.976,9.86
0.34,-1.924,9.611
0.311,-1.51,9.948
0.589,-0.746,10.006
0.684,-1.522,9.635
0.33,-1.967,9.575
0.27,-1.519,9.503
0.368,-1.302,10.121
0.385,-0.816,10.226
0.421,-0.852,9.975
0.306,-0.809,9.575
0.005,-1.357,9.85
0.383,-0.892,9.716
0.761,-0.134,10.133
0.292,0.012,10.434
0.213,-0.313,10.235
0.201,-1.122,9.561
0.421,-0.639,9.967
0.457,-0.469,10.472
0.557,-0.452,10.044
1.005,-0.366,9.69
1.304,-0.589,9.714
0.488,-0.354,10.044
0.084,0.127,9.57
0.345,-1.043,9.731
0.089,-0.768,9.833
1.955,-0.538,9.731
0.802,0.835,8.793
0.857,-0.629,10.07
0.024,-0.696,10.013
-0.184,-0.234,9.996
0.569,-0.773,9.707
1.448,-0.301,9.853
0.469,0.132,9.671
2.271,2.847,6.915
0.512,1.12,10.054
3.433,2.811,7.986
0.732,1.165,9.7
0.244,0.845,10.405
0.268,0.751,10.523
0.809,0.56,9.661
0.203,1.227,10.075
2.273,3.986,8.912
3.5,1.869,8.843
-0.964,-0.23,8.508
-0.579,-1.235,9.546
2.783,2.996,10.599
1.739,0.694,8.494
-1.072,0.024,9.159
-0.632,0.847,9.831
-5.115,0.373,8.285
-0.041,2.479,8.082
0.426,0.665,9.118
-0.586,-0.196,10.322
0.823,0.907,9.563
0.132,0.151,10.281
0.294,0.739,9.953
0.177,-0.098,9.867
0.098,0.045,9.613
0.005,-0.163,9.814
0.316,1.048,9.599
0.256,0.517,10.101
0.919,-0.546,9.769
0.16,-0.053,9.678
0.28,0.378,9.886
0.079,0.206,10.247
0.179,0.072,9.63
0.397,0.519,9.671
0.29,0.541,9.848
0.301,0.842,9.812
0.249,0.723,10.147
1.117,0.498,8.537
-0.036,1.136,9.819
-0.244,2.086,9.975
-0.201,1.845,9.889
0.144,1.816,9.862
-0.115,1.895,10.669
0.517,1.804,9.927
0.091,-0.34,9.685
-1.132,0.543,6.915
0.9,-0.632,9.594
3.034,1.842,6.446
0.617,-0.49,11.006
-0.062,1.069,10.073
0.077,1.258,9.939
0.146,1.388,9.776
0.27,1.515,9.774
0.127,1.194,9.843
-0.431,1.273,9.135
0.634,1.388,9.92
0.5,1.323,10.123
0.244,1.299,10.034
0.179,1.218,9.802
-0.278,0.84,9.147
0.089,0.84,10.281
0.256,0.505,10.168
0.347,0.739,9.833
0.055,0.639,9.771
0.316,1.048,9.81
-0.156,-0.749,10.326
0.519,0.62,9.865
1.122,0.88,9.831
0.089,0.756,10.032
-0.084,1.232,9.597
0.091,1.388,9.606
0.49,0.892,9.92
0.156,1.62,10.118
0.012,1.72,10.015
-0.048,1.708,9.798
-0.127,2.144,9.745
0.165,1.526,9.963
0.328,1.459,10.097
0.22,1.73,9.738
-0.349,1.345,10.003
0.758,1.256,9.197
0.452,0.682,8.331
4.699,2.936,6.962
-1.744,-0.668,10.575
0.474,1.672,9.704
-0.505,0.89,10.417
-0.502,-0.151,10.166
-0.421,0.761,10.118
1.247,-0.493,9.621
-1.443,1.895,8.884
0.857,0.979,9.857
0.837,1.665,9.802
-0.361,1.436,10.35
-0.139,1.256,9.9
-0.132,1.529,9.68
0.112,1.426,9.977
0.328,0.991,10.006
0.234,0.586,9.85
0.244,0.88,9.97
0.218,0.622,9.927
0.553,0.479,9.908
0.512,0.17,9.747
0.749,0.007,9.8
0.577,0.648,9.673
0.471,0.703,10.075
0.526,0.397,9.96
0.309,0.256,9.898
0.467,0.313,9.814
0.246,0.29,9.982
0.345,0.412,9.833
0.268,0.328,9.967
0.345,0.163,9.963
0.416,0.01,9.857
0.433,0.057,9.991
0.345,0.084,10.044
0.462,0.325,9.843
0.51,-0.428,9.929
0.366,0.311,9.939
0.368,0.388,9.912
0.06,0.512,11.228
0.438,0.534,9.769
0.022,0.708,9.822
-0.096,0.033,10.006
0.005,-0.12,9.915
0.139,-0.036,9.936
0.127,-0.287,10.003
0.38,-0.06,9.848
0.395,0.421,9.601
0.433,0.313,9.92
0.287,0.373,10.025
0.342,0.239,9.991
0.227,0.23,9.946
-0.091,0.244,10.011
0.232,0.273,10.015
0.179,0.318,9.97
0.182,0.144,10.051
0.199,-0.048,9.848
0.196,0.129,9.886
0.218,0.378,9.929
0.194,0.483,10.011
0.139,0.397,10.066
0.108,0.376,10.032
0.11,0.385,9.929
1.038,1.323,8.506
0.373,0.44,9.958
0.213,0.014,9.912
0.218,-0.177,9.908
0.139,0.292,9.996
0.208,0.51,9.92
0.112,0.84,9.829
0.136,0.438,9.994
-0.007,0.347,10.109
0.105,0.359,9.96
0.124,0.093,9.936
0.206,-0.007,9.86
0.239,-0.045,9.972
0.27,0.1,9.886
0.22,0.057,9.905
0.246,0.007,9.946
0.17,0.251,9.903
0.115,0.447,9.979
0.108,0.569,9.929
0.031,0.56,9.96
-0.024,0.512,9.97
0.11,0.471,9.956
0.156,0.423,9.91
0.203,0.285,9.927
0.139,0.244,9.934
0.301,0.304,9.884
0.225,0.199,9.97
0.177,0.261,9.912
0.184,0.182,9.948
0.175,-0.048,10.006
0.096,-0.01,9.903
0.072,0.055,9.9
0.266,0.316,9.853
0.089,0.005,10.03
0.223,-0.089,9.896
0.285,-0.043,9.886
-0.519,-0.464,10.618
-0.012,0.12,10.221
0.007,0.211,10.104
0.108,-0.529,9.982
0.026,0.261,9.776
0.148,-0.019,10.034
0.175,0.199,9.917
0.151,0.299,9.932
0.201,0.416,9.927
0.089,0.431,10.013
0.129,0.234,9.977
0.156,-0.026,9.915
0.28,-0.153,9.817
0.258,-0.167,9.924
0.254,-0.167,10.006
0.28,-0.16,9.951
0.258,-0.136,9.869
0.196,-0.239,9.912
0.278,-0.156,9.905
0.196,0.043,9.908
0.151,-0.012,9.958
0.165,0.057,9.989
0.184,0.201,9.951
0.225,0.22,10.006
0.129,0.165,10.008
0.091,0.012,9.941
0.05,-0.117,9.97
0.012,-0.285,9.979
0.112,-0.16,9.956
-0.172,-0.112,9.893
0.124,-0.089,9.948
0.196,-0.179,9.939
0.266,-0.196,9.924
0.11,0.0,9.948
0.189,-0.072,10.018
-0.017,-0.225,9.977
-0.007,-0.191,9.889
0.043,-0.057,9.929
-0.031,-0.033,9.948
0.017,0.079,9.963
0.045,0.072,10.001
0.998,0.304,7.951
-0.05,-0.474,10.499
-0.29,-0.103,10.07
0.005,-0.033,9.967
-0.014,-0.177,10.078
0.005,-0.22,9.9
-0.065,-0.239,9.958
-0.012,-0.165,9.917
-0.065,-0.328,10.044
-0.007,-0.364,9.984
-0.062,-0.426,9.908
0.072,-0.278,9.831
-0.036,-0.294,9.944
-0.105,-0.263,9.977
-0.124,-0.278,9.987
-0.112,-0.34,9.977
-0.081,-0.218,9.965
-0.024,-0.263,9.944
-0.002,-0.335,9.97
0.038,-0.294,9.932
0.062,-0.337,9.946
-0.017,-0.256,9.982
0.005,-0.158,9.956
-0.108,-0.033,9.912
-0.086,0.072,9.999
-0.041,-0.112,10.08
-0.038,-0.256,9.972
-0.043,-0.345,9.958
0.002,-0.258,9.96
0.045,-0.225,9.963
-0.012,-0.189,10.044
-0.036,-0.246,9.963
-0.06,-0.23,9.96
-0.055,-0.225,9.951
-0.079,-0.258,9.948
-0.041,-0.278,9.999
-0.079,-0.254,9.953
-0.12,-0.098,9.936
-0.105,-0.134,9.953
-0.062,-0.146,9.92
0.005,-0.163,9.917
-0.246,-0.488,10.525
-0.1,-0.29,10.034
-0.12,-0.263,9.831
-0.089,0.175,9.92
-0.127,-0.263,10.094
-0.117,0.285,9.721
-0.115,-0.043,10.073
-0.024,-0.156,9.903
0.012,-0.356,9.979
0.079,-0.428,9.951
0.077,-0.294,9.922
0.06,-0.246,9.989
0.007,-0.093,9.936
-0.019,0.156,9.903
-0.072,0.172,9.982
-0.124,0.184,9.944
-0.06,0.048,9.944
-0.012,-0.144,9.984
0.007,-0.16,9.939
0.012,-0.232,10.042
0.029,-0.175,9.944
0.012,-0.117,9.905
0.026,-0.117,9.936
-0.041,-0.311,10.011
-0.079,-0.325,9.96
-0.079,-0.361,9.975
-0.062,-0.373,9.958
-0.089,-0.498,9.953
-0.069,-0.354,9.932
-0.048,-0.299,9.939
-0.002,-0.282,9.881
0.057,-0.234,9.879
-0.012,-0.433,10.535
0.005,-0.493,10.054
-0.342,-0.342,9.862
-0.098,-0.263,10.054
-0.029,-0.282,9.9
-0.022,-0.208,9.898
-0.024,-0.249,9.91
-0.036,-0.371,9.97
-0.01,-0.251,9.96
-0.28,-0.684,10.666
-0.153,-0.67,10.405
-0.105,-0.531,9.604
-0.115,-0.038,9.953
-0.06,-0.033,9.989
-0.01,0.036,9.917
0.057,-0.194,9.953
0.093,-0.33,9.929
0.067,-0.294,9.898
0.232,-0.689,9.977
0.093,-0.505,10.099
0.1,-0.254,9.448
-0.041,0.141,9.977
-0.033,0.0,9.996
0.067,0.005,9.924
0.036,-0.194,9.869
0.057,-0.306,9.908
0.029,-0.28,9.951
0.323,-1.072,10.145
0.01,-0.538,9.692
-0.017,-0.249,9.726
0.014,-0.055,9.984
0.017,-0.019,9.987
0.019,-0.031,9.946
0.017,-0.124,9.991
0.019,-0.23,9.92
0.124,-0.455,10.171
0.026,-0.483,9.881
-0.158,-0.414,9.829
-0.081,-0.313,9.987
0.026,-0.246,9.833
0.0,-0.189,9.972
0.045,-0.237,9.92
0.055,-0.211,10.006
0.172,-0.246,10.712
-0.012,-0.624,10.013
-0.053,-0.28,9.661
-0.072,-0.06,10.051
0.002,-0.129,9.917
0.041,-0.273,9.984
0.074,-0.285,9.905
0.11,-0.306,9.915
0.074,-0.29,9.982
0.041,-0.232,9.922
0.005,-0.237,9.967
-0.014,-0.227,9.967
-0.017,-0.275,9.953
-0.026,-0.266,9.953
-0.002,-0.292,9.987
-0.012,-0.251,9.944
0.038,-0.223,9.965
0.045,-0.261,9.929
0.108,-0.297,9.917
0.045,-0.316,9.9
0.067,-0.39,9.956
0.055,-0.438,9.97
0.045,-0.467,9.912
0.01,-0.368,9.917
0.022,-0.215,9.9
-0.033,-0.156,9.903
-0.488,-0.409,11.269
-0.144,-0.677,10.19
0.103,-0.22,9.51
0.017,0.031,9.979
0.031,-0.045,9.97
0.139,0.045,9.891
0.069,0.033,9.982
0.115,0.033,9.908
0.1,-0.014,9.958
0.048,-0.163,9.991
0.029,-0.656,10.216
0.914,0.23,9.082
-0.096,0.091,9.867
-0.041,-0.031,10.013
0.033,-0.079,9.877
0.12,-0.17,9.912
0.201,-0.213,9.893
0.22,-0.211,9.934
0.249,0.124,10.556
0.012,-0.366,9.745
-0.05,-0.237,9.922
-0.077,-0.031,10.03
-0.079,0.086,9.903
-0.112,0.124,9.979
0.024,0.074,9.972
0.017,-0.026,9.989
-1.235,-2.17,11.188
-0.215,-0.797,10.518
0.0,-0.474,9.786
0.239,-0.392,9.857
0.321,-0.105,9.9
0.203,0.167,9.946
0.146,0.397,9.924
0.093,0.244,9.982
0.005,0.227,9.908
0.017,0.34,10.867
0.567,-0.098,9.551
0.045,-0.223,9.886
0.103,-0.084,9.984
0.165,-0.036,9.879
0.153,-0.136,9.965
0.096,-0.115,9.946
0.017,-0.084,9.948
0.014,-0.12,9.848
-0.067,-0.103,10.015
-0.033,0.079,9.956
-0.05,0.089,9.982
-0.077,-0.062,10.003
-0.019,-0.005,9.934
-0.012,0.026,9.936
0.081,0.06,9.922
0.031,0.0,9.996
0.043,-0.002,9.965
0.026,-0.086,9.953
0.05,-0.103,9.929
-0.048,-0.134,10.078
-0.06,-0.081,9.891
-0.002,0.045,9.869
0.017,0.115,9.857
0.072,-0.156,10.006
0.144,-0.354,9.936
0.215,-0.409,9.829
0.266,-0.278,9.855
0.287,-0.167,9.865
-0.624,-1.617,10.07
0.026,-0.517,10.738
0.077,0.01,9.793
-0.251,-0.036,9.987
-0.223,-0.103,10.082
-0.16,0.048,9.932
-0.041,-0.163,10.015
0.024,-0.373,9.92
0.139,-0.519,9.908
0.153,-0.452,9.884
0.096,0.825,5.603
-0.105,-0.933,11.013
0.11,-0.376,9.582
-0.019,-0.086,9.977
-0.022,-0.098,10.044
0.069,-0.041,9.951
0.077,0.067,9.948
0.124,-0.182,9.877
0.201,-0.194,9.898
0.105,-0.191,9.912
-1.022,-3.022,11.678
-0.392,-0.591,10.645
-0.409,-0.251,9.932
-0.043,-0.153,10.006
-0.005,-0.072,10.068
-0.081,-0.081,9.977
-0.043,-0.191,9.963
0.012,-0.22,9.948
-0.01,-0.488,10.085
0.007,-0.467,9.946
0.022,-0.546,9.948
0.055,-0.354,9.889
-0.012,-0.244,9.934
0.026,-0.17,9.996
-0.069,-0.29,10.023
-0.005,-0.285,9.946
-0.007,-0.337,9.963
0.041,-0.203,9.936
0.041,-0.139,9.936
0.036,-0.156,9.975
0.048,-0.227,9.96
0.06,-0.412,9.908
0.861,0.356,8.386
0.223,-0.928,10.257
0.172,-0.656,9.802
0.022,0.179,9.762
-0.017,0.1,10.037
-0.007,0.352,9.958
-0.043,0.301,9.999
-0.11,0.301,9.924
-0.084,0.17,9.956
-0.105,-0.069,10.051
-0.067,-0.294,9.96
0.005,-0.51,9.915
0.045,-0.244,9.826
-0.036,-0.175,9.932
-0.026,-0.007,10.037
-0.139,-0.024,9.972
-0.177,0.012,9.912
-0.158,-0.1,9.967
-0.069,-0.297,10.07
-0.055,-0.041,9.798
0.007,-0.211,9.912
0.081,-0.321,9.929
0.038,-0.328,9.96
0.048,-0.268,10.018
-0.036,-0.1,9.975
-0.122,-0.16,9.965
-0.146,-0.124,9.972
-0.153,-0.074,9.932
-0.153,-0.038,10.013
-0.112,0.029,10.011
0.029,-0.108,9.886
0.069,-0.12,9.939
0.148,-0.153,9.879
0.057,0.069,9.908
-0.053,0.108,10.018
-0.12,0.079,9.934
-0.218,-0.218,10.054
-0.208,-0.287,9.965
-0.127,-0.201,9.908
0.024,-0.237,9.972
0.129,-0.349,9.886
0.167,-0.366,9.9
0.124,-0.129,9.908
