-0.256,0.0,9.561
-2.771,-2.56,10.453
-0.727,-2.546,9.68
-0.56,-1.163,9.91
-1.127,-0.782,10.221
-0.644,-0.945,9.896
-0.596,-0.845,9.81
-1.455,-0.45,10.2
-0.883,-1.311,10.063
-0.668,-0.986,9.922
-0.598,-0.998,9.956
-0.837,-0.758,10.027
-0.742,-0.816,9.982
-0.837,-1.086,9.948
-0.857,-1.29,9.934
-0.739,-1.388,9.922
-0.897,-1.067,9.972
-1.158,-1.299,10.023
-0.782,-1.239,9.891
-0.785,-0.845,10.011
-1.225,-0.811,10.075
-0.675,-0.536,10.027
-0.727,-0.488,10.087
-0.522,-0.182,9.956
-0.438,0.378,10.068
-0.847,0.187,10.039
-0.833,-1.053,9.886
-2.311,-2.175,10.264
-0.201,-0.067,9.767
0.713,-0.677,9.644
-1.096,-0.309,10.109
-0.859,-0.663,10.066
-0.33,-1.421,9.778
-0.919,-1.251,9.936
-0.703,-0.959,9.735
-1.584,-0.615,10.03
-1.471,-0.699,10.247
-0.605,-1.747,9.838
-1.27,-0.864,9.984
-1.756,-1.055,10.034
-1.316,-1.991,9.891
-1.66,-2.397,9.786
-0.744,-1.799,9.915
-1.476,-0.385,10.006
-1.192,-0.368,10.061
-0.864,-1.29,9.946
-1.23,-1.266,9.843
-0.687,-2.048,9.786
-1.864,-1.421,10.001
-2.067,-0.273,10.202
0.237,-0.742,10.195
-0.615,-1.914,9.685
-1.213,-1.601,9.709
-2.187,-1.534,9.891
-1.151,-2.634,9.807
-0.586,-2.39,9.939
-0.926,-1.354,10.039
-2.23,-0.775,9.867
-2.003,-1.282,10.013
-1.096,-2.218,9.987
-0.646,-2.713,9.628
-0.687,-2.775,9.434
-1.68,-0.763,10.539
-1.467,-0.211,10.207
-1.28,-1.4,9.812
-0.254,-2.818,9.807
-0.842,-3.058,9.798
-1.129,-2.385,9.592
-0.907,-1.83,9.833
-0.95,-1.644,10.032
-1.314,-1.773,9.872
-1.57,-2.933,9.893
-1.608,-2.744,9.714
-1.486,-1.995,9.778
-1.414,-1.357,10.039
-1.467,-0.873,10.058
-0.895,-1.397,9.944
-1.237,-2.433,9.812
-1.165,-2.869,9.52
-0.782,-1.55,9.958
-0.723,-1.206,10.209
-0.096,-1.529,9.936
-0.746,-2.445,9.824
-0.715,-2.328,9.422
-0.682,-2.55,9.585
-0.613,-2.177,9.872
-0.483,-2.409,9.817
-1.266,-1.739,9.767
-2.814,-2.584,10.18
-1.931,-2.606,9.654
-1.115,-2.495,9.9
-1.651,-1.794,10.003
-1.058,-1.708,9.845
-0.546,-2.163,10.018
-0.737,-2.259,9.664
-2.105,-1.857,9.953
-1.402,-2.048,9.783
-0.725,-2.218,9.822
0.39,-2.888,9.805
-1.196,-2.51,9.948
-1.187,-1.61,10.116
-0.072,-1.227,9.807
-0.639,-1.771,9.611
-0.849,-2.338,9.75
-0.988,-2.39,9.838
-1.436,-2.328,10.159
-0.976,-1.381,9.788
-1.117,-1.56,9.946
-0.778,-2.653,9.807
-1.132,-3.139,9.594
-0.782,-2.44,9.649
-0.416,-2.385,10.054
-0.148,-1.17,9.616
-0.27,-1.598,9.262
0.821,-2.428,9.647
-0.837,-2.082,10.31
-1.067,-0.864,10.317
-0.237,-0.787,10.056
-0.675,-1.584,9.798
-2.175,-2.141,9.833
-1.993,-3.682,9.441
-2.744,3.362,11.295
-0.852,-4.89,9.671
0.278,-0.361,9.711
-1.086,-1.201,10.02
-2.321,-1.526,10.269
-0.613,-0.845,9.621
-0.077,-0.684,9.903
0.268,-1.261,9.829
0.775,-0.613,9.609
-1.227,0.914,10.216
-2.146,0.165,10.556
-0.376,0.129,9.853
-0.589,-1.014,10.003
-0.148,-1.426,9.889
-0.787,-1.148,9.85
-1.22,-0.785,10.125
-0.687,-0.28,9.941
-2.031,0.067,10.255
-0.479,-1.134,10.07
0.682,-0.895,10.125
-0.426,-0.237,9.556
-0.27,0.014,9.771
-1.732,-0.854,10.18
-2.029,0.177,10.427
0.153,-0.053,9.668
1.325,-1.136,9.539
0.364,-0.811,9.833
-1.811,-0.833,10.195
-2.268,0.218,10.346
-0.854,0.053,10.235
-0.689,-0.543,10.159
0.223,-0.897,9.776
0.144,-1.581,9.987
-0.988,-1.017,9.848
-1.811,-1.079,10.061
-0.912,-0.108,10.13
-0.426,-1.055,9.989
-0.165,-1.495,9.903
-2.649,-2.22,9.958
0.299,-0.689,9.661
-1.883,-0.962,10.192
-1.672,0.132,10.271
-1.689,-0.816,9.996
-0.1,-1.979,9.874
-0.002,-2.586,9.726
-0.723,-0.416,9.922
-1.29,-0.524,10.13
-2.122,-0.883,10.034
-1.873,0.053,9.762
0.648,-2.302,9.908
-0.691,-2.854,10.078
-1.677,-3.247,9.855
-1.39,-2.204,9.503
-1.469,-2.017,9.642
-1.369,-1.995,9.685
-0.541,-3.285,10.338
-0.28,-3.23,9.432
-0.306,-1.775,9.109
-2.491,-0.61,9.731
-1.885,-0.27,10.214
2.342,-1.51,10.396
2.05,-1.129,9.534
0.089,0.234,10.147
-0.27,1.577,9.518
0.885,1.426,10.542
-2.565,-3.39,10.484
-3.874,-3.665,8.807
-6.132,-1.132,8.156
0.124,-5.35,9.812
0.062,-1.196,9.948
-2.818,-0.888,9.903
-0.773,0.529,10.078
1.426,-0.591,9.743
0.479,-0.378,9.814
-1.811,-0.842,10.188
-0.842,-0.823,10.08
-0.084,-0.895,9.819
-0.919,-0.694,10.03
-0.912,-0.656,10.085
-0.486,-1.036,9.91
-0.675,-1.189,9.965
-0.763,-1.036,10.018
-0.634,-0.742,9.958
-0.66,-0.569,10.032
-0.739,-0.648,10.001
-0.703,-0.976,9.972
-0.646,-1.125,9.946
-0.656,-1.06,9.991
-0.73,-0.904,9.989
-0.668,-0.675,10.015
0.505,3.512,9.644
-0.947,-2.287,9.905
-0.792,-1.258,9.805
-1.577,0.187,9.508
-0.746,-2.342,10.346
-0.706,-0.44,10.049
-0.632,-0.677,9.802
-1.053,-1.079,10.037
-1.596,-1.062,10.161
-0.383,-1.675,9.831
0.012,-1.558,9.814
-1.187,-1.498,9.819
-1.677,-1.392,10.008
-1.084,-1.275,9.999
-1.448,-1.634,8.262
0.263,0.139,10.867
-1.794,-0.455,10.604
-1.481,-1.732,9.757
-0.479,-2.742,9.68
-1.27,-2.835,10.147
-1.146,-0.9,9.917
0.263,0.069,9.764
-1.692,-0.45,10.29
-1.842,-1.098,10.13
-0.407,-1.869,9.755
-0.39,-1.723,9.793
-1.046,-0.703,10.054
-0.211,-0.294,9.891
-1.376,-0.787,10.051
-1.263,-1.548,10.03
-0.431,-1.785,9.833
-0.603,-1.412,9.903
-0.682,-0.742,9.987
-0.55,-0.431,10.006
-0.529,-0.78,9.965
-0.758,-1.22,9.965
-0.727,-1.421,9.953
-0.385,-1.072,10.044
-0.703,-1.101,9.92
-1.127,-0.94,9.977
-0.909,-1.309,9.946
-0.921,-1.373,9.958
-0.423,-0.976,9.924
-0.718,-1.012,9.977
-0.928,-0.842,10.001
-1.218,-1.481,9.977
-1.268,-1.479,9.977
-0.304,-1.299,9.85
-0.359,-0.864,9.951
-0.835,-0.706,10.051
-0.931,-1.041,9.991
-1.168,-1.57,10.013
-1.184,-1.785,9.948
-0.799,-1.515,9.891
-0.397,-0.861,9.934
-0.639,-0.534,9.915
-0.9,-0.869,10.07
-0.572,-1.266,9.934
-0.682,-1.479,9.896
-0.95,-1.553,10.013
-0.859,-1.287,9.924
-0.603,-1.215,9.86
-0.967,-1.141,9.908
-0.785,-1.086,10.034
-0.658,-1.474,9.987
-0.701,-1.189,9.872
-0.713,-1.026,9.987
-0.811,-1.153,9.956
-1.531,-1.548,9.972
-2.467,-4.833,5.579
0.629,1.225,11.233
-0.299,-0.412,9.7
-1.515,-1.888,9.178
-2.895,-2.335,10.245
-0.785,-2.637,9.944
-0.179,-1.333,9.47
-1.069,-0.507,10.082
-1.134,-0.567,10.116
-0.979,-0.907,9.991
-0.979,-1.311,10.02
-0.366,-1.072,9.874
-0.301,-0.505,9.946
-0.723,-0.536,10.121
-1.175,-1.074,10.02
-0.991,-1.584,9.889
-1.125,-1.778,10.008
-0.62,-1.062,9.862
-0.624,-0.67,9.896
-0.718,-0.385,9.967
-0.739,-0.845,10.034
-0.562,-1.005,10.042
-0.744,-1.278,9.929
-0.988,-0.926,9.893
-0.799,-1.06,9.939
-0.711,-1.125,9.982
-0.737,-1.019,10.075
-0.601,-1.077,10.008
-0.842,-0.957,9.946
-0.883,-0.969,9.879
-0.847,-1.165,9.889
-0.708,-1.136,10.008
-0.703,-0.904,10.054
-0.708,-0.957,10.063
-0.835,-1.115,10.008
-1.007,-1.156,9.869
-0.782,-0.94,9.927
-0.639,-0.983,9.984
-0.837,-1.163,9.958
-1.05,-1.266,10.011
-1.196,-1.404,10.08
-1.034,-1.306,9.908
-0.837,-1.218,9.922
-0.62,-1.323,9.877
-0.598,-1.144,9.869
-0.708,-1.165,9.936
-0.83,-1.127,9.922
-0.895,-1.127,9.963
-1.093,-0.995,10.037
-0.854,-1.101,10.001
-0.651,-1.019,9.872
-0.971,-1.026,9.963
-1.029,-1.192,9.958
-0.663,-1.113,9.917
-0.711,-0.998,9.86
-1.0,-1.046,10.058
-1.036,-1.258,10.027
-0.964,-1.058,9.951
-0.924,-1.225,9.855
-0.945,-0.969,9.867
0.144,-1.192,7.96
0.065,-0.108,10.846
-1.108,-1.084,10.101
-3.328,-2.828,10.137
-0.684,-1.352,9.972
0.328,-1.481,9.805
-1.132,-0.742,9.936
-0.651,-0.081,10.075
-1.024,-0.663,10.092
-1.206,-1.122,10.025
-0.596,-1.378,9.941
-0.514,-1.507,9.814
-0.749,-1.421,9.91
-0.818,-1.424,9.963
-0.993,-1.498,9.891
-0.861,-1.811,9.963
-0.73,-1.644,9.869
-0.775,-1.72,9.9
-0.83,-1.668,9.944
-0.723,-1.648,9.898
-0.988,-1.574,9.965
-0.897,-1.72,9.922
-0.725,-1.704,9.879
-0.675,-1.771,9.891
-0.751,-1.967,9.853
-0.809,-1.928,9.853
-0.455,-1.802,9.824
-0.541,-2.007,9.86
-1.113,-2.029,9.967
-1.457,-1.986,10.075
-0.325,-1.457,9.726
-0.624,-1.412,9.845
-0.861,-1.503,9.936
-0.167,-2.591,9.79
-4.67,-2.988,10.599
0.768,-2.177,9.42
0.794,-1.771,9.539
-1.981,-1.34,10.25
-0.407,1.833,8.865
-0.345,-1.493,9.566
-1.486,-2.041,10.226
-1.462,-1.536,10.02
0.519,-3.319,9.814
-1.244,-2.881,9.544
-1.742,-1.871,9.81
2.158,-2.869,9.259
-1.022,-0.498,10.262
-1.998,-0.376,10.212
-1.139,-0.821,9.865
-0.952,-2.105,9.939
0.213,-2.359,9.836
-0.278,-3.07,9.774
-0.778,-2.883,9.872
-1.12,-2.019,9.946
-0.981,-0.459,9.802
-1.053,-1.014,10.274
0.026,-1.72,9.898
-0.486,-2.347,9.704
-1.888,-2.579,9.8
-1.062,-1.943,10.087
-0.225,-1.414,9.982
-0.196,-1.751,9.616
-0.069,-1.818,9.855
-0.086,-1.452,9.637
-1.632,-2.321,10.013
-2.172,-0.964,10.123
-0.723,-1.203,9.932
0.385,-0.962,9.893
-0.007,-1.242,9.965
-0.696,-2.005,9.953
-0.962,-2.297,9.893
-0.799,-1.232,9.946
-0.785,-0.507,10.006
0.172,-1.141,9.896
-0.703,-1.51,9.936
-1.168,-1.457,9.999
-0.723,-1.512,9.755
-0.414,-0.837,9.889
-2.06,-0.804,10.829
-2.378,-0.397,11.001
0.33,-0.452,8.75
1.653,-1.505,10.123
2.007,-1.431,9.833
1.404,-2.07,9.606
0.469,-1.605,9.563
-0.562,-1.103,10.066
-3.541,-1.936,10.329
-2.924,-4.804,11.226
-5.352,-7.74,20.617
0.033,1.933,7.13
1.675,0.352,9.432
-1.615,0.062,10.657
-1.562,0.091,10.271
0.031,-1.727,9.625
-0.713,-3.007,9.755
-1.28,-2.732,9.927
-0.715,-1.648,9.865
-0.849,-0.651,10.051
-0.897,-0.481,10.07
-0.495,-1.381,9.951
-0.641,-2.0,9.774
-0.95,-2.129,9.879
-0.878,-1.665,9.932
-0.782,-1.285,9.915
-0.756,-1.223,10.018
-0.799,-1.414,9.917
-0.861,-1.692,9.948
-0.742,-1.809,9.929
-0.73,-1.732,9.869
-0.742,-1.725,9.86
-0.689,-1.699,9.896
-0.768,-1.866,9.886
-0.873,-1.866,9.972
-0.818,-1.809,9.903
-0.782,-1.73,9.879
-0.737,-1.732,9.929
-0.761,-1.804,9.891
-0.792,-1.857,9.905
-0.816,-1.818,9.898
-0.811,-1.794,9.874
-0.813,-1.62,9.936
-0.766,-1.323,9.958
-0.744,-1.086,10.042
-0.766,-0.864,10.039
-0.785,-0.919,10.011
-0.792,-1.113,9.967
-0.773,-1.397,9.932
-0.754,-1.469,9.927
-0.746,-1.251,9.915
-0.72,-1.065,9.977
-0.766,-0.995,10.006
-0.763,-1.0,10.013
-0.751,-1.117,9.989
-0.78,-1.184,9.956
-0.818,-0.962,9.967
-0.742,-0.646,10.027
-0.706,-0.438,10.039
-0.651,-0.775,9.965
-0.732,-1.287,9.9
-0.79,-1.682,9.886
-0.713,-1.464,9.941
-0.696,-1.113,9.951
-0.699,-0.799,10.003
-0.689,-0.72,9.996
-0.586,-0.79,10.015
-0.723,-0.687,10.025
-0.751,-0.775,9.963
-0.596,-0.804,9.958
-0.665,-1.038,9.936
-0.727,-0.665,10.056
-0.708,-0.184,10.046
-0.62,0.167,10.073
-0.653,-0.081,10.011
-0.746,-0.548,10.037
-0.766,-0.871,9.934
-0.806,-0.895,9.967
-0.756,-0.778,9.977
-0.682,-0.787,9.941
-0.699,-0.974,9.97
-0.72,-1.196,9.9
-0.727,-1.18,9.932
-0.737,-1.0,9.951
-0.732,-0.665,9.967
-0.758,-0.311,10.034
-0.735,-0.098,10.023
-0.813,-0.098,9.953
-0.83,0.172,10.097
-0.682,0.28,10.113
-0.591,-0.112,9.97
-0.653,-0.837,9.965
-0.713,-1.206,9.922
-0.84,-1.01,9.905
-0.763,-0.512,9.991
-0.646,-0.167,10.061
-0.651,-0.306,10.015
-0.677,-0.694,9.991
-0.663,-1.034,9.917
-0.723,-1.12,9.958
-0.706,-0.529,10.207
-0.29,3.302,9.36
-0.742,0.806,13.815
0.067,8.204,11.769
-0.44,4.11,8.893
-0.629,-1.098,8.872
-0.735,-0.852,10.082
-0.644,-0.663,9.987
-0.663,-0.663,9.989
-0.668,-0.758,9.922
-0.746,-1.165,9.953
-0.672,-1.172,9.939
-0.749,-1.258,9.927
-0.813,-1.096,9.917
-0.694,-0.957,9.948
-0.675,-0.816,9.977
-0.682,-0.502,9.994
-0.639,-0.29,10.037
-0.617,-0.215,10.046
-0.689,-0.345,9.989
-0.656,-0.495,10.044
-0.679,-0.579,10.051
-0.653,-0.644,9.987
-0.677,-0.873,9.977
-0.689,-1.06,9.982
-0.715,-1.16,9.932
-0.718,-1.273,9.929
-0.699,-1.302,9.857
-0.708,-1.314,9.924
-0.651,-0.928,9.951
-0.703,-0.49,10.027
-0.663,-0.273,10.02
-0.646,-0.208,10.039
-0.713,-0.251,10.039
-0.718,-0.249,10.046
-0.684,-0.311,10.018
-0.703,-0.328,10.006
-0.751,-0.402,9.975
-0.751,-0.519,9.972
-0.739,-0.644,9.994
-0.708,-0.77,9.958
-0.703,-0.701,9.915
-0.706,-0.684,10.011
-0.756,-0.601,10.03
-0.713,-0.562,9.984
-0.66,-0.615,9.965
-0.677,-0.672,10.025
-0.699,-0.732,9.996
-0.73,-0.816,9.984
-0.782,-1.017,10.207
-0.342,4.113,10.365
-1.309,-4.63,13.745
-0.297,5.697,13.43
-0.486,2.601,10.235
-0.452,-0.364,8.838
-0.773,-1.096,10.08
-1.034,-1.816,9.963
-0.849,-2.072,9.845
-0.562,-1.488,9.9
-0.51,-0.696,9.984
-0.679,-0.495,10.078
-0.95,-0.837,10.044
-0.84,-1.378,9.96
-0.62,-1.72,9.867
-0.677,-1.608,9.85
-0.873,-1.18,9.979
-0.818,-0.962,9.987
-0.811,-0.562,9.97
-0.859,0.007,10.097
-0.835,0.285,10.078
-0.766,-0.124,10.015
-0.809,-0.746,9.984
-0.821,-1.187,9.9
-0.766,-1.005,9.917
-0.837,-0.78,9.912
-0.823,-0.541,10.001
-0.816,-0.507,9.982
-0.84,-0.388,9.994
-0.809,-0.342,10.013
-0.732,-0.572,10.058
-0.818,-0.962,10.001
-0.878,-1.333,9.853
-0.749,-1.203,9.893
-1.01,-1.11,10.075
-1.022,-1.077,9.924
-0.852,-1.512,9.788
-0.88,-1.421,9.934
-0.94,-0.306,10.149
-0.902,0.49,10.161
-0.768,0.234,10.03
-0.742,-1.175,9.987
-0.756,-2.405,9.829
-0.806,-2.113,9.86
-0.914,-1.172,9.9
-0.866,-0.392,10.039
-0.847,0.048,10.046
-0.806,-0.23,10.09
-0.701,-1.007,9.984
-0.787,-1.737,9.824
-0.935,-1.632,9.836
-0.866,-0.926,9.924
-0.766,-0.467,10.051
-0.83,-0.536,10.087
-0.897,-0.854,10.015
-0.883,-0.787,9.948
-0.857,1.732,11.757
-0.656,-1.273,6.821
-1.172,-6.874,6.438
-1.117,-0.754,14.985
-0.416,-0.919,4.869
-1.189,-0.519,15.14
-1.007,-5.62,4.74
-0.802,0.854,13.659
-1.06,-2.383,10.587
-0.83,-0.469,9.695
-0.802,-0.852,10.03
-0.842,-1.089,9.924
-0.852,-1.385,9.896
-0.876,-1.416,9.855
-0.799,-1.22,9.963
-0.823,-0.84,10.032
-0.9,-0.656,10.008
-0.823,-0.761,10.018
-0.869,-1.136,9.972
-0.912,-1.247,9.946
-0.787,-1.335,9.965
-0.866,-1.132,9.879
-0.885,-0.713,9.979
-0.919,-0.541,10.027
-0.83,-0.816,10.013
-0.797,-1.206,9.984
-0.885,-1.055,9.987
-0.845,-0.787,9.979
-0.77,-0.861,9.984
-0.9,-1.012,9.967
-0.967,-0.94,9.929
-0.835,-0.971,9.979
-0.79,-1.048,10.008
-0.828,-1.235,9.953
-0.871,-1.282,9.956
-0.9,-1.304,9.881
-0.806,-1.354,9.912
-0.854,-1.385,9.929
-0.821,-1.282,9.97
-0.904,-1.141,9.939
-0.833,-1.239,9.958
-0.737,-1.493,9.884
-0.813,-1.507,9.9
-0.857,-1.361,9.944
-0.828,-1.141,9.908
-0.811,-1.062,9.963
-0.811,-1.072,9.987
-0.708,-1.0,9.991
-0.732,-1.048,9.975
-0.787,-0.995,9.987
-0.761,-0.883,9.999
-0.751,-0.869,10.015
-0.78,-0.897,9.97
-0.785,-1.024,9.941
-0.773,-1.184,9.936
-0.782,-1.316,9.932
-0.732,-1.325,9.932
-0.799,-1.383,9.912
-0.835,-1.553,9.92
-0.77,-1.629,9.877
-0.799,-1.704,9.881
-0.775,-1.641,9.862
-0.84,-1.67,9.833
-0.799,-1.744,9.898
-0.811,-1.66,9.944
-0.799,-1.448,9.905
-0.763,-1.213,9.967
-0.818,-1.091,9.989
-0.742,-1.232,9.975
-0.713,-1.383,9.924
-0.818,-1.474,9.956
-0.854,-1.215,9.944
-0.72,-1.034,9.956
-0.746,-1.043,9.944
-0.785,-1.117,9.932
-0.794,-0.947,10.008
-0.775,-0.78,10.001
-0.804,-0.756,10.034
-0.751,-1.115,9.948
-0.837,-1.479,9.905
-0.876,-1.541,9.879
-0.794,-1.395,9.946
-0.813,-1.05,9.963
-0.737,-0.737,10.046
-0.773,-0.668,10.039
-0.775,-0.833,10.008
-0.782,-1.18,9.917
-0.713,-1.256,9.877
-0.696,-1.172,9.984
-0.842,-1.151,9.987
-0.866,-1.091,9.975
-0.871,-0.888,9.867
-0.658,-0.864,9.666
-0.553,-1.445,9.735
-0.914,-2.649,9.891
-1.05,-3.469,9.429
-1.086,-2.692,9.35
-0.328,-1.282,8.881
-0.254,-1.024,11.166
-0.648,-0.761,10.178
-1.031,-2.192,9.716
-1.869,-3.931,9.702
-1.641,-3.591,9.661
-1.608,-2.177,10.384
-1.577,-1.046,10.003
-1.517,0.239,10.207
-0.361,1.098,10.125
-1.615,-1.469,9.417
-5.053,-0.67,9.551
-5.414,-4.845,11.212
-2.952,-1.127,10.568
-5.496,-0.584,11.917
-6.269,-1.158,12.09
-7.252,-0.395,12.604
-8.946,0.048,12.793
-8.96,1.314,10.728
-9.137,0.866,9.039
-8.281,0.983,8.02
-8.082,-0.682,8.219
-6.714,-1.256,6.558
-4.343,-0.974,4.936
-2.546,-1.113,4.788
-1.084,-1.768,5.448
-0.156,-1.78,6.077
1.268,-1.189,5.668
3.216,-1.419,5.369
3.711,-2.117,6.199
2.431,-3.472,8.417
1.268,-3.196,9.824
1.713,-1.335,10.156
2.931,0.184,9.743
2.979,0.459,9.453
1.706,0.701,9.537
0.488,-1.648,9.573
-2.445,-5.302,9.36
1.072,-4.249,8.625
5.056,2.141,12.071
0.471,-0.531,14.078
0.986,-1.715,13.939
0.658,-6.041,8.295
-0.691,-4.907,8.089
0.167,0.156,7.919
0.727,-1.794,7.312
1.706,-6.68,7.283
2.33,-5.673,7.508
2.048,-0.421,8.374
1.44,1.907,9.183
1.426,0.345,9.302
2.689,-1.627,8.987
3.134,-0.938,10.331
2.888,-2.062,10.86
3.053,0.409,10.556
3.072,2.637,10.255
3.551,-0.794,12.317
6.364,-3.266,16.523
8.341,-6.812,11.944
5.582,-3.723,6.809
1.402,-0.931,7.819
1.402,-0.888,10.74
1.893,-1.72,13.552
1.665,1.012,12.874
-1.079,-3.022,11.133
-1.443,-4.218,12.422
0.613,-0.825,11.786
4.512,-0.77,8.403
6.69,-2.483,10.767
3.563,-5.831,9.422
1.854,-2.28,8.278
2.531,-0.342,8.642
2.51,0.258,9.03
1.055,0.871,7.955
-2.51,0.464,11.178
-1.541,-1.586,4.766
-8.934,-3.161,2.744
-13.544,-3.713,1.321
-17.009,0.507,4.84
-7.69,5.027,1.715
-7.056,0.163,-4.249
-8.546,4.663,5.022
-9.831,2.584,7.517
16.774,10.848,32.379
-14.305,-0.809,8.405
8.774,-0.383,11.834
-2.859,-6.692,14.693
-3.285,-5.307,13.542
1.871,-7.434,8.53
2.969,-8.558,8.216
5.345,-6.69,7.874
4.094,-6.682,8.192
3.766,-7.159,7.769
2.452,-4.232,8.52
4.043,-5.221,9.353
0.837,0.739,3.275
3.541,-11.695,6.02
2.517,-7.419,5.838
5.249,-8.152,5.972
1.0,-13.887,-0.483
1.804,-14.396,-3.78
3.718,-15.755,-4.644
3.859,-20.495,-4.02
3.644,-20.485,-6.479
3.929,-17.846,-5.993
3.051,-16.947,-7.596
2.225,-12.693,-7.307
0.007,-10.86,-6.175
1.895,-10.08,-9.558
3.481,-8.941,-12.164
5.45,-7.228,-9.367
6.666,-5.362,-8.788
7.049,-6.733,-6.955
7.104,-5.668,-7.376
3.091,-5.039,-3.165
3.208,-4.945,-4.989
1.261,-3.218,-1.555
4.534,-3.756,-3.622
-1.175,-2.701,-5.201
1.105,0.347,-4.819
-5.989,-2.208,-2.271
-6.123,-2.18,-5.359
-5.946,1.041,-4.979
-6.24,3.68,-6.97
-5.91,8.046,-6.34
-8.14,5.974,-10.865
-1.361,5.35,-12.898
-2.969,8.664,-10.956
-3.945,11.389,-10.279
-3.055,12.011,-8.673
-4.62,9.405,-9.101
-8.278,9.716,-4.472
-6.446,11.762,-2.687
-4.809,2.778,-4.845
-2.893,2.68,-7.436
-4.481,5.041,-4.673
-0.029,5.036,-7.829
1.787,3.007,-10.726
-3.692,-2.019,-10.111
1.838,6.962,-11.157
3.287,7.118,-8.046
1.132,1.715,-6.163
1.904,3.144,-8.319
4.515,12.549,-3.541
2.421,5.436,-3.699
4.967,0.383,-7.663
1.737,4.07,-5.73
5.682,2.149,-13.499
-1.823,3.493,-14.48
-12.578,0.23,-8.293
-11.645,1.986,-7.575
-9.941,2.56,-10.527
-7.386,2.773,-4.67
-3.953,6.508,-12.451
-3.173,-3.543,-10.776
-4.209,2.474,-10.714
-5.852,8.317,-8.384
-4.792,5.192,-11.532
-4.374,1.457,-11.307
-6.058,1.165,-10.166
-4.599,5.584,-9.051
-4.627,-1.017,-11.092
-2.826,2.048,-11.267
-6.046,1.945,-10.764
-3.649,3.395,-10.657
-5.161,3.699,-8.125
-4.941,-1.206,-10.207
-4.067,1.199,-9.977
-5.398,4.142,-9.637
-3.625,4.288,-9.508
-3.682,2.952,-9.551
-3.862,2.074,-13.676
-5.833,1.208,-12.793
-0.261,4.953,-12.719
-3.496,0.117,-12.657
-2.864,1.242,-12.929
-0.203,0.739,-12.839
-0.048,1.909,-16.837
-1.873,0.818,-12.714
-1.036,5.893,-6.367
2.72,-0.079,-6.395
1.263,3.771,-8.003
-1.543,1.058,-10.075
-1.081,1.469,-11.76
-3.888,-0.935,-9.489
-1.61,-4.721,-8.991
-1.148,-3.89,-10.085
-2.376,-1.672,-8.135
-0.924,-2.256,-7.257
-1.373,-3.826,-6.594
-0.979,-2.098,-6.917
0.519,-0.665,-7.07
-1.125,-2.067,-6.517
-0.737,-2.216,-5.316
0.833,-1.285,-5.981
1.529,-3.297,-5.642
-0.792,-1.445,-5.221
0.273,-1.955,-5.591
-1.041,-0.524,-5.197
-0.134,-2.065,-7.783
-1.349,-2.409,-7.814
0.51,-2.708,-7.819
0.605,-3.46,-8.333
-0.266,-3.259,-8.824
-0.199,-1.897,-9.137
-0.268,-1.96,-9.518
-1.747,-2.199,-9.207
0.364,-4.639,-11.051
-1.065,-2.56,-12.097
-0.452,-1.577,-14.166
-1.065,-3.505,-13.449
-0.775,-1.177,-12.41
-0.904,-1.409,-12.193
-0.347,-2.783,-12.602
-0.208,-1.694,-12.293
0.665,-1.632,-11.74
1.194,-0.806,-11.027
1.759,-0.955,-11.073
2.799,-1.773,-11.346
4.814,-2.072,-11.719
4.67,-1.39,-10.996
3.826,-0.672,-10.788
4.78,-1.421,-10.781
4.591,-0.665,-10.783
3.493,-0.613,-10.951
2.35,-1.227,-11.054
2.027,-1.012,-10.551
-0.246,-1.641,-9.601
-1.089,-0.77,-7.927
-0.065,-0.309,-7.379
0.041,-0.962,-7.474
1.333,-1.95,-7.64
2.278,-1.316,-6.907
1.536,-2.012,-6.577
1.177,-0.574,-6.525
0.916,1.273,-6.175
0.945,0.081,-5.716
0.825,-2.153,-6.13
1.67,-2.749,-7.029
1.18,-1.742,-6.254
1.122,-1.768,-6.225
0.696,-2.472,-6.627
0.548,-3.252,-7.541
1.125,-3.395,-8.695
1.184,-2.608,-8.917
0.261,-1.586,-9.357
0.636,-0.883,-9.298
0.701,-1.06,-9.865
0.947,-2.077,-11.329
1.0,-1.479,-12.214
-0.651,0.84,-11.819
-1.328,2.405,-13.276
0.397,-0.206,-14.25
1.692,-0.928,-14.14
1.873,0.708,-13.308
1.06,0.639,-12.006
1.998,3.67,-11.594
1.627,1.608,-11.047
1.869,-1.091,-11.353
2.268,-0.311,-11.209
3.266,1.498,-10.642
4.634,2.259,-10.561
5.201,1.622,-10.09
4.587,0.861,-9.451
5.558,1.275,-9.64
4.625,2.091,-10.374
3.974,2.196,-11.025
2.998,1.907,-11.379
0.39,0.012,-9.046
-0.601,0.897,-6.86
-0.644,1.701,-7.74
-0.34,1.498,-8.219
1.993,1.888,-8.408
3.031,-0.677,-8.022
2.728,1.864,-7.412
1.141,2.675,-5.338
1.897,2.541,-7.084
0.751,0.4,-4.572
1.158,-0.208,-5.465
2.74,0.1,-4.957
1.584,-0.773,-4.57
1.44,-2.055,-4.319
1.55,-3.496,-5.493
0.175,-6.412,-6.096
0.28,-5.297,-8.075
0.024,-4.46,-7.582
-1.062,-4.0,-7.549
-0.258,-6.242,-9.113
-0.371,-8.154,-10.104
-2.67,-8.326,-8.757
-0.072,-6.596,-9.905
0.426,-8.216,-10.542
-0.022,-6.728,-9.393
-0.646,-7.175,-8.135
-0.211,-7.419,-7.517
0.825,-8.745,-6.766
-0.153,-8.704,-5.96
-1.318,-10.324,-5.115
0.01,-11.159,-5.295
-1.603,-12.269,-4.725
-1.232,-9.967,-3.567
-2.395,-11.779,-2.39
0.237,-13.343,-2.917
-1.95,-16.162,-2.957
-2.919,-14.722,-2.622
-2.546,-12.901,-1.553
-3.027,-13.566,-0.246
-1.381,-13.824,-0.813
-6.819,-12.752,2.273
-1.811,-6.783,0.828
-3.005,-6.269,0.593
-3.45,-5.668,-2.007
-3.33,-4.618,-2.029
-2.649,-7.235,0.483
-7.307,-8.195,2.943
-6.807,-10.975,5.048
-4.077,-8.312,5.503
-0.512,-6.97,3.852
-2.833,-8.029,5.838
-5.137,-10.348,6.259
-4.922,-9.81,7.209
-7.472,-8.501,7.269
-7.623,-9.116,5.943
-10.039,-8.147,6.041
-11.917,-11.094,8.283
-10.056,-12.078,8.841
-11.633,-11.693,10.066
-12.48,-10.535,11.403
-13.391,-14.009,12.456
-12.587,-15.643,11.425
-11.166,-12.915,12.269
-10.764,-12.621,11.748
-8.728,-10.96,10.365
-5.582,-10.582,9.302
-6.106,-7.781,11.822
-6.706,-7.101,11.25
-5.395,-2.814,11.803
-4.46,0.361,12.367
-2.795,0.017,13.382
-9.142,-1.443,11.693
-8.187,-4.139,8.8
-7.273,-3.555,10.793
-7.972,-5.96,8.659
-4.486,-7.611,9.202
-8.97,-8.197,6.386
-6.283,0.723,6.962
-9.872,0.888,13.98
-8.125,0.524,7.216
-7.852,4.677,10.039
-3.988,6.778,3.756
-2.658,10.977,1.498
-1.314,18.251,0.706
1.476,19.081,5.91
0.579,11.975,7.623
-0.785,9.822,4.503
-2.579,7.257,4.692
-3.539,3.802,2.809
-2.247,-0.285,-0.05
0.022,-0.383,0.591
-0.072,0.835,0.459
-0.349,-0.435,-0.775
-1.096,0.005,0.285
-1.491,0.421,1.249
-3.144,-1.349,0.739
-4.378,-3.541,-0.179
-5.46,-2.452,0.266
-6.003,-2.62,-0.089
-6.773,-4.491,-0.694
-7.252,-4.079,1.158
-7.807,-5.142,0.924
-9.161,-8.443,-1.648
-10.501,-8.879,-3.149
-12.573,-10.25,-4.756
-10.786,-14.145,-13.566
-7.266,-14.281,-22.89
-4.223,-17.191,-33.482
-9.353,-26.684,-27.395
-6.47,-8.565,-16.925
4.027,-0.184,-14.619
1.44,-6.761,-15.925
-0.505,-13.999,-16.75
1.211,-6.321,-14.095
0.617,-0.902,-8.534
0.842,-2.716,-6.154
0.321,-6.551,-7.08
0.469,-4.831,-5.412
0.356,-3.307,-4.723
-1.139,-3.177,-4.855
-1.0,-5.8,-3.323
-1.436,-6.508,-3.271
-2.388,-6.848,-1.723
-2.996,-6.618,-2.515
-1.438,-8.429,-3.24
-1.526,-8.525,-2.653
-2.271,-10.3,-2.601
-1.749,-10.468,-1.711
-3.474,-7.912,-2.366
-3.797,-8.269,-1.23
-2.342,-10.228,-1.069
-2.828,-10.307,-0.938
-2.129,-10.379,-0.426
-2.763,-11.523,-1.282
-4.359,-11.731,-1.132
-4.268,-12.195,-2.522
-2.433,-12.401,-4.527
-3.137,-11.082,-5.175
-2.539,-11.7,-5.326
-3.472,-13.26,-3.11
-4.756,-13.963,-3.412
-6.4,-14.583,-2.361
-5.919,-14.269,-1.711
-5.838,-13.085,-1.644
-6.295,-12.446,-1.026
-6.974,-12.116,-0.299
-9.075,-12.044,1.419
-9.695,-11.654,1.936
-7.419,-13.303,0.835
-6.348,-13.841,0.754
-9.798,-11.963,2.833
-11.908,-10.305,6.388
-10.369,-8.611,6.537
-7.848,-9.666,5.613
-5.446,-10.015,4.185
-5.18,-11.202,3.976
-9.128,-11.64,6.996
-7.376,-10.786,7.065
-3.476,-12.736,4.835
-0.737,-10.712,5.74
-0.732,-7.257,6.793
-3.536,-8.685,7.561
-0.553,-10.448,5.419
1.036,-8.716,6.149
2.297,-6.903,4.831
1.519,-7.671,4.23
-0.701,-9.374,1.998
-0.804,-8.13,1.225
-1.108,-6.209,2.445
-2.972,-5.29,2.9
-4.201,-4.197,3.185
-6.69,-2.472,5.027
-9.31,-5.606,5.591
-8.628,-9.623,5.962
-10.525,-10.432,8.709
-11.001,-15.401,9.077
-10.477,-17.523,9.74
-10.566,-14.073,11.082
-9.544,-11.616,13.386
-8.214,-11.326,11.819
-6.582,-9.802,10.444
-5.867,-8.585,9.903
-4.728,-7.321,10.269
-2.696,-6.845,9.659
-2.732,-4.024,10.341
-0.476,-2.493,10.551
-4.998,-4.73,8.388
-5.484,-3.73,9.434
-5.309,-1.421,10.884
-4.137,6.005,10.417
-5.809,4.405,13.004
-9.35,-2.105,14.066
-9.991,-1.866,12.791
-8.427,-2.601,12.346
-8.984,0.806,11.355
-10.247,1.866,11.597
-7.661,-4.9,10.078
-5.802,-12.829,8.587
-6.465,-7.773,9.207
-5.941,-4.546,8.018
-3.041,2.675,7.065
0.309,8.69,3.694
1.34,12.726,3.383
1.945,14.848,4.359
-0.033,16.545,6.69
-2.699,11.98,5.02
-2.878,4.898,1.761
-0.301,6.742,2.318
-1.459,5.383,3.407
-2.684,-0.584,2.67
-0.821,-2.763,0.51
0.61,-0.77,0.608
-0.502,-0.103,1.488
-2.713,-0.971,0.794
-4.252,-2.046,-0.416
-5.223,-2.402,-0.804
-6.369,-2.921,-0.644
-6.51,-3.275,-0.49
-7.113,-2.696,0.383
-8.915,-2.146,2.51
-11.173,-5.843,4.232
-12.879,-9.893,3.003
-13.889,-10.329,-2.027
-17.992,-14.19,-10.762
-8.096,-21.784,-24.196
-1.479,-42.76,-44.16
-3.196,-6.742,-19.739
2.493,-2.594,-13.025
0.371,-9.123,-22.387
0.746,-7.824,-19.303
1.646,-3.003,-16.071
1.625,-0.512,-13.705
0.057,0.309,-10.726
0.285,-3.247,-9.673
-0.952,-2.125,-8.3
-2.481,1.404,-7.159
-3.199,-3.469,-4.929
-0.94,-7.967,-5.386
-1.086,-7.108,-4.498
-2.055,-6.297,-3.984
-3.871,-7.228,-4.575
-2.524,-6.991,-4.689
-1.11,-7.654,-4.075
-0.931,-9.496,-8.506
1.838,-8.726,-9.857
1.732,-12.181,-9.841
4.031,-13.831,-11.841
4.484,-10.463,-11.087
1.268,-9.597,-7.886
0.677,-10.051,-5.345
-0.038,-11.712,-3.254
1.991,-12.968,-3.146
1.768,-13.004,-5.448
0.935,-15.425,-6.979
-1.22,-16.313,-5.965
-3.283,-16.904,-2.35
-7.611,-14.291,0.668
-7.613,-15.944,1.665
-2.562,-13.93,-1.419
-5.816,-12.776,-1.665
-6.23,-10.563,-2.055
-4.814,-7.312,1.192
-2.469,-3.749,2.149
0.742,-8.735,0.703
0.055,-9.889,0.914
-1.503,-7.544,5.486
-0.806,-10.35,4.675
-2.749,-14.406,4.567
-0.404,-15.298,5.943
-2.297,-12.221,5.417
-4.204,-9.683,5.314
-2.962,-10.599,5.398
-4.161,-14.133,5.606
-1.845,-13.355,6.211
-3.907,-10.515,5.151
-3.223,-8.721,4.41
-5.056,-8.585,4.524
-5.661,-13.195,4.917
-7.513,-11.145,5.551
-5.144,-8.508,5.546
-3.433,-4.78,5.644
-5.649,-6.51,5.771
-8.245,-12.925,5.721
-9.874,-16.279,6.525
-8.496,-14.128,6.984
-10.379,-14.099,8.862
-12.305,-16.724,10.405
-10.161,-18.389,11.571
-7.34,-16.047,10.207
-6.656,-13.544,8.132
-6.632,-10.025,9.278
-4.311,-6.429,10.621
-2.405,-6.919,10.869
-3.086,-6.151,9.845
-2.701,-4.118,9.604
-3.976,-3.95,9.7
-4.412,-4.91,8.699
-6.063,-5.678,9.417
-4.163,-6.938,8.309
-6.357,-5.079,9.9
-6.18,-2.866,12.15
-9.094,0.627,12.621
-7.407,-0.383,12.697
-10.247,-5.345,11.716
-9.338,-8.352,3.981
-7.898,-1.314,10.869
-6.479,2.395,6.893
-2.589,0.579,2.974
0.294,8.264,3.074
0.254,16.975,5.867
2.196,20.363,6.869
-0.177,13.858,4.89
-2.094,6.623,2.378
-1.672,2.751,3.464
-1.95,0.199,2.517
-1.67,0.067,0.187
-0.921,-0.486,0.029
-0.215,-1.062,1.345
-0.711,-0.392,2.541
-2.294,-0.266,1.971
-3.938,-1.491,0.622
-4.433,-3.29,-0.737
-5.467,-3.177,-0.811
-6.202,-4.012,-1.165
-6.003,-4.79,-1.412
-6.431,-3.72,0.086
-7.36,-4.883,1.495
-3.304,-1.806,-1.419
-4.443,-4.189,-1.507
-5.515,-5.529,-0.079
-6.206,-4.23,1.57
-7.214,-5.347,2.18
-9.152,-8.364,1.948
-11.891,-10.779,0.823
-14.028,-13.121,-5.733
-11.039,-15.569,-16.841
-6.304,-17.353,-20.5
-3.476,-15.059,-50.969
-8.793,-13.47,-18.37
2.759,-0.967,-19.488
-2.227,-2.235,-23.155
-1.548,-7.056,-20.863
2.007,-6.056,-20.0
1.297,1.692,-13.547
-0.823,1.043,-10.709
-0.557,-3.725,-8.738
-0.218,-3.051,-8.089
-0.603,-0.928,-6.812
1.823,-0.933,-5.867
0.175,-3.847,-3.563
-0.785,-5.824,-1.261
-1.605,-7.046,-1.067
-1.593,-7.254,1.017
-0.55,-8.314,0.974
-1.249,-9.755,-1.455
-1.615,-9.637,-0.182
-2.347,-9.348,-0.835
-2.912,-7.168,-3.567
0.225,-6.34,-2.567
-1.503,-10.867,-4.187
0.866,-18.038,-6.044
0.349,-20.744,-6.008
-2.443,-19.473,-4.237
-1.577,-15.825,-1.522
-1.983,-15.985,2.524
-4.154,-16.439,4.73
-6.228,-18.303,6.675
-5.687,-16.621,6.254
-5.381,-15.188,5.946
-4.055,-12.729,3.89
-5.718,-12.169,2.591
-7.62,-10.439,3.517
-8.69,-8.467,4.02
-9.563,-9.087,3.118
-5.151,-10.927,0.457
-5.446,-11.147,2.751
-8.503,-9.197,4.075
-6.656,-10.322,3.965
-4.41,-14.054,3.785
-1.309,-12.104,4.352
-5.039,-11.774,6.331
-2.694,-7.317,9.855
-3.285,-10.465,10.111
-4.048,-12.473,8.075
0.536,-7.611,7.671
2.682,-4.182,5.747
-1.904,-3.838,7.331
0.306,-5.594,5.972
-4.876,-2.668,7.264
-6.941,-4.922,10.001
-5.367,-4.06,8.252
-8.029,-6.941,8.374
-8.745,-10.188,6.151
-5.871,-12.944,7.472
-7.321,-9.542,7.788
-11.341,-13.513,10.755
-12.762,-17.504,10.683
-11.36,-16.296,10.917
-12.518,-15.214,13.107
-9.508,-15.746,12.413
-6.068,-16.346,8.111
-6.173,-13.678,6.252
-4.881,-5.412,11.793
-2.996,-3.838,12.13
-2.172,-1.187,12.001
-5.278,0.62,13.054
-4.06,2.677,11.039
-6.824,0.512,9.599
-9.087,-2.187,13.31
-9.96,-3.326,12.657
-6.23,-6.118,11.614
-4.864,-4.369,11.018
-8.532,-1.96,10.599
-9.235,-5.941,11.877
-8.809,-3.22,9.723
-9.434,-1.809,10.408
-4.395,2.306,9.427
-3.125,5.704,5.28
-3.019,7.453,4.587
-0.053,10.726,3.991
1.309,19.346,5.764
0.258,18.432,6.749
-2.048,8.388,4.412
-1.802,0.959,3.256
-2.938,1.223,3.673
-2.689,-0.273,2.137
-0.849,-2.936,0.282
-0.335,-0.258,0.562
-2.024,1.962,1.144
-3.929,0.452,1.211
-4.209,-2.139,0.342
-4.642,-2.625,0.06
-6.319,-2.436,-0.313
-7.793,-4.371,-0.766
-8.398,-5.759,-0.591
-8.384,-5.134,-0.44
-9.219,-5.221,-0.223
-11.24,-5.541,0.713
-13.808,-9.477,0.122
-13.8,-12.097,-4.139
-11.3,-12.477,-11.693
-10.898,-7.814,-23.885
11.965,-36.293,-67.464
-9.695,-25.668,-24.605
-1.591,3.402,-17.088
-2.292,-1.847,-17.595
1.125,-4.563,-17.798
1.404,-8.702,-16.748
-0.775,-0.912,-12.31
-0.701,-2.027,-9.877
-1.158,-4.843,-8.702
-2.957,-1.574,-7.25
-2.22,-2.373,-7.364
-0.311,-4.51,-4.747
-1.328,-6.826,-4.965
-2.692,-7.142,-4.723
-0.613,-7.113,-5.137
-3.003,-8.269,-5.991
-2.438,-9.417,-4.692
-2.601,-8.867,-4.431
-1.273,-8.838,-6.166
-0.199,-11.283,-6.816
-0.895,-11.771,-4.421
1.041,-11.439,-5.015
4.309,-8.92,-4.735
4.529,-8.149,-3.835
2.457,-12.645,-3.835
2.974,-14.164,-4.295
4.378,-14.164,-3.766
3.342,-11.671,-2.656
2.285,-11.513,-1.613
0.971,-15.068,-1.68
2.098,-13.822,-2.122
1.603,-13.406,-3.366
-0.797,-11.243,-2.809
-3.515,-12.238,-0.577
-1.17,-11.097,-1.012
-0.44,-10.549,-1.584
-6.972,-11.769,-0.165
-8.403,-7.757,2.488
-4.881,-10.96,2.249
-4.632,-13.709,1.706
-3.187,-12.147,2.95
-2.06,-10.987,3.711
-4.453,-11.616,6.249
-1.806,-9.577,7.261
-3.034,-12.705,6.905
-0.813,-11.286,6.974
0.426,-8.343,4.555
1.144,-8.931,3.785
-0.737,-10.061,6.443
-2.565,-8.173,6.678
-3.283,-9.774,6.819
-4.859,-8.08,5.434
-5.237,-10.846,4.62
-6.206,-8.62,4.668
-5.785,-6.668,4.07
-7.02,-10.008,5.448
-9.934,-12.652,6.905
-11.31,-14.377,8.608
-10.417,-12.894,8.683
-13.707,-14.449,10.506
-13.334,-17.959,11.023
-10.324,-19.291,12.173
-6.52,-17.487,11.13
-6.589,-14.678,8.802
-7.075,-12.408,8.656
-5.599,-10.719,9.781
-4.12,-9.678,10.056
-3.553,-6.52,10.956
-5.19,-4.845,12.042
-5.776,-4.283,9.106
-5.326,-3.955,8.757
-6.477,-2.732,8.441
-5.393,-5.78,6.503
-6.838,-9.678,7.049
-4.898,-7.029,8.283
-4.68,-2.986,10.087
-8.003,0.048,13.712
-7.362,8.271,13.384
-13.532,0.084,16.167
-5.826,-5.434,7.319
-8.585,-6.166,8.427
-8.396,-5.201,10.032
-5.508,-5.532,10.759
-5.204,2.95,11.231
-3.096,6.175,10.75
-1.73,7.754,10.238
-0.802,9.4,8.013
0.172,7.613,4.448
1.416,4.737,3.098
2.357,4.893,3.749
0.297,7.058,3.481
-1.18,5.022,2.562
-2.55,1.01,2.007
-2.948,-0.385,1.677
-3.366,-0.11,2.29
-4.015,-0.043,1.804
-5.8,-0.61,1.17
-7.52,-2.163,0.601
-8.537,-3.357,1.062
-9.472,-4.343,1.931
-10.015,-5.637,1.146
-11.209,-4.972,0.888
-12.228,-6.307,0.385
-13.159,-5.627,-1.445
-16.035,-5.493,-2.797
-24.971,-14.097,-10.393
-8.082,-52.328,-3.749
-5.702,-24.349,-19.009
2.07,-6.056,-17.164
2.761,0.9,-25.294
-2.05,-10.922,-22.469
-1.806,-0.481,-20.26
-2.192,-3.752,-15.456
-0.323,-0.679,-12.896
0.249,-3.73,-12.181
0.349,-2.924,-10.654
-2.694,-1.988,-7.747
-2.491,-1.943,-5.429
-2.57,-4.151,-6.35
-0.536,-4.443,-5.513
-0.943,-5.972,-4.977
-1.589,-7.369,-4.601
-1.101,-6.206,-4.744
-1.314,-6.168,-4.374
-0.613,-7.905,-4.017
1.091,-4.778,2.701
-0.83,-9.412,-6.415
1.27,-7.723,-6.249
1.653,-8.388,-10.161
2.67,-8.793,-10.669
5.017,-7.537,-9.726
4.924,-7.503,-9.604
3.321,-7.872,-7.044
1.933,-11.13,-6.316
3.515,-8.972,-5.45
1.22,-7.656,-4.804
-0.754,-10.101,-4.56
-0.124,-8.752,-4.443
0.201,-8.886,-6.225
0.433,-12.705,-5.702
-2.019,-15.808,-4.431
-3.764,-16.095,-3.591
-3.319,-14.611,-2.634
-2.548,-12.013,-3.242
-3.725,-11.606,-3.204
-5.962,-12.339,-1.522
-4.833,-12.456,-0.656
-0.749,-13.293,-0.184
-2.314,-12.52,0.309
-2.596,-16.31,1.182
-1.897,-12.796,1.536
-3.108,-13.327,4.395
-2.606,-9.176,4.682
1.168,-6.757,4.084
-1.34,-11.202,3.524
-0.766,-10.855,3.369
-0.947,-11.996,4.256
-2.072,-9.668,5.556
-2.811,-11.841,5.967
-5.443,-12.118,4.965
-3.972,-8.781,5.797
-7.288,-14.489,4.587
-5.541,-9.054,6.635
-6.773,-10.36,8.266
-5.218,-13.422,7.106
-5.288,-11.568,7.489
-8.228,-11.37,7.309
-8.625,-12.819,6.797
-9.391,-17.511,6.647
-7.561,-16.822,8.235
-8.934,-17.99,7.017
-7.73,-17.277,7.257
-6.687,-18.782,7.24
-5.438,-18.279,6.474
-6.156,-11.451,5.685
-5.302,-8.807,7.288
-4.663,-5.737,6.604
-6.742,-9.003,7.843
-3.921,-6.489,6.522
-4.218,-3.304,7.367
-3.852,-3.237,7.85
-6.163,-2.065,7.704
-8.522,-3.223,8.417
-6.671,0.833,9.027
-5.862,0.957,12.312
-13.066,-2.216,11.312
-6.886,-9.223,11.776
-8.979,-4.24,11.585
-6.513,2.871,11.846
-2.421,4.828,9.568
-1.168,7.766,7.127
-0.902,11.807,4.347
-0.127,17.825,6.013
-0.218,17.719,8.704
-4.67,10.549,8.534
-6.348,3.682,6.678
-3.555,0.28,2.802
-1.505,0.12,1.79
-1.665,-1.44,0.88
-1.503,-3.429,-0.833
-0.636,-2.646,-0.993
-1.069,-1.285,-0.031
-2.299,-0.524,0.737
-3.996,-1.199,0.378
-6.039,-4.11,-0.713
-7.431,-5.867,-1.699
-8.563,-5.958,-1.84
-7.814,-4.467,-0.94
-8.57,-4.5,-0.584
-10.769,-6.491,0.227
-13.575,-8.891,-1.771
-15.71,-13.738,-10.724
-7.503,-15.152,-21.897
-4.29,-14.332,-27.263
-10.202,-8.982,-44.212
-5.579,-6.989,-24.952
3.175,0.634,-19.351
-0.177,-5.646,-21.074
-1.632,-8.821,-15.238
0.524,-1.16,-15.643
1.237,2.78,-10.611
-0.737,-0.512,-7.659
0.861,-7.369,-9.211
1.828,-2.699,-7.261
0.574,0.904,-5.142
-0.842,-4.309,-4.878
-1.651,-6.769,-2.814
-2.019,-8.647,-3.098
-1.699,-9.872,-4.055
-1.05,-8.252,-2.395
-0.73,-8.362,-0.577
-2.345,-7.4,4.613
-3.431,-8.953,2.828
-2.376,-9.463,-0.605
-3.656,-14.346,-2.625
-2.256,-15.997,-2.823
-1.282,-17.877,-2.493
0.012,-16.679,-2.39
2.383,-16.131,-2.79
2.072,-17.511,-1.247
1.211,-17.418,1.68
-2.955,-16.207,3.591
-4.053,-17.193,5.513
-1.079,-13.815,4.242
-3.457,-12.14,5.63
-4.292,-11.348,8.477
-3.876,-11.776,5.429
-4.469,-11.862,3.895
-7.96,-15.308,1.79
-6.309,-8.257,3.842
-6.383,-8.912,4.677
-3.993,-11.8,3.929
-4.642,-12.415,4.972
-4.544,-13.025,3.756
-2.474,-10.568,3.644
-2.029,-9.386,6.472
-4.364,-7.757,7.864
0.421,-11.97,6.532
-1.17,-16.258,6.869
-4.469,-12.016,8.434
-1.861,-6.072,8.546
1.931,-4.512,8.053
-2.945,-5.804,9.333
-2.273,-6.352,8.539
-1.505,-4.644,10.14
-1.967,-4.79,10.817
-3.752,-7.032,9.061
-2.689,-3.761,10.02
-2.098,-2.749,9.558
-1.835,-5.146,10.011
-5.178,-7.34,9.195
-3.862,-9.348,9.099
-3.464,-5.618,11.338
-2.352,-4.163,11.348
-4.603,-4.907,12.138
-6.331,-11.157,11.573
-7.127,-15.435,9.293
-7.422,-13.319,10.389
-7.769,-8.774,12.499
-8.087,-9.987,14.03
-7.606,-13.133,13.705
-5.075,-15.444,11.03
-5.419,-11.733,10.353
-5.941,-7.584,11.681
-5.197,-5.271,12.461
-5.118,-2.474,12.439
-3.441,0.938,11.937
-4.223,-1.215,10.487
-4.364,-0.309,11.133
-5.297,-2.419,8.931
-6.625,-3.74,10.223
-5.644,-0.837,10.546
-5.816,0.835,10.381
-6.52,1.457,11.527
-5.706,-3.615,12.762
-7.233,-10.422,8.396
-3.785,-7.053,8.723
-6.828,-2.919,11.578
-8.379,-2.452,11.85
-4.28,-0.749,11.276
-3.835,1.421,9.365
-1.543,2.562,7.989
-1.199,6.984,7.532
-0.546,11.96,6.654
0.553,11.236,5.981
0.167,7.931,4.728
-0.215,4.381,2.952
0.993,1.775,0.524
2.275,2.347,-0.077
1.103,3.321,0.684
-0.572,1.579,0.677
-0.675,-0.969,0.505
0.112,-2.775,-0.412
0.476,-3.517,-0.651
-0.304,-2.974,0.313
-2.79,-2.405,0.845
-3.835,-2.507,-0.242
-2.713,-5.52,-2.656
-1.893,-7.663,-3.29
-3.823,-5.146,-0.835
-6.252,-7.068,0.962
-6.237,-9.324,1.952
-6.374,-10.381,0.261
-7.644,-9.692,-3.067
-9.939,-11.535,-6.558
-7.955,-16.363,-8.393
-5.347,-17.755,-13.887
-3.998,-33.948,-47.916
1.759,-6.764,-18.753
-0.28,-7.829,-16.401
1.711,-7.967,-21.112
0.17,-7.494,-17.313
1.412,-8.027,-16.32
0.935,-4.247,-13.437
3.134,-1.153,-12.066
0.895,-5.864,-8.57
-0.479,-6.58,-8.611
-1.098,-4.481,-7.238
-0.553,-4.194,-4.857
-1.041,-6.836,-5.199
-0.5,-7.266,-5.309
0.23,-9.219,-4.149
-0.388,-9.199,-5.462
-1.096,-8.199,-5.027
0.459,-6.816,-5.979
1.077,-7.654,-6.685
1.366,-9.936,-6.982
0.086,-10.092,-6.594
0.359,-9.836,-6.747
2.242,-9.01,-6.556
5.146,-6.383,-7.029
4.945,-8.508,-5.831
0.859,-11.496,-3.12
0.033,-12.231,-1.129
2.366,-7.187,-0.431
3.988,-7.041,-0.012
2.395,-9.642,-1.146
2.476,-9.752,-2.01
1.203,-11.212,-3.534
0.775,-9.972,-3.687
-1.541,-11.224,-3.862
-1.505,-12.451,-4.455
-2.534,-11.468,-3.938
-1.232,-12.391,-5.654
-1.687,-12.786,-6.123
-2.204,-13.784,-4.981
-1.256,-12.561,-4.536
-2.053,-11.389,-3.957
-4.591,-13.269,-1.895
-3.749,-13.195,-0.388
-2.766,-11.001,0.361
-2.74,-10.688,0.744
-2.522,-11.604,-0.242
-0.445,-13.312,2.677
-2.527,-13.513,2.701
-3.084,-14.815,3.084
-2.287,-10.647,3.242
-4.457,-10.166,3.866
-2.732,-10.709,3.419
-3.151,-12.681,6.101
-5.517,-12.829,8.18
-5.414,-13.059,8.8
-5.333,-13.611,7.699
-3.575,-7.192,6.85
-4.735,-9.683,6.795
-4.682,-10.554,7.683
-3.51,-7.632,7.242
-3.441,-6.804,7.453
-3.113,-6.053,7.159
-3.988,-8.271,5.615
-4.718,-11.384,5.69
-5.711,-13.233,7.769
-7.403,-13.336,7.979
-8.309,-12.437,7.967
-9.441,-14.894,8.678
-5.3,-12.918,10.243
-5.221,-11.451,9.561
-3.914,-9.156,9.408
-5.364,-5.362,10.247
-4.62,-3.218,10.724
-5.003,-3.208,9.42
-3.579,-2.629,9.405
-3.888,-1.036,11.169
-7.498,-1.397,10.606
-5.376,-0.402,11.252
-6.123,2.299,11.204
-5.57,-2.12,10.142
-4.692,-3.146,11.264
-8.546,0.167,12.781
-6.304,3.972,13.099
-8.58,-1.785,12.195
-7.948,-7.369,9.14
-7.508,-7.235,11.532
-4.902,-2.761,9.977
-9.487,-2.902,11.362
-4.481,0.167,7.97
-1.57,6.869,5.603
0.62,12.992,5.115
2.94,14.03,5.414
-0.038,10.424,5.24
-2.321,8.666,4.34
-1.809,6.197,1.297
-0.431,5.352,1.718
-0.481,3.799,2.871
-2.031,1.366,3.163
-2.589,-1.749,2.225
-2.089,-2.862,1.522
-1.826,-2.18,1.117
-2.204,-1.44,0.859
-2.572,-2.105,0.01
-3.266,-2.921,-0.182
-4.721,-3.182,-0.084
-5.364,-4.551,-1.127
-5.388,-6.058,-1.182
-6.903,-1.445,1.739
-10.518,-1.448,1.397
-14.568,-7.214,-0.9
-18.913,-12.386,-6.094
-12.465,-15.669,-21.392
-4.74,-14.511,-33.223
-7.747,-19.952,4.376
-5.723,-14.3,-16.413
4.223,3.962,-21.988
-0.794,-7.955,-20.114
-1.541,-10.252,-18.081
-0.799,-3.108,-17.023
0.268,0.062,-12.41
1.227,-1.113,-9.79
3.027,-4.472,-10.133
0.505,-3.335,-9.381
-1.852,-0.809,-7.381
-1.467,-1.175,-6.558
-0.629,-4.534,-7.541
-1.448,-6.137,-6.639
-1.89,-7.544,-6.424
-1.433,-7.046,-6.721
-0.536,-4.838,-5.749
0.16,-7.328,-11.898
0.237,-8.539,-7.843
1.519,-10.826,-8.64
-0.562,-10.963,-7.754
1.125,-8.723,-6.814
2.596,-7.896,-7.573
3.065,-8.766,-6.649
3.266,-8.207,-6.704
2.747,-7.998,-6.422
4.098,-5.206,-5.19
4.857,-2.663,-3.948
4.089,-4.512,-3.905
2.457,-8.855,-4.685
1.062,-11.405,-7.044
2.586,-10.757,-7.455
2.524,-9.996,-7.905
-0.069,-12.7,-7.259
-0.749,-13.396,-5.347
-1.33,-12.264,-2.962
-2.259,-13.82,-2.503
-1.969,-15.186,-2.345
-2.689,-13.52,-1.794
-3.563,-13.494,-1.809
-3.376,-12.977,-1.476
-4.316,-10.19,-1.062
-3.309,-9.463,-0.227
-3.089,-9.374,-0.495
0.727,-10.817,-0.435
-0.275,-10.228,1.146
-3.972,-9.762,3.531
-4.673,-10.24,5.017
-5.565,-9.929,3.821
-2.086,-13.788,5.185
-4.213,-13.664,4.733
-3.22,-10.915,5.465
-4.063,-10.625,7.211
-4.395,-12.86,7.558
-3.412,-9.288,7.077
-4.867,-10.587,7.666
-5.431,-10.396,7.328
-6.898,-8.429,8.661
-5.709,-6.685,8.92
-5.924,-7.415,7.953
-3.723,-9.623,7.254
-5.852,-9.757,7.285
-6.783,-10.707,6.769
-8.977,-12.566,6.816
-9.192,-13.379,8.061
-10.623,-16.688,8.881
-10.109,-15.301,10.276
-9.377,-13.403,11.085
-7.029,-14.195,9.984
-5.393,-14.269,7.752
-5.981,-10.334,7.144
-5.197,-6.044,8.915
-5.024,-3.771,9.281
-5.486,-3.345,8.156
-3.665,-4.256,8.29
-4.247,-2.696,7.228
-4.919,-0.62,8.498
-3.23,2.306,9.235
-2.247,9.144,12.764
-2.792,5.089,11.305
-9.577,1.397,14.743
-9.063,0.998,13.305
-8.082,-3.362,10.482
-4.532,-7.752,9.58
-4.721,0.134,12.714
-7.388,-5.101,13.681
-8.096,-5.07,12.618
-5.4,-4.783,12.3
-4.386,-4.548,13.446
-5.414,-3.89,10.96
-4.522,0.323,9.733
-2.656,5.788,8.582
-0.739,9.458,6.955
0.715,10.125,5.369
-0.285,8.671,3.728
0.172,7.436,3.096
1.285,4.575,2.388
0.871,2.457,2.424
-1.404,1.988,2.216
-1.845,0.033,2.113
-1.412,-1.491,2.263
-1.39,-2.094,2.393
-2.127,-1.29,2.094
-3.845,-1.919,0.742
-4.407,-4.079,-1.347
-4.67,-5.575,-3.627
-4.01,-5.713,-4.232
-3.591,-4.326,-2.534
-4.35,-1.27,-0.086
-5.469,-3.481,0.656
-8.075,-7.084,1.593
-11.889,-11.013,0.854
-9.867,-13.355,-5.757
-6.312,-13.556,-15.009
-4.228,-13.633,-24.6
-3.06,-20.308,-26.699
-10.054,-12.843,-19.428
-5.728,-2.146,-8.3
0.172,-11.106,-11.965
0.885,-16.636,-14.906
-0.581,-11.099,-16.179
0.694,-7.19,-10.446
2.101,-0.792,-8.671
2.34,-3.228,-5.85
1.163,-6.123,-4.273
3.598,-8.003,-7.728
2.749,-1.708,-6.144
3.445,1.325,-0.761
-3.175,-10.097,5.398
-4.01,-17.571,2.259
-1.4,-13.508,4.223
1.696,-8.585,7.235
1.885,-6.194,4.788
2.256,-6.199,7.422
1.572,-10.374,1.034
-0.469,-12.551,-0.115
-0.9,-15.083,-1.385
-2.397,-12.468,-3.024
-1.486,-6.099,-1.639
1.388,-1.68,0.524
-0.29,-5.209,-0.043
-4.553,-14.37,1.026
-3.5,-15.657,3.716
-5.826,-11.695,3.668
-3.177,-9.63,3.304
-2.45,-13.635,0.041
-5.376,-18.681,-0.144
-5.529,-15.152,0.017
-4.668,-12.283,-2.433
-2.323,-12.807,-5.434
-2.072,-13.482,-8.367
-2.768,-13.93,-8.02
-2.175,-12.245,-8.018
-1.574,-13.915,-6.986
-0.184,-15.681,-7.896
-1.333,-14.69,-9.101
-3.261,-10.661,-9.388
-2.938,-8.64,-10.747
-2.761,-8.484,-8.886
-2.821,-7.302,-7.395
-2.747,-5.441,-6.017
-4.185,-3.677,-6.575
-4.656,-3.972,-4.972
-4.924,-4.579,-4.488
-5.697,-3.17,-1.498
-4.472,-5.237,-0.467
-3.771,-7.814,-0.586
-5.158,-7.178,1.108
-2.627,-9.831,0.727
-1.206,-8.941,0.366
-0.562,-9.039,-0.22
-1.247,-10.209,1.646
-0.962,-10.994,1.684
-0.715,-10.695,2.017
0.507,-12.413,1.993
-1.038,-11.925,2.091
-1.019,-10.164,3.031
-2.751,-12.116,4.144
-1.28,-12.224,3.244
-0.191,-10.149,2.141
-1.78,-7.967,3.833
-4.539,-7.862,3.529
-5.852,-9.984,2.651
-5.405,-9.604,3.326
-5.972,-11.846,5.493
-7.127,-13.092,3.912
-6.702,-9.958,4.63
-7.261,-11.824,1.601
-8.429,-8.513,2.883
-11.082,-10.824,4.938
-11.59,-12.075,4.259
-11.257,-8.829,5.8
-12.896,-9.154,4.984
-12.008,-8.769,2.74
-10.511,-7.819,1.046
-10.324,-6.85,0.895
-10.994,-5.859,0.555
-9.494,-3.321,-0.708
-9.211,-1.778,-1.211
-10.207,-1.249,-2.314
-11.152,-1.031,-2.44
-10.946,0.715,-2.345
-10.719,1.524,-1.969
-10.508,1.409,-1.878
-10.338,1.431,-1.443
-10.027,0.73,-2.11
-9.654,0.144,-1.55
-9.214,-0.208,-1.68
-9.733,-1.373,-1.005
-10.59,-2.706,-0.574
-11.228,-3.73,-0.005
-10.578,-3.563,-0.067
-9.613,-1.459,0.959
-9.747,-1.364,1.869
-9.714,-2.663,2.01
-9.81,-2.919,2.498
-9.223,-3.185,2.732
-8.285,-1.646,2.929
-8.386,-3.335,2.948
-7.185,-7.663,1.869
-5.969,-6.575,1.503
-4.936,-0.409,4.517
-4.587,4.491,5.594
-6.874,0.758,5.357
-7.661,-3.948,3.919
-7.214,-5.572,4.201
-6.015,-3.931,5.383
-6.242,-3.481,5.847
-5.917,-4.73,5.312
-4.91,-6.869,4.823
-3.945,-7.829,5.977
-3.543,-6.422,7.534
-2.677,-4.67,7.965
-1.981,-5.292,7.259
-3.065,-6.843,6.891
-3.826,-5.96,5.816
-3.108,-2.335,4.477
-2.902,-2.4,2.321
-3.039,-7.123,1.292
-4.283,-10.905,0.246
-6.764,-12.518,-1.048
-8.12,-11.358,-2.053
-8.728,-8.869,-2.744
-8.247,-9.575,-5.859
-7.537,-13.355,-6.264
-6.946,-15.961,-6.618
-7.663,-15.899,-3.586
-8.623,-13.997,-2.67
-9.417,-12.461,-2.775
-9.527,-12.508,-3.206
-8.082,-13.609,-4.371
-7.278,-15.068,-5.972
-6.178,-13.276,-5.056
-5.544,-11.834,-3.615
-3.907,-12.63,-4.087
-2.361,-13.142,-5.316
-1.244,-12.575,-5.513
-0.869,-11.592,-3.716
-0.579,-11.015,-3.139
0.084,-12.245,-5.223
-0.079,-9.649,-3.79
1.084,-8.128,-1.558
1.682,-8.848,-3.316
5.826,-6.108,-5.812
5.541,-4.043,-5.402
1.869,-3.072,-4.869
0.514,-2.294,-5.242
0.88,-0.423,-4.649
-0.433,-0.041,-6.477
-0.746,1.158,-7.309
1.318,5.529,-7.982
-0.182,4.151,-7.13
2.306,3.362,-12.731
4.314,4.555,-14.104
4.352,8.565,-11.611
3.907,7.747,-9.881
1.897,10.156,-4.646
0.385,5.917,-2.797
1.316,5.568,-1.909
2.019,1.771,-2.146
4.082,1.012,-6.513
4.378,8.869,-9.551
7.852,9.774,-7.75
10.635,6.467,-11.769
5.888,2.247,-13.135
0.95,9.855,-6.721
6.613,2.302,-4.089
-2.019,-2.062,-4.649
4.055,0.096,-5.34
3.692,3.065,-11.537
7.269,0.761,-18.961
-1.593,-0.586,-29.486
-6.424,-0.715,-32.264
-9.963,0.746,-15.047
-13.339,-3.019,-7.723
-6.931,6.821,-17.253
-4.29,-2.957,-13.061
-4.13,0.921,-9.948
-5.151,2.046,-10.307
-4.398,3.173,-11.377
-3.263,1.165,-9.537
-3.357,3.252,-12.707
-5.991,-0.223,-8.953
-3.785,1.586,-13.217
-4.417,1.94,-11.238
-2.675,0.483,-11.645
-2.917,2.524,-11.35
-0.555,-4.728,-9.951
-4.668,-3.137,-8.424
-3.96,4.077,-4.764
0.622,0.751,-10.944
-1.086,-1.192,-14.552
-2.806,2.433,-11.181
-1.861,1.67,-8.075
-3.603,-3.486,-9.908
4.278,-2.548,-14.834
0.213,-2.12,-11.779
0.644,4.34,-10.963
-0.201,5.288,-11.312
-3.787,-2.175,-8.836
1.665,-2.89,-8.63
-0.668,-0.718,-6.766
-2.503,-3.127,-6.383
-2.488,-3.881,-6.022
0.251,-1.086,-7.494
1.153,-0.938,-5.654
-1.335,-2.548,-5.649
0.871,-3.742,-6.716
0.416,-0.845,-7.403
-0.163,-2.687,-6.149
0.613,-3.697,-8.341
0.167,-2.488,-8.876
-0.433,-4.8,-8.144
0.591,-4.058,-8.611
-0.321,-3.103,-8.326
-0.569,-1.048,-7.403
0.419,1.596,-5.938
0.065,-1.366,-6.135
-0.148,-4.443,-7.154
-0.368,-3.424,-7.312
0.22,-3.565,-8.79
-0.199,-5.62,-9.97
-1.67,-6.697,-10.023
-2.589,-6.127,-10.025
-1.864,-5.481,-10.372
-0.828,-2.682,-9.802
-1.445,-3.658,-9.831
-1.696,-4.692,-10.391
-2.512,-4.761,-10.372
-2.208,-4.955,-11.03
-1.457,-3.955,-11.446
-0.438,-3.371,-11.293
0.029,-3.639,-11.403
0.409,-5.161,-11.628
2.94,-4.689,-11.681
4.273,-4.599,-12.068
3.991,-5.498,-12.618
3.797,-4.632,-11.551
4.273,-2.266,-11.429
2.57,-1.333,-11.281
2.393,-0.83,-10.812
0.735,-1.141,-9.214
-1.235,-2.878,-6.73
-1.148,-3.218,-6.273
-1.838,-4.776,-6.443
-1.565,-4.778,-6.068
-1.469,-4.211,-6.142
-0.139,-3.156,-6.489
-1.096,-1.931,-6.015
-0.811,-2.089,-6.041
0.239,-2.594,-6.864
-0.065,-3.474,-6.735
-0.139,-3.086,-6.797
-1.45,-3.419,-6.826
-1.17,-5.051,-7.733
-1.139,-6.101,-9.209
-1.639,-6.776,-10.183
-1.206,-6.12,-10.463
-2.098,-4.867,-9.563
-2.06,-4.488,-9.542
-1.792,-4.304,-9.958
-0.852,-4.508,-11.082
-0.325,-4.821,-11.46
-0.49,-6.044,-11.331
-0.294,-6.249,-11.628
-0.333,-5.364,-11.836
-0.153,-3.893,-11.389
0.744,-3.472,-10.898
1.991,-3.673,-10.434
3.438,-4.488,-11.315
3.51,-4.477,-11.307
4.778,-3.486,-11.015
6.034,-3.673,-10.802
6.319,-3.369,-10.324
6.367,-4.469,-10.008
4.216,-4.455,-9.795
2.259,-4.455,-9.039
-0.232,-4.771,-8.044
-0.366,-3.017,-6.625
-3.323,-3.694,-3.931
-1.486,-1.854,-4.52
1.505,-1.957,-5.917
1.299,-2.469,-6.292
1.024,-2.694,-6.08
-0.385,-2.718,-6.467
0.041,-5.237,-6.395
0.684,-3.17,-7.202
0.316,-2.29,-7.84
-0.493,-3.223,-8.788
-0.502,-4.974,-9.733
-0.388,-6.929,-10.377
0.388,-4.512,-9.723
0.148,-3.665,-9.745
-0.28,-3.881,-10.204
0.179,-4.163,-10.57
0.179,-4.639,-10.417
0.49,-4.783,-10.166
1.39,-4.101,-9.759
1.663,-3.854,-9.652
1.462,-4.5,-10.042
1.794,-3.759,-9.853
2.72,-3.582,-10.25
3.938,-1.928,-10.826
5.419,-1.424,-11.774
6.386,-1.976,-12.2
7.556,-2.51,-12.523
6.144,-2.405,-12.559
4.615,-0.584,-12.606
2.684,0.091,-11.147
0.952,-1.249,-11.166
0.483,-4.584,-9.676
-1.381,-2.725,-7.635
-1.962,-1.529,-6.202
0.924,-1.359,-6.015
2.419,-2.168,-5.544
2.146,-2.732,-6.001
2.369,-2.472,-6.501
0.591,-2.082,-6.245
1.144,0.055,-5.57
1.522,0.799,-4.491
1.452,2.488,-4.922
2.771,2.993,-5.12
2.598,11.616,-1.909
5.893,-21.638,-11.506
-0.395,12.755,-5.304
-1.574,5.706,-4.295
-1.613,-9.298,-8.482
-0.223,-9.042,-10.123
0.34,-7.4,-11.367
-1.029,-8.723,-11.492
-1.653,-6.065,-11.14
-1.182,-5.209,-10.836
-1.299,-6.912,-10.386
-0.395,-4.981,-10.707
-3.72,-7.788,-12.47
-0.991,-5.737,-9.501
0.036,-6.304,-9.207
-0.567,-6.075,-7.599
-0.938,-6.206,-8.01
-1.333,-8.242,-8.061
-2.359,-10.683,-7.005
-1.713,-10.226,-6.221
-0.371,-8.341,-5.857
-1.598,-7.623,-6.235
-2.003,-9.81,-6.718
-3.921,-12.501,-6.292
-4.187,-10.19,-5.19
-4.45,-9.621,-3.67
-3.218,-10.243,-3.096
-3.474,-11.403,-3.311
-4.175,-10.977,-2.405
-2.558,-10.865,-1.55
0.821,-10.298,-0.806
2.022,-9.589,-1.067
2.488,-11.154,-0.395
-0.242,-13.008,0.766
1.256,-12.2,1.589
1.55,-10.099,3.692
1.349,-8.465,3.637
0.321,-5.233,5.168
2.072,-5.242,3.524
-0.933,-8.36,5.012
-3.271,-8.41,5.996
-7.573,-8.644,7.331
-10.719,-11.001,7.453
-11.145,-15.798,8.034
-9.807,-14.793,9.276
-11.08,-12.819,12.044
-11.264,-13.415,12.819
-8.111,-15.042,12.437
-5.34,-15.26,10.549
-5.986,-15.133,10.14
-3.189,-11.444,8.278
-4.524,-8.352,7.02
-5.213,-5.78,6.486
-6.137,-2.577,8.479
-7.295,-4.79,9.74
-3.663,-0.019,11.192
-6.283,-1.084,12.331
-8.546,-1.247,12.135
-1.634,-2.098,13.073
-1.864,-1.258,15.164
-7.044,-0.526,13.446
-7.915,-5.465,11.47
-5.833,-3.859,11.09
-9.027,-3.708,12.58
-7.041,-8.525,13.652
-6.017,-4.146,9.652
-6.161,-0.744,9.991
-4.335,7.319,9.623
-1.596,7.3,12.13
0.447,8.939,4.603
1.902,13.456,6.127
0.455,15.162,8.879
-2.323,12.142,8.032
-3.563,6.206,4.436
-0.967,3.651,2.847
-0.211,2.981,2.027
-1.503,1.187,1.136
-1.931,-0.84,0.285
-1.33,-1.668,-0.835
-0.653,-1.428,-0.543
-1.854,-0.715,-0.383
-3.443,-0.158,-0.467
-4.704,-0.919,-1.117
-5.072,-3.512,-1.84
-4.386,-4.247,-2.369
-5.256,-3.259,-1.378
-6.675,-1.869,-0.282
-8.927,-2.534,0.742
-12.24,-8.02,1.168
-14.92,-11.652,-0.153
-14.973,-14.803,-7.632
-9.144,-15.234,-18.504
-6.075,-12.7,-26.814
0.328,-15.714,-38.743
-14.3,-17.394,-15.389
2.33,0.182,-16.837
0.414,-4.936,-19.449
-0.199,-10.511,-19.949
0.804,-8.085,-17.719
0.756,-0.304,-13.063
0.569,-1.517,-10.078
-0.536,-5.261,-8.252
-1.031,-3.95,-7.273
-1.404,-2.651,-6.565
-1.096,-1.885,-4.362
-0.316,-4.845,-5.51
-0.758,-6.254,-3.881
-0.522,-7.441,-3.675
0.383,-8.47,-3.249
-1.208,-9.833,-5.168
-0.665,-9.345,-6.202
0.837,-9.245,-6.235
-0.129,-9.331,-6.178
-0.613,-8.154,-7.386
1.627,-9.25,-8.226
2.495,-10.109,-8.733
2.436,-7.948,-8.381
2.629,-6.711,-7.027
2.239,-6.003,-6.12
1.459,-8.975,-6.417
-0.919,-14.75,-5.769
-0.672,-13.975,-4.797
1.223,-9.872,-4.668
0.979,-11.135,-4.23
-0.144,-14.901,-4.721
-1.436,-14.97,-4.682
-1.357,-14.561,-4.053
-1.292,-15.329,-4.453
0.01,-11.697,-4.826
-1.333,-8.953,-4.888
-3.182,-7.919,-3.189
-1.392,-6.946,-2.28
-3.342,-7.297,-2.165
-4.316,-8.549,0.273
-3.034,-8.408,1.522
-4.481,-11.762,2.847
-6.57,-15.131,4.388
-2.046,-15.305,3.909
-4.465,-13.518,3.527
-2.665,-11.803,4.046
-4.036,-12.626,5.008
-1.67,-9.688,5.998
1.608,-10.889,4.381
0.065,-9.286,4.304
0.443,-9.561,5.694
-1.261,-9.329,5.666
-2.22,-8.001,5.438
-2.342,-8.896,4.922
-5.173,-9.731,6.154
-8.388,-9.101,5.828
-9.556,-11.922,6.312
-10.109,-15.009,7.077
-10.738,-16.925,7.068
-11.764,-18.77,6.376
-11.781,-17.655,5.869
-10.41,-19.248,5.199
-10.188,-22.366,4.721
-6.517,-21.385,2.766
-5.776,-15.588,0.806
-6.903,-9.958,3.086
-4.941,-8.092,4.888
-4.359,-8.379,5.749
-3.362,-8.692,4.926
-5.948,-8.24,5.922
-3.024,-3.943,7.254
-5.29,0.165,9.944
-5.367,0.938,10.133
-5.888,1.187,10.259
-3.462,-0.735,9.508
-6.453,-6.407,8.537
-4.835,-5.807,9.467
-7.314,1.354,13.119
-8.295,5.716,15.779
-12.391,4.843,16.504
-7.266,-7.202,10.391
-6.797,-7.649,9.743
-3.986,-0.746,12.729
-3.926,-1.644,11.795
-5.675,-1.62,8.175
-2.969,6.166,6.187
-0.423,13.3,4.51
1.471,14.128,4.168
1.127,9.905,3.969
-1.615,6.85,3.208
-1.036,4.242,-0.077
1.101,3.338,1.974
0.761,0.919,3.448
0.294,-1.517,2.144
-0.878,-2.57,0.907
-0.938,-0.986,0.349
-1.56,-1.548,-0.316
-1.902,-3.098,-0.78
-2.596,-2.61,-0.538
-3.225,-1.744,-0.347
-3.364,-2.699,-0.852
-2.455,-4.565,-1.323
-1.957,-4.369,-0.55
-3.481,-2.517,0.866
-5.522,-3.476,0.328
-5.85,-7.948,-1.816
-7.63,-8.149,-0.89
-10.956,-7.69,1.019
-12.702,-10.721,-5.405
-8.417,-12.86,-18.447
-4.221,-35.164,-21.258
-14.286,-22.356,-20.916
5.137,-1.258,-18.342
5.797,-4.314,-19.433
-1.347,-14.135,-20.634
-1.95,-7.628,-18.466
-1.483,-6.46,-11.968
-1.921,-0.991,-8.051
-0.27,-6.01,-9.08
-0.364,-5.039,-7.273
0.093,-2.448,-8.082
-4.823,-8.472,-12.973
-1.5,-8.393,-7.51
-1.519,-10.491,-6.434
-1.57,-10.037,-5.766
-0.541,-8.728,-5.489
-0.467,-7.814,-4.154
-0.62,-5.876,-4.441
-0.124,-9.293,-6.47
1.632,-11.312,-8.838
5.015,-9.238,-10.417
4.13,-6.857,-9.838
1.605,-10.843,-10.159
-1.658,-15.894,-7.891
2.548,-12.65,-9.003
3.917,-13.099,-7.874
0.703,-12.693,-6.194
-3.484,-14.934,-5.01
-1.933,-13.599,-4.587
-1.017,-12.571,-4.941
-3.613,-13.209,-4.768
-4.979,-8.759,-3.393
-7.489,-10.058,-1.897
-6.848,-8.891,0.077
-5.843,-7.104,-0.328
-2.622,-11.403,-2.945
-3.694,-9.243,-3.106
-4.52,-11.86,-2.467
-1.948,-12.348,-0.622
-2.914,-12.396,1.062
-3.467,-12.736,2.876
-4.587,-13.937,4.108
-1.574,-11.91,3.842
-0.426,-8.972,3.252
-2.603,-11.817,3.986
1.419,-10.97,3.051
-0.869,-8.778,3.701
0.364,-7.307,2.409
-0.057,-9.788,1.409
-5.087,-15.238,4.359
-5.264,-8.774,6.273
-5.501,-10.726,5.168
-6.615,-8.862,5.091
-7.3,-10.369,5.582
-7.223,-13.504,5.288
-9.996,-13.107,4.484
-10.092,-14.647,5.364
-9.812,-18.184,6.051
-9.91,-20.378,6.371
-10.058,-18.523,6.233
-8.943,-19.435,7.821
-6.489,-20.045,5.984
-5.869,-14.401,4.395
-5.493,-7.86,5.905
-5.802,-6.577,7.79
-5.089,-3.907,9.341
-4.668,-3.759,10.116
-4.115,-4.259,9.388
-4.462,-2.864,9.965
-6.206,-2.574,9.467
-4.859,-4.632,10.006
-3.402,-5.003,10.329
-5.221,-3.608,9.716
-9.908,-2.589,11.846
-7.977,0.981,11.243
-10.886,-2.017,12.827
-10.625,-2.943,14.925
-6.221,-4.541,11.59
-7.127,-1.976,13.898
-7.027,1.629,12.721
-7.025,1.515,9.022
-1.682,6.326,4.386
-2.457,11.243,5.024
-0.108,14.611,6.13
-2.306,12.367,6.702
-4.455,7.58,4.481
-3.199,3.115,0.976
-0.895,3.024,1.505
-0.711,-0.392,2.388
-0.282,-2.5,1.232
-1.586,-1.29,-0.223
-3.019,-0.148,-0.605
-4.338,-0.297,-0.254
-5.953,-1.328,0.117
-7.02,-2.539,0.098
-7.568,-2.749,0.546
-7.785,-1.878,2.275
-9.293,-2.737,3.275
-10.255,-7.032,2.318
-11.068,-9.994,0.804
-12.207,-8.417,0.017
-13.587,-7.807,-1.663
-16.7,-12.006,-12.377
-9.113,-23.804,-31.814
-17.983,-18.576,-13.611
0.775,-6.192,-16.875
2.029,1.524,-20.586
-0.746,-10.929,-23.263
-1.854,-10.18,-22.478
-0.651,-5.857,-16.289
-2.601,-3.464,-13.013
0.967,-4.127,-12.032
0.467,-7.379,-11.745
1.261,2.01,-9.001
-0.983,-0.354,-5.465
1.282,-3.797,-4.579
-2.28,-6.738,-2.613
-1.847,-7.159,-1.069
0.976,-8.027,-1.828
-3.917,-9.869,-3.582
-2.383,-9.97,-0.971
-2.103,-8.515,-1.936
-2.287,-10.582,-2.495
-2.625,-15.133,-2.07
-1.591,-15.332,-1.043
-1.591,-17.071,1.263
-0.215,-18.026,3.196
-0.799,-14.707,5.058
-2.902,-15.903,6.259
-5.603,-15.628,7.333
-3.792,-15.533,6.804
-3.137,-12.255,6.58
-4.467,-11.999,7.584
-7.931,-13.171,6.462
-7.374,-12.796,5.694
-7.943,-10.91,5.331
-8.118,-12.319,3.469
-5.106,-11.647,4.491
-3.479,-9.317,5.575
-6.032,-10.757,3.85
-5.812,-11.726,6.615
0.935,-13.487,5.02
-0.144,-7.18,4.137
0.333,-6.197,5.388
-0.799,-5.441,9.216
-1.56,-8.886,8.738
1.706,-14.434,7.924
1.005,-5.446,4.907
-1.335,-4.929,6.391
-2.194,-4.087,8.764
-5.716,-6.34,8.829
-3.397,-8.02,10.458
-3.835,-6.424,7.171
-4.816,-3.493,9.166
-8.022,-8.096,11.023
-7.369,-12.118,11.719
-5.771,-11.465,11.736
-6.094,-9.219,12.322
-5.958,-9.903,12.123
-6.513,-10.578,11.377
-8.025,-11.568,10.81
-9.01,-13.202,11.389
-8.015,-11.891,11.492
-7.194,-11.547,13.599
-5.962,-11.941,12.403
-4.072,-10.503,9.398
-4.579,-8.886,8.195
-5.185,-5.769,8.362
-5.034,-0.871,9.479
-4.407,0.945,11.415
-3.517,1.06,10.836
-3.302,2.931,11.398
-6.173,6.288,13.087
-5.489,1.974,11.532
-7.47,-0.976,12.707
-7.802,0.474,11.972
-6.563,4.244,14.15
-5.993,4.364,12.702
-7.47,3.189,15.502
-10.831,-10.027,9.912
-6.343,-8.697,9.156
-10.209,-7.094,10.881
-8.403,-2.007,8.908
-4.709,3.814,6.204
-2.974,8.104,5.462
-1.378,12.135,5.508
0.632,15.313,4.302
-0.522,12.676,4.867
-2.409,8.786,4.496
-2.414,4.438,3.249
-2.254,4.209,2.814
-2.617,3.795,2.242
-2.005,1.871,1.129
-1.888,-1.335,1.299
-4.211,-1.938,0.043
-5.106,-3.127,-1.101
-5.749,-3.22,-0.869
-7.218,-2.027,0.397
-9.128,-0.981,1.912
-11.439,-3.651,1.852
-14.327,-7.757,1.373
-16.528,-9.668,0.94
-17.734,-11.487,-3.199
-15.135,-13.453,-15.937
-11.963,-17.518,-32.807
-9.707,-27.618,-7.101
-1.72,-11.853,-23.148
2.665,0.206,-22.316
-1.866,-9.879,-17.906
-0.735,-6.905,-19.153
1.125,-8.52,-14.076
0.098,-0.691,-11.915
-0.56,-3.474,-10.056
-0.014,-3.199,-9.898
-0.445,-5.941,-2.335
-1.093,-6.508,-2.823
0.565,-8.386,-5.914
-0.562,-13.504,-4.515
1.701,-12.736,-7.336
3.881,-9.144,-6.178
4.101,-9.642,-5.204
2.51,-13.092,-4.845
0.397,-12.106,-3.802
0.981,-12.559,-3.314
0.794,-12.025,-2.677
-1.072,-12.736,-2.986
-3.134,-13.26,-1.95
-5.211,-14.726,-0.924
-5.46,-16.387,-1.629
-3.168,-13.456,-2.67
-3.481,-14.344,-3.244
-5.702,-13.86,-2.912
-5.125,-12.879,0.366
-4.479,-10.886,3.364
-2.089,-14.482,1.739
-0.557,-15.695,0.055
0.842,-15.009,-0.438
0.67,-12.659,1.567
-2.417,-12.238,5.553
-2.716,-11.003,7.613
0.502,-14.523,4.857
1.526,-6.891,3.448
-1.488,-4.713,4.429
-6.613,-11.499,6.185
-4.563,-10.164,8.635
-5.623,-10.003,8.556
-5.395,-9.656,7.577
-7.027,-9.097,5.56
-9.099,-6.357,7.321
-9.25,-11.85,10.372
-6.029,-16.057,9.365
-7.525,-13.48,10.042
-7.314,-13.662,11.305
-8.477,-11.817,11.324
-8.204,-11.582,12.453
-7.941,-11.733,13.059
-5.331,-13.056,13.473
-4.168,-14.009,9.618
-4.125,-12.307,6.455
-4.969,-8.19,6.297
-3.613,-5.941,6.357
-4.41,-1.715,7.336
-3.35,0.715,11.056
-4.522,-0.701,10.649
-0.89,1.747,8.975
-4.304,0.749,10.846
-6.998,3.213,15.248
-8.57,6.675,15.671
-11.437,4.845,15.688
-8.178,1.471,13.846
-8.307,-8.082,10.396
-5.359,-10.451,8.482
-4.472,-1.05,8.338
-5.709,4.79,12.922
-3.912,4.481,12.587
-0.371,7.606,8.314
-1.507,12.427,7.204
1.378,15.023,7.352
0.854,12.729,7.604
-2.455,6.194,6.852
-3.886,3.96,4.852
-4.039,4.615,3.596
-2.251,2.172,1.507
-1.361,0.026,2.086
-2.711,-1.27,2.388
-4.579,-0.479,3.256
-6.91,-1.043,3.909
-8.563,-2.675,2.89
-9.288,-5.742,1.139
-9.872,-6.419,-0.27
-10.704,-4.481,0.813
-12.657,-2.503,1.567
-14.224,-7.632,0.512
-14.482,-10.913,-2.0
-18.459,-11.846,-10.496
-9.817,-14.86,-19.779
-6.206,-21.438,-32.108
-15.016,-22.921,-13.592
-1.861,-8.946,-20.277
2.366,-3.421,-22.509
-1.182,-15.186,-19.892
-0.022,-0.986,-15.956
-1.376,-3.943,-13.231
-1.474,-2.472,-9.188
2.232,-4.551,-9.611
0.244,-4.383,-9.087
-0.014,-3.759,-7.319
0.488,-2.972,-6.01
-1.732,-4.926,-2.665
-0.802,-4.941,-3.541
-1.189,-9.063,-3.862
-1.483,-5.467,-4.072
-2.144,-8.506,-3.752
-1.345,-11.154,-3.749
-4.288,-11.941,-0.651
-5.338,-15.896,-3.539
-1.445,-17.145,-2.912
2.46,-11.913,-5.632
-0.122,-14.631,-5.979
-3.256,-21.28,-4.536
-4.242,-20.732,0.821
-2.318,-20.165,5.12
-3.708,-13.016,5.079
-4.749,-9.867,-0.804
-4.914,-15.635,4.41
-5.35,-12.736,1.823
-6.647,-7.838,3.07
-10.307,-7.245,2.998
-5.266,-11.035,1.005
-5.757,-14.724,1.782
-6.08,-9.647,3.007
-4.725,-10.678,2.263
-4.922,-12.217,3.797
-2.842,-8.073,6.661
2.692,-11.453,4.675
1.732,-9.178,4.084
4.335,-9.137,5.166
-0.455,-5.747,8.089
1.27,-9.771,7.29
2.225,-6.178,8.312
0.443,-8.52,8.496
-0.105,-5.95,6.431
-1.562,-7.455,7.269
-4.134,-8.309,7.745
-5.481,-8.742,7.439
-6.391,-10.831,8.046
-5.668,-6.615,8.664
-5.467,-7.513,7.374
-6.618,-10.537,8.065
-8.931,-14.784,8.879
-11.76,-13.554,11.776
-10.286,-15.832,10.795
-9.542,-14.143,10.676
-10.24,-16.748,11.085
-7.91,-17.246,8.333
-6.283,-14.178,6.142
-6.099,-10.905,6.247
-7.072,-6.398,8.381
-6.919,-4.51,8.058
-3.706,-5.101,9.546
-2.862,-1.333,13.375
-7.151,2.005,12.446
-6.513,1.366,12.53
-6.458,-0.234,10.891
-6.465,-8.704,7.687
-4.862,-4.484,11.487
-6.216,0.27,13.468
-10.14,1.816,13.284
-7.386,3.436,12.762
-6.288,-1.349,10.743
-7.553,-9.731,9.956
-7.596,-3.393,10.145
-5.345,0.962,9.14
-2.673,10.391,11.956
2.089,14.702,5.455
0.115,16.387,6.934
0.979,17.459,8.608
-1.828,16.573,10.91
-6.269,11.422,10.259
-7.515,5.144,6.68
-5.63,1.782,3.642
-4.548,-0.581,0.261
-5.264,-2.89,-1.089
-5.125,-1.737,0.512
-6.979,-0.445,2.876
-9.032,-1.503,2.775
-10.542,-3.582,1.84
-11.779,-5.19,1.103
-12.374,-4.388,1.957
-12.788,-3.728,1.814
-13.575,-7.132,1.177
-14.729,-10.049,0.502
-16.109,-11.204,-2.18
-17.569,-13.078,-11.063
-8.309,-13.073,-43.715
-14.992,-33.659,-16.939
3.919,-16.959,-22.629
1.534,-1.601,-19.808
-1.414,-10.893,-18.834
-1.297,-9.877,-17.126
-1.215,-8.733,-12.3
-2.012,-6.113,-11.24
-1.263,-4.553,-13.853
-0.634,-5.335,-12.389
-3.436,-5.441,-8.386
-0.981,-6.158,-7.946
-1.814,-4.579,-7.776
-2.177,-4.656,-7.759
-1.421,-7.29,-6.575
-0.541,-8.475,-6.173
-0.605,-7.419,-5.661
0.883,-7.568,-5.386
2.464,-9.159,-4.96
2.639,-9.525,-4.094
2.902,-6.233,-5.426
2.952,-7.754,-5.096
1.208,-11.477,-5.611
0.684,-12.944,-5.972
1.771,-11.42,-5.977
-0.05,-12.331,-4.742
-0.163,-12.717,-3.345
-1.675,-11.606,-2.594
-2.213,-15.676,-2.28
-2.862,-20.373,-3.754
-3.735,-17.59,-2.814
-6.773,-15.604,-2.089
-6.467,-14.681,0.845
-7.467,-12.64,1.39
-5.558,-14.009,3.515
-5.166,-13.379,3.335
-0.94,-10.073,3.249
-1.672,-7.127,2.826
-3.56,-15.643,2.842
-0.938,-8.575,4.615
-0.132,-10.523,4.491
0.108,-6.08,3.85
-5.249,-10.267,6.618
-2.577,-11.365,8.57
-2.108,-14.762,7.34
-3.455,-8.798,6.709
-3.062,-9.881,7.12
-3.804,-14.937,6.632
-4.857,-10.707,7.393
-6.45,-9.14,7.45
-3.974,-8.747,7.85
-5.757,-12.087,7.69
-6.501,-12.298,6.446
-8.862,-15.533,6.955
-10.417,-17.731,7.223
-9.561,-17.294,7.477
-9.302,-17.837,6.103
-10.078,-19.229,8.522
-6.604,-20.287,8.661
-4.541,-14.949,6.343
-4.845,-11.831,7.833
-4.771,-6.546,6.611
-5.771,-6.862,8.752
-4.488,-2.835,6.642
-6.194,-3.601,7.881
-3.278,-3.194,7.429
-5.469,-1.347,8.532
-4.168,0.761,8.106
-1.526,-0.081,8.793
-6.697,-3.065,10.891
-10.281,1.969,12.142
-9.137,-2.57,11.37
-6.778,-3.565,10.398
-5.57,1.646,12.262
-8.319,-8.991,13.755
-6.092,-7.439,11.097
-5.886,-2.603,11.975
-6.46,2.065,10.932
-4.919,4.756,9.365
-0.251,8.518,6.812
-1.103,13.513,7.178
-0.701,14.851,7.135
-3.079,11.896,7.448
-4.919,6.623,6.946
-3.845,3.479,4.063
-2.562,2.034,3.57
-3.28,-0.122,1.981
-3.476,-1.845,0.598
-4.029,-3.139,-0.17
-4.548,-3.141,-0.196
-5.398,-1.646,-0.318
-6.132,-2.091,-1.294
-6.726,-3.457,-1.943
-7.587,-4.692,-2.278
-8.113,-5.139,-1.56
-8.384,-2.692,1.101
-10.042,-3.878,1.349
-11.719,-8.879,0.682
-12.932,-11.326,-0.828
-14.664,-15.222,-9.085
-7.764,-20.308,-22.895
-0.768,-57.747,-34.214
-10.759,-15.272,-22.54
4.084,-4.462,-14.836
2.12,-3.517,-21.409
-1.486,-14.492,-19.098
0.629,-7.721,-17.42
0.792,-1.57,-13.068
-1.601,-2.235,-10.195
0.703,-7.343,-10.903
-1.347,-5.352,-8.534
-2.751,-1.723,-6.041
-0.345,-2.797,-5.359
1.804,-6.163,-2.835
-1.103,-7.4,-3.795
-1.94,-7.005,-2.194
-0.345,-3.728,0.811
-0.914,-5.249,3.642
-1.763,-9.934,0.694
-2.012,-11.827,1.56
-2.866,-10.238,0.079
-1.302,-8.723,0.122
-3.319,-12.69,-1.912
-1.297,-13.126,-2.323
-2.184,-16.289,-4.216
0.062,-14.688,-3.082
0.735,-11.805,0.06
-2.038,-14.784,0.091
-3.141,-16.526,1.534
-1.974,-18.516,1.546
-1.785,-16.904,3.292
-5.249,-15.805,5.036
-3.218,-14.772,3.163
-3.0,-12.786,1.814
-3.941,-12.372,2.103
-6.467,-13.097,2.438
-7.529,-13.164,3.043
-6.644,-13.657,2.292
-6.395,-12.228,3.85
-7.893,-12.532,2.608
-7.826,-9.549,2.247
-5.084,-11.415,2.105
-3.85,-10.413,3.704
-1.593,-10.592,3.823
-4.919,-11.664,3.156
-4.352,-10.702,4.558
-2.345,-10.635,6.175
-1.809,-8.393,5.233
-1.517,-8.642,5.111
-0.218,-10.597,5.45
-2.244,-11.704,5.041
-3.981,-12.516,7.08
-1.924,-10.123,7.12
-2.079,-9.101,7.221
-1.292,-10.812,6.345
-3.285,-11.137,6.498
-1.055,-10.542,4.448
-1.048,-10.745,3.51
-2.639,-10.903,3.622
-3.271,-10.424,3.943
-2.577,-9.381,3.909
-2.926,-6.759,4.838
-3.809,-6.938,5.79
-3.553,-8.171,6.036
-3.357,-8.673,6.355
-2.498,-7.51,7.271
-3.912,-7.379,7.912
-5.323,-8.721,8.931
-6.69,-8.278,9.618
-7.553,-8.91,11.183
-9.101,-11.738,12.714
-7.247,-13.154,13.327
-4.252,-11.795,14.066
-3.632,-11.281,13.76
-3.185,-11.425,11.87
-3.72,-10.173,9.958
-3.51,-8.819,9.953
-3.847,-7.391,10.176
-4.381,-6.632,8.774
-4.498,-8.118,7.654
-3.244,-5.357,6.754
-4.78,-5.469,8.022
-3.213,-2.534,7.616
-4.295,-1.089,7.561
-4.036,-1.187,7.706
-3.594,-1.156,8.618
-4.977,-2.914,9.85
-6.972,-2.476,11.039
-5.312,-0.668,10.257
-3.606,-0.756,10.925
-2.744,-0.112,11.281
-1.34,-1.593,13.219
-0.251,-2.137,10.298
-0.493,2.495,8.955
0.495,10.159,8.673
2.495,14.592,8.872
2.048,13.209,9.111
0.739,10.908,8.166
0.51,9.573,6.819
-0.4,7.034,6.149
0.141,4.945,4.529
0.546,3.953,2.421
-0.127,3.055,2.577
-0.522,2.864,1.218
-0.95,0.593,-0.356
-2.39,-1.414,-1.007
-3.094,-1.302,-0.952
-2.668,0.091,-0.61
-2.242,0.44,-1.182
-3.206,-0.615,-1.897
-4.366,-1.129,-2.464
-5.041,-1.751,-2.058
-6.163,-3.359,-2.019
-7.671,-3.426,-2.029
-9.57,-2.168,-1.634
-11.236,-3.347,-1.715
-11.882,-5.278,-1.732
-11.111,-5.871,-2.158
-12.305,-7.336,-3.519
-16.801,-15.212,-17.987
-0.95,-3.766,7.599
-0.897,1.249,5.73
1.002,10.434,4.338
3.508,12.221,4.438
4.113,9.972,4.266
3.036,7.936,3.252
2.361,6.472,0.749
3.22,6.302,0.373
2.895,5.718,1.668
3.098,3.972,2.139
3.17,3.084,1.072
2.383,1.924,-0.892
2.256,0.148,-1.476
3.046,-0.531,-0.94
2.359,-0.223,0.065
1.739,-0.12,0.036
1.529,-1.251,-1.505
2.189,-3.144,-3.46
2.586,-3.646,-5.111
3.498,-4.271,-6.369
4.756,-5.123,-5.773
3.826,-4.78,-4.563
3.72,-5.73,-3.962
4.151,-7.192,-4.034
2.866,-6.441,-1.806
2.062,-7.45,-0.371
2.541,-10.786,-1.342
1.904,-13.645,-2.668
2.139,-14.954,-2.522
2.907,-14.621,-1.727
3.295,-13.3,-0.947
3.785,-12.578,-1.601
4.276,-13.705,-1.936
4.658,-13.171,-1.648
4.744,-10.822,-1.256
4.646,-11.432,-1.821
4.599,-11.937,-1.103
4.914,-11.36,-0.081
4.682,-10.649,0.519
4.876,-11.097,0.414
4.441,-10.537,0.512
5.998,-9.778,-1.991
3.761,-8.173,1.833
4.527,-12.264,4.371
5.132,-11.927,4.692
-4.065,-30.728,45.268
7.092,-11.571,-2.615
-0.768,-8.893,7.625
3.601,-5.591,-2.622
10.913,-6.108,-9.312
10.099,1.715,-11.724
11.073,8.163,-14.135
4.151,-10.475,2.72
-1.448,-20.909,1.299
8.336,0.309,-2.273
5.687,-0.361,1.79
4.053,-2.175,1.4
9.984,-4.948,-1.072
10.587,-7.773,-0.986
8.747,-4.591,-1.51
8.644,-3.764,-1.464
8.077,-4.024,-1.694
8.697,-3.017,-1.687
9.444,-5.264,-1.503
8.515,-3.141,-1.01
7.848,-2.072,-1.847
7.955,-2.866,-1.022
8.276,-2.486,0.471
6.845,-0.991,0.825
6.668,0.615,-3.204
9.786,-1.632,-5.386
11.523,-3.864,-5.115
10.893,-0.474,-2.562
12.145,-1.818,-4.357
9.79,-0.921,-3.517
5.072,-2.074,-0.926
10.987,-0.744,-2.383
7.651,-1.115,-2.95
8.994,-0.402,-4.41
9.321,-0.488,-4.421
8.652,-1.024,-2.283
9.049,-2.598,-0.804
9.783,-0.301,-1.869
8.742,-0.287,-2.192
9.262,-1.694,-2.194
8.903,-2.4,-1.108
8.647,-1.56,-0.323
9.149,-0.888,-0.486
9.805,-0.876,-1.948
8.666,-1.737,-0.629
10.125,-3.084,-1.23
10.527,-0.089,-1.919
10.482,1.701,-1.038
8.489,0.871,-1.859
10.312,-0.407,-2.11
8.632,-2.347,1.902
8.582,-1.153,1.658
9.551,0.364,-0.684
10.874,-0.809,-0.565
9.259,-1.436,0.366
8.673,-1.192,1.498
8.931,-0.502,0.636
9.683,-1.964,1.364
10.209,-2.053,1.12
8.391,-0.603,1.725
8.446,-1.529,2.857
10.087,-2.079,1.646
9.257,-0.383,1.653
8.374,-1.629,2.847
8.343,-2.16,3.127
8.731,-2.058,3.615
9.372,-1.632,2.543
9.015,-1.433,2.68
8.977,-1.658,3.225
8.656,-1.208,3.634
8.594,-1.878,4.764
8.285,-2.895,4.881
8.58,-2.146,3.984
8.274,0.385,3.914
6.211,-7.659,2.591
13.453,4.096,5.323
2.22,-0.933,7.84
9.451,-0.935,1.414
8.532,-1.806,3.761
6.812,-0.818,5.508
7.62,-1.754,5.273
8.58,-1.689,3.792
8.628,-0.907,3.567
8.185,-0.969,4.175
8.357,-2.067,4.137
8.434,-2.328,3.902
8.142,-1.022,4.175
7.824,-0.045,4.165
8.065,-0.696,4.237
8.077,-2.297,4.747
7.831,-2.361,5.443
7.812,-0.263,4.553
8.728,-0.057,4.596
8.412,-1.553,5.769
7.3,-2.28,6.498
8.063,-0.694,4.201
8.814,0.775,3.531
8.455,-0.244,5.039
7.587,-2.519,6.493
8.211,-1.696,5.513
9.405,0.464,3.938
10.013,0.555,3.941
8.699,-1.711,4.998
8.549,-1.443,4.685
8.936,0.584,4.553
8.757,1.136,4.177
8.494,-1.878,4.828
8.709,-1.237,5.68
8.884,0.971,5.453
8.214,1.78,4.553
7.989,-0.148,5.79
7.903,-1.926,8.094
7.565,0.718,7.773
6.627,3.027,7.063
5.024,0.687,6.147
2.055,-3.283,6.85
2.127,-1.089,7.003
3.639,1.378,10.726
59.015,32.742,16.545
-23.962,-5.706,55.391
14.899,8.07,9.015
3.527,-2.067,13.922
7.659,4.998,12.061
5.027,4.051,14.946
5.175,7.448,14.21
5.551,7.714,12.571
6.85,6.998,6.47
9.798,6.08,3.831
9.549,6.135,4.486
8.735,5.79,4.429
13.745,7.338,1.029
9.314,2.931,1.445
3.486,-0.957,-1.859
5.802,2.505,0.0
1.644,2.988,4.567
3.749,0.045,1.725
1.72,-0.837,1.945
-14.066,-1.005,-1.615
0.974,2.268,-4.603
-5.575,7.398,10.877
1.617,22.892,9.984
-3.713,8.405,5.773
-2.407,5.044,4.675
0.316,12.209,3.606
-0.811,0.364,0.11
0.012,-0.802,-0.297
0.167,7.101,3.969
-0.909,12.221,6.357
-1.701,10.47,5.864
-1.907,7.814,5.496
-1.165,7.197,5.383
-0.763,5.795,4.943
-0.967,6.24,5.943
-1.208,8.417,6.869
-0.952,9.731,6.51
-0.902,9.427,5.632
-0.876,9.039,5.57
-0.584,8.41,5.498
-0.323,6.972,5.125
-0.493,6.941,5.163
-0.5,8.403,5.06
0.005,9.403,4.881
0.077,8.848,4.622
-0.089,8.192,4.634
-0.364,7.252,4.67
-0.359,7.415,5.268
-0.5,7.185,5.142
-0.383,7.226,5.639
-0.388,8.824,6.446
-0.751,9.644,6.804
-1.029,8.781,6.364
-0.94,7.187,5.936
-0.938,7.089,6.415
-1.419,7.601,7.084
-1.337,8.372,6.938
-1.213,8.08,6.611
-1.067,7.056,5.847
-0.732,6.008,5.491
-0.842,6.891,6.034
-1.306,7.317,6.632
-1.206,6.692,6.706
-0.744,6.962,6.429
-0.553,6.551,5.462
-0.385,5.895,4.969
-0.904,5.457,5.835
-1.247,5.453,6.776
-1.199,5.783,7.462
-1.06,5.845,7.317
-0.715,5.599,7.077
-0.773,6.331,7.735
-1.278,5.938,8.408
-1.718,4.967,8.568
-1.579,4.144,8.168
-1.05,3.862,8.08
-1.601,3.754,14.116
-1.933,5.883,11.145
-0.799,4.625,8.948
0.055,4.376,7.881
0.086,4.606,7.809
-0.27,4.381,8.283
-0.273,4.701,9.204
-0.333,4.823,9.097
-0.677,4.469,8.281
-0.749,5.266,8.142
-0.83,5.515,8.486
-0.751,5.12,8.209
-0.751,5.089,7.683
0.151,5.702,7.896
-0.591,6.025,7.395
-0.809,6.352,8.075
0.108,5.601,8.23
0.132,5.735,7.872
-0.4,5.24,8.25
-0.512,4.433,8.245
-0.366,4.735,8.247
-0.467,4.917,8.14
-0.373,5.283,8.082
-0.208,5.608,8.01
-0.258,5.907,7.953
-0.469,5.661,8.111
-0.419,5.462,8.101
-0.189,5.24,8.032
-0.06,5.118,8.154
0.024,5.125,7.977
-0.211,5.099,8.156
-0.246,5.328,8.113
-0.27,5.379,8.082
-0.268,5.245,8.125
-0.237,5.402,7.974
-0.321,5.489,8.441
-0.208,6.108,8.829
-1.103,5.221,6.068
-0.486,6.405,7.886
0.096,4.553,8.41
-0.234,5.974,8.178
-0.806,5.264,8.147
-0.158,4.603,8.144
-0.254,4.654,8.183
-0.691,4.945,8.233
-0.546,5.06,8.094
-0.34,5.347,8.032
-0.184,5.673,7.919
-0.378,5.702,8.099
-0.347,5.434,8.01
-0.112,5.579,7.984
-0.313,5.417,8.087
-0.435,4.972,7.986
-0.457,5.247,7.18
-0.708,5.572,8.259
-0.486,5.977,7.651
-0.086,6.139,7.773
0.045,5.91,7.527
-0.067,5.357,8.027
-0.211,5.302,8.14
-0.33,5.039,8.295
-0.404,4.991,8.307
-0.426,5.06,8.285
-0.328,5.161,8.297
1.424,5.319,7.795
-1.591,5.934,8.874
-0.828,5.075,8.783
-0.438,4.204,8.74
0.225,3.445,8.64
-0.459,4.905,9.577
-0.309,2.029,9.049
-0.251,3.096,9.171
-0.553,2.165,9.223
-1.067,1.507,9.436
-0.904,1.584,9.649
-0.196,0.895,9.522
-0.376,-0.239,9.503
-0.852,0.866,9.771
0.026,0.909,9.637
-0.017,1.505,9.656
-1.498,2.034,9.905
-2.572,1.677,10.09
-1.921,0.988,9.967
-0.179,0.703,9.853
0.416,1.407,9.546
-0.833,0.979,9.867
-0.632,1.381,9.707
-1.261,1.369,9.922
-1.081,1.486,9.965
-0.627,1.062,9.92
-1.148,0.534,9.747
-0.802,1.251,9.848
0.057,1.708,9.546
-1.084,1.333,9.867
-3.168,0.103,9.987
-1.854,1.239,9.798
-0.356,1.314,9.74
-1.328,1.268,9.939
-1.01,1.235,9.762
-1.553,0.122,9.845
-1.431,1.165,9.879
-1.062,1.299,9.735
-1.672,1.526,9.862
-1.572,1.57,9.958
-1.495,0.998,9.769
-1.395,1.292,9.793
-1.278,1.385,9.79
-1.024,1.424,9.86
-1.328,1.278,9.857
-1.766,1.151,9.893
-1.292,0.665,9.946
-1.01,0.522,9.915
-0.495,0.596,9.767
-1.187,0.77,9.786
-1.613,0.926,10.013
-1.048,0.792,9.953
-0.665,0.172,9.743
-1.4,0.246,9.958
-0.435,-0.182,9.788
-1.065,0.172,9.778
-1.94,1.354,9.92
-1.093,0.993,9.841
-1.505,1.33,10.025
-0.883,1.024,9.893
-0.29,0.481,9.716
-1.986,1.419,9.929
-0.95,1.715,9.762
-0.656,0.888,9.81
-2.39,0.955,9.924
-2.273,1.125,9.515
0.663,0.835,10.886
-0.613,1.909,10.274
-1.799,0.809,9.666
-2.156,-0.11,9.738
-1.5,1.421,10.042
-0.036,1.27,9.802
-0.421,0.445,9.807
0.074,1.182,9.613
-1.002,1.113,9.869
-1.414,2.027,9.958
-0.591,1.608,9.69
-0.557,1.692,9.75
-0.94,1.751,9.831
-0.811,1.584,9.817
-0.665,1.357,9.74
-0.797,1.4,9.764
-0.83,1.531,9.807
-0.744,1.627,9.747
-0.756,1.62,9.805
-0.809,1.658,9.845
-0.773,1.505,9.764
-0.778,1.479,9.86
-0.792,1.562,9.786
-0.732,1.498,9.783
-0.756,1.474,9.836
-0.821,1.397,9.793
-0.782,1.328,9.757
-0.746,1.349,9.86
-0.773,1.476,9.769
-0.761,1.448,9.692
-0.775,1.541,9.767
-0.746,1.452,9.767
-0.773,1.536,9.79
-0.763,1.574,9.778
-0.77,1.538,9.7
-0.804,1.39,9.817
-0.746,1.34,9.762
-0.672,1.404,9.676
-0.73,1.66,9.644
-0.845,1.778,9.807
-0.691,1.981,9.647
-0.718,2.098,9.647
-0.794,2.048,9.975
-1.074,1.491,10.03
-1.395,0.34,9.711
-1.038,1.888,9.101
-0.115,4.206,9.271
-0.548,6.994,9.685
-2.019,4.496,10.396
-0.246,2.062,9.508
0.699,1.373,9.599
-0.443,2.129,10.341
-0.603,4.204,10.274
-0.462,5.089,9.161
-0.273,3.027,7.819
0.103,1.491,7.819
0.62,3.685,8.683
0.232,4.051,9.728
-0.557,3.019,10.135
-0.665,2.361,9.47
-0.112,2.907,8.563
0.555,5.02,7.96
0.476,6.223,8.417
-0.057,6.771,8.575
-2.838,5.19,10.319
-0.479,5.838,10.824
3.39,10.999,27.173
0.565,5.477,5.548
1.002,0.476,6.771
1.725,2.043,8.235
0.794,4.74,6.79
0.89,5.24,5.986
1.412,6.922,7.197
0.498,6.374,8.415
0.668,3.634,8.434
3.397,5.237,8.628
2.601,5.742,1.656
1.529,6.97,6.974
1.687,5.261,4.328
0.823,6.185,5.558
2.189,9.271,7.472
2.242,9.231,6.113
3.898,6.551,3.84
2.062,5.809,5.553
2.115,7.673,5.783
2.591,7.666,4.945
2.852,5.651,4.498
3.072,3.948,4.527
3.273,3.888,5.106
3.168,5.417,5.857
1.019,6.285,8.786
-0.526,8.616,8.355
8.448,2.405,6.738
3.945,3.737,4.953
3.287,8.025,6.106
3.426,11.307,7.599
2.866,10.472,8.23
3.263,3.754,4.256
2.692,-0.005,0.892
2.108,4.051,6.245
3.053,8.876,7.369
2.113,4.496,5.328
2.627,3.187,6.013
4.728,7.211,6.869
3.06,6.773,7.915
2.259,9.295,8.996
1.852,8.293,8.513
2.342,4.85,5.874
3.74,2.799,5.123
3.68,5.39,6.864
2.4,5.797,7.955
3.096,6.249,8.269
2.823,3.61,5.359
-0.184,4.072,5.551
2.634,6.202,6.651
4.228,8.417,6.962
3.101,7.86,6.529
2.871,6.115,5.297
1.739,6.29,5.723
2.761,7.532,7.111
3.161,7.273,6.223
2.388,8.214,6.627
2.634,7.372,5.192
2.452,5.926,5.072
2.74,5.864,6.185
2.718,7.613,6.35
1.373,8.549,7.089
0.991,6.79,6.309
1.467,6.69,6.761
2.395,6.675,7.651
1.402,4.383,7.156
2.079,5.192,7.429
0.356,4.625,6.962
-0.067,2.584,7.723
1.031,0.44,7.575
2.749,1.701,7.592
1.239,2.74,7.472
-1.548,6.053,7.02
1.491,6.544,6.453
0.311,4.843,7.194
-1.232,4.766,9.891
-2.163,6.941,11.989
-1.658,8.812,9.836
-0.39,8.893,6.816
-1.177,10.527,6.398
-1.333,11.795,7.831
-1.601,9.673,7.903
-1.622,8.434,7.295
-1.029,7.037,7.503
-0.689,5.003,7.199
0.691,4.165,6.671
0.268,6.156,7.053
-0.586,6.077,7.977
0.498,6.682,6.821
2.871,4.395,6.541
0.668,7.029,8.154
-0.955,7.309,8.943
-0.122,5.692,7.515
0.134,4.462,7.278
0.761,3.084,7.424
0.852,3.563,6.596
1.431,4.575,6.103
1.371,7.663,6.381
0.768,9.336,7.104
0.28,8.149,8.187
0.816,6.915,7.496
1.089,4.773,6.565
0.66,4.544,6.115
0.689,6.517,6.534
0.854,5.946,6.651
0.531,5.776,6.355
-0.122,5.926,6.257
1.261,7.087,6.168
1.069,8.841,6.86
0.636,7.807,7.118
0.443,7.766,6.838
0.294,7.979,6.769
0.0,7.601,7.496
0.297,6.991,7.482
2.627,6.252,5.699
1.208,7.8,5.946
-0.371,6.355,6.194
1.297,7.388,5.881
1.45,6.946,6.044
0.091,7.19,5.946
0.146,8.264,5.989
-0.053,7.532,6.63
0.199,6.352,6.247
1.352,7.843,6.312
0.617,7.85,6.587
0.397,8.264,6.228
1.251,6.869,5.591
2.17,6.627,5.867
1.122,6.07,5.682
0.761,6.206,6.515
1.72,6.166,5.69
1.448,5.436,5.094
1.794,9.03,5.496
2.029,5.962,5.68
1.531,5.821,6.321
1.933,7.02,6.005
0.636,7.379,6.17
0.531,8.494,5.357
0.572,8.329,6.367
0.397,8.144,7.194
1.68,8.431,7.596
4.036,7.577,6.178
1.596,7.089,6.537
0.486,5.852,6.845
1.749,8.659,8.565
1.359,6.556,8.805
2.292,3.524,6.738
2.388,2.003,5.895
1.715,2.12,6.627
0.29,3.613,7.517
1.704,2.507,6.551
3.869,2.976,5.989
2.582,7.881,7.108
0.51,10.85,7.695
-1.148,7.24,7.45
1.849,5.02,8.19
2.029,5.513,7.699
1.845,5.969,6.86
1.385,5.52,5.998
0.045,6.316,6.654
-0.335,6.716,7.534
0.139,7.104,7.101
1.158,7.137,5.594
1.321,7.716,5.151
1.742,6.826,5.568
1.577,7.611,8.041
0.44,6.587,8.398
1.57,5.936,6.58
0.593,5.082,5.173
1.433,5.986,6.472
0.816,7.247,8.731
-0.053,6.608,7.886
0.471,6.615,6.309
0.931,6.869,6.446
1.424,7.175,6.903
0.426,6.027,6.96
0.9,5.132,7.113
1.603,6.18,7.568
2.218,6.544,7.266
1.711,7.436,6.541
0.5,7.625,7.046
-1.414,7.027,8.207
-0.232,7.077,8.214
0.184,7.171,7.482
0.421,5.568,6.558
2.038,6.481,6.036
1.175,7.362,6.539
1.017,5.252,7.383
0.488,5.46,8.068
0.988,5.623,7.74
0.876,6.879,7.221
0.033,5.536,6.599
-0.024,5.261,7.637
0.457,6.443,6.029
0.629,6.936,8.472
-0.053,6.17,7.934
0.79,5.869,6.953
0.273,5.209,7.142
0.39,5.599,8.305
0.845,5.513,7.805
0.337,5.596,7.388
0.641,7.931,6.237
-1.426,5.563,6.376
3.213,7.618,7.994
-0.266,4.395,9.027
0.708,5.606,8.285
0.349,4.393,8.238
0.443,3.311,9.24
1.285,4.101,8.429
0.61,4.374,8.142
0.656,6.23,8.312
0.402,5.558,8.644
2.022,6.338,9.123
0.919,5.168,8.553
1.16,4.689,7.584
0.007,4.788,8.235
1.33,3.845,8.975
1.689,3.218,8.965
1.878,3.223,8.386
0.811,3.945,8.195
-0.038,4.505,8.199
0.574,4.608,8.357
1.94,4.991,8.479
1.103,6.508,8.195
2.486,5.508,7.317
0.931,6.065,7.879
0.586,5.457,7.986
0.926,5.245,7.541
0.196,6.194,7.276
0.967,5.582,6.888
0.385,5.364,7.869
1.194,6.068,8.305
0.012,4.855,8.872
0.842,5.23,8.594
0.184,5.376,8.58
-0.33,6.584,7.972
-0.438,5.505,7.623
-0.179,4.979,8.106
0.055,4.199,8.616
0.479,6.374,8.297
1.129,5.355,7.927
0.555,4.345,7.584
0.785,2.835,8.089
0.062,3.852,9.355
0.033,5.292,8.886
0.055,4.967,8.123
1.218,5.3,7.52
1.534,4.785,7.673
-0.778,4.687,8.788
0.809,4.51,9.369
2.818,6.247,8.199
0.395,2.704,7.685
1.39,1.402,7.989
2.29,3.618,8.876
1.515,4.601,8.482
0.691,3.144,7.946
1.139,2.318,7.936
3.354,7.4,8.544
0.11,-2.163,8.587
1.426,6.656,9.283
-0.014,4.424,7.879
2.354,4.29,9.065
0.641,5.134,9.049
1.239,4.24,9.046
0.421,4.254,8.632
-0.244,4.563,8.451
0.816,3.149,7.965
1.424,5.065,8.518
-0.12,3.522,9.398
-0.778,2.828,8.891
0.952,4.945,9.293
0.175,5.082,9.022
0.416,4.965,8.549
-0.464,4.606,8.857
-0.158,5.151,8.711
0.404,4.984,8.606
0.079,5.355,8.917
0.156,3.771,9.087
-0.447,4.529,8.611
-0.565,4.031,7.845
0.706,5.764,7.362
0.479,5.668,7.79
0.237,6.034,8.498
-0.335,5.249,8.831
-0.792,4.651,8.872
0.007,5.087,8.86
0.06,5.137,8.728
-0.175,5.261,8.307
0.184,4.9,7.501
0.194,3.708,8.096
0.172,5.278,8.738
0.055,4.247,8.455
0.206,4.192,8.369
0.098,4.579,8.991
0.203,3.409,8.982
0.426,4.383,8.463
0.115,4.338,7.963
0.447,4.285,7.8
0.098,4.249,7.881
0.33,3.637,8.113
-0.689,4.929,8.833
1.014,5.247,8.494
-0.397,5.737,7.166
1.409,2.85,7.85
-0.311,4.252,8.625
0.005,3.034,8.805
-0.139,3.85,8.367
-0.768,4.156,9.054
0.739,1.802,10.116
0.182,3.637,10.341
0.694,2.517,9.886
0.242,3.261,9.68
-7.003,-8.819,12.52
0.524,5.642,9.204
0.524,2.378,9.408
0.019,3.275,10.08
0.165,2.696,10.073
3.448,4.182,10.901
-1.12,3.462,9.845
1.007,2.196,9.111
-0.179,1.759,9.678
-0.962,2.34,9.979
-1.249,3.082,9.865
0.665,0.88,9.563
1.462,4.756,8.867
-0.098,2.797,8.915
0.105,4.189,8.486
-0.634,4.467,8.915
0.043,4.443,9.19
-0.347,5.926,8.931
-1.364,5.304,8.769
-1.416,3.668,8.726
0.258,3.957,9.566
-0.916,3.194,9.86
-0.366,3.476,9.022
-0.603,3.237,8.434
-1.371,2.333,8.826
-0.95,3.161,8.965
1.273,3.524,8.931
0.132,2.641,9.065
0.505,4.63,8.549
0.1,5.56,8.532
2.309,2.51,7.711
-0.775,2.409,9.027
-4.661,7.96,9.822
-2.079,-0.151,9.209
6.45,-3.338,6.56
1.459,0.62,9.106
-3.175,3.534,11.324
-2.182,2.067,10.049
-0.378,-2.062,9.719
-0.498,-3.441,9.719
-1.412,0.043,11.896
-1.053,0.967,12.133
-0.397,-0.883,10.362
1.321,-0.151,14.092
-4.362,2.491,10.24
-0.778,-6.252,7.156
1.644,-8.29,7.718
-1.558,-6.982,10.051
-0.907,-5.776,10.274
0.462,-4.055,8.862
-0.275,-1.838,8.802
-0.742,-1.101,9.776
-1.103,-0.356,10.245
-0.502,0.579,10.07
-1.175,1.34,11.319
-0.935,2.146,9.886
-1.012,3.374,9.908
-1.392,2.823,10.451
-1.491,2.531,11.618
-0.459,2.314,7.183
4.981,-3.161,8.991
-0.373,-1.041,10.324
-2.96,-2.254,10.506
-2.134,-0.723,9.118
-0.861,2.543,9.845
-2.524,2.615,9.743
-3.091,1.725,9.874
-1.244,-0.967,10.051
-0.498,-1.625,9.575
-2.299,-1.519,9.702
-2.94,-3.175,11.142
-1.416,-1.134,10.104
-0.859,-0.715,9.872
-0.301,0.402,9.757
-0.115,-0.474,9.58
-2.268,-0.457,10.451
-2.194,0.701,9.905
-1.426,0.323,9.838
-1.692,-0.27,10.178
-1.024,0.366,10.042
-1.727,-0.952,10.269
-1.888,-1.581,9.575
-1.694,-1.495,9.865
-0.964,-0.672,10.07
-0.175,-0.089,9.886
-0.624,-0.141,9.879
-1.806,-0.036,9.944
-1.936,-0.802,10.049
-0.9,-1.938,10.314
-1.086,1.603,9.929
-0.371,-0.811,9.51
-1.093,-0.732,10.2
-0.845,-0.62,10.257
-1.725,-1.184,10.173
-1.529,-0.421,9.479
-0.811,0.117,9.568
-0.084,1.002,9.838
-0.536,0.806,10.479
-1.409,0.778,10.269
-1.945,0.837,9.905
-2.704,-0.237,9.814
-1.869,-0.624,9.869
-1.9,-0.802,10.288
-1.043,-0.931,10.066
-1.132,0.122,10.001
-0.672,-0.132,9.972
-0.857,0.103,9.877
-1.0,-0.4,9.86
-1.29,-0.646,9.948
-1.29,-0.577,9.994
-1.096,-0.706,10.006
-1.251,-0.45,9.979
-1.055,-0.675,9.805
-1.376,-0.579,10.015
-1.357,-0.28,10.006
-0.694,0.081,9.893
-1.242,0.33,9.977
-0.9,0.526,9.912
-0.976,0.368,10.073
-0.871,-0.782,10.034
-0.83,-1.237,10.07
-1.629,-0.488,10.087
-1.002,-0.426,9.778
-1.316,-0.962,9.991
-0.888,-1.658,9.958
-2.45,-1.127,10.094
-1.244,-0.251,9.872
0.452,-0.079,9.79
-1.799,-1.093,9.979
-1.125,-0.825,9.587
-1.73,0.038,10.092
-2.086,-0.431,10.257
-0.744,-0.799,9.599
-0.924,-0.931,9.836
-1.048,-1.062,9.932
-1.383,-0.89,9.991
-0.833,-2.421,10.353
-1.412,-0.854,9.544
-2.443,-0.11,10.092
-1.218,-0.849,10.099
-1.768,-1.17,10.056
-1.584,-1.218,9.841
-1.821,-0.617,10.058
-0.859,-0.476,10.101
-0.572,-0.739,9.848
-2.304,-1.18,9.826
-2.156,-1.347,9.912
-1.464,-0.83,9.886
-1.065,-0.495,9.948
-0.907,-1.28,9.996
-1.859,-1.321,10.097
-2.019,-1.584,9.767
-0.818,-1.445,9.877
-1.012,-0.467,10.178
-1.481,-0.837,10.013
-2.046,-0.823,9.982
-1.424,-1.019,9.668
-1.462,-0.971,10.025
-1.412,-1.184,10.082
-1.57,-0.892,9.946
-1.651,-0.617,9.958
-1.134,-1.203,9.764
-2.134,-1.139,9.838
-0.876,-1.273,10.037
-1.239,-1.139,9.9
-1.412,-0.715,9.939
-1.943,-0.581,9.896
-1.397,-0.132,10.087
-0.605,-1.392,10.046
-1.522,-1.22,10.068
-1.543,-1.251,9.865
-1.503,-0.546,9.922
-1.462,-0.196,10.087
-1.201,-0.364,9.884
-1.448,-0.72,9.702
-1.694,-1.081,9.97
-2.113,-1.132,10.154
-1.227,-0.878,10.056
-0.569,-0.823,9.967
-1.261,-0.859,9.704
-1.78,-1.005,9.932
-1.61,-0.955,10.075
-1.309,-0.498,9.874
-1.369,-0.555,9.991
-1.637,-0.682,9.867
-1.629,-0.828,9.967
-1.412,-1.105,10.032
-1.692,-0.993,9.936
-0.916,-1.062,9.905
-1.026,-1.459,10.013
-2.046,-1.325,9.841
-1.464,-1.017,9.812
-0.536,-1.182,9.798
-1.132,-1.084,10.097
-1.254,-1.249,9.944
-1.062,-0.849,9.939
-1.414,-0.873,9.97
-1.548,-1.17,9.963
-1.266,-1.268,9.594
-0.981,-1.354,10.08
-1.244,-0.959,9.939
-1.397,-0.983,9.92
-1.593,-0.601,10.006
-1.086,-1.522,9.867
-0.969,-1.723,10.14
-1.543,-0.775,10.09
-1.433,-1.105,10.03
-1.637,-1.014,9.644
-0.878,-1.043,10.154
-1.223,-1.318,9.963
-1.22,-1.134,9.953
-1.316,-1.189,9.972
-1.328,-0.79,9.855
-1.105,-0.742,9.829
-0.763,-1.445,9.991
-1.421,-1.426,9.948
-1.431,-1.608,10.051
-1.072,-0.074,9.996
-0.969,-1.213,10.14
-1.677,-1.184,10.032
-1.416,-1.306,9.967
-0.51,-0.897,9.941
-1.18,-0.928,9.91
-1.529,-0.555,9.747
-1.125,-1.404,10.054
-1.72,-0.792,9.936
-1.014,-0.522,9.599
-1.292,-0.792,10.049
-1.474,-1.093,10.092
-2.053,-0.792,9.81
-1.046,-0.629,9.721
-0.723,-1.046,10.214
-1.603,-1.089,9.927
-1.445,-1.115,9.865
-1.189,-0.057,9.97
-1.06,-0.718,10.075
-1.067,0.337,11.008
-0.842,5.101,9.714
-0.672,5.79,10.606
-0.993,-2.51,7.474
-1.725,0.158,9.472
-1.395,-1.263,10.101
-1.57,-0.979,9.96
-1.235,-1.18,10.056
-1.354,-0.636,9.929
-0.988,-0.854,9.752
-1.481,-0.909,9.908
-1.759,-0.615,9.814
-1.0,-1.041,9.963
-0.775,-1.493,10.2
-1.885,-1.282,9.57
-1.127,-1.61,9.85
-1.802,-0.519,9.963
-0.857,-0.924,10.02
-0.991,-0.952,10.113
-1.469,-0.828,9.972
-1.672,-1.06,9.8
-1.376,-1.586,10.233
-0.301,-1.742,10.094
-0.538,-1.306,9.996
-3.56,-0.529,10.401
-3.778,2.519,7.946
0.108,1.902,10.14
-0.246,-0.613,10.003
0.845,-1.132,12.621
-1.926,-1.797,8.721
-0.629,-1.711,9.999
-2.058,-1.043,10.054
-0.462,-0.799,9.879
-0.584,-0.23,9.956
-0.962,-0.16,10.101
-0.885,-0.227,9.982
-0.859,-0.627,9.987
-0.964,-0.876,9.958
-0.852,-1.084,9.92
-0.835,-1.091,9.936
-0.768,-1.005,9.903
-1.0,-0.9,10.011
-0.962,-0.821,10.025
-0.694,-0.9,9.97
-0.802,-0.986,10.051
-0.861,-0.904,9.984
-0.854,-0.668,10.008
-0.758,-0.624,9.982
-0.914,-0.687,10.032
-0.828,-0.758,9.984
-0.749,-0.947,9.948
-0.849,-1.048,9.956
-0.866,-0.957,9.996
-0.794,-0.869,9.951
-0.763,-0.782,9.991
-0.799,-0.799,9.967
-0.825,-0.809,9.953
-0.845,-0.816,9.958
0.022,1.491,7.843
-1.074,-1.254,8.896
-1.256,-0.883,9.69
-2.053,-1.172,10.156
-0.462,0.342,9.623
-0.234,-0.419,9.889
-1.034,0.23,10.121
-0.431,-1.026,10.058
-0.904,-0.859,9.958
0.026,0.273,8.963
-1.517,-2.804,9.831
-0.991,-0.691,9.716
0.349,-1.412,9.664
0.151,-0.708,9.81
-1.297,-0.835,10.085
-0.83,-0.67,9.855
-0.995,-0.641,9.855
-1.792,-0.431,10.054
-1.383,-0.605,10.049
-0.682,-0.708,10.113
-0.112,-0.775,9.991
-0.275,-1.113,10.13
-1.816,-0.835,9.999
-0.809,-0.921,9.69
-0.163,-1.481,9.915
-0.708,0.476,10.312
-0.84,-0.919,9.975
-1.115,-1.641,9.833
-1.823,-1.392,9.881
-0.835,-1.802,10.511
0.139,-0.799,10.202
0.093,-0.766,9.865
-1.792,-0.469,9.967
-0.718,-0.897,10.14
-0.77,-0.902,10.032
-0.763,-1.802,9.752
-0.581,-1.811,10.099
-1.323,-1.4,9.936
-0.715,-1.069,9.958
-0.778,-1.031,10.113
-1.282,-1.371,10.073
0.089,-0.687,11.281
-0.823,-0.017,9.709
-0.416,-0.065,10.188
-1.077,-0.012,9.97
-0.914,-0.012,10.032
-0.218,-1.086,9.948
-0.215,-1.093,9.879
-0.464,-1.278,9.711
-0.524,-0.866,10.018
-2.952,0.163,10.441
0.12,-0.189,9.668
-0.761,-0.428,10.085
-0.811,-1.108,9.975
-1.727,-1.352,10.128
-0.541,-0.555,9.769
-0.455,-0.438,10.034
-0.945,-0.526,9.924
-1.493,-0.438,9.939
-0.976,-0.883,10.049
-0.679,-0.675,10.121
-0.854,-0.275,9.891
-0.644,-0.371,9.845
-1.232,-0.39,10.056
-1.572,-0.601,10.094
-0.816,-0.572,9.934
-0.402,-0.581,9.941
-0.684,-0.368,9.867
-1.45,-0.555,10.075
-0.909,-0.644,9.989
-0.613,-0.653,9.848
-0.998,-0.835,9.932
-1.519,-0.639,10.006
-2.043,0.146,10.197
-0.196,-0.77,9.822
-0.711,0.165,10.027
-3.309,-0.813,9.855
-0.301,-2.223,9.721
-1.725,-0.301,10.637
0.608,-1.809,9.929
0.019,-1.192,9.544
-1.342,-1.299,9.91
-0.194,-0.758,10.056
-0.199,-0.033,10.082
-0.596,-0.187,10.228
-1.211,-0.768,9.946
-0.34,-0.782,9.094
-1.735,-0.409,9.917
-1.957,-0.706,10.03
-1.735,-3.137,8.649
-2.005,0.16,10.178
-0.297,-0.019,10.049
-1.05,-0.292,9.953
-1.787,-0.395,9.896
-1.787,-0.524,9.951
-1.971,-0.495,10.07
-1.065,-0.849,9.869
-1.012,-0.467,10.023
-0.421,-0.821,9.915
-0.543,-1.005,9.824
-0.916,-0.852,9.908
-1.055,-0.663,9.891
-1.182,-0.117,10.008
-1.225,-0.579,10.061
-1.019,-0.476,9.972
-1.115,-0.869,9.989
-1.294,-0.833,9.924
-1.153,-0.658,9.9
-1.125,-0.294,10.025
-1.378,-0.373,10.006
-1.51,-0.945,10.058
-1.491,-1.022,9.905
-1.062,-0.737,9.903
-0.725,-0.656,9.91
-0.725,-0.165,9.996
-1.187,-0.34,10.03
-1.256,-0.737,9.944
-0.998,-0.749,9.898
-1.309,-0.835,10.03
-1.251,-1.002,9.994
-1.203,-0.531,10.001
-1.443,-0.579,10.037
-1.153,-0.756,9.956
-0.935,-1.139,9.884
-1.268,-0.95,9.941
-1.318,-0.919,9.946
-1.261,-0.148,10.049
-1.163,-0.304,10.094
-0.66,-1.06,9.857
-0.77,-1.036,9.86
-1.503,-0.89,10.001
-1.144,-1.074,9.934
-1.153,-0.1,10.006
-1.34,-0.656,9.999
-0.802,-0.672,9.891
-1.096,-0.986,9.934
-1.328,-0.94,10.013
-1.541,-0.833,9.989
-0.785,-0.524,9.965
-0.423,0.007,10.003
-1.11,-0.782,9.967
-1.603,-1.002,9.941
-1.416,-0.957,9.972
-1.0,-1.12,9.991
-0.297,-0.959,9.731
-1.213,-0.51,9.996
-2.089,-0.261,10.125
-1.318,-0.175,10.073
-0.316,-0.892,9.891
-0.512,-1.306,9.759
-1.268,-1.105,9.951
-1.95,-0.809,10.092
-0.335,-0.62,10.125
-0.813,0.495,10.212
-1.002,-0.067,9.829
-1.431,-2.218,9.176
-2.756,0.727,10.161
-1.333,0.175,10.549
-1.876,4.804,10.939
-1.885,2.797,10.963
-1.192,-2.292,9.51
-1.67,-1.268,9.905
-1.438,-1.352,9.932
-0.873,-0.196,9.91
-0.864,-0.72,10.011
-0.768,-0.912,9.843
-1.383,-0.83,9.877
-1.66,-1.113,9.953
-1.203,-0.706,9.848
-0.849,-0.84,9.874
-1.192,-0.778,9.975
-1.0,-0.486,9.967
-1.665,-0.785,9.989
-1.73,-0.505,9.975
-0.821,-0.931,9.932
-0.95,-1.01,9.924
-0.828,-0.847,9.865
-1.751,-0.737,9.977
-2.271,-0.191,10.085
-1.117,-0.605,10.082
-0.153,-1.115,9.778
-1.077,-1.211,9.831
-1.692,-0.514,9.965
-1.835,0.703,9.982
-2.091,0.431,10.563
-0.323,0.081,9.707
-0.603,-0.299,10.075
-1.993,-2.897,10.307
-1.725,-4.771,11.24
-1.395,-2.735,9.453
-1.445,-2.359,9.972
-1.385,-2.44,9.69
-0.476,-2.182,9.721
-1.275,0.809,10.03
-0.5,-0.615,9.915
-1.421,-0.557,10.008
-2.273,-0.902,9.97
-1.727,-1.323,9.922
-1.046,-1.452,9.869
-0.991,-1.249,9.843
-0.703,-0.878,9.843
-1.538,-0.756,10.042
-1.72,-0.392,10.066
-0.991,-0.816,9.934
-0.921,-0.816,9.874
-1.773,-0.708,10.003
-1.744,-0.636,9.908
-0.694,-0.847,10.503
-1.239,-0.658,10.276
-0.79,-2.883,8.673
-0.512,-1.211,10.226
-3.766,0.019,12.367
-1.809,-2.955,9.793
-1.366,-2.077,9.812
-0.684,-1.22,9.64
-0.189,-1.893,9.616
-1.208,-0.73,10.042
-2.495,-0.522,10.166
-1.299,-0.213,9.965
-0.78,-0.878,10.011
-1.861,-0.859,9.97
-1.203,-1.275,9.817
-0.512,-1.385,9.819
-0.636,-1.144,9.869
-1.041,-1.682,9.774
-1.44,-1.811,9.941
-1.687,-1.952,9.843
-1.404,-1.948,9.836
-1.503,-1.134,9.884
-0.885,-0.565,9.977
-0.833,-0.593,9.987
-1.637,-0.596,9.987
-1.357,-1.048,9.929
-1.431,-1.428,9.939
-1.187,-1.225,9.869
-0.959,-0.938,9.9
-1.44,-0.677,9.987
-1.895,-0.201,10.044
-0.986,-0.773,10.051
-0.993,-1.438,9.85
-1.266,-1.134,9.805
-1.692,-1.364,9.977
-1.9,-0.782,10.066
-1.101,-0.242,10.104
-2.716,-0.246,9.022
0.804,-2.299,12.523
-0.981,-0.266,10.264
-1.488,-1.077,9.374
-2.785,-1.845,9.635
-2.297,-0.172,10.178
-0.208,-0.845,9.817
-0.38,-0.593,9.965
-1.452,-0.629,10.111
-1.321,-0.622,9.908
-1.201,-0.5,9.994
-1.455,0.215,10.044
-1.297,-0.651,10.034
-1.038,-1.129,9.932
-1.443,-1.732,9.788
-1.292,-1.998,9.752
-1.548,-1.33,9.917
-1.354,-0.505,9.953
-0.857,-0.5,9.869
-0.924,-0.325,9.979
-0.849,-0.347,9.896
-1.16,-0.17,9.982
-1.105,0.017,10.039
-1.177,-0.294,10.2
-1.464,-1.084,10.106
-1.27,-1.644,9.903
-1.644,-1.704,9.958
-1.426,-1.309,9.932
-1.189,-1.251,9.824
-1.141,-0.857,9.915
-1.11,-0.773,9.979
-1.357,-0.701,10.008
-1.766,-0.601,10.015
-1.093,-0.715,9.953
-1.132,-0.888,9.994
-1.457,-0.811,9.941
-0.873,-1.093,9.857
-1.18,-1.677,9.877
-1.014,0.225,6.929
-0.557,-1.201,11.003
-0.964,0.098,9.881
-1.349,-2.649,10.429
-3.976,1.342,10.137
-0.979,-3.35,9.594
-0.837,-2.278,9.81
-0.653,-0.536,9.613
-0.254,-2.0,9.709
-1.696,-1.282,10.058
-2.06,-0.866,9.979
-0.871,-1.199,9.814
-0.809,-1.275,9.915
-1.536,-0.778,9.934
-1.392,-0.593,9.989
-1.244,-0.677,10.03
-0.971,-0.818,9.936
-0.818,-0.88,9.843
-1.139,-1.182,9.951
-1.488,-1.014,10.006
-1.553,-0.926,9.999
-1.675,-0.847,10.061
-1.488,-0.55,9.991
-0.505,-0.603,9.922
-0.706,-1.349,9.891
-0.55,-1.201,9.8
-1.555,-1.333,9.932
-1.857,-0.902,9.948
-0.926,-0.912,9.939
-0.768,-0.897,9.893
-1.182,-0.919,9.932
-1.677,-1.026,10.001
-1.821,-1.223,10.042
-1.402,-1.091,9.869
-1.139,-0.428,9.917
0.9,-2.682,12.958
-0.933,-1.192,9.91
-2.144,-1.555,9.501
-3.931,-2.105,10.231
-1.242,-0.323,10.046
0.215,-1.113,9.731
-0.586,-0.758,9.898
-1.249,-0.663,9.991
-1.66,-0.44,9.996
-1.904,-0.61,10.14
-1.086,-1.0,9.972
-0.608,-1.266,9.836
-0.498,-1.187,9.767
-0.976,-1.177,9.924
-1.129,-0.979,9.96
-1.436,-0.718,9.946
-1.361,-1.036,10.034
-1.263,-1.237,9.951
-0.926,-1.103,9.912
-0.976,-1.086,9.898
-0.938,-0.811,9.944
-1.273,-0.835,9.979
-1.199,-0.945,9.96
-1.302,-0.993,9.96
-1.177,-0.933,9.97
-0.792,-0.926,9.948
-1.11,-1.053,9.958
-1.285,-0.995,9.994
-1.366,-0.869,9.944
-1.048,-0.758,9.965
-0.895,-0.845,9.948
-0.95,-0.928,9.884
-1.034,-1.074,9.884
-1.495,-0.914,10.037
-1.428,-1.089,9.994
-1.352,-0.778,10.054
-1.091,-0.84,9.879
-0.861,-0.921,9.915
-0.737,-1.048,9.869
-1.27,-1.038,10.011
-1.483,-1.026,9.994
-1.328,-0.864,9.948
-1.01,-0.613,9.972
-1.086,-0.565,9.889
-1.395,-0.969,9.984
-1.531,-1.237,9.956
-0.998,-1.266,9.822
-1.637,-0.919,9.908
-1.39,-0.483,9.989
-0.598,-0.522,9.97
-1.881,-0.677,10.066
-1.412,-0.842,9.97
-0.514,-0.873,9.752
0.294,-3.321,15.793
0.136,-1.213,9.865
-0.309,-0.835,9.762
-1.428,-1.436,9.345
-3.481,-0.005,9.984
-2.027,0.407,9.999
-0.988,-0.084,10.212
-0.246,-0.694,9.58
-0.412,-2.038,9.781
-2.359,-1.974,10.625
-0.175,-3.33,11.123
-0.335,-1.814,9.709
-1.139,-2.261,9.104
-2.993,-0.629,9.917
-1.723,0.538,9.965
-1.598,0.49,10.319
-1.034,0.409,10.106
-0.371,-0.718,9.836
-2.33,-1.168,9.953
0.179,-2.208,12.81
0.574,-2.318,9.994
-1.761,-1.919,9.633
-4.704,-1.084,9.769
-1.656,-0.211,10.008
-0.517,-0.512,10.154
0.117,-1.436,9.81
-1.933,-0.9,9.35
-0.263,-2.749,11.181
0.297,-2.357,10.491
0.112,-1.263,9.501
-3.622,-2.684,9.723
-3.51,0.156,10.078
-0.866,0.165,10.434
-0.433,-1.208,9.862
-2.304,-0.639,9.999
-0.103,-2.919,12.042
0.5,-2.177,10.458
-0.679,-1.5,9.14
-4.132,-1.196,9.97
-2.462,0.141,10.281
-0.548,0.199,10.078
0.146,-0.869,9.857
-2.921,-0.567,10.063
0.971,-3.651,13.286
1.826,-2.306,10.235
0.617,-1.361,9.209
-3.429,-0.213,9.659
-3.503,-1.852,9.96
-1.608,-0.486,10.19
-0.12,-0.986,9.884
-1.957,-1.141,9.439
1.077,-3.082,15.513
0.835,-3.307,10.862
-1.333,-1.455,9.743
-2.539,-0.055,8.778
-2.271,-0.833,9.369
-1.912,0.912,10.185
-1.156,0.467,10.214
0.691,0.074,9.8
-2.634,-0.84,10.113
-0.507,-4.051,10.905
0.615,-2.873,11.056
-0.426,-2.428,9.295
-7.336,-1.945,9.288
-3.252,1.022,10.087
-0.861,1.287,10.628
0.191,0.89,10.015
-0.246,-0.761,9.862
-2.438,-0.873,10.061
0.045,-4.244,13.028
0.816,-3.385,11.082
1.294,-2.847,9.087
-4.417,-2.878,8.879
-4.354,0.354,10.056
-1.392,1.086,10.389
0.148,0.103,10.231
-1.641,-0.304,9.764
0.536,-2.208,18.593
1.5,-3.792,10.479
1.44,-1.79,9.563
-6.438,-3.476,9.499
-3.787,0.115,9.97
-2.0,1.275,10.331
-0.613,0.565,10.104
-0.179,-0.467,9.936
-2.086,-0.682,9.92
0.091,-2.629,16.32
2.177,-2.419,10.434
-1.201,-1.715,8.754
-4.192,-0.66,9.991
-2.9,-0.28,10.216
-1.096,0.502,10.293
0.959,0.397,9.747
-1.048,-1.34,9.879
-7.821,0.694,2.029
1.019,-3.323,10.037
-0.825,-2.663,9.633
-1.323,-2.024,9.075
-2.94,-0.648,10.078
-1.84,0.701,9.932
-1.986,0.835,10.396
0.543,0.938,10.075
-1.187,-0.687,9.953
-2.579,-0.443,6.635
0.376,-3.522,10.764
1.763,-2.979,10.334
-2.649,-2.474,8.608
-4.441,0.328,9.994
-3.053,0.624,10.441
-0.194,-0.093,10.166
0.096,-0.794,9.759
-0.301,-1.158,9.683
-0.301,-1.266,9.767
-0.916,-1.373,9.867
-1.723,-1.225,9.929
-1.916,-1.168,10.07
-1.73,-0.758,9.97
-1.361,-0.601,10.054
-0.708,-0.921,9.915
-0.947,-0.794,9.9
-1.242,-0.711,9.946
-1.522,-0.493,10.013
-1.67,-0.522,10.09
-1.058,-0.629,9.975
-0.9,-0.945,9.991
-1.134,-1.029,9.881
-1.275,-0.914,9.944
-1.117,-0.909,9.941
-1.225,-0.732,9.991
-1.426,-0.701,9.972
-0.991,-0.95,9.953
-0.845,-1.263,9.865
-1.134,-1.065,9.881
-1.266,-0.904,9.936
-1.108,-0.651,9.979
-0.916,-0.536,9.886
-0.95,-0.44,9.896
-1.928,-0.656,10.092
-1.756,-0.467,10.066
-0.665,-0.797,9.922
-0.883,-0.531,9.798
-1.794,-0.356,10.03
0.426,-1.907,14.088
0.735,-2.28,10.384
-0.373,-0.663,9.398
