2.168,3.175,9.137
2.094,3.031,8.977
2.227,2.943,8.92
2.206,3.395,9.03
2.192,3.017,9.032
2.165,3.094,9.032
2.146,3.0,9.008
2.105,3.283,9.032
2.024,3.242,9.188
2.192,3.165,9.188
2.206,3.029,9.209
2.182,3.177,9.144
2.194,3.323,9.03
2.168,3.28,9.075
2.129,3.07,8.934
2.129,3.29,9.152
2.18,3.242,9.037
2.086,3.357,9.032
2.287,3.096,8.97
2.213,3.259,9.018
2.18,3.33,8.922
2.247,3.445,8.955
2.23,2.96,8.867
2.168,3.031,9.001
2.084,2.962,9.065
1.9,3.266,9.283
2.089,3.333,9.178
2.567,3.484,9.329
2.055,3.352,9.168
2.204,3.271,9.032
2.235,3.582,9.003
2.529,3.575,8.977
2.003,3.118,9.027
1.969,3.208,9.116
2.263,3.4,9.03
2.366,3.35,9.042
2.232,3.271,8.996
2.149,3.194,8.958
2.091,2.988,8.819
2.005,3.594,8.984
2.376,3.665,9.216
2.491,3.503,9.159
1.861,3.067,9.056
1.931,3.302,8.92
2.117,3.613,9.058
2.594,3.902,9.118
2.376,3.232,8.948
2.132,2.802,8.893
2.015,3.677,9.252
2.132,3.61,9.166
2.204,3.18,9.154
2.507,2.818,8.896
1.914,3.194,9.137
2.094,2.89,8.924
2.182,3.065,8.979
2.302,3.73,9.259
2.172,3.297,9.14
2.417,3.182,9.142
2.354,3.194,9.137
2.847,3.28,8.96
1.723,3.419,9.077
1.507,3.074,9.051
2.034,3.539,9.135
2.627,3.062,8.924
2.524,3.11,9.152
2.192,2.991,8.946
2.172,2.972,9.211
2.278,3.043,9.336
2.01,2.969,9.341
2.058,3.295,9.362
2.091,2.94,9.195
2.062,3.118,9.226
2.134,3.259,9.161
2.359,3.232,9.137
2.259,3.326,9.025
2.201,3.173,8.941
2.378,3.307,8.929
2.383,3.223,8.879
2.182,3.11,8.924
4.058,4.711,9.243
2.29,3.134,9.286
2.098,2.83,9.25
2.345,3.079,9.118
2.689,3.338,9.19
2.237,3.28,9.331
2.048,3.646,9.286
2.464,3.335,9.065
2.216,3.189,9.039
2.826,2.895,8.979
2.371,2.885,9.013
2.189,3.196,9.025
1.806,3.125,9.077
1.871,3.015,9.178
2.237,2.979,9.233
2.426,3.01,9.209
2.105,3.084,9.104
2.101,3.18,9.006
2.007,3.235,8.989
2.5,3.314,9.092
2.395,3.307,9.109
2.287,3.177,9.235
2.046,3.185,9.14
1.969,2.955,9.089
2.268,3.007,9.049
2.292,3.278,9.317
1.993,3.232,9.08
2.074,3.441,9.161
2.448,2.883,9.221
1.983,2.993,9.204
2.247,3.058,9.006
2.299,3.371,8.994
1.983,3.098,8.812
2.239,3.577,8.876
1.859,3.024,9.063
2.541,3.417,9.216
2.031,3.658,9.08
2.11,3.728,8.936
1.988,3.448,9.113
2.046,3.646,9.073
2.239,3.352,9.094
2.134,3.405,9.073
2.242,3.421,9.034
2.498,3.405,9.006
2.079,3.328,9.097
2.141,3.445,8.965
2.137,3.326,8.9
2.105,3.412,8.92
2.275,3.295,8.905
2.292,3.383,8.862
2.668,3.311,8.994
1.811,3.802,9.061
2.326,3.618,9.049
2.491,3.333,8.943
2.665,3.699,9.13
2.058,3.649,9.405
2.227,3.223,9.001
2.134,3.362,8.908
2.022,3.596,8.929
2.338,3.393,8.85
2.443,3.218,8.853
2.294,3.141,8.812
2.28,3.283,8.998
2.103,3.476,9.054
2.11,3.531,8.931
2.211,3.505,8.996
2.263,3.498,9.099
2.268,3.338,9.14
2.249,3.244,9.14
2.309,3.34,9.051
2.223,3.319,8.982
2.079,3.438,9.135
2.263,3.177,9.125
2.249,3.268,9.106
2.01,3.405,9.19
2.184,3.256,9.116
2.321,3.393,9.132
2.227,3.299,9.164
2.261,3.333,9.168
2.397,3.086,9.02
2.29,3.132,9.027
2.283,3.151,9.082
2.16,3.278,9.08
2.364,3.182,9.068
2.338,3.07,9.089
2.273,3.275,9.068
2.369,3.263,9.132
2.393,3.034,9.07
2.113,3.053,9.125
2.18,3.24,9.106
2.321,3.122,9.058
2.309,3.192,8.96
2.182,3.252,8.97
2.438,2.95,8.931
2.297,3.067,9.128
2.204,3.139,9.123
2.223,3.165,9.106
2.196,3.455,9.101
2.187,3.263,8.982
2.17,4.266,9.08
2.579,3.378,9.223
2.199,3.35,9.173
2.543,2.955,8.783
2.28,3.266,9.058
2.407,3.266,9.008
2.28,3.321,9.025
2.227,3.163,9.128
2.206,3.091,9.25
2.357,2.881,9.13
2.242,2.967,8.97
2.287,3.065,9.061
2.28,3.11,9.051
2.239,3.235,9.164
2.283,3.086,9.027
2.371,3.175,8.951
2.23,3.153,9.03
2.187,3.206,9.077
1.986,3.218,9.077
2.316,3.376,9.195
2.35,3.484,9.042
2.397,3.333,9.054
2.003,3.072,9.271
2.194,3.385,9.042
1.955,2.95,9.018
2.268,3.297,9.185
2.431,2.921,8.984
2.292,3.175,9.094
2.086,3.493,9.073
2.33,3.283,8.989
2.153,3.115,9.025
2.345,3.125,9.077
2.216,3.168,9.022
2.371,3.268,8.991
2.139,3.488,9.116
2.359,2.981,8.903
2.383,3.244,9.022
2.072,3.338,9.02
2.141,3.28,9.042
1.904,3.302,9.214
2.247,3.275,9.144
2.168,3.232,9.042
2.541,3.177,9.022
1.641,2.467,9.587
1.928,3.417,8.977
2.225,3.326,8.943
2.199,3.34,8.946
2.182,3.519,9.183
2.256,3.345,9.015
2.194,3.275,9.015
1.998,3.493,9.044
2.68,3.469,9.862
1.517,3.469,9.721
2.45,2.897,9.415
2.548,2.694,9.027
1.816,3.874,9.333
1.981,3.754,9.128
2.199,3.141,9.008
2.16,3.464,9.037
2.058,3.381,9.152
2.091,3.342,9.073
2.048,3.402,9.118
2.18,3.228,9.025
2.098,3.235,8.908
2.218,3.266,9.058
2.216,3.177,8.955
2.204,3.278,9.068
2.141,3.407,9.097
2.12,3.24,9.109
2.038,3.292,9.049
2.18,3.218,9.118
2.165,3.342,9.08
2.175,3.252,9.092
2.29,3.067,9.082
2.134,3.381,9.042
2.058,3.297,9.08
1.857,3.304,9.061
2.194,3.182,8.987
2.141,3.256,9.042
2.464,3.149,8.946
2.11,3.543,8.972
1.907,3.63,8.972
2.062,3.137,8.841
2.168,3.211,9.094
2.127,3.304,9.099
1.799,3.474,9.269
1.96,3.826,9.156
1.876,3.646,9.01
2.249,2.665,8.812
2.122,2.905,8.874
2.129,3.622,9.228
1.436,3.795,9.204
1.828,3.417,9.101
2.094,2.897,8.948
2.28,3.438,9.123
2.457,3.433,9.068
2.232,3.787,9.044
2.452,3.505,8.903
2.617,3.223,9.049
2.718,3.582,9.235
1.436,3.96,9.197
0.873,3.35,9.173
1.395,3.342,9.563
3.029,2.278,8.63
1.909,3.498,9.039
2.172,3.192,8.955
2.098,3.441,9.075
2.18,3.235,9.106
2.058,3.388,9.135
2.05,3.33,9.147
2.132,3.335,9.168
2.12,3.28,9.13
2.122,3.316,9.054
2.189,3.218,9.042
2.223,3.182,9.051
2.172,3.194,9.109
2.182,3.206,9.075
2.177,3.273,9.082
2.268,3.24,8.958
2.175,3.223,8.951
2.225,3.347,9.061
2.242,3.474,9.47
2.199,2.885,9.202
2.158,3.201,9.171
2.275,3.295,9.051
2.237,3.347,9.03
2.094,3.139,8.979
2.426,3.192,8.977
2.223,3.218,9.042
2.378,3.414,9.039
2.594,3.565,8.807
1.981,3.589,9.058
2.347,2.897,9.25
2.108,3.376,9.257
2.151,3.249,9.058
2.227,3.079,8.994
2.122,3.307,9.094
2.235,3.263,8.951
2.225,3.28,9.025
2.292,3.065,9.046
2.019,3.134,9.03
2.316,3.263,9.128
2.216,3.429,9.077
2.134,3.531,9.001
2.129,3.273,9.025
2.137,3.039,8.953
2.101,3.613,9.025
2.027,3.596,9.104
1.967,3.481,8.998
2.28,3.326,8.893
2.012,3.433,9.075
2.146,3.39,9.097
2.05,3.524,9.008
2.031,3.665,9.051
2.127,3.541,8.994
2.058,3.369,8.977
2.019,3.476,9.042
2.065,3.649,9.075
2.199,3.706,8.881
1.883,3.591,8.92
2.096,3.543,9.001
1.888,3.522,8.965
2.156,3.642,9.018
2.072,3.775,9.039
1.948,3.948,8.965
2.043,3.548,8.8
2.192,3.615,8.831
2.005,3.618,8.977
2.048,3.67,8.984
2.019,3.699,8.951
2.216,3.665,8.853
1.981,3.699,9.065
1.976,3.646,9.173
2.16,3.665,8.845
1.948,3.548,8.884
2.239,3.598,8.934
2.036,3.828,8.991
1.962,3.78,8.953
2.151,3.615,9.006
2.141,3.618,8.908
2.031,3.754,8.869
2.125,3.665,8.896
2.383,3.39,8.958
2.105,3.701,8.888
2.015,3.694,8.929
2.16,4.206,8.929
2.184,3.909,8.9
1.969,3.443,8.824
2.18,3.553,8.865
1.782,3.275,9.408
2.653,3.127,4.221
1.838,-3.173,6.269
1.433,-0.517,11.604
1.933,2.862,8.573
2.16,3.685,8.841
2.115,3.527,8.984
2.029,3.685,9.068
2.015,3.646,9.046
2.029,3.558,9.094
2.117,3.591,9.006
2.168,3.524,8.936
2.094,3.572,8.838
2.134,3.551,8.951
2.141,3.512,8.982
2.041,3.653,9.003
2.067,3.644,9.07
2.072,3.649,9.001
2.134,3.718,9.032
2.129,3.558,8.994
2.189,3.539,9.065
2.17,3.467,8.958
2.153,3.708,9.116
2.079,3.615,8.927
2.137,3.424,9.278
2.0,3.744,9.231
2.055,3.84,9.089
1.893,4.075,8.817
1.998,4.204,8.582
1.964,4.015,8.733
2.227,4.319,8.809
2.101,3.618,8.829
1.68,4.474,9.087
1.785,4.608,8.728
1.689,4.666,8.632
2.158,4.12,8.817
2.294,3.945,9.508
2.409,3.775,9.25
1.773,4.101,9.197
1.948,4.917,8.64
1.861,5.18,7.996
1.759,4.668,7.345
1.768,4.276,7.608
2.12,3.697,8.185
2.115,3.72,8.85
1.751,3.831,9.288
2.371,4.345,8.376
1.407,-0.187,8.771
0.297,-6.776,13.195
2.079,-1.024,12.307
3.182,3.441,8.527
2.39,2.615,8.745
2.601,2.756,8.522
3.455,2.342,8.654
3.292,1.084,9.154
3.555,0.813,9.628
3.795,0.725,9.625
4.024,0.761,8.946
3.713,1.091,8.707
3.433,1.919,8.443
3.101,2.725,8.951
2.859,3.055,9.489
3.072,2.792,9.566
3.12,2.357,9.424
3.263,2.405,8.833
3.089,2.627,9.266
3.297,2.491,8.979
3.115,2.371,9.075
3.548,2.984,9.278
4.259,1.974,9.362
3.962,2.156,9.121
4.027,3.129,8.329
3.933,3.72,7.675
3.436,3.828,7.618
3.196,4.34,7.917
3.603,4.431,8.216
3.651,4.235,7.953
3.606,3.938,7.515
3.426,4.28,7.278
3.342,4.893,7.403
3.498,4.551,7.795
3.795,4.295,7.872
3.457,2.938,8.242
3.094,-0.861,7.482
0.258,1.409,9.02
2.974,-3.469,9.788
-0.409,-4.211,10.602
1.409,-2.917,10.104
2.113,-0.498,10.771
3.943,0.0,10.257
5.221,2.259,9.577
5.668,3.697,7.209
6.376,4.058,6.094
6.563,2.481,4.539
5.867,1.457,3.931
4.682,-1.402,6.417
5.087,-1.117,6.895
3.917,-4.256,8.018
2.015,-3.137,8.467
3.027,1.371,10.678
3.345,1.345,8.647
1.421,1.11,11.511
1.79,6.728,3.976
0.763,5.594,4.185
-1.144,-10.137,8.783
-0.38,7.649,13.205
-1.402,-11.013,9.305
-0.4,8.398,14.119
-1.175,0.404,8.242
-1.842,-5.268,11.633
-1.974,-4.383,10.09
-2.644,-3.134,9.539
-1.715,-5.29,9.058
-1.605,-7.982,7.872
-1.536,-5.146,9.573
-2.61,-3.807,9.097
-1.617,-4.309,8.037
-1.034,-8.166,7.166
-1.479,-10.427,6.348
-2.151,-10.477,6.065
-3.079,-9.704,5.95
-4.125,-10.393,5.946
-4.503,-10.695,6.292
-4.687,-10.649,5.986
-4.321,-9.173,5.85
-4.462,-8.101,4.685
-3.041,-7.709,3.278
-2.996,-7.037,3.007
-3.675,-5.991,2.055
-4.481,-5.503,0.947
-5.752,-7.336,-0.053
-6.321,-7.697,0.215
-7.324,-6.343,0.943
-8.537,-8.094,1.072
-8.781,-5.658,1.646
-9.525,-3.728,1.816
-8.506,-6.044,0.127
-8.329,-4.713,-1.012
-8.824,-3.06,-1.089
-9.063,-4.127,-1.287
-9.941,-4.596,-1.074
-9.63,-3.926,-0.823
-8.422,-2.852,-0.589
-8.908,-3.536,-1.158
-9.307,-4.472,-1.275
-9.577,-4.594,-0.813
-8.812,-4.209,0.05
-8.166,-3.563,0.148
-7.264,-2.122,-0.313
-8.314,-1.584,-0.438
-8.29,-0.825,-0.806
-8.008,-0.419,-1.058
-7.929,-1.158,-1.421
-8.14,-2.35,-2.649
-8.104,-2.103,-3.575
-6.795,-2.216,-3.548
-7.23,-2.108,-3.268
-7.116,-0.883,-3.278
-7.541,-1.17,-3.452
-6.077,-0.701,-3.307
-9.044,-0.835,-2.737
-7.728,-1.878,-2.058
-7.656,-0.768,-1.412
-7.998,-0.29,-0.88
-8.183,-1.208,0.117
-9.958,-1.168,1.639
-10.932,0.371,1.761
-11.549,-1.01,0.84
-10.592,-0.368,0.038
-11.157,-2.462,-0.337
-10.872,-3.823,0.304
-10.503,-3.328,1.828
-10.886,-2.637,2.548
-10.424,-2.175,2.957
-12.494,-3.752,2.017
-11.932,-3.842,1.828
-13.394,-4.39,2.373
-13.848,-4.608,3.347
-14.119,-6.577,3.4
-16.265,-7.197,3.316
-15.368,-7.498,3.211
-15.308,-8.116,3.22
-15.387,-8.96,2.548
-15.176,-8.556,3.39
-13.678,-9.109,2.658
-12.973,-10.441,2.299
-12.535,-10.496,2.632
-12.109,-10.446,2.814
-10.379,-10.922,2.601
-9.53,-10.073,1.428
-8.417,-9.743,2.17
-7.9,-9.707,3.792
-2.828,-10.664,3.177
-4.158,-10.996,3.354
-2.684,-11.133,2.527
-1.254,-8.75,3.665
-1.414,-6.819,5.012
-0.299,-5.611,6.611
1.165,-1.464,6.867
2.23,0.656,6.852
1.931,3.531,7.802
5.256,54.754,10.726
22.756,-41.865,-13.958
19.251,36.303,1.058
7.896,19.437,14.576
6.898,-1.998,-1.672
-1.05,6.534,3.84
12.956,2.433,8.752
9.556,2.505,7.01
13.604,1.515,10.219
4.048,5.697,8.951
5.56,10.676,7.087
7.697,0.88,8.642
-7.372,-3.838,5.615
-9.52,-1.409,5.57
-6.316,1.036,8.135
-9.262,-2.381,8.668
-1.536,4.472,13.891
-1.089,5.261,13.327
-6.242,-3.058,11.499
-2.07,2.141,11.023
-5.206,-1.328,9.688
-1.098,1.593,11.719
-3.187,-0.036,12.929
-5.898,1.115,10.479
-2.225,0.648,9.575
-3.766,-1.232,10.96
-1.328,-0.014,10.743
-4.453,-1.653,10.133
-2.795,-0.715,10.561
-1.093,-0.325,10.513
-4.352,-0.797,10.479
1.017,-0.775,9.479
-5.888,-0.601,10.355
-2.617,0.493,9.36
-1.495,-0.56,9.073
-3.031,0.246,9.432
-1.493,0.534,8.975
-1.971,0.699,9.477
-1.371,1.211,8.915
-1.261,1.093,8.494
-4.154,-0.538,9.231
-0.94,-0.974,9.312
-3.204,-1.261,9.13
-2.414,0.711,10.154
-1.213,-2.053,10.743
-2.608,-0.522,9.666
-2.783,-0.627,10.283
-1.06,0.144,8.814
-3.082,-1.512,10.535
-1.938,-0.641,10.58
-2.9,-2.35,10.558
-1.017,-0.586,10.915
-3.603,-0.139,11.348
-2.818,-1.727,11.264
-2.687,1.995,9.944
-2.658,-1.598,9.822
-2.01,-0.732,9.25
-1.792,-1.553,8.893
-1.373,0.022,9.731
-2.74,-1.859,9.7
-2.35,-1.151,9.341
-1.945,0.632,9.42
-2.385,-1.314,9.525
-2.314,-1.682,9.843
-2.299,-1.467,9.549
-1.613,-1.139,9.101
-2.85,-1.732,10.037
-2.084,-0.624,9.173
-2.684,-0.022,9.19
-2.029,-1.115,9.714
-2.393,-0.507,9.207
-2.132,-0.869,9.63
-2.972,-0.529,10.322
-1.18,-4.252,9.738
-3.275,-0.297,9.855
-1.481,-0.919,9.51
-2.555,-1.72,9.908
-1.371,-0.691,9.566
-3.041,-1.158,9.429
-1.902,-1.091,9.838
-3.12,-1.213,9.951
-3.132,0.129,10.707
-1.713,-1.983,9.75
-3.12,-1.215,9.814
-1.799,-1.629,9.472
-2.95,-0.837,10.212
-2.335,-2.043,9.726
-2.488,-0.536,9.905
-2.153,-1.584,9.927
-1.861,-1.349,10.061
-2.555,-1.591,9.719
-2.094,-1.357,9.264
-2.527,-2.01,9.733
-1.924,-1.562,9.977
-2.586,-0.679,10.436
-2.44,-1.007,10.197
-2.381,-1.113,10.305
-2.397,-1.971,10.032
-2.285,-1.479,10.19
-2.445,-1.625,10.023
-2.12,-1.79,9.714
-2.364,-1.127,9.953
-2.606,-0.916,10.446
-2.031,-1.524,9.621
-1.297,-2.027,9.855
-2.656,-1.426,9.561
-1.656,-1.364,9.441
-2.333,-1.146,9.814
-2.426,-1.529,10.185
-2.522,-1.249,10.29
-2.043,-1.177,10.491
-2.024,-0.976,10.204
-2.113,-0.534,10.317
-1.89,-1.062,10.568
-1.845,-1.031,10.458
-2.35,0.356,10.893
-1.802,-2.919,10.173
-1.816,-2.108,10.326
-1.876,-1.998,10.563
-2.055,-2.62,10.582
-1.448,-2.304,10.482
-1.443,-1.763,10.585
-1.306,-1.971,10.458
-0.916,-1.354,10.42
-1.275,-2.05,9.793
-1.632,-1.78,9.999
-1.828,-1.833,11.106
-0.857,-1.603,11.248
-0.567,-1.012,11.623
-0.897,-1.122,11.281
-1.692,-1.522,11.092
-1.151,-0.541,11.279
-1.125,-1.292,11.236
-0.378,-1.715,10.819
-0.191,-1.902,10.341
-0.055,-1.637,10.252
-0.029,-1.354,10.618
0.141,-1.9,10.85
0.567,-0.263,10.905
0.318,-1.976,9.86
0.462,-1.596,8.824
-1.543,1.964,8.965
-5.883,10.908,13.08
2.019,-6.828,8.386
2.62,-0.488,6.496
3.027,-0.617,5.024
2.077,-1.146,6.18
1.9,1.065,6.324
-0.368,3.094,6.003
1.787,1.756,6.07
0.794,2.05,7.147
0.091,0.608,8.47
0.12,-0.153,9.81
-0.749,0.672,9.965
2.046,2.687,9.831
5.335,2.213,9.168
5.474,2.787,10.731
2.417,2.211,10.379
1.881,3.708,11.085
2.531,2.393,10.597
-0.598,1.574,10.68
-1.062,3.062,10.226
-0.089,3.354,9.305
-0.495,1.694,8.269
-0.802,3.443,8.537
-0.318,3.218,7.843
-1.002,4.8,8.608
0.309,4.405,7.8
0.225,4.45,7.836
-0.888,5.3,8.833
-0.053,6.644,8.917
-0.536,5.271,7.766
0.44,4.343,6.977
-0.23,2.589,6.833
1.117,2.931,6.194
-0.457,2.799,5.623
-1.486,-0.189,2.515
-2.701,-0.232,1.479
0.117,14.451,2.936
0.1,9.41,0.254
-1.153,8.817,-0.876
-3.551,8.798,-0.565
-5.079,4.974,-0.644
-6.034,9.831,-0.242
-3.914,10.733,-0.462
-4.304,7.3,-2.885
-7.728,1.117,-5.254
-7.604,-0.735,-5.237
-11.982,0.78,-2.756
-14.858,-1.89,0.608
-15.135,4.395,1.23
-14.243,2.175,-1.024
-13.324,-3.247,-5.285
-11.288,-8.233,-4.17
-17.215,-14.43,-1.768
-21.141,-21.103,-5.969
-11.81,-25.237,-3.151
-29.883,-19.971,-3.261
-29.756,-26.218,2.149
-31.075,-25.749,2.653
-22.05,-18.059,1.94
-23.084,-12.164,-1.771
-19.942,7.931,-9.037
-17.506,11.824,-9.561
-26.931,11.647,-7.455
-35.862,-7.161,-9.695
-40.631,2.933,3.33
-27.548,-5.84,1.694
-10.582,-1.971,0.117
-20.16,-10.597,6.685
-13.556,3.357,4.933
-18.679,-6.682,6.257
-25.017,-13.561,10.293
-14.611,-14.363,7.728
-9.049,-10.575,-0.189
-4.402,-9.826,-2.467
-5.285,-6.422,-3.984
0.05,-2.012,-4.331
0.833,-0.373,-5.376
1.826,4.565,-7.285
1.684,1.125,-8.01
2.017,-0.565,-8.891
0.916,0.897,-11.226
-0.292,1.357,-11.635
1.931,-0.223,-12.721
2.091,-0.447,-10.956
4.122,3.129,-10.793
0.464,1.385,-11.195
0.352,0.213,-11.635
1.644,1.069,-11.42
-1.668,1.881,-11.604
-0.278,2.304,-10.319
1.333,3.718,-11.334
0.215,3.036,-10.846
0.024,2.189,-9.987
-0.507,2.311,-9.877
-0.735,1.794,-9.618
-0.309,2.089,-10.238
-0.474,1.395,-10.436
-0.294,1.136,-9.879
0.211,1.751,-10.381
0.201,1.933,-10.29
-0.134,1.433,-10.087
0.746,0.498,-10.343
-0.502,0.191,-10.027
-0.234,-0.534,-10.92
-0.213,-0.091,-10.479
-0.129,0.447,-9.721
-0.347,0.562,-9.085
-1.084,1.601,-8.104
-0.134,1.739,-8.35
-0.373,0.574,-8.36
-0.201,1.213,-8.742
-0.144,0.646,-8.908
-0.292,1.113,-9.01
-1.421,1.16,-8.283
-0.828,0.715,-9.214
-1.773,0.928,-9.168
-0.354,1.622,-9.609
-0.275,1.349,-9.924
-1.108,1.06,-9.97
-0.699,-0.022,-10.123
-0.345,-0.672,-10.494
-0.447,-0.129,-9.86
-1.227,-0.337,-9.398
-1.12,-0.199,-9.281
-0.718,0.644,-9.52
-1.601,0.39,-9.477
-1.426,0.014,-9.525
-1.311,-0.361,-9.819
-1.232,-0.557,-9.838
-1.12,-0.115,-9.922
-1.275,-0.182,-9.747
-2.041,-1.163,-10.075
-2.321,-0.56,-9.826
-1.122,0.27,-9.786
-2.168,-0.828,-10.305
-1.572,-0.026,-10.156
-2.634,0.0,-10.166
-2.637,-0.392,-10.135
-1.838,-0.596,-9.886
-2.022,-0.61,-9.843
-2.34,-0.524,-10.259
-2.443,-0.122,-10.101
-2.969,-0.885,-10.104
-2.902,-0.945,-10.527
-2.632,-0.557,-10.379
-3.414,-0.282,-10.214
-3.082,0.663,-10.353
-3.113,0.031,-10.19
-3.208,-0.268,-10.31
-2.486,1.053,-9.298
-2.809,1.017,-9.247
-3.584,1.278,-9.281
-3.232,0.811,-9.259
-3.11,1.235,-9.36
-2.694,1.012,-8.781
-2.742,0.981,-8.781
-2.735,1.426,-8.585
-2.917,2.239,-7.891
-3.381,2.548,-7.84
-3.613,2.943,-8.326
-4.12,3.496,-8.884
-3.63,2.969,-9.132
-4.441,3.601,-8.436
-5.125,1.45,-8.678
-4.311,1.428,-8.41
-4.192,1.96,-8.927
-5.338,2.395,-9.29
-5.417,2.558,-10.07
-5.864,0.809,-10.678
-5.68,1.184,-10.197
-5.063,3.775,-9.853
-5.869,4.759,-8.254
-5.579,5.187,-7.178
-5.532,3.125,-6.221
-6.391,3.936,-6.228
-6.525,2.493,-5.828
-7.156,2.543,-5.682
-7.082,1.302,-5.852
-6.953,0.557,-6.824
-7.379,1.247,-6.529
-8.051,3.194,-6.264
-8.195,2.919,-5.254
-7.281,1.861,-4.584
-7.584,0.356,-4.721
-8.408,-0.773,-4.599
-7.398,-1.151,-5.304
-7.503,-1.503,-5.972
-7.683,-2.153,-6.639
-8.489,-1.876,-5.773
-7.517,-2.811,-7.072
-7.546,-3.019,-6.443
-6.419,-2.854,-6.084
-6.905,-8.092,-5.68
-6.804,-6.905,-5.867
-6.632,-6.498,-6.472
-1.912,-8.841,6.156
-2.826,-9.58,6.721
-2.632,-9.054,6.73
-1.948,-9.231,7.802
-1.39,-9.269,7.317
-1.739,-8.628,6.795
-1.342,-9.116,6.173
-1.653,-9.465,6.484
-1.196,-9.92,7.015
-1.251,-9.805,6.348
-1.304,-9.566,6.135
-0.991,-9.231,5.831
-0.201,-9.348,6.178
-0.524,-8.953,6.668
-1.12,-8.341,7.513
-0.871,-7.202,7.613
-0.689,-7.529,7.424
-0.646,-7.508,6.998
-0.354,-7.584,6.379
-0.823,-8.254,7.238
-0.514,-8.168,7.185
-0.12,-7.833,7.474
-0.124,-7.522,7.395
-0.373,-7.462,7.154
-0.005,-7.099,7.288
0.177,-7.3,6.769
0.672,-7.752,6.702
0.268,-7.096,7.436
0.065,-7.127,7.522
0.278,-6.931,7.491
0.682,-6.496,7.458
0.557,-6.046,7.879
0.677,-5.969,7.9
0.593,-5.539,8.4
0.955,-5.254,8.204
1.017,-5.508,7.678
1.177,-5.304,7.726
0.904,-4.979,8.094
1.05,-4.197,8.132
0.909,-3.658,8.604
0.713,-3.644,8.924
0.73,-2.766,9.164
1.615,-2.555,9.132
1.452,-1.919,9.537
1.847,-1.125,9.3
1.244,-1.046,9.697
1.141,0.156,9.7
1.364,1.038,9.618
0.249,1.314,10.381
0.981,2.335,9.879
0.682,2.56,9.405
0.263,1.11,9.176
1.206,0.438,7.647
0.603,4.163,7.372
-0.144,2.172,5.393
-0.27,8.063,7.23
-3.058,9.341,7.01
-2.869,10.767,4.445
-3.455,11.504,0.732
-6.572,11.786,2.309
-7.628,10.896,3.73
-7.355,9.802,1.402
-6.979,10.611,2.019
-7.156,10.154,3.242
-8.723,6.517,2.18
-9.659,2.407,1.828
-8.778,1.94,1.601
-10.078,-0.51,-1.27
-7.211,-4.51,-4.23
-10.963,-11.243,-5.84
-14.188,-15.456,-7.515
-13.071,-18.791,-5.489
-14.647,-28.941,-0.11
-15.406,-22.689,9.056
-15.179,-21.5,12.853
-17.49,-26.354,8.613
-14.628,-26.237,4.658
-13.291,-25.426,2.615
-17.329,-26.115,9.341
-10.448,-23.878,17.059
-5.402,-23.849,18.126
0.136,-15.449,16.913
-2.448,-9.29,12.796
-5.07,-7.19,11.891
-4.931,-7.376,8.92
-0.361,-4.833,4.457
1.285,-11.685,0.096
0.591,-12.307,1.486
2.371,-3.046,10.594
-5.039,-3.397,17.705
-2.811,-3.354,10.831
-3.053,-14.432,4.989
-1.668,-5.522,4.371
1.873,-9.585,-2.713
-6.319,-4.929,-6.013
3.491,-6.381,-7.4
1.012,-3.041,-4.828
1.778,-5.314,-5.113
-0.266,-4.981,-3.907
2.259,-4.517,-4.718
-2.113,-6.682,-5.668
-3.677,-6.867,-5.862
-5.816,-9.889,-4.41
-4.005,-8.788,-4.718
-4.177,-12.023,-5.266
-7.654,-13.91,-3.766
-6.572,-12.817,-2.68
-3.046,-13.602,-1.912
-0.935,-12.006,1.05
0.012,-10.267,4.0
1.038,-8.144,4.433
1.78,-7.661,3.553
3.024,-8.283,2.763
1.797,-9.568,2.629
-1.05,-9.451,5.053
-2.933,-8.281,7.058
-3.237,-8.857,6.85
-1.27,-8.955,6.458
-2.684,-9.384,6.436
-3.168,-9.759,6.749
-1.196,-10.307,5.821
-0.086,-9.972,5.156
-1.409,-9.355,5.513
-0.651,-8.687,6.142
-0.711,-8.793,6.295
-0.624,-9.611,6.278
-0.392,-9.685,5.967
0.122,-9.501,6.304
-0.261,-9.231,6.563
0.517,-9.386,6.18
0.144,-9.214,6.525
-0.055,-9.518,5.857
-0.232,-8.836,6.498
-0.603,-8.647,6.556
0.292,-8.963,6.352
0.017,-8.455,6.814
-0.1,-8.415,6.56
-0.148,-8.424,6.9
0.038,-8.293,6.881
-0.022,-8.087,6.804
0.438,-7.661,6.63
0.191,-7.197,7.108
0.452,-7.046,6.953
0.323,-7.331,6.977
0.313,-7.671,6.991
0.84,-6.955,7.233
0.565,-6.309,7.58
0.536,-6.039,7.678
0.718,-5.759,7.785
0.335,-5.893,7.721
0.955,-5.929,7.599
0.311,-4.96,8.022
0.742,-4.28,8.123
1.031,-3.658,8.197
0.947,-3.795,8.029
1.005,-2.842,8.522
1.096,-1.555,9.003
0.802,-1.605,9.441
1.108,-0.211,9.551
1.141,0.598,9.293
0.876,2.4,9.649
0.44,3.436,9.987
0.711,3.036,10.29
-0.065,4.197,9.872
0.019,4.599,9.537
0.057,4.668,9.02
-1.211,3.156,7.963
-1.627,2.591,5.845
-1.168,3.713,6.453
-2.515,11.245,9.42
-2.464,8.798,5.008
-2.811,12.025,3.701
-4.814,12.379,2.632
-5.546,10.525,2.859
-6.96,12.633,1.424
-7.149,10.85,-0.258
-7.738,8.731,0.206
-9.192,3.689,0.792
-11.015,1.811,3.345
-10.764,4.917,1.919
-9.577,-0.481,0.555
-13.142,-5.905,-3.845
-10.867,-8.12,-3.783
-14.186,-13.511,-4.412
-17.133,-20.473,0.957
-13.006,-22.72,3.232
-16.652,-27.512,9.747
-16.593,-27.266,14.494
-18.564,-22.866,8.802
-21.95,-20.801,6.362
-16.538,-18.32,7.163
-17.138,-15.796,12.784
-9.24,-16.435,12.494
-12.901,-25.668,16.243
-9.85,-22.823,17.755
-1.914,-8.721,16.538
-0.026,-6.01,11.748
-1.407,-2.196,7.683
1.407,-7.319,2.859
5.161,-7.998,5.144
-1.258,-2.694,8.575
-3.108,1.053,16.526
-6.084,-2.05,12.41
-2.986,-3.314,6.632
-2.649,-11.338,3.314
-6.986,-8.563,5.041
-2.962,-7.427,0.179
0.763,-5.393,-3.716
2.208,-1.677,-4.957
-1.512,-5.912,-5.556
2.574,-3.357,-5.266
3.086,-5.503,-5.383
1.816,-7.539,-3.835
-1.067,-9.601,-3.005
-1.314,-7.484,-1.723
-2.251,-9.719,-3.883
-2.192,-9.211,-4.419
-3.649,-9.202,-5.264
-5.051,-10.192,-5.125
-4.941,-12.831,-5.175
-6.235,-14.501,-2.488
-5.469,-12.64,-2.35
-3.45,-11.819,-1.412
-1.751,-10.81,1.196
-0.074,-9.637,3.17
1.05,-8.731,3.886
2.632,-7.963,3.857
3.189,-8.398,3.697
2.507,-8.652,4.264
0.902,-8.862,5.338
-0.191,-9.314,6.46
-0.479,-10.011,7.596
-2.192,-9.996,8.321
-2.333,-9.948,7.687
-3.531,-10.312,6.895
-3.622,-10.19,6.79
-1.44,-10.03,6.309
-0.586,-9.173,5.532
-1.814,-9.015,6.139
-1.503,-7.831,5.197
-0.766,-8.606,5.034
-1.223,-8.235,5.508
-0.615,-8.262,5.795
-1.165,-8.632,7.022
-0.043,-7.941,6.977
-0.105,-8.077,7.336
0.06,-8.659,6.941
-0.182,-8.403,6.714
-0.601,-8.661,7.099
-0.861,-7.943,7.644
-0.301,-7.599,7.699
-0.275,-8.123,7.539
-0.651,-8.281,7.228
-0.5,-8.312,7.446
-0.849,-8.374,7.259
-0.613,-7.984,7.025
-0.194,-7.558,6.898
-0.242,-7.879,6.998
0.55,-7.565,6.895
-0.041,-7.328,7.192
0.38,-7.161,7.379
0.249,-7.606,7.417
0.017,-6.95,7.422
0.237,-7.161,7.362
0.534,-6.654,7.534
0.29,-6.386,7.429
0.311,-6.223,7.773
0.368,-6.336,7.596
0.435,-6.039,7.474
0.316,-6.18,7.881
0.823,-5.819,7.967
0.9,-5.355,8.108
0.603,-5.381,8.046
0.78,-5.017,8.087
1.007,-4.302,8.309
0.682,-3.228,8.905
0.301,-2.921,9.424
0.486,-2.448,10.101
0.66,-1.964,10.058
1.165,-1.584,10.197
0.919,-1.239,10.006
1.058,-0.756,9.97
0.842,-0.49,9.302
0.902,0.172,9.152
0.746,1.333,9.494
0.682,3.18,9.123
0.72,3.558,8.508
1.05,2.414,8.417
0.39,3.051,8.742
-1.182,3.931,8.269
-1.026,4.948,7.592
-1.823,4.694,5.481
-2.263,9.125,6.051
-4.405,8.197,3.077
-2.74,10.889,-1.304
-4.393,16.128,-1.72
-7.12,14.102,-1.034
-6.843,14.406,1.553
-8.929,6.666,3.232
-8.518,9.676,5.419
-7.929,5.493,3.476
-8.082,2.244,-0.653
-9.24,-2.326,-1.739
-12.128,-5.106,-0.431
-9.843,-3.216,0.909
-11.255,-10.798,1.407
-14.217,-17.595,-1.134
-11.776,-21.844,-0.945
-12.647,-24.667,8.051
-16.581,-22.301,8.326
-20.741,-27.558,7.192
-18.05,-21.796,8.281
-16.899,-22.203,8.886
-16.43,-25.981,12.128
-10.903,-19.023,16.604
-7.202,-15.09,13.341
9.032,-15.801,9.494
-8.738,-13.968,14.028
3.682,-11.649,12.152
-2.574,-5.558,11.183
3.132,-10.546,7.685
-0.301,-12.719,5.41
0.163,-9.649,7.144
3.208,2.06,9.79
-3.194,-1.608,10.223
-1.029,-4.015,9.537
-2.443,-4.651,9.142
-7.386,-11.846,5.347
-5.893,-7.697,5.733
-2.177,-11.204,-2.333
0.038,-5.953,-3.981
1.488,-1.904,-6.182
1.665,-5.859,-3.043
1.849,-5.544,-5.68
2.385,-6.333,-4.766
-0.407,-6.316,-4.426
-1.412,-7.089,-3.56
-3.991,-9.128,-4.264
-4.024,-8.046,-5.465
-5.319,-8.979,-3.553
-4.359,-11.994,-3.067
-7.096,-13.413,-4.955
-4.912,-12.54,-3.974
-3.402,-12.324,-1.55
-3.067,-13.107,-0.096
-2.617,-11.846,1.589
-1.139,-10.109,3.481
0.426,-8.888,4.39
1.299,-8.07,4.326
2.51,-8.484,4.68
1.306,-8.778,3.838
-0.727,-9.111,3.764
-1.794,-8.587,5.036
-2.641,-8.723,6.726
-2.586,-8.931,6.493
-2.254,-9.893,5.79
-3.11,-9.889,5.079
-3.802,-9.271,5.639
-2.34,-9.388,5.965
-0.79,-9.178,5.477
-1.656,-8.707,5.508
-1.459,-8.415,5.371
-1.558,-8.659,5.642
-1.493,-9.214,6.436
-1.464,-8.893,6.592
-1.01,-9.29,5.778
-0.799,-8.826,6.266
-0.797,-8.446,6.596
-0.507,-9.637,6.161
-0.947,-9.307,6.292
-0.907,-9.068,6.415
-1.153,-8.314,7.015
-0.957,-8.163,7.084
-1.048,-7.872,6.8
-1.089,-8.403,6.745
-0.907,-8.69,6.163
-0.926,-8.266,6.458
-0.715,-7.79,6.769
-0.285,-8.096,6.864
-0.684,-7.979,6.946
-0.223,-8.405,7.111
-0.428,-7.943,7.089
-0.065,-7.429,7.297
0.067,-7.608,7.077
-0.045,-7.711,7.12
0.156,-7.628,7.127
-0.057,-7.659,7.331
0.017,-6.922,7.276
0.287,-7.403,7.238
0.251,-7.326,7.336
0.218,-7.025,7.393
0.347,-6.68,7.472
0.316,-6.326,7.592
0.306,-6.486,7.649
0.45,-6.828,7.73
0.148,-6.479,8.101
0.479,-6.288,8.23
0.435,-5.584,8.211
0.584,-6.077,7.955
0.457,-5.972,8.068
0.546,-5.17,8.379
0.845,-5.276,8.36
0.866,-5.34,7.996
0.909,-5.221,8.116
0.785,-5.178,8.412
0.706,-4.424,8.642
0.859,-3.917,8.731
0.605,-3.036,9.231
0.677,-2.673,9.422
0.215,-1.306,9.585
0.646,-0.067,9.278
1.244,1.426,9.601
0.481,1.696,9.489
0.065,2.218,9.027
-0.179,3.108,8.979
-0.72,4.082,8.702
-0.56,3.68,7.955
-0.057,3.022,5.922
-0.416,6.194,7.46
-1.275,9.539,8.142
-3.835,9.221,6.407
-3.718,8.817,1.581
-2.704,11.738,-0.613
-5.857,11.197,-0.797
-7.022,11.236,-0.273
-7.998,11.681,0.177
-7.326,10.714,0.677
-6.754,8.022,0.849
-7.372,3.137,0.292
-9.661,-0.34,0.869
-10.159,-1.424,1.067
-8.412,-2.814,-0.294
-8.532,-5.812,-1.065
-9.877,-12.69,-2.089
-14.243,-15.853,-2.689
-13.552,-17.193,0.794
-14.164,-19.65,5.161
-15.645,-21.308,4.041
-17.896,-27.718,3.72
-19.129,-27.673,6.615
-15.657,-25.495,10.13
-14.351,-26.527,16.66
-11.058,-23.466,22.43
-6.419,-16.88,19.655
1.311,-12.846,15.102
-4.828,-8.994,10.602
-5.333,-3.945,9.453
-0.045,-2.239,4.266
-1.625,-10.058,0.275
1.048,-2.464,0.301
-15.406,-26.108,9.534
-7.391,-21.325,10.508
-9.912,-18.428,11.791
-7.053,-23.189,20.672
-6.675,-17.789,19.196
-2.393,-11.035,16.927
3.969,-8.707,12.494
0.639,-3.232,5.752
-1.574,-11.171,7.726
2.268,-8.02,2.684
2.821,-9.778,3.613
2.598,-5.35,6.481
-0.261,-4.467,8.764
-1.069,-4.967,14.978
-0.646,-7.391,10.7
0.694,-10.477,8.733
0.835,-2.78,5.812
1.16,-9.154,2.271
0.818,-10.058,1.55
-1.747,-5.757,1.17
0.273,-7.747,-1.053
0.962,-10.07,-8.23
-0.711,-8.388,-5.745
0.108,-8.884,-4.51
-4.369,-12.477,-1.687
3.328,-6.936,1.28
-2.622,-6.113,3.216
-3.819,-6.919,5.07
-5.094,-9.118,8.726
-4.752,-7.041,7.06
0.421,-6.044,6.773
-9.283,-3.589,6.223
-10.858,-6.965,-0.402
-10.537,-3.015,-1.206
-6.417,-3.807,-7.472
-12.736,1.031,22.739
-10.252,-4.144,19.272
-6.45,-8.197,16.246
-7.029,-6.225,11.654
-5.563,-2.747,6.436
-6.773,-1.29,-1.01
-6.01,-0.586,-3.807
-6.867,-0.514,-2.187
-7.149,-2.132,2.85
-9.417,-2.003,5.979
-10.255,-4.747,9.695
-8.319,-5.192,11.003
-8.374,-5.46,11.118
-10.767,-12.262,8.637
-8.929,-12.173,8.833
-10.702,-10.743,9.745
-10.542,-11.123,7.817
-9.805,-12.267,9.513
-12.135,-12.205,8.096
-11.042,-12.339,6.838
-14.021,-11.331,5.67
-12.973,-10.154,4.18
-9.269,-6.537,6.391
-13.205,-9.558,4.022
-10.709,-4.23,3.218
-11.544,-5.513,3.062
-9.35,-2.558,3.984
-11.066,-4.0,4.357
-9.544,-3.807,3.536
-6.604,4.864,0.081
-9.034,-6.132,0.876
-6.158,-4.319,0.952
-6.912,-4.594,2.144
-7.781,-5.18,1.113
-6.733,-2.11,2.017
-9.427,-2.55,1.065
-5.374,-1.529,0.754
-5.644,-0.321,-3.249
-5.508,-4.211,-3.017
-4.431,-2.936,-1.704
-4.407,-2.158,-0.945
-5.656,-0.395,1.775
-6.934,-0.479,1.919
-8.29,-1.706,0.285
-8.025,-1.127,-0.002
-8.01,-0.534,0.601
-9.018,-1.481,2.333
-7.022,-2.417,0.227
-11.243,-2.196,0.187
-11.697,-5.563,0.742
-9.027,-5.608,0.333
-8.391,-3.649,1.486
-8.51,-4.486,2.527
-8.865,-4.299,2.649
-10.001,-2.926,2.761
-8.482,-4.307,2.797
-6.958,-3.716,1.818
-7.876,-5.79,2.996
-6.529,-6.955,3.529
-9.166,-9.209,3.141
-10.881,-9.841,2.567
-11.456,-9.965,2.704
-8.994,-10.671,1.845
-11.214,-10.061,0.519
-11.566,-11.257,-0.431
-14.19,-11.515,-0.538
-11.669,-11.573,-3.058
-12.334,-13.803,-2.472
-17.77,-13.743,-2.158
-14.958,-14.53,-3.433
-13.836,-14.64,-3.005
-12.525,-12.927,-4.725
-10.623,-14.621,-4.735
-7.907,-13.961,-4.977
-6.147,-12.525,-4.168
-4.792,-13.989,-3.828
-3.345,-14.044,-5.24
-1.524,-13.363,-4.589
-2.266,-13.836,-4.036
-2.929,-12.628,-3.225
0.479,-12.324,-4.259
0.445,-11.755,-5.132
0.701,-7.635,-2.35
2.036,-4.599,-1.275
7.802,2.357,-1.321
11.544,4.57,-1.692
21.033,10.795,-2.625
20.234,12.618,4.689
8.896,2.759,4.417
15.1,-4.984,4.216
11.181,-0.325,0.624
9.166,1.804,0.687
16.504,-0.132,-11.214
5.017,-9.434,-13.001
-14.693,-18.531,-3.804
-11.571,-10.774,1.048
-4.541,-2.242,3.441
0.569,-11.073,5.338
5.357,-9.211,5.962
1.273,-6.659,6.484
-1.55,-10.46,6.465
-1.852,-7.034,8.903
1.316,-5.52,8.113
0.926,-6.022,7.015
-2.168,-6.991,4.343
-0.313,-9.226,5.319
-3.199,-5.237,7.314
0.816,-4.766,5.828
-1.122,-5.34,7.618
0.388,-5.517,7.63
0.792,-5.776,7.467
-1.077,-4.551,8.821
-1.376,-4.405,8.731
-1.833,-6.223,9.228
-1.66,-3.9,8.817
-1.969,-6.08,7.972
-2.232,-4.979,8.207
-1.428,-5.424,9.558
-1.184,-4.61,9.417
-2.038,-3.941,9.924
-1.675,-4.895,10.109
-2.003,-3.73,9.286
-1.086,-5.213,8.704
-1.847,-5.022,9.188
-2.809,-4.792,9.405
-1.297,-4.78,9.836
-2.692,-3.046,9.259
-2.39,-3.697,9.678
-2.244,-3.823,9.621
-2.565,-3.778,9.506
-1.381,-3.345,9.006
-3.35,-3.584,9.618
-1.022,-3.692,9.003
-2.945,-2.359,9.384
-2.481,-3.0,9.704
-1.637,-3.019,9.881
-3.216,-2.393,9.896
-2.79,-2.297,9.36
-2.787,-2.089,9.673
-2.881,-2.182,10.324
-2.929,-1.921,9.68
-2.216,-1.378,10.142
-3.639,-1.732,9.963
-2.239,-1.62,9.838
-2.72,-2.51,8.977
-2.117,-0.668,9.14
-1.869,3.335,11.061
-2.498,-10.594,7.589
-4.151,0.502,9.436
-2.759,-3.39,9.343
-3.015,-2.455,9.633
-2.656,-2.168,9.46
-2.948,-1.318,9.4
-2.905,-2.35,9.089
-2.036,-1.718,8.998
-3.374,-1.634,9.065
-2.694,-1.663,9.283
-2.376,-2.165,9.288
-3.61,-2.718,9.4
-2.723,-1.199,9.209
-3.012,-1.481,10.152
-2.821,-1.134,9.723
-2.919,-1.184,9.829
-3.196,-1.725,10.027
-3.551,-0.9,9.953
-2.797,-1.498,9.728
-2.799,-1.165,9.532
-3.132,-0.804,9.688
-2.897,-1.266,9.575
-3.07,-1.196,9.599
-3.23,-0.849,9.537
-2.85,2.866,11.068
-2.223,-6.845,7.446
-3.845,-0.045,9.377
-2.505,-1.768,9.455
-3.28,-0.672,9.695
-2.924,-1.778,8.738
-3.457,-2.472,8.948
-2.737,-1.66,9.41
-3.45,-1.694,9.929
-2.651,-1.507,9.577
-2.969,-1.787,9.479
-2.962,-2.029,9.087
-2.998,-2.218,9.266
-2.431,-1.357,9.379
-3.362,-2.027,9.611
-3.268,-2.306,9.802
-3.223,-1.572,10.018
-3.515,-1.373,10.314
-2.845,-0.919,10.087
-3.529,-2.227,9.917
-2.952,-1.684,9.793
-2.914,-2.007,9.673
-2.864,-2.304,9.795
-2.804,-2.61,9.91
-2.921,-1.919,10.305
-3.381,-1.62,10.836
-3.065,-2.067,10.585
-2.574,-1.519,10.613
-2.747,-1.354,10.774
-2.469,-2.694,9.805
-2.067,-3.352,9.336
-3.146,-3.18,9.415
-2.139,-3.328,9.377
-2.091,-2.742,9.783
-2.232,-2.61,10.044
-2.845,-2.591,10.453
-2.728,-2.589,10.532
-2.244,-2.072,10.53
-2.314,-2.634,10.441
-2.498,-2.352,10.846
-2.038,-2.388,10.771
-2.302,-2.345,10.381
-2.005,-2.524,10.164
-1.826,-2.333,10.417
-1.632,-2.134,10.468
-2.048,-1.84,10.374
-1.639,-2.029,10.31
-1.077,-1.859,10.13
-1.371,-2.086,10.377
-1.203,-1.943,10.657
-1.007,-1.723,10.7
-0.873,-1.373,10.582
-0.335,-0.199,11.173
-0.072,-2.036,10.85
-0.502,-2.622,10.19
0.309,-1.017,10.216
-0.624,-0.778,10.092
-0.304,0.519,9.252
-0.732,1.916,8.161
0.005,-1.443,7.58
-5.807,7.769,9.829
-12.453,0.818,8.51
5.316,-1.804,7.245
4.826,-6.699,4.376
-1.026,-0.139,4.967
0.132,2.613,7.192
0.136,2.469,6.142
-1.904,3.584,7.008
-2.07,3.682,7.214
-0.988,5.326,7.903
0.208,5.45,10.666
2.251,5.371,9.702
2.641,5.429,10.221
2.816,4.067,10.453
1.23,2.445,12.281
0.79,4.328,11.398
1.096,3.996,10.092
-1.148,4.125,9.939
-1.608,4.089,9.982
-1.488,4.5,8.984
-3.192,5.206,8.979
-2.0,2.239,8.872
-1.754,3.905,8.924
-2.0,3.524,8.307
-1.263,3.467,8.774
-1.323,3.558,8.262
-1.802,4.52,7.601
-1.493,4.036,7.527
-1.811,5.166,7.618
-2.125,5.941,8.443
0.077,6.833,7.491
-2.23,5.67,8.147
-1.053,5.139,8.25
-2.235,4.685,8.269
-1.634,5.268,7.869
-1.883,4.488,6.843
-1.976,4.165,7.278
-2.187,3.0,5.386
-1.57,3.685,4.122
-2.144,3.046,3.965
-2.993,2.641,1.467
-3.005,-1.022,-1.347
-4.835,12.59,2.381
-4.57,11.248,0.892
-4.168,11.609,-2.199
-6.147,11.181,-0.792
-7.769,7.175,-0.751
-7.08,5.216,0.184
-9.522,2.919,-3.359
-9.845,-1.593,-4.376
-13.628,-2.742,-2.9
-14.614,-2.151,1.077
-11.963,-1.574,3.854
-11.549,-3.524,4.539
-10.561,-4.986,2.55
-11.054,-8.338,0.388
-14.387,-10.006,0.333
-14.061,-17.997,0.223
-16.774,-24.481,-0.813
-20.119,-24.95,-1.704
-21.715,-31.355,3.766
-28.479,-32.001,6.395
-29.099,-22.177,2.448
-21.459,-9.214,0.574
-16.459,0.847,-2.639
-23.399,14.489,-9.278
-15.303,11.358,-10.247
-35.212,1.321,-7.386
-36.58,-4.663,-3.756
-24.091,-11.219,-4.957
-26.103,-7.056,-3.419
-18.011,-4.407,-3.158
-21.048,-8.69,-0.45
-18.339,-7.281,6.044
-19.552,-2.778,6.979
-20.576,-11.992,11.269
-17.722,-11.018,4.582
-11.48,-7.379,-1.196
-6.718,-8.245,-2.979
-3.826,-7.484,-4.106
-0.526,-4.154,-6.025
1.957,-1.821,-7.692
3.252,1.139,-8.91
2.036,-0.4,-7.104
2.17,0.531,-9.769
0.933,2.452,-11.063
-0.294,0.613,-12.231
-0.323,2.134,-11.855
-1.524,4.235,-9.879
0.591,3.247,-9.221
0.636,3.819,-8.195
1.589,3.254,-9.221
0.598,2.673,-10.946
0.766,1.354,-11.472
-0.017,0.627,-11.063
0.959,1.907,-11.202
-0.026,2.409,-10.252
-0.323,2.184,-10.58
-0.299,2.237,-10.707
-0.447,0.964,-10.903
-0.014,2.07,-11.061
0.096,1.864,-9.944
-0.725,1.751,-9.539
-0.988,1.194,-9.604
-0.4,1.4,-10.259
-0.108,1.603,-10.212
-0.534,1.574,-9.85
-0.613,1.787,-9.623
-1.247,2.225,-9.054
-1.041,1.768,-9.19
-0.89,1.242,-9.92
-1.199,1.17,-9.563
-1.096,2.574,-9.697
-1.33,2.74,-9.185
-1.361,2.208,-9.006
-1.17,2.845,-9.159
-0.725,3.139,-9.458
-0.955,2.493,-9.144
-1.562,1.567,-9.199
-1.524,2.606,-9.702
-1.668,2.704,-9.008
-1.615,2.579,-9.204
-1.237,2.476,-9.254
-1.637,2.017,-9.566
-1.366,1.895,-9.305
-1.601,2.268,-9.42
-1.565,2.527,-9.467
-1.223,2.237,-9.484
-1.242,2.704,-9.36
-1.663,2.759,-9.64
-1.615,2.823,-9.743
-1.5,2.361,-10.202
-1.885,2.156,-9.582
-1.842,1.285,-9.288
-1.605,1.866,-9.4
-2.024,2.048,-9.41
-1.421,2.826,-9.532
-1.483,2.292,-9.692
-2.065,2.256,-9.57
-2.134,2.196,-9.319
-2.096,2.687,-9.29
-2.151,2.74,-9.444
-2.024,2.677,-9.386
-1.766,2.579,-9.403
-2.196,1.876,-9.283
-2.373,2.696,-8.824
-1.893,2.708,-9.391
-1.95,2.381,-9.597
-2.223,2.28,-9.501
-2.488,2.137,-9.673
-2.914,2.876,-9.377
-2.742,2.488,-9.472
-3.194,3.053,-9.424
-3.278,2.656,-9.125
-3.378,3.106,-8.587
-3.481,3.161,-8.836
-3.692,2.979,-8.927
-3.505,3.661,-8.417
-3.479,3.993,-8.065
-4.12,4.151,-8.063
-4.297,3.821,-7.821
-3.675,4.46,-7.879
-3.926,3.675,-8.025
-3.5,3.675,-8.006
-3.749,4.405,-8.156
-3.902,3.909,-7.659
-3.328,5.034,-7.606
-3.558,4.477,-7.096
-3.926,4.175,-6.539
-3.859,4.043,-6.95
-4.108,3.46,-6.757
-3.517,4.692,-5.9
-4.07,2.266,-6.003
-4.098,3.412,-6.632
-4.065,3.213,-7.735
-4.491,4.276,-7.946
-4.223,5.343,-7.893
-5.041,6.706,-6.972
-5.19,4.572,-7.773
-5.804,2.505,-8.075
-6.13,2.33,-7.07
-6.922,2.606,-7.673
-7.266,3.462,-6.723
-7.829,3.749,-7.362
-8.396,2.641,-6.903
-8.369,1.986,-7.326
-9.14,0.127,-7.264
-8.046,2.546,-6.864
-9.185,0.402,-6.197
-8.187,-0.177,-6.197
-8.479,-1.11,-6.704
-7.623,-1.861,-5.929
-7.879,-1.974,-6.015
-7.312,-3.795,-5.036
-7.541,-4.347,-5.146
-6.97,-5.017,-5.745
-6.709,-5.149,-5.273
-6.032,-4.862,-4.51
-5.522,-7.424,-3.701
-0.938,-10.59,4.189
1.433,-8.821,5.158
2.677,-7.951,4.855
1.701,-9.046,4.761
1.201,-9.891,4.79
0.359,-9.432,5.273
-0.854,-9.252,7.309
-0.378,-8.391,7.285
-1.665,-9.006,7.116
-3.496,-9.556,6.307
-3.563,-9.295,6.508
-2.842,-9.408,6.24
-2.57,-9.649,6.314
-2.043,-8.429,6.79
-1.713,-8.36,6.539
-2.251,-8.288,6.654
-1.952,-7.955,6.558
-2.012,-8.29,6.816
-3.031,-8.111,7.295
-2.036,-8.742,7.118
-1.95,-7.592,6.651
-1.737,-8.003,6.888
-0.964,-8.376,6.587
-1.175,-8.226,6.773
-1.436,-8.453,7.51
-1.823,-8.027,6.912
-1.651,-8.436,6.738
-1.541,-8.252,6.685
-1.73,-7.764,6.726
-1.637,-7.465,7.187
-1.5,-7.259,6.943
-1.459,-7.663,7.187
-1.73,-7.649,7.151
-1.766,-7.364,7.163
-1.117,-7.721,7.127
-0.845,-7.415,7.12
-1.072,-7.082,7.218
-0.689,-7.618,7.221
-0.5,-7.218,7.618
-1.108,-6.838,7.805
-0.974,-7.257,7.273
-0.837,-7.096,7.441
-0.581,-7.221,7.695
-0.797,-6.771,7.549
-0.356,-6.903,7.104
-0.658,-7.199,7.113
-0.589,-7.01,7.087
-0.613,-6.754,7.063
-0.038,-6.754,6.941
-0.146,-6.874,7.317
-0.179,-6.651,7.498
-0.538,-6.62,7.659
0.1,-6.697,7.573
-0.435,-6.503,7.876
0.146,-6.465,7.778
-0.06,-6.163,7.788
-0.086,-5.986,7.721
-0.182,-6.419,7.733
0.115,-5.711,8.149
0.531,-5.546,8.412
0.038,-5.347,8.503
0.091,-5.223,8.532
-0.103,-4.962,8.709
-0.103,-4.625,8.92
0.345,-3.531,9.353
0.012,-3.56,9.429
0.452,-3.658,9.365
0.132,-3.173,9.601
0.526,-2.436,10.082
0.05,-2.273,9.664
0.787,-1.046,9.321
1.014,0.787,8.628
0.636,3.046,8.781
-0.902,4.61,9.209
-1.22,2.991,8.601
-0.718,0.682,7.116
0.234,3.5,8.113
-1.526,9.156,9.668
-4.948,7.64,6.077
-2.711,10.257,-0.371
-6.13,11.669,1.684
-7.501,5.457,-0.096
-7.986,13.08,-0.354
-7.003,13.824,-0.895
-10.238,8.305,0.83
-10.128,7.589,3.163
-7.479,5.297,2.814
-9.188,1.134,1.823
-11.726,-1.067,1.952
-9.494,-3.764,0.146
-11.616,-8.424,-2.787
-9.135,-16.092,-4.082
-14.595,-22.232,-0.557
-12.09,-27.991,4.924
-13.951,-16.272,6.094
-15.47,-23.22,8.142
-17.746,-20.775,8.673
-17.026,-19.653,9.503
-15.025,-26.038,11.362
-14.987,-22.107,11.771
-7.838,-19.82,13.843
-6.529,-21.074,12.197
-8.824,-10.798,14.37
-1.347,-17.619,11.783
0.981,-12.016,13.968
-6.099,-13.683,8.197
0.701,-10.958,3.668
1.519,-2.263,6.403
1.651,-1.794,8.575
0.208,0.467,13.611
-1.94,-1.625,13.195
-1.306,-1.479,10.637
-1.409,-3.735,5.099
-7.709,-4.74,2.034
-3.319,-5.84,-1.771
-1.18,-8.987,-6.393
-0.342,-4.103,-5.565
-0.333,-4.725,-4.316
1.225,-5.694,-4.378
0.407,-5.934,-4.426
1.127,-6.58,-4.689
-3.086,-8.728,-3.534
-4.622,-9.769,-4.599
-4.142,-8.92,-4.721
-5.323,-8.762,-6.003
-6.685,-10.391,-6.608
-6.651,-12.461,-4.297
-4.065,-11.396,-2.814
-3.565,-10.86,-1.136
-4.821,-12.288,1.567
-1.68,-9.922,3.685
0.687,-8.893,4.07
1.522,-9.08,4.666
1.4,-8.317,5.383
1.766,-8.494,5.996
0.136,-8.412,5.041
-0.897,-9.13,4.78
-1.098,-9.501,5.264
-3.003,-9.788,6.374
-3.091,-8.508,6.525
-3.393,-10.078,6.563
-3.402,-9.872,6.261
-3.481,-10.396,6.52
-2.144,-10.027,6.264
-2.436,-9.29,6.058
-1.974,-8.963,5.79
-2.084,-8.943,5.766
-1.907,-8.726,6.099
-2.082,-8.142,6.144
-2.237,-9.625,5.802
-2.17,-8.903,5.977
-1.799,-7.979,6.331
-1.223,-8.259,6.855
-1.098,-8.348,6.659
-1.806,-9.357,6.556
-1.479,-9.216,6.302
-1.314,-8.934,6.249
-1.538,-8.604,6.481
-1.548,-8.508,6.589
-1.967,-8.69,6.934
-1.529,-8.963,6.221
-1.538,-8.979,5.838
-1.426,-8.891,6.048
-1.017,-8.441,5.78
-1.282,-7.939,6.106
-1.498,-8.065,5.902
-0.878,-7.747,6.084
-1.469,-8.214,6.405
-0.852,-7.939,6.438
-1.062,-8.046,6.309
-0.711,-7.3,6.242
-0.455,-7.539,6.02
-0.529,-7.582,6.292
-0.691,-7.496,6.453
-0.83,-7.941,6.58
-0.469,-7.137,6.075
-0.959,-7.465,6.113
-0.601,-8.41,5.816
-0.5,-7.455,6.472
-0.502,-7.513,6.833
-0.184,-7.814,6.563
-0.634,-7.381,6.802
-0.263,-7.671,6.656
-0.309,-7.74,6.895
-0.457,-7.852,6.824
0.041,-7.721,6.577
-0.139,-7.778,6.754
-0.426,-7.666,7.092
0.065,-7.506,6.943
-0.28,-7.549,7.247
0.22,-7.628,7.104
-0.309,-7.3,7.139
0.057,-7.317,7.465
-0.012,-7.034,7.206
0.077,-7.482,7.407
-0.103,-7.319,7.517
0.096,-7.025,7.281
0.06,-6.907,7.448
0.084,-6.994,7.4
0.191,-7.139,7.381
0.134,-6.479,7.651
0.201,-6.895,7.419
0.05,-6.86,7.477
0.5,-6.771,7.218
0.165,-6.544,7.187
0.007,-6.587,7.099
-0.225,-6.008,7.637
-0.057,-6.252,8.553
0.658,-5.814,8.927
0.79,-5.611,8.953
1.058,-5.713,8.412
1.172,-5.115,8.441
0.878,-4.52,8.666
0.246,-3.996,9.159
0.108,-3.807,9.226
0.273,-2.098,9.262
0.297,0.543,9.482
0.593,2.094,9.36
0.816,2.46,9.353
0.438,2.864,8.814
-0.036,3.335,7.73
0.041,2.873,6.379
-0.191,4.603,5.898
-2.232,6.572,5.792
-4.395,9.166,5.204
-4.596,10.164,0.871
-6.237,11.032,-0.498
-5.962,10.159,0.34
-6.142,10.52,1.177
-7.398,9.051,-1.615
-8.171,8.546,0.347
-7.991,6.642,3.017
-6.606,4.603,1.945
-8.178,1.895,2.754
-8.123,-0.397,2.909
-6.551,-3.615,3.103
-10.173,-5.718,2.038
-13.853,-14.626,0.146
-14.408,-21.823,0.555
-16.509,-20.851,3.505
-15.832,-18.861,6.24
-15.537,-19.49,5.479
-17.301,-23.115,5.668
-13.355,-21.615,9.295
-14.473,-23.292,11.559
-6.623,-21.648,16.377
-8.068,-21.555,15.841
-1.357,-19.533,12.291
-2.481,-13.815,17.172
-1.237,-11.114,17.995
0.761,-4.096,10.891
-1.622,-6.24,5.797
2.943,-2.031,1.967
2.003,-1.199,2.486
2.455,-3.462,15.604
-1.806,-3.129,18.882
-6.221,-8.132,14.978
-1.816,-6.888,6.804
-4.343,-5.484,6.97
-2.019,-5.591,-1.823
1.342,-5.804,-5.749
0.325,-3.859,-5.228
-0.859,-6.29,-4.862
-1.438,-5.118,-4.771
2.048,-4.103,-4.706
-0.376,-6.752,-2.699
-1.792,-7.991,-3.213
-1.242,-7.773,-4.654
-3.632,-7.228,-6.242
-4.13,-9.396,-7.673
-6.824,-9.781,-5.493
-7.348,-12.382,-5.3
-6.565,-11.795,-5.568
-7.649,-14.166,-3.881
-5.912,-13.647,-1.007
-4.256,-12.743,1.565
-1.395,-10.532,2.919
3.249,-8.006,4.146
3.326,-6.307,5.778
1.519,-5.972,6.905
0.072,-8.271,6.474
-1.113,-8.745,5.764
-1.687,-8.269,5.295
-1.622,-8.745,4.826
-2.548,-8.403,4.544
-2.675,-10.369,4.967
-3.656,-11.819,5.84
-3.661,-10.704,5.529
-3.019,-10.209,5.926
-2.067,-8.74,6.225
-2.113,-9.202,5.809
-2.708,-8.448,5.656
-1.957,-8.726,5.637
-2.115,-8.618,6.139
-2.359,-8.283,6.678
-1.893,-8.477,6.13
-1.239,-8.63,6.036
-1.715,-9.245,6.216
-1.022,-8.702,6.008
-1.653,-9.168,6.005
-1.756,-9.235,5.958
-1.785,-8.341,6.302
-1.648,-8.675,6.135
-1.443,-8.446,6.151
-1.771,-8.719,6.281
-1.555,-8.647,5.979
-1.524,-8.288,6.178
-1.412,-8.156,6.584
-1.474,-8.19,6.307
-1.093,-8.254,6.257
-1.074,-8.12,6.015
-0.885,-8.116,5.989
-1.079,-7.941,6.391
-0.715,-7.539,6.613
-1.026,-7.654,6.419
-1.038,-7.869,6.144
-1.242,-7.326,6.584
-0.778,-7.355,6.525
-0.464,-7.324,6.532
-0.909,-7.238,6.56
-0.596,-7.448,6.541
-0.581,-7.288,6.508
-0.294,-7.159,6.678
-0.242,-7.269,6.907
-0.395,-7.199,7.147
-0.457,-6.742,7.185
-0.268,-7.013,6.95
-0.165,-6.845,7.175
-0.325,-6.766,7.125
-0.227,-7.376,7.161
-0.246,-6.938,7.582
-0.225,-7.314,6.979
-0.27,-7.427,6.998
-0.39,-7.333,7.261
-0.28,-7.116,7.58
-0.29,-7.171,7.649
-0.105,-6.874,7.513
-0.1,-6.905,7.539
-0.23,-6.467,7.927
-0.122,-6.503,7.714
-0.112,-6.675,7.905
-0.122,-6.154,7.666
-0.292,-5.78,8.479
0.045,-4.838,8.862
-0.096,-5.328,9.08
-0.081,-4.91,9.087
-0.067,-4.424,9.042
-0.184,-4.347,9.384
-0.115,-3.441,9.623
-0.337,-2.725,10.125
-0.065,-2.11,9.798
-0.261,-1.261,10.123
-0.388,-0.955,10.015
0.139,-1.18,9.915
0.423,-0.203,10.374
-0.38,-0.005,10.554
0.117,1.141,10.106
0.634,2.361,9.295
0.691,2.55,8.668
0.165,2.373,8.513
-0.299,3.452,8.013
-0.586,4.18,7.742
-1.153,2.627,5.206
-0.431,3.929,3.378
-2.519,7.317,5.553
-3.187,9.934,3.455
-4.388,12.968,1.036
-5.185,15.456,1.036
-7.632,15.691,2.531
-6.862,14.32,2.371
-8.623,9.881,2.94
-9.125,7.943,3.563
-7.266,9.396,0.878
-8.604,3.895,-0.323
-9.113,-0.663,-0.05
-10.807,-3.577,0.495
-8.173,-8.403,-0.742
-7.075,-15.025,-1.247
-13.702,-19.136,0.636
-14.241,-22.993,2.773
-10.669,-21.404,7.984
-12.417,-22.926,9.774
-17.614,-26.067,7.008
-17.394,-22.641,9.613
-18.26,-18.676,9.441
-15.121,-22.964,11.487
-13.561,-22.225,10.566
-5.29,-23.084,11.669
-2.28,-16.114,13.47
-0.883,-24.342,18.492
-0.821,-3.845,9.24
-0.713,-2.94,9.436
-0.007,-1.27,9.654
-0.871,-1.632,10.03
-0.182,-1.268,9.582
0.045,0.653,10.613
-0.196,1.531,11.006
0.074,2.448,10.841
-0.732,0.976,10.496
-1.23,0.88,11.068
-0.579,2.259,10.19
0.464,3.51,8.269
0.639,4.969,6.845
0.519,6.29,6.831
-0.428,6.307,6.462
-0.333,7.419,5.809
-2.01,7.565,4.744
-0.16,6.166,3.668
-1.354,12.494,6.493
-3.187,7.965,4.804
-6.498,10.659,3.697
-4.266,12.59,0.129
-5.41,14.848,-0.349
-6.967,13.224,-0.567
-5.252,11.097,-2.129
-6.881,6.718,-0.048
-9.556,6.419,2.366
-9.905,4.639,3.242
-10.274,1.002,1.902
-8.575,-0.574,1.141
-9.35,-1.325,0.553
-9.085,-9.491,-0.926
-7.843,-13.788,-2.01
-12.262,-16.011,-0.211
-11.319,-20.373,-1.266
-13.872,-20.392,4.778
-14.396,-23.775,10.714
-17.492,-26.242,10.147
-18.588,-24.885,12.24
-16.904,-19.832,15.083
-13.702,-17.083,12.635
-5.637,-13.37,13.65
0.462,-9.697,10.477
3.199,-11.527,11.027
9.747,-14.181,9.223
-2.034,-7.36,10.657
4.642,-10.506,6.053
-0.995,-10.269,5.245
1.952,-14.588,3.263
1.103,-11.346,8.077
2.656,-5.29,12.018
0.172,1.203,17.447
-0.409,1.144,11.075
0.184,-8.917,6.056
-1.962,-6.539,4.867
-7.884,-4.857,1.579
-4.067,-10.082,2.431
-5.12,-9.247,-2.294
0.38,-10.226,-6.797
-0.426,-6.252,-6.687
1.297,-5.17,-5.718
1.689,-5.077,-4.986
1.031,-6.249,-5.591
1.256,-4.821,-3.732
-1.44,-6.745,-4.632
-4.165,-8.601,-4.376
-4.651,-10.709,-7.194
-4.414,-7.041,-6.295
-4.381,-10.7,-5.087
-7.666,-13.506,-3.082
-7.211,-12.573,-0.986
-5.51,-12.257,0.385
-4.919,-12.554,2.263
-2.328,-10.245,4.41
-0.397,-9.405,5.235
0.481,-8.431,5.338
1.258,-7.405,5.694
2.0,-7.592,5.788
1.383,-8.563,6.359
0.402,-8.063,7.269
-0.861,-7.742,8.424
-2.089,-7.879,8.884
-2.653,-8.092,8.664
-2.565,-9.444,8.314
-1.715,-9.702,8.192
-2.756,-9.19,7.764
-2.816,-9.032,7.144
-2.072,-8.594,6.831
-1.412,-8.293,7.561
-1.785,-7.711,7.778
-1.534,-8.111,7.529
-1.5,-8.23,8.125
-1.034,-8.032,8.348
-1.316,-8.965,8.037
-1.192,-8.441,7.819
-1.024,-7.702,8.262
-1.031,-7.151,8.817
-0.902,-8.216,8.451
-0.742,-8.317,8.003
-0.864,-7.946,8.408
-0.555,-8.07,8.245
-0.632,-7.915,8.47
-0.507,-7.288,8.778
-0.677,-6.996,8.618
-0.414,-7.12,8.754
-0.538,-7.046,8.412
0.316,-7.017,7.852
0.273,-6.637,7.467
0.33,-5.924,7.142
0.337,-5.972,7.348
0.175,-5.871,7.139
0.232,-5.644,6.79
0.404,-4.316,7.687
0.55,-3.768,7.687
0.668,-2.326,7.702
0.227,-1.701,7.374
0.091,-2.189,7.403
-0.313,-2.316,6.934
-0.548,-1.957,7.017
-0.933,-1.816,7.8
-1.158,0.548,5.362
-2.428,-0.031,5.52
-1.62,3.692,4.039
0.935,-7.379,-11.795
-11.468,4.84,18.413
-6.845,12.58,24.115
-1.225,0.361,14.913
-3.278,-5.359,16.705
-3.622,-0.23,13.808
-1.924,0.313,11.181
-0.165,0.849,10.393
2.105,0.682,9.13
2.28,-0.206,9.477
1.144,-1.89,10.795
1.797,-1.017,10.575
1.682,-0.103,10.164
0.964,0.11,10.3
0.9,0.646,9.989
0.921,0.426,10.47
0.287,0.373,10.386
0.177,0.746,10.424
0.495,0.17,10.302
0.519,-0.278,10.195
0.617,0.036,9.889
1.218,0.141,9.477
1.342,-0.902,9.599
0.88,-0.979,9.979
0.498,0.242,9.688
0.273,-0.44,10.137
0.091,-0.615,10.068
-0.029,-0.529,10.08
0.0,-0.33,9.857
0.301,-0.51,9.743
0.244,-0.837,9.877
0.007,-0.809,9.984
-0.306,-0.581,9.958
-0.206,-0.634,9.9
-0.392,-0.909,10.058
-0.668,-0.342,9.833
-0.12,-0.746,9.719
-0.005,-1.658,9.999
-0.134,-1.113,9.79
-0.335,-0.615,9.589
-0.244,-0.902,9.707
0.038,-1.16,10.216
-0.074,-1.029,10.302
-0.593,-0.706,10.051
-0.481,-0.531,9.979
-0.316,-1.311,9.972
0.043,-0.849,9.704
0.139,-0.562,9.781
-0.112,-0.813,10.365
-0.443,-1.136,9.987
-0.397,-0.842,10.032
-0.577,-0.871,10.07
-0.292,-0.952,10.13
-0.167,-0.979,10.118
-0.263,-0.866,10.101
-0.127,-0.522,9.671
0.184,-0.541,9.826
0.29,-0.866,10.109
0.29,-1.031,9.81
0.05,-0.878,9.776
0.179,-1.022,9.891
0.342,-1.036,9.929
0.086,-0.775,9.934
-0.053,-1.297,10.128
-0.007,-1.727,10.154
-0.141,-1.814,10.195
-0.301,-1.806,10.377
-0.172,-1.113,10.204
-0.258,-0.809,10.195
-0.189,-0.768,10.31
-0.062,-0.991,10.413
0.002,-1.438,10.491
-0.084,-1.782,10.621
0.196,-1.713,10.633
0.624,-1.526,10.621
0.885,-1.517,10.812
1.146,-1.57,11.259
1.591,-1.869,11.671
1.955,-2.306,11.693
2.55,-2.862,11.865
3.374,-2.134,11.47
3.898,-2.818,10.891
4.601,-3.402,11.02
5.089,-2.694,10.953
4.675,-3.101,10.274
4.0,-3.579,9.398
4.292,-4.051,8.812
4.601,-4.137,8.876
4.881,-3.854,9.08
4.455,-3.034,8.941
4.503,-2.495,9.073
4.627,-2.345,8.996
4.883,-2.003,8.563
5.084,-1.902,9.001
5.173,-1.457,9.661
4.587,-0.648,9.661
5.046,-1.39,8.565
6.025,-0.742,8.056
5.974,0.45,8.68
5.448,-0.409,7.541
6.625,-0.775,7.376
5.697,1.187,8.089
4.785,0.534,7.752
4.847,0.423,7.113
5.192,-0.12,7.355
3.505,0.684,8.235
3.022,-0.144,6.912
4.07,-0.383,6.376
2.917,0.254,7.008
2.132,0.287,6.68
2.338,0.589,6.886
2.926,1.285,7.183
3.211,1.536,7.171
3.232,1.864,7.613
3.168,2.115,7.403
3.584,2.261,7.183
3.505,2.608,7.704
2.582,0.818,6.943
3.28,0.536,6.481
2.474,1.086,7.367
1.278,1.235,9.19
1.51,0.809,9.231
1.651,1.648,8.561
1.084,2.952,10.183
1.816,3.137,9.537
1.838,2.28,8.632
2.684,2.692,9.75
4.41,4.154,9.707
3.967,3.024,9.441
3.417,2.12,8.63
3.089,2.043,9.149
0.904,0.452,10.302
2.756,-0.531,9.109
1.964,1.194,8.9
1.993,2.156,9.984
2.661,2.804,9.577
2.424,2.352,9.417
2.773,1.842,9.79
3.299,-0.167,9.264
3.567,-1.007,8.946
2.806,-0.66,9.333
3.335,-0.148,9.357
3.163,-0.464,9.654
3.177,-2.417,9.089
3.101,-1.421,9.135
2.407,-0.701,9.475
2.644,0.23,9.623
2.536,-0.263,9.738
2.744,-0.924,9.388
2.881,-0.479,9.532
2.531,0.23,9.905
3.003,-2.665,8.776
3.247,-2.761,8.786
3.5,-3.431,9.008
3.141,-1.66,9.621
3.046,-1.182,9.02
3.086,-4.692,8.039
3.228,-3.606,8.53
3.129,-3.22,8.869
3.046,-1.251,9.704
4.0,-2.646,8.408
3.481,-4.376,8.082
3.35,-4.177,8.089
3.486,-2.689,8.738
3.546,-3.591,8.711
3.615,-4.113,8.142
3.728,-4.051,8.034
3.775,-4.031,8.274
3.797,-3.591,8.463
4.065,-3.218,8.553
3.888,-3.735,8.352
3.943,-3.555,8.314
3.986,-3.433,8.376
4.075,-3.594,8.228
4.017,-3.388,8.345
4.015,-3.228,8.628
3.933,-3.309,8.434
3.914,-3.345,8.326
3.711,-3.536,8.207
3.677,-3.366,8.374
3.826,-2.773,8.561
4.005,-2.682,8.556
3.996,-3.125,8.453
3.924,-3.397,8.436
3.936,-2.998,8.458
4.034,-2.806,8.57
4.189,-2.783,8.63
4.039,-2.768,8.599
3.986,-2.761,8.573
3.924,-2.83,8.599
4.144,-2.945,8.496
4.096,-2.661,8.52
4.015,-2.479,8.668
4.29,-2.409,8.754
4.082,-2.515,8.63
4.187,-3.225,8.415
4.008,-3.036,8.422
3.799,-2.498,8.616
3.682,-2.223,8.941
3.854,-2.79,8.714
3.795,-3.012,8.608
3.618,-2.268,8.812
3.723,-2.137,8.867
3.642,-2.153,8.886
3.586,-2.687,8.79
3.539,-2.632,8.757
3.665,-2.476,8.809
3.632,-2.05,8.879
3.642,-1.701,9.018
3.543,-2.034,8.951
3.618,-2.436,8.879
3.649,-2.517,8.884
3.438,-1.828,9.022
3.484,-2.027,8.955
3.582,-2.462,8.924
3.699,-2.716,8.814
3.445,-2.06,8.929
4.149,-2.275,8.939
3.28,-2.259,8.929
3.527,-2.158,8.896
3.472,-2.053,8.979
3.563,-1.778,9.068
3.639,-2.393,8.881
3.814,-1.715,9.207
3.256,-3.283,8.912
3.01,-1.653,9.166
3.06,-0.833,8.908
3.419,-1.983,8.946
3.474,-1.491,9.178
3.263,-1.45,9.326
3.45,-1.907,9.068
3.381,-2.328,8.972
3.295,-1.785,9.101
3.199,-1.792,9.13
3.316,-1.486,9.286
3.314,-2.443,8.97
3.321,-2.225,8.965
3.441,-2.589,9.006
3.522,-2.483,9.006
3.17,-1.907,9.118
3.354,-2.0,9.173
3.335,-2.326,9.032
3.479,-2.558,9.046
3.476,-2.594,8.903
3.407,-1.531,9.003
3.441,-1.562,9.068
3.297,-2.242,9.03
3.46,-2.359,8.941
3.307,-2.182,9.116
3.211,-1.725,9.14
3.232,-2.263,8.965
3.393,-2.419,9.02
3.441,-2.5,8.125
3.199,-1.981,9.003
3.041,-2.098,9.037
3.364,-2.515,8.912
3.335,-2.397,9.015
3.237,-1.787,9.099
3.316,-2.062,9.123
3.175,-2.199,9.058
3.421,-2.304,9.065
3.273,-1.979,9.068
3.273,-2.048,9.042
3.376,-2.194,9.054
3.409,-2.297,9.006
3.467,-2.225,8.979
3.292,-2.086,9.042
3.347,-2.271,9.018
3.285,-2.187,9.022
3.319,-2.141,9.092
3.175,-2.244,9.003
3.273,-2.33,9.022
3.275,-2.278,9.027
3.364,-2.117,9.022
3.414,-2.079,9.063
3.443,-2.175,9.046
3.452,-2.302,9.006
3.283,-1.881,9.085
3.259,-2.199,9.049
3.307,-2.304,9.01
3.302,-2.311,9.013
3.438,-2.352,9.022
3.503,-2.29,8.994
3.421,-2.366,8.943
3.405,-2.361,8.97
3.354,-2.259,8.951
3.35,-2.163,9.008
3.498,-2.211,9.022
3.491,-2.345,8.922
3.46,-2.412,8.984
3.424,-2.285,8.97
3.424,-2.4,8.931
3.519,-2.507,8.893
3.39,-2.481,8.876
3.378,-2.251,8.812
3.63,-2.421,8.936
3.699,-2.419,8.91
3.247,-2.314,8.946
3.589,-2.199,9.254
3.551,-2.29,8.534
3.201,-2.675,9.116
4.103,-2.534,8.972
3.33,-2.474,8.738
3.464,-2.627,8.8
3.536,-2.376,8.867
3.46,-2.249,8.9
3.579,-2.216,8.936
3.969,-2.445,8.975
3.546,-2.271,8.565
3.118,-2.223,9.29
4.357,-2.452,8.774
2.912,-2.027,8.587
3.823,-2.665,8.793
3.706,-2.431,8.908
3.632,-2.515,8.862
3.723,-2.627,8.802
3.74,-2.598,8.814
3.775,-2.644,8.805
3.72,-2.711,8.783
3.543,-2.596,8.771
3.484,-2.572,8.838
3.668,-2.467,8.848
3.74,-2.661,8.788
3.689,-2.584,8.869
3.543,-2.4,8.848
3.687,-2.46,8.845
3.673,-2.539,8.872
3.548,-2.617,8.867
3.498,-2.574,8.833
3.61,-2.46,8.888
3.622,-2.498,8.843
3.541,-2.608,8.874
3.474,-2.448,8.862
3.589,-2.493,8.896
3.627,-2.555,8.896
3.546,-2.323,8.874
3.534,-2.479,8.934
3.464,-2.572,8.893
3.443,-2.512,8.922
3.565,-2.658,8.86
3.517,-2.57,8.893
3.493,-2.574,8.917
3.575,-2.687,8.845
3.481,-2.515,8.884
3.481,-2.512,9.006
3.505,-2.424,8.967
3.053,-0.038,9.135
3.414,-2.436,8.984
3.558,-2.62,8.836
3.5,-2.632,8.867
3.565,-2.634,8.869
3.424,-2.409,8.912
3.412,-2.326,9.013
3.438,-2.467,8.998
3.941,-2.132,8.975
3.493,-2.364,8.931
3.402,-2.373,8.963
3.256,-2.213,9.001
3.4,-2.318,8.975
3.414,-2.751,8.841
3.211,-2.644,8.884
3.082,-4.457,9.633
3.17,-2.275,9.118
3.596,-2.792,8.881
3.283,-2.338,8.994
3.441,-2.541,8.987
3.481,-2.476,8.97
3.575,-2.653,8.955
3.493,-2.653,8.896
3.319,-2.505,8.888
3.333,-2.565,8.972
3.381,-2.706,8.896
3.405,-2.649,8.888
3.457,-2.658,8.912
3.467,-2.536,8.893
3.275,-2.572,8.946
3.347,-2.622,8.946
3.34,-2.486,8.953
3.39,-2.474,8.936
3.512,-2.558,8.951
3.541,-2.756,8.819
3.383,-2.503,8.893
3.39,-2.39,8.984
3.419,-2.536,8.92
3.407,-2.507,8.927
3.491,-2.472,8.936
3.563,-2.335,8.955
3.426,-2.44,8.912
3.546,-2.359,8.994
3.543,-2.428,8.924
3.412,-2.156,8.963
3.462,-2.316,8.946
3.51,-2.486,8.955
3.536,-2.376,8.934
3.522,-2.242,8.967
3.496,-2.271,8.996
3.51,-2.297,9.015
3.51,-2.505,8.915
3.553,-2.426,8.876
3.51,-2.357,8.934
3.658,-2.369,8.922
3.632,-2.428,8.824
3.546,-2.318,8.946
3.646,-2.373,8.896
3.589,-2.302,9.027
3.596,-2.35,8.912
3.524,-2.314,8.92
3.529,-2.294,8.922
3.589,-2.338,8.9
3.606,-2.299,8.915
3.62,-2.335,8.92
3.632,-2.553,8.896
3.754,-2.55,8.872
3.63,-2.51,8.874
3.536,-2.208,8.912
3.618,-2.326,8.905
3.579,-2.531,8.867
3.701,-2.574,8.833
3.622,-2.412,8.86
2.701,-2.699,9.061
3.704,-2.653,8.793
3.663,-2.412,8.774
3.768,-2.749,8.726
3.613,-2.433,8.912
3.96,-2.366,8.695
3.653,-2.603,8.795
3.797,-2.677,8.812
3.811,-2.452,8.867
3.529,-2.596,8.867
3.524,-2.974,8.821
3.634,-2.586,8.838
3.606,-2.522,8.848
3.74,-2.555,8.9
3.79,-2.407,8.896
3.653,-2.39,8.91
3.637,-2.326,8.872
3.491,-2.302,8.888
3.61,-2.424,8.872
3.651,-2.405,8.819
3.62,-2.452,8.884
3.704,-2.115,8.862
3.505,-2.261,8.821
3.764,-2.675,8.74
3.642,-2.747,8.778
3.383,-2.134,8.9
3.78,-2.498,8.941
3.668,-2.448,8.893
3.663,-2.634,8.8
3.761,-2.565,8.8
3.668,-2.517,8.86
3.555,-2.428,8.881
3.653,-2.316,8.917
3.639,-2.579,8.865
3.704,-2.735,8.836
3.61,-2.323,8.936
3.706,-2.51,8.896
3.634,-2.481,8.898
3.56,-2.594,8.881
3.579,-2.45,8.843
3.548,-2.395,8.891
3.639,-2.378,8.903
3.596,-2.51,8.903
3.594,-2.455,8.862
3.558,-2.464,8.893
3.539,-2.373,8.876
3.653,-2.541,8.874
3.62,-2.649,8.91
3.606,-2.254,8.972
3.429,-2.086,8.97
3.505,-2.373,8.922
3.129,-2.555,8.955
3.598,-2.873,8.879
3.455,-2.675,8.879
3.591,-2.629,8.8
3.278,-2.541,8.929
3.496,-2.476,8.943
3.842,-2.529,8.745
2.83,-2.79,9.027
3.5,-2.486,8.912
3.637,-2.196,8.958
3.357,-2.493,8.97
3.45,-2.617,8.951
3.417,-2.644,8.908
3.577,-2.467,8.951
3.287,-2.275,8.972
3.67,-2.448,8.853
3.508,-2.778,8.752
3.522,-2.78,8.853
3.563,-2.168,8.953
3.632,-2.304,8.975
3.536,-2.627,8.841
3.503,-2.744,8.829
3.462,-2.687,8.807
3.632,-2.651,8.833
3.831,-2.809,8.745
2.83,-3.022,8.972
3.079,-1.83,9.109
3.553,-2.476,8.958
3.775,-2.924,8.821
2.101,-1.01,8.745
2.814,-3.122,9.276
3.857,-2.79,8.833
3.409,-2.615,8.845
3.625,-2.914,8.707
3.689,-2.354,8.848
3.701,-2.574,8.833
3.898,-2.96,8.747
3.594,-3.019,8.738
4.101,-2.378,9.101
3.347,-3.058,8.419
3.522,-2.95,8.671
3.737,-2.658,8.936
3.795,-2.137,9.221
3.156,-2.247,8.386
3.577,-2.608,8.719
3.972,-3.417,8.711
4.084,-3.127,8.709
3.988,-3.077,8.656
3.644,-2.795,8.721
3.529,-2.027,9.022
3.575,-2.321,8.931
3.828,-2.553,8.991
3.979,-2.651,8.821
3.716,-2.517,8.951
3.754,-2.199,8.884
3.682,-2.936,8.721
3.457,-2.232,8.664
3.508,-1.967,8.434
3.582,-2.314,8.687
3.496,-2.419,8.711
3.326,-2.417,8.599
3.352,-2.584,8.661
3.615,-2.393,9.044
4.115,-2.617,8.896
3.998,-2.562,8.817
3.543,-2.254,8.68
3.651,-2.594,8.697
3.778,-2.534,8.879
4.211,-2.742,8.826
4.02,-2.323,8.802
3.141,-1.627,9.168
4.082,-2.83,8.635
3.393,-2.802,8.479
4.065,-2.137,8.879
3.938,-2.268,8.673
3.622,-2.244,8.766
3.902,-2.61,8.728
4.328,-3.055,9.001
3.955,-2.541,8.833
4.127,-2.751,8.719
3.967,-1.971,8.647
3.795,-2.34,8.687
3.953,-2.469,8.69
3.924,-2.259,8.685
4.189,-2.51,8.702
4.175,-2.455,8.824
4.18,-2.266,8.766
4.213,-2.34,8.726
3.924,-2.33,8.714
3.893,-2.266,8.704
3.548,-2.46,8.675
3.426,-0.971,8.86
3.141,-3.091,8.881
3.95,-2.742,8.769
3.96,-2.452,8.778
3.938,-2.438,8.716
4.034,-2.503,8.695
3.814,-2.335,8.728
3.869,-2.211,8.829
4.142,-2.467,8.793
3.981,-2.55,8.594
3.598,-2.101,8.704
3.89,-2.244,8.841
4.106,-2.201,8.817
3.996,-2.665,8.623
3.854,-2.328,8.704
3.881,-2.35,8.809
4.127,-2.656,8.671
4.103,-2.45,8.742
3.981,-2.476,8.702
3.943,-2.756,8.666
3.972,-2.495,8.74
4.201,-2.572,8.685
3.866,-2.878,8.628
4.154,-2.85,8.742
3.955,-2.364,8.776
4.144,-2.661,8.64
3.943,-2.283,8.719
3.914,-2.058,8.778
3.73,-2.328,8.766
3.747,-2.132,8.769
3.811,-2.445,8.728
4.024,-2.505,8.783
4.034,-2.562,8.714
3.909,-2.235,8.979
3.936,-2.488,8.793
4.02,-2.96,8.62
3.96,-2.658,8.664
3.792,-2.328,8.79
3.847,-2.213,8.786
3.926,-2.244,8.853
3.694,-2.756,8.455
4.031,-2.488,8.719
3.792,-2.012,8.867
3.993,-2.402,8.68
3.852,-2.4,8.716
3.847,-2.182,8.728
4.108,-2.385,8.704
4.142,-2.503,8.802
3.948,-2.562,8.707
3.871,-2.172,8.728
3.912,-2.311,8.704
3.917,-2.543,8.678
4.058,-2.644,8.752
4.156,-2.725,8.652
4.235,-2.196,8.649
4.154,-1.727,8.731
4.299,-2.474,8.623
3.665,-1.888,8.675
4.079,-2.637,8.63
3.888,-2.084,8.807
4.024,-2.11,8.695
4.122,-2.594,8.551
4.137,-2.347,8.719
4.34,-2.192,8.759
4.06,-2.11,8.719
4.149,-2.122,8.69
3.988,-2.194,8.608
4.053,-2.153,8.726
3.819,-2.129,8.853
3.065,-1.677,8.702
4.118,-2.4,8.872
4.424,-2.512,8.764
2.338,0.567,8.826
3.307,-2.728,8.687
4.642,-2.713,8.678
3.965,-2.629,8.675
3.986,-2.177,8.654
3.945,-2.17,8.704
4.034,-2.189,8.678
3.902,-2.117,8.783
4.187,-2.306,8.687
4.173,-2.548,8.551
4.034,-2.613,8.501
3.804,-1.904,9.02
4.106,-2.17,8.998
4.388,-2.814,8.577
4.687,-2.673,8.458
3.864,-2.634,8.85
3.685,-1.955,8.716
3.95,-2.273,8.711
3.981,-2.46,8.661
4.232,-2.385,8.754
4.065,-2.373,8.683
4.204,-2.268,8.597
3.833,-2.469,8.699
4.015,-2.333,8.747
3.998,-2.455,8.704
3.905,-2.45,8.592
3.974,-2.44,8.675
4.297,-2.462,8.673
4.084,-2.431,8.692
4.053,-2.223,8.754
4.103,-2.232,8.659
4.122,-2.421,8.671
4.182,-2.555,8.731
4.146,-2.507,8.628
3.95,-2.46,8.604
3.957,-2.196,8.745
4.096,-2.5,8.771
4.075,-2.326,8.735
4.249,-2.314,8.692
3.948,-2.383,8.699
4.015,-2.582,8.687
4.027,-2.512,8.637
4.266,-2.507,8.726
4.304,-2.395,8.702
4.091,-2.266,8.628
4.134,-2.45,8.673
4.302,-2.342,8.611
4.249,-2.608,8.652
3.967,-2.409,8.647
3.838,-2.043,8.683
3.965,-2.091,8.97
4.438,-2.519,8.941
4.34,-2.775,8.604
4.077,-2.28,8.51
3.352,-3.912,8.503
4.627,-0.354,8.711
4.259,-2.043,8.654
3.675,-2.232,8.553
3.508,-2.402,8.673
3.965,-1.955,8.788
4.06,-2.208,8.742
4.12,-2.574,8.759
4.374,-2.775,8.585
4.096,-2.292,8.723
4.192,-2.278,8.719
4.087,-2.06,8.774
4.101,-2.321,8.644
4.17,-2.194,8.707
4.268,-2.596,8.709
4.273,-2.699,8.573
2.426,-1.622,9.209
3.316,-2.089,8.52
4.034,-2.29,8.738
4.443,-2.55,8.776
4.256,-2.905,8.484
4.015,-2.467,8.518
4.003,-2.424,8.68
4.321,-2.632,8.683
4.051,-2.428,8.582
3.953,-2.294,8.64
4.051,-2.45,8.649
4.39,-2.256,8.752
4.18,-2.354,8.69
4.036,-2.407,8.642
4.149,-2.479,8.671
4.075,-2.421,8.747
3.962,-2.405,8.659
4.02,-2.474,8.63
4.122,-2.522,8.68
4.331,-2.486,8.687
4.115,-2.488,8.575
4.005,-2.491,8.561
3.974,-2.457,8.632
4.096,-2.35,8.678
3.981,-2.385,8.668
4.075,-2.431,8.719
4.204,-2.283,8.675
4.051,-2.431,8.608
4.075,-2.251,8.642
4.345,-2.637,8.63
4.252,-2.536,8.666
4.043,-2.361,8.673
4.149,-2.385,8.601
4.13,-2.28,8.635
4.134,-2.196,8.728
4.244,-2.797,8.716
4.252,-2.273,8.673
4.063,-2.227,8.611
4.051,-2.144,8.661
4.132,-2.292,8.675
4.096,-2.01,8.635
4.254,-1.969,8.731
4.24,-2.158,8.826
4.067,-1.9,8.819
4.106,-1.933,8.704
4.091,-1.981,8.764
4.063,-2.086,8.798
4.161,-2.263,8.692
4.154,-2.204,8.69
4.005,-1.675,8.912
4.168,-4.955,8.525
4.326,-2.51,8.843
4.254,-2.113,8.754
4.022,-1.811,8.805
4.055,-2.065,8.604
4.022,-2.12,8.68
4.103,-2.266,8.759
4.345,-2.168,8.874
4.13,-2.328,8.692
4.015,-1.952,8.759
4.106,-2.003,8.673
4.075,-1.861,8.752
3.938,-2.151,8.719
4.048,-2.213,8.848
4.132,-2.541,8.783
4.079,-2.187,8.778
4.893,-2.661,8.544
3.895,-1.9,8.96
3.866,-1.782,8.793
3.78,-1.893,8.726
3.953,-2.338,8.699
3.976,-2.273,8.807
4.0,-2.352,8.723
4.029,-2.043,8.752
3.988,-2.144,8.843
4.106,-2.328,8.673
4.103,-2.381,8.666
4.022,-2.194,8.841
4.024,-2.192,8.726
3.919,-2.359,8.793
4.077,-2.249,8.656
4.091,-2.005,8.704
3.962,-2.11,8.652
3.981,-2.531,8.793
3.869,-2.256,8.8
3.826,-2.187,8.668
3.895,-2.125,8.654
4.151,-2.385,8.692
4.02,-2.122,8.821
3.878,-1.921,8.838
4.072,-2.227,8.826
3.948,-2.283,8.821
3.854,-1.962,8.86
3.95,-1.89,8.75
3.823,-2.048,8.812
3.984,-2.11,8.79
4.101,-2.283,8.908
4.486,-1.816,8.946
4.161,-2.239,8.79
3.424,-2.127,8.781
3.876,-2.108,8.963
3.876,-1.988,8.831
3.603,-1.995,8.891
3.84,-2.017,8.8
4.089,-2.172,8.862
4.005,-2.103,8.867
3.393,-1.962,8.879
3.606,-1.754,8.719
4.149,-1.986,8.702
4.022,-2.309,8.951
4.012,-1.993,8.886
3.95,-2.034,8.786
3.708,-1.921,8.735
3.704,-1.96,8.869
4.161,-2.163,8.898
4.213,-2.204,8.774
3.919,-2.01,8.793
3.744,-2.122,8.836
4.017,-2.175,8.829
3.912,-2.019,8.805
3.929,-2.031,8.776
3.957,-1.938,8.754
4.067,-1.986,8.831
4.017,-2.005,8.829
4.098,-2.084,8.795
4.079,-2.302,8.809
4.144,-2.079,8.798
3.936,-2.031,8.817
4.012,-2.036,8.903
4.067,-2.479,8.616
3.976,-1.838,8.783
4.187,-1.9,8.876
3.941,-1.974,8.747
3.905,-1.89,8.833
4.276,-1.991,8.79
4.115,-2.082,8.783
4.0,-1.962,8.781
3.984,-2.163,8.589
4.087,-2.139,8.86
4.23,-2.201,8.728
4.067,-1.794,8.896
3.936,-2.027,8.805
3.986,-2.096,8.814
3.967,-2.077,8.79
3.831,-1.84,8.824
3.991,-2.027,8.774
3.893,-1.995,8.836
4.046,-2.072,8.814
4.118,-2.108,8.819
4.139,-2.043,8.774
3.979,-2.007,8.891
3.9,-1.83,8.824
3.96,-2.053,8.664
3.893,-2.134,8.8
3.821,-1.931,8.836
3.795,-1.936,8.841
4.003,-2.031,8.867
4.058,-1.96,8.79
3.921,-2.261,8.836
4.144,-1.871,8.788
3.912,-2.091,8.848
3.79,-2.096,8.805
3.95,-1.814,8.819
3.996,-2.096,8.862
3.888,-1.96,8.812
3.914,-1.835,8.848
3.881,-2.019,8.9
3.996,-1.998,8.884
3.972,-1.948,8.886
3.998,-2.079,8.85
3.859,-2.122,8.778
4.096,-1.936,8.836
3.938,-2.149,8.754
3.783,-1.854,8.8
3.998,-1.878,8.917
4.046,-2.072,8.86
4.012,-2.058,8.8
3.962,-1.952,8.714
3.917,-1.799,8.812
3.981,-2.034,8.857
4.158,-1.998,8.826
3.996,-2.053,8.8
4.008,-2.022,8.793
3.986,-1.809,8.884
4.168,-1.885,8.9
3.981,-1.943,8.805
3.938,-2.041,8.762
4.048,-2.206,8.721
4.242,-2.036,8.943
4.048,-2.034,8.8
3.948,-1.974,8.865
4.125,-2.07,8.742
3.991,-2.187,8.764
4.113,-1.883,8.908
4.23,-2.086,8.69
4.015,-1.84,8.8
3.883,-1.79,8.86
3.862,-1.991,8.826
3.981,-1.95,8.74
3.945,-1.95,8.831
3.953,-1.893,8.841
4.02,-1.998,8.841
4.029,-1.933,8.879
3.974,-2.227,8.731
4.091,-2.067,8.8
4.084,-1.89,8.838
3.976,-1.744,8.829
4.058,-1.876,8.829
4.201,-2.048,8.798
4.053,-2.031,8.687
3.931,-1.983,8.802
3.919,-2.062,8.711
3.984,-1.96,8.757
4.165,-2.038,8.829
4.063,-2.108,8.826
4.06,-1.869,8.774
4.075,-1.976,8.821
4.158,-1.962,8.769
4.051,-2.125,8.719
4.058,-1.802,8.771
4.075,-1.895,8.821
4.328,-2.127,8.826
4.094,-2.036,8.683
3.926,-2.0,8.671
3.996,-2.074,8.642
4.247,-1.995,8.795
4.34,-1.955,8.845
4.182,-1.998,8.738
4.165,-1.995,8.685
4.055,-1.945,8.659
4.149,-2.096,8.75
4.192,-2.144,8.704
4.199,-2.0,8.683
4.185,-1.928,8.783
4.352,-2.094,8.762
4.278,-2.105,8.759
4.07,-1.84,8.845
4.029,-1.835,8.735
4.017,-1.909,8.721
3.905,-1.96,8.697
4.371,-2.034,8.831
4.278,-1.986,8.733
4.051,-1.787,8.795
3.979,-2.003,8.798
4.158,-1.971,8.824
4.103,-1.981,8.783
3.962,-1.651,8.841
4.041,-1.589,8.869
4.055,-1.713,8.857
4.003,-2.027,8.735
3.967,-1.828,8.766
4.027,-2.096,8.876
4.115,-2.062,8.817
3.945,-1.991,8.74
3.905,-1.852,8.867
3.957,-2.268,8.881
4.161,-2.256,8.869
4.118,-1.859,8.888
4.005,-1.849,8.927
3.902,-1.648,8.924
3.914,-1.768,8.872
3.988,-1.663,9.018
3.852,-1.744,8.929
3.919,-1.684,8.939
3.826,-1.608,8.879
3.766,-1.756,8.943
3.924,-1.828,8.994
4.07,-1.842,8.912
3.886,-1.761,8.893
3.96,-1.67,8.924
3.921,-1.847,8.893
3.859,-1.838,8.874
3.694,-1.491,9.008
3.823,-1.68,9.022
3.917,-1.45,8.908
3.795,-2.237,8.872
3.716,-1.799,8.927
3.802,-1.83,8.91
3.735,-1.842,8.884
3.9,-1.988,8.888
3.929,-1.742,8.989
3.869,-1.845,8.922
3.761,-1.916,8.963
3.802,-1.73,8.955
3.831,-1.845,8.939
3.79,-1.931,8.931
3.775,-1.833,8.958
3.926,-1.967,8.924
3.823,-1.902,8.91
3.816,-1.876,8.975
3.821,-1.883,8.91
3.859,-1.768,8.989
3.816,-1.857,8.939
3.809,-2.012,8.912
3.838,-1.704,9.025
3.84,-1.888,8.908
3.807,-1.89,8.898
3.74,-2.0,8.917
3.898,-1.928,8.939
3.764,-1.814,8.886
3.881,-1.895,8.888
3.771,-1.921,8.888
3.799,-1.89,8.946
3.898,-1.993,8.939
3.814,-1.826,8.943
3.692,-1.873,8.891
3.742,-1.96,8.929
3.795,-2.015,9.01
3.842,-1.842,8.975
3.821,-2.022,8.893
3.699,-2.007,8.862
3.689,-1.859,8.941
3.725,-1.921,8.908
3.898,-2.058,8.85
3.845,-2.012,8.884
3.821,-2.065,8.92
3.821,-1.79,8.931
3.84,-2.012,8.896
3.713,-2.163,8.829
3.773,-2.036,8.881
3.943,-1.983,8.97
3.852,-2.0,8.884
3.754,-1.907,8.843
3.854,-2.07,8.872
3.914,-2.165,8.85
3.945,-2.019,8.881
3.864,-2.012,8.867
3.859,-1.912,8.848
3.905,-2.007,8.824
4.02,-2.158,8.824
3.924,-2.058,8.881
3.898,-1.902,8.886
3.773,-1.964,8.86
3.905,-2.089,8.874
3.907,-2.108,8.848
3.996,-2.029,8.879
4.06,-2.038,8.865
3.926,-1.897,8.881
3.886,-2.041,8.795
3.907,-2.132,8.879
3.95,-2.12,8.867
3.969,-1.912,8.831
3.869,-2.108,8.848
3.917,-2.086,8.783
3.864,-2.089,8.802
3.871,-1.933,8.886
4.046,-2.137,8.833
3.979,-2.031,8.865
3.857,-1.964,8.843
3.898,-1.95,8.848
3.912,-2.029,8.896
3.969,-2.132,8.857
3.905,-2.029,8.86
3.919,-1.943,8.874
3.979,-2.012,8.843
3.943,-2.041,8.872
3.819,-1.988,8.867
3.862,-1.938,8.872
3.842,-2.012,8.766
3.905,-1.995,8.888
3.969,-1.912,8.888
3.996,-2.048,8.817
3.933,-1.957,8.879
3.831,-2.239,8.848
3.728,-2.108,8.836
3.866,-2.165,8.85
3.933,-2.278,8.793
3.807,-2.091,8.821
3.869,-2.089,8.824
3.95,-2.314,8.812
3.857,-2.156,8.841
3.811,-1.931,8.896
3.828,-2.074,8.869
3.921,-2.175,8.888
3.833,-2.12,8.812
3.826,-2.122,8.884
3.854,-2.361,8.848
3.809,-2.074,8.86
3.857,-2.077,8.86
3.924,-2.192,8.874
3.969,-2.137,8.886
3.838,-2.034,8.881
3.802,-2.079,8.903
3.831,-1.998,8.867
3.895,-2.151,8.948
3.974,-2.144,8.872
3.878,-2.18,8.826
3.708,-2.067,8.836
3.725,-2.072,8.865
3.831,-2.05,8.927
3.929,-2.194,8.881
3.857,-2.249,8.867
3.79,-2.06,8.853
3.771,-2.022,8.929
3.775,-2.084,8.934
3.893,-2.151,8.853
3.907,-2.137,8.872
3.773,-2.027,8.872
3.802,-2.036,8.884
3.742,-2.058,8.843
3.809,-2.292,8.817
3.835,-2.084,8.91
3.826,-2.18,8.865
3.883,-2.094,8.888
3.787,-2.189,8.826
3.783,-2.249,8.824
3.792,-2.117,8.869
3.79,-2.091,8.917
3.831,-2.089,8.908
3.754,-2.082,8.819
3.819,-2.192,8.817
3.814,-2.29,8.848
3.826,-2.113,8.86
3.785,-2.182,8.85
3.85,-2.311,8.798
3.866,-2.263,8.831
3.907,-2.158,8.802
3.914,-2.323,8.826
3.842,-2.23,8.8
3.936,-2.22,8.766
3.866,-2.345,8.826
3.876,-2.125,8.836
3.9,-2.007,8.843
3.814,-2.278,8.771
3.909,-2.292,8.783
3.854,-2.364,8.721
3.914,-1.969,8.821
3.984,-2.225,8.843
3.979,-2.421,8.802
3.907,-2.187,8.807
3.807,-2.067,8.843
3.845,-2.232,8.853
4.008,-2.366,8.807
3.988,-2.244,8.831
3.886,-2.134,8.79
3.845,-2.182,8.817
3.876,-2.247,8.865
3.912,-2.213,8.855
3.943,-2.242,8.809
4.036,-2.34,8.788
4.0,-2.177,8.812
3.988,-2.256,8.776
3.869,-2.29,8.69
3.85,-2.192,8.723
3.802,-2.117,8.92
4.072,-2.275,8.953
3.945,-2.268,8.879
3.955,-2.144,8.812
3.845,-2.299,8.855
3.96,-2.316,8.8
3.89,-2.278,8.778
3.819,-2.168,8.972
3.883,-2.151,9.001
4.017,-2.196,8.86
3.943,-2.199,8.931
2.957,-2.445,8.553
4.548,-2.139,9.049
3.948,-2.177,8.793
3.984,-2.531,8.774
3.948,-2.0,8.86
3.706,-2.232,8.824
3.936,-2.409,8.754
3.878,-2.409,8.833
3.804,-2.098,8.754
3.742,-2.385,8.757
3.811,-2.28,8.867
3.835,-2.417,8.86
4.101,-1.613,9.068
3.919,-2.321,8.817
3.929,-2.34,8.769
3.711,-2.139,8.841
3.723,-2.117,8.931
3.857,-2.414,8.948
3.802,-2.266,8.912
3.931,-2.211,8.984
3.953,-2.299,8.917
3.094,-2.84,8.771
4.307,-2.07,8.941
3.945,-2.428,8.68
3.874,-2.653,8.668
3.864,-2.079,8.781
4.005,-2.314,8.75
3.938,-2.067,8.759
3.754,-2.553,8.783
3.972,-2.491,8.824
3.898,-2.414,8.726
4.115,-2.294,8.848
4.0,-2.467,8.738
3.993,-2.16,8.865
3.96,-2.838,8.781
3.823,-2.797,8.809
3.919,-1.861,8.984
4.18,-1.933,9.135
2.869,-3.893,9.039
4.087,-2.799,8.553
4.031,-2.287,8.659
3.768,-2.558,8.51
4.065,-2.4,8.697
4.177,-2.634,8.666
4.158,-2.385,8.776
4.036,-2.323,8.752
3.957,-2.359,8.635
4.063,-2.058,8.652
3.914,-2.239,8.86
4.01,-2.888,8.781
4.106,-2.146,8.776
4.077,-2.103,8.654
3.895,-2.845,8.642
4.031,-2.283,8.735
4.185,-2.196,8.778
4.12,-2.577,8.769
4.065,-2.376,8.776
4.077,-2.493,8.795
4.048,-2.574,8.908
3.945,-2.493,8.632
4.048,-2.74,8.589
2.158,-3.211,9.037
4.314,-1.797,8.943
4.185,-2.397,8.448
4.187,-2.742,8.606
4.055,-2.237,8.604
4.197,-2.483,8.711
3.965,-2.771,8.644
3.998,-2.909,8.415
4.192,-1.708,8.833
3.972,-1.995,8.798
4.247,-2.756,8.589
4.041,-2.95,8.606
4.221,-2.393,8.716
4.151,-2.249,8.711
4.072,-2.464,8.685
3.948,-2.469,8.675
4.084,-2.338,8.745
4.005,-2.426,8.74
4.089,-2.448,8.752
4.084,-2.335,8.807
4.06,-2.472,8.781
4.003,-2.352,8.862
4.046,-2.366,8.8
4.512,-0.864,8.446
5.096,-4.11,8.185
3.754,-2.01,8.862
3.804,-2.467,8.575
3.723,-2.491,8.592
3.912,-2.488,8.582
3.924,-2.644,8.678
4.053,-2.491,8.731
3.909,-2.218,8.762
3.945,-2.122,8.742
3.967,-2.476,8.747
4.01,-3.129,8.551
4.02,-2.316,8.697
3.876,-1.9,8.807
3.931,-2.457,8.726
3.991,-2.723,8.632
3.883,-2.452,8.697
3.921,-2.287,8.788
3.905,-2.438,8.68
4.008,-2.632,8.704
3.96,-2.67,8.69
3.898,-2.598,8.771
4.003,-2.615,8.666
3.933,-2.78,8.62
3.84,-2.594,8.69
3.931,-2.562,8.704
3.893,-2.553,8.714
3.988,-2.591,8.711
3.953,-2.658,8.719
3.831,-2.606,8.628
3.909,-2.5,8.666
3.948,-2.498,8.661
4.084,-2.653,8.731
3.988,-2.751,8.683
3.981,-2.507,8.714
3.941,-2.498,8.649
3.921,-2.641,8.766
3.996,-2.795,8.608
4.048,-2.701,8.573
4.041,-2.649,8.68
4.039,-2.61,8.652
3.898,-2.632,8.623
3.838,-2.625,8.671
4.0,-2.814,8.613
4.02,-2.785,8.565
4.017,-2.632,8.573
3.996,-3.065,8.479
3.962,-2.582,8.709
3.981,-2.352,8.668
4.02,-2.338,8.659
4.034,-3.072,8.577
4.098,-2.986,8.515
3.9,-2.385,8.709
3.974,-2.486,8.69
4.067,-2.735,8.575
3.979,-2.751,8.577
4.067,-2.74,8.664
3.967,-2.74,8.565
3.857,-2.67,8.62
3.895,-2.689,8.618
4.163,-2.869,8.632
4.043,-2.799,8.601
4.036,-2.541,8.597
4.053,-2.546,8.628
3.976,-2.742,8.575
3.876,-2.89,8.57
3.893,-2.845,8.647
4.015,-2.862,8.608
4.082,-2.804,8.604
4.029,-2.625,8.711
3.986,-2.694,8.604
3.993,-2.783,8.565
4.005,-2.749,8.616
4.048,-2.562,8.671
3.996,-2.728,8.632
4.067,-2.735,8.63
4.036,-2.634,8.654
4.084,-2.565,8.642
3.912,-2.67,8.542
3.881,-2.797,8.592
4.077,-2.823,8.599
4.087,-2.656,8.695
4.017,-2.634,8.685
4.051,-2.644,8.594
3.943,-2.591,8.723
3.871,-2.488,8.647
3.883,-2.79,8.666
4.012,-2.725,8.635
4.106,-2.806,8.616
3.883,-2.579,8.647
3.845,-2.589,8.707
3.936,-2.658,8.642
3.869,-2.778,8.754
3.921,-2.787,8.632
3.945,-2.756,8.69
3.948,-2.704,8.647
3.833,-2.5,8.723
3.893,-2.613,8.632
3.912,-2.785,8.601
4.005,-2.622,8.781
3.969,-2.567,8.774
3.919,-2.524,8.757
3.874,-2.706,8.683
3.797,-2.687,8.592
3.768,-2.637,8.635
3.708,-2.644,8.618
3.89,-2.68,8.664
3.941,-2.96,8.652
3.895,-2.656,8.635
3.883,-2.615,8.654
3.819,-2.828,8.644
3.842,-2.912,8.687
3.962,-2.768,8.63
3.914,-2.682,8.709
3.914,-2.763,8.618
4.015,-2.838,8.659
3.996,-2.622,8.728
3.912,-2.62,8.69
3.874,-2.804,8.606
3.768,-2.835,8.585
3.996,-2.895,8.692
4.072,-2.838,8.632
3.986,-2.811,8.616
3.893,-2.857,8.522
3.833,-2.89,8.558
3.804,-2.72,8.647
4.127,-2.582,8.735
4.024,-2.847,8.556
3.979,-2.608,8.652
4.228,-3.242,8.475
4.127,-2.572,8.745
4.053,-2.878,8.53
3.881,-2.692,8.649
4.292,-2.732,8.573
4.098,-2.656,8.63
3.931,-2.737,8.597
4.043,-3.062,8.534
3.988,-2.866,8.561
4.209,-2.79,8.491
4.127,-2.73,8.508
3.902,-2.754,8.606
3.96,-2.632,8.604
4.323,-2.73,8.608
3.945,-3.22,8.494
3.895,-2.929,8.568
4.031,-2.675,8.551
4.192,-2.531,8.635
4.015,-2.938,8.489
4.024,-2.885,8.491
3.929,-2.828,8.608
4.0,-2.873,8.534
3.979,-2.306,8.63
4.441,-2.577,8.642
3.926,-2.46,8.719
3.646,-2.452,8.597
3.819,-3.139,8.532
4.46,-2.632,8.637
4.02,-2.878,8.513
4.027,-2.792,8.649
4.087,-2.244,8.731
4.13,-2.749,8.652
3.852,-3.383,8.518
3.795,-2.84,8.585
3.941,-2.562,8.774
3.996,-2.589,8.604
3.85,-2.763,8.687
4.144,-2.682,8.582
3.73,-3.235,8.623
4.017,-3.06,8.642
4.421,-2.421,8.625
3.747,-2.682,8.592
3.452,-2.814,8.687
4.826,-1.431,8.104
4.084,-2.082,8.733
3.847,-3.12,8.455
3.857,-3.268,8.599
3.948,-3.074,8.582
4.031,-2.907,8.611
3.737,-1.555,8.711
3.852,-3.24,8.527
3.974,-2.974,8.546
3.862,-2.873,8.64
4.07,-2.826,8.68
3.905,-2.754,8.649
3.749,-2.771,8.611
3.835,-2.84,8.589
3.974,-2.84,8.565
4.058,-2.763,8.692
4.02,-2.716,8.613
3.804,-3.077,8.577
4.11,-3.175,8.331
4.448,-3.376,8.314
4.536,-3.065,8.242
4.13,-3.091,8.317
4.288,-3.103,8.228
4.223,-2.964,8.345
4.503,-3.017,8.297
4.194,-2.969,8.329
4.433,-2.969,8.307
4.314,-2.909,8.259
4.534,-2.933,8.266
4.56,-2.991,8.161
3.957,-2.584,8.314
4.192,-3.113,8.331
4.393,-3.139,8.302
4.687,-2.565,8.455
4.591,-2.763,8.362
4.209,-2.835,8.443
4.307,-2.696,8.317
4.187,-2.818,8.305
4.386,-3.034,8.3
4.333,-2.747,8.3
4.146,-3.098,8.436
4.302,-3.165,8.254
4.438,-2.574,8.271
4.345,-2.945,8.429
4.249,-3.096,8.431
4.276,-3.067,8.341
4.249,-2.876,8.259
4.278,-2.897,8.355
4.362,-2.888,8.372
4.304,-2.78,8.396
4.197,-2.878,8.4
4.532,-3.019,8.396
4.465,-2.969,8.295
4.311,-2.816,8.367
4.242,-2.838,8.408
4.142,-2.888,8.372
4.347,-2.981,8.319
4.354,-3.084,8.329
4.424,-2.897,8.312
4.4,-2.873,8.329
4.06,-2.964,8.343
4.223,-2.883,8.307
4.273,-2.919,8.384
4.364,-2.936,8.36
4.321,-2.905,8.357
4.41,-2.783,8.384
4.242,-2.756,8.288
4.302,-2.795,8.319
4.517,-2.816,8.355
4.357,-2.96,8.374
4.426,-3.091,8.269
4.481,-2.864,8.252
4.354,-2.893,8.343
4.266,-2.909,8.398
4.338,-2.869,8.341
4.347,-2.845,8.338
4.364,-2.751,8.355
4.431,-2.811,8.307
4.39,-2.948,8.429
4.276,-2.792,8.379
4.261,-2.763,8.262
4.398,-2.74,8.238
4.319,-2.885,8.391
4.462,-3.156,8.209
4.393,-3.129,8.274
4.395,-3.019,8.254
4.395,-3.106,8.233
4.235,-2.938,8.338
4.134,-2.986,8.398
4.146,-2.9,8.352
4.431,-2.78,8.331
4.555,-3.084,8.226
4.57,-2.895,8.295
4.563,-2.806,8.305
4.455,-2.828,8.41
4.469,-2.594,8.35
4.412,-2.56,8.302
4.161,-2.503,8.228
4.213,-2.617,8.434
4.366,-2.802,8.446
4.723,-2.878,8.274
4.811,-3.022,8.113
4.61,-3.048,8.099
4.386,-3.275,8.185
4.338,-2.854,8.372
4.491,-2.972,8.221
4.515,-3.07,8.08
4.412,-2.902,8.161
4.457,-2.792,8.245
4.393,-2.706,8.302
4.532,-2.914,8.192
4.601,-3.067,8.034
4.764,-3.082,8.245
4.687,-3.0,8.233
4.589,-2.778,8.183
4.457,-2.845,8.192
4.505,-3.07,8.283
4.563,-2.948,8.283
4.646,-2.929,8.242
4.618,-3.031,8.14
4.646,-3.048,8.032
4.579,-2.795,8.128
4.429,-2.89,8.192
4.606,-3.072,8.288
4.599,-3.125,8.135
4.465,-2.912,8.104
4.433,-3.015,8.257
4.579,-2.926,8.247
4.565,-3.161,8.175
4.622,-2.976,8.096
4.469,-3.072,8.276
4.608,-2.984,8.245
4.613,-3.053,8.24
4.567,-2.914,8.106
4.472,-3.084,8.154
4.503,-2.938,8.226
4.548,-3.118,8.108
4.532,-2.943,8.128
4.371,-2.833,8.204
4.486,-2.479,8.082
5.826,1.0,6.96
3.285,-8.996,11.891
6.733,2.091,7.101
3.653,-6.048,9.479
4.448,-3.046,8.329
4.565,-3.232,8.195
4.436,-3.113,8.094
4.405,-3.158,8.226
4.699,-2.735,8.195
4.546,-3.086,8.163
4.4,-3.268,8.14
4.357,-3.333,8.032
4.209,-3.725,8.161
4.228,-3.96,8.087
5.359,-0.232,8.274
4.352,-1.744,8.699
4.254,-2.699,8.515
4.149,-3.668,8.25
4.388,-3.759,8.058
4.474,-2.452,8.484
4.357,-2.713,8.568
4.244,-3.173,7.788
4.412,-3.165,8.381
4.094,-3.101,8.274
4.278,-2.792,8.465
4.273,-2.838,8.396
4.197,-2.718,8.46
4.206,-2.998,8.345
4.276,-2.943,8.384
4.381,-2.933,8.477
4.199,-2.804,8.486
4.072,-2.828,8.393
4.063,-2.998,8.345
4.087,-2.811,8.472
4.378,-2.589,8.522
4.481,-2.838,8.503
4.103,-2.651,8.424
4.096,-2.787,8.451
4.13,-2.608,8.494
4.347,-2.826,8.364
4.199,-2.809,8.446
4.182,-2.838,8.46
4.053,-3.146,8.403
4.218,-2.952,8.381
4.206,-2.936,8.463
4.115,-2.706,8.479
4.23,-2.778,8.441
4.252,-2.845,8.427
4.309,-3.122,8.405
4.41,-3.129,8.355
4.309,-2.996,8.367
4.252,-2.847,8.408
3.979,-2.78,8.431
4.24,-2.984,8.415
4.304,-2.921,8.417
4.058,-2.897,8.381
4.23,-2.955,8.455
4.316,-2.735,8.46
4.079,-2.873,8.494
4.144,-2.881,8.451
4.189,-2.778,8.412
4.142,-3.036,8.484
4.244,-2.871,8.451
4.115,-2.704,8.467
4.063,-2.847,8.46
4.13,-2.835,8.472
4.185,-2.897,8.427
4.103,-2.919,8.417
4.022,-2.677,8.431
4.118,-2.682,8.453
4.192,-3.003,8.381
4.18,-2.931,8.489
4.151,-2.828,8.453
4.165,-2.72,8.544
4.199,-3.0,8.522
4.137,-2.986,8.324
4.031,-2.811,8.494
4.295,-2.744,8.867
3.95,-3.211,8.274
4.225,-2.673,8.443
4.914,-0.49,8.685
5.144,-7.252,8.338
4.965,-1.192,8.135
4.273,-2.67,8.455
3.909,-2.84,8.515
4.17,-2.943,8.4
4.118,-2.802,8.551
4.113,-2.952,8.441
4.127,-2.943,8.475
4.041,-2.976,8.46
4.063,-2.881,8.482
4.103,-2.84,8.477
4.142,-2.869,8.489
4.175,-2.917,8.482
4.079,-2.653,8.486
4.012,-2.79,8.467
4.115,-2.866,8.513
4.036,-2.806,8.62
4.199,-3.082,8.477
4.225,-3.041,9.046
3.869,-2.663,8.51
4.005,-2.883,8.644
4.0,-3.342,8.642
4.878,-1.711,8.364
4.12,-3.216,8.326
4.008,-2.787,8.577
4.158,-2.897,8.446
4.082,-3.003,8.527
4.113,-2.996,8.439
4.225,-2.96,8.443
4.115,-2.926,8.496
4.139,-2.744,8.522
4.029,-2.787,8.484
4.041,-2.818,8.513
3.919,-2.673,8.501
4.067,-2.869,8.518
4.041,-2.818,8.556
3.986,-2.799,8.525
4.108,-2.979,8.475
4.101,-2.89,8.565
4.134,-2.763,8.544
4.041,-2.768,8.491
4.058,-2.613,8.575
3.984,-2.716,8.563
3.991,-2.701,8.508
3.962,-2.828,8.542
4.132,-2.938,8.396
4.154,-2.763,8.585
3.969,-2.768,8.537
4.075,-2.747,8.532
4.043,-2.759,8.539
3.912,-2.677,8.534
4.177,-2.909,8.434
4.335,-2.613,8.489
4.151,-2.689,8.486
4.027,-2.615,8.542
4.055,-2.744,8.549
4.113,-2.945,8.542
3.948,-2.902,8.463
3.924,-2.723,8.448
4.017,-2.845,8.501
4.096,-2.809,8.585
4.221,-2.984,8.463
4.182,-2.816,8.443
4.051,-2.787,8.479
4.06,-2.806,8.498
4.029,-2.84,8.542
4.177,-2.708,8.46
4.139,-2.845,8.429
4.072,-2.895,8.364
4.276,-3.022,8.525
4.168,-3.019,8.417
4.165,-2.823,8.419
4.177,-2.914,8.436
4.008,-2.806,8.369
4.137,-2.881,8.489
4.244,-2.926,8.479
4.125,-2.785,8.482
4.127,-2.661,8.568
4.12,-2.732,8.532
4.079,-2.768,8.486
3.936,-2.842,8.482
4.264,-2.85,8.477
4.151,-2.806,8.508
4.043,-2.754,8.494
4.031,-2.771,8.494
4.029,-2.677,8.599
4.108,-2.778,8.522
4.07,-2.823,8.47
3.986,-2.56,8.563
4.098,-2.682,8.52
4.091,-2.859,8.475
4.139,-1.215,8.312
4.108,-3.232,8.429
4.015,-2.405,8.458
5.237,0.373,8.467
4.115,1.62,8.695
3.476,-3.345,8.608
3.948,-2.543,8.628
3.943,-2.806,8.62
3.943,-2.809,8.405
4.096,-2.936,8.494
4.173,-3.01,8.4
4.199,-2.866,8.527
3.969,-2.859,8.534
3.986,-2.73,8.551
4.101,-2.696,8.616
4.125,-2.775,8.563
4.089,-2.649,8.599
4.058,-2.663,8.472
3.89,-2.663,8.508
3.883,-2.711,8.611
3.984,-2.603,8.618
3.799,-2.641,8.632
3.886,-2.775,8.664
3.957,-2.862,8.575
3.764,-2.802,8.58
3.787,-2.452,8.642
4.048,-2.562,8.692
3.862,-2.656,8.549
3.933,-2.735,8.532
3.926,-2.603,8.637
3.797,-2.701,8.589
4.003,-2.74,8.673
3.945,-2.754,8.599
4.015,-2.847,8.573
4.039,-2.663,8.594
4.027,-2.716,8.561
3.96,-2.735,8.582
3.048,-0.39,8.173
3.785,-3.74,8.434
4.122,-2.778,8.664
3.917,-4.197,8.857
1.938,-2.493,8.819
4.07,-2.328,8.577
4.175,-2.529,9.051
3.972,-2.586,8.549
3.888,-2.948,8.582
4.321,-2.436,8.594
4.139,-2.73,8.467
4.144,-2.991,8.472
4.084,-2.842,8.506
3.979,-2.663,8.364
4.189,-2.759,8.534
4.091,-2.708,8.575
4.132,-2.85,8.532
4.113,-2.407,8.563
4.106,-2.673,8.553
4.055,-2.735,8.518
4.163,-2.749,8.577
4.151,-2.572,8.482
4.13,-2.603,8.513
4.161,-2.761,8.53
4.247,-2.835,8.477
4.201,-2.637,8.53
4.142,-2.5,8.542
4.091,-2.527,8.527
4.374,-2.833,8.501
4.283,-2.673,8.513
4.142,-2.601,8.479
4.077,-2.448,8.604
4.065,-2.586,8.625
4.185,-2.608,8.553
4.596,-2.699,8.721
4.185,-2.299,8.573
3.878,-2.479,8.592
4.084,-2.57,8.597
3.886,-2.5,8.508
4.106,-2.646,8.738
4.273,-2.625,8.604
3.986,-2.562,8.635
4.041,-2.876,8.522
3.976,-2.574,8.642
3.819,-2.553,8.635
4.122,-2.606,8.597
4.048,-2.653,8.723
3.981,-2.539,8.582
4.015,-2.594,8.448
3.761,-2.524,8.64
3.898,-2.522,8.661
4.201,-2.833,8.539
4.034,-2.878,8.558
4.098,-2.735,8.589
4.065,-2.754,8.518
4.022,-2.857,8.618
3.924,-2.55,8.608
3.819,-2.594,8.477
3.972,-2.694,8.556
3.972,-2.806,8.589
3.893,-2.675,8.52
3.998,-2.694,8.637
3.883,-2.658,8.683
3.957,-2.661,8.671
4.087,-2.811,8.47
3.854,-2.622,8.599
3.914,-2.522,8.687
4.151,-3.015,8.58
3.85,-2.572,8.695
3.893,-2.732,8.661
4.055,-2.785,8.671
3.869,-2.51,8.575
3.976,-2.527,8.671
3.929,-2.675,8.69
3.677,-2.639,8.608
3.67,-2.704,8.687
3.79,-2.806,8.644
4.108,-2.79,8.709
3.869,-2.548,8.632
3.596,-2.713,8.632
3.809,-2.682,8.625
3.945,-2.579,8.709
3.797,-3.158,8.85
4.134,-2.476,8.625
3.775,-2.591,8.707
3.737,-2.546,8.695
3.747,-2.539,8.656
3.893,-2.716,8.666
3.816,-2.646,8.362
3.637,-2.366,8.752
3.833,-3.189,8.908
4.072,-2.572,8.726
3.716,-2.507,8.63
4.063,-2.785,8.599
3.996,-2.883,8.51
3.9,-2.67,8.565
3.811,-2.606,8.647
3.445,-2.23,8.12
3.986,-2.811,8.661
4.146,-2.955,8.642
4.02,-2.665,8.561
3.955,-2.905,8.604
4.209,-3.039,8.587
4.098,-2.747,8.69
4.027,-2.548,8.644
3.359,-1.639,7.833
4.051,-2.708,8.537
3.95,-2.907,8.647
4.02,-2.613,8.467
4.146,-2.912,8.561
3.933,-2.969,8.47
4.091,-2.89,8.558
4.108,-2.845,8.601
3.988,-2.94,8.475
4.096,-2.917,8.63
3.596,-2.964,8.522
4.376,-2.419,8.601
4.091,-2.854,8.565
4.206,-2.929,8.465
4.144,-2.802,8.558
4.022,-2.766,8.513
4.194,-2.991,8.357
4.12,-3.118,8.544
3.898,-2.759,8.415
4.046,-2.665,8.448
4.008,-2.792,8.482
4.118,-3.118,8.539
3.945,-2.699,8.525
4.015,-2.684,8.553
4.383,-3.055,8.451
4.29,-3.034,8.575
3.955,-2.479,8.597
4.089,-2.661,8.513
4.125,-2.878,8.455
3.924,-2.665,8.498
4.003,-2.885,8.477
3.809,-3.173,8.331
4.479,-2.728,8.618
4.17,-2.792,8.384
3.783,-2.972,8.364
3.981,-2.996,8.498
3.988,-2.795,8.491
3.929,-2.527,8.479
4.113,-2.912,8.556
3.476,-1.096,7.982
4.261,-2.818,8.661
3.941,-1.914,8.455
4.307,-2.586,8.575
4.008,-2.627,8.585
4.11,-2.716,8.599
4.084,-2.641,8.534
4.101,-2.641,8.563
3.065,-2.792,8.331
4.118,-2.902,8.625
3.795,-2.783,8.575
3.979,-2.543,8.508
3.969,-2.871,8.412
4.034,-2.644,8.587
4.225,-2.799,8.592
3.943,-2.476,8.644
3.991,-3.182,8.546
4.584,-2.029,8.539
4.235,-2.51,8.443
3.871,-2.615,8.568
3.967,-2.847,8.585
3.785,-2.634,8.475
3.988,-2.625,8.577
4.108,-2.555,8.613
4.39,-3.074,8.927
3.883,-2.493,8.544
4.11,-2.543,8.64
4.331,-2.893,8.53
4.029,-2.783,8.434
3.883,-2.51,8.477
4.027,-2.586,8.597
4.027,-2.407,8.601
4.12,-2.541,8.187
3.761,-2.216,8.678
4.292,-2.74,8.53
4.07,-2.816,8.458
4.077,-2.677,8.649
4.005,-2.677,8.585
4.017,-2.622,8.625
3.969,-2.768,8.542
4.034,-2.737,8.594
3.943,-2.51,8.656
4.314,-2.517,8.644
4.036,-2.756,8.489
4.036,-2.649,8.503
4.041,-2.649,8.589
3.996,-2.637,8.632
4.125,-2.507,8.659
4.185,-2.615,8.537
4.096,-2.574,8.534
4.01,-2.711,8.561
4.091,-2.661,8.628
4.221,-2.806,8.563
4.113,-2.749,8.532
3.988,-2.775,8.501
4.039,-2.467,8.525
4.094,-2.639,8.594
4.046,-2.639,8.573
3.886,-2.522,8.475
3.826,-2.629,8.486
4.156,-2.661,8.558
4.503,-2.692,8.683
4.048,-3.187,8.623
4.386,-2.417,8.678
4.225,-2.297,8.573
