3.749,-2.835,8.616
3.792,-2.565,8.731
3.881,-2.756,8.618
3.735,-2.472,8.709
3.929,-2.771,8.649
3.811,-2.675,8.685
3.823,-2.716,8.659
3.864,-2.543,8.664
3.828,-2.409,8.788
3.921,-2.56,8.678
3.943,-2.833,8.675
3.835,-2.476,8.752
3.766,-2.661,8.608
3.735,-2.448,8.747
3.785,-2.675,8.685
3.802,-2.737,8.582
3.886,-2.603,8.781
3.969,-2.68,8.685
3.766,-2.558,8.649
3.893,-2.718,8.62
3.874,-2.713,8.597
3.847,-2.661,8.666
3.96,-2.692,8.678
3.89,-2.541,8.654
3.976,-2.553,8.695
3.986,-2.68,8.673
4.115,-2.72,8.592
3.862,-2.541,8.632
4.008,-2.608,8.673
4.008,-2.572,8.64
4.027,-2.606,8.592
3.902,-2.804,8.678
3.967,-2.751,8.673
3.802,-2.601,8.659
3.984,-2.527,8.594
4.053,-2.629,8.587
3.984,-2.864,8.52
4.02,-3.003,8.544
3.821,-2.711,8.719
3.694,-2.436,8.649
3.79,-2.33,8.781
4.075,-2.553,8.711
4.146,-2.39,8.876
4.048,-2.127,8.824
4.369,-2.015,8.821
4.13,-2.089,8.709
3.976,-1.933,8.845
3.986,-2.172,8.709
3.9,-2.177,8.709
3.95,-2.199,8.8
3.962,-2.041,8.656
4.065,-2.072,8.865
4.24,-2.354,8.764
4.331,-2.321,8.874
4.063,-2.314,8.594
4.063,-2.278,8.608
3.931,-2.323,8.628
4.309,-2.326,8.766
4.156,-2.239,8.687
4.087,-2.237,8.618
3.993,-2.213,8.63
4.113,-2.302,8.714
4.149,-2.117,8.649
4.029,-2.22,8.723
4.101,-2.318,8.675
3.96,-2.321,8.558
3.972,-2.259,8.752
4.194,-2.352,8.649
4.137,-2.251,8.747
4.029,-2.242,8.561
3.854,-2.187,8.656
3.811,-2.237,8.608
4.046,-2.555,8.728
4.182,-2.436,8.68
4.125,-2.225,8.699
3.902,-2.232,8.668
3.912,-2.309,8.654
3.95,-2.407,8.649
4.005,-2.414,8.757
4.055,-2.476,8.664
4.015,-2.321,8.661
3.909,-2.333,8.702
4.003,-2.23,8.707
4.02,-2.412,8.716
4.103,-2.455,8.666
4.087,-2.211,8.678
4.036,-2.407,8.742
4.113,-2.438,8.597
4.072,-2.481,8.606
4.151,-2.149,8.613
4.003,-2.426,8.618
4.098,-2.591,8.644
4.201,-2.716,8.587
4.043,-2.249,8.594
4.125,-2.18,8.587
4.161,-2.256,8.613
4.165,-2.555,8.63
4.256,-2.507,8.58
4.18,-2.302,8.522
4.228,-2.11,8.613
4.271,-2.261,8.637
4.378,-2.395,8.702
4.323,-2.283,8.501
4.139,-2.539,8.482
3.938,-2.486,8.515
4.146,-2.579,8.486
4.213,-2.491,8.628
4.426,-2.644,8.546
4.027,-2.273,8.58
4.163,-2.397,8.52
4.232,-2.46,8.486
4.369,-2.39,8.589
4.256,-2.213,8.599
4.247,-2.192,8.642
4.199,-2.4,8.57
4.309,-2.397,8.735
4.35,-2.244,8.542
4.816,-1.448,8.281
4.087,-2.68,8.556
4.18,-2.622,8.601
4.087,-2.448,8.637
4.28,-2.483,8.439
4.151,-2.596,8.546
4.163,-2.455,8.57
4.24,-2.33,8.611
4.173,-2.263,8.623
4.039,-2.409,8.582
4.065,-2.302,8.673
4.211,-2.297,8.671
4.154,-2.239,8.644
4.156,-2.249,8.599
4.106,-2.527,8.573
4.158,-2.299,8.702
4.225,-2.4,8.57
4.118,-2.378,8.608
4.273,-2.316,8.623
3.426,-3.254,9.104
4.304,-2.402,8.537
4.228,-2.283,8.565
4.362,-1.926,8.695
4.541,-1.754,8.692
4.096,-2.043,8.64
4.359,-2.254,8.673
4.357,-2.311,8.453
3.862,-2.651,8.465
4.161,-2.239,8.587
4.058,-2.474,8.601
4.149,-2.388,8.613
4.254,-2.452,8.561
4.082,-2.273,8.647
4.197,-2.378,8.69
4.142,-2.23,8.611
4.098,-2.201,8.752
4.18,-2.586,8.601
3.972,-2.29,8.678
4.343,-2.369,8.635
4.185,-2.402,8.539
3.981,-2.304,8.606
4.187,-2.472,8.671
4.259,-2.574,8.678
4.17,-2.249,8.668
3.993,-2.163,8.594
3.972,-2.388,8.678
4.163,-2.543,8.805
4.07,-2.283,8.68
3.737,-1.981,8.551
3.787,-2.376,8.439
4.185,-2.572,8.757
4.182,-2.402,8.74
4.036,-2.18,8.699
3.881,-2.259,8.738
3.957,-2.338,8.735
3.988,-2.285,8.719
4.079,-2.34,8.757
4.07,-2.259,8.74
4.015,-2.254,8.716
3.886,-2.414,8.659
3.883,-2.407,8.628
3.972,-2.395,8.781
4.043,-2.359,8.714
4.041,-2.273,8.75
3.902,-2.17,8.671
3.917,-2.299,8.666
4.003,-2.534,8.786
4.108,-2.495,8.704
3.991,-2.211,8.697
3.871,-2.263,8.642
3.85,-2.393,8.673
3.988,-2.419,8.721
3.905,-2.275,8.664
3.854,-2.213,8.762
3.972,-2.216,8.774
3.988,-2.498,8.697
3.845,-2.438,8.668
4.031,-2.381,8.733
4.017,-2.45,8.709
3.842,-2.397,8.719
4.072,-2.242,8.733
4.012,-2.388,8.632
3.845,-2.283,8.699
4.008,-2.371,8.716
4.075,-2.424,8.721
3.986,-2.342,8.754
2.668,-1.409,8.829
4.261,-2.285,8.659
4.228,-2.216,8.738
4.398,-1.44,8.752
4.046,-2.177,8.599
4.063,-2.479,8.716
4.024,-2.539,8.695
3.991,-2.261,8.661
3.965,-2.371,8.649
3.909,-2.414,8.678
4.103,-2.345,8.714
4.06,-2.34,8.664
3.886,-2.402,8.637
4.034,-2.55,8.659
4.02,-2.608,8.656
4.039,-2.309,8.664
3.909,-2.419,8.613
3.976,-2.452,8.687
4.027,-2.507,8.611
3.988,-2.364,8.64
3.998,-2.405,8.604
4.067,-2.45,8.625
3.988,-2.512,8.666
4.034,-2.515,8.599
4.0,-2.476,8.647
4.048,-2.546,8.692
4.027,-2.452,8.613
3.976,-2.402,8.556
3.981,-2.539,8.594
4.084,-2.479,8.652
4.072,-2.455,8.642
3.996,-2.421,8.673
4.039,-2.457,8.604
3.965,-2.483,8.647
4.07,-2.443,8.613
4.082,-2.474,8.613
3.931,-2.467,8.695
4.01,-2.385,8.601
4.082,-2.326,8.635
4.06,-2.579,8.575
4.149,-2.503,8.606
4.151,-2.529,8.652
4.077,-2.46,8.57
3.905,-2.34,8.601
3.957,-2.35,8.661
4.075,-2.352,8.592
4.087,-2.467,8.63
2.902,-1.512,7.79
4.472,-2.46,8.79
4.46,-2.335,8.62
4.036,-2.326,8.575
3.95,-2.445,8.625
4.003,-2.235,8.702
4.06,-2.309,8.702
4.098,-2.366,8.692
3.993,-2.452,8.601
3.972,-2.634,8.568
4.132,-2.409,8.678
4.036,-2.572,8.539
4.13,-2.539,8.573
4.185,-2.555,8.616
4.012,-2.278,8.594
3.926,-2.364,8.69
4.031,-2.527,8.599
4.103,-2.5,8.635
4.139,-2.584,8.597
3.991,-2.524,8.587
3.976,-2.464,8.721
4.048,-2.426,8.635
4.008,-2.347,8.644
4.051,-2.519,8.63
4.134,-2.512,8.664
4.041,-2.369,8.608
4.072,-2.338,8.64
4.094,-2.558,8.625
4.077,-2.574,8.611
3.953,-2.577,8.599
3.933,-2.29,8.726
4.003,-2.369,8.618
3.998,-2.567,8.57
3.984,-2.539,8.632
3.996,-2.285,8.738
4.089,-2.424,8.683
3.938,-2.472,8.608
4.122,-2.35,8.745
3.902,-2.536,8.608
3.907,-2.548,8.625
3.835,-2.462,8.704
3.914,-2.33,8.697
3.895,-2.567,8.673
3.823,-2.608,8.618
3.984,-2.436,8.711
3.936,-2.383,8.695
3.876,-2.259,8.74
3.893,-2.242,8.74
3.933,-2.287,8.678
4.766,-2.108,8.62
3.866,-2.129,8.8
3.919,-2.182,8.807
3.397,-3.316,8.599
3.859,-2.364,8.675
4.029,-2.44,8.783
3.941,-2.373,8.721
3.996,-2.44,8.702
3.931,-2.665,8.606
3.84,-2.62,8.642
3.917,-2.424,8.747
3.907,-2.371,8.752
3.962,-2.531,8.661
3.979,-2.823,8.623
3.979,-2.816,8.513
3.919,-2.359,8.616
3.84,-2.419,8.656
4.055,-2.632,8.659
4.089,-2.718,8.62
3.974,-2.488,8.678
3.955,-2.61,8.606
3.998,-2.706,8.594
3.917,-2.732,8.534
3.972,-2.507,8.64
4.079,-2.56,8.587
3.984,-2.637,8.594
4.154,-2.632,8.589
4.034,-2.574,8.587
3.728,-2.646,8.635
3.974,-2.483,8.592
4.175,-2.493,8.668
4.264,-2.579,8.628
4.146,-2.639,8.606
4.067,-2.495,8.637
4.046,-2.445,8.632
4.134,-2.345,8.637
4.003,-2.218,8.74
4.003,-2.309,8.58
4.381,-2.417,8.489
4.204,-2.567,8.637
4.168,-2.651,8.57
3.984,-2.464,8.611
3.941,-2.369,8.635
3.972,-2.507,8.608
3.988,-2.56,8.551
4.103,-2.814,8.489
4.445,-2.809,8.544
4.259,-2.663,8.52
4.0,-2.216,8.616
4.094,-2.381,8.561
4.221,-2.361,8.649
4.163,-2.283,8.628
4.084,-2.412,8.556
4.154,-2.364,8.556
4.311,-2.74,8.522
4.199,-2.634,8.534
4.168,-2.55,8.553
4.122,-2.433,8.515
4.177,-2.665,8.613
4.28,-2.591,8.594
4.218,-2.421,8.592
4.108,-2.251,8.463
4.115,-2.385,8.503
4.201,-2.656,8.637
4.323,-2.467,8.594
4.173,-2.385,8.57
4.089,-2.414,8.539
4.299,-2.495,8.597
4.266,-2.369,8.558
4.101,-2.424,8.561
4.063,-2.237,8.537
4.146,-2.199,8.661
4.249,-2.393,8.635
4.225,-2.44,8.539
4.187,-2.283,8.534
4.292,-2.46,8.544
4.264,-2.393,8.501
4.161,-2.402,8.503
4.189,-2.354,8.582
4.39,-2.373,8.654
4.496,-2.383,8.501
4.201,-2.45,8.455
4.082,-2.46,8.486
4.39,-2.438,8.64
4.295,-2.359,8.498
4.091,-2.227,8.52
4.072,-2.376,8.683
4.41,-2.388,8.58
4.34,-2.292,8.563
4.161,-2.208,8.553
4.096,-1.988,8.587
4.407,-2.361,8.561
4.534,-2.417,8.501
4.204,-2.376,8.503
4.29,-2.34,8.587
4.335,-2.318,8.565
4.122,-2.292,8.518
4.098,-2.216,8.565
4.352,-2.184,8.654
4.247,-2.036,8.642
4.17,-2.275,8.577
4.177,-2.565,8.673
4.096,-2.35,8.62
3.957,-2.249,8.623
4.067,-2.515,8.599
4.168,-2.56,8.592
4.154,-2.464,8.608
4.079,-2.261,8.601
3.969,-2.474,8.642
4.06,-2.567,8.606
4.247,-2.558,8.573
3.833,-2.065,8.728
3.988,-2.445,8.671
4.029,-2.51,8.637
3.895,-2.328,8.656
4.118,-2.572,8.685
4.139,-2.682,8.63
3.909,-2.378,8.711
3.965,-2.417,8.563
3.957,-2.495,8.63
3.991,-2.361,8.616
4.101,-2.608,8.62
4.151,-2.431,8.771
4.0,-2.445,8.561
3.917,-2.376,8.604
3.929,-2.589,8.628
3.979,-2.46,8.606
3.976,-2.452,8.719
4.017,-2.424,8.613
4.087,-2.541,8.592
4.065,-2.539,8.692
3.974,-2.452,8.594
3.869,-2.328,8.656
3.874,-2.543,8.611
4.01,-2.641,8.654
4.139,-2.651,8.697
4.003,-2.467,8.661
3.981,-2.431,8.611
3.862,-2.486,8.661
3.9,-2.577,8.616
3.912,-2.546,8.632
4.034,-2.448,8.752
4.048,-2.584,8.661
3.828,-2.46,8.697
4.01,-2.558,8.604
3.883,-2.397,8.618
3.594,-2.558,8.752
4.098,-1.883,8.826
4.216,-2.402,8.769
3.594,-2.436,8.85
4.419,-2.888,8.46
4.235,-2.17,8.731
3.826,-2.591,8.735
3.967,-2.479,8.64
3.792,-2.45,8.618
3.718,-2.515,8.711
3.761,-2.763,8.742
3.764,-2.725,8.721
3.886,-2.359,8.537
4.051,-2.335,8.788
3.945,-2.534,8.719
3.584,-2.778,8.539
3.553,-2.601,8.47
3.768,-2.696,8.996
4.067,-2.517,8.829
3.953,-2.871,8.735
3.598,-2.881,8.534
3.802,-2.718,8.642
3.692,-2.716,8.542
3.948,-3.091,8.92
4.697,-2.828,8.678
3.424,-2.622,8.429
2.718,-2.905,8.355
4.027,-2.785,8.518
3.945,-2.682,9.209
3.993,-2.237,9.123
3.768,-2.622,8.51
3.254,-2.163,8.994
2.481,-2.208,8.424
3.242,-2.749,9.07
3.941,-2.996,8.759
3.28,-2.742,8.601
3.852,-2.172,9.042
3.708,-2.584,9.173
3.397,-2.507,9.097
2.766,-2.249,8.764
3.491,-2.847,8.783
3.914,-2.821,8.92
2.749,-2.718,8.824
3.376,-3.4,8.984
3.658,-3.103,9.714
4.448,1.079,7.637
5.489,6.498,1.328
3.768,-3.787,8.08
2.192,-4.8,10.137
2.878,-3.211,8.939
3.043,-3.278,9.01
3.058,-2.606,8.929
2.974,-2.869,8.754
2.818,-2.909,8.996
2.962,-3.015,8.991
3.46,-3.441,8.955
3.22,-3.266,8.869
2.924,-2.852,9.022
3.017,-2.682,8.943
2.759,-3.06,8.788
2.579,-3.235,8.754
3.06,-3.065,9.022
2.974,-3.163,8.934
2.897,-3.077,8.85
3.129,-3.062,8.716
3.134,-2.797,9.03
3.0,-3.048,8.996
2.912,-3.565,8.704
2.79,-3.211,8.771
2.907,-3.287,8.96
2.933,-3.165,8.874
3.127,-3.455,8.886
3.34,-3.314,8.788
3.244,-2.469,9.046
3.527,-2.747,8.872
3.122,-2.29,9.176
2.271,-2.68,8.951
2.134,-3.395,8.848
3.113,-3.716,8.8
4.252,-2.455,9.039
3.778,-2.412,8.989
3.598,-2.869,8.817
3.33,-3.522,8.771
1.318,-2.61,8.862
2.675,-2.254,9.073
3.385,-1.864,9.833
4.288,-2.268,9.034
3.235,-3.07,8.917
2.373,-2.419,9.013
2.677,-2.852,8.75
2.421,-2.728,8.824
3.149,-4.285,11.078
5.888,6.395,0.73
4.221,-3.79,4.766
3.417,-3.046,7.953
3.481,-2.905,9.312
2.405,-2.278,9.628
2.845,-2.61,9.264
3.979,-2.816,9.02
2.373,-3.125,8.841
1.192,-2.603,8.977
3.287,-2.519,8.642
3.606,-2.582,9.183
3.079,-3.484,8.891
3.161,-3.474,8.802
3.323,-2.383,8.75
3.017,-1.316,9.24
3.369,-2.759,9.051
3.194,-3.752,8.546
3.211,-2.617,8.637
2.577,-2.718,8.876
2.455,-2.555,8.924
2.914,-3.106,8.604
3.129,-3.668,8.625
3.484,-2.548,9.073
3.452,-2.373,8.886
3.113,-2.46,8.759
3.591,-3.323,8.719
3.546,-2.881,8.929
3.441,-2.83,8.838
3.369,-3.027,8.8
3.326,-3.421,8.494
3.261,-3.256,8.573
3.299,-2.976,8.742
3.424,-2.962,8.891
3.881,-3.364,8.781
3.783,-3.101,8.606
3.577,-2.462,8.79
3.374,-2.483,9.092
3.481,-3.242,8.594
3.74,-3.625,8.453
3.919,-3.065,8.795
3.876,-2.742,8.819
3.508,-2.967,8.599
3.393,-3.199,8.491
3.543,-2.969,8.656
3.584,-3.127,8.714
3.802,-3.103,8.683
3.749,-3.115,8.558
3.701,-2.79,8.611
3.57,-2.929,8.63
3.61,-2.979,8.652
3.68,-3.101,8.704
3.845,-3.268,8.585
3.728,-3.177,8.522
3.524,-4.043,8.723
2.436,-7.654,12.633
5.137,-2.058,5.74
1.682,-13.508,17.963
3.859,2.527,6.19
5.146,-3.567,4.972
1.768,-6.18,15.968
6.625,2.885,-1.419
2.716,-5.969,9.783
3.431,-2.773,8.8
3.704,-3.007,8.742
3.869,-3.366,8.498
3.792,-3.292,8.525
3.606,-2.842,8.597
3.651,-2.823,8.589
3.85,-3.285,8.568
3.905,-3.302,8.52
3.852,-3.137,8.539
3.799,-2.854,8.697
3.764,-3.022,8.553
3.62,-3.051,8.745
3.857,-3.108,8.644
3.826,-3.194,8.367
3.625,-2.649,8.608
3.718,-3.029,8.539
3.814,-3.5,8.209
3.649,-3.185,8.364
3.39,-2.527,8.62
3.24,-2.067,8.608
3.886,-2.132,8.479
3.22,-1.754,8.704
2.11,-1.529,9.561
0.768,-1.357,9.927
0.828,-1.749,9.441
2.323,-0.548,8.393
2.917,0.029,10.032
1.347,0.811,11.781
0.268,-0.713,11.441
0.804,0.105,10.279
-0.383,1.838,8.632
-0.938,5.809,9.379
3.871,4.23,7.252
1.507,5.13,6.477
1.019,6.139,6.111
0.861,6.587,6.345
0.62,5.766,6.302
1.199,6.19,5.883
1.445,6.343,5.706
1.05,6.601,5.967
0.292,7.785,5.481
1.069,8.475,4.89
2.572,8.532,4.606
2.18,8.096,4.692
0.534,7.905,4.852
1.66,9.25,4.407
2.424,8.987,3.72
1.467,8.666,3.486
0.098,8.731,3.828
-0.352,8.032,3.565
0.581,7.293,3.625
0.591,7.278,4.108
-0.421,8.489,4.788
-0.16,7.393,4.292
0.127,7.175,4.998
0.677,7.317,5.687
0.579,7.764,6.001
0.945,7.587,6.17
1.816,6.793,6.539
1.17,6.175,6.666
1.093,6.546,6.991
1.218,7.592,7.936
1.634,5.213,8.829
1.201,4.924,9.551
1.457,3.938,9.673
1.354,2.778,8.817
0.316,0.62,8.4
0.481,0.49,9.42
1.034,0.548,8.884
1.28,1.223,8.958
-1.019,3.534,-4.448
0.782,-0.287,8.441
2.206,-0.038,9.058
-0.115,-2.744,8.905
-0.067,-2.141,8.702
1.024,-2.704,8.345
-0.218,-0.974,10.913
6.592,-3.819,6.728
-1.641,-6.838,9.377
-0.151,-6.479,9.534
-0.06,-2.795,9.92
-1.33,-2.761,10.733
-2.603,-0.785,11.358
-3.67,-3.864,10.616
-2.596,-6.484,9.312
-2.385,-6.534,6.745
-3.139,-6.319,5.788
-2.084,-7.388,2.627
-1.754,-7.683,-0.06
-2.165,-8.02,-0.065
-2.247,-8.132,-0.73
-1.72,-9.233,-0.522
-2.108,-8.192,-1.314
-3.369,-10.008,-0.462
-2.297,-9.367,0.179
-2.146,-9.51,1.562
-2.237,-10.64,0.926
-2.304,-9.996,1.39
-1.084,-12.178,0.553
-0.234,-11.188,-0.275
-0.624,-11.949,0.093
-0.512,-11.257,0.081
-0.115,-9.743,-1.732
0.699,-10.195,-4.534
1.163,-11.003,-8.113
1.287,-15.131,-11.901
0.273,-17.069,-10.903
-1.56,-12.2,-9.441
-1.316,-10.769,-10.795
-0.809,-10.633,-12.269
0.067,-8.891,-13.341
0.601,-8.692,-11.633
0.213,-7.989,-11.707
1.773,-6.85,-13.81
1.955,-7.594,-14.793
0.909,-8.178,-14.339
1.637,-8.23,-12.673
2.318,-6.903,-10.616
3.285,-7.092,-9.264
3.268,-6.355,-8.587
5.245,-7.683,-8.085
5.307,-5.101,-7.202
3.979,-7.113,-8.226
5.747,-6.998,-7.596
4.596,-6.359,-6.288
5.517,-7.668,-7.74
7.383,-3.622,-7.257
1.971,-7.352,-8.352
6.91,-2.481,-6.223
6.685,-1.928,-6.288
8.697,1.038,-10.386
11.989,4.161,-10.673
12.865,-0.546,-9.908
16.035,18.16,-2.57
5.821,6.111,3.036
13.485,-3.596,-5.02
17.406,11.24,-8.147
16.935,-3.185,-11.937
4.098,-4.295,-4.479
18.059,-14.08,-15.619
3.508,-20.777,-3.965
-12.824,-3.646,5.824
-2.038,-8.544,-0.715
0.074,-12.106,0.581
-4.256,-12.666,0.337
6.082,-5.611,2.323
-2.512,-11.441,4.242
2.519,-6.699,4.45
-3.144,-6.869,3.23
3.338,-7.84,1.491
-2.424,-7.333,3.187
1.785,-8.073,3.838
-0.373,-10.963,3.412
1.782,-10.231,5.591
2.273,-7.592,6.716
-3.529,-7.173,7.041
-0.565,-10.104,6.788
2.486,-7.436,7.465
-0.842,-8.58,8.039
0.402,-6.898,7.264
2.787,-7.24,6.723
-1.218,-6.843,7.549
-1.864,-5.733,7.678
1.986,-7.319,7.044
-0.091,-6.481,7.144
0.05,-8.96,6.525
-1.077,-5.553,8.943
-0.378,-7.68,8.558
1.072,-6.247,7.941
-0.646,-5.431,8.013
-0.89,-7.295,7.546
-1.479,-4.0,9.4
-0.019,-8.649,7.836
-0.804,-2.795,9.767
0.969,-7.017,8.975
0.443,-7.795,7.613
-2.462,-5.053,10.003
0.584,-7.333,9.161
-1.861,-4.503,9.69
-0.093,-5.034,8.802
0.5,-3.682,9.683
-1.012,-5.934,9.544
-1.06,-5.46,9.678
0.423,-3.24,10.118
-1.292,-4.448,8.869
-0.782,-5.115,8.735
-0.347,-4.63,8.872
0.502,-4.268,8.853
-0.469,-5.17,8.798
-0.115,-3.261,9.381
1.605,-4.496,9.159
0.033,-3.929,9.355
-0.325,-3.613,9.872
0.991,-4.0,9.226
1.019,-2.885,9.592
0.256,-3.965,10.078
0.081,-3.481,9.853
0.83,-2.869,10.09
0.885,-2.223,10.051
1.495,-2.385,10.049
0.646,-1.96,9.932
1.495,-2.835,9.477
0.414,-2.235,9.905
1.696,-0.94,9.915
0.811,-0.727,10.209
0.694,-1.23,10.123
1.412,-1.34,9.606
1.763,0.002,8.824
0.94,0.409,8.752
0.206,4.302,10.07
0.39,-0.833,9.857
3.321,2.574,9.176
-2.838,5.419,8.513
-0.01,0.56,9.207
4.072,0.787,8.96
1.656,-1.457,8.362
1.361,0.175,8.963
1.148,1.792,8.733
1.615,0.211,9.044
1.031,2.704,9.31
1.294,4.225,10.133
0.842,2.376,8.408
2.302,-0.103,6.541
3.082,0.165,6.479
2.909,0.538,7.343
2.902,2.271,8.118
3.56,2.271,7.886
4.522,4.077,6.668
3.393,2.44,5.185
1.684,1.337,5.637
1.285,1.304,4.919
-0.77,3.639,3.06
-1.06,2.481,3.651
-2.799,3.615,4.878
-4.098,2.929,3.663
-8.211,4.996,3.089
-10.023,5.307,3.146
-11.164,3.639,1.737
-10.92,4.977,-0.299
-13.721,9.044,0.199
-15.114,8.058,-1.067
-16.011,4.694,-4.051
-18.44,-2.419,-6.348
-22.234,-7.51,-6.568
-21.729,-8.257,-5.611
-22.782,-11.604,-5.606
-20.911,-22.914,-6.639
-26.804,-28.977,-3.831
-30.101,-30.467,3.931
-27.074,-27.455,16.671
-33.18,-20.141,12.934
-33.264,-12.197,5.082
-14.915,4.862,-0.744
-11.834,20.023,-2.802
-9.678,22.619,-7.108
-9.752,20.055,-1.943
-16.923,1.742,3.074
-36.102,7.419,3.809
-27.996,-3.972,1.117
-31.149,-1.359,1.464
-35.743,-7.455,4.618
-27.775,-5.773,2.938
-24.352,-10.891,7.154
-20.339,-0.921,2.074
-15.987,0.313,6.005
-12.676,-3.218,2.718
-8.86,-3.041,4.192
-10.834,-7.47,7.317
-8.867,2.036,6.759
-12.867,3.452,6.3
-14.662,2.127,7.163
-12.922,4.867,6.565
-12.477,6.362,5.591
-11.999,1.768,2.261
-16.516,-0.048,2.022
-13.511,-1.335,1.823
-13.616,3.252,5.039
-10.872,2.455,5.477
-9.132,0.493,1.943
-9.305,-1.591,1.258
-10.219,-1.27,0.333
-10.243,-1.431,-1.373
-10.735,-0.321,-3.39
-11.31,0.749,-3.866
-12.999,2.677,-4.386
-14.97,3.914,-4.941
-15.746,4.223,-4.938
-16.578,5.046,-4.902
-17.399,5.051,-4.338
-17.944,5.96,-5.962
-19.181,10.183,-7.159
-16.231,12.41,-2.921
-11.121,7.424,-2.83
-7.642,8.367,-9.353
-19.904,-2.223,14.678
-12.664,31.895,49.579
-10.606,12.836,14.492
-7.47,10.29,1.481
-1.986,7.082,10.326
3.213,7.465,8.683
3.486,4.072,9.963
1.948,4.345,12.03
0.758,0.538,14.274
-0.251,5.197,16.344
0.854,4.154,16.999
0.223,2.771,12.341
0.938,1.134,9.231
4.998,2.964,6.197
4.481,1.543,8.525
-5.699,-0.799,12.678
0.156,-0.05,9.228
0.294,1.452,9.147
0.691,-2.103,12.097
2.247,-2.852,10.049
-0.696,-1.163,10.034
-0.658,0.476,8.723
0.079,-3.874,8.419
-1.471,-6.592,7.204
0.579,-3.747,7.9
2.438,-4.034,5.596
-0.546,-4.735,8.448
-0.878,-7.082,7.745
-1.689,-5.733,8.379
0.179,-4.23,7.556
-1.074,-5.84,6.541
-0.679,-6.328,7.082
1.577,-5.216,6.513
0.196,-6.273,5.958
1.392,-4.424,6.338
-1.474,-7.711,5.524
0.033,-6.113,7.369
-0.907,-7.563,8.156
0.438,-6.185,6.958
-0.596,-5.702,7.01
0.069,-6.769,6.46
-0.179,-6.718,6.726
-0.007,-8.163,6.331
1.993,-6.996,5.778
0.526,-7.544,5.996
1.79,-5.032,5.632
0.278,-3.732,5.056
1.33,-4.843,6.642
0.5,-5.278,6.553
0.022,-4.527,5.532
0.584,-4.455,4.299
1.567,-4.749,5.991
2.802,-2.364,4.445
1.481,-1.627,2.546
0.34,-2.481,0.151
-3.991,0.333,0.892
-6.735,2.651,0.909
-12.511,3.101,3.546
-3.826,-25.335,15.523
-14.669,6.343,4.292
-17.327,2.728,3.759
-19.916,1.378,4.048
-19.696,-0.029,3.979
-18.667,1.069,1.014
-20.325,-7.678,-1.998
-22.672,-13.453,-4.079
-26.775,-22.588,-1.531
-21.801,-25.065,-4.443
-22.978,-29.094,-3.531
-25.601,-38.36,8.479
-23.481,-31.082,8.896
-26.498,-22.206,1.854
-18.801,-16.181,0.522
-11.618,2.742,-6.955
-11.147,9.467,-5.867
-4.132,20.748,-7.706
-19.689,16.576,-1.744
-43.145,-7.884,-0.488
-24.246,2.184,3.271
-31.111,-3.534,-0.148
-29.285,-6.994,-2.287
-26.704,-9.783,-1.352
-16.597,-4.677,-3.955
-23.387,-4.11,1.151
-17.844,-4.405,0.653
-12.877,-6.979,-6.95
-12.008,0.921,-0.715
-7.005,2.73,0.292
-14.927,0.969,3.833
-14.413,-3.261,2.701
-6.874,4.079,2.96
-7.489,0.675,4.89
-11.025,0.304,3.826
-13.52,0.471,1.742
-12.36,-2.034,2.105
-13.894,-2.926,2.278
-14.628,-2.168,4.56
-14.901,-1.426,4.498
-14.265,-2.156,3.996
-13.698,-2.096,2.003
-14.513,-3.448,0.467
-14.803,-1.715,0.617
-13.016,-1.615,-1.074
-12.094,-0.22,-2.586
-12.386,0.17,-3.46
-12.662,-0.036,-3.857
-14.422,2.359,-5.307
-13.97,0.828,-4.575
-13.339,1.538,-4.216
-14.394,0.065,-3.878
-15.559,1.258,-4.13
-16.511,2.316,-4.977
-15.935,4.17,-6.752
-16.557,4.941,-7.379
-15.348,5.534,-2.517
-11.188,6.69,-1.995
-8.324,7.974,-5.357
-13.085,6.089,5.175
-15.494,26.424,71.907
-9.551,25.168,21.679
-6.391,19.136,-3.9
1.617,2.711,1.907
2.338,4.295,8.553
0.476,3.771,11.877
0.624,5.984,13.566
1.744,4.625,14.64
0.112,5.828,14.705
0.761,3.031,15.458
0.866,0.995,12.214
4.041,1.689,12.595
2.725,2.567,9.415
1.505,2.314,7.147
0.287,1.297,6.534
0.861,1.988,9.192
-2.151,0.251,10.578
1.493,-0.16,9.74
2.105,-1.459,10.288
0.581,-1.148,10.779
-1.526,-2.433,10.554
0.746,0.825,9.587
-1.622,-3.56,8.412
0.117,-0.725,7.168
-0.854,-2.273,9.178
-0.823,-3.168,7.458
-1.141,-4.52,9.288
-0.481,-4.682,8.738
-0.648,-5.448,7.178
-1.134,-3.218,7.075
-0.505,-6.824,6.182
0.864,-4.924,5.579
1.177,-5.718,5.639
0.605,-5.13,5.524
0.991,-5.656,6.249
-0.278,-5.704,5.615
-1.51,-6.618,5.96
-0.601,-6.635,4.311
0.304,-6.757,6.338
0.335,-7.161,5.788
1.024,-7.656,5.472
1.4,-6.101,6.611
-0.041,-7.817,5.795
1.196,-6.58,5.699
0.194,-7.235,6.125
0.026,-6.113,6.537
-0.39,-7.12,5.874
0.603,-6.23,5.809
0.617,-5.974,4.816
0.072,-5.611,4.462
-0.136,-6.025,4.216
1.01,-4.52,3.804
1.237,-2.878,3.74
0.782,-1.306,4.127
-1.73,-0.419,4.072
1.4,-19.282,14.645
-8.726,2.869,4.756
-12.834,3.522,4.699
-12.032,4.599,4.398
-12.341,2.433,2.67
-13.726,1.002,1.113
-16.619,0.663,2.656
-15.734,1.469,1.093
-19.332,-3.883,-2.495
-21.071,-10.25,-4.955
-22.495,-14.245,-4.902
-25.589,-18.497,-3.555
-21.552,-23.072,-3.56
-26.244,-22.409,-2.993
-25.16,-32.46,-0.041
-21.954,-26.639,4.371
-26.495,-27.749,6.438
-24.251,-15.257,7.852
-13.645,-2.852,1.436
-7.601,4.024,-5.022
-5.139,10.094,-3.833
1.464,9.68,-4.283
-14.174,0.49,-4.981
-23.722,-4.835,-4.089
-18.468,-3.62,7.352
-18.004,-2.45,0.435
-29.694,-10.372,-2.598
-16.482,-0.768,-1.361
-27.579,-0.199,-0.79
-23.708,-6.29,4.62
-17.944,-4.682,0.45
-14.509,-4.902,-6.06
-4.752,-0.38,-2.328
-12.272,1.907,0.601
-13.446,12.377,-2.247
-11.248,2.098,1.912
-5.948,4.18,1.943
-6.187,0.907,2.795
-10.731,-0.751,1.914
-12.851,-3.271,2.428
-13.442,-3.287,3.704
-14.226,0.017,4.618
-12.307,-1.553,3.893
-12.283,-2.562,3.467
-12.35,-4.206,3.397
-12.016,-3.031,2.821
-11.09,-2.519,2.417
-11.721,-1.577,1.562
-12.166,-1.27,-0.019
-11.35,-0.141,-2.361
-9.707,0.385,-3.273
-9.355,1.876,-3.948
-10.154,1.916,-3.819
-12.444,1.816,-1.524
-11.972,2.871,-2.141
-14.178,1.421,-2.675
-13.839,2.622,-3.634
-14.164,4.4,-4.974
-16.143,8.061,-6.903
-15.903,9.417,-6.379
-13.236,8.281,-2.754
-11.032,4.965,-1.211
-9.47,4.874,-5.833
-11.716,1.581,3.766
-29.756,6.326,57.058
-8.008,23.823,26.158
-1.065,18.093,-0.751
4.802,1.742,7.549
2.409,2.617,13.107
-5.529,1.041,12.709
0.201,3.031,13.717
2.218,3.452,14.329
0.122,1.292,15.662
0.529,-1.06,14.836
0.141,-2.273,14.427
0.598,-1.318,14.076
0.211,-0.091,9.221
-2.256,-0.359,4.821
1.206,-3.149,8.857
-0.464,-3.199,9.13
0.715,-2.984,7.522
-0.29,-3.065,9.786
-0.041,-3.819,10.164
-0.005,-5.345,8.723
-2.101,-0.443,13.997
1.359,-2.467,11.013
2.546,-1.012,12.027
3.074,-0.017,14.389
0.471,-2.137,11.008
-0.199,-3.5,9.728
-0.584,-1.251,12.712
0.974,1.046,10.877
0.912,-0.469,12.298
1.031,-3.78,10.391
0.086,-2.876,15.334
0.038,-2.536,10.123
-0.799,-2.95,10.889
0.845,-1.345,10.494
1.538,-3.366,8.463
1.165,-5.154,8.553
0.813,-4.122,7.245
0.211,-4.608,7.022
1.603,-5.455,6.797
1.742,-5.637,7.907
1.201,-5.204,7.589
1.531,-6.41,6.333
1.759,-6.604,6.632
0.053,-6.257,6.828
-0.031,-6.601,7.362
1.041,-5.783,7.314
1.4,-6.642,5.852
0.086,-5.902,6.264
0.782,-5.962,5.974
1.007,-7.943,6.218
1.079,-5.579,6.144
-0.129,-6.326,6.182
0.072,-5.723,5.948
0.713,-6.161,6.034
1.337,-5.766,5.95
0.129,-7.089,6.307
0.792,-6.852,6.316
0.581,-6.831,5.938
0.488,-5.436,5.898
-0.833,-6.498,5.824
0.29,-7.58,5.362
0.079,-6.843,6.613
0.806,-2.888,6.412
-0.108,-2.381,5.979
-0.012,-2.273,5.41
0.211,-2.012,5.369
-0.373,-1.012,6.096
-1.364,-0.017,6.876
-0.677,1.328,7.015
0.041,2.534,7.022
-1.211,3.871,7.395
-2.567,2.749,6.879
-6.216,2.555,6.218
-10.573,0.713,5.369
-12.171,-0.397,4.008
-12.264,-1.924,1.945
-11.291,1.713,0.665
-14.056,0.677,-0.821
-15.468,-1.007,-0.49
-16.748,-3.711,-1.809
-20.265,-7.594,-4.646
-21.256,-8.649,-3.761
-22.239,-16.112,-6.115
-22.203,-22.27,-5.45
-21.818,-26.864,-4.457
-21.512,-29.436,-1.041
-22.622,-26.5,5.979
-24.5,-24.577,2.639
-22.564,-17.542,3.445
-21.296,-5.154,0.581
-4.926,7.218,-3.883
-0.072,18.916,-9.757
-12.721,11.549,-4.12
-23.923,5.898,-4.565
-29.807,-6.754,-4.5
-22.433,2.156,-6.962
-24.861,-8.472,-0.182
-29.529,-2.857,5.955
-25.873,-2.728,4.886
-21.275,-5.0,2.33
-18.32,-9.173,2.728
-15.746,-1.151,3.723
-10.762,0.811,-3.359
-12.039,4.204,-2.01
-10.104,-1.208,0.818
-14.114,-2.39,2.988
-10.929,1.608,2.438
-5.0,0.423,6.793
-6.644,1.251,6.434
-11.264,-3.043,1.995
-12.927,-2.737,0.935
-14.078,-3.204,2.773
-15.36,-1.05,4.905
-15.71,-0.074,6.336
-14.207,0.163,5.577
-13.767,-0.849,4.613
-13.425,-1.263,2.948
-13.848,-1.656,2.062
-15.064,-1.278,1.299
-14.446,-1.108,-1.275
-13.683,-0.505,-3.519
-13.738,0.005,-4.831
-13.532,1.306,-5.027
-12.109,0.754,-3.9
-11.831,5.749,-5.704
-12.968,1.462,-2.644
-13.152,3.139,-3.11
-14.353,6.001,-4.766
-15.796,5.524,-7.785
-17.076,4.919,-8.553
-13.291,2.787,-7.3
-11.243,0.672,-7.561
-10.393,-0.976,-2.467
-32.556,18.542,22.179
-18.208,21.031,19.813
-0.309,22.636,2.015
0.141,5.142,5.675
-2.122,8.833,11.448
-1.325,5.178,10.362
-2.749,7.695,11.023
-0.55,5.381,12.233
1.383,4.343,13.303
0.201,4.529,15.377
1.641,8.451,11.396
0.254,4.996,10.113
2.149,5.357,8.68
0.077,2.821,9.697
1.871,1.314,10.566
2.077,3.85,10.621
1.737,2.089,10.03
2.177,1.158,10.788
2.211,-1.904,8.941
3.852,-1.089,9.039
-2.247,-2.115,8.998
-0.144,-1.237,8.288
0.921,-1.861,8.568
0.9,-1.596,9.31
-0.993,-4.041,8.137
-0.605,-3.986,6.312
-0.445,-7.336,7.793
1.258,-2.936,7.663
-0.368,-3.496,7.192
1.297,-0.395,7.628
-1.928,-3.735,8.553
1.491,-4.144,8.721
0.754,-3.697,8.015
-1.519,-4.393,7.934
-0.761,-5.23,7.843
0.904,-4.235,7.659
0.742,-4.106,7.166
0.703,-4.421,7.754
0.017,-5.723,7.685
0.636,-7.238,7.45
-0.696,-6.948,6.338
-0.579,-6.974,6.95
-0.426,-7.417,7.037
-0.536,-7.209,7.096
0.758,-8.29,7.101
0.428,-7.484,7.29
1.744,-6.532,7.082
0.117,-6.02,6.089
1.089,-5.551,5.692
1.247,-3.948,5.137
0.892,-5.178,4.079
0.443,-5.855,4.23
0.053,-5.694,5.859
1.048,-4.823,4.701
0.938,-3.708,4.003
-0.141,-1.835,2.711
-2.39,0.002,3.153
-3.996,1.804,4.151
-8.297,3.419,4.512
-11.405,5.309,5.168
-13.099,3.419,6.111
-14.985,2.797,4.197
-14.028,4.154,4.814
-15.179,5.757,5.326
-15.726,5.639,2.22
-17.657,-3.0,-2.211
-22.292,-9.154,-2.931
-20.514,-13.071,-3.45
-22.706,-18.095,-5.323
-18.241,-23.117,-5.584
-21.95,-28.206,-1.646
-21.0,-33.089,4.795
-24.139,-31.142,10.891
-23.098,-25.292,11.822
-17.727,-13.683,8.132
-11.125,0.105,0.44
-3.381,5.003,-1.62
-5.974,16.717,-7.077
-8.032,13.439,-3.216
-12.023,5.95,1.895
-24.73,-6.123,-2.115
-28.481,-1.206,-4.259
-19.095,-1.352,-0.67
-24.459,-6.431,-1.637
-25.069,-4.584,-4.28
-21.323,-9.53,1.34
-20.289,-10.97,2.031
-20.016,1.84,0.72
-13.37,1.799,-1.646
-13.8,2.876,-3.508
-9.965,3.311,-3.213
-12.458,7.034,3.036
-11.066,3.24,2.192
-14.224,0.196,2.223
-10.982,-1.409,6.888
-7.819,6.73,8.238
-12.929,1.928,8.903
-14.351,-1.727,5.618
-12.884,-2.952,5.95
-12.506,6.18,9.695
-12.827,4.972,7.762
-12.604,-1.043,5.431
-11.446,-4.005,4.529
-11.228,-3.405,5.472
-10.396,-3.486,4.945
-9.704,-3.338,4.553
-9.81,-4.065,4.974
-9.101,-3.338,3.577
-9.137,-2.907,0.33
-11.76,-2.512,-2.701
-14.724,-0.598,-5.46
-14.853,-0.524,-7.374
-17.327,1.936,-7.539
-17.205,7.573,-6.745
-15.92,10.034,-9.269
-15.291,9.668,-11.051
-14.365,10.649,-11.539
-10.046,8.893,-6.726
-7.252,8.257,-4.5
-11.872,17.533,12.444
-32.532,19.571,23.237
-12.073,13.851,5.929
-12.094,8.441,4.78
-2.483,22.423,6.147
-6.048,16.033,7.97
-4.453,12.193,4.632
-2.311,6.249,6.733
-6.094,4.943,3.019
-8.979,3.393,4.744
-7.037,3.618,3.881
-7.317,4.618,3.149
-7.307,4.421,3.931
-6.486,1.912,1.031
-8.386,1.402,-3.141
-9.123,0.9,-0.768
-10.767,0.426,-1.976
-9.623,-3.893,-4.13
-11.903,-8.427,-8.436
-12.92,-11.657,-9.365
-16.157,-20.213,-9.467
-20.696,-27.938,-10.475
-21.799,-31.639,-1.773
-20.796,-36.791,4.835
-25.165,-33.278,10.602
-28.292,-32.245,14.312
-23.337,-8.496,7.202
-19.863,1.816,0.79
-14.195,1.261,-5.824
-14.777,7.144,-0.246
-20.184,11.58,-1.943
-28.496,-1.847,-0.541
-19.31,-1.541,-3.072
-26.766,-5.012,1.675
-27.488,-3.359,2.653
-20.354,-3.493,-1.847
-16.21,-7.644,-1.103
-18.509,-8.824,3.653
-13.858,-9.077,0.275
-15.384,-11.02,-0.818
-12.518,-11.039,-3.591
-10.805,-9.929,-5.603
-8.348,-6.273,-6.34
-7.986,-3.307,-5.62
-5.623,-0.531,-5.785
-5.412,0.933,-5.527
-4.187,0.44,-5.039
-3.486,1.476,-5.266
-2.893,0.352,-6.362
-2.18,1.201,-6.874
-1.869,3.575,-7.309
-3.713,4.462,-7.12
-3.924,4.625,-8.223
-2.493,7.297,-6.534
-1.258,5.441,-7.068
-1.876,5.041,-7.745
-1.28,0.821,-7.974
-1.505,5.046,-7.718
-0.897,4.063,-4.199
0.325,8.029,-4.347
2.998,9.333,-3.046
4.185,10.24,-2.165
5.099,10.302,-5.367
5.871,7.764,-5.869
4.553,8.673,-5.027
2.981,9.494,-4.498
2.78,9.365,-5.513
2.204,9.472,-5.941
2.711,9.733,-6.044
3.945,9.058,-3.981
3.945,6.185,-1.522
4.718,4.481,-0.024
7.525,0.435,0.976
7.13,0.091,1.419
9.233,0.991,2.256
10.558,-0.258,3.639
8.876,-1.318,6.087
6.34,-2.967,7.491
7.25,0.146,8.006
5.867,2.541,8.056
6.383,4.405,6.319
5.642,2.95,6.228
4.639,5.611,6.728
4.288,9.073,4.252
2.249,9.774,4.106
1.258,11.932,4.024
0.648,11.152,4.371
-2.141,15.535,2.034
-6.044,17.796,1.45
-6.785,17.396,3.84
-9.975,16.86,4.838
-12.372,15.899,7.029
-11.805,14.425,9.118
-8.869,8.951,9.415
-7.582,6.02,8.664
-6.91,7.099,9.903
-5.087,5.503,10.901
-3.663,11.035,11.346
-2.632,9.31,12.051
-1.505,11.295,12.083
-0.371,11.987,9.537
1.72,6.458,11.291
0.364,2.981,11.996
1.455,3.433,9.223
3.874,1.548,2.878
3.854,4.335,-2.144
6.077,12.307,-4.991
6.101,20.849,-3.354
9.479,26.404,-0.754
7.996,11.626,-2.254
3.091,6.96,0.512
-0.938,1.711,3.254
-2.972,-2.366,6.046
-3.347,-2.926,1.156
3.613,-10.944,-4.534
2.866,-6.426,-9.58
3.141,10.161,-0.608
1.309,-15.494,-10.293
7.671,-3.503,-7.797
6.886,-10.367,-6.522
8.242,-0.854,-4.613
12.37,2.536,-10.142
17.375,-2.139,-6.967
20.215,3.804,-6.202
15.324,1.536,-7.826
14.793,2.639,-7.982
17.349,3.039,-9.259
11.86,-2.878,-8.515
11.434,-5.993,-6.465
15.195,2.141,-7.955
15.468,-1.263,-7.36
9.932,-2.077,-6.35
9.379,-7.403,-10.393
-4.366,-8.829,-11.767
-10.441,-8.68,-9.623
-4.953,16.341,-2.247
0.962,-6.166,-5.874
-3.744,-7.726,-1.852
4.807,-9.829,-4.998
3.393,-12.205,-6.223
4.713,-11.573,-2.22
0.349,-10.233,-1.462
2.842,-6.694,-1.9
2.366,-10.063,-3.445
0.885,-9.209,-2.058
-1.589,-12.094,-2.428
5.572,-9.087,-4.711
-0.696,-10.472,-2.897
2.017,-9.726,-4.469
-0.069,-7.142,-0.768
3.151,-9.101,-0.428
1.263,-9.896,-0.785
0.505,-8.501,0.701
1.792,-9.836,0.213
2.68,-8.58,-0.055
0.751,-9.463,0.761
0.684,-11.781,0.756
3.405,-9.561,-0.318
0.383,-9.733,2.273
2.022,-8.556,1.66
3.689,-10.824,1.292
-0.861,-10.255,2.395
3.22,-11.214,1.44
0.122,-9.412,1.986
2.318,-10.824,1.309
0.115,-9.054,2.998
1.376,-8.936,3.051
1.323,-8.336,2.996
1.79,-9.802,3.364
2.072,-8.539,4.666
1.426,-8.405,4.584
0.806,-11.384,4.453
2.11,-9.41,4.67
0.694,-8.991,4.333
2.275,-8.522,4.455
2.115,-9.546,4.764
2.254,-7.424,5.079
1.593,-9.551,4.943
1.146,-8.965,5.642
2.33,-9.116,5.838
1.936,-8.396,6.458
0.902,-8.36,5.914
1.895,-7.919,6.261
2.196,-9.008,5.582
0.871,-7.718,6.764
2.239,-8.982,6.17
1.481,-7.266,7.063
4.206,-6.709,5.931
-0.065,-6.474,6.694
4.158,-7.685,6.843
1.479,-7.673,7.168
2.058,-6.369,7.544
2.632,-5.637,8.594
2.708,-6.615,8.635
2.338,-7.147,8.309
3.345,-5.761,7.903
3.448,-1.414,10.078
1.244,0.112,8.319
0.636,-2.543,9.527
3.921,-3.397,7.056
2.431,-3.883,7.855
2.488,-4.063,9.123
2.783,-3.055,8.972
2.28,-4.173,9.345
3.529,-5.132,8.628
2.515,-2.273,8.752
1.28,-4.625,9.29
3.484,-3.134,8.226
2.491,-4.386,7.879
2.747,-5.276,8.348
2.369,-6.405,9.967
4.433,-4.625,7.355
3.572,-3.304,6.881
3.462,-2.625,8.613
4.046,-3.163,9.845
5.484,-2.129,8.951
7.108,-0.806,7.403
6.068,-2.524,7.996
5.682,-3.132,9.575
5.457,-2.747,9.08
5.737,0.687,7.372
2.481,-1.505,7.132
2.792,-2.388,7.111
5.266,-2.61,5.206
4.546,-1.096,4.845
2.019,-2.058,7.295
3.582,-5.575,7.264
4.51,-3.845,7.197
4.448,-3.146,8.029
3.675,-1.754,8.833
3.022,-3.773,8.826
2.457,-2.586,9.707
2.527,-2.682,9.903
3.366,-2.608,10.121
3.433,-1.957,10.829
3.311,-1.871,12.662
4.534,-0.557,11.501
2.031,-3.285,12.913
2.637,-3.347,9.398
1.572,-4.264,8.618
2.775,-3.778,7.391
0.792,-2.771,7.785
0.663,-3.079,6.656
0.897,-3.536,7.331
0.158,-5.175,5.283
-1.436,-5.182,5.658
1.268,-7.979,5.491
0.486,-7.709,6.946
1.601,-6.838,6.85
-0.258,-9.472,7.64
0.794,-8.556,6.228
-0.507,-7.123,6.496
1.017,-8.154,6.034
0.658,-6.797,5.809
0.88,-6.233,5.575
0.88,-6.659,5.022
0.407,-5.644,4.682
-0.601,-6.027,5.225
-0.955,-5.673,5.852
0.885,-5.931,4.618
1.203,-5.402,4.941
0.136,-7.07,4.618
0.129,-6.292,4.405
0.447,-5.96,5.048
-1.086,-7.254,5.725
0.022,-6.879,6.477
-0.423,-6.106,6.97
0.959,-6.922,7.223
-0.311,-7.587,6.804
0.246,-7.374,6.352
0.416,-6.675,6.412
0.78,-6.501,6.615
1.503,-5.579,6.824
-0.22,-6.292,6.893
0.699,-4.393,6.965
0.11,-4.412,7.285
-0.397,-3.663,7.317
1.5,-3.094,5.888
0.916,-5.312,5.082
-0.861,-4.209,4.555
1.692,-6.58,2.94
0.892,-3.943,3.479
1.074,-1.912,2.388
-0.4,-1.395,3.153
-4.17,0.156,4.776
-8.551,0.488,6.288
-10.42,0.825,6.553
-8.829,3.778,5.824
-11.042,-0.163,2.342
-14.635,-2.244,-0.512
-17.162,-2.043,1.428
-16.959,3.795,1.608
-17.736,0.991,-1.572
-20.914,-2.687,-2.814
-18.2,-11.795,-6.147
-18.77,-17.418,-9.625
-21.823,-23.978,-8.094
-23.227,-32.403,-5.345
-22.584,-34.054,1.873
-23.715,-32.723,9.087
-25.986,-28.955,12.779
-25.168,-14.93,5.993
1.44,-19.248,-0.041
-12.425,7.039,-3.127
1.474,24.1,-5.515
-19.66,7.465,-5.627
-25.053,-11.434,-0.103
-24.876,3.476,5.69
-15.411,-1.732,-0.749
-35.429,-4.398,-3.73
-26.503,-10.611,-8.23
-25.548,-0.512,0.885
-22.344,-11.015,9.03
-24.775,-5.187,4.859
-18.27,-4.35,4.685
-11.992,-4.498,-4.142
-9.365,4.524,-1.359
-9.527,-1.72,-3.563
-4.063,-4.455,-1.421
-10.826,3.708,4.56
-6.661,6.879,2.962
-8.341,6.659,1.747
-9.063,4.175,2.28
-10.831,0.694,2.261
-10.546,-0.062,0.61
-11.633,0.603,3.476
-10.74,2.077,5.412
-10.25,2.579,5.005
-8.998,1.153,2.062
-11.099,-1.007,2.373
-12.102,-2.247,4.098
-12.219,-1.751,3.723
-12.551,-0.423,2.156
-12.879,0.464,1.203
-12.86,0.737,0.78
-11.204,-0.562,1.431
-11.169,1.66,-1.194
-10.848,0.947,-1.416
-10.671,1.893,-1.581
-11.355,1.534,-2.062
-11.846,1.955,-2.091
-10.501,3.488,-1.878
-10.032,3.649,-2.105
-10.176,3.831,-2.302
-9.549,4.295,-3.565
-8.503,4.084,-4.223
-9.487,4.079,-4.314
-9.367,3.395,-3.632
-8.836,1.73,-3.17
-9.714,1.589,-3.615
-36.188,4.02,24.746
-28.852,-6.424,22.033
-9.654,17.617,17.43
-1.361,16.018,7.573
-1.541,8.618,6.379
-1.936,7.939,11.104
-2.23,2.649,11.511
-8.233,3.567,12.413
-0.189,4.627,14.107
0.041,5.012,13.86
0.605,5.752,9.857
0.127,7.489,11.992
-0.366,5.316,11.726
0.029,1.792,8.884
2.85,1.01,6.632
2.754,-0.127,7.946
2.692,1.486,6.991
-0.412,0.12,10.523
0.17,-1.974,10.111
0.799,-1.924,8.132
0.17,-2.55,9.644
1.034,-2.749,7.977
-0.266,-2.68,8.47
0.404,-1.591,9.211
-1.988,-1.156,9.668
-0.409,-3.871,9.874
-0.763,-4.063,10.082
0.514,-3.584,8.721
-0.072,-2.976,8.295
0.412,-4.134,7.517
-0.766,-3.225,8.089
-0.981,-3.697,7.369
0.368,-5.855,7.328
0.05,2.414,9.659
3.637,3.007,9.848
0.4,3.646,10.441
0.591,1.421,7.879
1.148,-1.311,6.46
2.464,2.572,7.257
0.873,-1.232,8.156
1.945,-3.206,8.714
0.337,-3.254,9.625
-0.675,-3.821,9.716
-0.426,-2.689,9.149
-1.115,-2.567,8.876
-1.651,-3.328,9.934
-0.677,-5.003,7.876
-0.273,-4.041,8.068
0.596,-4.871,7.922
-0.79,-4.185,7.611
0.28,-4.417,7.13
0.096,-6.017,7.345
-2.048,-7.319,8.675
2.249,-5.69,7.178
-0.907,-5.582,6.647
-0.139,-6.63,5.436
2.366,-6.429,6.816
0.488,-6.281,5.541
-0.333,-6.881,6.685
0.73,-6.522,5.831
-0.653,-7.405,8.305
-0.715,-7.546,6.57
0.383,-7.668,5.615
0.053,-7.477,5.596
0.203,-7.604,6.161
1.043,-8.475,5.898
1.778,-8.408,6.075
1.053,-7.307,5.556
0.646,-7.58,5.797
0.507,-7.527,5.8
1.443,-7.525,5.111
1.981,-5.792,4.8
0.55,-4.106,4.144
1.096,-3.594,4.046
0.325,-3.175,4.06
2.448,-0.624,4.407
0.974,2.46,4.555
-1.627,2.644,4.003
-4.804,4.067,5.764
-9.52,4.113,7.211
-9.405,5.17,6.599
-9.314,2.771,2.194
-11.633,3.955,4.541
-14.896,3.137,4.278
-15.499,0.617,2.182
-17.267,-1.51,1.079
-18.026,-5.639,-2.625
-15.236,-8.721,-4.883
-20.224,-13.453,-4.948
-16.081,-14.65,-6.63
-17.612,-21.734,-6.917
-18.593,-26.402,-6.802
-21.021,-30.637,-6.998
-21.062,-30.611,0.311
-22.942,-25.333,9.142
-23.797,-22.122,3.228
-20.947,-13.779,1.933
-18.514,5.424,-3.127
-8.326,6.3,-2.799
-11.415,11.02,-5.981
-15.217,6.194,-3.062
-18.272,-0.371,1.562
-23.579,-1.455,3.29
-19.528,1.845,-3.134
-29.367,-6.422,-3.474
-30.058,-8.018,-1.878
-17.511,-4.579,0.502
-28.058,-5.718,-1.323
-18.662,-1.751,-1.802
-20.009,-0.979,-2.249
-17.224,-3.658,-0.371
-8.034,1.715,0.73
-12.69,3.522,2.139
-14.856,5.457,5.955
-13.279,1.658,1.371
-5.646,-2.828,3.486
-7.47,-10.616,0.821
-11.975,-8.735,1.962
-10.91,-5.57,2.632
-13.511,-4.785,3.242
-15.633,-4.474,3.665
-15.001,-3.199,3.244
-13.784,-2.83,2.79
-13.946,-2.792,2.342
-14.485,-3.673,2.804
-13.906,-3.543,1.254
-11.815,-2.383,-1.486
-13.209,0.4,-3.295
-14.729,0.022,-3.596
-15.083,0.263,-4.955
-14.934,1.12,-5.123
-13.786,0.964,-4.448
-14.413,1.371,-1.589
-13.401,1.632,-2.44
-13.561,1.708,-2.146
-13.19,3.271,-4.108
-12.252,4.07,-4.96
-11.224,3.299,-4.754
-11.939,2.806,-4.974
-12.19,3.058,-6.046
-10.709,3.601,-9.061
-43.729,1.507,22.775
-31.01,3.345,24.739
-8.977,21.466,11.518
-3.462,11.951,6.013
1.072,12.484,4.8
-2.586,6.869,9.221
-5.922,5.725,10.535
-4.587,3.45,10.41
3.474,6.568,10.41
0.596,4.055,14.611
0.069,5.826,15.547
4.692,7.47,10.879
-1.512,4.319,11.116
-0.538,4.953,10.927
0.014,5.395,9.932
2.488,5.154,10.544
1.182,3.259,9.546
1.859,-0.371,11.819
1.706,-2.225,8.752
-0.103,-2.089,9.106
-2.29,-0.964,10.154
-3.383,-1.541,14.611
-0.761,-2.244,10.623
-1.251,-2.613,8.604
-0.536,-5.34,8.642
2.216,-6.422,6.075
-1.278,-7.57,7.862
1.821,-6.441,6.647
-0.402,-6.29,7.087
0.679,-4.692,7.58
-1.168,-7.395,7.192
-0.536,-5.436,6.434
-0.191,-5.072,7.199
0.354,-2.921,6.733
-0.775,-4.031,6.168
0.584,-4.821,6.178
0.335,-5.254,5.926
-0.163,-5.991,6.264
0.888,-5.508,5.929
-1.225,-6.489,6.97
-1.979,-5.991,7.056
0.955,-6.781,6.733
-0.837,-7.644,7.226
0.967,-7.183,7.147
1.448,-6.13,6.328
0.56,-5.603,6.474
-0.306,-4.414,6.601
-0.17,-4.314,7.092
1.115,-4.721,6.735
1.448,-3.986,6.907
1.804,-3.799,6.651
0.203,-5.441,6.773
0.971,-5.541,6.314
0.462,-6.264,6.828
1.541,-4.85,5.749
1.225,-4.505,5.29
2.015,-2.06,5.414
-0.5,1.309,6.412
-1.632,1.29,6.812
-6.429,2.038,7.118
-9.7,2.285,5.529
-9.159,1.479,4.299
-10.468,2.89,1.443
-12.671,3.314,1.27
-14.978,0.421,1.983
-16.619,-1.493,1.093
-19.083,-1.962,-1.194
-18.284,-4.711,-3.567
-19.739,-7.197,-5.422
-20.339,-11.695,-0.426
-19.165,-11.834,-4.56
-18.076,-20.72,-3.455
-20.239,-24.1,-1.424
-19.11,-27.563,0.112
-19.942,-29.922,7.156
-23.914,-24.277,8.396
-22.622,-17.679,6.953
-19.693,5.352,-0.285
-17.071,3.503,-4.106
-7.333,2.07,-5.063
-16.961,-0.392,-6.632
-5.032,18.887,-2.955
-15.932,9.336,-0.16
-17.629,9.924,0.177
-28.086,-0.971,1.022
-31.74,-9.618,4.402
-25.412,-4.374,3.426
-20.033,-5.187,0.672
-20.38,-4.479,-1.931
-16.018,-4.221,-1.73
-10.274,-1.747,-1.904
-10.908,1.94,-1.282
-15.561,1.873,-1.543
-9.917,0.866,-0.605
-10.915,3.957,-2.728
-14.37,1.747,0.213
-12.441,-0.581,5.046
-7.13,0.864,6.103
-7.757,-0.045,4.613
-12.583,-1.282,3.759
-13.714,-3.079,5.347
-12.458,-2.108,4.529
-14.351,-1.043,4.735
-15.525,-1.347,4.96
-14.927,-1.629,4.462
-14.195,-0.969,3.522
-13.853,-1.412,2.428
-13.724,-1.847,1.73
-13.549,-1.28,0.153
-12.561,-2.256,-1.732
-12.52,-0.629,-2.371
-13.683,1.515,-3.182
-12.721,0.651,-4.125
-13.394,1.962,-3.871
-11.257,0.311,-3.584
-12.444,3.405,-2.625
-13.047,3.747,-3.642
-12.65,4.371,-4.445
-12.245,3.926,-5.517
-13.343,3.522,-6.623
-12.566,2.823,-5.206
-10.822,1.878,-5.067
-10.625,1.704,-7.427
-26.428,-11.121,46.794
-22.232,8.446,35.585
-10.944,23.27,17.643
0.392,10.032,2.735
-3.45,7.817,7.127
-1.144,10.185,10.893
-5.137,5.728,12.166
-3.364,4.433,10.936
-0.88,-1.794,9.276
1.01,3.838,12.989
3.95,5.728,12.819
2.675,4.027,17.162
0.469,4.154,11.645
-0.258,2.878,12.138
1.077,1.639,9.544
1.713,2.23,10.056
2.192,0.5,9.3
0.713,1.732,11.049
3.232,0.816,10.544
1.27,-0.912,9.53
2.055,0.177,8.843
1.127,-0.321,9.463
-4.012,-1.641,12.128
1.244,-0.428,8.147
-0.725,-4.474,8.388
0.299,-3.225,7.446
-0.062,-6.728,7.455
-0.672,-6.96,8.202
0.775,-6.883,6.958
-1.323,-6.151,8.19
-1.089,-5.089,8.891
0.278,-4.991,8.802
0.431,-4.182,8.955
-0.88,-4.541,8.195
0.134,-4.405,7.02
-1.761,-5.268,8.209
0.237,-3.68,7.635
0.431,-4.615,7.486
1.337,-5.209,6.972
0.316,-3.768,5.728
-0.744,-6.467,5.74
0.321,-6.941,6.221
-0.124,-6.845,6.415
0.079,-5.792,4.922
-0.297,-8.233,6.505
0.694,-6.936,5.941
1.184,-6.601,6.178
0.514,-7.106,6.304
0.897,-6.025,5.682
0.538,-6.072,5.395
1.184,-5.914,4.175
1.648,-6.214,4.443
1.108,-6.534,3.914
0.502,-6.034,4.618
-0.586,-5.656,4.871
0.376,-5.309,4.529
-0.203,-4.706,5.12
1.68,-1.778,3.711
-0.708,-0.014,5.448
-3.472,1.225,5.68
-4.85,3.091,5.713
-7.893,2.529,6.374
-11.231,3.744,6.276
-10.826,-0.969,6.446
-12.245,1.948,3.921
-14.667,-0.067,2.192
-15.559,2.862,3.838
-16.045,4.555,4.948
-17.37,-2.567,0.536
-19.612,-8.305,-2.34
-17.98,-11.401,-3.917
-17.55,-14.975,-4.658
-18.145,-18.188,-4.228
-19.964,-25.445,-4.778
-19.356,-30.759,-4.331
-17.782,-30.931,6.577
-22.139,-29.438,7.872
-23.541,-26.462,7.714
-18.636,-10.07,2.405
-8.721,4.008,-3.945
-6.577,12.257,-2.105
-8.465,12.145,-6.659
-13.028,2.625,-2.503
-13.561,1.574,-7.702
-29.986,-11.281,0.301
-17.983,1.79,0.447
-26.199,-0.062,-2.086
-26.113,-6.125,-2.019
-22.04,-8.092,-5.285
-17.999,-9.743,0.22
-19.923,-7.333,0.189
-11.506,3.206,2.546
-15.98,0.986,-2.505
-12.401,3.902,2.158
-8.187,5.142,1.526
-12.092,1.249,-0.802
-14.169,2.584,3.668
-11.709,3.218,5.491
-8.022,-1.603,6.565
-8.857,-5.517,5.572
-12.114,-5.642,4.917
-14.15,-6.508,6.001
-14.774,-5.283,5.508
-15.604,-3.486,5.111
-15.226,-3.639,3.62
-14.623,-4.335,1.113
-14.604,-4.474,0.404
-14.621,-4.046,0.651
-14.399,-3.091,0.184
-14.195,-2.22,-0.802
-14.19,-0.624,-2.606
-13.418,-0.857,-3.931
-13.753,-0.041,-4.517
-13.963,0.816,-4.41
-12.551,1.768,-3.438
-13.489,1.826,-3.457
-15.135,2.771,-4.768
-15.585,5.01,-5.536
-17.277,5.048,-7.441
-17.329,3.919,-7.537
-13.729,2.74,-5.206
-13.284,2.878,-6.113
-34.802,-12.453,39.145
-21.382,8.068,34.642
-8.508,22.981,14.006
1.909,13.901,2.311
-2.395,6.962,6.395
-2.165,5.96,12.083
-5.41,7.4,13.343
-5.496,0.165,8.214
3.058,2.0,12.334
2.828,5.946,14.344
1.177,4.027,16.954
1.522,2.771,12.212
4.0,2.572,10.276
0.483,1.117,10.29
2.316,3.529,10.202
1.297,2.263,9.874
1.452,3.223,11.946
1.503,-0.342,11.494
1.653,-0.553,9.767
3.72,-1.134,9.192
0.352,-0.345,8.953
1.254,-0.469,8.477
-0.718,-1.763,6.477
0.775,-3.807,8.175
0.517,-0.938,7.577
-1.337,-5.728,6.946
-0.601,-6.379,9.496
-1.227,-4.474,9.152
-0.644,-5.941,9.982
0.081,-2.766,8.575
-0.151,-3.07,8.317
0.943,-3.838,7.807
-1.031,-6.663,7.171
-0.833,-3.144,6.69
-1.476,-6.721,6.465
0.127,-7.118,6.819
1.256,-6.517,5.895
1.077,-6.166,4.91
0.95,-7.561,4.658
1.139,-7.053,5.513
0.141,-7.113,5.503
-0.098,-7.718,5.931
-1.06,-8.073,6.515
-0.967,-7.391,6.388
-2.117,-7.936,7.07
-0.732,-7.12,6.611
0.538,-6.958,6.438
1.421,-5.991,5.316
2.201,-5.194,3.823
2.373,-6.008,3.266
1.483,-6.223,2.629
0.555,-5.702,3.165
-0.345,-7.427,3.161
0.182,-7.714,2.68
0.215,-6.57,1.866
-0.036,-3.823,2.369
1.381,0.354,3.706
-1.385,2.333,4.204
-4.661,3.606,4.338
-9.963,5.302,3.732
-12.391,5.369,4.4
-15.746,2.16,2.921
-17.416,3.0,3.677
-17.944,3.524,5.235
-18.143,-1.352,2.809
-20.818,-4.488,0.964
-19.356,-2.089,-0.823
-18.289,-7.797,-3.699
-21.571,-17.995,-6.508
-18.837,-20.435,-7.235
-21.193,-29.292,-5.785
-19.619,-32.86,-3.68
-17.796,-29.448,3.118
-22.423,-27.95,8.245
-21.88,-25.854,5.331
-16.789,-14.387,0.991
-13.372,-2.491,-3.397
-1.778,6.103,-3.752
3.862,19.76,-2.634
-12.068,12.166,-2.613
-19.497,-0.089,-4.723
-22.206,-4.364,3.072
-20.667,0.218,3.972
-20.138,-4.536,-4.89
-26.967,-4.661,-7.269
-21.062,-7.032,-0.854
-22.713,-8.58,1.062
-20.107,3.658,3.651
-15.478,4.455,-4.213
-13.525,-0.402,-7.563
-15.19,-2.833,-4.5
-11.853,1.976,-2.412
-14.224,1.373,-5.895
-12.764,0.423,-1.074
-8.783,-0.986,1.979
-8.092,-7.307,4.103
-8.051,-5.407,5.209
-7.546,1.349,6.575
-8.97,2.041,7.941
-10.771,0.718,6.364
-13.391,0.589,6.147
-14.174,0.144,6.8
-14.571,-0.258,6.23
-14.348,-0.407,4.311
-14.43,-1.28,4.027
-14.568,-1.443,3.462
-14.556,-0.957,3.658
-13.188,-0.885,1.574
-14.466,-1.78,1.16
-15.815,-0.892,-0.904
-17.712,0.486,-2.873
-18.617,2.438,-5.137
-20.198,5.414,-5.252
-19.272,6.816,-4.601
-17.827,5.919,-4.701
-18.416,4.893,-4.453
-20.308,6.831,-6.503
-24.096,8.934,-11.195
-34.743,-4.242,-13.638
-9.774,3.362,20.04
-22.622,22.627,27.163
-28.106,8.553,1.768
-1.79,6.429,-2.617
1.158,11.92,4.752
-5.221,6.276,12.554
-3.766,3.735,12.874
-2.61,1.328,10.86
0.053,3.182,12.439
-1.876,1.026,12.769
0.002,-1.986,13.743
-1.821,4.517,15.858
5.417,7.127,2.888
-4.232,4.498,16.604
0.203,1.376,13.037
0.244,-0.988,11.446
0.191,1.199,10.762
0.251,1.041,8.888
-0.455,-0.459,8.903
0.467,-0.596,9.633
-0.33,1.316,9.58
-0.699,1.318,9.767
-1.148,-0.132,10.003
-1.45,-2.149,9.243
-0.703,-1.574,10.156
-0.419,-0.624,11.298
-1.117,-0.443,10.927
-0.902,-0.553,9.74
-0.981,-0.421,9.305
-1.943,0.737,10.563
0.278,1.091,2.929
-1.467,9.001,-2.534
-7.46,4.625,12.592
-4.572,-5.996,10.582
4.247,-4.644,-27.18
-27.488,15.743,34.113
3.161,-4.718,16.305
-6.618,-8.106,16.944
-7.271,-3.223,11.695
-7.642,2.869,13.255
-3.479,7.132,12.188
1.864,1.916,10.178
2.938,-3.517,7.793
3.173,-0.266,7.462
2.541,0.167,10.166
2.421,-2.094,12.774
3.433,-2.074,11.31
-0.285,0.88,9.896
0.493,1.601,9.549
1.962,0.433,9.379
2.433,-0.199,9.408
2.34,0.5,9.558
1.187,0.502,10.413
1.751,0.945,9.872
2.393,-0.486,9.886
2.271,0.194,9.625
2.153,-0.242,10.008
2.383,0.158,9.843
1.459,0.78,10.027
1.67,-0.16,10.018
2.134,0.098,9.563
2.278,-0.074,9.496
1.799,0.4,9.556
1.751,0.45,9.652
1.861,-0.026,9.867
1.826,0.179,9.7
1.651,0.275,9.606
1.794,-0.1,9.857
5.438,-4.07,8.343
5.587,-3.563,8.776
5.773,-3.421,9.022
6.089,-3.546,8.855
7.058,-3.051,8.274
7.455,-2.448,8.018
6.429,-1.572,8.142
7.216,-0.718,7.517
6.123,-1.708,8.032
5.412,-1.022,8.494
5.01,-0.84,8.742
5.151,-1.761,8.379
5.469,-1.672,7.462
5.07,-0.572,6.589
4.486,0.273,6.178
3.919,0.548,5.577
3.577,0.938,5.312
3.429,0.593,4.969
3.28,1.151,5.089
2.598,0.947,5.864
2.804,0.096,5.874
2.917,-0.273,6.022
2.352,0.057,6.147
1.945,-0.66,6.266
1.694,-1.438,6.051
1.448,-1.785,5.338
1.342,-1.644,4.95
-5.953,-13.061,32.585
7.46,6.649,7.027
-1.495,-6.063,9.623
2.919,-0.945,8.525
4.084,-1.931,9.549
2.271,-2.199,8.235
3.307,-2.409,8.628
4.517,-4.905,8.089
4.965,-4.101,8.331
5.19,-3.708,7.809
4.694,-4.544,7.431
4.017,-5.146,7.618
4.158,-4.479,7.714
4.185,-2.802,7.606
4.443,-3.563,8.379
4.527,-2.366,8.556
4.993,-2.869,8.441
4.06,-3.493,8.23
4.52,-3.374,7.996
3.948,-3.965,7.903
4.096,-3.608,8.214
4.61,-2.646,8.625
4.725,-2.761,8.544
4.57,-3.395,8.197
4.582,-3.73,8.08
4.591,-3.716,8.293
4.261,-2.744,8.518
4.132,-1.122,9.14
3.713,-1.522,8.709
3.79,-2.885,8.448
3.957,-3.096,7.807
4.512,-3.646,7.771
4.718,-3.988,7.955
4.838,-3.189,8.297
4.694,-2.917,8.314
4.639,-2.823,8.52
4.177,-3.338,8.168
3.857,-3.082,8.274
3.912,-3.151,8.25
4.091,-2.534,8.343
4.175,-3.07,8.369
4.343,-3.345,8.228
4.244,-3.199,8.266
4.405,-2.637,8.307
4.323,-2.955,8.321
4.589,-3.319,8.3
4.292,-3.022,8.233
4.101,-2.629,8.381
4.343,-2.51,8.443
4.28,-2.763,8.233
4.383,-2.503,8.475
4.254,-2.23,8.57
4.4,-2.239,8.632
4.486,-2.476,8.587
4.582,-2.818,8.391
4.567,-3.204,8.211
4.371,-2.914,8.235
4.235,-2.792,8.324
4.443,-2.579,8.537
4.252,-2.627,8.412
4.063,-2.754,8.309
4.115,-3.017,8.367
4.163,-2.773,8.386
4.221,-2.684,8.379
3.974,-2.78,8.503
4.063,-2.921,8.446
4.369,-2.893,8.553
4.192,-2.615,8.506
4.211,-3.335,8.321
4.211,-2.826,8.479
4.268,-2.531,8.558
4.058,-2.639,8.534
3.89,-2.634,8.515
4.175,-2.287,8.747
4.209,-2.505,8.68
4.087,-2.627,8.664
4.522,-4.354,9.377
4.041,-1.883,8.874
4.17,-1.849,8.812
4.278,-1.625,8.668
4.161,-0.931,8.853
3.017,-3.266,8.963
4.426,-2.316,8.719
3.634,-1.694,8.783
3.976,-1.495,8.742
4.244,-1.79,8.759
5.111,-2.589,8.848
4.089,-1.725,8.819
3.706,-1.845,8.711
3.639,-1.665,8.68
4.254,-1.747,8.86
4.311,-1.802,8.884
4.156,-1.919,8.709
4.12,-1.885,8.63
4.127,-1.526,8.798
4.101,-1.687,8.886
4.134,-2.108,8.728
3.919,-1.816,8.721
3.905,-1.538,8.745
3.926,-1.519,8.793
4.106,-1.821,8.695
4.012,-1.983,8.728
4.366,-1.646,8.781
4.319,-1.663,8.786
4.252,-1.821,8.594
3.766,-1.754,8.68
4.283,-1.809,8.494
4.383,-2.137,8.491
4.311,-1.859,8.63
4.323,-1.885,8.613
4.455,-1.706,8.833
4.709,-2.417,8.52
4.477,-2.199,8.463
4.388,-2.254,8.53
4.364,-1.971,8.589
4.462,-2.168,8.544
4.072,-2.651,8.379
4.481,-2.266,8.506
4.46,-2.412,8.494
4.381,-1.952,8.537
4.304,-2.34,8.283
4.524,-2.359,8.482
4.689,-2.61,8.57
4.658,-2.433,8.398
4.354,-2.043,8.436
4.386,-2.488,8.297
4.649,-2.503,8.527
4.524,-2.244,8.594
4.333,-2.33,8.429
4.335,-2.335,8.41
4.575,-2.45,8.388
4.527,-2.354,8.484
4.398,-2.311,8.458
4.386,-2.361,8.491
4.027,-2.467,8.352
4.144,-2.436,8.068
4.644,-2.383,8.525
4.369,-1.938,8.881
4.414,-2.302,8.489
4.232,-2.649,8.333
4.347,-2.806,8.364
4.41,-2.077,8.561
4.627,-2.606,8.465
4.603,-2.742,8.443
4.314,-2.328,8.427
4.24,-2.371,8.431
4.192,-1.902,8.422
4.098,-2.969,8.46
4.285,-2.723,8.396
4.331,-2.457,8.448
4.378,-2.716,8.343
4.833,-2.424,8.364
4.498,-2.51,8.546
4.314,-2.536,8.436
4.225,-2.476,8.369
4.362,-2.555,8.436
4.381,-2.51,8.403
4.314,-2.486,8.398
4.321,-2.414,8.486
4.39,-2.596,8.477
4.295,-2.443,8.415
4.216,-2.507,8.417
4.395,-2.548,8.427
4.299,-2.558,8.534
4.366,-2.407,8.565
4.268,-2.553,8.439
4.316,-2.527,8.424
4.424,-2.68,8.467
4.436,-2.452,8.527
4.395,-2.299,8.539
4.321,-2.536,8.415
4.354,-2.558,8.415
4.187,-2.326,8.446
4.45,-2.543,8.484
4.453,-2.653,8.408
4.426,-2.895,8.149
4.651,-2.627,8.396
4.625,-2.515,8.51
4.438,-2.022,8.501
4.448,-2.33,8.556
4.187,-2.244,8.649
4.34,-2.247,8.506
4.34,-2.177,8.46
4.52,-1.983,8.654
4.692,-1.861,8.692
4.649,-1.73,8.587
4.496,-2.412,8.388
4.484,-2.256,8.489
4.374,-2.266,8.532
4.29,-2.201,8.477
4.307,-2.22,8.396
4.479,-2.256,8.448
4.414,-2.031,8.577
4.577,-2.163,8.599
4.424,-2.211,8.453
4.316,-1.938,8.53
4.369,-2.28,8.431
4.445,-2.469,8.388
4.455,-2.29,8.408
4.639,-2.098,8.613
4.632,-2.005,8.57
4.51,-2.153,8.467
4.402,-2.445,8.393
4.34,-2.273,8.41
4.41,-2.149,8.47
4.668,-2.239,8.465
4.62,-2.314,8.422
4.477,-2.285,8.458
4.51,-2.208,8.46
4.654,-2.428,8.343
4.776,-2.5,8.465
4.546,-2.483,8.376
4.304,-2.019,8.429
4.46,-1.773,8.489
4.18,-1.893,8.544
4.524,-2.177,8.58
4.84,-2.103,8.527
4.503,-1.467,8.398
4.41,-1.744,8.341
5.146,-2.878,8.156
4.642,-1.572,8.96
5.156,-2.007,8.561
4.74,-2.402,8.3
4.558,-1.967,8.388
4.661,-1.909,8.498
4.687,-2.003,8.446
4.378,-2.536,8.101
4.345,-2.742,8.374
4.91,-2.393,8.441
4.711,-1.871,8.604
4.819,-2.115,8.424
4.747,-2.283,8.278
5.024,-1.936,8.336
4.721,-1.976,8.467
4.524,-1.979,8.329
4.505,-2.16,8.52
4.689,-2.113,8.611
4.764,-1.979,8.419
4.455,-2.129,8.381
4.804,-2.266,8.209
4.67,-2.055,8.393
4.639,-1.902,8.525
4.362,-1.864,8.441
4.302,-1.967,8.503
4.634,-2.0,8.599
4.68,-1.902,8.699
4.572,-1.995,8.649
4.285,-1.751,8.472
4.273,-2.094,8.501
4.393,-1.967,8.563
4.553,-2.084,8.57
4.357,-2.027,8.599
4.328,-1.962,8.616
4.101,-1.873,8.632
3.945,-1.778,8.534
4.115,-1.979,8.594
4.302,-2.082,8.64
4.268,-1.931,8.678
4.362,-2.12,8.707
4.204,-2.515,8.537
4.142,-2.141,8.551
4.113,-1.859,8.661
4.228,-2.003,8.618
4.288,-2.096,8.635
4.175,-2.029,8.661
4.091,-2.206,8.64
4.189,-2.065,8.62
4.201,-1.775,8.589
4.237,-1.943,8.745
4.151,-1.56,8.699
4.481,-1.928,8.819
4.405,-2.283,8.575
4.094,-2.041,8.69
4.347,-1.995,8.79
4.091,-2.074,8.616
4.055,-1.981,8.747
4.11,-1.881,8.711
4.264,-2.019,8.608
4.498,-2.223,8.527
3.692,-1.495,8.74
4.412,-2.182,8.637
4.063,-1.79,8.649
4.168,-1.967,8.592
4.218,-2.055,8.568
4.687,-2.091,8.656
4.553,-2.402,8.419
4.414,-2.182,8.553
4.18,-2.077,8.582
4.204,-2.33,8.503
4.139,-2.45,8.62
4.393,-2.053,8.568
4.321,-2.206,8.501
4.345,-2.421,8.508
4.587,-2.716,8.551
4.247,-1.866,8.623
4.352,-1.763,8.798
4.273,-2.146,8.606
4.235,-1.84,8.611
4.115,-2.077,8.709
4.378,-2.57,8.51
4.201,-2.113,8.558
4.46,-2.304,8.62
4.206,-2.194,8.649
4.256,-2.184,8.671
4.144,-1.969,8.654
4.053,-2.309,8.635
3.967,-2.33,8.525
4.156,-2.397,8.64
4.429,-2.094,8.731
4.321,-2.158,8.711
4.089,-2.397,8.642
4.247,-2.326,8.551
4.237,-2.316,8.501
4.402,-2.354,8.47
4.314,-2.395,8.458
4.508,-2.469,8.503
4.405,-2.452,8.419
4.302,-2.371,8.4
4.254,-2.45,8.412
3.986,-2.196,8.384
4.249,-2.495,8.434
4.646,-2.553,8.283
4.412,-2.266,8.508
4.381,-2.539,8.329
4.618,-2.524,8.439
4.529,-2.653,8.393
4.488,-2.457,8.41
4.366,-2.172,8.467
4.462,-2.232,8.537
4.723,-2.462,8.486
4.577,-2.541,8.262
4.395,-2.007,8.664
4.115,-1.352,8.618
4.371,-1.61,8.814
4.594,-1.979,8.68
4.534,-2.232,8.515
4.845,-1.933,7.453
3.546,-1.45,8.424
3.706,-1.869,9.25
3.919,-1.546,8.642
4.223,-1.737,8.51
4.345,-2.842,7.69
4.34,-2.529,8.965
4.232,-1.646,8.589
5.048,-2.33,7.864
4.364,-2.117,8.546
4.235,-1.907,8.68
4.383,-2.012,8.735
4.445,-2.201,8.618
4.433,-2.287,8.503
4.477,-2.058,8.544
4.536,-1.881,8.668
4.486,-2.196,8.63
4.194,-1.893,8.51
4.51,-2.397,8.106
4.354,-1.823,8.082
4.213,-1.998,8.321
4.445,-2.091,8.664
4.127,-2.094,8.52
4.206,-1.948,8.216
4.168,-2.031,8.561
4.613,-2.227,8.434
4.792,-2.498,8.769
4.488,-2.271,8.58
4.273,-1.94,8.453
4.34,-1.957,7.852
4.194,-2.417,7.395
4.599,-2.17,8.245
4.02,-0.974,9.032
4.737,-0.534,8.807
4.01,-0.45,8.673
3.182,-1.895,8.781
3.898,-3.024,8.214
4.941,-2.572,8.195
4.599,-1.56,9.14
4.412,-1.567,8.594
4.106,-1.203,8.711
4.474,-2.263,8.556
4.067,-1.684,8.967
4.479,-1.981,8.714
4.139,-2.905,8.486
4.271,-2.105,8.58
4.398,-2.079,8.628
4.393,-1.974,8.601
4.398,-1.907,8.63
4.335,-1.842,8.678
4.376,-1.888,8.678
4.366,-1.952,8.582
4.192,-1.912,8.592
4.079,-1.83,8.489
4.34,-1.94,8.699
4.469,-1.981,8.697
4.393,-1.964,8.64
4.421,-2.235,8.551
4.321,-2.149,8.494
4.244,-1.904,8.623
4.252,-1.713,8.628
4.261,-1.79,8.604
4.395,-2.048,8.628
4.484,-2.16,8.563
4.354,-2.007,8.525
4.134,-1.938,8.613
4.28,-1.83,8.637
4.357,-1.919,8.728
4.407,-2.034,8.561
4.28,-1.759,8.604
4.285,-2.117,8.575
4.386,-1.909,8.68
4.376,-1.957,8.604
4.225,-1.979,8.592
4.199,-2.055,8.623
4.247,-1.881,8.726
4.457,-1.988,8.628
4.343,-2.055,8.618
4.309,-1.96,8.666
4.273,-1.785,8.668
4.235,-2.034,8.623
4.259,-2.125,8.551
4.266,-1.823,8.647
4.249,-1.983,8.668
4.24,-1.993,8.644
4.163,-1.885,8.613
4.218,-2.017,8.625
4.237,-1.821,8.611
4.338,-2.263,8.58
4.127,-2.036,8.788
4.632,-2.503,8.518
4.259,-1.727,8.647
4.232,-2.146,8.675
4.366,-2.524,8.537
4.582,-2.208,8.656
4.39,-2.326,8.463
4.213,-2.266,8.623
4.244,-2.153,8.582
4.17,-1.986,8.668
4.211,-2.053,8.656
4.206,-2.105,8.561
4.101,-2.017,8.527
4.216,-2.082,8.652
4.328,-2.266,8.69
4.395,-2.292,8.563
4.328,-2.223,8.616
4.285,-1.979,8.647
4.292,-2.172,8.525
4.407,-2.684,8.431
4.237,-2.397,8.553
4.314,-1.904,8.611
4.302,-2.113,8.565
4.381,-2.381,8.568
4.369,-2.369,8.503
4.395,-2.251,8.582
4.472,-2.412,8.434
4.319,-2.417,8.422
4.357,-2.34,8.465
4.431,-2.211,8.618
4.488,-2.12,8.549
4.34,-2.448,8.417
4.228,-2.412,8.455
4.366,-2.204,8.575
3.682,-3.28,7.529
4.414,-1.687,8.699
4.924,-1.448,9.054
4.288,-2.744,8.604
4.783,-2.431,8.35
4.445,-2.227,8.623
4.28,-2.055,8.513
4.209,-2.586,8.441
4.316,-2.51,8.537
4.34,-2.144,8.781
4.445,-2.16,8.647
4.445,-2.027,8.697
4.34,-2.216,8.628
4.154,-1.847,8.666
4.39,-1.581,7.888
4.165,-1.833,8.642
4.084,-2.108,8.707
4.199,-2.369,8.534
4.113,-2.333,8.585
4.156,-2.443,8.628
4.165,-2.249,8.687
4.252,-2.103,8.74
4.127,-2.216,8.678
4.154,-2.216,8.544
4.053,-2.294,8.618
4.23,-2.165,8.652
4.323,-2.11,8.771
4.23,-2.029,8.637
4.036,-2.003,8.793
4.108,-2.29,8.64
4.041,-2.213,8.635
4.067,-2.084,8.728
4.101,-2.089,8.738
4.24,-2.184,8.766
4.206,-2.428,8.683
4.161,-2.127,8.759
4.118,-2.098,8.817
4.139,-2.39,8.881
4.012,-2.35,8.64
4.017,-2.129,8.74
3.967,-2.22,8.721
3.924,-1.924,8.759
3.874,-1.431,8.814
3.933,-1.026,9.027
3.481,-1.558,9.015
3.436,-2.263,8.994
3.713,-2.589,8.824
3.539,-2.192,8.635
3.685,-2.132,8.786
3.572,-2.149,8.742
3.74,-2.539,8.769
3.902,-1.873,8.912
3.799,-1.83,9.046
3.787,-1.517,9.168
4.075,-0.837,9.24
3.924,-1.227,9.063
3.522,-2.656,8.757
3.89,-2.438,9.018
3.792,-1.754,9.121
3.706,-1.974,9.149
3.685,-2.122,8.9
3.546,-2.383,8.702
3.196,-2.206,8.922
3.326,-1.656,9.128
3.182,-1.249,9.142
3.07,-1.629,9.065
3.043,-1.826,9.168
3.266,-2.182,9.197
3.383,-1.9,8.597
3.316,-2.098,9.231
3.527,-2.763,8.927
3.077,-0.778,9.274
3.347,-1.163,9.36
3.491,-1.907,9.142
3.201,-1.952,8.91
3.106,-1.402,9.123
3.328,-1.687,9.183
3.275,-1.122,8.568
3.51,-1.967,8.778
3.618,-1.555,8.745
3.627,-2.366,8.951
3.319,-2.019,9.211
4.134,-1.83,9.125
3.811,-1.577,9.329
3.527,-0.979,9.099
3.871,-1.51,9.065
3.675,-1.873,9.168
3.586,-2.644,8.886
3.555,-1.704,9.137
3.498,-1.78,9.051
3.347,-1.476,8.826
3.907,-1.479,8.58
4.094,-1.668,9.305
4.249,-2.024,9.568
3.594,-2.297,9.025
3.39,-1.785,8.738
3.421,-1.692,8.637
3.582,-1.459,8.888
4.015,-1.656,9.152
4.182,-2.201,8.783
4.206,-3.196,8.62
4.036,-2.168,8.695
3.948,-1.223,8.809
4.182,-1.495,9.161
4.163,-1.876,8.814
3.498,-2.749,8.74
3.902,-2.426,8.565
4.046,-2.024,8.759
4.161,-1.476,8.96
4.137,-1.969,8.592
4.357,-2.632,8.544
4.395,-2.522,8.515
4.668,-1.979,8.683
4.426,-1.94,8.745
4.053,-2.565,8.341
4.276,-1.969,8.276
4.354,-2.424,8.242
4.637,-2.146,8.668
4.907,-1.926,8.807
4.503,-1.943,8.635
4.23,-2.292,8.515
4.448,-2.457,8.36
4.613,-2.39,8.577
4.467,-2.818,8.458
4.314,-2.845,8.317
4.407,-2.512,8.36
4.395,-2.137,8.479
4.261,-1.912,8.671
4.319,-1.912,8.661
4.343,-2.043,8.671
4.414,-1.785,8.771
4.658,-2.208,8.632
4.747,-2.579,8.515
4.584,-2.833,8.817
4.323,-2.024,8.69
4.096,-1.275,8.58
3.771,-1.84,8.594
4.132,-1.838,8.869
4.242,-1.952,8.486
4.201,-1.699,8.625
4.211,-1.572,8.719
4.515,-1.957,8.527
4.46,-2.397,8.393
4.78,-2.223,8.683
4.943,-2.431,8.585
4.675,-2.629,8.364
4.424,-2.316,8.427
4.599,-1.742,8.642
4.639,-1.833,8.704
4.649,-1.995,8.611
4.622,-1.998,8.611
4.491,-1.782,8.671
4.244,-1.957,8.661
4.268,-2.113,8.613
4.206,-2.701,8.422
4.101,-2.689,8.183
3.778,-1.895,8.262
3.838,-1.115,8.848
4.316,-1.512,9.343
4.414,-2.273,8.953
4.378,-2.122,8.369
4.146,-1.526,8.489
3.988,-1.785,8.68
3.835,-2.45,8.62
4.4,-2.108,8.759
3.845,-2.395,8.965
3.931,-2.046,8.829
4.24,-1.931,8.862
3.981,-2.012,8.283
4.534,-2.507,7.355
4.371,-1.158,9.329
4.685,-0.366,8.963
4.713,-1.491,9.094
3.575,-0.404,8.915
4.596,-2.149,8.678
4.168,-1.957,8.752
4.18,-1.768,8.687
4.273,-1.818,8.606
4.187,-2.361,8.79
4.548,-2.096,8.943
4.733,-1.471,8.898
4.668,-2.151,8.649
4.39,-1.928,8.726
4.127,-1.78,8.613
4.213,-1.591,8.747
4.106,-1.297,8.745
4.304,-1.39,8.659
4.089,-1.637,8.716
4.094,-2.043,8.58
4.144,-1.945,8.635
4.168,-1.543,8.731
4.338,-1.682,8.998
4.414,-1.735,8.867
4.098,-2.012,8.556
3.967,-1.895,8.465
4.11,-1.653,8.759
4.467,-1.838,8.853
4.541,-1.96,8.836
4.302,-1.826,8.838
4.333,-1.926,8.661
4.307,-1.706,8.764
4.292,-1.558,8.853
4.216,-1.629,8.733
4.23,-1.598,8.884
4.209,-1.981,8.656
4.168,-1.794,8.714
4.23,-1.699,8.714
4.314,-1.854,8.948
4.266,-1.782,8.683
4.151,-1.739,8.704
4.244,-1.694,8.74
4.256,-1.627,8.853
4.177,-1.704,8.69
4.165,-1.5,8.788
4.192,-1.61,8.798
4.213,-1.613,8.848
4.223,-1.648,8.771
4.213,-1.67,8.833
4.206,-1.622,8.819
4.189,-1.771,8.793
4.134,-1.811,8.788
4.11,-1.849,8.64
4.058,-1.565,8.922
4.232,-1.761,9.003
4.271,-1.601,9.008
4.335,-1.68,8.965
4.096,-1.495,8.762
3.996,-1.778,8.671
3.783,-1.67,8.357
3.857,-1.404,8.798
4.108,-1.39,8.96
4.158,-1.742,8.931
4.031,-1.507,8.788
4.0,-1.28,8.896
4.137,-1.479,8.848
4.06,-1.519,8.924
4.01,-1.424,8.9
3.898,-1.462,8.92
3.941,-1.584,8.876
3.965,-1.522,8.922
4.091,-1.893,8.905
4.142,-1.773,8.843
4.065,-1.455,8.9
3.95,-1.567,8.843
3.881,-1.62,8.869
3.962,-1.711,8.805
3.96,-1.644,8.955
3.938,-1.45,8.876
3.974,-1.62,8.853
3.981,-1.842,8.836
3.945,-1.684,8.711
3.943,-1.376,8.908
4.029,-1.735,9.065
4.075,-1.723,8.958
3.979,-1.725,8.824
3.907,-1.601,8.762
3.866,-1.622,8.831
4.115,-1.696,9.109
4.144,-1.739,8.96
4.012,-1.459,8.881
3.842,-1.744,8.943
4.283,-2.172,8.941
4.082,-2.005,8.898
3.917,-1.287,9.003
3.708,-1.462,8.874
3.713,-1.565,8.754
3.749,-1.314,9.075
3.644,-1.067,9.075
3.591,-1.424,9.056
3.625,-1.742,8.989
3.768,-2.73,8.699
3.732,-2.189,8.742
3.565,-1.897,8.781
3.905,-1.926,8.922
3.864,-2.548,8.695
3.79,-1.175,6.017
4.149,-1.653,9.197
3.804,-2.117,9.039
3.692,-2.06,8.685
3.9,-2.646,8.819
3.921,-3.043,8.853
3.802,-2.278,8.781
3.835,-2.345,8.977
3.888,-2.725,8.807
3.907,-2.684,8.618
3.752,-2.95,8.872
4.065,-2.778,8.695
3.9,-2.658,8.893
3.866,-2.082,8.848
3.675,-2.483,8.817
3.919,-3.436,9.063
3.67,-1.782,8.989
3.663,-2.371,8.869
3.469,-2.433,8.642
3.323,-2.759,8.92
3.649,-2.658,8.917
3.622,-2.462,8.793
3.646,-2.263,8.843
3.67,-2.299,8.879
3.981,-2.397,8.963
3.914,-2.596,8.783
3.687,-2.608,8.702
3.694,-2.665,8.802
3.663,-2.483,8.675
3.56,-2.419,8.695
3.531,-2.615,8.884
3.752,-2.673,8.838
3.74,-2.321,8.924
3.869,-2.553,8.967
3.869,-2.582,8.927
3.807,-2.634,8.855
3.737,-2.929,8.623
3.594,-2.644,8.702
3.756,-2.783,8.781
3.735,-3.067,8.697
3.596,-2.991,8.611
3.62,-2.665,8.865
3.61,-2.517,8.805
3.768,-2.85,8.786
3.749,-2.742,8.836
3.704,-2.402,8.855
3.553,-2.649,8.752
3.665,-2.773,8.699
3.613,-2.763,8.85
3.572,-2.57,8.922
3.445,-2.742,8.778
3.637,-2.732,8.728
3.661,-2.972,8.678
3.572,-2.632,8.716
3.278,-2.426,8.762
3.668,-2.859,9.008
3.618,-2.864,8.917
3.967,-2.713,8.489
3.62,-2.713,8.809
3.775,-2.79,8.802
3.725,-3.0,8.826
3.706,-2.677,8.831
3.496,-2.495,8.802
3.665,-2.673,8.726
3.644,-2.417,8.561
3.938,-2.907,8.874
3.735,-2.854,8.898
3.697,-2.689,8.781
3.737,-2.641,8.862
3.749,-2.85,8.752
3.72,-2.814,8.843
3.546,-2.804,8.79
3.732,-2.974,8.668
3.694,-3.125,8.69
3.627,-2.869,8.786
3.536,-2.385,8.896
3.596,-2.766,8.716
3.663,-3.007,8.762
3.598,-2.847,8.86
3.584,-2.735,8.841
3.687,-2.448,8.735
3.634,-2.9,8.754
3.613,-2.806,8.807
3.761,-2.85,8.783
3.627,-2.859,8.74
3.522,-2.881,8.766
3.438,-2.73,8.843
3.364,-2.615,8.79
3.393,-2.857,8.838
3.431,-2.79,8.759
3.527,-2.857,8.809
3.441,-2.845,8.9
3.508,-2.689,8.857
3.479,-2.826,8.738
2.799,-2.589,8.666
3.208,-2.668,8.924
3.177,-2.515,8.711
3.536,-2.617,8.826
3.998,-2.694,8.68
3.151,-3.201,8.781
3.077,-2.318,8.965
3.517,-2.419,8.879
3.237,-3.015,8.685
3.249,-2.78,8.762
3.354,-2.732,8.788
3.335,-2.586,8.987
2.074,-2.385,8.876
3.802,-3.78,8.74
4.063,-2.132,8.836
3.644,-1.165,9.08
3.273,-2.818,9.18
3.304,-2.615,9.039
3.316,-3.242,8.611
3.094,-2.883,8.948
3.589,-3.18,8.687
3.189,-2.704,8.845
3.161,-2.505,8.809
3.194,-2.5,9.008
3.651,-2.333,8.96
3.713,-1.763,9.116
3.194,-2.713,9.042
3.271,-3.106,8.879
3.431,-2.816,8.879
3.457,-2.206,8.965
3.295,-2.85,8.843
3.405,-2.952,8.821
3.711,-2.704,8.79
3.431,-2.938,8.79
3.484,-2.287,8.865
3.433,-2.62,8.991
3.651,-2.775,8.75
4.039,-2.443,8.8
3.512,-2.125,9.049
2.873,-2.663,9.171
3.68,-2.943,8.826
4.532,-1.952,8.704
3.462,-2.436,8.848
3.101,-2.673,8.857
3.187,-2.96,8.951
3.519,-2.833,8.927
3.615,-2.747,8.833
3.45,-2.773,8.977
3.658,-3.019,8.719
3.402,-3.024,8.845
3.457,-2.905,8.821
3.376,-2.649,8.872
3.436,-2.984,8.8
3.651,-2.945,8.776
3.656,-3.082,8.759
3.519,-2.704,8.812
3.474,-2.598,8.841
3.548,-2.919,8.91
3.546,-3.096,8.786
3.345,-3.007,8.771
3.565,-2.732,8.805
3.642,-2.907,8.776
3.63,-2.905,8.58
3.811,-3.019,8.448
3.694,-2.873,8.678
3.644,-2.897,8.635
3.924,-3.132,8.553
3.893,-3.137,8.668
3.876,-3.189,8.642
3.744,-3.017,8.515
3.883,-3.007,8.501
3.807,-2.783,8.74
3.752,-2.735,8.664
3.998,-2.984,8.611
3.85,-2.948,8.599
3.804,-2.914,8.606
3.883,-2.984,8.565
3.764,-3.055,8.491
3.871,-3.244,8.575
3.685,-3.007,8.62
3.598,-2.871,8.608
3.921,-2.893,8.556
4.041,-3.07,8.623
4.031,-3.012,8.666
3.567,-2.795,8.699
3.567,-2.694,8.709
3.835,-3.153,8.625
3.878,-3.103,8.606
3.929,-3.201,8.546
3.479,-2.902,8.604
3.682,-2.854,8.692
3.752,-3.101,8.659
3.912,-3.378,8.412
3.929,-3.405,8.525
3.816,-3.127,8.506
3.687,-2.996,8.747
3.831,-2.969,8.558
3.802,-3.017,8.52
3.764,-2.919,8.527
3.976,-2.96,8.53
3.744,-3.031,8.597
3.708,-3.034,8.501
3.787,-3.194,8.501
3.953,-3.027,8.592
3.876,-3.046,8.482
3.742,-2.866,8.573
3.783,-3.036,8.606
3.85,-3.017,8.556
3.907,-3.11,8.618
3.993,-2.838,8.477
3.941,-2.95,8.434
3.689,-3.11,8.542
3.833,-3.132,8.618
3.866,-3.168,8.491
3.953,-3.498,8.441
3.876,-3.338,8.398
4.048,-3.139,8.489
3.965,-2.888,8.527
4.02,-2.984,8.506
4.022,-3.146,8.427
3.842,-3.103,8.465
4.106,-3.115,8.604
4.134,-2.945,8.508
4.024,-3.161,8.458
4.084,-3.232,8.348
4.017,-3.242,8.431
3.905,-3.043,8.537
4.027,-3.019,8.396
3.926,-3.146,8.4
4.039,-3.441,8.393
4.151,-3.369,8.24
4.125,-3.17,8.329
3.893,-3.077,8.489
3.981,-2.964,8.475
4.046,-3.096,8.41
4.127,-3.232,8.338
4.089,-3.311,8.336
4.206,-3.196,8.393
3.941,-3.096,8.417
4.221,-3.208,8.408
4.139,-3.29,8.36
4.266,-3.187,8.333
3.969,-2.964,8.455
3.974,-3.012,8.386
4.039,-3.165,8.352
4.4,-3.17,8.35
4.075,-3.151,8.36
4.07,-3.201,8.534
3.933,-3.228,8.422
4.079,-3.187,8.412
4.173,-3.137,8.307
4.161,-3.146,8.329
3.914,-3.129,8.424
4.055,-3.053,8.482
4.268,-3.173,8.297
4.18,-3.177,8.262
4.161,-3.196,8.259
4.101,-3.242,8.364
4.01,-3.108,8.419
4.046,-3.046,8.355
4.154,-3.101,8.482
4.221,-3.206,8.36
4.094,-3.326,8.376
3.967,-3.146,8.393
4.075,-3.134,8.338
4.134,-3.084,8.396
4.12,-3.003,8.436
4.008,-3.192,8.427
4.043,-3.35,8.408
4.053,-3.194,8.355
3.974,-3.048,8.446
4.137,-2.94,8.508
4.187,-2.95,8.422
3.974,-3.204,8.405
4.041,-3.12,8.489
4.067,-2.96,8.563
3.972,-3.053,8.484
4.094,-3.067,8.362
4.175,-3.232,8.271
4.041,-3.292,8.419
3.981,-3.067,8.396
3.965,-3.041,8.448
4.022,-3.094,8.384
4.12,-3.139,8.345
4.323,-3.247,8.305
4.084,-3.019,8.436
3.79,-2.924,8.58
3.965,-2.73,8.446
4.146,-2.981,8.388
4.228,-3.146,8.364
4.13,-3.232,8.436
3.905,-3.103,8.491
3.864,-3.007,8.472
4.058,-3.027,8.472
4.132,-3.213,8.419
4.266,-3.271,8.317
4.041,-3.295,8.374
3.972,-3.053,8.446
3.919,-3.029,8.475
4.094,-3.113,8.348
4.242,-3.319,8.348
4.211,-3.24,8.419
4.398,-2.613,8.896
5.13,3.261,6.422
5.424,3.653,9.575
5.388,3.23,0.668
4.969,-1.45,7.178
4.098,-3.127,8.539
3.953,-3.072,8.47
3.981,-3.208,8.362
4.189,-3.249,8.269
4.333,-3.275,8.204
4.13,-3.211,8.343
3.957,-3.156,8.415
4.06,-3.175,8.415
4.237,-3.055,8.348
4.127,-3.261,8.352
4.268,-3.196,8.386
4.051,-3.275,8.307
4.063,-3.204,8.372
4.029,-3.003,8.384
4.065,-2.902,8.357
4.091,-3.175,8.35
4.28,-3.28,8.441
4.053,-3.357,8.47
3.957,-3.244,8.422
4.087,-3.249,8.367
3.833,-3.103,8.467
4.264,-3.354,8.317
4.488,-3.397,8.398
3.883,-3.208,8.446
3.976,-2.828,8.491
3.567,-2.546,8.642
3.326,-2.515,8.783
3.957,-2.732,8.707
4.512,-3.206,8.565
3.311,-3.677,8.463
3.902,-2.613,3.519
3.665,-3.051,9.022
3.541,-2.919,8.731
3.429,-2.993,8.771
3.237,-2.62,8.809
3.505,-2.763,8.759
3.582,-2.859,8.788
3.467,-3.146,8.747
3.443,-2.981,8.714
3.412,-2.589,8.833
3.519,-2.639,8.881
3.555,-3.113,8.86
3.618,-3.12,8.75
3.503,-2.574,8.802
3.268,-2.23,8.898
3.441,-2.572,8.857
3.828,-4.125,9.539
3.644,-2.706,8.991
3.457,-2.519,8.97
2.9,-2.718,8.841
3.591,-2.701,8.79
3.5,-2.919,8.793
3.429,-2.797,8.809
3.582,-2.969,8.699
3.409,-2.876,8.793
3.582,-2.929,8.757
3.517,-2.981,8.774
3.534,-2.826,8.788
3.448,-2.821,8.814
3.486,-2.854,8.759
3.371,-2.885,8.769
3.584,-2.95,8.661
3.467,-3.027,8.687
3.414,-2.907,8.826
3.531,-2.905,8.776
3.46,-2.701,8.821
3.5,-2.964,8.723
3.517,-2.991,8.817
3.572,-2.838,8.821
3.661,-2.873,8.762
3.474,-2.95,8.747
3.412,-3.039,8.575
3.467,-2.716,8.738
3.479,-2.943,8.625
3.541,-2.967,8.826
3.472,-3.067,8.795
3.366,-2.895,8.647
3.342,-3.082,8.551
3.342,-3.24,8.367
3.304,-2.713,8.841
3.419,-2.73,8.989
3.505,-2.629,8.759
3.345,-2.751,8.924
3.385,-2.488,9.015
3.307,-2.634,9.073
3.213,-2.823,9.276
2.835,-2.273,8.855
2.572,-2.17,8.967
2.515,-2.239,8.611
2.656,-2.003,9.154
3.261,-2.725,9.448
3.931,-3.007,8.874
4.058,0.218,8.113
4.252,-2.914,8.984
2.754,0.656,8.453
3.756,-9.135,7.915
2.409,-0.641,9.269
4.103,-1.337,8.63
4.335,-1.869,9.231
3.622,-3.572,7.917
4.596,-3.34,8.053
6.151,-1.637,7.953
4.917,-2.929,8.64
4.795,-2.84,8.192
4.814,-2.507,7.893
5.417,-2.376,8.403
5.443,-1.957,8.281
5.455,-1.163,8.135
5.469,-1.385,8.288
5.395,-2.34,7.809
5.548,-1.617,8.111
5.682,-1.01,8.085
5.386,-1.388,7.977
5.419,-1.687,7.948
5.998,-0.782,7.869
5.704,-0.591,7.623
5.3,-1.156,7.86
5.663,-1.192,8.003
5.977,-0.916,7.723
5.867,-1.256,7.47
5.914,-0.991,7.9
7.929,-0.34,7.855
6.931,1.852,7.659
5.623,-1.73,5.725
4.704,3.642,9.683
6.013,0.34,7.955
6.166,-0.474,8.252
6.053,-1.127,7.223
6.233,-1.503,7.25
6.316,-1.225,7.305
6.324,-1.462,7.546
6.261,-1.416,7.357
6.345,-1.239,7.159
6.247,-1.299,7.285
6.395,-1.445,7.367
6.479,-1.225,7.283
6.386,-1.105,7.333
6.431,-1.371,7.364
6.45,-1.519,7.084
6.458,-1.481,7.185
6.35,-1.462,7.24
6.357,-1.196,7.482
6.522,-1.046,7.281
6.804,-0.897,7.446
6.493,-1.452,7.094
6.333,-1.51,7.254
6.254,-1.091,7.415
6.393,-1.287,7.209
6.371,-1.445,7.137
6.364,-1.177,7.214
6.259,-0.962,7.317
6.283,-1.127,7.305
6.357,-1.469,7.281
6.379,-1.354,7.319
6.245,-1.57,7.183
6.101,-1.515,7.369
6.276,-1.046,7.486
6.371,-1.168,7.319
6.259,-1.311,7.297
6.264,-1.577,7.427
6.259,-1.507,7.281
6.103,-1.388,7.214
6.156,-1.486,7.276
6.257,-1.187,7.486
6.285,-1.416,7.333
6.702,-1.223,7.618
6.247,-1.352,7.309
6.185,-1.325,7.355
6.302,-1.378,7.372
6.18,-1.596,7.427
6.247,-1.354,7.35
6.194,-1.366,7.173
6.099,-1.424,7.326
6.247,-1.074,7.46
6.132,-1.297,7.455
6.178,-1.57,7.293
6.192,-1.416,7.364
6.168,-1.392,7.405
6.17,-1.412,7.417
6.175,-1.448,7.381
6.113,-1.407,7.458
6.106,-1.469,7.271
6.077,-1.364,7.546
6.273,-1.285,7.544
6.355,-1.438,7.472
6.173,-1.605,7.393
6.135,-1.524,7.513
6.199,-1.481,7.379
6.151,-1.515,7.36
6.005,-1.847,7.305
6.139,-1.464,7.388
6.058,-1.419,7.372
6.094,-1.55,7.199
6.022,-1.646,7.439
6.302,-1.57,7.357
6.496,-1.395,7.317
6.386,-1.378,7.525
6.223,-1.579,7.259
6.235,-1.517,7.125
6.328,-0.885,7.513
6.51,-1.237,7.407
6.68,-1.854,7.06
6.553,-1.747,7.084
6.415,-1.596,6.903
6.362,-1.436,7.161
6.01,-1.203,7.199
6.448,-1.153,6.505
4.843,-3.378,8.977
8.754,-7.199,6.407
6.424,-0.866,6.749
6.352,-1.945,6.967
6.546,-1.725,6.876
6.505,-1.692,7.06
6.666,-1.732,7.01
6.57,-1.835,6.836
6.46,-1.665,6.982
6.553,-1.574,6.903
6.563,-1.589,6.888
6.551,-1.534,6.991
6.529,-1.622,6.991
6.673,-1.531,7.082
6.716,-1.538,7.034
6.668,-1.818,6.977
6.627,-1.515,6.938
6.596,-1.677,6.965
6.601,-1.675,6.95
6.671,-1.474,7.032
6.604,-1.105,7.293
6.675,-1.5,7.214
6.663,-1.773,6.915
6.424,-1.888,6.888
6.364,-1.773,6.989
6.304,-1.462,7.178
6.371,-1.462,7.032
6.371,-1.756,7.022
6.211,-1.723,6.96
6.419,-1.62,7.245
6.438,-1.56,7.293
6.639,-2.921,7.25
6.434,-1.727,7.345
6.025,-1.529,7.242
6.443,-1.591,7.142
6.333,-1.914,7.005
6.321,-1.928,7.001
6.237,-1.833,7.137
6.259,-1.651,7.393
6.187,-1.558,7.147
6.18,-1.931,7.118
6.285,-1.771,7.309
6.345,-1.692,7.338
6.336,-1.66,7.194
6.125,-1.562,7.261
6.197,-1.768,7.324
6.221,-1.696,7.218
6.211,-1.574,7.403
6.075,-1.792,7.405
6.252,-1.759,7.314
6.194,-1.826,7.247
6.149,-1.869,7.45
6.235,-1.692,7.424
5.9,-1.718,7.211
5.993,-1.704,7.24
6.072,-1.646,7.266
6.068,-1.893,7.166
5.948,-1.383,7.087
5.881,-1.495,7.24
6.194,-1.62,7.362
6.403,-1.627,7.383
6.627,-1.524,7.431
6.558,-1.596,7.328
6.749,-1.581,7.383
6.632,-1.677,7.204
6.539,-1.637,7.24
6.412,-1.861,6.974
6.431,-1.802,7.204
6.403,-1.629,7.013
6.314,-1.663,6.936
6.915,-1.172,6.726
6.809,0.993,6.807
3.926,4.996,8.446
5.812,-2.019,8.204
6.651,-2.531,6.745
6.355,-1.416,6.91
6.233,-1.165,7.218
6.455,-1.304,7.194
6.498,-1.309,7.211
6.551,-1.438,7.072
6.56,-1.474,7.139
6.465,-1.28,7.324
6.62,-1.273,7.271
6.453,-1.668,7.092
6.417,-1.443,7.173
6.446,-1.361,7.183
6.436,-1.469,7.281
6.355,-1.354,7.259
6.214,-1.196,7.226
6.276,-1.23,7.259
6.292,-1.309,7.269
6.288,-1.457,7.216
6.139,-1.046,7.173
6.163,-1.017,7.415
6.348,-1.419,7.314
6.264,-1.381,7.355
6.12,-1.223,7.175
6.087,-1.113,7.228
6.209,-1.026,7.503
6.522,-1.493,7.484
6.462,-1.385,7.348
6.429,-1.232,7.441
6.386,-1.22,7.324
6.23,-1.302,7.233
6.237,-1.627,7.264
6.922,-2.706,7.599
6.151,-1.445,7.556
6.314,-0.782,7.498
6.247,-1.383,7.25
6.211,-1.213,7.388
6.202,-1.522,7.501
6.324,-1.704,7.393
6.106,-1.476,7.395
5.998,-1.113,7.245
5.981,-1.23,7.386
6.206,-1.189,7.448
6.228,-1.263,7.386
6.151,-1.28,7.448
6.19,-1.28,7.429
6.218,-1.254,7.458
6.132,-1.225,7.247
6.254,-1.282,7.364
6.309,-1.337,7.51
6.331,-1.493,7.498
6.297,-1.436,7.422
6.273,-1.29,7.374
6.17,-1.237,7.388
6.288,-1.421,7.506
6.237,-1.392,7.34
6.096,-1.261,7.398
6.168,-1.263,7.312
6.254,-1.206,7.51
6.302,-1.213,7.486
6.158,-1.397,7.417
6.17,-1.373,7.376
6.094,-1.069,7.348
5.991,-1.443,7.398
6.185,-1.28,7.436
6.302,-1.139,7.443
6.225,-1.132,7.474
6.209,-1.153,7.283
6.096,-1.278,7.525
6.158,-1.067,7.386
6.374,-1.187,7.283
6.247,-1.06,7.556
6.345,-1.163,7.606
6.235,-1.022,7.41
6.106,-1.275,7.285
6.173,-1.127,7.261
6.276,-1.053,7.424
6.336,-0.842,7.357
6.415,-0.991,7.269
6.96,-0.768,7.673
6.74,-0.761,7.587
6.039,-1.787,7.204
6.182,-1.294,7.343
6.316,-1.019,7.25
6.197,-0.986,7.295
6.326,-1.031,7.369
6.3,-0.971,7.34
6.343,-0.983,7.3
6.405,-0.971,7.427
6.304,-1.086,7.317
6.345,-1.261,7.309
6.331,-1.069,7.372
6.34,-1.141,7.257
6.271,-1.026,7.056
6.199,-1.309,6.95
6.383,-1.491,7.314
6.613,-0.756,7.362
6.415,-0.457,7.561
6.283,-0.938,7.35
6.271,-1.452,7.154
6.288,-1.127,7.147
6.379,-0.921,7.326
6.508,-0.859,7.46
6.47,-1.046,7.223
6.496,-0.976,7.211
6.371,-1.165,7.106
6.367,-1.364,6.934
6.331,-1.084,7.07
6.34,-1.115,7.19
6.517,-1.108,7.24
6.948,-1.002,7.194
7.025,-1.352,7.053
6.726,-0.986,7.017
7.12,-0.608,7.427
6.781,-1.158,7.06
6.647,-0.648,7.331
6.151,-1.658,7.082
6.572,-1.244,7.075
6.436,-0.84,7.099
6.592,-1.16,7.202
6.465,-0.907,7.187
6.659,-1.105,7.044
6.527,-1.005,7.333
6.998,-1.086,7.226
6.407,-1.323,7.309
6.132,-1.041,7.051
6.393,-0.88,7.192
6.503,-1.163,7.283
6.541,-0.962,7.046
6.419,-0.935,7.156
6.46,-1.211,7.218
6.558,-1.079,7.245
6.592,-1.136,7.199
6.615,-1.007,7.13
6.343,-0.921,7.221
6.481,-1.213,7.331
6.599,-1.309,7.034
6.481,-1.486,7.12
6.443,-1.05,7.293
6.481,-1.318,7.077
6.496,-1.407,7.175
6.47,-1.103,7.092
6.309,-1.189,7.008
6.773,-1.749,7.374
6.515,-1.278,7.429
6.123,-0.751,6.958
6.448,-1.165,6.96
6.252,-1.385,7.046
6.493,-1.177,7.276
6.604,-1.101,7.293
6.601,-1.385,7.113
6.682,-1.306,7.127
6.56,-1.23,7.305
6.522,-1.215,7.242
6.462,-1.383,6.991
6.505,-1.402,7.013
6.431,-1.201,7.202
7.278,0.656,5.826
6.685,-1.507,7.79
6.35,-1.529,7.132
6.221,-1.172,7.049
6.209,-1.06,7.3
6.426,-1.034,7.075
6.278,-1.445,7.185
6.338,-1.125,7.317
6.271,-1.256,7.084
6.355,-1.184,7.266
7.13,-0.323,7.257
6.412,-0.979,7.563
6.046,-0.926,7.226
6.539,-1.395,7.202
6.513,-1.4,7.168
6.458,-1.211,7.206
6.269,-1.294,7.139
6.424,-1.706,7.175
5.527,0.445,6.47
6.982,-1.141,7.587
7.695,-0.842,7.029
6.587,-1.172,7.159
6.424,-1.412,7.154
6.589,-1.536,7.111
6.345,-1.388,7.24
6.395,-0.89,7.161
6.589,-1.141,7.254
6.56,-1.861,6.888
7.149,-1.782,6.938
6.623,-1.352,7.008
6.525,-1.376,7.144
6.52,-1.282,7.204
6.489,-1.457,7.072
6.534,-1.438,7.159
6.484,-1.321,7.044
6.508,-1.416,7.07
6.568,-1.505,7.242
6.496,-1.385,7.051
6.436,-1.17,7.049
6.479,-1.467,7.02
6.608,-1.448,7.135
6.556,-1.325,7.037
6.484,-1.347,7.001
6.472,-1.306,7.063
6.52,-1.314,7.142
6.608,-1.247,7.022
6.558,-1.046,6.991
6.651,-1.309,7.166
-0.208,-2.294,1.593
5.769,0.514,9.903
7.056,-0.141,7.484
7.082,0.356,6.3
5.249,-1.165,7.211
6.051,-1.713,7.4
6.328,0.148,5.924
6.163,-2.038,6.97
6.429,-2.232,6.355
5.359,-0.648,9.386
6.893,-1.488,7.644
6.132,-0.694,7.135
6.46,-1.12,6.97
6.426,-0.285,7.233
6.73,-1.495,6.828
6.606,-1.804,7.058
6.613,-1.421,6.855
6.493,-1.23,7.168
6.553,-1.139,7.017
6.582,-1.28,7.039
6.496,-1.414,7.053
6.501,-1.409,7.041
6.498,-1.182,7.08
6.625,-1.17,7.139
6.606,-1.457,7.046
6.548,-1.416,7.053
6.537,-1.254,7.056
6.47,-1.359,7.149
6.558,-1.352,7.183
6.517,-1.299,7.175
6.458,-1.311,7.116
6.316,-1.349,7.068
6.386,-1.297,7.149
6.484,-1.328,7.235
6.489,-1.352,7.223
6.481,-1.361,7.247
6.388,-1.318,7.199
8.608,-1.572,8.037
6.86,-1.041,7.797
6.269,-0.679,7.491
6.541,-2.366,6.903
6.733,-1.718,7.058
6.472,-0.904,7.223
6.295,-1.172,7.118
6.345,-1.261,7.345
6.462,-1.242,7.252
6.281,-1.526,7.204
6.254,-1.436,7.261
6.338,-1.182,7.235
6.304,-1.323,7.283
6.338,-1.483,7.29
6.441,-1.328,7.278
6.479,-1.062,7.216
6.417,-1.426,7.18
6.386,-1.601,7.187
6.529,-1.357,7.319
6.498,-1.11,7.199
6.371,-1.452,7.106
6.319,-1.349,7.135
6.4,-1.177,7.163
6.424,-1.388,7.317
6.484,-1.419,7.336
6.417,-1.096,7.065
6.379,-1.192,7.247
6.398,-1.682,7.391
6.479,-1.249,7.202
6.249,-1.113,7.077
6.297,-0.986,7.245
6.398,-0.993,7.446
6.448,-1.275,7.369
6.319,-1.431,7.271
6.204,-1.328,7.039
6.405,-1.122,7.427
6.403,-1.141,7.462
6.343,-1.218,7.295
6.738,-0.967,7.209
6.371,-1.184,7.606
6.438,-1.134,7.506
6.417,-1.445,7.139
6.266,-1.103,7.159
6.135,-0.869,7.441
6.498,-1.065,7.458
6.627,-1.151,7.324
6.479,-1.328,7.331
6.247,-1.036,7.166
6.264,-1.156,7.156
6.431,-1.165,7.338
6.314,-1.144,7.494
6.371,-0.947,7.35
6.295,-1.065,7.252
6.225,-1.22,7.369
6.288,-1.065,7.331
6.417,-0.926,7.264
6.209,-0.995,7.3
6.228,-1.321,7.336
6.41,-1.27,7.465
6.453,-0.971,7.403
6.424,-1.029,7.295
6.41,-1.349,7.391
6.47,-1.17,7.477
6.355,-1.022,7.261
6.132,-0.976,7.168
6.302,-1.048,7.288
6.333,-1.168,7.348
6.252,-4.197,7.429
5.728,-1.713,7.455
6.35,-0.548,7.458
6.742,-1.962,6.97
6.551,-1.158,7.295
6.419,-0.876,7.293
6.288,-1.273,7.214
6.434,-1.156,7.259
6.443,-1.165,7.326
4.706,-2.094,6.824
5.733,-1.026,7.546
6.484,-0.589,7.513
6.481,-1.471,6.982
6.467,-1.16,7.173
6.481,-1.282,7.238
6.369,-1.211,7.247
6.441,-0.983,7.276
6.383,-1.196,7.309
7.039,1.589,7.4
6.702,-0.804,7.587
6.168,-1.639,7.01
6.328,-1.055,7.163
5.367,-2.438,7.477
6.383,-0.833,7.34
6.41,-0.878,7.357
6.302,-1.352,7.276
8.721,-2.498,8.783
6.046,-1.957,7.355
6.663,-0.656,7.209
6.503,-1.132,7.278
6.106,-1.548,7.4
6.359,-0.967,7.448
6.194,-1.354,7.288
6.371,-1.05,7.326
6.843,1.242,2.924
5.079,-0.455,7.951
6.419,0.132,8.111
6.192,-2.134,7.116
6.23,-1.125,7.285
6.175,-1.249,7.309
6.154,-1.05,7.501
6.161,-0.971,7.348
6.214,-1.062,7.29
10.503,1.445,11.401
5.307,-2.405,7.321
6.522,-0.785,6.888
6.075,-1.046,7.307
6.302,-1.055,7.726
6.417,-0.959,7.635
6.182,-1.436,7.266
6.068,-1.306,7.446
10.52,-5.761,8.285
4.656,-3.168,8.374
6.123,-0.426,7.47
6.123,-1.852,7.202
6.242,-1.392,7.29
6.077,-1.038,7.419
6.017,-1.306,7.611
6.221,-1.258,7.632
12.31,0.33,13.506
5.536,-2.065,7.455
5.967,-0.388,7.62
6.281,-1.036,7.228
6.084,-2.192,7.051
6.123,-1.206,7.522
6.151,-1.448,7.376
6.319,-1.299,7.503
6.192,-1.467,6.596
5.065,0.462,7.216
6.759,-0.617,8.187
6.391,-2.22,7.343
6.321,-1.548,7.285
6.02,-1.125,7.283
5.929,-1.629,7.405
6.338,-1.656,7.795
6.352,-1.44,7.506
7.08,3.369,6.036
6.74,-0.388,8.104
6.008,-1.715,7.573
6.139,-0.959,7.264
5.91,-1.553,7.151
5.917,-1.598,7.415
6.161,-1.5,7.675
6.326,-1.462,7.506
7.285,3.661,-10.724
3.0,-2.919,8.479
6.888,1.275,8.886
5.879,-2.046,7.553
6.517,-0.864,7.343
6.228,-1.483,7.501
5.902,-1.613,7.561
6.106,-0.983,7.527
5.977,-0.84,7.723
-11.051,-15.59,21.607
3.182,-5.417,9.058
6.044,1.34,8.226
5.991,-3.761,7.025
6.149,-1.847,7.089
6.103,-1.017,7.46
5.969,-1.526,7.587
6.003,-0.818,7.326
6.01,-1.323,7.321
-2.347,-12.872,9.362
3.802,-4.393,9.295
6.548,0.837,8.503
7.226,-1.146,6.804
6.041,-2.885,6.871
6.103,-1.105,7.01
5.972,-1.462,7.372
6.264,-1.247,7.522
6.348,-1.069,7.372
6.362,-1.589,7.764
6.505,-1.572,7.508
6.328,-1.565,7.216
6.058,-1.292,7.216
6.02,-1.493,7.46
6.345,-1.309,7.541
6.276,-1.335,7.367
6.065,-1.211,7.238
6.056,-1.488,7.352
6.223,-1.617,7.472
6.247,-1.165,7.46
6.166,-1.304,7.364
6.144,-1.517,7.508
6.348,-1.565,7.45
6.343,-1.383,7.453
6.185,-1.388,7.357
6.173,-1.419,7.503
6.249,-1.57,7.424
6.182,-1.392,7.324
6.053,-1.27,7.297
6.068,-1.347,7.517
6.216,-1.459,7.453
6.273,-1.371,7.372
5.996,-1.309,7.36
6.036,-1.328,7.47
6.216,-1.443,7.561
6.462,-1.55,7.398
6.285,-1.402,7.333
6.154,-1.192,7.398
6.223,-1.299,7.47
6.276,-1.522,7.372
8.819,-1.172,7.714
6.225,-1.699,7.539
