-1.148,2.137,9.767
0.644,0.345,7.467
-0.029,2.546,8.168
-0.825,3.259,9.238
-0.321,3.048,9.853
-0.349,2.9,10.219
-0.601,2.211,9.948
-0.435,1.677,9.405
-0.294,2.117,9.132
-0.285,2.67,9.214
-0.469,2.797,9.558
-0.543,2.617,9.762
-0.428,2.534,9.826
-0.44,2.256,9.491
-0.443,2.144,9.357
-0.395,2.397,9.463
-0.335,2.615,9.616
-0.426,2.74,9.556
-0.507,2.732,9.448
-0.534,2.577,9.293
-0.404,2.512,9.434
-0.345,2.472,9.477
-0.325,2.44,9.448
-0.522,2.417,9.496
0.337,1.902,9.333
-0.285,2.125,10.188
-0.687,2.622,9.637
-0.67,2.802,9.417
-2.393,2.613,10.13
0.376,2.629,9.264
-0.129,2.783,9.798
-1.113,2.163,9.551
-1.043,2.192,9.3
-1.409,0.888,9.506
-0.27,1.589,9.695
0.404,3.22,9.843
-0.089,2.996,9.719
-0.672,2.273,8.841
-1.0,2.321,9.099
-1.672,2.412,9.755
-0.88,2.34,9.929
-0.014,2.369,9.987
-0.615,1.294,9.91
-0.567,1.5,9.453
-0.699,1.883,9.475
-0.689,1.725,9.544
-0.833,2.505,9.623
-2.35,1.053,9.898
-1.902,1.57,9.489
-0.629,2.412,10.2
-0.926,1.761,9.599
-0.679,5.343,9.18
-0.22,1.888,8.702
-1.23,2.113,9.372
-0.945,2.668,9.807
0.28,1.598,9.465
-0.802,1.991,10.013
-0.194,1.799,9.281
0.024,1.469,9.128
-0.713,2.175,9.582
0.857,3.134,9.379
-0.854,2.567,9.491
-0.921,2.948,8.989
-0.079,3.314,9.551
-1.242,2.314,9.637
-1.046,2.385,9.783
0.55,2.436,9.121
1.615,3.878,8.685
0.971,3.718,9.312
-0.622,3.536,9.412
0.151,2.952,9.353
-0.916,1.268,9.8
-2.634,0.648,9.798
-1.196,2.311,9.644
-0.62,2.687,9.484
-0.632,2.708,9.568
0.012,3.831,9.577
-0.108,2.486,8.582
-0.455,2.065,9.142
-0.469,2.617,9.556
0.093,1.66,9.503
-0.443,2.534,9.721
-1.385,2.287,9.592
-0.615,2.981,9.333
-2.201,2.555,9.367
-0.349,2.488,9.439
-0.098,2.299,9.429
-0.543,0.991,9.003
-0.45,3.371,9.903
-1.086,2.799,10.221
-0.079,2.405,9.697
-0.012,2.562,9.178
0.031,1.979,9.424
-0.479,1.869,9.585
-0.526,2.677,9.69
-0.266,2.134,10.032
-0.328,2.35,9.941
0.459,3.196,11.341
-0.067,1.192,9.408
-0.567,1.505,9.262
-0.443,1.689,9.276
-0.512,2.395,9.254
-0.529,3.665,10.159
-0.031,1.763,9.537
-0.505,2.041,9.592
-0.802,2.079,9.676
-0.78,2.015,9.764
-0.469,2.05,9.666
-0.352,2.304,9.546
-0.569,2.364,9.609
-0.423,2.495,9.716
-0.323,2.299,9.709
-0.388,2.038,9.64
-0.787,1.574,9.439
-0.419,2.058,9.506
-0.378,1.919,9.513
-0.502,2.036,9.757
-0.802,1.605,9.589
-0.761,1.893,9.522
-0.553,2.194,9.599
-0.395,2.113,9.68
-0.273,2.043,9.714
-0.44,1.931,9.692
-0.744,1.964,9.68
-0.773,1.957,9.628
-0.443,2.354,9.558
-0.416,2.244,9.429
-0.354,2.39,9.479
-0.345,2.366,9.496
-0.483,2.4,9.618
-0.589,1.854,9.757
-0.529,1.873,9.841
-0.433,1.928,9.812
-0.624,1.785,9.597
-0.55,2.012,9.465
-0.467,2.017,9.52
-0.395,2.22,9.716
-0.751,2.125,9.676
-0.9,2.019,9.69
-0.546,2.0,9.544
-0.61,1.744,9.372
-2.249,1.479,9.336
0.845,2.661,8.597
-0.708,2.873,10.269
-0.151,2.041,10.386
-2.309,0.5,10.252
-0.828,1.689,9.386
0.56,2.041,9.254
-0.866,1.503,9.441
-0.653,1.983,9.762
-0.464,2.22,9.79
-1.826,1.05,7.821
-0.263,2.495,9.642
-0.512,2.29,9.855
-0.56,1.869,9.568
-0.34,2.12,9.386
-0.321,2.546,9.467
-0.373,2.536,9.592
-0.55,2.232,9.685
-0.847,2.029,9.764
-0.835,2.05,9.554
-0.328,2.227,9.3
-0.112,2.381,9.537
-0.39,2.211,9.814
-0.639,1.838,9.838
-0.675,1.854,9.814
-0.61,2.094,9.63
-0.397,2.316,9.341
-0.27,2.548,9.231
-0.416,2.845,9.427
-0.555,2.577,9.563
-0.703,2.022,9.668
-0.541,1.969,9.771
-0.431,2.055,9.819
-0.385,2.07,9.637
-0.356,2.223,9.417
-0.483,2.414,9.484
-0.687,2.617,9.513
-0.567,2.617,9.46
-0.304,2.821,9.381
-0.321,2.809,9.362
-0.333,2.73,9.286
-0.474,2.596,9.549
-0.701,2.263,9.755
-0.586,1.983,9.659
-0.431,2.393,9.551
-0.364,2.675,9.503
-0.395,2.644,9.377
-0.517,2.665,9.463
-0.553,2.361,9.707
-0.565,2.105,9.75
0.273,4.467,9.259
-0.132,2.689,8.608
-0.782,1.888,9.326
-0.88,2.45,9.53
-0.383,2.457,9.532
-0.467,2.189,9.501
-0.679,2.041,9.63
-0.419,1.89,9.63
-0.421,2.445,9.79
-1.23,0.668,5.515
-0.249,3.168,9.221
-0.854,3.948,10.549
-0.967,2.639,10.29
-1.108,1.773,10.001
-1.275,1.366,8.821
1.036,1.598,8.611
-0.306,3.295,9.228
-1.163,3.058,9.688
-0.397,2.342,9.659
-0.624,2.306,9.656
-0.78,2.165,9.465
-0.27,2.17,9.398
-0.244,2.22,9.52
-0.613,2.027,9.673
-0.56,2.263,9.845
-0.486,2.251,9.759
-0.627,2.019,9.453
-0.438,2.177,9.307
-0.651,2.376,9.436
-0.632,2.407,9.771
-0.402,2.539,9.695
-0.447,2.321,9.575
-0.45,2.259,9.585
-0.395,2.156,9.479
-0.55,2.027,9.551
-0.39,2.134,9.666
-0.335,2.318,9.704
-0.737,2.249,9.637
-0.557,2.28,9.563
-0.55,2.345,9.585
-0.455,2.082,9.573
-0.323,2.074,9.585
-0.579,2.113,9.652
-0.531,2.122,9.604
-0.373,2.304,9.582
-0.06,2.706,9.51
-0.689,1.964,9.577
-0.926,1.565,9.625
-0.675,1.708,9.707
-0.689,2.003,9.807
-0.5,2.385,9.692
-0.467,2.29,9.518
-2.428,1.914,7.4
0.091,2.967,9.223
0.077,3.759,10.355
-0.29,1.57,9.764
-1.711,1.663,9.853
-0.73,1.407,9.711
-0.043,1.785,9.444
-0.718,2.314,9.592
-0.443,2.371,9.503
-0.356,2.524,9.403
-0.644,2.45,9.53
-0.414,2.184,9.53
-0.447,2.204,9.453
-0.483,2.472,9.472
-0.761,2.617,9.534
-0.519,2.78,9.566
-0.364,1.893,9.527
-0.598,1.591,9.664
-0.383,1.943,9.673
-0.557,1.945,9.465
-0.739,2.237,9.501
-0.285,2.433,9.621
-0.481,2.005,9.57
-0.615,2.227,9.776
-0.598,2.192,9.613
-0.553,2.077,9.41
-0.079,2.297,9.58
-0.244,2.091,9.731
-0.581,1.816,9.743
-0.567,2.055,9.735
-0.658,2.409,9.479
-0.605,2.921,9.331
-0.122,2.73,9.365
-0.115,1.751,9.685
-0.476,1.632,9.951
-0.67,1.742,9.865
-0.651,2.065,9.247
-0.175,2.455,9.396
-0.577,1.95,9.723
-1.184,1.479,9.915
-0.115,1.077,9.872
0.179,1.536,9.594
-0.187,2.134,9.518
-0.311,1.876,9.472
-0.871,1.95,9.628
-0.464,2.675,9.252
-0.723,2.259,10.03
-0.672,0.636,9.855
0.014,0.952,9.692
-0.83,1.333,10.106
-0.842,1.89,9.984
-0.156,1.359,9.616
-0.299,1.038,8.994
-1.151,1.847,9.872
-1.258,3.752,10.334
-0.024,0.797,9.704
0.615,-0.397,9.463
-0.024,0.758,9.704
0.431,-0.254,9.171
1.203,0.668,9.735
-0.713,1.256,10.281
-0.057,0.426,9.814
-0.498,-0.416,10.216
-2.663,0.141,11.307
0.718,-0.017,9.173
1.605,0.232,9.298
2.787,0.495,9.01
1.196,-0.256,9.491
1.349,-0.201,9.659
1.689,-0.144,9.386
0.859,-0.699,8.735
-1.517,0.562,10.542
-0.543,1.493,10.118
-0.991,1.584,9.982
-0.026,1.11,9.508
0.38,0.751,9.774
0.206,0.955,10.111
0.593,1.077,9.702
-0.045,0.991,9.688
0.206,1.038,9.64
0.017,0.89,9.929
-0.031,0.435,9.908
-0.412,0.55,9.944
-0.412,1.069,9.743
-0.481,1.266,9.467
-0.124,1.648,9.441
0.151,1.601,9.795
0.177,1.479,10.09
-0.041,1.335,10.14
0.129,1.493,9.939
-0.249,1.225,9.874
-0.481,1.06,9.867
-0.548,1.134,9.68
-0.416,1.23,9.465
-0.177,1.359,9.64
-0.177,1.668,10.001
0.278,1.854,9.951
0.069,1.68,9.853
-0.569,1.28,9.386
-0.402,1.443,9.439
-0.218,1.615,9.642
-0.402,1.811,9.743
0.019,1.943,9.939
-0.072,1.328,10.008
-0.048,1.089,9.769
0.053,0.902,9.64
0.091,1.268,9.678
-0.601,1.677,9.948
-0.998,1.885,9.953
-0.079,1.881,9.221
0.553,2.062,9.286
0.055,1.849,9.826
-0.864,1.672,10.085
-0.495,1.529,9.728
0.093,1.505,9.264
-0.055,2.237,9.503
-0.486,1.665,9.707
-0.268,1.546,9.807
-0.359,1.68,9.819
-0.091,1.337,9.733
0.067,1.244,9.534
-0.103,1.742,9.616
-0.701,2.292,9.889
-0.309,2.419,9.606
-0.854,1.902,9.532
-1.046,1.761,9.587
-0.373,1.524,9.594
-0.51,2.065,9.695
-0.718,2.694,9.508
-0.184,2.644,9.331
-0.189,1.893,9.606
-0.62,0.926,10.118
-0.675,0.854,10.331
-0.431,1.558,9.836
-0.306,2.232,9.427
-0.526,2.383,9.106
-0.426,2.4,9.314
-0.524,2.342,9.771
-0.55,1.811,10.145
-0.354,1.294,9.982
-0.23,1.373,9.577
-0.529,1.936,9.295
-0.658,2.515,9.386
-0.66,2.582,9.671
-0.476,2.412,9.743
-0.294,1.952,9.575
-0.328,1.562,9.288
-0.347,1.605,9.573
-0.51,2.041,9.905
-0.624,2.079,10.08
-0.536,1.969,9.635
-0.45,1.998,9.31
-0.462,2.053,9.264
-0.383,2.027,9.762
-0.543,1.897,9.989
-0.605,1.744,9.905
-0.529,1.744,9.635
-0.546,1.943,9.4
-0.378,2.062,9.345
-0.251,2.249,9.69
-0.44,2.244,9.853
-0.651,2.115,9.747
-0.486,1.945,9.484
-0.715,-0.469,9.64
-1.019,-5.063,11.3
-1.163,-5.809,12.238
0.407,10.558,15.88
0.129,2.598,7.781
-0.426,2.385,9.286
-0.498,2.199,9.455
-0.299,2.445,9.432
-0.49,2.574,9.606
-0.624,2.043,9.709
-0.421,1.804,9.673
-0.208,1.988,9.601
-0.366,2.165,9.518
-0.414,2.347,9.506
-0.476,2.606,9.52
-0.708,2.364,9.676
-0.742,2.294,9.604
-0.333,2.184,9.439
0.01,2.23,9.554
-0.261,2.259,9.781
-0.574,1.847,9.877
-0.574,1.62,9.628
-0.639,1.919,9.321
-0.581,2.529,9.393
-0.433,2.419,9.652
-0.467,2.003,9.812
-0.531,1.861,9.9
-0.476,1.967,9.652
-0.402,2.027,9.274
-0.397,2.172,9.396
-0.557,2.464,9.685
-0.502,2.34,9.735
-0.45,2.373,9.51
-0.605,2.141,9.489
-0.548,2.062,9.417
-0.392,2.225,9.57
-0.385,2.254,9.642
-0.414,2.244,9.678
-0.49,2.187,9.769
-0.524,2.06,9.577
-0.519,2.139,9.544
-0.409,2.405,9.568
-0.455,2.306,9.57
-0.474,2.06,9.592
-0.605,1.895,9.802
-0.708,1.732,9.795
-0.617,0.227,9.092
-0.888,-5.127,10.613
-1.074,-5.436,11.688
0.342,10.81,15.695
-0.359,4.156,9.202
-0.577,1.603,9.807
-0.55,1.912,9.412
-0.366,2.261,9.271
-0.457,2.405,9.374
-0.648,2.397,9.812
-0.703,2.017,9.831
-0.529,1.921,9.508
-0.354,2.16,9.29
-0.452,2.505,9.211
-0.34,2.613,9.537
-0.457,2.261,10.073
-0.608,2.046,9.991
-0.462,2.043,9.384
-0.407,2.393,8.922
-0.644,2.61,9.106
-0.486,2.792,9.422
-0.414,2.639,9.972
-0.56,2.22,9.91
-0.565,1.897,9.609
-0.479,1.964,9.257
-0.512,2.412,9.31
-0.56,2.594,9.621
-0.641,2.46,9.546
-0.589,2.208,9.558
-0.486,2.342,9.666
-0.464,2.187,9.544
-0.345,2.235,9.513
-0.603,2.175,9.735
-0.991,1.888,9.86
-0.818,2.103,9.475
-0.33,2.364,9.36
-0.368,2.644,9.381
-0.562,2.644,9.465
-0.376,2.701,9.444
-0.562,2.591,9.52
-0.687,2.314,9.444
-0.546,2.015,9.381
-0.603,2.115,9.561
-0.802,2.304,9.755
-0.665,2.271,9.575
-0.481,2.22,9.633
-0.536,1.943,9.788
-0.61,1.574,9.764
-0.368,1.828,9.644
-0.517,2.393,9.719
-0.658,2.61,9.453
-0.653,2.68,9.216
-0.687,2.553,9.441
-0.67,2.323,9.649
-0.227,2.127,9.623
-0.297,2.378,9.58
-0.636,2.33,9.539
-0.706,1.103,9.219
-0.701,0.218,4.699
-0.536,0.261,1.95
-1.069,-5.489,12.307
0.388,12.291,11.03
-1.57,-7.721,5.465
0.211,12.307,15.162
-1.684,-7.324,3.252
-0.531,3.704,10.276
-0.237,1.809,9.697
-0.505,1.732,9.829
-0.651,1.56,10.001
-0.562,1.993,9.716
-0.34,2.579,9.211
-0.493,2.984,9.111
-0.744,2.708,9.455
-0.88,2.077,9.86
-0.584,1.84,9.74
-0.361,2.199,9.408
-0.33,2.452,9.441
-0.416,2.632,9.558
-0.684,2.373,9.79
-0.749,2.163,9.723
-0.663,2.218,9.42
-0.476,2.505,9.195
-0.328,2.823,9.173
-0.457,2.747,9.501
-0.782,2.309,9.771
-0.718,2.125,9.649
-0.498,2.287,9.525
-0.421,2.366,9.326
-0.426,2.359,9.422
-0.601,2.294,9.776
-0.639,1.993,9.884
-0.397,2.012,9.692
-0.423,2.297,9.544
-0.682,2.675,9.384
-0.935,2.711,9.348
-0.751,2.438,9.388
-0.206,2.467,9.343
-0.167,2.412,9.582
-0.555,2.204,9.915
-0.55,1.938,9.853
-0.591,2.041,9.707
-0.723,2.412,9.424
-0.665,2.596,9.156
-0.627,2.785,9.171
-0.579,2.558,9.436
-0.522,2.115,9.678
-0.313,2.055,9.74
-0.294,2.275,9.659
-0.507,2.369,9.721
-0.672,2.232,9.561
-0.802,2.053,9.599
-0.687,2.22,9.417
-0.452,2.591,9.436
-0.304,2.768,9.477
-0.426,2.476,9.64
-0.541,2.065,9.836
-0.751,1.914,9.735
-0.591,2.196,9.233
-0.423,2.613,9.18
-0.519,2.929,9.305
-0.603,2.314,9.609
-0.634,2.041,9.723
-0.56,2.113,9.903
-0.572,2.053,9.664
-0.624,2.048,9.274
-0.502,2.555,9.31
-0.622,2.833,9.477
-0.947,2.271,9.671
-0.624,2.18,9.42
-0.23,2.603,9.479
-0.464,2.491,9.561
-0.565,2.218,9.759
-0.699,2.108,9.824
-0.799,2.094,9.573
-0.495,2.326,9.362
-0.474,2.56,9.379
-0.529,2.632,9.293
-0.268,2.55,9.501
-0.459,2.323,9.695
-0.668,2.302,9.874
-0.629,2.204,9.537
-0.534,2.101,9.288
-0.593,2.283,9.472
-0.751,2.134,9.709
-0.699,1.897,9.936
-0.624,2.165,9.865
-0.986,2.539,9.723
-1.048,2.476,9.135
0.536,2.79,9.111
-0.438,2.184,10.499
-2.003,0.778,10.355
-0.433,0.794,9.458
-0.519,1.316,8.707
-2.048,1.617,9.769
-2.07,2.347,10.377
-1.632,0.83,8.532
-1.792,2.603,9.08
-1.189,4.744,9.321
-0.885,3.685,8.498
-0.959,2.22,8.262
-0.421,3.103,8.723
0.208,3.831,9.257
0.05,3.345,9.714
0.641,3.728,10.154
1.28,4.503,10.238
0.022,3.266,8.659
-0.373,2.701,8.149
0.196,2.656,9.164
-0.318,1.294,9.259
-0.914,0.555,9.132
-1.45,-1.816,7.905
0.048,3.787,9.893
-0.794,3.871,10.432
-1.34,1.376,10.372
0.237,3.749,8.527
0.172,4.835,9.188
-3.173,3.263,9.221
-2.034,1.058,6.548
-0.746,1.869,10.645
-2.333,5.953,9.152
-2.725,3.115,9.936
-2.479,2.184,9.264
-0.16,3.062,9.451
-0.136,4.852,8.716
-1.445,3.881,8.781
-1.237,2.101,8.183
-1.249,1.816,9.609
-2.756,1.823,2.292
-1.395,7.747,14.686
-0.376,7.372,10.02
-1.081,7.628,12.929
-1.254,4.094,13.48
-4.945,6.663,5.481
5.345,1.962,-0.785
1.373,-1.814,7.369
-3.644,13.133,15.183
-4.716,8.087,20.067
-1.79,3.094,11.415
-2.108,-4.266,8.104
-4.259,2.302,11.879
-2.926,6.812,12.762
-2.622,2.144,7.546
-3.412,4.445,8.96
-2.113,9.68,8.831
-2.44,9.905,6.867
-3.041,5.809,7.068
-3.247,2.72,7.721
-2.917,1.407,7.716
-1.644,1.512,7.094
-1.062,1.581,7.116
-0.711,0.746,7.037
-0.151,-0.88,6.204
0.995,-1.012,5.804
2.694,-0.242,5.453
4.158,-1.574,4.972
4.194,-3.01,5.766
4.816,-2.479,6.381
6.453,-1.302,8.264
8.465,-0.414,4.445
6.927,-1.768,5.52
6.285,-1.065,5.704
7.479,-2.857,6.352
7.97,-2.68,4.79
7.094,-2.902,3.323
8.29,-6.467,2.763
9.439,-12.513,8.264
4.819,-9.826,15.133
4.398,-4.625,13.485
5.161,-0.443,13.15
4.773,3.756,10.372
2.074,-0.766,9.872
3.503,-3.747,11.877
6.563,-3.419,12.7
7.783,-3.366,13.372
5.766,-3.376,8.491
3.627,-2.003,5.063
4.587,-3.34,5.663
6.651,-3.194,6.606
6.857,-2.919,8.403
5.237,-3.244,8.013
4.802,-2.591,8.685
5.524,-2.46,9.805
5.039,-3.931,9.42
4.108,-4.347,8.051
4.077,-3.242,7.661
4.575,-2.704,9.314
6.161,-3.046,8.647
6.938,-4.484,6.74
5.237,-4.654,6.498
3.584,-4.34,7.415
4.359,-4.412,7.393
5.876,-4.558,6.551
5.359,-2.412,6.158
3.969,-1.531,6.422
4.101,-2.421,6.773
4.725,-3.187,7.027
4.771,-3.213,6.934
4.211,-3.328,6.618
3.847,-3.601,6.156
4.362,-3.687,7.147
5.924,-4.321,8.252
6.173,-5.46,8.647
5.082,-5.247,8.283
4.785,-3.084,8.312
5.601,-1.881,8.242
5.278,-2.122,7.872
4.517,-3.441,8.073
4.563,-4.802,8.601
5.079,-4.857,9.367
5.323,-3.653,8.429
5.13,-3.048,7.106
4.945,-3.756,7.075
4.957,-4.587,7.575
5.288,-4.271,8.197
5.273,-3.452,8.209
4.61,-2.998,7.517
4.692,-3.345,7.439
5.115,-3.819,7.675
4.957,-4.4,8.52
5.063,-4.74,7.812
5.419,-4.84,5.333
6.371,-3.718,5.211
5.828,-2.902,9.171
4.077,-2.314,10.759
4.278,-2.417,7.773
5.381,-3.268,4.297
5.515,-3.615,4.79
4.567,-4.544,7.965
4.455,-6.666,9.826
5.457,-4.931,8.446
5.343,-2.498,5.778
4.048,-3.024,5.606
3.835,-5.036,9.788
4.209,-6.249,9.762
5.067,-2.888,7.596
4.541,0.459,6.443
4.481,-2.462,9.989
5.565,-7.113,8.436
5.84,-4.658,6.326
4.11,-1.232,7.599
3.972,-4.187,9.192
3.74,-5.891,8.975
5.053,-4.228,6.869
6.166,-1.108,6.429
4.591,-2.175,9.13
3.089,-5.108,8.879
3.869,-5.749,6.24
5.486,-2.673,6.242
5.618,-0.074,8.695
3.608,-2.919,9.994
-0.026,-6.716,10.288
0.821,-5.431,11.099
7.376,-3.106,9.479
7.472,-1.086,4.584
2.74,-0.285,3.972
0.605,-2.905,9.826
7.087,-5.386,11.819
8.654,-5.438,8.106
0.866,-2.74,7.06
-1.715,0.376,5.233
-0.816,-0.574,4.907
-0.782,-1.515,8.305
0.708,-1.983,7.941
-1.297,-4.41,9.027
0.065,-1.747,8.185
0.249,0.725,10.451
1.785,-0.744,9.321
0.488,0.715,7.625
-1.725,3.041,7.795
-0.782,3.062,7.132
-1.814,2.12,9.412
-4.754,2.156,9.953
-3.314,1.744,8.781
-3.462,-1.436,8.687
-7.278,-5.706,12.391
-8.24,-8.166,13.305
-3.338,-8.422,11.197
0.438,-5.331,7.293
-1.127,-2.684,6.764
-3.414,-3.699,13.877
-8.226,-8.539,9.788
-0.998,-7.462,7.692
-0.601,-7.307,7.36
-0.306,-7.214,8.216
0.4,-6.434,10.812
0.945,-5.18,10.365
0.955,-5.52,10.525
2.208,-6.19,8.453
-0.081,-6.077,5.73
3.45,-5.008,9.759
2.981,-3.168,8.269
1.83,-3.539,8.546
-0.323,-3.826,9.137
-0.184,-3.799,8.64
0.935,-3.141,9.061
1.634,-1.668,9.408
1.694,-0.883,9.329
1.9,0.019,8.381
1.995,0.385,8.154
2.094,0.328,8.652
2.292,-0.036,9.611
2.756,-0.28,9.798
3.397,-0.39,10.228
3.438,-0.806,10.061
3.206,-1.869,10.154
3.397,-2.113,9.415
4.125,-1.34,8.333
4.359,-0.701,8.759
4.517,-0.084,8.998
3.831,-0.639,9.094
3.314,-1.345,8.867
2.842,-2.627,8.628
2.649,-2.567,8.475
2.766,-2.06,8.219
2.23,-0.794,8.216
2.302,-1.95,8.29
1.878,-2.476,7.967
1.799,-3.443,7.685
2.414,-3.036,7.312
2.036,-2.821,8.465
1.517,-3.23,7.795
0.598,-6.065,8.369
-1.072,-7.563,10.149
-2.634,-6.391,10.558
-3.208,-6.568,10.604
-3.993,-9.307,11.164
-4.0,-9.963,10.781
-4.472,-8.812,11.224
-5.326,-6.017,10.965
-6.149,-6.589,10.747
-6.84,-8.061,9.776
-9.379,-7.821,8.3
-9.288,-7.235,9.118
-7.972,-7.506,8.087
-8.209,-8.448,7.919
-8.219,-8.364,7.726
-7.85,-8.58,6.551
-9.075,-9.336,5.981
-8.12,-9.594,6.108
-7.494,-9.161,5.771
-7.4,-8.429,5.651
-7.745,-9.506,5.144
-8.439,-8.862,4.685
-8.788,-7.85,4.484
-7.204,-5.893,3.586
-7.517,-6.548,4.666
-7.807,-5.895,4.343
-8.128,-4.984,4.792
-7.879,-4.74,5.151
-7.417,-4.938,4.56
-7.754,-5.156,4.249
-7.773,-4.175,4.144
-7.699,-3.902,4.711
-7.029,-4.034,4.18
-6.326,-4.426,3.517
-5.735,-4.728,3.256
-5.034,-5.118,3.259
-4.919,-5.343,3.01
-4.871,-5.833,2.993
-4.857,-6.259,3.067
-4.886,-6.876,3.115
-4.91,-6.845,2.806
-4.773,-6.288,3.675
-4.553,-5.635,4.46
-4.393,-5.637,5.462
-4.189,-5.74,4.867
-4.175,-5.457,5.347
-3.936,-3.563,6.596
-3.912,-2.175,7.094
-3.871,-2.4,6.742
-3.395,-1.299,7.472
-2.627,0.572,8.209
-1.814,1.9,8.23
-0.902,3.055,8.343
-0.584,3.5,9.19
-0.639,3.388,9.869
-0.589,3.421,9.621
-0.096,3.055,10.269
0.318,2.811,10.975
0.117,2.972,11.451
-0.237,2.469,10.659
-0.223,1.964,9.039
0.811,2.548,9.826
1.268,2.732,10.137
2.127,1.842,10.353
2.333,1.287,10.542
2.314,1.33,10.716
1.838,1.316,10.386
1.957,0.577,10.776
1.483,-1.139,9.872
0.761,-2.945,8.415
0.876,-3.907,5.558
1.522,-6.589,6.269
0.935,-6.07,4.486
1.242,-5.723,4.666
1.811,-6.568,3.216
1.005,-10.836,6.24
-0.749,-10.367,8.14
-1.775,-8.606,8.865
-1.077,-7.443,11.994
-1.751,-5.34,10.642
-0.345,-6.304,7.123
-0.945,-5.178,4.618
0.225,-3.33,6.312
0.885,-4.295,6.577
1.493,-1.536,6.048
0.55,0.952,7.781
-1.196,1.16,6.446
-6.259,-2.582,9.106
-4.185,-7.898,7.683
-5.503,-7.869,8.85
-6.527,-5.871,10.544
-6.51,-4.608,10.078
-7.472,-7.101,11.941
-7.838,-7.147,9.999
-7.099,-4.663,10.578
-9.089,-4.943,10.738
-10.446,-3.151,10.085
-5.685,-4.084,9.735
-6.833,-2.656,8.967
-5.419,-3.682,8.558
-8.637,-3.577,8.733
-9.51,-5.783,8.393
-7.508,-5.295,7.422
-7.651,-4.589,8.589
-7.568,-5.343,9.348
-8.343,-6.273,9.295
-9.685,-7.295,8.417
-7.216,-7.151,8.19
-7.35,-5.536,7.953
-8.35,-6.58,6.548
-7.785,-8.001,6.814
-6.833,-8.436,5.761
-9.448,-9.35,4.926
-9.197,-9.666,3.976
-7.254,-10.86,2.83
-6.223,-11.092,1.058
-7.118,-11.169,1.974
-6.934,-10.235,2.531
-5.934,-7.812,2.543
-5.386,-6.163,2.352
-4.634,-8.575,1.074
-4.075,-9.606,-0.043
-3.694,-9.683,0.684
-2.687,-7.211,2.283
-1.993,-7.891,3.304
-1.208,-8.647,2.017
-1.948,-8.709,3.065
-2.857,-6.462,2.943
-2.45,-5.771,3.285
-1.357,-5.886,2.438
-0.507,-7.391,2.426
-0.402,-8.056,2.412
-0.285,-8.199,3.457
-0.139,-7.077,3.665
-0.098,-7.041,3.543
0.392,-7.922,3.857
0.586,-8.733,4.283
0.928,-9.91,4.017
1.194,-10.101,4.041
1.024,-9.711,4.692
1.699,-9.132,4.898
2.184,-9.214,4.771
2.577,-9.058,4.161
2.407,-8.19,4.304
2.359,-7.635,4.386
3.132,-7.539,4.11
3.766,-6.596,4.357
4.0,-5.383,4.733
3.754,-3.929,4.402
3.883,-2.797,5.67
3.287,-2.591,6.161
2.862,-3.536,7.053
2.553,-3.268,7.931
1.876,-3.74,9.345
1.007,-3.799,10.594
0.751,-2.955,9.877
1.058,-1.108,10.094
0.608,1.086,10.161
-0.27,0.73,9.874
-0.512,0.11,8.783
2.464,-0.493,8.575
2.663,-1.694,4.474
3.029,-2.945,2.316
1.337,-3.151,5.252
-0.122,-1.117,8.795
-2.321,-1.325,8.302
-2.888,-3.326,8.204
-2.873,-3.39,8.762
-1.739,-3.945,8.36
-1.969,-2.149,7.218
-2.117,-2.809,7.254
-1.809,-4.551,7.45
-2.534,-4.254,7.608
-2.223,-2.292,7.309
-1.292,-1.239,7.785
-2.606,0.349,7.824
-3.206,1.199,8.699
-4.993,-0.103,9.293
-4.426,-0.641,8.735
-5.907,-0.404,8.57
-6.022,-0.933,8.219
-6.563,-1.651,8.793
-7.63,-3.129,6.328
-8.046,-5.204,6.175
-10.027,-7.092,6.493
-10.539,-6.462,7.259
-11.984,-4.941,8.561
-12.568,-5.41,8.556
-12.623,-6.209,7.998
-12.571,-7.781,7.082
-11.681,-5.572,5.551
-12.745,-4.89,5.613
-15.095,-9.051,6.025
-12.968,-9.585,8.015
-13.085,-8.266,5.266
-14.925,-6.472,6.568
-12.707,-7.486,5.601
-12.59,-6.785,6.436
-12.006,-6.599,7.314
-12.018,-4.666,6.481
-10.188,-3.51,5.12
-9.635,-3.704,4.022
-10.209,-2.897,3.632
-9.8,-2.775,4.173
-9.762,-1.479,4.716
-11.927,-1.507,6.099
-9.977,-1.515,3.472
-5.9,-2.474,2.024
-3.488,-2.766,1.452
-3.022,0.452,2.902
-3.931,2.452,4.716
-3.591,1.407,3.481
-2.127,-1.476,1.385
-2.326,-5.187,0.464
-3.4,-4.599,0.546
-2.302,-0.364,-0.081
-0.945,2.866,-1.962
-2.067,2.046,-1.251
-3.522,0.986,-1.077
-3.866,-3.134,-1.558
-3.936,-3.878,-2.182
-5.654,-0.067,-2.271
-7.498,1.926,-0.55
-4.663,-1.814,0.55
-4.529,-2.314,0.134
-9.776,-1.117,3.141
-5.118,0.342,1.397
-9.156,-1.62,5.424
-6.225,-5.235,4.833
-8.836,-2.802,2.668
-11.348,-2.565,2.227
-10.097,-3.352,3.548
-16.325,-5.905,8.163
-11.169,-4.084,7.967
-13.578,-7.917,5.639
-16.631,-5.646,4.945
-21.83,-6.233,9.106
-21.031,-6.068,7.692
-22.557,-13.343,4.276
-21.445,-7.474,7.027
-18.636,-6.962,5.144
-20.961,-10.154,4.637
-18.081,-8.941,0.974
-15.135,-8.884,-1.256
-14.583,-7.73,-0.95
-11.109,-3.598,1.814
-11.142,-1.857,7.276
-8.848,-2.905,7.517
-6.077,-3.065,4.828
-3.402,-1.261,8.814
-3.287,-1.218,11.389
-2.704,-5.871,10.637
1.534,-1.146,6.929
3.809,4.465,9.128
1.39,2.864,12.159
0.371,2.696,12.001
2.751,1.986,5.204
6.359,3.567,4.699
4.599,10.286,8.723
3.792,6.151,12.58
7.319,4.582,6.738
1.359,3.931,5.429
6.761,0.701,12.147
1.541,3.412,12.719
-3.094,6.324,10.403
-7.084,5.517,7.474
-19.837,-0.182,11.393
-19.203,3.761,25.34
13.951,11.894,4.78
-10.7,-7.319,2.629
9.025,5.235,4.637
-7.974,-1.201,11.63
-3.909,4.347,15.08
-3.931,4.144,3.945
-3.024,3.28,10.881
-0.474,4.565,8.034
-0.907,8.24,11.932
-1.672,7.802,9.63
-0.854,4.919,5.431
-4.218,-0.715,11.032
-3.048,2.235,11.448
-4.914,8.826,7.869
-3.622,4.747,8.642
2.603,4.661,8.391
-2.948,4.919,10.082
0.639,7.142,7.812
0.275,4.192,8.683
-1.474,3.055,8.207
-0.455,3.295,7.735
-1.445,5.103,9.86
-0.057,5.524,6.948
-0.641,5.493,8.441
2.909,6.537,6.147
8.4,6.738,3.299
1.737,12.417,3.5
-0.445,5.881,3.519
5.146,9.812,2.95
2.57,10.001,3.338
2.285,13.788,3.893
-5.347,6.862,2.713
-4.907,1.337,1.065
1.065,5.027,0.749
-0.244,6.733,-9.733
-6.166,9.668,-15.088
-7.489,8.857,-12.87
-7.953,1.864,-9.245
-13.066,13.599,-6.738
-20.708,-2.357,-8.082
-14.384,-2.388,-7.874
-18.803,13.286,3.263
-25.223,5.869,-3.926
-27.452,-7.833,-5.745
-29.895,-17.478,-2.227
-27.424,-7.692,-8.235
-31.108,0.715,-6.958
-23.612,3.0,9.487
-14.628,-11.913,1.048
-14.489,-5.608,-7.087
-17.487,12.217,-9.75
-14.016,10.678,-4.462
-28.828,0.038,-9.546
-30.462,-9.312,-5.587
-32.855,-10.869,-2.285
-44.684,5.453,-2.089
-43.255,7.864,-2.895
-29.979,4.974,-3.972
-19.995,15.736,0.562
-16.822,15.829,-2.716
-3.945,8.434,-7.558
-6.548,10.472,-9.412
5.072,5.591,-16.949
-2.428,9.865,-5.175
4.11,6.522,-8.558
3.656,4.024,-8.821
1.541,1.838,-7.446
-0.95,7.369,-6.922
1.407,4.338,-9.365
4.01,2.297,-9.609
-1.244,0.366,-7.726
-0.567,0.4,-8.891
-0.165,-4.35,-2.821
-1.007,-3.287,-5.048
1.464,-3.292,-3.706
2.838,-1.05,-6.025
0.522,-2.345,-6.443
1.723,-2.759,-7.185
1.756,-3.103,-8.374
0.541,-2.141,-9.963
0.22,-1.491,-12.283
-0.297,2.206,-12.477
0.074,2.895,-11.472
1.608,3.285,-12.492
1.28,3.642,-13.616
0.045,5.213,-14.076
-1.139,3.17,-13.494
-1.873,1.043,-12.087
-2.675,0.689,-10.271
-1.285,3.003,-12.953
-3.424,-1.335,-14.899
-9.53,-8.664,-7.34
-15.15,-6.984,-6.599
-9.561,3.249,-3.96
-7.108,-1.845,-4.438
-7.762,-8.47,-10.128
-2.369,-9.166,-5.106
-1.84,-8.037,-9.673
-8.68,-13.083,-8.132
-8.039,-9.948,-10.221
-7.257,-1.254,-7.666
-14.293,-8.018,-4.271
-18.021,-24.935,9.221
-15.743,-13.123,2.495
-13.446,-14.822,2.201
-7.223,-13.719,-1.921
-0.488,-13.621,-3.359
-6.8,-22.344,-0.675
-7.431,-23.399,-6.493
7.202,-2.046,0.117
10.341,-14.286,-1.218
6.001,-19.834,0.988
1.964,-15.016,4.857
6.304,-6.393,13.37
-0.859,-4.74,7.573
3.381,2.175,7.269
5.108,-3.369,0.127
1.488,-3.613,0.031
-1.852,-2.017,4.996
1.431,-3.07,5.723
6.312,-4.362,0.957
2.818,-5.606,-2.352
5.52,-7.008,0.541
5.228,-3.072,2.472
1.775,-1.744,4.381
-0.254,0.201,6.199
-5.335,-3.505,7.874
0.23,-7.45,7.228
1.433,-5.4,11.183
-3.237,-6.422,12.197
-2.242,-5.228,12.528
0.481,-0.758,16.088
0.562,2.62,14.032
-0.672,5.847,15.384
-0.861,7.561,13.123
0.775,4.957,8.08
-0.531,3.163,5.319
1.455,8.274,5.646
-0.84,5.998,2.84
-3.761,1.988,2.153
-5.221,1.553,3.046
-2.78,6.087,5.099
-1.225,7.879,5.123
-1.213,11.367,-2.507
-2.074,8.738,3.601
-3.668,8.013,4.051
-2.83,5.022,2.462
-4.012,-2.543,0.493
-7.773,-8.704,-0.49
-5.639,13.767,-1.893
-6.51,16.758,-1.871
-11.355,-7.154,-2.206
-14.322,-21.478,-6.984
-18.155,-6.264,1.168
-16.978,-5.115,-1.589
-14.879,-21.595,9.745
-26.66,-18.959,14.887
-18.014,-11.422,16.593
-18.645,-14.104,18.059
-19.145,-16.205,16.356
-15.473,-6.946,12.934
-14.463,-10.759,6.209
-13.75,-11.915,14.143
-18.533,-1.986,12.039
-9.159,-5.331,-1.704
-11.858,-10.042,-5.477
-12.508,-16.384,-3.634
-10.286,-19.224,-1.964
-6.58,-8.386,0.988
-3.981,-2.263,5.474
0.412,0.675,5.051
5.407,-1.948,5.209
6.214,-2.113,4.594
3.881,0.761,9.697
0.933,-4.881,11.417
2.395,-12.348,10.537
2.979,-14.181,9.073
-0.349,-5.898,10.819
-4.797,1.814,11.006
-7.266,-3.022,12.458
-9.987,-5.821,11.669
-6.649,-2.01,12.606
0.89,-1.232,13.884
1.735,-2.129,10.618
-2.469,-3.842,10.085
-4.118,-2.01,13.786
-5.345,-0.572,16.329
-5.0,-0.426,12.774
-5.158,-0.957,9.881
-4.467,0.751,10.96
-3.024,1.536,11.391
-2.139,0.129,12.128
-2.204,-1.031,10.377
-1.125,-0.29,9.826
-2.055,1.158,9.936
-2.67,2.443,9.472
-1.881,2.883,9.649
-0.498,1.345,8.032
-0.342,1.105,6.017
-0.964,2.443,6.783
-1.548,4.752,9.176
-1.971,6.46,8.183
-1.17,6.998,7.333
-1.517,5.68,7.836
-2.498,5.23,5.0
-2.251,7.805,5.259
-2.101,7.589,6.747
-2.438,6.223,5.096
-3.146,5.694,4.692
-3.653,6.178,3.747
-4.309,6.508,4.977
-4.589,8.14,5.113
-4.089,3.864,3.094
-6.261,-2.199,-0.725
-6.651,-1.486,-1.371
-9.015,5.989,-2.797
-7.91,8.166,1.038
-12.379,-2.998,0.735
-13.279,-14.2,1.938
-10.602,-10.456,1.089
-10.448,-11.582,3.773
-17.717,-12.673,5.926
-21.404,-19.093,10.824
-16.719,-25.421,14.667
-12.24,-17.538,16.231
-15.329,-11.609,16.296
-13.049,-15.542,11.975
-12.707,-16.502,20.662
-11.448,-4.591,18.332
-6.281,-16.171,12.906
-4.979,-9.283,16.121
-6.247,-7.541,13.365
-14.413,-5.658,15.851
-3.374,-17.337,13.406
-1.373,-12.791,11.86
1.861,-13.43,18.222
11.295,-10.791,11.422
3.852,-9.295,9.999
1.687,-11.537,3.921
9.582,2.775,18.49
-2.417,1.596,19.15
-7.295,4.034,11.736
-0.225,1.543,-0.859
-1.297,-3.429,-12.712
-2.146,2.345,-12.563
-7.886,-5.541,-6.249
-11.46,-6.508,-9.613
-6.699,-7.395,-3.584
-5.199,-7.369,-9.558
-7.199,-12.807,-3.921
-13.413,-13.595,-4.223
-15.767,-17.93,1.232
-12.489,-19.968,1.366
-6.46,-7.513,3.218
-5.69,4.634,6.001
-2.239,-0.177,6.383
5.831,-5.079,5.556
7.472,-4.955,4.713
5.209,-4.364,6.527
0.4,-8.092,11.515
-0.402,-11.738,9.403
3.216,-8.522,10.75
1.68,-2.591,10.951
-4.658,-3.488,11.81
-9.271,-4.218,12.987
-10.822,-1.055,18.428
-4.783,-1.294,18.303
-0.51,-6.065,11.417
0.392,-5.563,7.948
-2.488,-3.024,10.42
-3.519,-0.167,12.975
-4.577,-3.027,13.016
-3.845,-4.469,11.303
-4.106,-2.608,8.9
-2.606,-1.653,8.965
-1.431,-0.665,10.051
-2.357,-0.057,10.566
-3.319,-1.572,11.207
-2.294,1.924,9.63
-1.278,2.271,11.405
-2.285,2.539,11.657
-3.857,4.4,11.946
-1.871,5.527,9.027
-0.634,5.434,8.661
-0.086,6.814,7.723
-1.402,7.089,6.266
-1.541,7.089,7.118
-1.06,7.843,6.855
-2.909,5.981,5.333
-4.01,7.539,4.785
-2.905,5.343,5.759
-3.742,6.314,3.878
-4.075,10.011,5.51
-5.288,11.094,4.242
-3.577,5.178,-0.553
-1.424,0.524,-0.234
-3.754,0.567,-0.122
-9.144,0.778,0.117
-9.618,3.218,0.825
-7.498,2.976,0.735
-11.338,-4.984,1.668
-11.707,-8.58,4.003
-13.363,-8.02,3.725
-12.583,-10.049,4.264
-14.071,-15.951,4.599
-16.959,-23.196,10.812
-15.408,-19.99,16.499
-15.47,-15.554,19.751
-15.461,-10.613,11.98
-15.023,-13.135,14.068
-14.547,-10.968,14.884
-18.248,-11.35,11.135
-7.898,-1.684,16.468
-13.207,-11.798,15.569
-10.405,-13.997,15.777
-9.886,-13.468,23.404
-5.379,-9.884,12.731
-5.3,-13.408,5.24
-2.247,-7.412,13.863
-3.548,-3.876,10.965
8.475,-13.092,8.341
14.406,-7.116,8.817
8.905,-5.108,7.044
10.367,-5.46,17.317
1.924,7.934,32.939
-14.257,6.783,19.866
-1.694,-1.955,0.615
5.371,-6.41,-7.711
-3.137,-7.927,-10.207
-12.807,-2.737,-6.678
-13.439,-5.902,-8.618
-5.343,0.172,-16.722
-5.599,-8.946,-8.69
-11.908,-21.414,1.05
-18.844,-13.695,1.459
-21.698,-18.047,4.211
-9.374,-11.707,-3.651
1.043,3.228,-4.374
5.175,13.965,4.725
2.567,1.067,13.138
8.149,-5.713,9.099
11.104,-7.965,3.359
5.295,-7.156,3.548
4.154,-9.704,6.18
5.989,-10.24,5.178
3.756,-11.807,6.036
2.058,-8.934,7.855
-1.5,-6.321,11.824
-6.419,-6.316,12.231
-6.754,-7.486,13.231
-1.699,-5.51,11.255
4.594,-4.685,9.898
1.122,-8.29,11.027
-3.024,-7.594,12.676
-4.158,-7.242,12.544
-1.9,-8.056,10.846
-1.074,-6.864,9.999
-3.84,-6.367,12.068
-2.761,-4.405,12.97
0.103,-3.598,10.245
0.089,-4.534,8.12
-0.151,-1.845,9.41
-1.18,0.309,13.358
-1.747,1.244,12.425
-0.648,0.639,11.054
-0.624,0.428,9.506
-0.945,0.792,6.642
-0.876,-0.134,6.185
0.534,-1.091,5.996
-0.007,1.548,5.06
-0.701,7.608,6.654
-0.715,13.458,9.07
-1.971,9.767,8.539
-3.792,4.788,7.171
-3.687,3.201,5.225
-2.859,6.943,7.68
-4.639,7.75,7.065
-4.314,8.262,5.194
-5.19,3.953,3.835
-6.998,2.041,5.668
-5.532,5.046,1.694
-3.991,3.491,-0.565
-5.747,-4.977,0.412
-11.786,-6.127,-0.206
-13.152,6.85,1.192
-12.262,12.621,4.182
-12.774,-1.727,0.457
-13.918,-13.961,-0.134
-14.332,-21.26,2.05
-14.535,-11.551,5.919
-20.279,-22.005,9.192
-15.846,-28.366,15.485
-20.914,-24.311,23.452
-19.583,6.127,24.237
-12.288,-17.688,13.736
-10.336,-16.473,13.518
-6.56,-15.616,12.695
-9.188,-0.701,12.76
-5.417,-6.759,9.195
-8.946,-5.615,21.634
-3.567,-19.265,15.583
-0.938,-8.702,13.47
5.003,-6.752,15.088
7.455,-18.547,10.774
-1.046,-19.162,-1.347
-0.323,4.419,-5.816
18.15,9.702,1.78
0.756,-5.843,17.117
-5.797,-3.67,26.146
-5.678,1.187,16.657
-5.003,-4.828,4.29
3.395,4.905,-2.964
-0.62,-1.27,-3.919
0.467,-12.855,-5.151
-3.22,-9.544,-6.111
-6.994,-10.85,-0.593
-4.747,-9.824,-2.591
-3.979,-11.149,-5.211
-4.486,-11.269,-5.424
-8.271,-10.968,-4.249
-11.987,-14.365,-0.01
-8.874,-17.82,0.268
-1.464,-16.674,-0.349
8.262,-2.412,1.603
7.996,1.333,4.094
2.476,-5.067,6.003
1.507,-8.874,6.927
3.56,-6.685,8.443
3.632,-2.103,12.48
2.4,-2.46,12.824
-3.309,-7.345,11.58
-8.472,-9.908,10.984
-10.202,-8.862,12.944
-3.407,-5.134,12.401
5.831,-2.405,10.862
3.579,-5.926,10.188
-2.225,-9.494,8.398
-1.495,-9.781,8.006
-0.823,-9.386,9.563
-2.359,-4.941,12.111
-3.268,-2.775,12.59
-2.204,-3.644,11.236
1.225,-2.716,10.91
0.61,-3.972,9.795
-1.436,-3.354,10.625
-2.543,-1.385,10.948
-1.309,0.201,9.29
0.141,-0.163,9.922
0.036,-0.345,10.338
-0.419,0.031,10.728
-0.077,1.823,10.178
0.062,1.943,8.448
0.033,0.579,6.592
0.538,0.79,6.668
0.569,1.663,7.697
0.378,2.584,6.773
0.493,1.878,5.532
-0.768,2.108,6.044
0.304,4.919,7.881
0.79,6.919,8.972
-1.857,6.185,7.84
-4.189,3.847,8.597
-3.041,3.129,8.221
-3.469,3.335,7.247
-3.441,5.783,6.781
-3.72,9.561,5.168
-6.582,11.767,5.733
-7.41,6.522,2.395
-5.761,-0.857,0.845
-7.704,2.06,2.802
-11.539,2.969,3.268
-13.619,0.455,0.962
-13.987,-4.895,0.885
-14.913,-6.845,2.079
-11.829,-7.264,1.158
-16.521,-14.181,0.816
-18.105,-20.026,4.285
-17.624,-16.961,11.604
-11.606,-20.524,16.327
-14.04,-21.282,22.55
-10.735,-20.83,21.789
-11.269,-14.722,14.296
-10.805,-22.103,13.219
-4.737,-5.62,8.577
-7.541,-0.845,11.152
-12.633,-18.784,13.753
-10.98,-27.003,18.145
-3.086,-10.767,14.777
-4.189,2.555,14.408
1.648,-7.285,13.645
0.596,-18.925,0.067
1.282,-10.865,-0.534
7.577,8.07,-4.433
7.771,3.594,1.11
4.223,-11.714,2.153
-2.101,-8.281,2.4
1.428,-5.84,6.355
0.928,-3.335,11.719
-1.818,-3.917,4.816
-2.558,-6.419,7.178
2.771,3.338,2.917
-6.927,-1.916,-6.955
-1.294,-6.214,-7.891
-0.988,-9.202,-8.013
-5.398,-9.185,-0.084
-6.245,-9.118,-3.539
-4.302,-12.932,-8.156
-5.048,-11.489,-6.474
-3.596,-8.987,-1.648
-4.252,-10.841,2.409
-6.371,-15.049,3.548
-6.022,-13.829,4.795
-2.388,-4.082,9.477
1.976,6.063,15.767
0.646,1.101,14.41
-1.622,-10.429,10.133
4.259,-7.948,9.061
5.182,-2.742,11.157
-2.247,-4.931,12.183
-1.562,-4.563,7.747
-3.319,-3.12,8.719
-6.79,-2.287,11.829
-8.099,-1.948,11.604
-5.84,-0.165,12.439
-0.079,3.156,12.772
-2.273,0.988,13.147
-4.876,-1.689,11.788
-4.508,-4.302,12.164
-2.641,-1.782,10.422
-3.673,-0.486,11.372
-4.682,0.921,12.422
-2.012,2.103,12.166
-1.342,-1.665,9.508
-2.881,-3.613,9.472
-2.919,1.378,10.592
-2.766,2.369,11.157
-3.266,0.428,11.231
-3.409,1.213,10.121
-0.505,0.763,8.91
0.1,-0.622,8.118
-1.646,-0.258,8.168
-1.526,2.555,8.594
0.014,3.773,7.867
-0.048,1.605,8.226
-0.191,3.175,9.915
0.696,8.044,10.558
-0.172,10.379,8.061
-1.098,8.79,6.343
-2.146,4.876,6.572
-3.826,3.237,6.623
-3.57,5.046,8.91
-3.019,6.003,7.714
-4.433,5.156,6.671
-4.206,8.465,6.415
-3.206,9.889,7.649
-3.886,7.092,5.792
-3.508,2.598,3.467
-2.046,-0.294,3.189
-4.498,4.079,2.871
-4.902,4.398,3.529
-6.793,3.498,2.165
-7.862,2.388,2.333
-9.065,0.955,3.015
-10.582,1.369,4.115
-9.386,-5.417,0.292
-11.42,-4.57,1.998
-15.686,-9.35,3.431
-16.75,-8.692,6.505
-17.294,-11.243,3.268
-2.079,-16.255,12.839
5.972,-7.391,14.8
6.063,-5.733,11.518
5.424,-9.441,5.649
5.455,-7.424,-1.861
1.637,-2.706,9.944
-3.673,0.943,14.681
-4.984,8.963,7.773
-2.452,-7.673,-1.132
6.185,-8.166,-3.579
3.216,-10.288,-9.609
-2.29,-9.924,-4.654
-3.189,-7.563,-4.843
-2.417,-7.398,-5.68
-3.12,-9.867,-2.699
-2.06,-11.86,-4.278
-4.02,-12.681,-2.45
-6.62,-10.618,-2.108
-8.262,-9.956,0.739
-9.597,-9.496,4.381
-8.199,-10.42,5.615
-4.29,-9.25,6.285
0.232,-4.273,5.252
4.594,-0.158,6.015
5.752,-0.531,7.446
2.972,-3.914,9.269
1.524,-7.415,11.927
-2.701,-7.455,13.597
-3.594,-5.103,14.021
-0.962,-0.866,12.937
-1.773,0.414,11.326
-6.587,-0.1,13.102
-6.331,1.565,15.317
-1.22,1.936,14.236
1.802,1.828,11.532
1.089,-1.218,9.044
0.333,-2.924,10.346
-2.027,-3.773,9.487
-1.467,-2.936,9.903
-0.682,-2.019,8.934
-2.287,-2.716,8.649
-2.216,-0.708,9.795
-0.964,1.531,11.525
-0.67,2.507,11.47
-2.024,1.476,11.977
-1.952,2.658,11.7
-0.49,2.682,11.448
-0.787,1.39,8.843
-0.057,1.873,8.018
0.206,3.864,8.23
0.833,3.988,8.747
-0.053,3.304,6.517
-0.916,4.845,6.687
-1.471,6.123,8.211
-1.893,4.587,6.922
-1.692,5.742,6.881
-3.103,6.379,6.582
-3.173,6.812,7.372
-3.374,9.269,8.283
-4.134,12.396,7.398
-5.457,8.668,5.137
-5.946,4.541,5.096
-5.347,3.01,3.644
-5.967,1.254,3.122
-7.431,-0.464,0.392
-7.984,-0.519,-4.366
-9.769,8.312,-2.663
-12.389,0.213,1.29
-12.901,-14.834,-0.033
-12.044,-16.511,3.28
-16.229,-4.563,7.967
-15.025,-13.698,8.738
-12.08,-23.837,9.35
-11.638,-24.084,19.83
-13.975,-19.5,24.825
-13.709,-8.367,22.088
-10.446,-14.602,10.133
-11.393,-13.896,13.753
-6.95,-9.841,17.87
-4.953,0.256,13.573
-3.787,-14.604,10.704
-4.938,-12.492,13.743
-10.19,-9.321,15.234
-8.975,-3.244,5.197
-0.749,-13.784,5.288
5.709,-16.411,18.985
11.317,-5.273,12.52
-0.663,-15.092,6.309
-1.373,-6.111,5.702
5.0,4.807,4.273
6.821,6.371,15.415
1.706,0.232,10.46
1.517,-0.543,6.338
-1.428,-0.081,-0.624
-1.912,-1.615,-1.622
-1.354,-9.867,-4.204
-5.747,-15.399,-0.981
-5.446,-13.554,-7.747
-3.247,-13.937,-4.615
-2.756,-9.68,-6.613
-3.33,-7.142,-4.632
-3.768,-8.585,-6.773
-5.809,-11.764,-3.17
-9.415,-12.035,-1.821
-9.908,-13.64,3.498
-7.881,-11.429,4.359
-4.096,-8.486,5.376
1.835,-3.816,6.23
4.725,-2.969,5.316
4.118,-5.874,4.264
3.462,-7.659,5.175
1.794,-7.604,7.687
2.235,-7.924,11.846
3.953,-4.457,12.874
3.869,-0.404,10.721
-1.756,-2.381,9.075
-5.867,-7.254,9.972
-7.986,-7.74,11.374
-4.814,-6.125,11.724
2.818,-2.304,10.176
2.692,-2.515,7.714
-1.706,-7.156,8.628
-2.768,-8.558,10.324
-4.012,-5.778,12.563
-3.33,-2.653,12.676
-3.603,-2.711,10.334
-2.438,-2.766,10.716
-1.581,-3.689,11.917
-0.859,-5.161,11.384
-1.215,-4.656,10.599
-2.168,-3.122,10.927
-1.782,-2.247,10.535
-1.412,-2.893,9.989
-0.988,-2.302,8.85
-0.354,-1.445,7.922
-1.024,0.409,8.357
-1.96,0.861,10.692
-2.084,1.182,11.494
-2.452,3.237,10.042
-1.407,5.958,9.489
-1.038,6.575,9.592
-1.194,5.249,10.183
-0.907,4.9,8.422
-0.957,6.831,6.599
-1.225,5.058,7.245
-0.983,2.536,7.175
-2.287,2.711,6.606
-1.823,5.469,7.477
-0.754,5.314,5.852
-2.644,3.316,6.958
-3.864,5.161,7.829
-3.876,8.738,7.331
-4.5,7.979,6.352
-4.151,6.343,5.383
-5.448,7.309,7.458
-5.505,7.113,7.771
-4.421,2.194,3.29
-3.517,0.251,-1.981
-5.213,-2.125,-0.847
-8.843,-2.737,-2.783
-13.169,1.818,1.577
-12.805,6.103,4.809
-12.09,-4.5,1.11
-10.255,-18.093,3.986
-13.733,-8.699,8.343
-17.114,-2.833,3.493
-12.023,-18.265,4.402
-10.688,-20.775,5.034
-14.004,-18.607,12.867
-12.372,-12.197,16.401
-6.281,-12.217,19.32
-10.396,-27.838,17.971
-8.616,-18.755,20.308
-8.848,-1.421,14.14
-5.934,3.876,9.625
1.366,-5.233,11.688
-6.685,-9.867,10.929
-6.328,-12.166,10.843
1.347,-9.597,0.208
6.783,-6.871,0.297
8.408,-7.111,8.568
0.194,-9.494,5.871
-0.926,-5.52,2.948
4.744,-7.003,3.381
3.976,-7.431,2.718
1.751,-11.453,0.782
1.323,-11.391,4.919
-3.187,-0.663,12.726
-13.037,1.436,9.144
-1.328,-5.426,1.696
1.625,-7.087,-4.524
0.476,-9.51,-6.185
-0.691,-13.111,-3.584
0.505,-11.716,-2.086
-2.393,-13.422,0.935
-1.314,-10.587,-1.211
-1.928,-11.013,-0.232
-3.737,-13.19,-0.189
-4.237,-13.707,0.134
-3.943,-13.288,0.345
-3.405,-10.384,3.505
-2.519,-7.403,6.671
0.483,-5.053,5.079
2.218,-5.087,4.345
1.615,-6.855,4.797
2.378,-8.905,5.651
2.225,-11.149,5.871
1.261,-9.661,8.073
-1.05,-6.62,8.735
-3.491,-7.436,8.628
-5.137,-8.912,8.173
-3.259,-9.857,7.783
-0.117,-9.243,7.584
4.278,-6.025,8.967
2.68,-5.788,8.697
-1.378,-7.539,8.486
-2.101,-7.003,8.809
-2.117,-7.718,8.953
-1.617,-7.568,9.745
-2.201,-6.525,11.149
-1.826,-5.252,11.745
-0.529,-5.682,9.489
1.103,-5.905,8.154
0.684,-4.599,8.522
-0.694,-2.933,11.063
-2.187,-0.455,12.272
-2.199,0.156,12.068
-1.778,0.218,11.221
-1.256,2.127,12.458
-2.015,2.51,12.676
-2.297,4.414,10.594
-0.538,4.132,8.364
-0.756,3.237,7.563
-1.316,2.823,8.357
-0.031,6.924,5.809
-0.309,4.744,6.281
-1.311,3.74,5.883
-0.38,4.142,6.218
-0.773,8.486,6.819
-4.393,6.137,6.824
-4.675,3.474,6.833
-2.936,7.326,5.737
-3.795,11.704,7.525
-5.924,9.357,7.97
-6.01,5.3,5.553
-2.247,-0.191,3.067
-2.12,0.983,-0.23
-5.067,3.699,0.94
-8.396,7.096,0.94
-8.613,1.945,0.924
-8.053,-2.448,2.452
-10.963,-1.244,1.536
-12.209,-9.716,-0.086
-10.862,-16.377,0.744
-13.305,-9.721,4.594
-17.349,-11.626,8.3
-16.054,-18.045,10.255
-12.427,-24.167,12.047
-16.04,-20.591,17.243
-13.26,-6.197,18.021
-11.274,-11.267,11.334
-8.685,-16.743,13.69
-8.872,-9.97,15.193
-8.333,-9.872,10.869
-5.01,-11.946,6.627
-4.761,-6.824,11.08
-3.797,5.745,11.362
-4.232,-8.163,15.975
-16.002,-25.041,12.446
-1.56,-17.069,4.189
1.237,-8.63,1.845
4.996,-2.842,8.539
6.163,-6.276,10.597
-3.106,-11.267,3.402
-0.098,-12.066,-0.744
5.0,-1.136,-0.254
4.398,0.658,13.657
-1.11,-6.405,10.283
-1.416,-8.013,4.216
2.512,-1.256,0.723
1.067,-3.613,1.84
1.895,-8.049,-0.364
3.196,-11.106,-2.797
-2.615,-12.059,-4.788
-3.613,-12.882,1.316
-5.965,-13.363,0.342
-4.984,-12.212,-2.799
-1.172,-10.855,-4.151
-1.596,-13.465,-4.125
-2.582,-10.078,-1.22
-5.527,-6.905,4.266
-3.156,-4.666,8.281
1.428,-4.338,8.183
4.23,-6.757,3.196
-0.086,-6.84,1.916
-1.51,-5.345,5.474
-1.455,-5.85,9.673
-1.589,-6.79,9.826
-1.5,-6.498,9.135
-1.541,-6.685,9.893
-4.185,-5.587,12.35
-6.249,-1.852,14.178
-4.747,2.651,14.753
-0.56,3.376,13.487
2.74,0.309,13.052
1.18,-2.256,13.006
1.215,-0.354,15.368
-1.584,3.249,12.317
-3.615,3.976,12.152
-6.206,2.586,12.575
-4.699,2.476,10.415
-1.55,0.378,6.503
-0.861,-0.201,5.379
-2.641,2.213,8.781
-2.589,6.541,10.03
-1.306,6.537,8.556
-0.976,8.912,4.276
-2.189,8.228,6.462
-3.768,8.97,9.434
-3.598,8.649,7.324
-2.644,6.379,5.544
-0.538,2.381,5.24
0.361,3.194,4.18
-0.768,10.137,3.429
-3.706,10.52,3.706
-6.343,6.551,4.673
-4.642,5.797,6.245
-2.902,7.156,6.862
-2.338,6.036,4.445
-4.888,5.57,2.608
-7.151,3.866,2.823
-6.991,3.177,1.457
-8.338,8.501,1.254
-9.982,4.905,-0.605
-12.358,-8.881,-1.656
-11.336,-11.236,-0.402
-12.075,-1.364,4.567
-11.968,-10.008,3.261
-16.516,-22.06,7.596
-15.607,-23.44,12.767
-12.944,-19.27,17.107
-21.782,-8.716,13.683
-14.291,-11.566,15.135
-9.219,-8.427,13.418
-15.585,-2.366,7.441
-15.576,-7.395,2.732
-14.779,-8.343,3.618
-12.099,-8.85,-0.605
-11.563,-9.412,-3.0
-7.991,-1.203,-5.678
-3.85,9.345,1.591
-7.544,16.765,6.369
-6.881,14.422,10.602
-5.816,8.963,11.934
-6.8,2.596,8.745
-6.403,-2.318,7.718
-4.855,-0.785,4.472
-4.01,1.639,5.103
-2.491,0.861,7.271
-1.658,-1.404,7.405
-1.931,-1.804,8.8
-2.261,-1.074,8.836
-1.993,-2.653,8.604
-0.988,-2.177,8.003
0.103,-0.093,7.931
-0.079,0.983,7.726
0.634,1.223,8.331
4.52,3.273,7.85
6.333,2.866,4.709
5.601,0.069,3.864
6.721,0.756,5.986
7.706,0.742,6.639
7.362,-2.933,5.788
8.156,-9.479,6.891
7.154,-2.969,7.649
4.84,5.697,11.023
5.575,8.881,11.106
7.984,0.735,10.977
8.08,-5.288,11.929
8.52,0.471,10.683
8.534,3.103,11.401
9.19,-0.328,12.224
6.539,-5.187,13.631
7.147,-1.337,13.635
0.069,1.457,12.929
4.704,0.256,5.745
-8.673,-8.843,5.17
-5.386,-2.412,14.927
-9.283,-1.639,12.721
-0.299,9.743,11.623
3.783,2.113,6.465
-2.816,-6.903,14.729
-7.486,-4.335,14.406
-2.024,4.101,9.898
-3.838,3.907,7.63
-5.606,-2.84,7.245
-0.261,3.113,7.704
1.318,0.316,8.276
-3.914,0.246,9.109
0.804,2.835,9.764
1.311,-0.696,11.197
-2.457,-0.821,10.879
-0.043,2.249,9.865
-0.555,4.618,10.58
-0.261,4.91,7.29
-0.904,0.232,6.773
-2.885,1.038,6.063
-1.543,0.007,6.393
-0.426,2.637,9.381
-1.132,9.001,5.407
-5.063,8.41,7.74
-4.926,6.86,4.395
0.244,4.051,7.127
-0.744,5.938,6.809
-4.445,7.872,7.537
-6.242,1.708,3.055
-4.357,3.448,-1.11
-12.444,6.393,1.364
-5.821,9.415,-3.309
-7.575,2.548,-7.027
-11.245,5.962,-13.152
-11.932,13.439,-9.29
-14.214,12.499,-0.112
-20.892,-1.888,-3.625
-23.074,-1.357,-6.517
-21.189,-4.084,-0.211
-20.232,-6.3,-3.63
-23.493,-9.743,0.223
-29.565,-5.271,0.806
-25.785,-6.546,8.233
-19.952,-14.379,-0.077
-20.674,-14.018,-4.232
-12.169,-5.268,3.976
-12.999,4.79,1.416
-14.925,-5.558,-10.822
-28.039,-8.197,-10.341
-24.21,-4.02,-4.788
-27.153,8.678,-6.491
-27.043,1.091,-1.493
-25.519,3.084,-7.041
-24.493,-0.976,-3.419
-31.56,21.885,-0.546
-17.655,-2.567,0.249
-12.575,7.252,-2.613
-9.85,1.235,-2.027
-5.596,3.359,-8.532
0.608,2.328,-3.756
-0.234,5.137,-4.816
-2.436,3.464,-5.194
-0.883,0.773,-6.24
0.433,-0.077,-6.563
0.627,2.505,-5.742
2.775,3.493,-7.568
0.471,2.137,-7.759
2.062,-0.06,-7.855
-1.409,5.402,-9.164
0.73,3.96,-8.74
-0.72,2.175,-9.656
0.151,1.526,-9.776
1.538,1.333,-8.417
-0.249,0.904,-8.305
-0.433,0.924,-9.735
-0.069,0.321,-8.898
-0.928,0.565,-10.963
-0.629,1.701,-11.358
-0.837,2.017,-9.867
-0.569,1.914,-9.743
-0.653,2.424,-10.18
-2.414,1.857,-9.757
-2.699,0.675,-12.047
-2.015,0.522,-12.305
-1.89,0.668,-12.573
-4.364,0.711,-11.771
-5.144,0.72,-11.951
-4.823,-0.577,-10.391
-5.826,-1.912,-11.008
-10.087,-1.282,-8.467
-10.269,0.498,-4.072
-7.86,-4.572,-4.701
-5.802,-4.455,-5.883
-5.312,-7.943,-7.616
-10.362,-6.589,-6.529
-7.706,-4.9,-3.881
-7.855,-11.293,-2.606
-13.331,-18.605,-4.388
-16.949,-8.302,-20.397
-3.096,-5.587,-12.394
-1.838,-5.725,-4.496
-13.513,-18.844,-10.042
-9.688,-25.347,-3.185
-11.19,-10.719,-13.078
-0.548,-6.065,-1.804
3.359,-10.283,-3.304
-3.177,-15.133,2.984
-0.177,-13.224,0.246
4.649,-17.564,8.747
4.165,-14.963,2.005
7.747,-8.355,4.57
9.85,-8.994,0.931
5.256,3.862,-3.752
1.988,-2.893,2.663
3.756,1.739,2.062
-2.053,-0.799,3.287
4.981,-7.235,0.055
6.405,-6.694,-4.015
3.941,-2.39,1.584
0.388,-2.976,2.979
1.641,-5.912,3.259
0.27,-5.792,3.701
0.335,-3.955,4.823
-2.572,-9.042,9.286
-2.584,-8.75,9.144
1.036,-5.113,10.582
-1.024,-2.567,10.35
-1.945,-2.33,12.595
-2.393,-2.708,11.745
-0.51,0.813,12.011
-1.684,1.957,11.673
-1.433,2.639,10.922
-1.773,-0.122,10.07
-2.371,-1.189,7.541
-0.897,-1.034,7.261
-1.773,2.582,7.632
-1.826,4.053,7.692
-2.338,3.173,7.472
-2.266,1.854,8.051
-3.237,4.295,8.367
-3.208,8.635,6.852
-3.39,9.185,7.273
-3.67,7.235,6.084
-3.637,4.249,4.752
-5.268,1.562,1.541
-4.62,-1.909,1.869
-4.402,-2.275,3.254
-6.702,-0.309,1.61
-7.199,1.818,1.995
-8.013,-0.79,1.991
-9.106,-3.5,-0.897
-13.305,-0.211,2.864
-17.014,-1.189,5.745
-14.662,-10.494,3.945
-12.989,-12.939,7.817
-15.21,-15.08,10.121
-16.009,-16.372,17.004
-11.992,-11.161,20.423
-10.276,-14.001,17.992
-6.462,-20.815,12.8
-6.608,-10.348,11.884
-3.646,-3.876,10.228
-2.905,-3.108,10.599
-6.111,-9.915,7.297
-7.541,-15.123,11.896
-2.129,-13.717,7.79
-2.223,-6.692,3.646
-0.464,-7.039,3.254
-3.218,-18.964,14.82
-1.95,-17.289,16.494
3.094,-8.149,13.138
5.379,-1.687,13.508
0.431,3.204,10.539
-3.199,-1.213,18.947
-10.841,-4.747,11.508
-1.345,-4.441,2.833
-2.328,-5.855,-2.01
3.144,-6.857,-8.293
-2.254,-10.458,-5.072
-1.376,-6.958,-6.3
-3.125,-8.276,-8.25
-4.457,-11.575,-5.216
-3.909,-12.159,-4.122
-5.718,-11.812,-4.656
-5.819,-12.59,-3.953
-7.946,-13.066,-1.794
-8.376,-12.604,1.488
-7.584,-10.446,3.606
-3.912,-7.431,4.091
0.486,-4.096,4.335
3.5,0.026,5.015
3.62,-0.802,5.493
2.567,-4.95,6.197
1.983,-8.446,7.4
1.639,-10.042,7.869
2.103,-5.395,8.795
-0.916,-2.78,11.771
-5.642,-5.828,12.671
-10.841,-11.298,11.917
-10.336,-9.616,10.994
-1.364,-4.0,12.346
5.347,0.567,10.334
-1.522,-4.953,9.893
-4.283,-6.874,11.582
-3.598,-5.505,11.482
-2.235,-5.462,11.154
-2.23,-4.173,10.628
-2.577,-2.34,11.092
-2.562,-1.416,10.702
-2.766,-2.811,10.061
-1.347,-2.775,8.644
-0.091,-3.68,8.74
-1.089,-1.806,9.125
-1.895,0.175,10.506
-2.263,2.806,11.152
-2.797,4.551,10.869
-2.101,4.125,10.037
-0.876,2.268,9.515
-1.019,1.842,9.264
-0.799,3.625,7.982
-0.634,3.29,8.855
-1.187,3.452,9.372
-1.158,5.008,9.087
-0.62,4.283,7.276
-0.321,3.986,6.704
-1.445,5.103,8.183
-2.452,6.769,9.312
-3.036,6.185,8.018
-2.986,4.749,6.448
-3.283,4.821,5.812
-4.285,5.651,7.367
-4.426,7.797,7.391
-3.326,7.008,7.338
-4.02,4.929,6.197
-2.694,2.239,4.06
-1.888,-0.072,1.309
-4.127,-0.998,1.919
-7.089,0.455,3.208
-8.455,2.728,2.895
-8.941,4.522,0.553
-10.932,3.206,1.823
-16.344,6.075,1.495
-15.47,3.412,2.993
-11.015,-6.099,-1.18
-9.793,-16.803,3.228
-12.807,-17.502,5.067
-17.351,-12.255,11.58
-16.392,-14.573,13.489
-12.288,-23.708,15.231
-11.212,-23.909,19.167
-9.932,-14.48,19.375
-13.48,-6.13,20.411
-9.343,-11.305,20.502
-2.089,-14.879,8.659
4.115,-10.178,10.561
0.077,-2.986,9.857
-9.812,-8.446,-0.01
-3.586,-17.133,7.216
2.871,-12.652,4.613
1.144,-1.737,1.192
0.816,-7.601,6.551
4.472,-8.52,13.889
2.955,-3.936,16.786
-2.871,-1.9,17.887
-4.297,3.314,16.159
-4.343,-12.669,9.769
-1.598,-7.525,3.589
-0.199,1.28,-5.331
-7.314,-11.037,-5.103
-2.919,-5.723,-2.725
-4.084,-9.884,-3.598
-3.235,-13.487,-7.649
-1.713,-12.097,-7.001
-7.68,-11.238,-9.537
-7.723,-12.228,-8.475
-13.052,-14.171,-4.79
-14.346,-13.587,0.416
-10.24,-12.19,4.098
-1.955,-6.02,5.713
2.45,2.991,6.257
5.769,5.089,4.488
6.611,-4.558,5.704
3.661,-14.03,8.379
-0.364,-12.877,10.726
1.122,-3.73,9.953
-0.751,-0.282,12.276
-2.278,-4.197,12.42
-5.472,-6.41,11.977
-7.632,-6.307,12.8
-4.512,-4.912,12.176
0.258,-4.622,10.793
0.56,-6.197,10.214
-0.811,-7.269,10.908
-0.45,-6.47,11.092
-1.483,-4.366,11.915
-3.098,-1.61,11.664
-3.273,0.481,11.355
-3.22,0.45,12.772
-3.486,0.749,12.295
-1.684,3.086,9.64
-1.419,4.512,11.08
-2.304,4.419,10.611
-2.172,5.931,7.393
-0.665,8.056,3.945
0.605,4.955,8.051
-1.701,5.245,10.762
-5.06,9.386,7.281
-5.268,10.075,5.359
-5.065,8.527,2.96
-4.311,5.491,5.268
-3.847,7.537,6.778
-2.639,5.383,1.675
-3.302,2.115,-2.543
-3.747,-0.388,-1.364
-6.058,8.486,1.325
-4.079,7.745,-1.337
-2.646,-5.407,-5.201
-8.644,-10.118,0.328
-14.303,4.953,8.853
-14.925,2.172,-3.761
-7.838,-29.441,-1.017
-13.977,-24.014,6.175
-16.963,-14.351,9.793
-19.516,-14.561,8.905
-15.743,-24.069,14.652
-19.026,-17.961,17.911
-16.872,-18.526,11.884
-17.224,-13.322,12.817
-13.439,-10.527,16.832
-12.673,-12.992,12.901
-6.783,-4.778,8.271
-16.875,-2.948,13.652
-11.915,-16.588,21.806
-3.053,2.816,10.066
-5.826,5.283,7.436
-4.173,-0.979,-0.983
1.316,-10.121,-7.683
1.378,-5.199,-9.664
-2.799,-9.542,-5.962
0.033,-10.271,-5.824
-2.11,-13.353,-1.601
-3.345,-12.709,-2.388
-2.12,-13.008,-3.354
-6.221,-12.319,-0.522
-7.434,-9.903,-2.366
-8.656,-13.884,-2.077
-7.644,-12.106,-0.849
-3.275,-7.293,3.074
1.27,-3.388,4.544
3.397,-6.369,3.031
4.493,-10.42,4.505
3.919,-6.345,8.838
1.814,-3.84,12.822
-2.259,-4.89,14.7
-1.873,-6.481,10.752
-1.73,-7.706,8.104
-4.082,-11.023,6.431
-6.209,-10.3,5.45
-4.759,-10.125,7.503
-0.969,-5.807,9.621
2.797,-4.194,11.307
0.378,-6.816,9.104
-4.106,-9.96,9.63
-4.003,-9.74,11.322
-3.118,-6.417,10.771
-2.785,-4.161,11.07
-4.448,-4.46,9.491
-3.799,-5.704,9.494
-0.711,-5.29,9.702
-0.526,-3.106,9.302
-2.204,-1.184,8.975
-3.929,-2.462,9.226
-1.969,-2.041,9.534
-1.29,-0.383,11.19
-1.522,2.005,10.609
-1.957,2.938,10.298
-2.673,2.689,9.946
-1.854,2.701,9.07
-0.928,2.567,9.121
0.196,2.677,7.254
-0.981,1.474,5.649
-0.129,1.692,6.393
-0.435,3.165,7.104
-1.601,6.807,9.03
-2.038,8.192,11.003
-2.354,5.118,8.881
-2.742,3.407,6.328
-3.23,4.811,7.898
-3.484,9.716,8.35
-4.328,4.582,6.706
-3.795,3.809,5.989
-3.89,4.845,5.548
-3.433,5.603,5.637
-4.18,6.3,5.111
-4.828,4.625,4.78
-5.929,1.83,4.127
-6.891,0.306,2.567
-5.998,0.859,-1.457
-6.845,0.761,0.498
-11.008,-1.309,2.479
-12.135,-3.419,1.192
-12.618,-3.146,0.995
-12.781,-10.405,4.106
-12.714,-14.262,8.161
-20.758,-11.374,5.981
-16.817,-19.77,8.372
-8.996,-19.916,14.784
-9.841,-18.322,12.556
-14.71,-15.58,12.891
-14.442,-9.855,17.038
-8.616,-9.977,15.54
-6.623,-16.643,15.817
-8.398,-17.179,12.446
-9.188,-1.924,12.788
-1.232,2.838,11.401
-2.108,-15.301,19.94
-7.218,-19.32,14.863
3.326,-7.831,2.675
0.05,-2.364,-2.469
5.328,-5.079,0.337
5.577,-6.486,10.31
2.182,-6.994,9.597
0.821,-3.742,4.165
1.771,-7.379,4.682
2.79,-5.125,13.133
-3.163,-3.271,9.168
-5.256,-2.44,6.185
-3.309,-2.577,-2.464
-2.062,-6.568,-4.058
1.455,-2.747,-6.738
-4.244,-9.453,-4.711
-2.539,-9.36,-2.036
-2.737,-9.68,-4.211
-3.173,-10.838,-2.826
-6.996,-12.307,-2.105
-9.549,-13.554,0.419
-11.609,-13.937,0.323
-10.606,-13.422,1.022
-6.804,-13.166,3.118
-1.211,-7.25,4.515
3.395,1.251,5.917
2.273,-1.416,4.273
2.172,-10.8,3.539
3.084,-12.547,3.314
1.376,-11.391,6.778
-0.737,-8.144,9.113
-4.156,-5.986,7.785
-6.903,-8.498,9.111
-7.331,-8.604,7.395
-6.357,-6.386,10.298
-1.328,-8.185,9.465
0.431,-10.348,6.752
-1.579,-11.303,6.481
-1.749,-10.008,8.228
-0.29,-8.295,10.573
-3.084,-8.836,9.86
-4.01,-8.546,9.683
-1.957,-7.541,8.092
-0.931,-7.795,8.137
-0.921,-7.596,9.441
-1.115,-7.216,9.365
-0.802,-7.721,7.12
-0.962,-7.003,7.723
-2.216,-4.469,9.769
-3.129,-2.294,10.745
-2.677,-3.519,10.073
-2.227,-3.785,8.865
-2.584,-2.694,9.13
-2.811,0.644,11.448
-3.376,0.742,10.554
-2.948,-0.888,8.92
-3.673,-1.323,7.785
-2.089,-0.029,8.838
1.184,2.488,10.3
2.397,2.625,8.886
0.955,2.378,8.618
0.84,4.498,9.132
-0.089,3.297,9.556
-1.304,3.742,8.955
-0.574,5.292,9.838
-0.644,7.419,8.396
-0.78,7.278,7.984
-0.758,7.297,7.221
-1.665,5.065,6.635
-3.436,0.998,3.366
-3.67,0.022,3.098
-3.675,3.359,4.134
-4.027,7.97,5.106
-4.45,8.759,6.84
-4.656,8.116,4.498
-3.644,6.864,3.886
-4.235,4.572,3.252
-8.305,-0.634,4.828
-10.456,0.474,6.283
-7.951,5.271,3.28
-7.35,4.098,1.902
-7.051,-6.412,3.888
-14.437,-12.042,4.06
-12.444,-10.238,1.555
-14.21,-4.941,4.888
-19.894,-18.397,8.951
-17.983,-23.957,12.011
-12.63,-10.788,18.401
-12.468,-11.389,18.143
-10.59,-20.923,17.2
-6.982,-14.652,14.879
-8.841,-10.197,11.207
-1.208,-6.458,7.271
0.268,-4.34,8.745
-1.823,-7.556,9.377
-6.927,-12.475,7.616
-8.738,-9.154,11.209
-5.733,-7.204,9.197
-3.072,-11.362,6.745
-1.567,-20.555,14.86
3.931,-13.233,9.745
-2.201,-8.958,2.467
1.172,-8.51,1.125
6.479,-4.299,5.513
3.814,-5.718,8.829
-2.0,-6.513,8.319
0.165,-6.58,3.534
4.259,1.077,5.101
-6.415,1.364,6.333
-2.869,-5.704,2.378
-2.371,-8.513,-4.151
0.184,-8.74,-0.746
0.115,-12.15,-6.735
-4.161,-13.76,-5.0
-2.005,-9.843,-3.182
-2.22,-10.451,-4.06
-0.799,-10.468,-3.68
-2.091,-11.994,-1.658
-5.642,-13.501,-1.359
-8.175,-14.516,0.646
-7.747,-12.197,3.211
-4.043,-7.766,4.996
0.754,-5.096,5.077
2.048,-6.893,3.742
0.943,-6.857,3.718
1.282,-6.297,5.934
0.072,-4.979,7.706
-1.175,-3.905,10.013
-3.35,-4.649,10.054
-4.522,-6.608,9.855
-6.912,-7.79,8.152
-6.91,-9.252,7.872
-3.295,-7.929,7.764
2.632,-5.106,7.541
0.526,-6.197,7.072
-3.017,-7.953,8.711
-4.95,-8.061,8.953
-4.0,-7.864,9.463
-3.055,-4.737,10.755
-3.424,-3.201,12.676
-2.629,-4.043,13.14
-2.711,-6.627,11.798
-2.108,-7.376,10.298
-0.531,-6.369,10.353
-1.385,-5.85,11.013
-2.902,-5.601,10.759
-2.974,-4.261,10.269
-2.976,-3.469,10.006
-2.436,-2.684,9.987
-1.828,-1.352,10.298
-1.775,-0.577,11.343
-2.096,0.526,9.46
-0.907,1.282,7.718
-0.991,0.735,7.953
-1.048,2.483,9.563
-0.629,5.505,9.343
-1.014,5.383,8.18
-0.495,2.347,6.726
-1.488,4.249,6.525
-0.06,6.395,9.319
-1.357,5.582,7.049
-3.053,4.0,6.312
-3.443,2.043,7.288
-3.185,3.756,7.06
-2.536,6.556,7.391
-2.842,7.092,7.9
-3.338,7.785,6.886
-4.182,8.673,7.855
-5.077,6.498,7.039
-5.517,5.579,5.804
-3.51,2.747,3.225
-2.627,-1.397,3.474
-4.369,0.651,2.493
-5.924,3.976,2.94
-5.879,4.228,3.225
-8.295,1.383,1.113
-12.286,-5.075,3.637
-11.827,-3.699,1.907
-11.884,-0.402,3.23
-11.276,-7.915,0.974
-11.755,-18.999,3.864
-15.162,-23.565,6.479
-17.128,-17.339,15.839
-15.652,-12.772,23.687
-11.338,-16.27,20.466
-6.838,-17.576,16.009
-8.984,-9.977,13.329
-6.584,-9.379,12.298
-4.005,-2.862,8.625
-0.605,-9.467,5.465
-8.362,-10.2,6.702
-4.438,-1.809,8.108
-2.328,-7.436,8.783
-4.115,-17.578,7.051
0.462,-11.972,1.158
-0.964,-8.525,2.273
0.227,-9.097,6.766
2.457,-10.302,9.03
2.938,-8.953,11.752
1.5,-7.989,8.544
0.823,-8.36,8.704
-2.689,-8.781,9.254
-3.575,-7.235,13.518
-9.702,-5.477,7.25
-2.259,-5.716,0.608
1.455,-7.864,-6.419
2.503,-10.365,-3.857
0.414,-9.159,-6.089
-2.371,-9.838,-6.376
-1.311,-7.912,-5.524
-1.857,-9.077,-4.632
-0.782,-12.013,-4.017
-1.771,-11.269,-3.809
-4.823,-9.664,-0.842
-6.556,-10.334,1.29
-6.893,-10.47,2.17
-5.814,-10.192,5.125
-1.833,-7.656,6.438
2.783,-4.048,6.486
2.297,-3.213,6.905
0.77,-5.103,6.132
0.514,-9.02,7.934
0.246,-8.604,8.321
-0.383,-5.79,9.326
-3.187,-4.041,10.149
-7.57,-5.795,11.192
-8.427,-7.781,11.145
-3.163,-5.938,9.826
2.945,-3.842,9.604
0.632,-4.407,7.948
-2.316,-6.314,8.326
-3.084,-6.582,10.056
-3.919,-7.295,11.152
-3.496,-6.407,10.025
-3.314,-4.467,9.106
-2.883,-2.869,10.216
-1.381,-2.017,11.317
-1.148,-3.854,11.288
-1.232,-4.783,11.044
-1.893,-3.522,10.905
-2.383,-3.787,10.925
-2.811,-3.881,10.434
-2.187,-2.187,10.377
-2.074,-0.572,10.496
-2.665,-1.187,10.999
-2.488,-1.309,10.561
-1.861,-0.388,9.683
-0.404,1.196,8.865
-0.754,2.55,8.92
-1.146,3.165,10.032
-0.428,3.601,9.099
0.254,2.74,7.869
-0.196,4.376,7.673
-0.931,5.075,8.477
0.596,4.613,7.553
0.223,4.137,6.278
-0.679,5.046,6.989
-2.089,4.558,6.647
-3.019,5.706,6.498
-2.998,6.51,6.771
-3.63,5.362,6.857
-3.228,4.953,6.005
-3.168,6.47,5.393
-4.041,9.487,5.962
-4.778,9.625,6.395
-5.156,4.046,3.766
-4.299,0.928,3.634
-3.969,5.044,3.139
-4.632,6.419,1.392
-6.434,3.436,0.864
-8.415,0.031,2.005
-8.561,-1.562,2.153
-9.293,0.435,4.125
-13.183,-6.264,3.357
-11.693,-12.65,4.902
-12.085,-5.108,8.171
-15.286,-5.95,6.187
-13.468,-20.318,7.628
-7.759,-6.376,11.748
-6.979,0.761,12.492
-1.531,1.751,9.324
-3.28,-8.97,9.542
-11.319,-22.062,8.74
-9.121,-16.978,9.807
4.307,-3.35,6.752
9.211,-1.101,4.697
3.862,-9.274,9.398
-2.809,-11.817,8.336
-2.108,-8.857,9.207
0.735,0.048,6.52
2.062,0.215,8.754
-0.763,-4.486,5.314
-0.199,-4.383,1.328
-1.11,-6.438,-4.481
0.624,-8.489,-2.828
1.747,-7.86,-5.367
0.34,-9.101,-6.532
-2.084,-7.13,-3.512
-4.565,-11.185,1.976
-3.134,-10.391,-0.132
-2.419,-13.453,-1.476
-1.833,-13.375,-2.725
-3.132,-11.659,-1.622
-6.369,-10.135,3.151
-9.762,-11.719,3.534
-5.797,-10.494,4.075
-0.517,-5.149,4.388
2.838,-3.35,3.417
4.823,-4.405,2.436
2.338,-9.867,1.041
1.158,-11.058,4.194
2.263,-6.592,7.482
0.62,-4.381,9.656
-1.091,-4.747,9.415
-4.622,-5.773,10.001
-8.329,-7.403,10.731
-6.833,-8.357,13.791
-1.739,-7.647,12.205
1.165,-6.309,9.582
-0.723,-7.759,7.539
-2.328,-9.68,8.089
-3.062,-7.455,11.654
-4.106,-5.95,13.408
-2.996,-6.496,12.681
-1.605,-7.733,9.137
-1.505,-8.209,7.64
-0.969,-7.116,9.623
-1.921,-7.417,9.391
-2.436,-6.989,9.365
-1.177,-5.721,8.467
-0.864,-4.048,10.824
-2.318,-2.938,11.599
-3.814,-2.814,10.905
-2.402,-1.775,9.075
-1.479,-1.323,8.769
-1.648,-0.773,10.078
-1.656,0.653,10.642
-0.888,2.507,9.042
-0.514,3.646,8.778
-0.773,3.795,9.738
-1.06,4.151,10.125
-1.211,6.481,9.073
-1.325,6.359,8.735
-0.483,6.051,8.52
-0.12,5.721,6.759
-0.811,6.525,7.565
-2.227,5.802,4.709
-2.878,5.493,4.651
-2.414,6.953,5.376
-1.744,9.305,5.658
-2.558,8.518,5.807
-3.847,5.802,5.752
-3.129,7.087,5.17
-2.73,6.927,6.871
-3.799,7.12,3.108
-4.706,4.634,2.632
-4.845,1.601,2.213
-7.596,4.094,1.28
-6.845,7.802,-0.017
-5.852,-2.23,-1.172
-7.175,-10.7,0.746
-12.848,-2.335,3.689
-12.319,-0.378,1.244
-9.984,-14.121,2.328
-14.387,-18.739,4.027
-21.976,-18.734,14.487
-17.365,-13.733,18.184
-17.801,-21.119,18.217
-16.109,-9.405,18.277
-10.305,-8.034,14.513
-11.085,-20.815,10.659
-6.57,-14.75,13.645
-12.992,-7.977,14.875
-8.056,-3.06,16.2
-13.128,-12.135,19.157
-4.438,-13.468,19.787
-5.926,-5.414,12.602
-8.702,-10.369,12.75
-7.005,-15.159,7.034
2.237,-5.666,15.04
5.237,-6.376,14.439
1.115,-14.073,11.037
2.125,-4.493,6.857
10.477,3.266,19.373
3.144,6.8,10.726
-0.763,5.917,6.544
-3.098,7.314,-1.041
-3.378,-1.78,-3.886
-3.919,-7.838,-4.742
-4.68,-7.709,-7.513
-8.781,-7.266,-5.584
-8.561,-7.881,-5.831
-7.194,-7.912,-4.56
-6.522,-9.264,-6.331
-9.197,-12.138,-3.041
-12.963,-14.456,0.622
-14.954,-16.289,-0.151
-10.63,-16.224,0.345
-4.177,-4.687,1.244
-1.261,4.457,5.199
3.062,0.182,8.403
9.168,-1.9,7.398
5.362,-7.563,7.852
4.811,-7.57,4.776
3.218,-11.582,7.242
1.749,-12.958,6.245
3.376,-9.209,6.302
-1.053,-6.304,6.517
-5.333,-5.893,7.721
-8.058,-7.692,11.803
-7.515,-7.644,11.824
-0.356,-5.637,8.029
1.51,-6.257,6.79
-2.383,-8.025,7.929
-3.464,-9.606,9.606
-3.464,-9.762,10.58
-4.232,-9.558,10.279
-4.477,-8.398,10.164
-4.098,-6.797,11.599
-3.039,-6.639,9.769
-2.194,-9.759,8.604
-1.627,-8.781,7.907
-2.108,-4.905,10.654
-1.988,-3.218,11.597
-2.596,-3.397,10.513
-2.546,-3.764,8.979
-2.321,-4.816,9.111
-2.029,-4.417,10.006
-1.268,-1.325,10.317
-2.012,0.869,9.539
-3.637,-0.069,10.03
-1.677,0.402,10.951
0.029,3.309,11.362
-0.007,5.668,10.558
-0.62,6.044,8.62
-0.05,6.694,8.436
-0.146,8.635,9.917
0.857,7.575,6.41
-1.385,8.285,3.78
-2.579,8.922,6.118
-1.479,5.725,4.704
-2.438,4.579,5.692
-4.036,5.752,6.637
-2.137,7.965,5.268
-0.627,10.209,4.869
-3.362,9.262,3.73
-3.653,3.027,2.156
-0.38,3.393,0.412
-1.103,0.146,3.189
-7.29,4.993,0.1
-5.926,1.086,1.79
-4.426,4.797,0.306
-9.81,0.191,5.833
-11.69,5.256,1.766
-10.848,-8.393,2.531
-8.482,-6.816,1.177
-13.757,-12.231,3.871
-19.133,-14.501,6.419
-21.28,-13.597,12.516
-19.325,-14.827,14.757
-13.501,-13.87,11.472
-13.276,-17.463,12.606
-20.624,-5.572,8.884
-12.956,-10.728,12.09
-13.391,-14.013,15.468
-14.827,-12.975,13.19
-10.633,-15.047,19.334
-11.125,-8.436,16.482
-9.692,-17.121,13.508
-4.469,-5.144,17.743
-4.847,-10.499,13.03
0.306,-14.43,1.653
-1.778,-10.2,13.846
2.823,-5.905,16.92
5.807,-13.159,10.506
11.877,-7.891,10.506
4.247,8.027,15.123
4.058,7.924,23.392
-2.242,-7.352,26.206
1.304,13.169,15.222
-11.817,9.977,10.625
-10.958,-3.45,-21.854
1.261,5.355,-18.988
-0.196,1.744,-11.836
-13.595,-11.346,-3.187
-10.779,-9.819,-9.611
-10.156,-17.968,-6.084
-14.623,-19.184,-7.235
-16.069,-18.954,-0.885
-9.599,-8.774,-0.548
-8.86,-2.474,6.221
-6.221,6.517,7.118
0.251,2.859,8.077
10.281,-3.878,5.867
10.96,-13.341,2.182
4.878,-11.398,6.101
3.445,-4.087,9.398
-0.318,-6.022,10.245
-0.06,-11.575,8.329
0.285,-9.8,7.06
-0.605,-7.711,6.974
-5.56,-9.434,9.003
-8.281,-9.085,8.845
-4.788,-7.132,10.822
2.488,-4.309,10.843
0.464,-5.615,8.051
-3.649,-10.965,8.726
-5.182,-13.389,8.489
-4.24,-10.915,11.535
-1.912,-6.199,12.98
-2.586,-6.35,10.669
-3.385,-7.314,6.606
-2.151,-9.563,7.666
-0.993,-6.613,9.802
-1.696,-4.192,11.807
-2.984,-5.764,9.685
-2.976,-7.372,7.91
-2.285,-6.886,9.03
-1.081,-4.036,10.503
-1.206,-1.768,11.015
-2.507,-1.481,11.501
-2.964,-0.708,12.401
-2.682,-0.859,12.996
-2.328,-0.634,11.642
-1.206,1.005,10.078
-0.56,1.404,9.211
-0.498,0.316,8.716
-0.895,1.72,7.455
-0.031,3.505,6.163
0.653,2.218,7.374
-0.955,3.266,8.759
-1.44,6.185,6.809
-0.675,3.936,7.211
-1.352,2.132,7.855
-2.96,5.591,7.879
-1.378,7.616,8.29
-2.019,5.154,6.8
-3.335,5.73,7.757
-3.953,9.19,8.202
-2.85,9.592,7.73
-2.955,5.113,5.735
-3.639,4.244,3.673
-2.012,4.182,3.519
-1.658,4.876,0.632
-4.998,-0.079,0.687
-7.405,-1.931,1.062
-8.936,2.084,3.024
-6.527,8.845,2.055
-8.666,6.785,1.29
-11.891,-7.3,1.859
-11.02,-11.736,1.335
-9.324,0.306,1.876
-12.535,-8.57,3.792
-10.86,-27.632,3.644
-17.846,-23.203,15.195
-23.198,-10.733,21.653
-14.609,-17.076,16.176
-15.6,-18.081,7.924
-9.97,-18.028,8.101
-11.504,4.072,4.309
-15.143,2.627,12.975
-17.499,-14.513,18.325
-20.686,-23.646,16.09
-16.772,-11.819,10.767
-3.027,-10.68,12.501
-7.604,-7.867,13.772
-14.738,2.094,10.968
-5.295,-8.805,9.616
-4.742,-20.988,14.946
-0.548,-10.468,9.731
6.206,-3.275,2.476
13.121,-3.742,1.503
9.362,4.302,6.565
5.934,1.955,10.743
0.306,-9.03,12.915
0.309,-8.561,13.145
1.335,-2.675,10.57
-4.601,0.373,8.532
-2.328,-8.664,-0.268
-4.567,-11.262,-13.961
-0.751,0.385,-10.283
-5.022,-7.293,-3.287
-6.235,-11.559,-5.453
-8.855,-11.451,-6.151
-8.448,-13.284,-8.931
-15.494,-14.956,-8.264
-17.966,-22.098,-3.314
-12.324,-16.975,0.278
-2.845,-6.599,2.488
5.453,4.56,3.244
8.731,10.458,3.819
1.971,1.455,6.032
-2.156,-7.766,10.056
-3.785,-7.484,14.915
0.981,-10.518,17.023
4.938,-7.62,9.156
-1.907,-4.302,9.824
-10.63,0.785,10.951
-13.293,0.711,15.868
-5.503,0.036,12.209
3.292,1.878,9.252
1.869,2.436,8.123
-1.914,-2.129,11.472
-3.182,-1.838,13.315
-4.618,-1.916,11.31
-5.048,-1.464,10.661
-3.594,-1.505,10.422
-1.83,-0.974,10.231
-1.818,-1.046,10.671
-2.079,-1.122,11.13
-2.878,-0.105,11.453
-2.723,0.213,10.587
-2.036,1.153,10.104
-2.517,1.739,9.819
-2.189,0.892,10.331
-1.931,1.11,9.747
-2.058,1.218,9.307
-1.381,0.534,8.02
-1.531,0.993,8.455
-1.646,1.337,10.039
-2.28,2.201,10.439
-1.857,3.28,7.714
-0.538,3.984,5.84
-1.876,2.897,3.464
-2.316,5.551,2.845
0.055,13.934,-12.76
-3.642,-3.701,27.445
-4.809,-12.341,13.004
-39.736,-18.059,22.131
-13.822,8.166,11.448
10.872,28.682,13.138
-1.273,-7.393,4.046
1.062,0.663,0.033
9.355,8.053,10.073
-7.709,-9.609,21.488
3.833,4.905,8.759
-0.569,4.039,11.618
-2.929,-1.995,7.8
6.548,0.057,7.663
8.376,0.653,8.238
7.592,2.294,8.903
5.936,3.127,8.862
5.809,3.768,7.331
5.924,5.553,4.888
4.536,2.852,5.087
2.972,-0.261,6.431
3.275,-0.921,8.276
4.417,-0.112,7.429
3.141,0.758,6.692
0.914,1.371,7.936
0.249,1.077,8.073
0.943,1.445,7.898
0.127,0.983,8.23
-1.481,0.605,7.264
-2.129,0.828,7.312
-1.89,0.73,8.75
-2.376,-0.385,10.214
-2.873,-1.873,9.592
-2.56,-2.795,8.747
-2.409,-1.436,8.831
-2.594,-0.488,9.592
-2.67,-0.481,10.295
-2.153,-0.9,8.8
-1.531,-1.206,7.941
-1.921,-0.323,8.668
-0.057,-0.665,3.577
-3.74,3.383,10.149
-1.634,1.22,11.221
0.156,-0.316,7.924
-0.158,0.089,8.719
-1.682,3.553,9.408
-2.115,-0.493,11.331
-1.809,-0.1,10.436
-1.515,-1.084,10.372
-1.73,-1.945,10.346
-1.127,-2.634,9.668
-0.797,-1.718,9.573
-1.672,0.199,11.432
-0.646,-1.069,9.609
-0.782,-1.416,9.276
0.1,-0.749,9.467
1.325,0.304,9.96
-0.129,0.007,10.994
0.124,-0.493,9.996
0.708,-0.412,9.889
0.682,0.246,9.91
-0.038,1.859,11.248
1.127,0.304,9.216
0.924,0.201,9.604
-0.249,-0.758,9.568
0.057,-0.584,8.685
0.153,0.036,8.451
0.701,-0.359,9.575
0.737,-0.639,9.951
0.148,-0.431,9.833
0.897,0.318,9.367
1.081,0.476,9.403
0.938,0.029,9.36
0.653,-0.251,9.659
1.012,0.086,9.922
1.55,0.368,9.989
1.955,0.476,10.137
2.125,0.586,10.125
2.275,0.773,10.439
1.56,0.617,9.838
2.261,0.792,9.391
2.031,0.78,9.678
1.926,0.84,9.223
2.206,1.084,9.252
1.845,1.184,9.532
1.821,0.792,9.424
1.988,0.912,9.412
2.113,1.132,9.745
2.184,1.06,10.023
2.07,1.081,10.023
1.931,1.165,9.558
2.294,1.139,9.422
2.058,0.701,9.489
2.335,0.586,9.857
2.567,0.842,10.295
2.754,1.031,10.286
2.601,0.935,9.688
2.5,0.72,9.369
2.328,0.524,9.293
2.539,0.634,9.384
2.617,0.749,9.903
2.39,0.876,9.8
2.352,1.089,9.369
2.639,1.139,8.987
2.462,1.129,9.202
2.687,1.182,9.176
2.914,1.151,9.269
2.952,0.988,9.434
3.046,1.254,9.274
2.864,1.524,8.778
2.873,1.421,8.654
3.019,1.22,8.929
2.996,1.184,9.176
3.108,1.072,9.372
2.969,1.376,9.106
2.852,1.407,8.68
3.201,1.56,9.276
3.144,1.046,9.539
2.957,0.935,9.47
3.027,1.158,9.46
3.029,1.05,9.609
3.041,0.78,9.477
2.943,0.663,9.214
2.9,0.495,9.065
3.141,0.512,9.185
3.23,0.675,9.656
2.948,0.713,9.68
2.936,0.613,9.008
3.019,0.598,8.766
3.067,0.455,9.355
3.091,0.45,9.798
2.833,0.555,9.75
2.61,0.557,9.427
3.031,0.581,9.243
3.357,0.735,9.642
3.366,0.799,9.853
3.077,0.773,9.654
3.527,0.823,9.214
3.567,0.845,9.274
3.345,0.871,9.338
3.254,1.0,9.321
3.096,0.955,8.987
3.106,0.885,8.872
3.151,0.687,8.967
3.091,0.758,8.989
3.07,0.955,8.742
3.175,1.158,8.762
3.352,0.931,8.958
3.503,0.735,9.221
3.417,0.787,9.121
3.429,0.94,8.922
3.316,0.981,8.994
3.467,0.888,9.085
3.352,0.546,9.463
3.283,0.471,9.357
3.151,0.601,9.164
3.237,0.574,9.089
3.443,0.605,9.353
3.496,0.524,9.647
3.51,0.644,9.475
3.448,0.641,9.479
3.328,0.658,9.415
3.168,0.794,9.238
3.089,0.837,8.826
3.299,0.998,8.733
3.522,0.952,9.185
3.536,0.859,9.321
3.441,0.94,9.037
3.254,0.897,8.991
3.208,0.679,9.046
3.235,0.342,9.463
3.187,0.172,9.604
3.165,0.065,9.532
3.074,0.033,9.424
3.33,0.132,9.465
3.321,0.414,9.3
3.261,0.557,9.219
3.321,0.507,9.417
3.357,0.689,9.288
3.493,0.861,9.31
3.711,0.835,9.563
3.575,0.787,9.506
3.256,0.711,9.152
3.039,0.696,8.97
3.216,0.538,9.434
3.058,0.304,9.53
3.125,0.414,9.274
3.359,0.498,9.422
3.388,0.512,9.384
3.357,0.639,9.188
3.414,0.873,9.018
3.613,1.048,9.156
3.768,1.096,9.4
3.503,1.28,9.121
3.249,1.515,8.336
3.426,1.39,8.431
3.517,1.129,8.788
3.601,1.108,9.042
3.558,0.947,9.054
3.534,0.699,9.006
3.503,0.864,8.798
3.639,0.971,8.953
3.668,0.758,9.14
3.78,0.596,9.408
3.661,0.529,9.331
3.613,0.689,9.147
3.668,0.919,9.085
3.67,0.916,9.161
3.606,0.854,9.07
3.484,0.627,8.917
3.661,0.735,9.089
3.852,0.615,9.463
3.787,0.423,9.482
3.371,0.67,8.896
3.479,0.608,8.546
3.73,0.567,8.931
3.835,0.483,9.458
3.833,0.622,9.233
3.694,0.598,8.776
3.68,0.565,8.649
3.744,0.601,8.723
4.075,0.608,9.211
3.979,0.225,9.491
3.723,0.194,9.027
3.756,0.56,8.865
3.996,0.383,9.082
3.921,0.201,9.36
3.955,0.345,9.233
4.488,0.589,8.872
4.132,0.33,9.008
3.811,0.275,8.79
3.835,0.438,8.798
4.098,0.534,8.931
4.307,0.486,9.233
3.972,0.603,8.781
3.95,0.969,8.503
3.993,0.89,8.534
4.28,0.919,8.893
4.151,0.845,8.848
4.012,0.859,8.35
4.106,1.086,8.324
4.532,1.0,8.618
4.529,0.9,8.948
4.288,0.971,8.96
4.201,0.821,8.723
4.134,0.591,8.989
4.221,0.629,9.089
4.268,0.778,9.008
4.326,0.878,8.666
4.421,0.866,8.759
4.522,0.797,8.855
4.436,0.88,8.867
4.242,0.991,8.503
4.52,1.189,8.376
4.642,0.761,8.931
5.824,0.852,10.676
3.85,1.73,8.192
4.151,1.572,8.522
4.395,0.947,9.137
3.756,0.857,9.408
3.737,1.158,8.611
3.912,1.503,8.699
3.847,1.27,8.936
4.087,1.022,8.915
4.295,1.57,8.759
3.921,1.414,9.109
3.974,1.519,8.982
3.785,1.491,8.805
3.742,2.048,8.841
3.275,1.426,8.687
3.173,0.112,9.006
4.01,1.629,9.03
4.168,2.28,8.384
4.094,0.828,8.869
3.898,1.625,8.848
5.125,-3.63,7.754
2.151,1.912,9.537
0.787,1.129,10.118
6.692,1.615,8.24
4.677,0.871,8.384
2.821,1.077,8.764
3.775,1.392,8.656
4.63,0.44,9.13
4.491,0.043,8.58
4.532,1.192,8.252
3.491,2.323,9.262
4.421,1.723,8.915
3.945,0.536,8.553
3.694,0.912,9.168
4.091,0.847,8.79
4.101,1.457,8.683
3.567,1.302,8.635
4.084,1.12,8.719
3.857,1.345,9.386
3.852,0.876,9.664
3.586,1.4,9.166
3.598,1.402,9.192
3.773,1.778,9.319
3.697,1.799,9.176
3.517,1.945,9.204
3.395,1.955,8.994
3.582,1.919,8.486
3.45,2.397,8.147
3.689,2.857,8.039
3.974,1.924,8.948
4.455,1.515,9.149
4.029,1.919,8.589
3.603,2.105,8.494
3.469,1.914,8.958
4.366,1.323,9.051
3.778,0.89,9.173
3.914,0.833,8.9
4.319,1.292,8.647
3.929,1.103,9.01
3.287,1.323,8.671
3.869,1.66,8.778
3.907,1.771,9.247
4.512,1.223,8.931
4.237,1.156,8.79
3.704,1.914,8.367
4.11,1.749,8.642
3.74,1.182,8.8
4.12,1.232,8.338
4.132,1.809,8.118
4.261,1.383,8.57
4.271,1.297,8.886
4.087,1.175,8.692
3.598,1.407,8.704
3.785,1.519,9.03
3.685,1.534,9.427
3.807,1.199,8.9
3.883,1.27,8.783
3.012,1.366,9.077
4.45,1.601,9.881
4.424,1.05,9.173
4.591,0.904,8.068
4.359,1.192,8.104
4.311,1.627,8.695
4.639,1.605,9.044
4.634,1.136,8.429
4.747,1.242,7.838
4.637,1.294,8.039
4.701,1.476,8.616
4.158,1.517,8.597
4.24,1.713,8.314
4.572,1.503,8.652
4.555,1.378,9.063
4.273,1.364,8.948
4.01,1.61,8.74
4.278,1.771,8.632
4.335,1.9,8.929
4.713,1.936,9.003
4.311,2.273,8.288
4.103,2.199,7.718
4.558,2.376,8.242
4.704,2.024,8.565
4.433,1.828,8.613
4.163,1.823,8.403
4.163,1.885,8.57
4.407,1.672,8.987
4.407,1.615,8.946
4.151,1.603,8.673
4.221,1.754,8.539
4.436,1.684,8.807
4.323,1.876,8.745
4.477,2.038,8.723
4.486,1.96,8.759
4.276,1.957,8.434
4.041,2.146,8.183
3.919,2.306,8.245
4.407,2.225,8.64
4.335,2.103,8.781
4.311,1.888,8.302
4.173,2.242,8.168
4.424,2.172,8.345
4.357,2.079,8.549
4.07,1.988,8.362
4.51,2.144,8.271
4.539,2.01,8.486
4.515,1.943,8.692
4.139,2.134,8.443
4.23,1.976,8.376
4.467,1.838,8.922
4.254,1.589,9.489
4.031,1.498,9.113
3.917,1.739,8.664
4.041,1.567,8.587
4.383,1.558,8.963
4.132,1.605,8.805
4.01,1.737,8.597
4.01,1.802,8.582
4.108,1.809,8.936
4.273,1.852,8.946
4.146,1.864,8.455
3.931,1.885,8.257
4.161,1.424,8.644
4.297,1.574,8.697
4.146,1.78,8.441
4.256,1.811,8.235
4.41,1.751,8.472
4.479,1.754,8.704
4.307,1.876,8.257
4.465,1.804,8.147
4.706,1.756,8.766
4.41,1.672,8.795
4.144,1.529,8.515
4.24,1.541,8.415
4.407,1.263,8.707
4.436,1.127,9.054
4.323,1.194,9.006
4.118,1.318,8.666
4.35,1.357,8.549
4.618,1.352,9.092
4.615,1.385,9.147
4.321,1.584,8.675
4.223,1.785,8.104
4.453,1.83,8.295
4.544,1.687,8.35
4.496,1.768,8.199
4.553,1.768,8.233
4.589,1.735,8.343
4.673,1.548,8.36
4.522,1.476,8.331
4.46,1.436,8.348
4.39,1.459,8.735
4.505,1.407,8.915
4.582,1.237,8.647
4.522,1.311,8.671
4.529,1.292,8.905
4.582,1.215,8.814
4.376,1.201,8.869
4.345,1.23,8.915
4.689,1.328,8.699
4.699,1.237,8.654
4.567,1.136,8.628
4.398,1.108,8.381
4.421,1.232,8.642
4.831,1.335,8.771
4.826,1.349,8.687
4.694,1.543,8.324
4.761,1.84,7.941
5.0,1.893,8.297
5.115,1.821,8.463
4.886,1.706,8.178
4.687,1.665,7.826
4.735,1.605,8.144
4.986,1.596,8.374
4.697,1.493,8.183
4.615,1.586,7.915
4.855,1.462,8.228
4.819,1.17,8.475
4.733,1.361,8.594
4.68,1.385,8.367
4.907,1.462,8.726
4.924,1.404,8.848
4.735,1.388,8.46
4.61,1.5,8.278
4.823,1.385,8.515
4.981,1.342,8.881
4.783,1.469,8.508
4.51,1.524,7.903
4.744,1.644,8.099
5.029,1.591,8.838
4.8,1.773,8.486
4.692,1.885,7.884
4.804,1.747,7.996
4.912,1.416,8.86
4.646,1.593,8.613
4.546,1.878,8.08
4.646,1.787,7.766
4.869,1.562,8.046
4.962,1.639,8.36
4.833,1.759,7.838
5.02,1.768,8.111
5.075,1.529,8.661
4.869,1.507,8.826
4.737,1.692,8.53
4.807,1.648,8.338
4.78,1.412,8.69
4.398,1.39,8.436
4.347,1.548,8.075
4.9,1.689,8.211
4.902,1.522,8.245
4.797,1.586,8.281
4.917,1.847,8.132
5.268,1.845,8.565
5.106,1.615,9.054
4.785,1.577,8.652
4.701,1.572,8.477
4.941,1.593,8.264
4.855,1.507,8.551
4.488,1.208,8.594
4.735,1.426,8.355
4.479,0.258,10.159
5.857,7.106,4.737
5.288,1.584,1.299
3.845,-4.685,10.549
5.209,1.096,7.317
4.907,2.089,8.274
5.137,1.859,8.635
4.869,1.849,8.293
4.469,1.986,7.805
4.555,1.904,7.589
5.099,1.871,8.479
5.065,1.543,8.905
4.89,1.694,8.352
4.539,2.103,7.845
4.498,2.168,7.872
5.096,2.263,8.948
4.835,1.881,9.054
4.378,1.845,8.494
4.06,1.943,8.106
4.127,2.024,8.281
4.532,1.759,8.845
4.441,1.491,8.967
4.18,2.024,8.544
3.921,1.821,8.329
4.082,1.766,8.475
4.089,1.792,8.972
4.445,1.517,9.479
3.921,2.426,8.441
4.874,1.83,8.915
4.075,1.993,8.604
3.74,1.254,8.735
4.388,0.653,9.723
4.859,3.933,7.541
6.57,-0.419,10.322
4.405,1.763,8.561
3.476,1.445,8.865
4.402,1.041,7.896
3.603,1.904,8.216
3.194,2.62,9.046
3.917,3.122,9.453
3.24,3.503,9.573
4.125,2.412,9.551
5.398,1.871,8.14
4.532,1.998,8.336
4.137,1.873,8.652
4.364,1.732,8.886
4.051,1.617,8.702
3.426,1.648,7.953
4.326,2.108,7.462
3.981,1.804,10.635
3.534,2.417,9.458
4.185,3.029,9.592
3.519,4.582,9.046
4.331,2.194,7.817
3.974,2.747,8.259
3.522,2.376,9.554
4.5,2.594,8.97
4.027,2.436,8.412
4.455,2.457,8.168
4.24,2.723,8.664
3.768,2.11,8.862
3.89,2.364,8.644
3.661,3.213,8.53
4.766,2.541,8.204
4.505,2.247,8.412
3.905,1.931,8.597
4.008,2.641,17.301
3.579,2.187,8.398
4.493,2.125,9.183
4.242,1.936,9.479
4.223,3.405,8.106
3.57,1.675,8.345
3.883,1.034,8.613
5.331,1.371,9.058
4.479,1.002,9.369
4.594,1.256,8.881
4.137,2.094,8.515
4.266,1.249,8.417
4.515,1.304,8.424
4.421,1.548,8.865
4.237,0.991,8.546
4.288,1.632,8.68
3.775,2.137,8.577
4.594,0.878,8.23
4.843,0.44,8.453
4.905,0.488,8.654
4.213,0.794,8.652
3.84,1.223,8.795
4.292,0.495,8.592
4.433,0.038,8.587
4.122,0.124,8.805
4.154,0.452,9.149
4.278,0.723,9.046
4.484,0.639,8.484
4.498,-0.022,8.53
4.235,-0.158,8.855
4.197,-0.156,9.235
4.343,0.419,9.027
4.465,0.746,8.341
4.029,0.735,8.654
4.027,0.275,9.032
4.481,-0.05,9.003
4.189,0.306,8.845
4.474,0.507,8.374
4.402,0.866,8.716
4.359,0.325,8.821
4.608,-0.014,8.534
4.649,-0.017,8.271
3.034,1.735,8.826
4.369,1.014,8.726
4.74,1.038,8.857
4.314,1.347,8.991
6.111,0.84,10.109
4.132,1.285,8.082
3.924,1.029,9.271
4.91,0.383,8.821
4.776,2.766,10.714
4.012,1.242,8.501
3.57,0.641,8.79
3.462,-0.048,8.704
3.708,1.967,9.264
4.515,2.481,9.176
4.876,1.603,8.503
4.436,0.732,8.649
4.146,1.12,8.757
4.362,1.333,8.623
4.548,1.732,8.379
3.828,1.23,8.819
4.075,1.239,8.936
3.936,1.634,8.489
3.852,1.634,8.649
4.266,1.237,8.592
4.247,1.203,8.57
4.45,1.33,8.498
4.421,1.282,8.283
4.165,1.426,8.675
4.046,1.12,8.905
4.079,1.512,9.106
4.122,0.904,8.836
4.199,0.813,8.594
4.108,0.988,8.912
3.859,1.007,9.393
4.979,1.007,19.363
3.381,-0.153,8.178
4.326,0.651,9.058
4.326,0.134,8.872
3.699,2.967,9.53
3.775,1.998,9.142
3.945,1.163,8.427
3.515,0.914,8.845
4.249,1.093,9.137
3.701,0.787,8.841
4.297,1.431,8.173
3.835,1.723,7.824
3.981,1.055,8.379
4.457,1.22,8.886
4.072,1.148,9.042
4.35,1.919,8.764
3.953,1.806,8.451
3.969,1.505,9.104
3.979,1.431,9.281
3.917,1.287,9.4
4.0,1.62,8.618
4.02,1.826,8.62
4.247,1.945,8.635
3.972,1.361,8.372
4.005,1.646,8.352
3.84,1.857,8.608
4.01,2.003,8.582
4.18,1.713,8.625
4.17,1.541,8.589
3.773,1.572,8.4
7.508,1.857,1.101
3.314,1.555,10.214
3.984,1.39,9.472
3.515,1.828,10.046
5.467,2.211,7.455
4.024,2.472,8.86
3.216,2.354,9.159
3.778,1.876,9.585
3.139,1.723,9.298
3.914,2.385,8.532
3.96,2.539,8.302
3.807,2.268,8.542
4.041,2.227,8.204
3.976,2.105,8.168
3.862,2.297,8.362
4.292,2.522,8.728
3.785,2.304,8.561
3.792,2.338,8.317
3.723,2.373,8.352
3.842,2.335,9.025
3.718,1.857,9.386
3.845,1.814,8.943
4.144,2.105,8.604
3.955,2.383,8.604
4.187,2.122,9.219
3.505,1.694,9.116
3.397,1.663,8.649
3.998,2.134,8.458
3.881,2.11,8.563
3.862,1.756,8.97
3.943,1.921,8.764
3.962,2.211,8.582
3.965,1.928,8.546
4.096,2.235,8.771
3.84,1.816,8.836
3.974,1.876,8.673
3.986,2.0,8.424
3.821,1.771,8.64
3.472,1.641,8.96
3.988,2.082,8.8
4.484,2.239,8.585
6.697,7.549,-4.522
3.383,-0.153,9.185
4.919,1.275,8.951
4.85,-0.586,9.01
3.558,1.304,8.037
3.287,2.893,9.824
3.354,1.287,8.68
3.199,1.239,8.616
3.85,1.792,8.537
4.142,1.653,8.654
4.02,1.337,8.843
4.106,1.546,8.79
4.304,1.5,8.41
3.807,1.531,8.628
3.988,1.357,8.683
4.187,1.512,8.807
3.857,1.572,8.565
4.192,1.938,8.367
4.118,1.849,8.786
4.039,1.857,8.865
4.07,1.622,8.573
3.601,1.648,8.467
3.876,1.794,8.888
3.924,1.541,8.9
3.914,1.603,9.063
3.752,1.603,8.702
3.773,1.627,8.903
3.63,1.656,8.975
4.23,1.66,8.795
3.893,1.902,8.711
3.95,1.701,8.656
3.914,2.271,8.283
1.998,1.464,5.639
4.201,3.094,9.92
3.766,2.541,10.171
4.307,4.701,8.245
3.804,1.462,8.01
4.508,3.11,8.147
2.854,1.586,9.484
3.072,1.632,9.795
3.579,1.873,9.075
3.522,2.261,8.711
3.72,2.225,8.448
3.716,2.369,8.735
3.594,2.137,9.41
3.883,2.117,9.058
4.134,2.491,8.448
4.015,2.768,8.381
3.945,2.39,8.551
3.85,1.519,8.692
3.723,1.445,8.341
3.74,2.213,8.41
3.907,2.603,8.503
4.0,2.323,8.58
4.005,2.168,8.714
3.79,2.177,8.664
3.759,2.438,8.305
3.838,2.806,8.723
3.775,2.622,8.778
3.72,1.979,8.63
3.838,2.089,8.625
3.744,2.417,8.625
3.842,2.457,8.69
3.898,2.294,8.946
3.773,1.976,9.051
3.716,1.945,8.826
3.804,2.278,8.857
3.783,2.357,8.644
3.723,2.342,8.91
3.584,2.395,9.068
3.747,2.249,8.719
3.797,2.376,8.362
3.799,2.345,8.568
3.723,2.007,8.793
3.838,1.871,8.771
3.819,2.287,8.774
3.778,2.524,8.967
3.783,2.01,9.159
3.74,2.084,9.152
3.622,2.335,8.876
3.814,2.419,8.613
5.072,0.991,13.068
1.859,3.417,9.865
3.589,3.055,9.944
4.034,3.828,7.398
3.787,2.177,7.544
3.4,2.555,8.503
3.886,3.247,9.214
4.005,2.584,8.924
4.352,0.402,9.594
2.85,4.053,10.233
4.034,3.208,9.403
4.555,2.448,7.673
2.474,1.337,8.049
3.596,3.259,9.274
3.895,3.096,9.496
3.445,2.39,6.654
3.125,0.866,9.341
2.85,3.266,10.673
4.632,3.055,8.666
4.232,1.904,8.3
2.17,1.857,8.463
3.744,3.127,9.566
4.055,3.024,9.266
4.039,2.96,-3.909
2.474,2.017,9.353
3.149,3.18,10.953
4.012,2.996,9.137
4.297,2.17,7.532
3.295,2.507,8.041
3.508,2.895,9.386
3.759,2.675,8.69
6.496,-0.347,8.967
2.12,2.608,8.338
3.539,3.307,10.245
5.35,3.106,8.204
3.644,1.517,8.173
2.46,2.321,7.886
4.288,3.292,9.192
3.819,2.531,9.211
3.448,2.45,9.085
5.149,3.271,10.484
2.256,3.833,10.757
4.316,3.125,9.412
4.326,2.316,7.872
2.967,1.912,8.307
3.656,2.507,9.058
3.886,2.455,9.286
3.785,2.754,9.077
5.673,1.017,-4.957
2.754,2.338,8.977
3.708,3.263,10.111
6.257,5.06,7.479
2.924,1.093,7.967
3.586,2.046,7.604
4.455,2.785,8.654
3.711,2.747,9.183
3.74,2.589,8.632
5.307,3.68,11.547
2.56,3.536,9.556
4.905,4.225,7.781
3.517,1.672,8.618
3.369,2.462,8.518
3.802,2.979,9.022
3.543,2.921,9.197
3.718,2.407,8.776
4.453,-2.417,17.698
1.129,4.075,9.02
4.12,3.146,10.566
6.965,3.259,6.477
1.335,1.316,8.664
3.146,3.438,8.924
4.752,3.45,9.183
3.515,2.297,8.86
3.534,2.352,8.553
2.498,1.522,10.676
2.919,3.625,10.779
4.106,3.558,9.475
4.412,2.268,8.144
2.763,2.213,7.726
4.017,2.606,8.498
3.888,2.852,8.843
3.582,2.696,9.144
4.421,3.452,11.032
2.799,3.443,9.836
4.917,3.141,8.175
4.259,1.809,7.989
2.488,2.938,9.147
3.706,3.519,10.056
3.517,2.503,8.807
3.718,2.869,8.539
6.326,7.113,14.133
1.742,4.34,10.279
3.962,3.283,10.417
6.252,3.603,6.08
2.158,1.57,7.63
3.421,2.864,8.558
4.646,2.962,8.853
3.62,2.304,8.982
2.366,-0.115,11.109
3.319,3.369,9.979
3.546,3.201,10.776
6.982,3.256,5.075
2.11,2.223,9.589
2.735,3.498,8.876
4.625,2.766,8.324
3.496,3.082,9.501
6.173,5.919,13.642
1.859,5.046,9.826
3.22,4.0,11.48
6.929,3.845,5.505
1.921,0.725,8.29
2.893,3.665,8.876
4.57,3.397,8.628
3.955,1.979,8.685
3.517,1.792,9.252
3.716,2.103,8.68
3.979,3.388,8.245
4.266,2.929,7.788
4.273,2.4,8.281
3.728,1.821,8.92
4.197,1.78,8.192
4.366,2.866,8.025
3.96,3.194,8.553
3.78,2.603,8.769
3.804,2.486,8.568
4.01,2.787,8.197
3.905,2.945,8.362
3.89,2.881,8.714
3.826,2.735,8.556
3.785,2.763,8.326
3.754,3.048,8.707
3.761,2.842,8.527
3.895,2.792,8.085
6.728,2.79,-10.625
2.316,1.907,7.094
4.046,2.283,10.511
