5.326,-1.57,8.197
5.501,-1.639,8.283
5.063,-1.818,8.183
4.874,-1.847,8.398
5.056,-1.479,8.412
4.974,-1.692,8.333
5.213,-1.708,8.309
4.967,-1.735,8.013
5.237,-1.924,8.073
5.075,-1.318,8.47
4.567,-1.838,8.13
5.235,-1.536,8.252
5.06,-2.07,8.051
5.632,-1.806,8.204
5.565,-1.814,8.252
5.587,-1.804,8.156
4.027,-2.082,8.044
4.453,-0.268,8.893
4.876,-2.95,8.195
5.218,-1.888,8.161
5.393,-1.414,8.252
4.548,-2.036,8.144
5.754,-2.61,7.864
4.95,-2.096,7.974
4.833,-2.199,7.69
6.077,-1.593,8.211
5.474,-2.01,8.178
5.063,-2.084,7.979
4.893,-0.644,8.348
4.453,-0.682,8.568
4.938,-2.641,8.436
5.575,-1.749,8.46
4.563,-2.256,8.848
3.811,-2.658,8.472
5.02,-2.945,8.661
4.225,-2.242,8.362
4.046,-1.751,8.532
3.852,-2.137,8.652
4.118,-1.904,8.776
4.689,-1.763,9.051
3.976,-1.806,8.798
3.687,-1.756,8.573
3.036,-2.12,8.711
4.223,-2.352,8.781
3.622,-2.306,8.75
4.467,-2.608,8.824
3.196,-3.244,8.649
4.108,-2.591,8.881
4.17,-0.919,8.836
3.886,-1.371,8.934
4.008,-2.29,8.774
3.955,-2.472,8.678
4.529,-2.177,8.812
4.421,-1.979,8.654
4.527,-2.299,8.455
4.295,-2.156,8.455
4.084,-1.849,8.441
4.386,-2.089,8.714
4.778,-2.038,8.8
4.043,-1.94,8.666
4.189,-1.371,8.623
4.326,-1.605,8.63
3.488,-1.888,8.494
3.589,-2.39,8.393
4.615,-1.476,8.802
4.046,-1.991,8.704
4.039,-2.988,8.943
4.036,-2.701,8.855
4.12,-2.165,8.68
4.548,-2.079,8.884
3.402,-2.909,8.798
4.194,-2.469,9.085
4.35,-1.23,9.027
3.945,-0.435,8.91
3.871,-1.263,9.372
4.244,-1.773,8.927
4.613,-1.94,8.824
3.886,-2.318,8.546
3.749,-2.326,8.666
4.4,-1.849,8.943
4.127,-1.828,9.142
4.11,-2.098,8.855
3.898,-2.663,8.917
4.029,-1.754,8.716
4.034,-1.794,8.592
3.764,-2.129,8.577
2.979,-1.931,7.568
6.996,-2.18,8.006
2.61,-0.263,9.278
3.754,-1.529,9.688
2.921,-1.971,9.568
3.831,-1.625,9.144
3.823,0.534,8.867
3.519,-0.105,9.326
3.218,-2.486,9.558
2.598,-2.598,9.365
3.144,-1.443,8.264
3.072,-1.012,8.424
3.022,-1.337,8.711
2.938,-1.378,8.666
2.96,-0.931,9.097
2.809,-1.345,8.616
3.78,-0.036,9.199
3.252,-0.61,10.085
2.507,-1.4,10.264
2.931,-1.572,9.68
3.036,-1.747,9.379
3.828,-0.825,9.57
3.211,-1.275,9.671
3.23,-1.522,9.001
3.359,-1.692,8.809
4.163,-1.163,9.142
3.414,-1.483,9.625
3.689,-1.55,9.585
3.531,-1.581,9.01
4.441,-1.381,8.869
3.888,-1.297,8.931
3.965,-1.479,8.85
3.704,-2.481,8.618
5.328,-1.421,9.097
5.182,-0.902,8.422
4.412,-0.864,8.908
4.675,1.376,9.381
2.852,-1.888,7.75
4.048,-0.988,8.807
4.687,-1.101,8.759
4.577,-1.158,8.879
4.316,-0.914,8.874
4.122,-1.371,8.642
4.242,-1.208,8.965
3.962,-1.5,8.893
4.567,-1.424,8.692
4.496,-1.122,8.774
4.175,-1.323,8.745
4.436,-1.397,8.51
4.079,-1.318,8.508
4.723,-0.897,8.766
4.398,-0.325,8.656
3.95,-0.971,8.419
4.165,-1.407,8.747
3.909,-1.354,8.874
4.445,-0.943,8.975
4.319,-0.699,8.951
4.084,-0.919,9.106
4.211,-1.34,8.896
3.991,-1.184,8.872
3.704,-1.479,8.757
3.866,-1.199,8.881
3.807,-1.364,8.833
4.048,-1.268,9.094
3.909,-1.129,8.931
3.876,-1.113,8.903
3.606,-1.325,8.783
4.331,-1.103,9.054
3.902,-1.321,9.054
3.874,-1.215,8.931
3.814,-1.127,8.874
3.546,-1.27,9.137
4.254,-1.244,8.898
3.972,-1.302,8.843
4.113,-1.278,8.668
4.0,-1.089,8.92
3.811,-1.127,9.235
3.61,-1.373,9.075
3.84,-1.464,8.881
3.596,-1.165,9.207
4.051,-1.086,9.149
3.962,-1.227,9.099
3.694,-1.455,8.778
3.603,-1.641,8.802
3.462,-1.148,9.097
3.481,-1.469,9.077
3.515,-0.892,10.683
4.527,-2.945,9.168
4.929,-1.51,9.377
4.216,-0.62,9.037
3.328,-0.73,9.073
4.555,-1.129,9.178
3.065,-1.5,9.226
3.546,-1.302,8.97
3.656,-1.266,8.91
3.663,-1.677,8.85
4.02,-1.543,9.159
3.819,-1.503,8.987
3.941,-1.622,8.757
3.775,-1.524,8.766
3.907,-1.546,8.843
3.828,-1.696,8.97
4.192,-1.419,8.867
4.137,-1.503,8.92
3.998,-1.505,8.931
4.283,-1.522,8.757
4.146,-1.598,9.07
4.288,-1.357,8.917
4.175,-1.593,8.513
4.524,-1.349,8.769
4.103,-1.302,8.786
4.125,-1.448,8.664
4.192,-1.208,8.654
4.429,-1.232,8.716
4.41,-1.297,8.905
3.661,-1.983,8.865
4.292,-1.335,8.843
4.024,-1.337,8.884
4.043,-1.871,8.733
4.429,-1.354,8.967
3.783,-1.199,8.958
3.694,-1.96,8.809
4.094,-1.438,9.006
4.015,-1.601,8.994
3.874,-1.55,9.154
3.742,-1.428,8.884
4.378,-2.354,9.077
3.634,-3.098,8.388
4.319,-1.419,8.577
4.421,-1.558,8.807
4.407,0.598,9.099
3.852,-1.263,8.888
3.742,-1.976,8.903
3.752,-1.562,8.802
4.015,-1.383,8.836
4.149,-1.639,8.757
4.649,-1.565,8.721
4.053,-1.706,8.716
4.106,-1.471,8.853
4.015,-1.392,8.951
4.043,-1.608,8.778
4.122,-1.495,8.836
4.13,-1.325,8.778
4.625,-1.474,8.695
4.146,-1.495,8.888
3.622,-1.136,8.896
3.498,-2.038,8.601
4.405,-1.637,8.879
4.61,-0.979,9.03
3.986,-1.067,8.953
4.103,-1.634,8.747
3.833,-2.041,8.597
4.106,-1.785,8.711
4.094,-1.127,8.92
4.158,-1.318,8.728
4.132,-2.031,8.683
4.163,-2.144,8.606
3.869,-1.581,8.731
4.268,-1.869,8.963
3.943,-1.957,8.865
3.699,-1.57,8.867
4.374,-1.292,9.07
4.022,-1.455,9.13
3.814,-1.263,9.099
3.558,-1.675,8.996
3.764,-1.505,8.972
3.857,-1.227,9.003
3.773,-1.409,8.922
3.656,-1.644,8.91
3.658,-1.72,8.929
3.845,-1.258,9.068
4.106,-1.586,9.022
3.63,-1.763,8.939
3.708,-1.823,8.987
4.323,-1.505,8.929
3.831,-1.72,8.843
3.831,-1.828,8.833
3.943,-1.754,8.838
3.926,-1.627,8.769
4.005,-1.718,8.876
3.943,-1.431,8.931
3.809,-1.579,8.903
3.575,-1.859,8.876
3.771,-1.763,9.14
3.799,-1.294,9.259
3.704,-1.225,9.18
3.34,-1.677,9.065
3.347,-2.01,8.79
3.668,-2.201,8.915
4.721,-0.976,9.02
4.599,-0.507,9.353
2.991,-1.553,8.97
3.187,-1.835,8.984
2.893,-2.464,8.814
4.426,-1.244,9.223
3.819,-1.565,8.989
3.74,-1.4,8.905
3.728,-1.648,8.838
4.259,-1.254,8.824
3.807,-1.223,8.989
3.539,-2.486,11.468
3.309,-2.077,9.585
5.039,-0.931,8.994
5.168,-0.165,9.013
3.821,-1.725,8.735
3.869,-1.33,8.934
3.156,-1.584,8.53
3.651,-1.598,8.587
4.577,-1.158,8.733
4.173,-1.534,8.85
3.902,-1.847,8.967
4.041,-1.916,8.876
3.888,-1.651,8.967
3.902,-1.567,8.912
3.96,-1.586,8.967
3.637,-1.665,8.757
3.792,-1.675,8.795
3.976,-1.459,8.79
4.015,-1.493,8.829
3.819,-1.558,8.833
3.993,-1.704,8.929
4.252,-1.629,8.774
4.285,-1.409,8.917
3.819,-1.476,8.987
3.945,-1.39,8.903
3.737,-1.45,8.798
3.826,-1.4,8.807
3.984,-1.201,8.855
3.991,-1.342,9.156
4.137,-1.28,9.264
4.122,-1.615,9.027
3.644,-1.51,8.958
3.658,-1.62,8.86
3.895,-1.354,8.867
3.984,-1.314,8.783
3.787,-1.469,8.872
3.718,-1.68,8.991
4.632,-1.371,8.876
4.137,-1.371,8.805
3.436,-1.948,8.608
3.764,-1.849,8.814
3.831,-1.785,9.178
4.723,-0.864,9.211
4.034,-1.206,9.003
3.098,-1.531,8.85
3.371,-1.593,8.788
3.692,-1.139,9.104
3.754,-1.081,9.185
3.993,-1.488,8.998
3.632,-1.507,9.104
3.481,-1.483,9.152
3.706,-1.641,9.185
3.517,-1.601,9.113
3.622,-2.12,8.865
3.682,-1.684,9.056
3.584,-1.747,9.001
3.692,-1.771,8.798
4.352,-1.486,8.893
3.871,-1.402,8.675
4.366,-1.438,8.967
3.708,-1.936,8.793
3.503,-1.787,8.967
3.316,-1.534,8.905
2.44,-2.158,10.508
3.512,-2.481,9.24
4.491,-1.704,9.008
4.309,-1.558,9.156
4.548,-1.318,9.566
2.567,-1.486,9.118
3.132,-2.005,9.166
3.802,-1.782,8.91
3.496,-1.55,8.786
3.548,-1.653,8.733
4.35,-1.342,9.051
3.309,-1.419,8.788
3.79,-1.806,9.034
3.488,-1.893,8.862
4.036,-1.613,9.003
3.606,-1.723,8.824
4.292,-1.316,8.955
3.756,-1.658,8.963
3.74,-1.637,8.991
3.546,-2.017,8.745
3.692,-1.744,8.802
4.216,-1.445,8.946
4.197,-1.5,8.927
3.615,-1.261,8.975
3.685,-1.464,9.118
3.505,-1.443,9.006
3.594,-1.433,9.03
3.62,-1.146,9.01
3.761,-1.247,8.91
1.5,-3.984,10.441
2.859,-1.995,9.243
4.733,-0.823,9.286
4.821,-1.136,9.41
4.165,-1.139,9.463
3.376,-1.165,9.207
3.385,-1.416,8.759
3.429,-1.306,9.07
3.412,-1.132,8.958
3.153,-1.828,8.934
3.802,-1.806,9.161
3.857,-1.677,9.219
3.474,-1.794,9.068
3.742,-1.775,8.979
3.79,-1.878,8.769
3.79,-1.991,8.692
3.685,-1.955,8.836
3.677,-1.933,8.876
3.572,-1.991,9.094
3.735,-2.058,9.049
4.154,-1.538,9.101
3.668,-1.491,9.061
3.771,-1.56,8.936
3.589,-1.632,8.874
3.943,-1.715,8.814
3.783,-1.598,9.01
3.464,-1.921,8.977
3.646,-1.943,9.039
4.046,-1.96,9.207
3.73,-2.256,9.264
3.388,-1.718,8.824
3.881,-1.285,8.738
4.288,-1.747,8.644
4.206,-1.816,8.637
4.333,-1.546,8.606
4.098,-1.952,8.582
4.051,-1.955,8.465
4.043,-2.132,8.592
3.967,-1.718,9.058
3.909,-1.543,8.97
3.347,-1.821,8.931
3.711,-1.692,9.118
5.706,-2.22,9.656
4.156,-1.424,9.817
4.61,-1.06,9.3
3.996,-0.679,9.221
3.799,-1.077,8.898
3.33,-1.644,8.953
3.385,-1.452,9.137
3.744,-2.094,8.551
3.771,-1.294,8.821
2.687,-1.639,9.228
3.764,-1.481,9.118
4.01,-0.708,9.152
3.575,-1.773,9.116
3.888,-1.376,8.977
3.429,-2.85,8.628
4.158,-3.285,8.74
3.945,-2.945,8.647
3.773,-1.718,8.774
3.589,-1.826,8.742
3.608,-1.948,8.786
3.792,-3.089,8.683
4.103,-2.244,8.778
2.998,-1.96,9.089
3.869,-1.881,9.286
4.235,-1.976,9.278
3.835,-1.012,9.343
2.871,-1.943,9.281
3.278,-3.108,8.862
3.941,-2.108,9.211
2.316,-2.44,8.809
4.493,-1.584,8.917
3.979,-1.498,8.924
3.515,-1.988,8.647
4.345,-2.476,8.606
3.792,-1.964,8.608
3.773,-1.424,8.711
3.031,-2.237,8.714
2.974,-1.914,8.709
3.926,-1.278,9.073
3.326,-1.548,9.345
3.56,-1.852,9.381
3.699,-2.01,9.439
3.065,-1.885,9.25
4.072,-2.266,9.058
4.084,-2.517,8.699
3.548,-2.058,8.79
3.73,-1.567,8.884
3.321,-1.715,8.635
3.979,-2.019,8.766
3.598,-2.443,8.752
3.771,-2.364,8.848
4.137,-2.421,8.96
3.943,-1.536,9.173
3.713,-1.247,8.984
3.694,-2.495,8.793
4.639,-2.036,8.953
-0.902,-0.766,2.558
5.795,-0.378,8.668
4.491,-1.979,9.271
4.74,-1.759,9.424
3.476,-1.677,9.522
3.204,0.947,8.4
2.582,-1.94,8.951
3.986,-1.775,9.087
3.809,-1.713,8.814
3.926,-2.07,9.089
4.154,-2.156,9.015
3.402,-1.342,9.068
3.819,-2.141,8.843
3.656,-1.658,8.841
4.12,-1.675,8.855
4.357,-2.249,8.752
3.785,-2.436,8.9
4.079,-2.519,8.714
3.708,-1.323,8.855
3.675,-1.337,8.85
4.048,-2.452,8.587
3.78,-2.29,8.752
3.907,-2.211,8.805
3.766,-1.926,8.97
3.795,-1.864,8.891
3.828,-2.292,8.855
3.967,-1.89,8.85
3.699,-2.038,9.03
3.352,-2.048,8.872
3.802,-1.95,8.893
3.677,-2.235,8.836
3.9,-1.893,8.891
3.558,-2.16,9.044
3.452,-1.782,8.893
3.737,-1.782,9.042
3.682,-1.562,9.137
3.785,-1.909,8.979
0.517,-5.429,9.771
5.379,-1.617,9.472
4.242,-2.505,9.211
2.885,-0.938,8.915
2.826,0.23,8.699
3.637,-1.938,9.104
3.699,-2.027,9.13
3.57,-2.876,8.64
3.196,-1.342,9.14
3.646,-1.28,9.233
3.646,-2.9,9.049
3.771,-2.448,9.006
3.319,-1.302,8.963
3.46,-2.139,8.762
3.677,-2.601,8.733
3.62,-2.354,8.915
3.539,-2.385,8.857
3.675,-1.555,9.125
3.665,-2.019,9.128
3.357,-2.452,9.128
3.304,-2.137,9.03
3.139,-1.771,8.939
3.414,-2.019,9.061
3.467,-2.385,8.991
3.371,-1.916,8.963
4.034,-2.393,8.912
3.56,-2.089,8.912
3.347,-1.919,8.91
3.323,-2.115,9.044
3.792,-2.519,8.972
3.5,-2.096,9.042
2.919,-2.297,9.015
4.01,-2.62,8.853
2.936,-2.027,8.929
3.199,-1.148,9.156
3.374,-2.591,9.027
3.665,-2.873,9.044
3.744,-1.751,9.149
3.086,-1.852,9.295
1.526,-2.852,8.695
2.4,-1.258,9.089
3.842,-2.22,9.731
3.878,-2.84,9.606
3.429,-2.524,8.805
3.333,-2.45,8.876
3.268,-2.182,9.152
3.646,-2.05,8.833
3.783,-2.467,9.168
3.084,-2.857,9.298
2.218,-2.402,8.931
2.653,-2.11,8.714
3.838,-0.914,8.716
3.462,-1.168,9.109
3.225,-1.065,9.109
3.823,-1.409,9.269
3.232,-2.318,9.176
3.125,-2.333,8.943
3.46,-2.594,8.987
3.362,-2.268,9.061
3.563,-1.603,9.152
3.424,-2.256,9.082
3.333,-2.268,8.972
3.335,-2.237,8.955
3.259,-1.933,9.089
3.452,-1.948,9.068
3.519,-2.22,8.972
3.634,-2.113,8.927
3.57,-2.086,8.998
3.73,-1.926,8.908
3.61,-2.067,8.826
3.496,-2.18,8.884
3.417,-2.132,8.865
3.555,-2.168,8.982
3.63,-2.251,8.872
3.534,-2.22,8.845
3.464,-2.213,8.886
3.543,-2.146,9.094
3.524,-2.113,9.231
3.572,-1.988,9.149
3.524,-2.019,8.874
3.536,-1.998,8.865
3.51,-2.156,8.862
3.603,-2.12,8.893
3.517,-1.981,8.97
3.57,-1.986,9.022
3.615,-1.991,9.02
3.773,-2.139,8.912
3.668,-2.149,8.912
3.697,-2.046,8.829
3.606,-1.871,8.826
3.543,-2.098,9.044
3.479,-2.113,9.008
3.699,-2.103,9.01
3.529,-2.07,8.833
3.73,-2.144,8.757
3.859,-2.204,8.821
3.761,-2.266,8.829
3.565,-2.11,8.975
3.577,-2.225,9.044
3.764,-2.165,8.874
3.732,-2.225,8.821
3.534,-2.204,8.838
3.519,-2.177,8.769
3.807,-2.163,8.886
3.761,-2.043,9.013
3.603,-2.027,8.96
3.572,-2.094,9.037
3.591,-2.007,8.927
3.534,-1.988,9.044
3.548,-2.125,8.979
3.299,-2.137,9.008
3.464,-2.046,9.01
3.594,-2.189,8.941
3.35,-2.029,8.855
3.445,-1.627,8.989
3.591,-1.144,9.159
2.969,-3.594,9.073
5.984,-2.596,8.64
3.479,-1.66,8.625
3.333,-2.218,8.709
4.307,-2.711,8.707
3.622,-2.488,8.833
3.68,-2.268,8.948
3.787,-2.259,8.9
3.565,-2.354,8.862
3.474,-2.34,8.963
3.732,-2.493,8.86
3.878,-2.457,8.857
3.974,-2.342,8.809
3.606,-2.299,8.738
3.426,-2.56,8.795
3.67,-2.72,8.876
3.866,-2.608,8.805
3.778,-2.249,8.812
3.685,-2.206,8.843
3.716,-2.479,8.96
3.881,-2.266,9.085
3.642,-2.359,9.042
3.414,-2.881,8.664
3.57,-3.039,8.556
3.79,-2.192,8.608
3.795,-2.251,8.855
3.685,-2.189,8.75
4.173,-2.893,6.764
4.101,-2.105,14.506
4.857,5.618,12.231
3.962,-1.077,1.699
4.735,-0.364,7.422
4.579,-1.94,8.716
4.338,-2.139,8.697
3.649,-2.689,8.608
3.797,-2.326,8.857
4.343,-1.797,8.924
3.907,-2.306,8.771
3.852,-3.247,8.455
4.266,-3.443,8.199
4.101,-2.895,8.214
4.177,-2.541,8.283
4.828,-2.931,8.135
4.953,-2.998,8.094
4.596,-3.098,8.412
4.938,-2.962,8.352
6.711,-1.553,7.833
6.292,-1.089,7.903
4.855,-2.259,8.185
5.151,-3.445,8.872
6.269,-3.108,8.319
5.855,-1.273,7.467
5.039,-0.541,7.654
5.757,-1.347,7.529
6.163,-1.89,7.86
5.797,-1.148,8.207
5.515,-0.227,6.726
1.675,1.407,5.902
9.64,-1.706,7.374
5.582,-7.668,6.017
5.343,-3.725,6.381
5.225,0.892,7.307
4.694,2.129,7.905
5.862,0.909,8.331
5.635,-1.828,8.161
5.57,-2.742,7.546
5.496,-1.534,7.649
4.811,0.318,8.506
5.039,1.144,9.211
5.256,0.151,8.898
4.747,-0.945,8.733
4.477,-1.529,8.86
4.596,-0.644,9.085
4.594,0.345,9.077
5.029,2.541,6.07
3.967,-6.544,15.37
4.989,1.826,16.081
5.233,5.778,5.335
4.756,-2.072,10.36
4.792,-1.316,8.379
4.96,-1.849,8.46
5.19,-1.325,8.424
5.158,-0.823,8.221
4.886,-1.266,8.183
4.644,-1.766,7.907
4.716,-1.601,8.075
4.845,-1.462,8.539
4.859,-1.658,8.29
4.625,-1.646,7.946
4.438,-1.258,8.649
4.922,-1.369,8.869
4.74,-1.751,8.855
4.555,-1.852,8.656
4.608,-1.278,9.159
4.718,-1.139,9.183
4.716,-1.199,8.853
4.474,-1.325,8.855
4.438,-1.637,8.872
4.544,-1.79,8.764
4.474,-1.101,8.302
4.199,-0.72,8.178
4.108,-1.156,8.379
3.79,-1.792,8.317
4.156,-1.404,8.439
3.962,-1.263,8.582
3.653,-1.605,8.857
4.505,-1.584,9.049
5.154,-1.184,9.003
5.271,-1.282,8.668
5.28,-1.744,8.422
5.144,-2.175,8.214
5.23,-2.309,7.982
5.295,-2.378,7.738
4.917,-2.493,7.778
4.632,-2.536,8.113
4.785,-2.266,8.207
4.733,-1.744,8.161
4.484,-1.66,8.699
4.709,-2.201,8.8
5.151,-2.067,8.668
5.144,-1.354,8.527
5.056,-1.282,8.656
5.259,-1.94,8.491
5.623,-2.103,8.23
5.161,-1.768,8.187
4.874,-1.835,8.525
5.005,-2.316,8.312
4.613,-2.333,8.628
4.608,-2.376,8.838
5.206,0.407,6.175
4.256,-8.965,8.989
3.888,-10.867,11.905
5.185,5.151,14.245
4.199,-4.307,0.409
4.429,-2.321,17.253
5.048,3.941,0.323
4.079,-7.812,14.2
3.761,-3.72,9.439
4.307,-1.711,9.221
4.91,-1.019,9.628
4.898,-0.943,8.116
5.225,-1.505,7.513
4.96,-3.393,8.065
5.063,-2.395,8.23
4.572,-1.586,7.829
4.436,-2.23,7.482
4.606,-2.314,8.003
4.503,-1.888,8.123
4.654,-1.11,7.97
4.35,-0.615,7.833
4.06,-0.799,7.931
4.469,-1.701,8.075
4.381,-1.433,7.958
4.546,-0.309,7.838
3.881,-0.361,7.998
3.907,-1.754,8.427
3.85,-3.436,9.128
3.484,-3.979,9.688
2.713,-3.603,9.877
2.426,-3.74,9.982
2.637,-3.766,9.522
2.706,-3.273,9.204
2.838,-3.783,9.121
2.952,-3.957,6.173
-1.206,-1.481,3.634
1.873,-0.641,5.319
9.685,-7.656,2.163
2.005,-6.747,4.955
-1.11,-2.18,5.448
1.725,-1.151,4.058
7.254,0.352,4.797
5.685,0.184,6.51
3.106,-0.981,6.247
8.441,0.17,5.96
12.401,3.261,6.905
7.293,2.527,9.472
5.644,1.091,8.896
10.2,2.376,7.02
12.243,5.73,7.192
8.625,5.436,9.664
7.508,4.381,9.408
10.113,4.498,7.893
10.424,6.659,6.541
8.343,6.702,6.558
7.651,5.235,6.663
7.383,5.06,6.158
7.465,5.015,5.154
7.498,3.603,3.5
7.072,3.642,3.189
6.388,6.008,4.622
5.953,5.991,5.051
6.498,4.328,3.524
6.434,2.663,4.371
5.912,7.288,5.615
5.869,9.554,6.546
6.276,6.596,5.876
6.864,4.213,4.579
7.395,3.572,3.352
7.517,3.929,3.79
7.594,3.182,4.74
7.288,5.455,4.154
6.785,8.982,5.314
7.427,8.675,4.484
7.702,5.594,2.866
7.06,5.149,3.409
6.515,5.716,3.713
6.738,6.206,5.082
6.948,6.281,4.85
6.745,5.302,4.429
6.812,6.032,4.34
7.312,7.706,4.503
7.8,8.257,3.452
6.95,5.343,3.469
5.953,4.536,4.788
6.084,5.864,6.063
6.639,4.857,5.012
5.599,5.012,6.592
3.921,2.873,7.257
4.029,-2.122,5.453
5.673,-2.302,5.752
5.862,0.493,7.261
6.582,3.086,7.331
6.692,0.809,4.256
5.297,5.168,9.819
5.142,5.85,7.453
5.333,4.046,6.383
6.214,1.481,6.359
8.223,-2.005,4.295
8.721,2.034,6.86
7.326,3.579,5.742
8.123,6.651,6.84
10.092,10.764,5.261
8.714,13.135,5.123
7.417,0.519,11.192
8.821,-2.486,7.843
6.529,-1.043,5.477
7.264,9.003,7.068
10.814,11.582,9.245
6.209,5.673,4.821
3.206,5.922,7.695
3.113,7.333,7.331
4.192,11.975,1.223
0.572,13.843,6.257
-2.744,8.235,10.125
-2.665,6.077,8.967
-2.45,6.199,6.759
-4.209,5.469,4.043
-2.912,3.924,2.94
-0.828,2.577,2.914
-0.737,4.41,5.532
0.842,7.745,6.9
3.067,6.955,7.123
2.974,4.395,6.927
1.902,5.355,10.448
3.108,7.517,11.697
4.551,8.977,8.482
3.39,8.608,7.769
2.034,10.372,7.398
1.938,10.281,6.692
1.732,8.652,5.417
0.316,6.788,3.242
-1.335,5.053,3.689
-2.278,4.606,3.957
-1.888,5.17,2.684
-2.146,4.835,3.003
-4.084,5.637,7.424
-3.969,8.125,6.333
-2.323,8.534,3.859
-1.421,10.288,5.058
-0.024,10.925,2.51
-0.639,10.484,-0.148
-0.524,8.307,0.282
2.144,6.103,0.505
4.979,7.216,0.835
3.857,9.302,2.405
3.287,8.453,3.237
4.544,6.809,2.273
5.773,5.209,2.366
5.69,3.529,2.888
6.379,2.596,3.955
7.872,2.986,4.316
7.319,1.385,3.864
4.984,-1.883,4.52
6.228,-3.232,5.96
8.001,-3.63,7.149
8.149,-3.759,6.225
6.441,-6.192,5.989
5.355,-5.936,7.443
5.075,-3.625,8.68
6.41,-0.61,8.692
4.797,-2.12,8.429
4.472,-4.371,8.838
3.608,-6.816,10.676
4.005,-4.795,8.099
4.165,-2.333,8.879
4.06,-0.256,10.602
5.929,-0.624,10.704
2.517,0.514,11.018
2.108,0.691,11.408
1.924,-0.031,10.841
2.778,-0.443,9.972
4.017,-1.098,10.023
4.366,-0.301,9.173
3.359,-0.026,9.652
2.795,-0.158,9.845
3.122,-0.735,9.515
3.864,-1.361,9.245
4.405,-1.395,9.362
4.445,-0.883,9.455
4.357,-1.309,9.585
4.378,-1.778,9.467
4.498,-1.639,9.312
4.369,-1.495,9.415
3.874,-1.488,9.379
3.634,-1.412,9.125
3.524,-1.077,9.046
3.402,-0.694,9.173
3.225,-0.426,9.331
3.058,-0.048,9.314
2.921,0.426,9.214
2.797,0.639,9.276
2.462,0.428,9.209
2.084,-0.002,9.135
1.95,-0.273,8.987
1.991,-0.656,8.798
2.079,-1.18,8.601
2.103,-2.012,8.446
2.113,-2.539,8.223
2.074,-2.976,8.039
2.015,-3.405,7.723
2.175,-3.816,7.168
2.098,-4.603,6.735
2.077,-5.206,6.304
1.94,-6.094,6.647
1.598,-6.922,6.9
1.177,-7.144,6.943
1.089,-7.348,7.261
1.945,-7.355,7.221
1.675,-7.9,7.407
1.096,-8.812,7.374
0.237,-9.36,7.896
-0.036,-8.135,8.51
-0.672,-6.735,9.156
-1.443,-6.888,9.446
-2.448,-7.809,9.211
-2.864,-8.68,9.19
-3.704,-9.783,9.539
-3.84,-9.52,9.219
-4.299,-8.953,9.032
-4.977,-8.247,9.173
-4.898,-8.065,9.166
-3.771,-8.465,8.147
-3.031,-9.027,8.039
-3.469,-8.563,7.266
-3.931,-9.132,7.142
-3.503,-8.898,6.749
-3.335,-8.233,6.716
-3.364,-7.247,6.577
-3.225,-6.738,6.671
-3.254,-6.355,6.546
-3.682,-6.491,6.503
-3.866,-6.197,6.218
-4.161,-6.132,6.048
-4.35,-5.79,5.895
-3.962,-5.625,5.938
-3.558,-5.419,5.914
-3.378,-5.434,5.673
-3.17,-5.448,5.769
-3.28,-5.276,5.852
-3.371,-5.228,5.9
-3.371,-5.534,5.902
-3.304,-5.776,5.821
-3.0,-6.017,5.871
-2.584,-6.053,5.847
-2.304,-6.084,5.713
-2.369,-6.092,5.711
-2.302,-6.225,5.802
-2.007,-6.367,5.919
-1.79,-6.58,6.142
-1.715,-6.522,6.304
-1.57,-6.455,6.297
-1.682,-6.644,6.436
-1.385,-6.625,6.673
-1.306,-6.45,6.759
-1.122,-6.656,6.79
-0.758,-6.888,6.726
-0.718,-7.08,6.752
-1.024,-6.989,6.977
-1.29,-6.601,7.257
-1.223,-6.336,7.352
-0.888,-6.247,7.338
-0.825,-6.161,7.496
-0.885,-5.936,7.771
-0.883,-5.79,8.168
-0.605,-5.754,8.381
-0.433,-6.025,8.424
-0.165,-6.735,8.611
0.081,-6.876,8.884
0.1,-6.443,9.022
0.182,-6.132,8.955
0.282,-5.924,8.807
0.407,-6.056,8.649
0.624,-5.792,8.374
0.833,-5.716,8.254
1.136,-5.613,7.9
1.364,-5.826,7.675
1.567,-5.675,7.441
1.747,-5.426,7.372
1.969,-5.333,7.25
2.082,-5.379,7.314
2.058,-5.402,7.525
1.773,-5.4,7.742
1.622,-5.304,7.673
1.684,-4.823,7.649
1.969,-4.194,7.69
2.216,-4.11,7.668
2.306,-4.479,7.79
2.381,-4.601,7.852
2.448,-4.63,7.929
2.55,-4.646,8.281
2.158,-4.328,8.4
1.818,-4.0,8.477
1.818,-3.677,8.405
1.859,-3.953,8.441
1.531,-4.082,8.553
1.117,-3.953,8.757
0.679,-3.541,9.128
0.38,-3.462,9.307
0.033,-3.924,9.178
-0.644,-4.658,8.788
-1.534,-5.579,8.68
-2.328,-6.821,9.037
-3.0,-7.415,9.065
-3.381,-7.63,9.219
-3.51,-7.699,9.164
-3.759,-7.704,9.247
-4.273,-8.104,9.479
-4.374,-7.979,9.458
-4.307,-7.917,9.321
-4.491,-7.118,9.434
-4.529,-6.106,8.97
-4.713,-6.458,8.374
-4.749,-6.809,7.891
-4.768,-6.084,7.319
-5.225,-5.204,7.733
-5.902,-5.103,8.025
-5.398,-4.496,7.929
-5.314,-2.974,8.329
-5.618,-2.129,8.85
-6.34,-2.34,9.46
-7.096,-3.24,9.587
-7.271,-3.441,9.496
-6.637,-2.969,8.683
-6.316,-3.299,8.044
-6.639,-3.73,7.369
-7.173,-4.56,7.369
-6.759,-4.666,7.211
-6.314,-4.725,7.161
-6.465,-3.96,6.403
-6.919,-3.505,6.558
-6.79,-2.641,6.726
-6.161,-2.632,6.903
-5.23,-2.85,6.769
-4.479,-2.632,6.979
-4.721,-2.488,7.056
-4.831,-2.369,7.137
-4.381,-2.17,7.065
-3.56,-1.708,7.374
-3.316,-1.488,7.62
-3.443,-1.713,8.125
-3.39,-2.283,8.02
-2.917,-2.907,8.242
-2.811,-3.051,8.876
-2.938,-2.876,9.152
-2.768,-2.974,9.013
-2.464,-3.122,8.958
-2.034,-4.091,8.795
-1.694,-4.809,8.972
-1.505,-4.692,8.869
-1.148,-4.67,9.307
-0.45,-4.524,9.097
0.091,-4.783,8.783
0.359,-4.486,8.654
0.567,-3.876,8.283
0.959,-3.749,8.352
1.256,-4.125,8.345
1.342,-3.816,8.441
1.598,-3.115,8.159
1.749,-2.768,8.209
1.869,-2.287,8.135
1.842,-1.428,8.879
1.708,-0.278,9.439
1.962,0.928,10.006
1.998,1.904,10.207
2.177,2.345,9.951
1.833,2.716,9.644
1.416,2.952,9.824
1.043,3.464,9.501
0.897,3.551,8.953
0.627,3.24,8.697
0.55,3.646,8.503
0.395,3.945,8.331
0.002,3.362,8.364
-0.493,2.591,8.278
-0.421,2.414,7.527
-0.05,2.024,7.151
-0.261,1.713,6.879
-0.902,0.694,6.682
-1.349,-0.529,6.223
-2.165,-1.491,5.943
-3.106,-2.172,6.484
-4.276,-2.615,7.415
-4.766,-3.945,7.549
-5.099,-4.646,7.532
-5.936,-4.527,8.226
-6.898,-3.718,9.262
-7.606,-3.728,9.862
-7.407,-4.68,9.661
-7.8,-5.087,9.79
-7.867,-5.206,9.733
-7.072,-5.23,9.444
-6.491,-5.644,9.219
-6.491,-4.948,9.491
-6.458,-4.371,8.998
-5.852,-4.175,8.74
-5.544,-4.622,7.886
-5.276,-4.989,8.355
-5.158,-4.888,7.836
-5.589,-4.326,7.482
-5.948,-4.855,7.305
-5.546,-5.479,6.604
-5.826,-6.386,5.752
-6.295,-6.807,6.158
-6.462,-6.735,6.292
-6.424,-6.247,6.376
-6.709,-5.855,6.362
-6.958,-5.723,6.544
-6.668,-5.168,6.592
-6.4,-4.187,6.632
-6.257,-4.005,6.436
-6.194,-4.11,6.123
-6.149,-4.189,6.036
-6.048,-3.558,5.855
-6.137,-2.866,5.718
-5.804,-2.845,4.728
-5.668,-4.127,3.263
-5.886,-3.639,3.29
-6.082,-3.292,4.73
-6.687,-3.424,5.749
-7.462,-2.371,7.084
-8.111,-1.826,8.774
-8.044,-2.488,9.467
-7.864,-3.388,7.788
-8.987,-5.857,6.924
-8.884,-8.764,6.142
-7.819,-11.03,6.288
-7.46,-10.532,7.376
-6.967,-8.367,7.934
-6.022,-7.29,7.974
-4.45,-6.659,7.709
-3.429,-6.716,7.379
-2.287,-7.276,7.785
-1.971,-7.64,8.374
-1.902,-7.261,7.939
-1.141,-6.936,8.453
0.376,-6.962,8.955
1.199,-5.984,9.594
1.232,-6.369,9.558
1.182,-7.357,9.051
1.718,-5.852,8.666
2.038,-2.646,8.257
2.57,-1.546,7.898
2.919,-1.634,7.053
2.531,-0.246,5.888
2.01,1.201,6.659
1.043,0.646,7.077
0.617,0.378,5.886
0.892,-0.1,3.95
1.022,-0.543,2.924
0.615,-0.895,2.05
-0.495,-0.926,1.68
-1.852,-2.172,3.017
-2.493,-6.797,3.503
-2.113,-9.386,3.811
-1.991,-7.065,5.766
-3.854,-0.888,6.429
-5.601,2.474,7.982
-6.644,3.254,10.673
-6.481,1.369,9.826
-4.567,2.665,7.807
-4.359,3.285,6.008
-7.709,1.108,6.163
-8.546,-0.67,5.273
-12.173,-5.051,5.034
-14.444,-8.556,6.462
-13.896,-6.187,9.362
-13.252,-4.644,10.396
-17.392,-4.11,10.628
-16.133,-6.546,9.377
-14.181,-3.132,8.058
-17.432,-6.685,5.752
-14.482,-8.168,9.14
-11.475,-2.871,4.984
-15.741,-5.773,3.658
-12.714,-8.64,2.096
-12.925,-7.833,4.323
-14.19,-6.151,4.194
-12.8,-7.027,2.297
-11.149,-8.764,3.668
-12.587,-11.925,5.158
-7.972,-11.949,5.225
-9.448,-9.692,3.464
-8.271,-6.288,1.799
-6.747,-5.962,1.0
-5.235,-6.905,3.929
-4.634,-5.508,4.67
-5.256,-4.591,4.156
-6.604,-3.606,4.268
-5.936,-4.084,5.917
-4.371,-3.45,5.812
-4.768,-4.211,3.106
-4.766,-4.39,2.132
-3.895,-0.88,3.266
-5.106,-0.234,3.347
-4.622,-1.986,2.249
-4.608,-1.156,2.345
-5.776,-0.069,3.646
-5.862,-1.177,3.129
-6.326,-3.141,2.914
-7.917,-2.806,2.632
-6.989,-1.983,1.151
-6.264,-3.929,1.648
-5.907,-4.823,2.335
-9.415,-5.168,1.866
-9.714,-1.108,4.036
-9.53,-7.601,3.455
-12.843,-7.549,4.764
-13.676,-8.061,2.735
-10.037,-8.855,3.048
-13.157,-7.376,3.307
-14.31,-7.852,3.661
-12.417,-4.23,3.192
-16.53,-5.29,5.603
-15.674,-6.919,4.919
-14.978,-3.665,4.981
-14.056,-1.809,4.173
-12.793,-0.44,4.969
-10.195,0.912,5.319
-8.903,1.462,6.144
-9.006,0.196,6.034
-7.683,-0.797,7.257
-5.642,-0.483,8.869
-4.857,0.89,9.03
-5.015,0.876,9.211
-4.077,1.541,9.929
-2.357,1.955,10.214
-1.247,1.876,7.706
1.22,3.285,7.515
2.283,3.18,8.494
2.364,2.225,10.8
3.417,1.022,9.18
5.237,0.244,8.494
6.139,1.471,9.386
6.642,-0.093,13.107
6.032,1.273,12.269
8.202,-1.419,11.446
2.433,-1.976,14.064
8.501,-3.933,11.544
-0.768,-4.845,12.922
-1.495,7.032,6.051
-11.401,-6.197,8.384
-12.714,-1.651,14.023
-8.41,2.144,4.785
-2.842,-0.445,9.444
-0.641,2.278,11.551
-6.982,-1.395,11.592
-1.476,9.006,18.533
-10.556,2.711,10.793
-2.634,9.606,10.025
-3.381,2.699,9.936
-2.103,-1.663,12.183
-0.998,5.551,14.15
-3.252,9.685,7.635
-3.701,0.792,9.953
-5.434,3.249,3.969
0.194,1.357,3.278
-3.393,4.079,3.039
-4.223,-3.132,4.031
-0.727,-2.522,-0.507
0.06,2.041,2.153
-0.256,5.539,4.869
-1.644,1.919,5.615
1.17,9.618,5.13
-2.897,3.469,10.044
-3.529,4.101,6.455
-0.29,5.835,8.288
-4.395,3.082,6.632
-2.316,2.811,8.563
-0.12,0.732,10.551
3.309,4.354,10.482
-1.247,6.044,12.001
-4.089,7.053,9.503
-2.309,4.34,9.965
-11.932,0.988,12.499
-6.972,2.706,12.075
-7.936,6.345,12.805
-5.551,6.68,11.659
-4.137,0.335,11.618
-6.376,0.785,11.02
-4.213,3.371,11.085
-2.273,8.355,9.774
-6.264,2.165,10.85
-2.986,2.216,10.209
-4.414,3.792,12.013
-2.474,3.957,12.188
-4.252,3.728,10.853
-1.672,2.354,9.439
-1.816,2.869,8.731
-2.84,3.33,9.716
-3.45,1.845,8.664
-2.196,2.653,7.192
-2.694,3.0,8.295
-2.921,2.208,5.833
-2.235,4.189,4.658
-1.878,2.835,2.304
-2.45,1.01,4.792
-4.62,3.462,5.67
-1.833,3.127,6.833
-0.543,3.771,5.711
-0.993,4.077,6.601
-2.225,3.584,6.142
-2.869,3.74,7.553
-0.952,4.493,8.364
-1.881,4.9,8.865
-0.892,3.031,9.965
1.95,5.111,9.884
-0.479,5.477,10.75
0.605,4.697,10.235
-0.768,4.742,9.776
-4.266,5.209,10.625
-6.481,4.972,10.506
-8.491,3.859,11.118
-9.551,2.242,11.559
-5.247,4.242,11.568
-1.617,6.089,11.159
-2.598,1.957,11.008
-4.79,-0.447,13.889
-4.986,3.33,13.559
-3.886,3.893,14.272
-3.792,3.575,14.025
-3.108,4.694,11.858
-1.483,1.515,10.735
-2.366,1.469,9.271
-1.392,2.759,8.934
-2.208,0.813,7.584
-4.965,2.359,8.807
-1.529,1.885,9.566
-0.778,4.156,7.549
-1.199,1.505,6.534
-1.452,4.034,5.23
-2.271,5.053,7.139
-1.677,2.873,6.754
-1.847,0.782,5.819
-1.349,1.488,4.661
-1.747,3.003,3.969
-1.002,3.151,4.591
0.041,2.675,3.735
0.132,1.581,4.931
-1.215,2.507,5.891
-0.933,3.799,6.771
-0.361,4.441,6.996
-1.139,3.957,8.508
-2.589,5.563,9.259
-1.01,6.472,9.769
1.534,4.833,9.515
4.721,5.23,9.786
3.232,5.486,9.661
2.371,4.706,10.575
-0.359,3.883,12.714
-4.18,3.603,14.736
-7.654,3.141,14.726
-8.733,-1.201,11.032
-3.804,1.871,14.183
-3.905,5.082,13.477
-3.012,3.163,11.855
-1.904,1.146,10.116
-1.73,-0.359,10.537
-2.132,1.132,11.874
-1.349,-0.239,12.303
-1.857,2.579,11.671
-1.668,3.407,10.733
-0.955,1.072,10.3
-2.792,1.163,9.841
-1.022,0.05,9.558
0.151,1.014,8.073
-0.861,3.295,9.735
-1.311,3.639,8.862
-1.455,1.39,7.805
-0.304,2.227,7.539
-1.692,3.716,6.857
-2.067,4.094,6.766
-1.043,4.979,6.056
-1.814,3.869,5.39
-1.196,1.634,4.649
-1.491,1.89,2.747
-1.433,2.804,3.773
-0.912,3.771,5.359
-0.278,3.898,6.151
-0.464,5.362,5.735
0.254,5.163,5.757
0.024,4.658,6.125
-1.062,5.673,8.101
-0.687,4.886,8.867
2.708,5.725,10.149
3.998,3.984,10.343
3.778,5.819,10.764
0.299,6.659,13.865
-0.165,5.996,13.13
-2.627,5.029,13.645
-6.168,5.091,13.678
-7.41,3.768,13.19
-5.57,3.704,14.226
-5.094,1.517,12.279
-0.141,3.28,11.36
-1.56,2.945,11.326
-2.594,0.653,10.657
-1.029,0.742,11.434
-2.802,4.551,12.53
-2.945,1.526,11.69
-0.974,1.735,9.08
0.995,3.029,8.661
-0.959,2.601,7.242
-0.737,1.412,9.01
-0.211,1.091,7.022
0.557,3.012,8.319
-1.515,3.326,7.881
-1.495,2.991,7.836
-1.849,4.945,5.687
-1.646,4.07,5.893
-1.838,4.271,6.137
-2.261,3.065,6.639
-1.397,2.921,5.479
-0.297,2.806,5.144
0.622,4.582,5.034
0.1,5.685,7.771
-0.11,4.374,6.891
1.127,3.488,7.455
0.299,4.52,7.833
-0.813,5.362,9.506
-0.847,6.647,8.587
1.744,5.273,10.008
4.197,3.921,9.369
2.651,7.678,11.477
0.215,9.276,11.288
1.586,8.592,10.558
0.852,5.967,10.513
-4.912,6.962,14.329
-8.589,8.396,13.808
-3.56,7.352,9.561
0.993,5.017,6.206
4.242,5.625,7.994
1.852,5.204,5.675
-0.644,3.5,2.984
-1.39,3.302,4.252
-1.029,4.087,7.843
-1.407,9.214,8.661
-0.909,7.532,6.276
-1.407,4.362,3.615
-3.63,5.706,2.684
-5.52,10.128,6.166
-5.431,6.869,4.553
-4.187,1.584,0.919
-4.912,0.617,-0.696
-7.254,5.319,-1.194
-8.384,2.335,-1.158
-7.501,-2.328,-1.117
-12.819,-9.597,-1.342
-13.418,-13.231,0.129
-14.614,-12.819,4.996
-13.877,-16.36,6.982
-19.672,-15.478,8.561
-22.584,-13.717,6.738
-19.595,-0.328,7.317
-14.47,8.058,7.503
-12.635,3.694,4.977
-28.07,20.741,5.206
-23.285,25.914,5.599
-48.646,29.548,11.341
-46.383,2.091,19.272
-26.235,-4.536,9.843
-28.208,11.075,2.476
-25.663,-0.888,5.048
-32.998,-16.274,10.604
-20.406,2.921,10.305
-16.863,7.111,14.99
-11.618,17.368,26.713
-23.71,17.289,16.487
-24.828,-19.179,13.432
-24.433,1.84,24.469
-23.596,-7.039,22.246
-31.276,10.482,24.531
-40.028,4.723,16.272
-42.308,-4.436,5.326
-42.411,0.5,-7.551
-45.914,-1.682,-10.829
-48.993,-1.342,-10.554
-50.507,-0.012,-15.284
-37.587,-0.165,-20.758
-34.676,5.261,-20.279
-30.548,15.08,-18.722
-18.334,14.757,-17.04
-24.388,-2.261,-2.156
-30.776,78.357,-29.381
19.236,78.357,2.05
-23.141,-8.006,-27.952
22.414,-26.323,-15.746
-1.125,32.331,7.474
-6.41,30.84,1.811
1.885,12.913,5.008
-0.935,5.216,15.803
8.321,7.807,9.843
1.897,10.357,14.088
-7.221,8.422,19.875
11.757,10.221,7.568
1.711,-5.022,4.857
-3.689,-2.144,9.786
-4.261,9.51,9.697
-10.164,10.166,10.422
-12.205,3.352,16.54
-15.47,7.745,14.497
-10.042,12.291,10.702
0.567,13.102,16.337
-4.008,6.771,13.14
-9.625,3.878,16.54
-8.931,3.701,17.002
-5.185,1.081,19.215
-4.412,2.079,15.379
-2.409,3.732,10.719
-3.637,4.18,10.568
-3.441,1.089,11.628
-3.529,-1.141,12.494
-3.225,-0.136,12.551
-1.531,1.78,12.762
0.816,1.136,10.992
-2.558,2.338,10.341
-0.67,3.874,11.92
-0.986,1.802,11.154
-1.019,1.737,9.824
-1.306,2.079,9.343
-0.347,6.034,8.333
0.115,3.761,7.45
-1.311,5.072,3.828
2.287,10.054,1.201
3.754,8.434,6.158
0.756,7.527,3.498
-2.431,2.05,3.45
-1.383,3.156,4.618
-1.809,0.266,7.728
-2.493,0.273,3.586
0.127,0.744,-1.357
-1.517,4.886,-3.976
-5.388,2.594,-2.019
-5.493,0.684,-4.333
-7.008,-4.716,-1.158
-10.214,-16.853,2.606
-11.006,-15.569,5.852
-15.645,-6.039,10.573
-15.688,-20.602,6.656
-16.066,-19.708,10.149
-13.348,-5.651,9.659
-11.463,-6.343,8.723
-14.143,1.058,2.055
-8.396,-7.494,1.469
-17.404,0.395,7.716
-34.822,7.599,1.866
-31.606,12.056,-2.259
-8.656,6.448,11.7
-20.784,-6.431,21.763
-21.0,-2.216,23.306
-22.012,-4.328,21.887
-29.393,6.977,17.978
-34.094,17.262,13.377
-36.563,8.922,-0.354
-41.241,2.888,-11.925
-45.459,2.491,-2.184
-43.846,1.203,-2.601
-44.674,2.981,-12.568
-35.274,7.781,-18.672
-28.342,4.663,-17.736
-27.44,0.27,-13.676
-24.672,6.316,-17.679
-19.387,-1.799,-11.011
-40.76,41.349,-12.731
-7.924,78.357,4.907
-14.853,35.999,-23.763
-6.728,-22.765,-19.019
9.74,-2.05,-3.429
-8.86,22.895,6.35
-1.859,21.694,4.584
1.591,11.549,3.517
-2.83,7.434,19.165
11.786,13.98,6.292
0.134,9.14,12.724
5.221,10.116,11.539
5.436,5.788,5.802
2.412,-3.749,1.022
1.524,1.586,6.936
-0.632,7.403,8.518
1.132,10.649,11.243
-3.723,5.855,9.219
-9.293,3.082,13.138
-14.755,11.444,16.439
-20.064,9.96,16.794
-4.5,9.448,9.274
-0.012,4.022,10.245
-5.015,2.766,12.458
-8.443,1.933,13.736
-3.742,-0.199,16.741
-2.354,1.062,12.571
-2.704,1.94,11.267
-4.886,3.508,11.604
-2.804,4.165,12.69
-2.256,2.421,11.81
-3.194,2.539,11.496
-3.012,2.682,12.511
-1.57,2.692,12.396
-2.969,1.895,10.886
-1.117,2.606,10.188
-1.335,3.259,10.848
-1.785,3.474,10.104
-1.081,3.627,9.448
-0.907,2.814,8.63
0.29,4.055,8.123
0.857,5.338,6.718
1.395,5.149,6.57
2.175,3.096,3.661
1.318,3.685,4.39
0.215,4.388,7.623
0.383,7.001,5.919
-0.869,3.938,4.414
-0.983,0.579,5.678
-1.103,4.321,5.374
-3.287,6.46,4.654
-2.627,0.909,7.525
-0.304,0.067,1.895
-2.936,5.737,4.261
-6.754,3.969,-0.821
-5.367,2.17,-5.012
-6.828,1.079,-1.486
-9.774,-10.355,1.163
-14.334,-17.14,3.249
-16.853,-0.617,6.19
-15.939,-14.482,8.764
-18.064,-27.436,11.463
-13.944,-12.793,13.867
-12.717,-3.519,12.829
-12.635,-6.343,1.517
-13.836,0.156,2.522
-12.791,11.13,1.134
-24.419,18.045,3.443
-31.068,10.743,1.213
-56.324,12.781,8.166
-43.832,13.793,13.238
-36.59,-1.761,10.006
-32.391,-8.496,7.625
-25.603,-6.965,9.262
-20.028,6.046,11.774
-25.687,-17.389,6.17
-25.189,-3.943,9.661
-17.648,4.711,14.894
-17.014,10.219,14.052
-14.554,16.054,13.188
-7.733,9.544,14.389
-5.79,9.845,17.98
-11.197,5.845,18.956
-26.572,1.309,20.385
-27.082,1.464,16.179
-29.008,9.692,14.891
-31.996,15.767,5.218
-39.329,9.353,-5.565
-41.695,-2.493,-10.25
-40.04,3.304,-2.775
-41.485,-0.134,-6.649
-40.837,8.659,-14.7
-29.838,4.608,-18.631
-26.864,-2.419,-15.42
-24.725,1.464,-15.408
-19.373,9.822,-17.741
-13.688,0.524,-14.159
-27.027,1.969,-2.974
-32.183,78.357,-1.005
-9.164,47.911,-25.278
-10.676,-24.455,-20.988
12.35,-8.649,-8.496
-4.41,23.926,1.347
-1.498,24.414,-0.438
1.73,17.444,2.086
-5.446,13.585,19.385
-6.776,10.209,19.736
7.718,10.642,8.065
1.201,7.769,16.327
10.03,12.798,13.76
8.001,6.675,-4.555
-0.029,-5.429,13.183
-0.385,2.974,8.309
-0.613,8.369,13.43
2.216,11.365,13.482
-5.412,4.967,5.323
-9.341,7.771,11.743
-15.066,9.254,18.236
-13.623,4.11,14.896
-0.479,4.871,15.059
-0.869,5.144,14.779
-9.223,5.658,15.466
-2.294,6.407,14.231
-4.331,0.366,13.513
-4.015,3.101,11.76
-1.684,5.206,10.479
-0.268,4.058,9.109
-3.938,1.596,11.125
-2.263,1.771,8.941
-1.804,2.914,9.144
-1.115,4.563,10.97
-1.634,2.256,10.223
-0.593,1.565,9.367
-1.371,2.417,10.269
-2.082,3.797,9.759
0.703,4.127,10.925
1.177,2.323,9.606
-1.146,2.933,8.884
-0.947,4.89,7.601
1.598,5.613,8.053
1.495,5.795,9.68
0.727,9.003,7.939
1.163,11.092,7.773
0.105,9.417,4.833
-0.256,7.101,4.321
-2.254,4.615,3.553
-3.725,3.031,2.287
-3.07,2.988,3.673
-1.613,0.301,4.67
-0.77,8.317,1.086
-2.692,-1.058,-1.318
-3.823,3.79,-4.85
-6.348,2.902,-2.409
-6.814,0.672,-0.06
-13.226,-6.575,3.18
-19.921,-16.762,0.912
-13.035,-10.769,7.764
-17.925,-0.641,6.352
-19.303,-22.342,8.235
-20.251,-14.978,14.104
-16.561,-2.072,11.049
-15.504,-8.305,9.097
-26.101,6.326,7.757
-6.367,8.467,-5.962
-35.456,17.353,5.07
-31.75,29.206,8.092
-47.696,12.654,8.821
-53.792,0.067,8.283
-29.551,9.726,13.662
-31.037,-0.823,3.79
-23.722,-14.257,18.198
-11.25,1.294,1.876
-29.419,-5.23,9.678
-21.368,-0.17,6.223
-14.717,6.965,7.049
-18.248,5.278,18.454
-23.048,7.709,20.021
-1.62,10.051,8.675
-4.029,8.195,13.867
-18.578,3.737,18.265
-20.172,1.077,18.045
-24.333,2.548,17.813
-28.24,11.331,15.564
-28.058,8.503,3.826
-30.766,3.957,-6.673
-38.109,-3.596,-5.228
-39.822,-2.852,6.12
-39.025,-4.051,0.766
-40.339,3.531,-9.63
-31.551,7.891,-14.066
-30.771,6.326,-12.341
-32.19,-0.699,-10.7
-30.666,2.811,-12.348
-22.227,-7.261,-13.683
-52.137,45.516,-40.588
19.179,78.357,-7.831
-15.147,17.815,-30.163
-10.346,-18.066,-23.667
7.29,-7.762,-6.86
-1.802,17.428,-0.919
-6.852,25.165,1.017
2.012,16.04,1.826
-3.996,12.207,8.977
-3.34,14.879,14.686
2.266,14.054,14.339
4.993,12.049,13.066
11.379,11.484,18.023
5.922,8.111,16.152
-3.338,-6.35,2.845
3.055,2.369,6.513
2.424,10.231,6.348
-0.17,10.432,9.948
-0.273,5.118,8.451
-5.57,3.019,4.087
-8.575,7.427,15.088
-16.956,8.707,15.906
-13.432,7.319,16.133
-4.778,4.668,12.291
0.565,4.565,12.434
-4.228,3.833,14.461
-6.491,1.983,14.616
-4.285,0.105,15.159
-2.876,0.694,12.422
-1.345,3.106,11.633
-1.067,4.479,9.061
-1.44,2.907,10.049
-1.883,2.22,10.625
-2.854,2.376,9.3
-0.892,2.058,9.585
0.103,2.687,9.03
-1.412,2.405,9.671
-2.213,2.428,9.838
0.069,3.603,9.14
1.089,4.627,10.468
-0.691,3.539,11.683
-0.565,3.182,9.513
0.687,6.3,7.953
2.074,8.152,7.271
1.735,8.274,6.948
0.196,6.259,5.601
0.431,6.438,6.206
0.684,6.517,4.989
-0.653,7.395,7.209
-1.407,5.075,4.603
-2.33,1.108,1.969
-2.086,1.005,2.263
-2.062,8.345,3.869
-2.871,4.563,4.632
0.354,2.57,-2.314
-2.754,1.335,-2.962
-8.262,4.723,-1.964
-8.793,5.316,2.895
-11.219,-2.266,-1.66
-14.544,-18.609,2.536
-12.877,-13.829,4.01
-19.157,-12.992,7.884
-25.134,-11.523,6.096
-22.462,-11.468,13.427
-10.346,-11.458,12.822
-10.326,-6.266,7.223
-5.989,4.761,-2.12
-21.079,0.596,2.567
-23.146,25.799,6.513
-29.687,17.954,7.338
-35.563,18.42,11.255
-52.785,-0.959,12.48
-31.673,13.303,7.094
-31.915,-10.984,6.381
-29.343,0.739,10.578
-31.376,-12.288,9.522
-18.801,0.677,3.323
-23.258,-5.977,5.235
-19.751,4.022,3.295
-16.927,2.34,15.379
-11.135,5.041,13.128
-8.96,7.783,12.018
-10.353,2.744,7.283
-11.116,4.087,14.889
-11.377,0.471,18.145
-15.219,13.64,17.164
-22.454,2.826,20.806
-24.981,-1.175,17.253
-28.807,11.626,12.37
-29.795,14.564,1.773
-33.86,9.554,-5.402
-39.485,-1.821,-4.374
-40.447,0.402,2.359
-39.81,5.115,-7.443
-37.59,5.297,-13.408
-33.379,5.658,-14.274
-29.357,2.481,-14.566
-26.952,6.924,-14.322
-19.729,12.389,-18.052
-10.271,6.254,-20.002
-17.997,-11.178,-13.738
-57.443,78.357,2.606
13.994,78.319,-19.351
-17.174,-26.833,-33.015
18.327,-15.399,-13.049
-3.086,30.178,4.264
-5.056,27.56,1.476
1.4,18.578,0.746
1.144,13.717,11.465
-8.608,6.044,15.365
3.12,12.346,13.654
-3.161,2.462,8.939
17.49,14.774,8.86
3.175,2.18,-1.254
-2.283,-1.261,17.975
1.682,5.922,7.616
2.945,6.371,10.101
1.495,5.151,10.085
-2.261,3.921,8.855
-5.658,7.57,9.544
-8.491,11.783,9.027
-12.621,9.566,14.822
-9.922,4.031,12.37
-4.969,3.33,10.525
-2.651,5.304,11.7
-3.0,7.4,11.508
-6.125,4.268,14.332
-5.981,1.847,14.896
-2.598,1.043,12.037
-1.644,4.955,11.482
-3.003,5.864,12.879
-3.4,3.208,12.891
-3.802,1.632,10.968
-1.737,2.529,10.613
-0.687,3.704,11.178
-2.589,2.783,10.317
-1.687,1.916,9.831
-1.96,1.608,8.817
-2.235,3.831,9.972
-1.715,4.953,11.453
-1.072,5.577,10.764
-0.254,4.271,9.123
-1.132,3.575,8.867
-0.254,4.788,9.374
1.189,6.58,7.793
0.924,7.139,6.314
0.62,6.723,7.47
0.744,7.228,5.934
-0.053,6.52,5.017
-0.586,4.192,4.266
0.234,2.244,2.732
-0.098,1.72,3.192
-2.553,6.001,6.144
-2.701,10.061,7.752
-1.505,4.996,2.615
-1.22,0.969,-2.692
-2.086,-3.527,-1.687
-4.718,4.969,-4.304
-9.089,4.388,-1.739
-7.163,-4.242,0.696
-7.948,-8.185,2.519
-17.057,-11.425,3.034
-15.126,-9.056,4.144
-16.98,-16.547,5.79
-18.98,-11.925,9.276
-22.397,-0.818,10.939
-13.054,-8.07,9.666
-7.104,-3.601,0.962
-24.038,7.017,9.101
-25.938,9.831,3.644
-29.378,19.141,3.077
-33.298,8.503,11.673
-51.61,12.968,16.75
-31.757,0.438,14.279
-28.402,-10.109,5.646
-29.058,-2.11,3.153
-21.981,-1.615,15.04
-20.579,-8.786,9.329
-18.904,-3.539,12.08
-24.845,-1.421,6.302
-15.533,6.395,13.083
-19.349,5.096,19.796
-13.82,14.159,9.611
-13.327,4.027,15.758
-12.908,-2.046,18.892
-20.799,0.45,21.167
-21.775,-1.866,25.914
-23.684,8.008,17.004
-28.177,13.413,11.329
-33.044,11.527,2.866
-37.975,7.235,-6.592
-41.27,8.616,-5.668
-41.392,6.821,-1.833
-40.939,-8.47,-11.511
-41.48,2.639,-15.116
-33.661,9.305,-14.946
-28.871,6.063,-13.647
-23.246,8.013,-15.674
-19.586,11.446,-17.114
-15.006,-4.046,-15.353
-33.211,42.083,-13.205
-6.51,78.357,5.178
-14.97,22.863,-21.591
-10.283,-24.754,-16.2
11.592,-2.656,-8.939
-6.307,21.737,-0.955
0.096,26.558,-0.938
1.991,20.282,4.718
-2.677,14.035,16.748
-3.036,8.912,9.656
2.524,13.006,10.501
-8.013,1.347,12.841
24.268,9.343,-9.496
5.824,3.024,-0.476
-1.562,-1.658,9.996
0.749,6.096,5.359
3.376,9.321,12.147
1.534,7.943,7.819
-5.489,8.154,7.879
-11.439,10.676,11.322
-21.354,3.015,20.619
-12.394,2.974,17.274
-2.519,1.156,13.312
-1.62,-0.256,9.984
-4.766,1.498,12.958
-5.082,2.192,14.884
-2.591,-2.85,13.843
-3.991,-4.41,12.274
-2.103,1.058,12.851
-3.419,1.232,10.133
-2.859,1.352,10.743
-3.921,0.172,12.358
-3.4,-1.337,11.092
0.407,0.12,9.539
-1.672,2.488,11.276
-4.993,0.438,11.87
-0.835,-0.959,10.073
0.785,0.043,9.214
-1.589,1.73,9.759
-3.206,2.172,9.726
-2.017,1.151,10.716
-0.153,2.531,10.625
0.246,3.094,9.293
-0.835,4.443,10.494
-1.991,5.134,10.338
-0.208,6.087,8.953
1.598,6.661,5.804
1.531,8.092,5.742
0.266,8.046,5.204
0.208,7.137,5.213
1.577,7.573,7.123
0.287,5.496,4.146
-2.493,0.471,2.773
-2.883,-0.371,3.924
-1.526,8.587,5.699
-0.414,10.838,4.553
-4.807,6.101,1.849
-3.725,3.173,1.955
-1.766,9.286,-1.546
-4.551,5.276,-1.534
-6.771,1.247,-1.239
-9.465,-1.448,0.041
-9.577,-4.027,0.115
-17.167,-15.801,3.086
-15.624,-19.411,6.678
-14.951,-8.281,12.669
-17.791,-9.24,12.824
-14.044,-16.408,12.501
-14.911,-3.737,6.053
-22.438,0.036,8.4
-12.748,-1.431,1.759
-18.798,8.329,-2.029
-33.037,9.752,6.017
-33.709,20.459,2.806
-27.613,18.846,5.694
-34.207,14.348,7.979
-45.612,8.314,13.451
-30.458,1.584,13.119
-23.122,-6.915,5.654
-23.596,-14.143,12.286
-17.581,-2.658,10.92
-19.241,-5.548,12.549
-20.5,0.313,9.503
-13.889,9.31,12.331
-5.907,17.789,12.59
-4.814,18.607,5.338
-18.282,8.697,9.738
-11.348,-1.292,15.15
-17.557,-2.9,15.564
-18.152,1.83,13.968
-25.579,1.629,17.64
-26.321,2.273,11.992
-27.271,4.455,3.921
-29.89,2.235,-3.074
-32.869,0.56,-5.74
-33.475,3.129,2.713
-36.439,4.197,0.258
-35.903,-0.818,-10.288
-32.989,5.18,-13.138
-25.232,4.017,-13.037
-23.689,1.61,-12.126
-22.77,2.182,-15.415
-20.062,5.819,-16.219
-22.849,-5.508,-2.668
-25.29,78.357,-26.67
28.596,78.357,-24.768
-14.334,-5.948,-31.616
3.129,-24.014,-10.869
9.056,7.702,-2.031
-8.051,19.595,3.467
0.534,23.22,-0.431
1.022,18.755,2.433
-3.316,16.856,14.741
-8.611,7.706,10.556
2.61,12.963,11.539
-11.551,5.579,21.875
20.689,22.311,-6.41
3.933,3.165,2.608
-3.969,-5.192,10.599
2.986,5.524,6.836
1.345,5.876,5.185
2.077,4.689,9.441
-0.321,5.883,6.386
-3.185,8.049,15.097
-8.673,12.054,13.851
-17.827,9.142,18.406
-14.944,3.984,12.389
-4.297,4.319,11.53
0.263,6.149,8.733
-5.424,6.733,13.796
-5.91,6.371,15.056
-4.788,3.345,13.174
-2.629,2.244,12.365
-3.031,2.799,12.269
-3.697,3.412,9.874
-1.294,3.089,9.922
-2.668,2.866,10.724
-1.464,1.206,11.092
-2.364,0.447,10.676
-2.639,1.127,9.91
-2.227,2.51,11.102
-0.883,2.318,11.03
-2.338,2.873,10.238
-1.507,1.359,9.568
-1.33,2.094,9.728
-2.371,2.967,9.436
-0.684,4.07,9.178
-0.601,5.663,9.953
-0.785,4.972,10.618
-0.285,4.072,10.039
0.203,4.555,9.759
1.113,5.063,7.85
0.746,5.78,7.673
-0.215,6.426,7.965
-0.483,8.905,8.051
0.266,7.697,6.714
-0.696,6.833,3.237
0.725,4.883,4.936
-0.06,2.199,5.926
-1.639,3.878,5.479
-2.905,6.338,5.335
-2.486,6.4,3.754
-0.902,4.522,1.548
-0.356,3.022,1.584
-1.723,4.957,-2.445
-5.663,3.34,-0.912
-9.496,4.649,-0.811
-10.994,0.242,2.397
-7.494,-0.998,0.909
-14.836,-10.855,3.146
-14.733,-14.358,5.01
-19.492,-10.039,3.606
-19.988,-14.611,6.039
-16.82,-16.329,9.034
-16.372,-4.455,7.142
-20.023,-11.896,9.262
-5.29,-3.354,4.756
-17.258,10.3,1.438
-24.945,15.647,3.931
-40.784,21.134,-1.072
-25.703,15.317,10.087
-43.755,13.98,15.286
-33.3,-5.869,15.848
-45.629,-0.167,6.668
-25.84,-9.058,8.166
-9.015,-7.47,7.178
-15.497,4.18,10.104
-25.794,-0.818,5.646
-21.959,2.294,13.255
-14.568,5.828,19.038
-7.747,14.93,5.859
-15.011,1.562,-0.242
-14.894,-3.56,1.469
-13.726,5.79,14.36
-20.543,4.57,23.261
-24.349,-13.556,24.648
-23.019,3.139,16.255
-26.761,12.391,9.006
-29.938,2.613,-1.354
-34.817,3.661,-2.256
-34.728,6.223,-1.529
-38.698,3.634,-2.369
-39.351,1.141,-7.577
-34.467,6.209,-10.793
-30.462,8.247,-13.647
-27.039,0.758,-17.061
-25.639,-4.288,-16.75
-23.261,1.737,-18.05
-17.791,-8.551,-16.174
-54.029,55.369,-28.228
14.219,78.357,-7.599
-7.058,9.154,-31.661
-2.048,-22.471,-19.6
5.486,-1.998,-0.39
-7.465,13.071,5.032
0.354,21.698,-0.156
2.457,20.253,3.29
-2.687,15.346,10.903
-4.725,7.379,13.312
3.223,13.69,10.283
-0.318,8.745,9.654
4.661,10.546,13.733
-1.187,2.732,4.345
5.855,3.936,0.754
-0.804,6.333,4.438
5.723,13.353,14.908
2.072,4.599,7.695
-0.639,2.952,2.79
-3.589,6.589,4.737
-9.223,4.34,12.011
-13.616,5.099,17.028
-13.377,12.358,14.631
-9.537,8.333,8.68
-3.17,4.62,11.003
-5.481,3.464,10.657
-7.269,7.187,11.599
-3.967,7.137,15.403
-5.166,4.587,16.87
-6.759,0.701,15.049
-4.52,2.608,11.102
-2.426,4.429,11.331
-5.101,4.06,12.63
-5.335,3.027,12.702
-3.263,1.737,9.197
-2.9,1.464,10.46
-3.371,3.101,11.609
-2.864,3.706,11.429
-2.094,3.158,9.477
-3.716,2.546,11.59
-2.067,3.802,12.913
-2.708,4.747,7.001
-2.761,5.953,5.489
-2.539,9.3,4.02
-1.715,8.731,5.515
-1.663,5.173,6.283
-1.148,4.754,4.742
-3.433,6.836,5.414
-3.62,8.19,3.909
-1.187,7.123,4.869
-2.866,5.056,6.584
-4.603,5.048,7.852
-4.508,4.072,6.895
-3.895,3.156,4.546
-3.35,3.132,3.541
-3.845,4.457,4.022
-4.771,4.244,3.749
-5.589,1.902,2.251
-6.218,-1.424,3.094
-7.496,-3.216,4.462
-9.379,-3.488,5.044
-11.592,-2.637,3.11
-12.171,-2.799,3.486
-11.827,-3.622,4.654
-9.802,-4.254,4.472
-8.113,-2.725,2.979
-11.602,-1.615,7.072
-5.57,-1.792,9.075
-11.197,-4.668,8.092
-13.762,3.144,5.969
-12.956,1.373,7.24
-12.807,-3.565,6.216
-15.963,-8.034,7.23
-15.844,-11.669,7.015
-21.019,-5.589,7.388
-19.799,-4.603,5.721
-3.003,0.565,10.214
-23.378,-7.848,14.999
-15.499,-12.142,2.785
-16.258,-13.109,4.639
-3.756,-0.483,0.428
-14.686,-3.993,9.204
-9.953,-2.199,2.89
-7.161,-3.965,-7.101
-5.69,-2.254,-5.371
-3.12,4.232,-3.967
7.998,-27.895,-11.518
-17.734,-13.767,-22.545
-9.343,1.141,-2.01
-7.197,15.408,-2.766
0.56,6.388,-4.488
1.816,3.527,-6.355
-4.221,8.508,-10.549
-7.819,2.893,-13.824
-5.91,-5.015,-10.264
-6.685,-14.308,-4.706
-2.991,-9.587,-10.353
-6.62,-9.752,-13.36
-6.348,-5.012,-6.113
-3.374,-1.794,2.826
-3.921,-8.135,0.581
-5.185,-9.329,-6.036
-7.807,-7.218,-5.888
-6.58,-2.29,-3.508
-5.778,-1.852,-0.053
-12.939,-6.08,-0.141
-14.621,-10.685,-3.275
-6.709,-8.51,-8.214
-7.989,-4.644,-3.24
-13.858,-4.68,-2.287
-10.472,-6.594,-0.282
-12.767,-4.106,4.412
-17.382,-5.462,6.915
-14.645,-7.577,9.896
-13.628,-5.161,7.747
-17.035,-4.067,5.472
-14.281,-7.362,3.036
-8.159,-12.178,-1.809
-8.994,-5.747,-5.532
-15.126,-1.988,-1.101
-17.684,-2.802,0.78
-13.508,-5.747,-1.536
-9.403,-5.874,-2.393
-12.65,-6.288,-1.172
-12.829,-3.536,1.239
-12.054,-3.658,5.658
-9.68,-7.027,2.541
-10.898,-6.493,3.187
-12.98,-7.84,3.742
-11.618,-8.427,1.192
-10.633,-6.881,-0.495
-10.664,-5.247,1.225
-9.348,0.316,0.895
-9.164,-0.636,-0.964
-9.377,-2.663,0.474
-9.063,-0.79,1.407
-9.807,2.139,2.237
-9.853,4.902,1.78
-7.194,10.592,2.589
-7.575,12.925,3.345
-7.317,10.142,5.395
-4.008,7.037,7.118
-1.84,4.465,8.446
-1.325,3.531,10.149
-2.029,3.211,10.867
-1.986,4.137,10.223
-1.036,5.13,9.077
1.017,4.515,8.86
2.244,3.046,9.231
3.704,3.175,7.642
4.594,3.826,6.979
5.644,3.467,7.972
7.405,0.804,7.948
7.159,-0.376,7.448
6.063,1.591,7.86
6.546,0.191,8.12
7.108,1.113,9.369
4.788,1.72,12.061
8.003,10.441,7.159
8.36,6.206,9.31
1.759,-1.412,14.401
-0.103,-6.757,15.21
-8.288,2.531,15.317
-10.109,5.355,11.559
-8.056,-2.871,6.223
2.29,-4.639,9.202
4.761,0.981,9.661
0.313,-1.404,7.281
-7.187,8.257,16.997
-5.661,10.19,15.726
-0.287,3.474,15.796
-0.337,4.285,10.484
-4.223,-2.381,7.094
3.618,1.912,5.575
-0.373,-3.508,4.149
-7.415,-1.067,9.47
-3.199,8.25,4.74
0.876,8.029,5.424
2.371,3.761,1.397
-0.263,-0.553,2.314
-1.701,-2.895,4.333
-1.058,-0.864,5.852
-4.244,6.197,8.171
-0.479,5.541,7.661
0.096,1.96,12.508
-4.544,5.991,7.941
-6.773,6.304,8.829
-0.443,5.254,10.597
1.61,3.764,9.85
-5.941,5.134,11.767
-2.01,9.219,10.118
0.883,0.373,5.95
-3.469,7.094,14.65
1.921,3.9,9.788
-0.601,2.756,10.843
-7.202,1.861,11.087
-6.108,7.876,11.987
-9.223,7.546,11.731
-4.778,7.711,10.805
-8.872,-0.285,12.654
-5.601,-0.677,9.982
1.629,3.189,11.14
-2.948,2.137,12.709
-3.273,4.185,9.262
-4.536,4.697,12.035
-0.955,3.441,11.635
-3.464,0.974,9.9
-4.347,1.806,10.659
0.502,5.556,8.781
-1.218,3.096,11.432
-3.484,2.144,9.03
-1.132,3.804,10.331
-1.426,4.814,8.829
-2.83,2.515,10.226
-0.749,2.589,9.893
-0.677,4.235,8.089
-1.242,5.374,9.917
-1.28,1.278,9.073
-0.921,1.455,8.814
-1.079,2.294,7.427
-0.543,3.149,8.23
0.835,3.314,6.56
-0.457,2.127,6.955
-0.574,-0.156,7.819
0.629,2.498,5.39
0.644,3.163,5.623
-1.945,3.252,5.891
-1.94,3.809,7.336
0.038,3.835,6.462
1.019,3.036,6.857
-0.266,3.297,6.962
-2.594,3.491,7.747
-1.646,4.599,9.006
0.72,6.199,9.283
1.904,6.546,8.013
3.663,5.407,9.025
5.077,4.0,8.769
3.354,4.651,9.788
2.73,5.242,7.797
0.053,5.103,10.829
-2.445,5.611,12.544
-4.625,6.441,12.798
-6.565,4.594,12.26
-5.754,7.046,13.616
-2.45,4.319,12.793
0.005,4.981,12.547
-0.943,5.065,10.831
-2.976,4.158,13.164
-2.266,5.3,12.15
-1.763,4.455,9.984
0.287,3.991,10.74
-0.548,2.433,10.635
0.251,2.096,9.178
-0.522,0.223,10.295
-0.139,1.266,9.896
-0.706,2.271,10.728
0.83,5.905,11.032
0.577,6.228,9.881
1.799,4.455,7.891
3.653,2.668,7.829
3.558,5.35,5.96
1.113,7.594,7.824
-2.223,5.424,6.359
2.914,3.921,3.429
2.007,3.802,5.381
-2.871,7.104,6.824
-2.596,6.733,4.697
-0.177,0.596,5.039
0.285,4.008,2.617
-0.096,6.711,3.517
-2.515,4.744,2.495
-3.469,4.194,-2.218
-4.515,1.684,-2.651
-7.029,4.637,1.156
-9.489,9.743,-0.852
-9.967,0.354,-1.058
-13.016,-16.217,1.845
-19.062,-21.107,2.893
-15.394,-11.633,5.302
-18.468,-12.623,7.529
-18.432,-14.705,11.207
-19.09,-6.876,13.475
-8.917,-6.716,8.766
-8.788,-1.586,5.173
-21.866,7.51,0.412
-21.193,21.071,-0.526
-14.396,26.883,7.79
-30.936,16.667,6.917
-43.126,10.482,6.836
-34.668,3.988,10.731
-30.95,0.139,13.162
-26.608,-5.087,9.317
-22.921,-16.504,5.056
-21.292,-10.097,11.611
-27.44,5.62,14.327
-15.734,6.185,12.085
-17.016,1.5,10.59
-13.308,0.024,8.015
-5.8,7.879,9.513
-7.3,10.259,10.669
-18.777,1.342,12.726
-16.413,-1.773,17.102
-19.277,-5.759,20.174
-21.165,-0.364,18.504
-26.792,5.613,15.573
-29.343,7.06,10.913
-33.238,5.467,2.019
-38.643,4.977,-4.173
-40.432,4.73,-4.843
-39.482,2.311,-6.632
-39.518,-7.802,-13.616
-37.81,4.931,-15.296
-31.558,13.781,-16.875
-25.904,5.926,-19.327
-20.672,9.764,-21.476
-11.781,1.692,-20.079
-21.382,-0.1,-1.304
-45.772,78.357,2.125
11.061,67.241,-27.826
-11.779,-30.075,-26.816
19.861,-12.176,-18.121
-5.328,34.585,0.187
-5.343,24.694,1.802
4.479,14.037,-0.687
-1.402,11.898,12.587
-9.135,11.575,17.078
3.395,14.291,7.448
-2.244,6.288,12.441
5.828,8.482,13.53
21.497,9.154,-3.486
-0.648,-0.813,4.933
1.046,7.281,9.525
1.61,7.513,12.626
1.859,7.874,-0.445
1.89,0.931,9.001
-0.062,4.654,9.015
-7.092,6.434,11.551
-11.865,1.771,15.267
-14.923,0.55,14.41
-8.013,0.328,13.252
-3.328,4.18,13.025
-4.163,3.106,11.659
-4.244,2.335,9.869
-3.917,3.342,12.815
-5.563,2.127,14.073
-4.144,-0.335,14.753
-2.065,0.275,12.329
-2.912,1.342,11.224
-3.273,1.462,11.468
-4.285,0.323,11.726
-4.108,1.101,12.389
-1.921,1.845,12.559
-1.651,1.732,12.188
-2.4,-0.019,11.657
-4.311,-0.304,10.523
-1.912,0.373,11.183
-0.553,2.405,10.822
-1.373,3.486,11.838
-1.565,2.67,11.661
-1.883,2.527,10.858
-1.83,3.84,12.339
-1.818,3.694,12.602
1.18,6.383,11.614
-0.278,4.498,9.018
-1.579,4.584,10.008
1.113,10.281,7.551
4.154,12.86,2.929
-0.072,7.692,0.565
-1.608,3.531,4.235
-1.55,3.814,3.594
-3.082,6.462,0.89
-2.814,2.029,2.263
-0.835,4.027,2.871
-0.876,8.288,5.584
-2.694,7.051,5.769
-4.563,2.74,4.472
-3.979,-3.141,2.352
-5.395,0.672,-2.105
-5.56,13.82,0.182
-8.417,5.773,2.639
-10.915,1.024,1.378
-17.772,-12.609,0.883
-19.095,-16.908,1.316
-15.736,-12.458,5.027
-18.004,-19.069,12.08
-18.545,-15.308,13.93
-19.016,-5.601,12.066
-7.563,-6.893,3.158
-20.763,-0.955,-1.266
-28.01,7.697,1.708
-21.215,24.926,-2.483
-24.45,27.156,10.535
-39.576,18.337,14.171
-43.739,7.269,9.568
-28.776,4.589,9.977
-32.719,7.862,11.989
-31.051,-8.037,16.887
-21.332,-6.367,-1.766
-28.0,-9.597,3.783
-13.757,1.182,7.795
-22.198,0.043,13.437
-14.583,5.283,13.446
-6.163,2.273,9.369
-10.441,1.093,16.81
-5.883,6.41,9.946
-12.693,10.867,19.98
-17.291,9.774,22.256
-23.765,-1.156,15.494
-23.916,7.666,15.403
-27.24,9.338,9.951
-31.817,2.629,2.498
-39.937,1.055,-0.84
-39.683,3.082,-2.524
-39.638,4.419,-5.46
-39.7,3.18,-13.162
-33.431,9.544,-15.832
-27.57,1.747,-16.669
-26.883,1.034,-14.887
-23.529,7.608,-15.722
-17.059,7.345,-19.275
-16.174,-18.574,-19.327
-60.204,78.357,-35.219
27.61,78.357,-15.506
-9.269,-14.415,-32.372
18.243,-22.966,-12.724
-2.218,14.131,1.72
-7.223,20.775,2.682
4.814,14.87,-0.88
0.294,10.496,7.915
-4.292,11.838,20.114
6.02,13.288,12.872
0.27,10.597,13.8
14.597,14.19,12.561
3.141,3.941,8.654
-2.78,6.194,8.735
-0.112,4.292,9.625
2.673,6.62,5.108
-3.426,4.11,11.829
-7.912,2.694,12.913
-5.962,6.757,8.802
-7.845,5.307,12.547
-10.444,2.783,17.55
-8.623,1.725,19.277
-5.661,2.041,16.631
-4.979,2.543,11.46
-1.529,5.457,10.829
-1.172,4.34,11.451
-0.459,1.912,13.647
-1.787,-0.567,14.123
-1.981,-1.041,14.355
-3.108,-1.18,11.709
-2.565,1.541,11.855
-1.168,2.653,12.372
-1.043,0.469,12.98
-1.182,-1.242,11.48
-1.57,0.648,12.238
-1.916,2.548,12.87
-2.5,1.627,11.891
-0.56,1.002,9.549
-0.014,2.864,9.757
-1.132,1.261,11.19
-0.191,0.644,10.41
0.096,0.737,8.405
0.471,1.474,9.077
0.256,2.263,10.893
0.242,3.137,11.35
-0.328,3.711,9.214
0.507,4.654,8.348
1.814,4.953,7.486
0.955,6.237,8.142
-3.718,5.544,5.898
-4.838,3.814,2.596
0.112,-0.617,3.369
4.309,-0.833,1.967
1.749,0.361,2.811
-2.85,0.9,5.426
-3.125,3.852,6.881
-2.862,7.506,1.462
-2.012,9.659,0.857
-4.534,4.845,-1.754
-6.864,2.866,-2.869
-7.989,6.687,-1.129
-11.819,1.742,2.218
-16.427,-6.572,2.072
-18.203,-12.848,2.696
-13.654,-18.042,4.414
-15.667,-12.066,6.941
-23.605,-16.975,10.099
-9.912,-8.798,10.594
-13.82,-16.047,12.798
-12.886,2.718,2.223
-10.515,12.779,-4.668
-17.057,16.516,0.603
-28.474,20.447,8.496
-33.3,13.135,3.677
-34.649,13.678,-2.718
-42.578,-2.888,4.168
-42.054,-5.015,10.953
-28.465,-2.003,9.195
-33.025,-10.972,13.329
-26.995,-7.718,14.937
-13.02,-6.946,12.109
-18.454,17.612,5.477
-17.794,-0.208,6.367
-11.027,1.943,13.963
0.569,17.679,11.207
-12.291,5.704,8.862
-12.307,-9.278,10.623
-17.329,-6.587,19.851
-17.399,5.826,21.471
-22.691,6.816,16.092
-24.342,5.522,12.329
-27.089,4.18,8.563
-34.668,2.077,4.027
-38.975,4.615,3.479
-41.399,3.646,-0.66
-42.815,3.304,-10.023
-39.023,6.726,-14.425
-33.221,11.353,-16.186
-27.517,4.06,-16.559
-28.302,0.531,-12.549
-25.105,9.566,-14.253
-16.564,8.405,-16.042
-20.268,-1.395,-14.678
-32.707,78.357,-13.372
-0.026,78.357,10.795
-8.472,3.508,-20.37
0.813,-25.72,-11.783
6.331,11.494,-6.446
-7.35,26.311,-1.177
2.184,23.131,-0.646
2.156,16.679,5.962
-6.036,10.264,12.537
-0.782,9.254,15.025
5.824,6.434,9.171
1.416,11.894,22.995
15.207,10.223,2.082
4.285,3.905,1.914
-3.493,1.122,11.623
1.515,9.506,8.424
4.402,11.793,10.147
-4.491,4.4,7.917
-4.747,4.646,3.627
-10.202,3.448,13.982
-10.817,7.769,13.473
-10.532,5.039,14.923
-4.914,4.45,14.793
-4.572,4.544,11.827
-4.589,3.981,12.083
-4.285,3.225,13.65
-1.976,2.579,14.743
-4.374,0.122,12.408
-1.835,1.062,12.461
-3.72,1.402,13.432
-2.582,1.919,13.035
-2.108,-0.928,10.657
-1.79,-0.467,10.343
-1.933,1.172,11.262
-2.28,1.503,12.367
-1.586,-0.5,10.781
-0.581,-0.598,9.499
-2.44,-0.165,10.061
-2.361,0.433,10.836
-1.046,2.895,9.865
-0.144,3.577,8.874
0.364,1.792,7.618
-0.479,1.479,9.324
-2.101,2.976,11.279
-0.27,6.871,11.027
-0.213,6.769,10.197
-1.029,6.479,7.41
1.309,7.759,7.793
1.014,6.005,7.857
-1.522,5.51,5.816
-1.581,3.51,4.457
0.412,3.24,4.07
0.579,4.23,4.139
-1.83,3.326,4.398
-3.208,2.783,3.651
-3.115,2.065,5.022
-1.215,6.314,4.847
-1.462,7.417,3.658
-2.366,3.596,0.151
-4.419,1.529,-1.266
-9.429,0.969,1.266
-12.946,5.711,2.61
-12.487,2.981,2.426
-12.377,-10.264,2.998
-15.992,-16.676,3.414
-15.647,-9.944,6.364
-18.016,-7.711,6.094
-16.7,-19.748,9.582
-10.838,-6.919,11.135
-7.618,1.967,8.979
-17.356,-6.022,4.847
-17.117,9.922,0.531
-23.596,15.238,8.692
-21.036,24.773,13.922
-39.724,4.192,12.111
-51.613,8.312,10.137
-27.988,2.677,15.279
-29.986,-5.13,7.137
-34.671,-15.322,9.991
-16.602,-9.692,9.006
-11.92,2.086,12.257
-25.191,9.542,10.07
-22.328,-9.365,8.544
-14.152,1.263,4.644
-9.934,4.17,11.118
-4.082,7.611,5.888
-10.776,1.931,9.013
-15.025,0.333,16.018
-15.87,-8.345,20.765
-20.014,4.031,22.715
-23.139,6.819,20.914
-24.632,5.472,13.611
-28.261,3.912,9.838
-35.049,3.424,2.728
-38.257,3.907,-0.947
-38.997,5.462,1.672
-41.734,3.187,-3.426
-40.667,3.811,-11.676
-34.451,5.096,-16.93
-30.424,3.141,-15.667
-27.996,0.696,-14.611
-27.024,-1.768,-14.992
-25.199,3.192,-16.741
-23.308,-3.632,-21.131
-29.685,78.357,-37.023
21.059,78.357,-13.427
-13.339,-4.079,-29.864
0.763,-22.734,-14.013
6.443,2.345,-8.616
-8.223,19.026,2.479
-0.392,24.065,-1.517
2.476,20.705,4.182
0.562,16.746,12.236
-6.096,9.223,9.027
-0.165,13.877,9.089
-1.849,6.328,20.583
14.992,8.398,14.25
0.629,5.601,-15.805
-4.606,0.72,5.718
5.644,8.415,4.699
4.414,14.516,6.994
-1.11,6.092,8.297
-0.813,4.792,7.637
-8.336,6.269,11.874
-8.63,10.554,13.52
-13.695,5.852,17.463
-16.372,5.383,13.138
-4.749,6.63,11.047
-0.529,8.252,10.496
-0.081,6.063,9.865
-4.615,1.852,13.898
-7.704,0.873,15.133
-3.4,1.926,15.255
-3.125,2.924,13.334
-4.319,2.759,11.334
-2.5,2.077,10.494
-2.378,2.225,10.267
-1.974,3.266,10.566
-3.452,2.457,10.755
-3.512,2.11,10.326
-2.474,1.857,10.034
-2.45,1.747,10.156
-2.816,2.043,9.491
-1.598,3.503,8.491
-1.005,2.94,8.888
-1.558,4.101,10.149
-1.814,5.01,10.635
-1.663,5.02,9.908
-0.737,5.072,9.235
-1.448,6.843,9.111
-1.546,6.563,7.989
0.837,4.591,5.733
2.17,4.78,4.96
0.586,8.503,5.237
-0.404,7.269,5.718
0.423,6.185,4.742
1.749,5.359,6.259
-0.077,6.297,6.539
-3.072,6.62,6.682
-4.043,6.381,6.934
-3.972,4.797,6.046
-3.027,5.19,5.034
-2.33,3.57,3.682
-0.316,4.331,4.058
-2.218,6.503,2.751
-5.78,-1.4,0.038
-8.104,-1.751,-0.567
-11.078,3.431,0.49
-12.032,2.436,3.285
-14.76,0.179,4.89
-18.203,-7.678,3.467
-15.755,-7.113,6.615
-10.767,-8.996,2.479
-13.831,-14.592,7.919
-13.506,-17.138,11.535
-14.143,-4.933,13.31
-9.975,5.235,7.391
-11.731,8.484,7.077
-19.035,3.737,-0.242
-16.466,16.693,3.005
-20.677,20.997,4.139
-46.33,19.054,14.571
-32.922,-1.409,17.822
-39.272,1.452,20.469
-26.168,5.134,7.783
-24.246,-14.729,13.887
-18.696,-4.52,10.958
-13.398,7.017,12.929
-16.803,4.113,11.506
-14.812,7.872,13.901
-10.92,3.936,2.132
-8.551,4.929,-4.608
-8.867,-1.189,-2.847
-13.611,-7.515,9.731
-2.984,-9.441,21.564
-5.51,3.991,21.918
-21.473,2.048,19.514
-21.672,0.682,19.083
-17.748,-2.931,14.879
-26.519,-2.263,8.719
-28.386,-0.816,7.202
-30.749,0.739,6.936
-34.702,1.639,2.182
-38.004,1.101,-1.366
-35.188,1.845,-5.412
-33.475,3.163,-10.783
-28.665,6.044,-14.432
-27.651,0.541,-13.245
-26.62,0.086,-12.932
-23.655,3.646,-14.2
-18.985,-3.158,-13.963
-39.865,27.632,-13.583
18.87,78.357,-4.12
-1.9,14.078,-35.331
-6.192,-25.237,-21.679
6.228,-4.388,-7.214
-1.507,18.851,1.806
-5.015,22.639,-0.352
2.235,18.997,1.615
0.486,13.843,5.101
-3.29,11.594,9.544
-5.472,10.29,11.728
6.472,13.391,13.372
6.225,12.535,13.052
25.16,3.146,-2.242
-1.469,-2.036,6.252
0.912,4.386,2.957
5.175,13.016,2.558
4.362,7.931,11.58
3.452,7.417,12.74
-3.955,6.367,13.31
-5.783,8.998,8.465
-11.693,4.551,12.48
-15.82,2.077,17.595
-9.357,-0.412,12.31
-1.459,3.17,10.915
-2.821,5.123,10.238
-6.946,6.84,16.226
-6.292,3.28,15.413
-2.945,1.01,13.913
-4.756,2.079,13.209
-4.158,4.426,12.618
-4.366,2.859,11.415
-4.115,0.799,11.025
-4.527,0.16,10.326
-4.728,1.381,10.3
-2.5,3.319,11.116
-3.943,0.414,9.941
-3.323,0.014,9.326
-3.627,0.514,10.408
-2.034,3.893,10.343
-2.641,3.682,10.618
-2.649,1.816,10.389
-1.127,1.754,10.664
-1.983,3.335,10.905
-2.448,4.558,10.893
-0.802,4.587,9.451
-0.069,3.151,9.168
-0.816,4.053,10.185
-1.847,5.51,9.348
-0.656,4.867,6.697
2.019,2.192,4.84
1.814,1.759,4.362
0.0,6.264,5.867
1.378,10.293,8.061
-0.507,6.716,4.61
-1.428,4.441,3.397
-0.323,3.945,6.505
-1.51,5.687,7.376
-3.208,7.008,7.295
-3.685,8.384,4.364
-2.027,4.338,4.888
-2.18,1.448,3.218
-2.933,2.137,3.359
-4.053,3.957,0.723
-5.879,1.266,-1.254
-8.467,-4.022,-0.045
-13.52,1.888,1.273
-16.585,3.393,5.17
-14.92,-7.802,4.156
-12.776,-6.726,4.168
-14.827,-5.326,7.204
-15.011,-9.637,9.585
-16.454,-17.193,13.296
-14.738,-8.216,10.908
-11.939,3.467,10.925
-14.533,6.034,3.448
-20.794,4.84,0.869
-20.241,14.626,4.228
-22.263,29.233,6.68
-26.95,20.122,8.384
-45.923,10.984,11.721
-25.864,-7.692,23.698
-33.07,12.688,11.611
-20.004,-11.573,12.743
-12.877,-5.855,10.594
-26.251,10.92,5.41
-23.567,-7.62,9.506
-13.19,4.651,6.336
-13.241,9.032,10.566
-13.023,3.716,1.701
-5.613,6.285,0.237
-5.017,3.144,5.036
-6.058,2.857,16.069
-8.685,8.867,17.356
-11.085,15.64,18.275
-19.401,8.891,16.619
-24.648,-0.44,13.219
-26.376,4.357,13.221
-27.412,4.697,4.634
-30.19,4.252,-1.785
-35.145,1.184,-2.12
-35.164,3.551,0.364
-33.989,9.286,-3.077
-29.907,9.745,-12.13
-24.897,4.173,-14.288
-23.962,1.089,-12.051
-24.782,2.218,-9.975
-21.115,5.675,-12.683
-13.195,-3.658,-12.245
-42.889,56.455,-13.159
19.717,78.357,-4.106
-8.003,-14.923,-28.223
11.295,-11.219,-8.927
-4.735,15.384,-0.871
-2.354,22.969,0.452
1.584,23.165,2.457
0.136,14.08,4.62
-0.534,11.669,10.647
-3.591,8.439,9.867
3.969,6.02,11.999
-0.866,1.864,13.501
-0.639,2.517,7.264
-1.285,4.852,7.752
-1.859,3.747,12.039
7.065,10.594,5.044
7.072,9.448,9.635
-0.632,6.45,10.47
-2.95,2.531,6.568
-3.218,2.249,7.017
-6.025,2.469,13.86
-8.398,4.292,12.934
-14.767,11.437,21.155
-13.901,8.355,13.477
-2.034,8.381,8.853
-2.555,5.23,8.125
-6.804,5.005,11.834
-8.391,3.85,13.848
-3.464,3.027,11.602
-4.721,2.218,13.226
-5.046,3.575,13.085
-3.859,3.519,11.731
-4.189,2.582,10.936
-3.697,2.778,10.054
-4.864,3.462,11.836
-3.192,3.192,11.736
-2.862,2.031,9.877
-3.766,2.94,9.932
-4.414,4.094,11.087
-3.412,4.429,10.271
-3.615,2.787,8.752
-3.366,3.139,7.723
-1.172,5.273,9.278
-1.548,5.79,10.365
-2.086,3.883,9.491
-0.746,3.869,8.896
-0.455,4.211,10.24
-0.837,5.582,11.824
-1.177,5.596,9.814
-0.385,3.649,7.139
1.739,5.113,7.108
3.591,9.654,7.9
1.428,13.547,5.522
-2.33,10.999,-0.727
-4.862,3.799,-0.768
-2.476,3.165,3.144
-2.132,4.113,4.737
-2.952,4.587,4.505
-4.12,3.07,6.587
-1.694,6.4,5.367
-1.895,4.354,5.85
-3.319,4.02,1.747
-5.319,0.191,2.232
-5.993,2.007,-0.287
-11.008,0.11,-0.964
-13.602,2.744,3.685
-13.504,-1.864,1.842
-15.047,-15.767,6.056
-15.963,-15.205,6.97
-22.54,-13.214,8.305
-17.356,-14.406,11.776
-7.764,-4.273,8.776
-9.099,0.892,3.79
-12.111,-9.13,9.085
-26.11,0.479,1.584
-13.822,14.274,2.338
-19.117,18.064,9.137
-35.783,21.203,4.288
-45.059,13.753,16.43
-36.559,4.402,16.54
-31.403,-3.0,14.322
-27.153,-3.091,8.307
-16.317,-6.163,8.321
-26.988,-7.058,7.594
-18.516,-2.601,5.529
-22.512,-9.422,3.137
-18.703,-4.488,9.96
-11.793,7.376,13.346
-6.546,14.305,8.376
-7.448,-0.77,2.201
-5.948,-5.532,9.668
-2.553,8.02,13.13
-11.331,15.669,17.392
-9.958,16.351,14.195
-13.638,12.836,14.344
-21.26,9.589,12.953
-23.052,9.147,9.673
-28.756,6.015,10.523
-35.922,-2.579,6.214
-34.19,-2.44,1.438
-42.069,5.058,-1.017
-41.387,8.068,-7.305
-35.035,8.128,-11.532
-31.104,4.046,-13.193
-28.893,2.701,-13.98
-26.921,-0.38,-15.365
-24.758,-2.412,-17.739
-21.516,3.072,-20.65
-19.691,-6.649,-20.672
-28.438,78.357,10.025
3.165,32.812,-23.05
-21.825,-41.298,-26.328
7.704,5.888,-13.834
2.223,31.3,-5.587
-0.589,24.904,-1.84
5.01,15.396,-2.519
4.278,15.906,6.18
-1.392,17.136,17.758
-8.374,8.96,9.613
0.036,12.587,13.377
15.198,11.082,14.59
10.759,2.469,3.924
-1.768,3.744,5.9
4.285,6.328,8.283
3.046,12.047,7.082
-1.306,9.333,8.372
-5.967,3.153,8.565
-2.656,6.051,9.436
-8.652,9.221,11.834
-18.155,8.91,16.025
-13.753,8.156,14.265
-2.22,3.505,11.315
-1.534,0.706,8.412
-7.331,2.907,14.157
-5.618,5.96,13.26
-2.151,1.852,11.714
-0.897,0.811,12.968
-3.737,1.876,13.346
-4.766,1.902,12.963
-1.945,0.227,10.551
-2.543,1.16,11.102
-3.759,2.601,12.929
-2.491,2.644,10.36
-2.086,1.376,10.329
-2.194,0.912,11.415
-3.11,1.885,11.767
-3.268,1.744,11.281
-1.479,2.16,9.326
-0.591,2.256,8.783
-1.735,1.936,9.599
-1.924,2.311,10.281
-0.72,2.912,9.247
0.249,3.869,8.872
-0.132,3.778,9.429
-0.349,4.331,10.901
-0.589,5.563,10.317
0.39,6.704,7.462
0.904,6.06,6.869
1.06,5.776,7.474
1.136,7.611,6.455
0.089,8.762,6.407
1.256,7.917,6.994
0.39,6.163,6.862
-1.512,4.809,7.417
-1.199,7.941,6.493
-1.438,7.529,4.429
-1.469,1.424,5.443
-1.713,4.302,5.922
-1.778,8.702,6.465
-0.105,6.642,5.091
1.232,1.385,1.433
-1.134,-1.074,-0.385
-3.402,1.526,0.342
-5.773,3.63,1.637
-7.74,5.986,0.045
-8.721,3.548,1.081
-9.262,-0.383,2.888
-13.109,-8.829,3.364
-15.088,-13.334,2.725
-14.578,-11.829,5.158
-16.449,-9.723,7.951
-20.655,-5.958,9.534
-16.43,-2.144,10.721
-9.003,-5.323,8.314
-12.004,3.799,0.763
-18.437,13.523,2.251
-21.237,29.194,1.766
-21.899,27.436,9.391
-41.624,11.324,11.121
-33.721,11.934,13.575
-31.407,15.542,12.396
-28.429,-6.135,18.356
-24.153,-6.558,16.255
-21.299,1.117,10.18
-22.782,0.926,15.09
-13.712,4.91,15.779
-14.152,1.792,10.367
-12.324,2.55,13.939
-8.35,6.094,11.903
-3.371,8.235,11.429
-13.205,6.613,14.798
-13.97,1.629,14.188
-12.996,2.797,17.779
-20.22,7.587,16.372
-22.892,9.537,13.375
-24.098,8.372,8.644
-28.721,4.388,4.78
-32.692,1.689,1.924
-33.606,2.763,0.187
-38.863,2.744,-0.237
-36.791,4.254,-9.9
-32.549,6.85,-14.506
-28.436,4.862,-14.882
-25.957,2.876,-13.619
-23.878,-1.541,-15.226
-23.419,-10.884,-13.798
-52.448,42.459,-0.605
29.967,78.357,1.981
-4.072,25.979,-29.591
-4.642,-21.552,-24.069
7.116,-11.477,-5.127
-5.479,15.741,5.407
-0.022,22.04,-2.369
0.502,18.346,0.902
-0.041,16.949,5.926
-1.861,12.121,10.36
-2.804,10.678,13.781
0.723,9.936,9.412
3.321,10.963,16.241
2.517,5.264,13.095
-5.017,3.864,6.302
18.088,1.534,-4.823
7.628,7.805,11.001
-0.335,7.424,13.848
0.366,12.023,8.656
1.22,9.709,9.97
-3.347,-1.641,12.056
-3.185,0.675,12.523
-10.551,2.582,10.302
-15.358,7.919,13.934
-10.056,8.348,14.652
-5.106,2.677,14.772
-6.044,0.959,9.841
-2.285,3.787,9.19
-2.481,3.448,11.614
-3.261,1.893,12.24
-2.103,2.558,13.473
-2.711,2.366,11.793
-3.991,0.952,11.795
-2.952,1.835,12.425
-3.031,0.294,12.36
-2.512,-0.072,11.671
-3.098,0.029,12.083
-2.505,0.909,11.977
-2.33,0.557,11.192
-2.622,0.452,11.075
-2.125,1.268,10.223
-2.196,1.268,10.068
-1.424,1.548,10.379
-0.802,1.725,10.743
-1.182,2.172,10.769
-1.574,3.682,10.707
-0.026,3.508,9.755
0.546,3.773,10.338
-1.498,6.991,10.458
-1.213,6.967,9.202
2.141,5.35,6.74
2.139,3.558,7.037
0.531,7.046,6.068
0.33,6.984,4.804
0.993,5.46,3.948
1.388,4.307,4.505
-0.031,4.008,5.991
-0.852,5.4,6.403
-0.476,5.635,5.352
0.488,5.589,3.842
0.141,9.855,6.168
-3.213,7.482,5.888
-4.345,1.302,2.373
-0.266,3.381,0.378
-0.959,7.874,1.266
-5.965,5.876,0.435
-8.345,1.091,2.314
-6.979,5.0,-1.708
-7.996,2.859,1.452
-10.212,1.452,1.797
-16.698,-6.517,3.089
-19.253,-16.872,2.347
-11.094,-12.037,-0.988
-16.576,-12.863,9.243
-22.27,-16.303,12.604
-17.26,-8.412,14.006
-8.96,-6.221,13.829
-13.776,7.647,2.821
-23.287,20.193,7.297
-12.281,21.409,1.668
-20.416,13.351,-2.548
-52.498,13.664,10.044
-39.932,17.593,14.377
-27.321,10.623,10.31
-29.075,-3.505,7.367
-19.413,-7.214,15.009
-19.21,0.811,7.328
-21.76,0.014,11.917
-13.946,-0.739,7.352
-21.098,4.685,8.798
-12.083,1.062,15.219
-6.85,5.706,13.776
-6.556,5.245,17.573
-8.702,2.232,16.104
-16.188,6.723,22.143
-21.263,6.252,18.102
-22.392,7.35,16.114
-26.677,8.742,10.97
-26.316,8.19,8.943
-31.671,3.974,3.847
-37.116,-1.766,-0.885
-40.846,0.526,0.024
-42.739,2.976,-3.467
-38.114,6.115,-12.013
-33.479,9.465,-16.176
-27.328,1.203,-17.98
-28.496,-4.847,-13.439
-27.752,2.237,-16.014
-23.938,11.953,-15.791
-16.801,17.224,-14.451
-17.607,78.357,-14.47
-3.941,70.617,-26.931
-11.86,-34.245,-17.593
7.793,2.84,-16.133
-0.955,33.118,-5.111
0.78,45.83,-20.234
6.927,0.892,-1.842
-4.491,22.261,3.85
-1.419,18.413,11.063
-4.288,13.848,12.226
-1.924,11.733,9.755
5.146,7.422,9.757
23.048,5.46,-3.137
-2.847,7.422,7.546
-0.459,9.405,9.822
6.281,8.58,5.041
1.888,2.95,7.783
1.524,4.24,8.814
0.007,7.362,5.996
-3.268,8.285,11.822
-6.594,4.421,10.635
-18.286,5.115,16.949
-14.851,7.706,13.647
-2.684,7.412,13.439
-0.275,5.687,10.637
-6.867,4.539,10.829
-6.781,6.651,12.145
-3.883,4.419,13.121
-3.402,2.842,14.001
-2.74,1.06,11.934
-3.405,2.524,11.47
-3.728,3.12,10.228
-2.952,1.718,9.984
-3.055,1.524,11.02
-4.503,1.634,12.121
-3.316,1.364,11.331
-2.94,1.285,11.427
-2.957,1.093,11.501
-2.503,0.555,9.896
-3.161,-0.177,9.898
-2.893,-0.885,10.41
-1.646,1.144,11.386
-0.522,1.443,10.264
-0.593,0.77,9.393
0.361,2.558,8.826
-0.4,4.022,10.054
-1.122,6.063,10.506
-1.519,6.398,11.31
-1.476,5.991,9.977
-0.211,6.008,8.058
0.663,8.137,6.158
1.098,6.867,5.501
1.263,6.455,5.548
0.278,6.625,3.369
1.038,5.721,2.871
1.184,6.264,4.857
1.311,9.429,5.481
0.084,9.501,6.233
-0.428,4.802,4.259
-0.876,3.438,4.249
-1.314,7.714,4.603
-1.926,10.563,3.761
-1.153,4.127,4.213
-2.048,-0.73,2.955
-2.462,4.388,1.378
-4.11,8.51,3.144
-5.891,3.555,0.546
-6.204,-2.768,-3.845
-8.661,0.555,0.603
-13.324,2.967,2.584
-14.669,-10.692,5.01
-15.698,-12.944,3.455
-17.009,-19.277,5.797
-11.7,-11.279,7.807
-21.38,2.524,14.193
-15.992,-12.528,12.932
-15.353,-3.596,5.998
-15.437,11.48,1.534
-15.655,18.693,1.601
-34.188,22.655,3.862
-24.392,23.347,4.874
-31.257,22.026,6.821
-42.975,10.539,15.473
-27.342,3.196,18.473
-30.503,-7.943,5.134
-24.701,-7.754,15.801
-21.665,5.414,14.088
-20.375,-3.795,9.989
-16.291,-5.367,6.867
-18.119,2.905,14.87
-17.609,8.106,14.64
-7.4,11.173,8.857
-2.914,6.259,10.738
-13.006,6.625,11.515
-8.814,4.926,22.117
-19.33,11.214,20.047
-24.201,7.532,17.497
-23.907,13.719,12.733
-27.728,11.396,6.845
-37.477,-0.412,2.165
-41.069,-5.625,-0.617
-37.229,2.287,-3.862
-40.671,4.979,-8.649
-34.302,4.857,-13.726
-29.747,4.835,-16.226
-26.424,1.641,-17.59
-24.395,-1.113,-18.564
-20.806,6.967,-17.511
-16.15,7.628,-16.636
-29.778,51.797,-6.678
19.327,78.357,14.887
-3.256,-0.945,-32.305
3.034,-37.3,-16.468
8.831,27.74,-8.041
-4.027,33.63,2.907
1.436,16.77,-0.505
3.555,11.006,7.912
-2.01,10.932,10.795
-1.57,11.815,11.125
4.359,10.092,16.82
6.261,6.295,16.588
7.197,4.481,2.871
-2.019,-0.108,12.128
3.919,4.036,9.156
-0.151,8.408,12.044
4.0,8.865,12.382
0.239,9.965,4.125
-5.256,4.326,9.412
-10.197,3.161,14.848
-19.332,7.281,17.466
-12.099,7.812,11.425
-4.572,9.845,8.848
-2.986,8.207,10.061
-3.795,3.201,11.917
-7.582,0.033,10.613
-3.374,6.388,14.384
-5.407,5.886,15.889
-4.381,2.567,13.827
-1.809,0.543,11.303
-3.039,-0.419,10.781
-5.469,0.787,12.465
-3.699,2.388,11.776
-2.323,2.216,10.953
-2.644,-0.457,10.221
-3.448,-0.646,11.147
-3.019,1.158,10.956
-2.352,1.976,9.767
-0.952,1.208,8.764
-2.486,0.668,9.412
-2.101,0.079,10.721
-1.0,2.596,11.008
-0.517,1.56,11.499
-1.833,0.182,10.661
-1.342,1.055,12.157
-0.098,4.67,11.482
1.708,5.754,9.972
-0.517,0.849,9.726
-0.311,0.002,10.774
-2.089,1.266,11.996
0.758,4.089,11.762
1.031,6.312,9.388
0.919,5.103,7.771
1.572,2.184,7.405
1.627,3.771,5.268
3.098,7.754,5.084
1.916,6.151,2.194
0.5,2.165,2.318
0.857,5.491,4.421
1.644,7.86,6.764
-1.493,6.008,3.606
-1.491,4.68,3.342
-0.34,5.785,3.723
-1.39,6.96,4.642
-3.292,3.673,3.577
-3.773,4.187,0.964
-4.721,5.175,0.725
-5.28,6.718,0.61
-7.568,3.706,-0.098
-7.819,1.804,-0.701
-10.602,3.01,5.666
-14.549,-1.519,5.063
-16.186,-12.264,1.593
-14.925,-15.53,3.122
-12.279,-11.932,4.819
-21.277,-15.485,9.716
-16.073,-16.164,10.781
-12.188,1.617,9.307
-6.403,1.9,4.668
-15.313,9.549,-0.165
-19.811,23.73,3.563
-25.538,21.457,7.491
-37.726,17.38,8.888
-38.32,8.647,14.698
-29.771,1.44,9.865
-29.472,7.135,12.415
-32.618,3.249,12.8
-24.88,-9.365,9.836
-11.549,-7.608,2.407
-25.392,-2.285,8.996
-23.809,3.46,6.151
-16.011,-0.249,8.329
-9.484,6.448,12.372
-5.962,9.989,11.882
-10.884,8.711,15.226
-7.568,0.785,13.595
-13.855,7.261,19.332
-21.05,9.455,19.885
-23.71,10.413,14.458
-24.12,14.37,12.645
-33.058,10.561,7.584
-39.305,4.256,-2.359
-37.76,0.794,-9.798
-34.764,2.541,-4.945
-32.18,3.618,-0.435
-34.575,-4.488,-9.64
-30.929,-7.972,-15.296
-29.137,0.969,-12.884
-28.907,4.618,-13.02
-25.407,9.599,-15.047
-19.468,9.252,-14.468
-28.347,29.754,-4.811
-33.341,78.357,-1.005
-4.981,36.209,-19.476
-12.37,-27.919,-13.181
8.001,-0.615,-8.451
-2.543,26.785,-3.125
-1.388,28.579,0.041
4.756,17.932,0.89
3.151,16.04,7.19
0.163,12.748,13.599
-8.893,8.786,21.569
1.89,2.974,10.592
11.073,13.437,10.836
8.929,10.245,-0.933
-0.191,7.936,6.62
-0.854,9.202,2.816
2.218,6.541,2.259
-1.247,3.819,11.858
-7.216,2.89,13.004
-12.298,8.601,14.372
-12.884,13.262,17.43
-9.03,9.3,13.346
-0.677,5.869,11.099
-1.431,3.723,10.173
-7.805,5.149,14.609
-5.802,7.245,15.049
-4.316,5.862,14.597
-2.771,2.929,12.274
-2.591,3.443,11.551
-2.718,4.771,10.817
-1.826,4.177,10.724
-1.967,3.881,10.903
-3.649,2.259,11.341
-3.524,1.823,10.348
-3.493,2.83,10.8
-2.943,5.331,11.425
-2.089,6.331,9.812
-1.39,3.433,8.506
-2.134,3.35,8.247
-2.34,6.716,9.168
-1.847,10.771,7.376
1.034,9.534,6.106
0.751,3.692,4.867
-0.337,5.079,5.182
-1.89,10.326,5.907
-1.814,9.767,5.934
-0.725,5.797,4.601
-1.01,5.343,6.671
-3.122,6.781,7.36
-4.127,4.646,5.142
-3.232,2.933,2.428
-3.077,2.393,2.847
-3.125,0.976,0.914
-6.144,1.031,-5.611
-8.166,0.912,0.28
-8.309,-0.95,1.069
-7.501,-3.266,-3.888
-13.781,-5.455,1.373
-16.559,-7.888,4.094
-16.459,-10.724,4.41
-14.662,-12.238,4.335
-14.463,-6.161,7.967
-12.506,-14.336,6.871
-7.037,-5.977,10.767
-16.966,13.425,10.561
-15.133,9.216,2.943
-23.081,13.475,2.003
-20.777,12.188,13.317
-45.82,16.662,16.674
-37.398,1.586,14.2
-30.359,1.117,6.247
-23.89,-4.938,12.697
-28.165,-12.456,17.882
-20.268,-3.62,9.489
-21.294,-0.919,5.869
-19.992,0.794,4.52
-17.301,-0.352,11.209
-11.073,5.424,7.704
1.041,5.084,4.347
-3.909,-3.012,7.91
-11.197,1.258,9.8
-6.534,2.625,14.923
-12.173,6.529,19.875
-15.286,2.027,16.449
-21.887,7.771,17.205
-20.299,7.907,16.616
-21.682,4.189,11.35
-26.873,4.063,5.469
-27.168,0.311,-0.725
-26.491,-1.507,-3.051
-25.866,2.749,-4.749
-25.665,5.532,-8.197
-22.83,5.438,-9.499
-17.253,6.132,-8.36
-13.183,10.64,-4.201
-10.487,8.599,-3.438
-8.946,4.168,-2.328
-12.011,6.127,5.386
-13.528,11.439,1.172
-8.802,12.104,11.415
-7.013,12.934,18.093
-15.305,5.398,35.286
-16.942,35.618,18.095
-3.697,26.548,9.594
-1.888,20.057,9.41
9.987,12.164,5.747
-1.617,6.96,15.336
-11.91,2.792,29.146
3.689,-7.75,2.704
12.291,-7.439,5.402
4.036,1.136,10.575
2.732,1.431,7.089
4.182,2.519,6.584
6.749,1.634,6.946
10.678,-1.699,8.678
2.562,0.385,9.164
4.876,-1.632,10.444
6.01,-1.448,6.91
4.567,2.653,7.367
4.742,3.45,6.558
6.912,2.735,5.441
5.106,1.747,7.759
4.658,-0.507,7.733
5.371,-0.66,5.379
6.757,2.445,7.053
6.46,2.019,6.85
5.156,1.369,7.053
6.015,1.948,6.443
7.687,1.038,8.001
7.235,0.644,8.137
7.501,0.928,7.183
8.297,2.617,6.388
7.824,2.015,8.723
7.173,1.828,7.233
7.343,1.443,5.795
7.312,0.096,5.95
7.965,0.234,6.163
7.757,2.223,6.723
7.197,2.527,6.343
7.721,1.225,5.962
8.496,1.586,5.565
7.726,2.015,6.249
11.097,3.077,8.812
7.06,0.601,2.759
8.542,0.268,4.917
9.321,-0.388,4.95
7.63,1.534,6.147
8.096,1.459,5.639
8.381,2.072,5.627
8.154,2.409,5.912
8.36,1.249,6.046
8.259,0.998,5.496
8.065,1.34,5.355
7.915,2.16,5.632
7.84,0.883,5.728
7.75,0.627,6.474
7.489,0.455,6.63
7.587,0.924,6.135
6.986,1.761,6.039
5.725,2.4,7.065
5.481,2.565,6.285
4.945,0.589,6.517
4.804,0.419,6.486
4.783,0.988,6.694
4.809,2.151,7.625
4.515,3.022,8.661
4.596,2.646,8.632
5.199,1.921,8.817
4.06,1.567,9.697
3.414,1.522,11.204
3.988,0.61,11.566
4.453,0.469,10.649
4.756,0.486,9.857
3.89,0.627,10.113
3.462,0.378,11.116
4.07,1.34,10.582
4.201,0.909,8.534
3.584,-0.081,8.214
2.897,0.689,8.867
3.005,2.546,10.197
3.572,3.486,9.183
4.089,1.285,6.673
4.197,-0.445,6.357
3.237,0.175,7.642
4.247,2.294,8.221
5.453,2.986,7.704
4.833,1.828,7.01
4.199,-1.0,7.015
4.18,-1.06,7.917
4.189,0.23,8.62
4.022,1.227,8.934
4.084,2.091,8.738
3.708,1.081,7.486
3.29,1.175,7.422
2.67,2.199,8.439
2.07,2.952,9.123
2.29,4.039,10.023
2.527,3.366,10.671
2.302,1.945,10.542
2.436,0.828,10.487
2.663,0.77,10.312
2.579,1.074,10.367
2.216,1.029,10.573
2.115,0.242,10.312
2.22,-0.065,10.183
2.22,0.12,10.413
2.218,0.421,11.039
3.493,-1.029,9.362
4.62,-2.756,8.812
5.419,-2.381,8.204
6.709,-0.947,9.367
7.422,0.069,9.056
8.202,-1.699,9.444
8.226,-2.845,9.496
8.053,-2.548,10.824
7.47,-1.278,12.08
5.977,0.129,12.056
6.415,0.036,11.312
7.917,0.275,10.556
7.094,0.869,12.157
5.771,3.144,12.236
6.883,2.768,11.496
7.419,1.96,8.879
6.759,3.249,9.357
6.3,5.182,9.391
6.656,5.989,9.054
6.084,5.151,7.702
5.161,4.469,5.144
4.993,4.232,3.773
6.276,5.73,4.453
6.95,6.9,5.213
6.728,6.587,5.173
6.443,4.874,3.902
6.34,3.859,2.857
5.824,3.656,3.821
4.264,3.354,5.295
3.79,3.878,5.386
4.041,4.168,5.639
3.146,2.457,5.355
1.258,-0.01,5.457
-0.318,-0.493,6.668
0.971,2.952,6.154
1.73,3.943,4.563
0.622,1.754,5.331
-0.328,0.172,6.886
-0.237,0.565,8.039
-0.213,2.55,8.69
-0.428,4.06,8.003
-1.235,4.027,7.812
-2.041,3.374,8.967
-2.309,3.0,9.589
-2.149,2.842,10.874
-1.687,2.878,11.094
-1.251,3.127,10.609
-0.385,2.275,9.259
-0.026,2.053,9.424
0.28,2.067,8.74
0.316,0.842,9.685
-1.811,-0.328,10.903
-0.804,0.821,10.886
0.947,1.464,10.389
1.232,1.706,10.03
-0.014,0.591,8.549
1.739,1.067,6.654
1.235,1.943,9.164
1.821,1.041,10.578
1.134,-0.019,10.941
2.273,0.644,8.632
3.108,0.837,8.687
2.283,0.845,9.597
0.409,0.392,10.735
1.78,-0.026,9.936
3.787,0.479,8.343
0.519,-0.993,11.063
2.795,-1.201,9.716
1.373,-1.132,10.128
0.696,0.73,10.075
3.28,-0.404,9.262
3.275,-2.627,9.487
3.244,-3.723,9.02
2.644,-2.326,9.446
1.73,-1.165,9.539
2.053,-0.938,9.575
0.909,-1.206,10.09
1.55,-2.0,9.889
1.615,0.079,9.917
2.326,0.124,8.841
4.67,-0.926,8.36
3.132,0.555,10.111
1.904,-1.038,10.113
-4.752,0.813,11.812
8.46,-0.986,8.321
4.29,-0.397,8.522
5.436,-0.821,7.8
2.562,-1.904,9.805
-0.519,-4.51,10.642
3.974,-3.469,8.486
7.087,-1.34,7.477
-0.512,-0.543,-3.618
2.984,-0.67,6.434
4.252,0.591,8.561
4.615,-1.852,8.276
4.108,-2.146,9.3
4.871,-2.096,7.568
3.924,-0.067,8.563
3.077,1.084,7.647
3.512,1.797,7.742
4.154,1.282,7.647
4.536,0.694,7.711
5.333,1.376,8.211
3.345,1.704,8.735
5.264,2.216,9.216
4.62,0.634,8.63
4.96,1.928,8.116
5.18,3.235,8.12
4.902,2.84,8.068
5.166,1.467,8.436
4.209,0.603,8.616
4.323,-1.605,8.175
7.546,2.555,3.519
6.259,0.61,8.106
5.362,-1.67,8.293
6.161,-1.44,6.264
7.762,-2.713,5.661
6.551,-0.811,6.429
3.704,-2.098,6.936
7.762,-2.957,8.728
7.443,-2.761,6.563
7.723,-1.218,6.245
5.835,-1.019,8.613
9.068,-2.637,5.702
6.998,-1.337,6.757
7.269,-0.955,7.668
6.972,-1.479,7.666
7.362,-2.622,5.993
7.831,-2.058,5.754
6.948,-1.4,6.714
7.415,-1.481,6.836
7.312,-2.031,6.977
6.74,-1.871,6.395
7.183,-1.256,6.015
7.293,-0.658,6.85
6.237,-1.371,7.58
6.888,-0.574,6.795
6.836,-0.179,6.424
6.592,0.057,6.498
6.383,-0.45,7.029
6.888,-0.156,6.991
7.214,0.404,7.07
7.041,0.435,6.903
6.826,-0.321,6.883
6.9,-0.603,6.589
6.8,0.258,6.828
7.058,0.943,7.159
7.857,0.679,7.068
7.498,-0.074,6.623
6.912,-0.182,6.97
6.599,-0.122,6.855
7.099,0.49,6.639
7.051,0.723,6.149
7.13,0.699,5.893
7.168,0.184,6.431
7.52,-0.172,6.608
7.453,-0.232,6.752
7.118,0.079,6.666
7.245,0.414,6.556
7.032,0.684,5.721
6.962,0.199,6.216
7.606,0.153,6.692
7.769,0.514,7.089
7.477,0.404,6.742
6.843,0.266,6.077
7.209,0.567,5.946
7.635,0.517,6.41
7.592,0.388,6.546
7.06,-1.593,7.065
7.082,0.153,5.919
7.151,0.024,6.063
7.419,-0.065,6.627
7.116,-0.234,6.572
7.127,-0.249,6.582
7.187,-0.01,6.931
7.218,-0.242,6.759
7.104,-0.093,6.56
7.36,0.112,6.699
7.491,0.093,6.726
7.395,0.218,6.501
7.092,0.28,5.986
7.331,0.376,6.434
7.472,0.294,6.635
7.261,0.29,6.481
7.118,0.495,6.137
7.127,0.579,6.24
7.34,0.412,6.333
7.333,0.304,6.527
7.288,0.33,6.34
7.108,0.16,6.065
7.183,-0.031,6.417
7.254,-0.043,6.845
7.276,-0.103,6.79
7.443,-0.189,6.496
7.029,-0.093,6.223
7.199,0.115,6.606
7.276,0.06,6.642
7.345,-0.067,6.415
7.561,-0.067,6.285
7.494,0.041,6.448
7.472,0.129,6.623
7.276,0.067,6.379
7.015,-0.139,6.125
7.202,-0.275,6.331
7.218,-0.115,6.682
7.192,-0.045,6.716
7.324,-0.067,6.572
7.271,-0.045,6.202
7.427,0.033,6.419
7.496,-0.014,6.572
7.439,0.01,6.611
7.386,-0.146,6.419
7.202,-0.031,6.312
7.161,0.055,6.422
7.149,-0.033,6.434
7.269,-0.022,6.338
7.312,0.1,6.596
7.477,0.062,6.661
7.278,0.211,6.446
7.099,0.105,6.185
7.261,0.017,6.348
7.393,-0.017,6.826
7.369,-0.048,6.742
7.264,-0.1,6.553
7.307,-0.086,6.577
7.197,-0.038,6.429
7.266,-0.103,6.527
7.233,-0.172,6.537
7.345,-0.096,6.491
7.431,-0.029,6.477
7.422,0.043,6.448
7.228,0.096,6.307
7.285,0.132,6.297
7.257,-0.038,6.324
7.223,0.026,6.381
7.223,0.098,6.364
7.429,0.108,6.45
7.448,0.06,6.489
7.41,-0.002,6.46
7.297,-0.127,6.362
7.307,-0.136,6.572
7.422,0.007,6.479
7.508,-0.06,6.477
7.434,-0.012,6.345
7.453,0.005,6.352
7.427,0.007,6.415
7.331,0.01,6.429
7.25,0.187,5.917
7.242,0.16,6.005
7.369,-0.103,6.326
7.544,-0.187,6.706
7.484,-0.091,6.812
7.233,-0.053,6.312
7.206,-0.014,5.931
7.29,-0.055,6.075
7.465,-0.313,6.74
7.503,-0.383,6.879
7.395,-0.096,6.47
7.4,-0.053,6.249
7.446,-0.103,6.288
7.529,-0.055,6.436
7.374,-0.12,6.424
7.285,-0.146,6.12
7.259,0.045,5.958
7.527,0.057,6.297
7.506,-0.01,6.374
7.381,-0.029,6.17
7.47,-0.048,6.438
7.443,0.029,6.52
7.453,0.057,6.412
7.462,0.06,6.209
7.381,-0.081,6.233
7.517,-0.045,6.438
7.551,0.033,6.338
7.546,-0.031,6.182
7.453,-0.007,6.135
7.479,-0.045,6.292
7.587,0.479,6.063
7.161,3.192,8.998
6.785,-1.876,13.487
8.058,8.769,7.735
7.455,0.435,7.97
7.259,0.141,6.529
7.584,0.105,6.364
7.608,-0.019,6.216
7.479,0.045,6.029
7.386,-0.031,5.9
7.544,-0.024,6.161
7.671,-0.141,6.424
7.553,-0.132,6.249
7.695,0.053,5.953
8.02,0.055,6.254
8.096,-0.385,6.438
7.383,-0.483,7.022
6.541,0.196,6.596
6.958,1.483,8.798
6.663,-0.967,6.594
8.207,0.598,7.589
6.436,-0.828,6.989
6.132,-0.263,7.886
5.934,-1.067,7.094
4.187,-1.529,12.379
8.001,-1.175,7.439
7.606,-3.141,6.35
6.455,-1.902,6.962
6.632,-1.562,6.668
6.29,-1.225,6.228
6.745,-1.512,6.903
7.594,-2.283,6.484
7.735,-0.11,7.161
7.362,-2.129,5.917
6.625,-2.438,6.687
7.089,-0.799,6.764
7.161,-1.517,6.778
6.9,-0.644,6.355
6.269,-0.651,6.508
6.943,-1.089,6.931
6.984,-1.373,6.998
7.513,-1.031,6.709
7.113,-0.976,6.821
7.175,-1.079,6.934
6.836,-1.215,6.778
7.139,-0.39,6.84
6.881,-0.732,6.783
6.948,-0.804,6.429
6.721,-0.38,6.388
6.733,-0.089,6.436
6.702,-0.029,6.967
7.211,-0.057,7.118
6.804,-0.333,7.216
6.958,-0.256,7.017
6.991,-0.189,6.979
6.778,-0.172,6.972
6.828,-0.687,6.96
6.862,-0.026,7.19
6.685,-0.189,7.175
6.694,-0.457,6.548
6.898,0.067,6.843
6.453,-0.27,7.096
6.802,-0.223,7.096
6.874,0.141,7.094
6.649,-0.718,7.18
6.929,-0.323,6.96
6.644,-0.763,7.022
6.651,-0.404,6.757
6.697,-0.268,7.101
7.436,0.151,8.573
6.766,-0.129,7.254
7.163,-0.179,7.357
6.462,-0.395,7.379
6.606,0.225,7.405
5.651,1.165,7.45
6.91,-0.95,6.977
6.991,-0.507,7.541
7.046,-0.732,7.154
6.828,-0.28,6.886
6.556,-0.378,6.766
6.56,-0.053,6.453
6.874,-0.268,6.625
6.862,-1.079,6.845
7.202,-0.373,6.761
6.481,-0.715,6.876
6.678,-0.029,7.087
6.816,-0.28,7.142
7.01,-0.481,7.309
7.053,-0.512,7.163
6.85,-0.246,6.898
6.589,-0.112,6.671
6.826,-0.084,7.08
6.958,0.026,7.041
6.965,-0.519,6.836
6.635,-0.191,7.058
6.594,-0.266,6.862
6.852,-0.158,7.072
6.929,0.129,7.223
6.804,-0.232,7.135
6.606,-0.261,6.986
6.742,-0.203,7.049
6.589,-0.39,7.159
6.568,-0.455,7.065
6.682,-0.479,7.077
6.759,-0.237,7.254
6.785,-0.33,7.058
6.694,-0.4,7.077
6.955,0.144,7.283
6.886,-0.45,7.319
6.788,-0.179,6.972
6.821,-0.031,6.795
6.891,-0.258,6.709
6.891,0.05,6.857
6.714,-0.29,6.871
6.979,-1.017,6.592
7.372,-0.89,6.972
6.391,0.115,6.917
7.02,0.199,6.843
6.486,-0.177,6.812
6.45,-0.294,6.833
6.95,-0.139,6.996
6.769,-0.869,6.895
7.367,-0.323,6.972
7.379,-0.342,6.895
12.3,1.323,7.405
6.491,-2.091,7.046
6.496,-2.558,6.692
6.426,-0.627,8.628
6.936,2.019,7.656
6.092,0.299,8.321
7.824,-3.125,5.338
4.984,-1.153,8.738
6.697,-2.543,7.261
8.018,-1.957,6.419
6.623,-0.907,6.958
6.615,-1.945,7.087
6.283,-1.952,7.118
6.73,-1.526,7.07
6.24,-2.137,7.015
7.333,-0.694,7.041
6.415,-1.136,6.881
6.938,-0.983,6.802
6.491,-1.591,7.104
6.644,-1.598,6.895
6.804,-0.804,6.955
6.97,-0.797,6.687
6.871,-0.617,6.977
6.809,-1.302,7.264
6.63,-1.45,7.07
6.678,-1.117,6.938
6.821,-0.969,6.95
6.845,-1.034,7.137
6.728,-1.136,7.003
6.735,-1.132,7.113
6.546,-1.481,7.175
6.917,-1.323,7.022
6.711,-1.258,6.714
6.769,-1.345,7.032
4.84,-1.376,5.864
7.039,-0.78,6.982
5.496,-2.835,6.259
7.156,0.636,6.522
6.601,-2.137,7.522
8.018,-2.725,6.35
8.147,-2.017,6.304
6.06,-1.486,7.271
7.23,-1.534,7.029
6.51,-1.323,7.077
6.46,-1.653,6.759
6.182,-2.043,6.84
6.766,-1.531,6.541
7.206,-0.634,6.871
6.893,-1.419,7.015
7.058,-1.196,5.981
7.376,-1.768,6.364
7.116,-1.962,6.682
7.046,-1.593,6.685
6.62,-1.196,6.62
6.587,-1.079,6.733
6.661,-0.888,6.828
6.745,-1.163,6.9
6.991,-1.103,6.962
7.113,-1.459,6.687
6.919,-0.569,6.881
6.919,-0.62,6.864
6.864,-1.17,6.972
6.747,-1.05,7.063
6.895,-0.641,7.173
6.795,-0.842,6.994
6.807,-1.005,6.903
6.795,-0.902,6.843
11.571,0.211,4.694
6.455,-1.744,6.419
6.374,-0.498,7.697
6.62,-1.529,7.73
5.876,-1.737,6.943
7.967,0.971,7.623
6.946,0.218,7.63
6.422,-1.773,7.427
7.022,-0.742,7.077
6.96,-0.742,6.697
6.685,-1.148,6.537
7.151,-0.924,6.436
6.979,-1.431,6.477
7.027,-1.297,6.515
7.675,-1.503,6.269
6.637,-0.715,6.553
7.173,-0.435,6.52
7.07,-1.22,6.572
6.972,-1.316,6.582
6.965,-1.084,6.62
6.869,-1.091,6.826
7.029,-1.177,7.01
6.867,-0.964,6.986
6.972,-0.66,7.07
7.206,-0.892,6.754
7.013,-0.648,6.898
6.919,-0.928,6.912
6.86,-0.888,6.644
6.79,-1.115,6.723
6.785,-0.859,6.845
6.946,-1.081,6.635
6.927,-0.617,6.797
6.965,-0.897,6.544
6.891,-0.995,6.656
6.867,-1.081,6.924
6.833,-0.646,6.824
7.051,-1.273,6.814
6.934,-0.931,6.996
7.044,-0.62,6.704
6.809,-1.053,6.946
6.726,-0.534,7.116
6.826,-2.39,8.62
8.345,-0.337,6.06
8.18,-1.95,6.348
3.18,-2.57,6.668
6.68,-0.536,5.993
8.977,-3.06,10.654
8.235,3.405,9.967
5.898,-2.515,8.082
7.541,-1.45,7.369
6.249,-3.153,7.474
6.29,-1.72,7.809
6.608,1.696,7.587
7.314,0.117,7.163
6.733,-1.964,6.709
7.01,-1.699,6.537
6.776,-1.359,6.802
6.551,-1.443,6.568
6.635,-1.292,6.453
6.776,-1.103,6.281
6.852,-1.218,6.608
7.005,-1.237,6.635
7.015,-1.079,6.544
6.883,-0.531,6.931
7.072,-0.596,7.099
6.888,-1.428,7.082
6.749,-1.924,7.015
6.793,-0.522,7.101
6.857,-0.725,7.194
6.759,-1.129,7.005
6.802,-0.871,6.984
6.888,-1.558,7.02
6.709,-1.361,6.673
6.891,-0.529,6.546
9.692,-1.369,12.867
5.256,-3.077,7.448
7.381,-0.658,7.63
6.247,-1.378,8.032
6.407,0.679,6.168
7.814,-0.459,6.563
6.479,0.086,8.226
6.97,-0.251,8.039
6.809,-0.359,7.297
6.642,-0.723,6.898
6.848,-0.794,6.831
6.893,-1.239,6.783
6.711,-1.01,6.917
6.927,-1.031,6.668
6.766,-1.486,6.661
6.876,-1.34,6.56
6.996,-0.998,6.527
6.922,-1.113,6.69
7.108,-1.244,6.833
7.001,-1.524,7.001
6.668,-0.751,6.833
7.173,-0.368,6.783
6.804,-0.177,7.144
6.642,-0.617,7.187
6.642,-0.988,7.183
6.709,-1.048,6.62
6.788,-1.029,6.929
6.804,-0.4,7.046
6.977,-0.423,6.747
6.905,-1.261,6.374
6.819,-1.57,6.47
6.848,-0.847,6.63
7.12,-0.534,6.202
6.883,-1.727,6.785
7.065,-1.648,6.604
7.123,-1.007,6.618
7.132,-0.797,6.864
7.137,-0.943,6.972
7.108,-1.258,6.615
6.927,-1.125,6.864
6.888,-1.397,6.996
6.886,-1.06,6.97
6.893,-0.938,7.159
6.857,-0.947,6.86
6.95,-1.239,6.761
6.903,-0.806,6.594
7.001,-0.902,6.773
6.848,-1.05,6.934
6.936,-1.294,6.821
6.845,-1.012,6.807
7.003,-0.833,6.651
7.001,-0.744,6.977
7.001,-0.72,6.874
6.895,-0.935,6.931
6.733,-1.302,6.647
6.711,-0.653,6.785
6.666,-0.182,5.9
6.47,-2.649,5.524
6.893,-1.079,7.398
7.331,-0.577,7.017
6.797,-0.069,6.45
6.752,-1.943,6.723
7.082,-0.263,6.996
6.934,-0.11,7.056
7.027,-0.455,7.056
8.652,2.617,-14.195
6.675,-2.352,3.61
7.793,-0.782,7.238
7.281,-1.086,6.958
6.367,0.313,6.544
6.005,-1.206,7.161
7.379,-0.44,7.312
6.517,0.005,7.252
6.819,-0.28,7.118
7.309,-2.598,7.692
7.716,-1.388,8.173
6.541,0.354,6.381
6.833,-0.768,7.06
7.252,-1.206,6.618
6.613,-0.732,7.36
6.989,-0.397,7.049
4.316,0.239,-1.232
5.785,-2.735,4.075
7.285,-0.869,8.118
7.027,-0.553,6.108
6.8,-0.512,7.333
7.369,-1.926,6.601
6.74,-0.438,7.084
7.118,-0.033,6.977
8.912,-1.297,4.443
6.644,-1.457,6.156
7.443,-0.981,7.405
7.247,0.069,6.434
5.802,-0.837,7.223
7.051,-1.314,7.046
6.625,-0.383,7.482
6.833,-0.407,7.326
7.058,-3.036,6.855
7.637,-0.931,7.864
7.144,-1.388,6.852
6.075,-0.505,7.3
7.06,-1.096,6.548
6.706,-0.39,7.204
6.843,-0.167,7.163
7.087,-0.328,6.656
6.716,-1.395,16.923
6.754,-1.364,8.029
7.113,-0.421,7.489
6.874,0.95,6.532
6.154,-1.199,7.211
7.104,-1.014,6.747
6.632,0.16,7.733
6.826,-0.223,7.412
10.216,-1.402,8.862
5.532,-2.144,6.601
6.592,-0.282,8.089
7.063,-0.675,8.527
4.666,1.306,5.845
7.383,-0.845,7.24
6.587,-1.184,7.649
6.508,0.234,7.728
7.106,0.055,7.257
5.192,-3.938,4.852
6.556,-1.144,7.668
6.635,-0.479,8.187
8.065,-0.194,6.048
5.357,-1.041,7.96
6.625,-1.096,6.568
6.936,-0.086,7.412
6.776,-0.055,7.343
9.499,-1.268,8.984
6.391,-1.794,5.881
6.68,-0.811,7.582
6.998,-0.969,8.065
5.632,0.316,6.113
6.938,-0.629,7.132
6.584,-0.656,7.685
6.63,0.096,7.575
7.044,-0.433,7.247
5.948,-2.952,9.628
7.446,-1.256,7.762
5.709,-1.168,8.192
6.903,-0.093,6.967
6.338,-0.311,7.171
6.895,-1.51,6.572
6.548,-0.122,7.941
6.044,1.194,-0.249
5.675,-3.831,4.931
6.86,-1.414,7.781
6.474,-1.129,8.632
7.154,-0.033,6.498
6.132,0.213,7.735
6.927,-1.172,6.682
6.575,-0.359,7.845
7.159,-0.038,7.273
6.998,0.196,17.935
6.381,-2.402,7.252
6.637,-1.034,7.876
7.235,-0.677,7.276
5.486,0.644,7.395
6.606,-0.794,6.91
6.879,-1.316,7.242
6.486,-0.297,7.434
6.989,-0.17,7.324
6.943,-1.072,6.862
6.893,-1.589,6.4
6.869,-1.261,6.596
6.814,-1.012,7.025
6.828,-0.885,6.891
6.855,-0.89,6.749
6.955,-0.708,6.687
7.029,-0.323,6.816
6.994,-0.234,7.135
7.065,-1.041,6.819
7.003,-1.069,6.556
6.881,-0.696,6.974
6.783,-0.536,7.008
6.694,-0.402,6.632
6.931,-0.481,6.644
7.02,-0.55,6.704
7.144,-0.225,6.575
6.355,-2.902,14.827
8.001,-1.931,5.699
6.618,-0.945,6.718
7.517,-1.014,6.855
6.855,-1.031,6.977
6.649,-0.079,7.029
