6.704,0.347,7.027
7.348,0.49,7.472
6.9,-1.325,7.45
6.759,-0.892,7.333
6.716,-0.29,6.891
6.788,-0.534,6.656
6.599,-0.842,6.831
6.711,-0.861,6.644
6.785,-1.081,6.434
6.778,-0.62,6.79
7.056,-0.543,6.606
6.797,-1.414,6.709
6.35,-1.782,6.855
6.819,-2.144,6.776
6.773,-2.125,6.915
6.034,-0.086,7.398
6.12,-0.639,7.666
6.046,-1.187,7.111
5.946,-0.804,7.649
8.175,-1.732,6.953
6.369,-1.797,6.97
5.879,-0.203,7.781
6.103,-1.187,7.8
6.706,0.1,7.943
6.599,-0.167,7.261
5.761,-1.653,6.515
7.417,-1.462,7.47
5.02,-1.859,7.843
5.934,-1.005,8.563
8.369,-0.56,6.139
8.434,-0.005,5.316
7.886,0.653,5.666
6.132,-1.122,6.656
6.108,-2.35,6.517
8.211,-1.586,5.792
8.161,-1.189,4.407
8.106,-1.232,4.221
8.726,-1.919,4.785
9.216,-1.491,5.108
8.58,-1.098,5.314
8.099,-1.148,4.809
7.565,-1.024,6.582
7.4,-0.77,6.594
7.417,0.184,6.058
7.479,-0.553,6.534
7.051,-1.014,6.357
6.678,-1.979,6.419
6.417,-1.373,6.79
7.58,-0.06,6.388
7.328,-0.471,6.754
7.084,-1.014,6.606
5.826,-1.814,6.788
7.642,-0.847,5.847
7.616,-1.498,6.221
7.489,-0.904,6.627
6.931,-1.208,6.843
6.572,-1.586,6.47
5.288,-1.904,6.618
7.601,-1.266,6.989
7.656,-1.581,6.826
6.874,-1.337,6.175
7.312,-1.287,5.754
8.015,-1.136,6.072
7.912,-1.23,5.902
7.845,-1.964,5.613
7.927,-1.263,5.797
8.341,-1.306,5.886
7.819,-1.402,5.891
6.635,-1.471,6.127
6.424,-1.617,6.979
6.281,-1.402,6.699
6.838,-0.959,6.314
3.577,-1.89,7.053
7.063,-1.646,6.525
6.446,-1.766,6.415
9.101,-0.969,6.647
6.151,-1.756,7.453
6.139,-1.268,7.049
7.037,-0.258,6.618
7.041,-0.897,7.395
6.529,-1.373,7.3
6.51,-0.536,7.183
6.644,-0.464,7.034
6.527,-1.005,6.996
6.556,-0.737,7.206
6.828,-0.51,6.955
7.077,-1.397,6.742
6.996,-0.837,6.663
6.812,-0.696,7.072
6.623,-0.682,6.991
6.848,-0.845,6.907
6.879,-1.225,6.589
7.013,-1.325,6.539
7.096,-1.108,6.596
7.087,-0.904,6.484
7.187,-0.792,6.479
7.125,-1.203,6.572
6.919,-1.034,6.481
6.903,-1.043,6.735
6.922,-0.885,6.903
6.934,-1.017,7.049
6.996,-1.062,7.118
6.809,-0.543,7.017
6.704,-0.672,6.996
6.759,-0.758,7.046
6.625,-1.347,7.199
6.73,-1.27,6.922
6.883,-1.026,6.663
6.824,-0.864,6.747
6.929,-0.976,7.01
6.929,-1.151,6.998
6.893,-0.935,6.594
6.864,-0.751,6.594
6.594,-1.223,7.025
7.254,-1.893,5.508
7.907,-1.62,6.958
5.974,-1.034,7.199
6.702,-1.12,7.216
7.044,-1.014,7.199
6.455,0.735,7.654
8.216,-0.139,6.666
5.989,-1.046,7.412
7.029,-0.892,7.07
6.931,-0.991,6.558
6.517,-0.792,6.802
6.864,-0.546,6.898
7.015,-0.608,6.826
6.855,-0.835,6.584
6.816,-1.029,6.721
6.848,-0.598,6.697
6.871,-0.806,6.771
6.936,-1.048,6.582
6.874,-0.991,6.41
6.941,-1.086,7.137
7.008,-0.813,7.034
6.984,-0.409,6.699
6.893,-0.742,6.544
7.017,-0.656,6.836
6.996,-0.849,7.173
6.938,-0.976,6.84
6.95,-0.775,6.484
6.833,-0.718,6.814
6.982,-0.699,7.367
6.943,-0.656,7.049
6.922,-0.746,6.733
6.821,-0.785,7.089
6.883,-0.857,7.025
6.869,-1.187,6.74
6.716,-0.778,6.769
6.891,-0.852,6.759
6.927,-0.79,6.69
7.01,-0.974,6.673
6.972,-1.184,6.659
6.958,-1.002,6.462
6.927,-0.459,6.804
7.08,-0.584,6.525
7.058,-0.916,6.367
7.075,-0.694,6.678
7.051,-0.349,6.525
6.905,-0.49,6.924
6.864,-0.617,6.962
6.793,-0.476,6.632
6.675,-0.311,6.757
6.895,-0.675,6.883
6.915,-1.242,6.907
6.793,-1.089,6.934
3.074,2.165,-6.833
7.795,-1.158,4.498
7.321,-1.007,7.692
7.527,-1.134,7.776
6.498,-0.773,6.18
5.594,-1.024,8.094
7.4,0.385,7.264
6.644,-0.601,7.573
6.642,-1.153,7.302
6.965,-1.464,6.776
6.706,-1.117,6.699
6.807,-0.756,6.888
6.824,-0.687,6.797
6.862,-0.933,6.611
6.8,-0.869,6.594
6.903,-0.522,6.931
6.946,-0.603,6.752
6.862,-0.634,6.788
6.809,-0.627,6.733
6.69,-0.694,7.111
6.785,-0.679,7.101
6.747,-0.687,6.893
6.807,-0.526,7.156
6.848,-0.648,7.194
6.788,-0.577,7.302
6.747,-0.677,7.099
6.699,-0.534,6.883
6.678,-0.278,6.716
7.099,-0.598,7.527
6.252,-1.074,7.12
6.644,-0.933,7.187
6.333,-0.321,7.436
6.637,-0.167,7.156
6.771,-0.474,6.965
6.491,-0.151,7.144
6.434,-0.964,7.228
6.355,-1.196,7.4
7.154,-0.457,6.761
5.553,-0.66,10.298
6.225,-1.345,6.979
6.613,-1.28,8.142
6.819,-0.639,7.745
5.721,-0.383,7.479
4.953,1.117,7.283
7.625,-0.304,7.491
6.848,-1.16,7.685
7.032,-0.938,7.45
6.625,-0.318,7.379
5.508,-1.101,7.185
5.74,-0.182,7.307
8.116,-0.031,7.063
6.113,-1.625,7.261
5.912,-2.452,6.69
6.362,-0.507,8.427
7.211,-0.055,6.472
7.273,-2.012,6.714
6.924,-1.364,7.498
6.182,-0.371,7.551
5.974,-0.878,7.422
6.783,-0.711,11.023
6.833,-1.117,6.8
6.426,-0.706,7.788
4.314,0.108,7.482
6.675,-0.249,7.637
7.852,-0.928,7.166
5.747,-0.514,7.45
4.867,-0.28,7.661
5.051,0.378,6.958
7.391,-0.785,7.381
6.862,-1.443,7.663
6.831,0.311,6.637
6.706,0.309,6.18
6.9,-0.191,7.252
7.4,-1.029,7.936
8.008,-0.093,5.591
8.238,-0.624,5.285
8.032,-1.223,5.596
8.52,-0.969,6.041
6.795,-1.213,6.824
5.73,-0.584,7.381
6.115,-0.031,6.47
4.11,0.1,9.956
6.96,0.495,7.8
7.242,-0.632,7.271
6.769,-0.196,7.503
6.783,-0.22,7.333
6.515,-0.105,7.096
6.85,-0.579,6.903
6.635,-0.567,6.893
6.604,-0.897,6.974
6.604,-0.914,6.84
6.415,-0.675,6.972
6.292,-0.857,6.941
6.46,-1.108,6.972
6.948,-1.184,7.089
6.742,-1.086,7.247
6.537,-1.053,7.032
6.429,-0.479,7.302
6.642,-0.553,7.319
6.809,-0.701,7.113
6.785,-0.981,7.139
6.467,-0.768,7.07
6.687,-0.234,7.142
6.618,-0.316,7.29
6.649,-0.474,7.223
6.692,-0.601,7.283
6.651,-0.546,7.235
6.493,-0.352,7.147
6.214,-0.871,7.328
6.678,-0.665,7.446
6.575,-0.837,7.163
6.371,-0.72,7.075
6.51,-0.505,7.127
6.687,-0.593,7.142
6.556,-0.581,6.984
6.534,-0.653,7.171
6.513,-0.744,7.269
6.453,-0.684,7.393
6.481,-0.543,7.412
6.527,-0.459,7.264
6.47,-0.495,7.429
6.455,-0.395,7.415
6.539,-0.519,7.238
6.513,-0.55,7.47
6.563,-0.634,7.321
6.45,-0.474,7.218
6.333,-0.347,7.285
6.498,-0.4,7.238
6.503,-0.627,7.228
6.424,-0.708,7.419
6.443,-0.763,7.35
6.314,-0.613,7.336
6.34,-0.687,7.283
6.367,-0.603,7.391
6.582,-0.5,7.24
6.407,-0.577,7.355
6.34,-0.708,7.314
6.328,-0.66,7.422
6.3,-0.833,7.484
6.388,-0.763,7.513
6.505,-0.569,7.407
6.331,-0.431,7.58
6.532,-0.486,7.443
6.446,-0.459,7.376
6.4,-0.524,7.333
6.474,-0.51,7.204
6.331,-0.601,7.202
6.328,-0.675,7.395
6.417,-0.701,7.3
6.328,-0.682,7.3
6.412,-0.732,7.29
6.462,-0.785,7.446
6.484,-0.744,7.513
6.556,-0.713,7.429
6.417,-0.883,7.206
6.388,-0.742,7.187
6.391,-0.761,7.271
6.558,-0.904,7.367
6.395,-0.864,7.113
6.3,-0.648,6.965
6.458,-0.668,7.204
6.733,-0.562,7.228
6.682,-0.438,7.068
6.551,-0.481,6.903
6.537,-0.569,6.936
6.498,-0.433,7.106
6.627,-0.586,7.056
6.544,-0.471,7.156
6.517,-0.62,7.281
6.381,-1.357,7.458
6.855,4.945,5.223
6.419,6.154,12.853
6.974,6.02,2.062
6.613,3.524,7.242
6.608,0.074,6.649
6.395,-0.675,7.235
6.659,-0.677,7.324
6.51,-0.61,7.257
6.675,-0.589,7.297
6.627,-0.624,7.374
6.517,-0.706,7.383
6.52,-0.892,7.326
6.465,-0.83,7.254
6.481,-0.727,7.352
6.465,-0.641,7.328
6.515,-0.555,7.309
6.455,-0.713,7.264
6.505,-0.502,7.233
6.429,-0.658,7.094
6.379,-0.785,7.197
6.465,-0.782,7.247
6.565,-0.732,7.259
6.551,-0.696,7.34
6.63,-0.605,7.386
6.577,-0.627,7.355
6.618,-0.565,7.285
6.477,-0.696,7.307
6.4,-0.825,7.214
6.407,-0.694,7.161
6.443,-0.51,7.288
6.419,-0.567,7.333
6.563,-0.641,7.412
6.484,-0.629,7.317
6.415,-0.639,7.417
6.424,-0.651,7.314
6.403,-0.72,7.302
6.364,-0.713,7.199
6.412,-0.562,7.252
6.393,-0.627,7.345
6.558,-0.67,7.245
6.295,-0.61,7.214
6.462,-0.651,7.242
6.52,-0.746,7.199
6.548,-0.823,7.116
6.491,-0.677,6.96
6.486,-0.624,7.309
6.62,-0.919,7.441
6.989,4.811,5.087
6.166,1.093,13.209
6.862,9.726,7.235
6.958,3.838,6.735
6.544,-0.428,6.809
6.343,-1.019,7.072
6.398,-0.924,7.266
6.623,-0.945,7.494
6.534,-0.907,7.403
6.467,-0.857,7.19
6.386,-0.967,7.202
6.565,-0.902,7.436
6.525,-0.797,7.261
6.501,-0.727,6.91
6.391,-0.644,7.041
6.529,-0.732,7.331
6.548,-0.878,7.317
6.532,-0.656,7.187
6.575,-0.524,7.092
6.467,-0.668,7.328
6.548,-0.746,7.218
6.443,-0.907,7.156
6.453,-0.756,7.194
6.584,-0.691,7.283
6.446,-0.665,7.281
6.465,-0.624,7.302
6.448,-0.816,7.319
6.498,-0.864,7.305
6.4,-0.861,7.355
6.331,-0.828,7.324
6.4,-0.763,7.393
6.558,-0.672,7.36
6.568,-0.565,7.403
6.434,-0.593,7.352
6.407,-0.725,7.312
6.424,-0.847,7.259
6.391,-0.825,7.192
6.405,-0.823,7.197
6.455,-0.782,7.065
6.477,-0.694,7.185
6.534,-0.66,7.104
6.422,-0.703,7.252
6.486,-0.682,7.216
6.474,-0.78,7.383
6.424,-0.869,7.293
6.417,-0.775,7.355
6.537,-0.718,7.259
6.546,-0.555,7.439
6.56,-0.572,7.434
6.426,-0.632,7.352
6.465,-0.775,7.379
6.319,-0.78,7.226
6.316,-0.749,7.139
6.412,-0.754,7.424
6.355,-0.758,7.302
6.127,-4.61,7.264
6.319,3.565,12.441
6.814,8.963,9.836
6.503,-4.969,0.223
6.175,-1.378,14.824
6.757,2.701,-0.263
6.092,-6.434,13.714
6.352,6.17,6.723
6.163,-2.34,8.666
6.242,-1.022,7.326
6.285,-0.725,7.482
6.309,-0.768,7.422
6.125,-0.739,7.261
6.264,-0.66,7.376
6.386,-0.62,7.611
6.541,-0.995,7.623
6.307,-0.9,7.532
6.192,-1.084,7.628
6.194,-0.988,7.63
6.525,-1.79,7.486
7.939,-0.591,7.312
6.623,-0.043,7.223
6.216,0.392,7.242
8.171,-1.962,6.103
7.829,-1.11,6.137
5.907,-0.596,7.24
6.685,-0.754,6.718
7.412,-0.754,6.505
6.874,-0.61,7.149
6.568,-0.624,7.259
6.73,-0.933,6.938
6.828,-0.739,6.675
6.833,-0.577,6.682
6.876,-0.471,6.871
6.8,-0.701,6.891
6.733,-0.479,6.852
6.826,-0.373,6.934
6.886,-0.646,7.039
6.821,-0.787,6.996
6.702,-0.557,6.867
6.809,-0.311,6.907
6.943,-0.744,6.898
6.883,-1.129,6.718
6.843,-0.83,6.773
6.984,-0.517,6.824
6.955,-0.663,6.998
6.874,-0.969,6.819
6.769,-1.002,6.618
6.797,-0.634,6.845
6.95,-0.538,6.761
6.974,-0.735,6.613
6.797,-0.813,6.769
6.733,-0.804,6.938
6.85,-1.007,6.883
6.857,-0.959,6.85
6.977,-0.823,6.821
6.996,-0.95,7.127
6.86,-1.244,6.941
6.766,-1.055,6.989
6.663,-0.849,7.022
6.611,-0.639,7.132
6.661,-0.806,6.903
6.704,-0.751,6.761
6.62,-0.756,6.766
6.575,-0.746,6.84
6.582,-1.055,6.68
6.623,-1.05,6.848
6.836,-0.955,7.022
6.838,-0.754,6.994
6.57,-0.835,7.312
6.63,-1.407,7.407
6.826,-1.608,7.24
6.637,-1.888,7.328
6.321,-2.692,7.57
6.548,-2.163,7.36
6.407,-1.723,7.273
5.764,-1.565,7.305
5.541,-1.0,7.317
5.754,0.5,7.336
5.223,1.687,7.996
3.842,2.572,8.68
7.888,2.156,8.747
8.786,2.297,7.139
4.364,2.158,7.948
1.672,2.998,8.154
5.62,4.407,7.501
9.298,3.941,6.843
5.936,1.443,7.506
1.96,-0.098,8.154
5.156,0.675,8.18
9.398,2.479,7.259
6.113,1.816,7.513
2.149,0.821,8.264
5.134,1.928,7.771
9.013,2.144,6.864
6.46,0.27,7.51
3.893,-0.156,8.381
5.596,0.821,8.209
7.149,1.392,7.439
5.302,1.955,8.12
4.405,1.73,8.814
5.603,0.345,8.135
5.867,-0.01,7.51
4.914,0.766,8.422
5.388,1.247,8.506
6.254,0.849,7.955
5.869,0.9,8.08
5.826,1.273,7.773
5.613,1.239,7.314
5.374,1.804,7.41
5.252,1.909,7.293
5.359,1.751,6.919
5.343,1.347,6.565
5.697,0.892,6.769
5.675,0.624,6.855
4.381,0.479,6.764
2.976,0.246,7.163
2.56,1.031,6.994
3.816,1.684,7.503
7.08,1.933,8.195
7.285,1.117,8.652
1.452,-0.005,8.197
-1.347,0.474,7.125
1.739,3.06,7.259
3.854,4.634,7.972
2.271,5.73,7.575
-1.096,6.491,8.175
-1.562,6.448,8.85
0.359,3.421,7.754
1.108,0.476,6.9
0.928,0.505,7.989
2.079,0.725,7.941
2.527,0.249,8.319
2.519,-2.263,8.132
4.553,-2.795,8.106
6.013,-1.933,8.192
5.309,-1.534,8.618
5.465,0.213,9.606
7.683,-6.503,10.011
7.982,-3.151,9.24
7.013,0.39,9.018
8.302,3.785,10.989
7.357,-1.366,14.427
5.685,-8.86,14.504
3.993,-0.476,12.774
4.142,4.795,10.472
6.259,-0.768,5.032
4.316,-2.285,4.252
1.677,1.263,7.403
2.675,0.292,8.35
4.455,-1.347,5.503
3.826,-0.153,12.245
5.91,-1.964,14.099
10.836,-2.627,9.03
13.796,-3.122,6.9
7.625,0.869,6.613
4.51,-0.409,7.245
4.488,-4.919,8.862
2.768,-4.302,10.735
1.55,1.249,11.348
2.943,5.309,10.051
5.446,2.242,8.092
5.658,-3.665,6.63
5.867,-4.666,7.4
6.735,-0.402,7.297
7.453,1.412,6.917
6.649,-0.708,7.063
5.522,-2.419,8.293
5.412,-1.45,8.943
6.474,-0.304,7.381
6.996,-0.541,5.448
7.73,-1.601,5.996
7.716,-1.574,7.127
6.637,-0.806,7.972
6.45,0.0,6.412
7.07,0.014,5.462
7.47,-0.95,6.513
7.113,-1.251,7.147
6.819,-0.254,7.281
6.855,0.689,6.084
7.089,0.651,5.431
7.836,-0.981,7.101
8.321,-1.311,7.089
7.47,0.134,5.862
6.857,0.455,5.577
7.582,-0.234,6.893
8.094,-0.718,7.635
7.383,0.763,6.962
7.283,1.285,5.283
7.513,0.534,5.625
8.238,-0.761,6.52
7.793,0.452,6.422
7.395,1.28,5.613
6.989,1.014,4.962
7.867,1.529,5.367
7.943,0.601,6.462
6.623,0.849,8.589
6.376,1.67,6.45
6.032,2.338,5.005
6.982,2.57,3.472
7.874,2.314,2.763
6.391,0.249,6.953
3.742,0.007,8.338
1.651,2.18,8.077
1.969,3.828,6.771
3.512,4.091,5.544
3.974,1.907,5.441
2.859,-0.263,5.379
2.675,2.302,5.838
3.835,5.008,6.271
4.063,5.137,6.848
3.852,3.708,8.281
4.955,2.988,8.094
5.78,2.603,8.429
6.324,2.184,9.02
5.867,0.581,7.635
5.644,-2.084,6.73
6.292,-1.22,7.072
4.658,1.115,7.927
6.498,-1.151,9.625
5.166,-2.522,9.822
4.754,-2.558,11.69
4.666,-3.268,11.676
2.01,4.091,19.935
7.939,-1.62,9.087
6.211,0.053,11.628
4.381,-0.091,11.908
6.099,-2.263,12.592
4.838,-3.474,12.36
5.307,0.373,11.176
3.546,-0.335,11.709
4.493,-1.041,11.161
5.326,-0.309,10.812
5.278,0.041,10.128
4.735,-0.955,9.826
4.728,0.684,8.922
3.967,-1.268,8.855
5.022,-1.081,8.735
4.895,-1.019,9.915
4.766,1.431,9.238
3.713,-2.452,8.367
3.881,-4.359,7.762
3.993,-3.572,9.123
4.646,-0.833,10.214
4.989,1.342,9.448
5.438,-0.244,9.228
5.462,-3.551,9.183
6.005,-2.895,10.293
6.403,0.825,11.69
6.625,2.684,12.427
7.005,1.95,11.061
7.443,0.342,9.874
7.307,-1.397,7.833
7.383,-0.761,10.379
8.118,3.637,10.661
7.266,2.718,10.422
6.819,1.481,8.192
6.991,0.967,5.29
6.357,1.148,4.95
4.544,1.17,4.125
3.22,1.261,3.615
2.247,1.859,2.515
1.804,2.263,1.201
1.282,1.285,-0.407
1.562,0.825,-3.783
0.242,-4.991,1.859
-0.371,-9.647,3.448
6.29,-2.795,9.587
15.801,4.551,13.559
13.578,9.037,10.963
6.989,5.845,7.015
5.989,1.72,2.737
7.261,0.708,2.321
8.489,1.692,3.756
7.809,3.129,5.627
6.936,2.981,7.458
6.582,2.897,7.383
6.424,2.718,7.099
6.821,2.5,6.656
7.637,2.275,6.118
7.946,1.778,5.828
7.9,1.605,5.603
8.032,1.404,5.998
8.159,2.196,6.202
7.97,2.235,6.053
8.106,1.431,5.536
7.747,0.727,5.51
7.656,1.065,5.704
7.797,1.464,5.501
8.235,1.39,5.28
8.661,1.744,5.151
8.637,1.555,5.424
7.757,0.356,5.678
7.427,-0.026,6.032
8.13,1.627,4.895
9.068,2.775,4.027
8.86,1.684,4.331
7.692,0.828,5.285
7.57,1.031,5.615
8.352,1.438,5.292
8.297,1.62,5.769
7.685,1.4,6.139
7.704,1.192,5.965
8.087,1.058,5.996
8.01,0.787,5.996
7.829,0.938,5.792
8.175,1.139,5.544
8.35,0.77,5.558
8.285,0.519,5.316
8.333,0.613,5.39
7.549,1.457,6.29
7.12,1.586,7.08
7.283,1.598,6.917
7.383,1.103,6.797
7.357,1.584,6.252
7.47,1.627,6.393
7.549,1.01,6.867
6.891,1.414,6.816
6.348,0.866,6.962
6.606,0.45,7.183
6.742,1.337,8.434
6.565,1.493,8.027
6.824,-0.048,7.915
6.304,-1.823,7.427
6.697,-1.967,7.221
6.276,0.05,7.527
4.675,1.495,7.348
5.218,1.263,6.938
5.685,0.048,7.154
5.481,-0.976,7.252
5.142,-1.833,7.747
4.761,-0.883,8.398
3.919,0.081,9.422
4.395,1.007,10.317
4.826,1.098,9.987
3.579,1.562,9.726
3.752,1.467,9.338
5.814,1.409,8.448
5.594,0.895,8.551
3.247,0.22,9.436
2.208,0.187,9.927
3.316,1.311,9.824
3.63,1.524,9.776
2.976,1.125,8.577
2.883,0.498,7.716
3.28,0.213,7.269
3.161,-0.242,7.747
2.436,-0.273,8.419
1.991,0.962,8.539
2.345,2.567,8.331
2.529,2.584,8.092
2.012,1.943,8.762
2.091,1.311,8.865
2.381,1.359,9.183
2.412,2.024,9.41
2.335,1.742,9.661
2.101,0.847,9.877
2.211,1.026,9.666
2.311,1.4,9.69
2.019,1.457,9.75
2.232,1.029,10.133
2.306,0.44,10.19
2.05,0.581,9.843
2.235,1.014,9.4
2.859,1.232,8.455
2.74,1.653,8.714
2.486,1.459,8.972
2.627,0.983,8.608
2.55,0.912,8.817
2.656,0.598,9.14
2.902,0.12,9.159
3.141,-0.108,9.149
3.204,-0.639,9.221
3.235,-0.675,9.075
3.445,-0.196,9.149
3.407,0.177,9.252
3.223,0.412,9.453
3.225,0.658,9.635
3.575,0.569,9.685
3.764,-0.347,9.472
3.886,-1.254,9.415
4.101,-1.56,9.331
4.13,-1.203,8.939
4.156,-0.778,8.876
4.362,-0.385,8.757
4.737,-0.467,8.434
4.969,-0.66,8.47
5.125,-0.627,8.302
4.608,-0.005,8.384
4.417,0.194,8.977
4.945,-0.017,9.209
4.852,-0.361,9.123
5.197,-0.273,8.723
5.505,-0.117,8.18
5.405,-0.206,8.116
5.642,-0.237,7.967
6.027,0.194,7.573
5.986,0.845,7.606
5.747,0.998,8.003
5.692,0.208,8.168
5.934,-0.043,8.204
5.678,0.313,8.269
5.539,0.622,8.008
5.742,0.995,7.967
6.017,1.144,7.955
6.096,0.852,7.984
6.328,0.16,7.75
6.386,-0.237,7.245
6.443,0.175,6.989
6.68,1.072,6.785
6.886,1.974,7.269
6.895,2.689,7.556
7.099,2.531,7.867
7.403,2.113,8.266
7.278,1.443,8.448
7.84,2.938,8.965
8.049,4.536,8.726
7.163,3.979,7.015
6.465,1.644,5.209
6.682,0.074,4.311
5.733,0.072,4.481
3.948,-1.304,6.309
3.716,-1.936,3.979
6.118,2.287,3.443
5.56,4.304,5.252
2.799,1.849,9.68
3.567,3.572,11.269
7.154,4.8,7.546
9.286,3.285,3.405
9.118,0.794,5.635
7.668,-1.677,10.549
7.312,0.44,9.688
9.264,1.95,5.969
8.503,0.325,8.065
4.247,-0.359,8.274
4.752,1.034,5.764
6.74,2.163,4.883
6.065,2.158,5.484
6.211,1.237,6.56
8.161,1.273,7.549
9.501,1.211,6.34
9.374,-0.423,5.544
8.039,-1.524,6.08
7.151,-1.122,6.273
7.484,-0.809,5.886
7.474,0.081,6.261
7.218,0.816,6.96
7.381,0.464,6.656
7.836,-0.218,6.326
7.939,-1.194,6.266
7.946,-0.95,6.592
7.517,0.325,6.967
7.747,1.005,7.166
6.97,0.914,7.367
7.111,-0.294,6.955
7.3,-0.632,6.642
6.481,0.144,7.317
6.211,0.409,7.46
6.333,-0.175,7.364
6.666,-1.739,6.867
6.419,-2.12,7.06
5.044,-1.098,7.577
5.407,-0.907,7.955
6.316,-0.88,7.017
5.24,-1.11,7.582
4.84,-0.785,8.274
5.527,-0.653,8.183
5.108,-0.44,8.369
5.008,-0.732,8.472
5.393,-1.175,8.542
5.015,-1.127,8.281
5.044,-1.194,8.061
4.938,0.12,8.821
2.811,-0.476,10.783
2.979,-3.61,11.422
1.177,-3.519,12.738
4.467,-2.314,9.475
8.173,-2.242,7.094
8.006,3.759,6.458
6.522,8.173,6.048
5.713,-0.935,7.017
5.182,-10.491,8.252
5.094,-4.649,3.625
7.429,7.116,6.403
5.402,6.821,9.202
4.02,-3.618,10.941
5.17,-9.446,8.159
2.955,-2.213,4.555
5.307,8.018,6.003
8.006,5.558,8.419
4.821,-2.321,9.589
1.464,-7.046,9.79
4.905,-0.22,5.895
8.527,5.996,8.228
5.596,3.737,9.537
1.866,-2.184,8.788
5.089,-5.28,8.649
8.085,-0.232,6.446
4.962,5.993,6.56
3.005,4.113,9.539
3.4,-4.733,19.26
4.668,-7.434,13.214
3.787,2.275,9.604
-0.45,7.541,18.523
-8.037,2.565,15.147
-17.794,-0.041,21.686
-15.899,2.027,37.372
-9.941,9.817,46.514
-12.807,-1.962,36.185
-21.497,2.314,32.015
-35.322,9.668,30.551
-25.457,6.491,25.136
-25.926,5.943,16.576
-29.3,4.589,17.418
-29.402,-11.413,18.968
-27.029,1.335,11.846
-30.06,12.073,7.343
-30.075,9.178,4.912
-27.096,-0.794,6.333
-26.168,-6.893,7.367
-23.572,-3.577,2.098
-24.167,-2.634,-5.216
-24.914,-9.46,-7.864
-27.18,-9.355,-7.075
-28.331,-6.508,-5.503
-34.511,-3.909,-5.386
-33.975,-8.089,-10.657
-23.519,-14.15,-19.016
-9.199,-8.573,-20.988
-2.314,38.968,-4.185
-21.918,-13.765,2.094
-4.278,-18.475,-41.466
-18.239,-29.855,-25.78
9.142,25.672,-25.093
-1.452,6.848,-12.642
-3.424,-2.749,4.646
-6.192,-3.948,4.694
-6.283,-2.223,-8.57
-9.936,-3.582,-16.963
-10.587,5.912,-33.343
-4.735,-9.125,-28.788
3.541,-15.884,-16.849
3.345,-14.619,-13.272
-0.605,-2.345,-7.97
-7.47,8.764,-12.975
0.526,-0.057,-13.384
2.924,-15.774,-4.34
3.811,-8.565,-8.163
0.641,6.508,-14.585
-4.919,-11.506,-11.578
10.453,-3.46,-7.874
0.275,-2.424,-8.853
0.172,0.471,-7.553
0.603,-1.515,-8.649
-1.29,-5.362,-3.137
-1.479,-2.936,-7.551
1.952,-6.187,-7.187
3.517,-11.487,-6.989
1.256,-5.905,-5.687
-0.297,-1.902,-10.238
0.84,-2.079,-10.642
-2.74,-5.398,-11.98
-0.699,-7.534,-12.52
-7.795,4.168,-7.47
-3.17,2.251,-9.877
6.826,-17.844,-13.887
3.29,-15.76,-12.901
-0.129,0.211,-6.917
3.857,-1.974,-9.549
6.008,-2.357,-9.522
5.745,-0.928,-9.702
6.503,-1.086,-10.721
7.58,-1.967,-11.621
11.515,-1.687,-11.582
10.879,-1.067,-9.185
9.489,-0.129,-8.675
5.123,-0.304,-8.439
-0.139,0.45,-8.939
0.045,-2.036,-7.376
-0.23,-2.39,-6.699
0.802,-0.665,-6.802
4.393,12.671,-5.094
-1.579,7.577,-6.671
5.56,-8.223,-12.099
4.244,-11.358,-11.011
-0.696,-1.629,-8.802
0.541,-3.129,-6.135
4.9,-2.027,-7.706
4.606,-2.864,-8.135
3.996,-2.888,-8.726
4.177,-2.964,-9.298
2.962,-3.541,-7.819
0.727,-3.548,-7.592
-0.416,-4.544,-7.096
-0.232,-4.089,-7.963
1.931,-3.771,-8.695
2.302,-0.433,-10.197
1.531,-2.505,-11.793
1.68,-3.945,-11.238
2.878,-1.39,-11.207
3.711,0.562,-11.343
4.532,1.225,-11.063
4.723,1.361,-10.819
5.871,-0.691,-10.247
4.395,0.718,-9.312
1.873,3.534,-9.314
5.527,2.955,-9.874
6.13,0.49,-9.853
8.355,-0.538,-10.207
8.575,0.388,-10.542
8.104,2.448,-10.216
7.52,2.244,-12.011
6.508,1.125,-12.927
2.01,-0.663,-9.879
-2.488,1.998,-7.551
-4.567,2.524,-6.86
-4.165,1.873,-7.233
0.215,-3.61,-9.149
1.546,0.912,-8.848
1.675,2.704,-10.422
0.641,0.395,-10.592
0.952,1.29,-10.824
0.318,0.914,-8.089
-0.735,0.892,-8.283
0.818,-0.634,-11.616
4.383,0.837,-13.365
1.11,0.129,-11.515
-0.668,1.333,-9.807
0.428,-0.354,-9.4
2.218,-1.711,-11.511
4.553,-3.005,-12.391
4.374,-1.323,-11.451
4.51,-0.077,-10.013
2.689,2.893,-8.915
1.416,1.426,-7.508
-0.345,0.292,-9.807
2.464,-0.823,-10.63
3.163,0.249,-10.393
1.323,0.203,-9.484
1.888,0.577,-10.013
2.701,2.082,-10.831
2.455,3.354,-9.838
1.424,2.503,-6.848
0.871,1.718,-5.752
1.22,3.919,-6.242
2.326,8.391,-7.302
3.993,9.915,-4.039
3.122,4.996,-3.247
0.912,1.306,-3.448
0.852,3.232,-3.62
1.538,5.517,-4.388
0.672,3.603,-2.747
-0.409,1.28,-2.783
-0.022,1.61,-4.989
0.859,3.847,-8.637
1.046,5.044,-8.029
1.165,4.345,-8.001
3.998,5.027,-9.025
3.546,8.738,-5.721
1.136,14.296,-6.099
1.945,11.504,-6.465
1.203,10.805,-6.06
-3.362,7.474,-7.979
-4.685,2.381,-11.358
-1.56,-2.515,-14.961
7.922,-8.168,-12.714
-21.292,-7.74,-26.675
5.874,5.73,-9.429
-7.407,-19.909,-9.204
2.101,-6.498,-8.01
-1.558,-3.756,-7.941
-2.156,-5.13,-10.346
-2.11,-4.965,-11.257
-2.019,-6.816,-9.231
-0.275,-5.752,-10.422
-3.89,-6.785,-10.027
-3.921,4.622,-5.312
-3.431,-2.754,-6.632
-3.374,-7.721,-10.489
-0.392,-7.584,-13.343
-1.409,-10.654,-7.903
-4.158,-4.477,-6.075
-5.323,10.824,0.634
-7.958,6.68,4.697
-12.037,-10.501,3.469
-9.637,-9.805,4.84
-11.147,-7.056,6.606
-7.297,-1.747,2.967
-12.231,-14.992,2.256
-4.663,-14.853,-0.069
-12.604,-26.005,8.632
-11.097,-9.884,7.104
-10.975,-11.642,13.09
-7.183,-11.853,4.35
-7.829,-15.918,8.589
-10.769,-17.664,5.383
-13.126,-12.894,8.214
-13.834,-8.97,6.527
-8.233,-5.12,4.955
-7.199,-9.391,3.388
-15.994,-6.752,1.94
-13.504,-7.644,3.519
-9.618,-5.412,4.62
-11.396,-10.19,4.936
-14.078,-8.317,6.084
-13.745,-4.991,8.417
-10.922,-1.919,8.891
-8.561,-1.081,9.149
-4.701,-4.539,6.563
-2.261,-7.9,4.503
-5.462,-5.809,4.601
-5.292,-1.613,6.407
-9.065,1.529,4.835
-6.324,-0.627,6.022
-3.677,-1.802,4.477
-1.648,-3.469,6.671
-0.213,-4.546,7.462
-0.737,-1.361,7.57
-2.12,-3.024,9.621
-2.043,-4.79,8.357
-2.902,-6.458,7.955
-3.926,-5.393,8.089
-3.991,-5.788,9.056
-3.797,-6.02,9.664
-4.168,-7.802,8.905
-4.914,-9.008,8.443
-4.685,-8.498,8.013
-5.06,-7.465,8.07
-4.599,-7.094,8.293
-4.699,-7.558,8.915
-4.677,-8.472,9.563
-5.271,-8.111,8.793
-5.448,-7.369,9.015
-5.644,-7.314,9.216
-4.634,-6.955,9.152
-3.888,-6.295,8.163
-3.445,-6.271,7.857
-4.862,-5.989,7.183
-7.175,-5.895,6.986
-7.651,-5.211,7.441
-7.69,-4.252,7.386
-7.671,-3.802,8.128
-7.412,-4.874,7.807
-8.372,-6.295,7.063
-7.754,-7.503,8.585
-6.819,-5.481,9.003
-7.101,-2.972,8.781
-5.711,-0.706,8.089
-4.558,-0.22,9.391
-4.094,-0.727,9.948
-2.969,-2.35,10.073
-3.223,-2.586,10.46
-4.369,-3.275,10.719
-5.924,-5.271,9.065
-6.682,-5.883,8.652
-7.242,-4.479,8.228
-7.123,-7.864,7.12
-4.735,-10.121,7.206
-3.256,-11.281,8.884
-5.434,-16.99,9.482
-5.304,-15.619,8.372
-5.426,-10.214,10.86
-7.855,-7.448,13.004
-6.582,-10.2,12.468
-4.73,-15.37,10.69
-5.673,-14.458,9.951
-10.745,-11.594,9.587
-12.805,-9.577,8.489
-10.068,-8.967,5.871
-9.893,-7.13,3.651
-12.14,-5.012,-0.146
-11.688,-2.385,-2.094
-7.163,-1.761,-3.539
-4.613,0.775,-3.627
-8.357,-0.689,-5.103
-11.049,-3.129,-8.204
-6.862,-5.943,-9.508
-3.208,-3.783,-9.886
-6.178,1.316,-10.468
-10.965,3.206,-9.633
-6.888,2.78,-13.188
-1.227,-4.84,-7.477
-7.604,-20.792,-6.319
-8.214,-17.834,-9.833
-0.931,-8.998,-12.042
2.029,-12.439,-17.573
-5.469,-13.793,-15.162
-5.118,-17.183,-18.842
16.585,-20.306,-23.648
-13.635,-5.271,-23.502
14.14,4.733,-24.909
2.417,-8.599,-15.277
-2.122,-1.471,-12.934
4.503,-0.481,-12.551
4.517,-0.038,-11.87
1.632,3.266,-12.016
2.512,2.95,-12.623
0.392,2.361,-10.276
-0.723,4.393,-4.189
-7.979,-2.034,-9.209
-3.311,-4.481,-12.851
3.826,-3.582,-12.205
-2.16,-2.419,-12.298
-4.484,-5.484,-11.661
-4.008,-14.485,-12.872
-6.056,-11.061,-12.494
-7.111,-9.927,-6.321
0.361,14.114,1.775
-3.67,-2.615,-0.132
-7.001,-13.741,0.849
-12.786,-3.67,1.258
-9.484,-0.581,0.861
-6.032,-7.539,1.589
-5.766,-14.126,0.586
-8.077,-15.224,2.84
-12.126,-7.931,3.079
-10.374,-11.039,3.586
-11.425,-13.915,3.933
-14.152,-13.425,7.156
-12.054,-9.822,9.405
-10.346,-13.375,4.278
-10.393,-16.571,5.871
-15.19,-10.312,6.807
-16.353,-14.059,4.917
-14.688,-17.461,4.374
-14.267,-10.453,4.862
-14.231,-11.329,4.051
-10.726,-13.059,8.553
-10.424,-17.114,9.417
-11.279,-18.002,6.101
-4.429,-5.02,1.883
-2.759,2.838,1.055
5.991,-5.075,13.748
-3.481,-12.367,10.312
-2.041,-9.877,4.477
2.12,5.216,-3.888
5.168,13.207,5.907
-1.881,5.446,6.647
-7.331,-0.158,3.653
-4.893,5.491,6.541
-3.113,3.505,5.864
-0.268,3.481,9.886
-10.14,2.211,13.863
-8.034,-2.756,12.004
-1.833,-5.67,9.879
0.309,-8.35,10.152
-0.845,-7.101,9.216
-4.134,-4.73,11.324
-5.01,-3.596,10.965
-4.087,-6.132,11.097
-2.567,-8.647,10.322
-2.017,-8.685,10.274
-3.247,-8.321,10.558
-4.041,-7.355,10.602
-4.419,-6.068,11.181
-3.529,-6.242,11.726
-3.189,-6.752,11.956
-2.823,-7.558,10.822
-3.35,-8.463,10.635
-4.474,-7.704,9.472
-4.895,-7.319,8.848
-4.606,-6.804,8.23
-4.345,-6.879,7.752
-5.357,-5.883,6.766
-6.015,-5.355,7.063
-6.139,-5.405,7.345
-6.747,-5.127,7.111
-6.371,-4.424,7.383
-6.175,-3.859,7.185
-8.006,-3.524,7.864
-7.97,-3.955,9.501
-7.592,-2.311,8.302
-4.852,-1.304,10.255
-4.472,0.507,10.597
-5.532,1.065,10.513
-6.943,0.957,10.046
-5.898,0.773,10.302
-5.13,-0.775,9.099
-5.749,-1.73,9.386
-5.867,-3.632,9.121
-6.254,-4.031,10.271
-6.635,-2.39,10.372
-7.496,-2.967,9.561
-8.252,-4.713,9.109
-7.127,-6.833,8.75
-7.001,-6.611,9.264
-8.175,-9.19,9.838
-8.922,-12.87,8.764
-5.111,-9.838,8.924
-4.716,-11.001,14.688
-6.974,-4.438,11.853
-7.345,-5.967,12.702
-5.639,-11.862,11.903
-8.341,-15.49,11.425
-11.092,-12.14,10.326
-9.094,-9.147,10.123
-8.384,-8.508,8.108
-12.647,-8.037,4.773
-14.568,-4.343,1.859
-10.353,0.416,-1.33
-6.608,2.957,-2.804
-8.104,1.287,-3.419
-8.778,-1.663,-5.067
-3.957,-4.189,-6.68
-2.247,-4.457,-7.625
-6.395,-2.73,-6.955
-6.046,0.802,-4.828
-1.785,2.962,-3.431
-7.156,0.06,-6.17
-11.795,-5.855,-9.001
-4.297,-14.439,-5.101
-3.622,-15.107,-7.848
-8.836,-10.724,-13.133
-4.56,-10.02,-16.482
-0.534,-15.518,-15.301
-2.146,-14.056,-15.839
9.477,-13.504,-22.811
-13.135,-14.434,-19.043
-3.747,1.543,-31.996
10.14,-0.103,-24.9
1.529,-9.774,-14.645
-3.723,-5.362,-14.506
3.39,-7.807,-10.712
4.768,-4.395,-11.896
2.012,0.926,-10.709
2.211,4.929,-11.874
3.125,2.381,-10.822
5.879,3.512,-11.372
-1.421,4.567,-5.924
-3.144,-0.153,-8.18
-3.015,-3.027,-7.785
-1.373,0.055,-10.554
-0.88,2.644,-12.748
-2.897,-0.725,-13.255
-5.118,-13.745,-7.192
-1.835,-8.788,-12.004
-3.929,-7.343,-8.166
-5.974,-3.462,-5.522
-4.084,-2.498,0.888
-3.582,-3.235,2.424
-5.785,-4.711,4.754
-4.953,-4.785,-0.711
-9.377,-9.106,2.828
-9.467,-9.587,2.649
-5.776,-7.431,2.407
-9.077,-16.954,2.527
-9.266,-22.758,2.84
-9.369,-7.728,2.873
-11.793,-8.728,6.221
-13.401,-13.729,3.364
-10.109,-12.91,4.948
-11.125,-10.379,6.247
-10.64,-9.321,4.39
-10.209,-14.918,2.952
-11.836,-11.298,5.579
-10.197,-12.123,6.608
-11.209,-16.289,5.204
-8.886,-12.106,5.522
-8.049,-8.446,7.745
-4.307,-4.278,9.57
-5.517,-12.702,10.171
-2.318,-17.466,10.386
-6.644,-6.62,6.996
-5.9,-4.225,5.056
-6.254,-3.976,6.077
-9.927,-10.527,9.745
-13.621,-4.108,9.324
-4.855,-2.419,8.671
-3.366,-2.091,3.797
-0.337,0.445,4.895
-3.402,1.634,6.142
-5.345,4.321,8.711
-2.802,1.964,9.448
-1.476,3.661,9.539
-1.002,-0.522,11.257
-2.876,0.66,10.212
-1.924,-2.345,11.405
-0.172,-1.665,9.305
-0.249,-3.385,10.613
-1.426,-3.613,10.834
-1.72,-5.414,8.896
-2.603,-6.405,9.776
-1.263,-7.97,9.113
-1.637,-8.372,8.312
0.615,-7.367,8.781
-1.261,-6.525,8.92
-1.622,-7.101,8.984
-1.225,-7.659,9.963
-0.861,-8.302,9.47
-0.787,-9.728,9.281
-1.873,-9.991,9.312
-2.694,-9.956,9.506
-2.931,-9.233,8.683
-3.601,-8.642,7.958
-4.426,-8.185,7.242
-4.654,-7.558,7.422
-4.213,-7.711,7.08
-4.673,-7.001,6.793
-5.414,-6.46,6.599
-6.431,-6.304,6.147
-7.336,-5.422,5.682
-6.788,-5.338,5.716
-6.498,-4.572,5.958
-7.137,-4.189,6.553
-7.63,-4.91,7.635
-7.441,-4.697,7.951
-7.19,-3.388,8.64
-6.068,-0.821,10.267
-5.235,0.124,10.92
-5.474,0.632,10.396
-4.295,-0.797,9.912
-4.292,-2.168,8.745
-3.127,-4.816,10.616
-3.912,-4.905,10.357
-5.517,-5.187,10.623
-7.565,-4.498,10.913
-9.405,-4.907,10.948
-9.001,-5.646,9.896
-8.018,-5.632,9.044
-6.915,-7.068,9.747
-8.085,-8.096,11.714
-9.058,-9.561,14.092
-3.608,-8.678,14.808
-3.484,-6.812,13.044
-4.864,-5.879,14.183
-8.135,-6.754,14.059
-8.439,-10.092,12.647
-8.35,-11.671,10.561
-9.345,-9.944,8.616
-11.161,-8.073,7.429
-10.733,-6.422,6.367
-9.123,-3.909,4.613
-8.611,-1.826,2.163
-8.553,-1.704,0.065
-6.166,-2.486,-2.838
-4.419,-3.725,-3.129
-5.149,-3.864,-3.455
-6.704,-2.656,-4.321
-2.917,-3.175,-6.001
-0.29,-4.015,-6.618
-5.357,-1.811,-6.147
-9.331,-2.51,-5.053
-2.716,-5.996,-3.462
-2.29,-10.023,-9.381
-8.855,-7.979,-6.828
-6.35,-11.614,-5.56
-0.567,-18.145,-10.484
-2.905,-13.48,-14.088
-2.103,-9.214,-14.805
0.998,-10.599,-14.867
0.055,-15.068,-15.961
4.465,-12.087,-17.229
-5.96,-12.8,-39.334
8.285,3.268,-14.863
8.711,-5.603,-20.662
-2.479,-5.589,-15.647
-2.943,-3.158,-13.537
4.316,-2.797,-12.133
3.546,-1.893,-11.178
1.756,0.67,-11.781
2.534,7.027,-11.762
3.637,9.233,-13.702
4.063,3.732,-9.884
-3.194,-1.57,-4.979
-5.111,1.402,-6.568
-2.682,1.151,-8.886
2.189,-4.969,-7.242
-0.605,-0.672,-13.54
-3.998,-4.23,-10.984
-2.16,-5.615,-12.724
-1.211,-7.12,-13.698
-5.508,-11.527,-10.86
-10.307,-8.051,-9.013
-4.029,4.721,-1.51
-0.462,6.357,5.371
-6.604,-9.853,4.362
-6.584,-11.214,0.383
-7.651,-4.756,1.146
-11.501,-9.101,1.629
-7.003,-11.752,2.072
-6.994,-12.283,4.35
-3.007,-9.53,0.05
-8.13,-16.49,5.809
-11.736,-17.729,7.773
-14.119,-16.813,5.709
-9.979,-10.331,5.807
-6.041,-5.044,4.948
-9.544,-16.782,6.01
-10.401,-19.208,4.366
-10.81,-7.427,2.919
-10.733,-13.564,3.141
-9.723,-8.116,2.357
-9.467,-7.434,3.809
-11.939,-18.791,4.345
-7.814,-12.013,4.283
-7.592,-16.186,7.144
-9.786,-0.519,3.326
-2.022,-6.182,5.036
-9.865,-10.377,6.328
-5.606,-2.768,5.922
-0.498,-8.264,7.819
-4.584,-0.809,5.477
-7.209,-3.158,9.369
-0.818,-2.125,7.757
1.17,0.581,8.128
0.809,5.828,11.609
-0.751,3.572,10.429
2.39,0.423,7.924
0.701,0.184,7.36
0.598,1.924,8.12
0.955,0.51,8.812
-0.799,-0.002,10.001
0.548,-1.086,10.223
-0.584,-3.859,9.097
-0.816,-4.666,9.446
-1.878,-5.941,9.489
-1.936,-8.08,9.697
-0.732,-9.417,9.367
-0.033,-9.412,8.898
-0.684,-7.448,9.953
-3.268,-4.869,11.767
-4.17,-4.661,12.463
-3.369,-7.362,10.838
-3.039,-9.762,10.573
-3.199,-10.023,10.336
-4.015,-9.951,10.379
-4.847,-10.197,8.362
-5.292,-9.965,7.094
-5.314,-9.448,6.005
-7.135,-8.862,5.974
-5.357,-7.654,5.85
-6.221,-7.242,6.838
-5.601,-5.694,6.135
-8.171,-4.859,6.07
-7.69,-4.328,6.45
-6.316,-4.493,5.876
-6.46,-4.768,6.271
-6.395,-4.247,6.776
-6.493,-3.551,7.324
-6.644,-2.567,8.922
-5.446,-1.687,9.802
-4.577,-0.763,10.762
-4.051,0.971,9.616
-4.534,0.536,9.522
-4.479,-1.981,9.336
-4.575,-4.335,8.491
-4.886,-5.474,9.233
-5.106,-4.95,9.941
-5.704,-4.218,9.824
-6.118,-6.154,10.587
-6.721,-6.702,10.802
-7.45,-5.0,10.164
-7.199,-3.397,10.305
-6.874,-2.833,10.975
-6.991,-4.627,9.618
-7.752,-7.398,8.915
-8.874,-7.156,9.494
-1.129,-4.012,10.633
-2.445,-5.575,9.786
-4.433,-6.328,12.702
-4.79,-7.185,13.875
-6.661,-8.369,13.13
-6.972,-9.735,12.09
-8.087,-9.958,11.934
-10.556,-9.685,12.805
-11.573,-6.041,11.515
-10.508,-3.986,10.058
-9.544,-4.46,6.95
-8.221,-3.718,2.139
-7.958,-1.668,-0.725
-7.651,-0.742,-0.502
-4.821,-1.67,-1.907
-2.273,-2.043,-4.383
-2.73,-3.106,-5.455
-4.338,-5.101,-6.197
-0.928,-5.797,-5.259
0.682,-2.591,-3.161
-4.142,1.756,-3.663
-10.812,-1.708,-6.615
-7.293,-8.62,-6.08
-2.378,-13.7,-9.661
-4.835,-11.336,-5.517
-4.912,-12.709,-5.773
-1.029,-14.021,-6.824
-0.586,-11.987,-7.726
-1.153,-13.93,-9.764
-1.39,-14.178,-12.305
-1.302,-14.221,-14.982
7.001,-11.166,-16.365
-34.367,-29.685,-26.077
9.953,6.046,-22.763
7.752,-6.127,-19.009
-3.192,-2.352,-17.736
-0.847,-2.082,-12.193
3.508,-6.888,-10.506
3.156,-4.027,-10.056
2.976,2.364,-13.329
2.328,5.477,-12.996
4.5,2.522,-10.795
2.723,-0.139,-8.53
-3.158,-0.345,-7.575
-2.967,0.646,-8.721
0.562,-1.146,-10.326
0.782,-2.919,-11.626
-0.586,2.139,-12.367
-2.964,-9.223,-9.956
-2.799,-5.503,-10.654
-4.529,-8.398,-8.125
-4.108,-9.357,-6.503
-2.761,-9.592,-7.029
-1.756,-4.089,-3.866
-6.659,-1.39,5.546
-7.326,-3.505,4.106
-8.384,-7.821,4.058
-3.204,-9.585,1.129
-7.025,-6.374,1.838
-6.371,-10.314,4.89
-9.307,-11.02,2.383
-7.374,-16.877,5.57
-4.347,-12.138,3.309
-9.788,-10.575,8.309
-10.678,-11.771,6.362
-7.092,-10.704,7.383
-8.984,-8.79,7.415
-9.857,-14.741,5.446
-6.962,-14.36,5.462
-11.587,-8.74,6.307
-10.592,-7.697,4.867
-9.29,-12.293,4.677
-12.996,-13.111,4.73
-10.652,-7.582,5.79
-15.14,-10.07,6.759
-9.223,-15.834,7.431
-10.317,-9.671,6.821
-5.467,-14.803,9.577
-5.776,-3.316,7.754
-6.12,-6.166,6.307
-3.615,-7.939,7.168
-2.105,-0.089,4.343
1.991,-5.508,8.699
0.811,-4.682,5.032
1.026,4.845,0.861
3.039,4.878,7.596
-0.005,1.342,9.113
-1.292,-0.079,9.7
-1.931,-0.354,7.991
-3.043,3.007,12.896
0.964,1.603,13.195
-4.469,0.156,11.224
-4.426,-3.539,10.386
-0.928,-6.675,9.427
1.558,-7.06,7.934
-1.098,-4.046,10.64
-4.725,-2.01,12.092
-4.991,-4.185,11.575
-2.4,-7.123,9.874
-1.469,-7.204,9.544
-2.053,-6.515,10.106
-2.287,-6.338,10.128
-2.742,-7.357,9.515
-2.694,-7.972,9.168
-2.376,-8.666,9.685
-1.981,-8.532,9.728
-2.144,-8.429,9.52
-2.445,-8.484,8.996
-3.153,-8.372,8.226
-3.972,-8.233,7.479
-4.646,-8.161,7.343
-5.364,-7.644,7.065
-6.625,-7.159,7.271
-7.388,-7.032,7.202
-7.544,-5.74,6.977
-7.922,-6.115,7.321
-8.274,-5.888,7.608
-9.348,-4.572,6.398
-8.728,-5.883,7.259
-8.611,-6.776,7.565
-7.963,-5.792,9.183
-6.659,-4.357,9.396
-8.051,-2.175,8.637
-5.312,-2.0,8.647
-4.469,-1.725,8.996
-5.185,-1.053,9.494
-3.642,-1.689,8.223
-3.204,-4.321,8.293
-4.52,-5.312,9.087
-4.103,-6.01,8.384
-5.225,-6.615,8.716
-6.371,-3.426,8.58
-7.269,-2.275,8.312
-7.015,-2.522,6.23
-7.429,-3.948,6.13
-6.429,-6.017,7.053
-6.522,-9.216,8.065
-4.225,-8.771,9.845
-2.223,-5.91,10.63
-2.28,-11.391,11.563
-3.866,-12.032,12.812
-6.135,-12.056,12.494
-5.833,-11.102,10.587
-5.455,-11.396,10.989
-5.902,-12.779,9.8
-7.929,-11.288,8.714
-7.108,-6.936,8.778
-4.39,-6.07,7.551
-5.158,-6.838,4.759
-7.355,-7.62,1.861
-7.216,-6.048,0.902
-4.0,-2.773,-1.407
-2.199,0.766,-2.397
-3.29,1.538,-2.467
-4.534,0.404,-2.986
-1.747,-0.156,-4.479
0.268,-0.299,-5.072
-1.397,-1.019,-4.922
-3.141,-3.531,-6.694
-1.876,-3.543,-8.242
-2.491,-1.522,-8.178
-3.984,-0.426,-8.006
-1.62,-1.909,-6.826
-2.529,-7.814,-5.658
-7.431,-17.705,-6.477
-3.244,-14.681,-9.065
1.089,-8.104,-10.688
1.581,-10.501,-12.025
-1.357,-11.97,-12.209
-2.914,-11.74,-14.233
1.409,-9.623,-21.504
-46.488,-17.052,3.383
7.776,3.967,-18.763
8.824,-6.326,-18.916
-0.486,-3.242,-18.26
-0.122,1.381,-12.501
5.687,-2.311,-11.31
2.665,-2.082,-11.157
1.129,3.783,-12.843
4.051,6.393,-13.858
5.044,6.893,-10.142
0.376,2.625,-7.594
-0.622,-2.201,-8.608
-1.988,-0.849,-8.228
-2.225,-0.108,-9.214
0.033,0.778,-8.683
-0.983,-1.744,-14.358
-2.024,-6.47,-10.542
-3.098,-6.139,-10.049
-6.149,-9.496,-9.886
-5.527,-8.52,-10.02
-4.278,-10.039,-8.221
-2.448,-5.407,-2.622
-5.646,-2.567,0.364
-6.082,1.639,-0.431
-7.479,-2.127,0.287
-8.429,-8.64,0.352
-9.104,-10.228,1.254
-7.252,-5.673,4.173
-6.249,-3.833,4.082
-3.579,-13.965,6.233
-6.29,-14.494,2.735
-11.836,-15.97,6.225
-12.135,-8.041,6.673
-8.666,-15.348,10.47
-9.082,-15.329,6.728
-9.432,-14.75,8.015
-6.218,-16.461,8.372
-8.317,-12.02,7.817
-8.884,-11.07,7.001
-6.45,-16.303,3.84
-10.429,-9.594,3.098
-7.439,-8.015,3.096
-7.477,-11.295,7.163
-9.967,-13.887,10.755
-7.015,-11.437,3.242
-3.146,-10.874,2.802
-4.106,-4.749,2.862
-2.067,-1.888,8.64
-6.522,-6.082,7.35
-5.804,-3.596,4.11
-1.266,-3.347,6.465
-3.452,1.845,4.919
-2.756,2.18,6.819
-1.156,-1.581,4.998
-2.864,-4.445,7.525
-1.493,-1.206,10.264
-4.108,-0.23,10.314
-3.883,-2.0,8.908
-0.242,-5.02,8.833
1.78,-1.299,11.487
-2.206,-2.239,10.231
-1.95,-3.0,10.415
1.627,-3.441,9.884
2.0,-4.278,8.675
-0.665,-7.171,8.881
-1.562,-6.649,9.396
-0.914,-5.728,9.623
-0.175,-5.486,10.271
0.624,-4.761,10.764
-0.428,-5.333,10.377
-2.122,-6.546,10.826
-2.668,-6.304,9.91
-1.5,-7.453,9.989
-1.572,-8.542,9.199
-1.445,-9.855,8.778
-1.962,-9.585,8.183
-2.902,-9.534,8.07
-2.96,-9.506,7.446
-3.917,-9.453,6.819
-4.785,-9.082,6.678
-5.051,-8.23,6.996
-4.735,-7.63,7.022
-5.367,-7.312,6.551
-6.491,-7.106,6.852
-6.857,-6.656,6.905
-6.697,-5.754,6.986
-7.027,-4.319,6.895
-7.355,-3.266,7.192
-7.52,-2.78,8.47
-8.085,-1.823,9.855
-7.867,0.122,10.027
-8.041,-0.34,10.034
-4.855,-2.448,10.195
-2.945,-4.335,9.872
-3.711,-3.988,10.302
-4.677,-3.094,9.434
-4.249,-2.754,9.934
-3.969,-3.151,9.276
-4.95,-3.72,9.077
-4.991,-3.601,8.592
-4.646,-3.725,9.47
-5.113,-3.426,10.415
-6.702,-3.275,9.723
-7.049,-4.797,8.403
-6.45,-5.4,8.089
-5.568,-7.132,7.517
-5.599,-7.4,9.496
-3.015,-7.539,11.838
-0.055,-6.604,13.001
-2.491,-8.726,11.736
-5.23,-10.106,12.506
-6.063,-10.101,13.497
-6.084,-10.101,11.638
-7.991,-10.925,10.401
-9.027,-10.08,10.996
-8.393,-6.891,11.606
-7.996,-5.702,9.68
-8.185,-6.56,6.182
-7.202,-5.769,3.981
-5.192,-3.84,2.318
-4.826,-1.129,0.773
-5.206,-0.423,-0.132
-3.962,-1.79,-2.689
-1.589,-3.034,-4.79
-0.4,-4.328,-5.819
-0.591,-5.034,-6.015
-0.897,-4.402,-6.891
0.325,-2.656,-5.62
0.567,0.665,-4.177
-4.615,0.163,-1.909
-7.592,-1.644,-6.493
-0.038,-6.68,-3.864
-1.986,-16.382,-6.477
-7.118,-14.468,-9.154
-1.864,-11.731,-10.156
1.792,-11.728,-12.305
-0.167,-11.922,-12.071
0.469,-9.36,-14.951
0.285,-8.604,-16.011
0.273,-11.061,-14.367
-6.86,-6.123,-12.956
-11.149,-5.407,-15.6
11.324,-1.141,-19.224
0.646,-7.771,-14.377
-3.273,-2.799,-12.475
5.376,-2.596,-9.848
5.436,-1.503,-10.664
2.223,0.373,-10.2
1.921,2.582,-12.736
3.321,3.534,-12.635
1.543,4.68,-8.477
0.713,2.165,-10.661
-2.756,-2.673,-6.934
-2.378,-2.287,-6.233
-2.031,-1.376,-11.133
-1.957,-1.29,-13.008
0.232,-4.505,-12.748
-1.981,-8.508,-9.623
-2.579,-9.58,-9.286
-4.316,-7.996,-9.96
-5.443,-9.692,-7.726
-3.606,-10.879,-8.037
-1.555,-0.237,-3.467
-6.319,-1.172,0.744
-4.845,-6.991,0.799
-2.897,-4.28,-1.809
-6.824,-6.025,-0.4
-9.245,-8.958,2.06
-11.594,-8.041,3.558
-7.907,-8.453,4.634
-4.996,-11.128,4.378
-7.001,-17.128,2.854
-7.034,-18.731,4.376
-14.473,-9.508,7.893
-11.104,-9.604,8.831
-8.106,-17.212,9.881
-8.283,-16.203,6.307
-9.745,-12.932,8.465
-7.534,-11.427,6.534
-6.089,-8.967,4.465
-7.238,-9.453,3.34
-10.001,-11.968,5.319
-9.41,-10.401,2.917
-9.283,-9.176,3.637
-7.568,-14.664,5.931
-9.812,-10.539,6.29
-5.62,-8.257,5.426
-4.797,-6.682,2.543
-5.469,-7.915,3.577
-6.666,-6.003,5.278
-7.893,-2.759,5.235
-4.022,-2.591,4.307
2.125,-2.541,5.431
-1.419,-3.498,4.721
-2.673,1.763,6.771
0.364,-2.888,9.453
-2.737,-5.283,7.415
-0.443,-3.881,10.178
-1.014,-2.036,10.216
-1.9,-1.921,11.267
-2.086,-1.885,8.628
0.706,-6.929,8.74
1.206,-4.185,9.778
1.598,-2.852,11.343
-2.074,-3.228,10.228
-1.821,-5.091,9.915
-0.725,-6.278,9.063
-1.098,-8.472,8.582
-0.292,-7.508,9.302
-1.871,-5.527,10.025
-2.859,-4.206,11.415
-2.187,-3.984,11.104
-3.053,-4.4,11.264
-3.708,-5.347,11.006
-5.192,-7.202,10.427
-3.807,-8.642,9.697
-2.378,-8.553,8.905
-2.658,-8.568,8.415
-4.28,-8.463,8.982
-5.704,-7.738,8.498
-4.96,-7.087,8.778
-4.149,-7.065,8.355
-5.627,-7.125,8.082
-6.938,-6.029,7.836
-7.462,-4.883,8.087
-6.283,-5.134,8.159
-8.19,-4.386,7.283
-8.187,-3.957,7.568
-5.857,-3.503,8.166
-5.56,-2.763,8.632
-7.214,-2.692,9.697
-7.436,-2.962,9.936
-6.151,-2.821,8.936
-6.077,-1.914,9.166
-3.539,-2.129,8.379
-3.457,-2.048,8.453
-3.464,-1.058,9.298
-3.795,-0.926,9.231
-4.058,-0.986,9.018
-5.546,-2.316,9.707
-5.103,-3.924,9.881
-7.056,-4.297,8.623
-6.321,-4.843,7.989
-6.685,-2.768,6.094
-4.108,-2.29,7.336
-7.328,-4.163,6.278
-3.862,-5.158,9.522
-0.591,-5.9,12.458
-3.68,-5.864,13.071
-4.68,-10.855,13.109
-3.917,-7.104,13.147
-5.285,-6.326,13.791
-5.721,-7.637,14.023
-5.079,-9.484,12.851
-6.438,-9.094,12.169
-8.173,-8.434,10.556
-8.372,-7.233,8.843
-7.458,-4.127,6.005
-7.187,-2.479,3.517
-7.051,-3.005,2.239
-5.79,-3.962,0.39
-3.546,-2.586,-1.5
-2.797,-0.775,-2.022
-3.328,-1.381,-2.728
-2.641,-2.424,-3.974
1.038,-3.878,-3.888
-0.182,-2.909,-4.168
-5.546,-3.089,-5.168
-2.589,-4.469,-3.515
1.0,-3.189,-2.945
-6.577,-5.826,-8.269
-6.383,-10.401,-2.948
0.33,-15.2,-4.764
-3.976,-12.422,-7.407
-5.041,-9.879,-11.554
0.864,-13.044,-12.982
1.053,-10.625,-12.659
0.127,-7.924,-12.697
0.069,-11.496,-16.226
10.642,-12.138,-15.571
-16.344,-12.846,-32.163
6.604,3.723,-14.477
8.152,-4.522,-22.16
-3.46,-8.809,-16.169
-4.127,-4.532,-15.236
2.797,-1.625,-12.329
4.67,0.593,-12.324
2.216,0.577,-12.331
2.211,2.45,-13.583
2.266,3.531,-12.106
3.864,3.249,-10.671
0.871,0.701,-9.967
-0.103,0.129,-6.223
-1.043,-1.912,-5.745
0.763,-2.615,-8.331
-0.007,-6.596,-7.202
-2.45,-5.993,-6.738
-2.46,-3.22,-9.061
0.055,-4.402,-10.599
0.189,-6.651,-10.556
-1.706,-4.823,-9.903
-2.658,-2.321,-7.238
-2.665,-9.312,-7.049
-2.574,-10.69,-6.749
-2.826,-8.85,-6.111
-1.273,-6.355,-3.376
-1.522,-3.244,-0.644
-5.855,-4.201,0.148
-6.97,-11.262,0.28
-3.225,-11.082,0.849
-3.56,-8.52,0.297
-5.847,-10.456,1.646
-5.871,-6.994,2.273
-8.506,-14.205,6.936
-3.96,-17.526,7.072
-5.546,-8.666,4.374
-7.472,-11.795,3.842
-6.953,-14.152,4.627
-6.548,-12.855,3.378
-6.606,-10.96,2.773
-6.546,-9.673,5.532
-5.558,-13.839,3.854
-5.615,-16.451,4.271
-10.087,-13.817,4.613
-9.01,-12.743,3.57
-11.224,-11.125,4.589
-9.668,-11.671,2.582
-13.291,-11.889,5.788
-9.269,-10.805,6.517
-7.221,-7.369,5.649
-2.383,-13.666,2.414
-2.802,-0.943,0.895
1.177,-6.757,7.391
-0.866,-5.584,3.493
4.582,0.1,-0.34
3.577,3.0,7.139
-4.137,-1.017,5.457
-1.014,-7.766,7.659
1.23,-3.141,4.814
-3.4,2.883,11.441
-2.373,4.639,11.695
0.352,-2.165,11.506
-2.926,-2.641,13.592
-4.914,-0.297,13.64
-0.605,0.866,13.2
-4.048,-1.864,13.061
-2.048,-2.256,10.74
-0.376,-2.409,11.154
0.443,-2.34,11.506
-0.758,-4.125,11.645
-2.462,-4.106,11.303
-2.373,-5.855,10.53
-1.916,-5.639,10.721
-2.974,-5.754,11.934
-2.058,-2.211,11.523
-1.292,-3.546,11.386
-2.187,-5.087,10.771
-2.452,-6.01,10.195
-3.582,-5.835,10.523
-3.984,-5.036,11.037
-3.448,-4.857,10.456
-3.319,-5.364,9.884
-3.041,-5.611,8.876
-3.881,-6.886,8.611
-4.728,-6.142,8.285
-5.12,-6.187,8.798
-4.539,-6.13,9.104
-3.943,-5.441,8.594
-4.759,-4.572,8.056
-6.068,-3.39,7.994
-5.922,-2.866,8.556
-5.393,-2.44,8.635
-5.886,-3.213,8.63
-5.316,-4.01,9.666
-8.458,-4.249,8.912
-8.807,-4.06,10.432
-6.666,-2.548,9.704
-5.716,-2.433,10.915
-6.541,-2.062,9.747
-4.639,-1.826,9.113
-3.797,-1.596,9.924
-3.984,-1.208,9.355
-4.084,-2.314,10.013
-4.89,-3.208,8.939
-4.546,-4.498,8.257
-4.338,-5.704,8.558
-4.189,-5.3,9.472
-4.62,-5.295,9.589
-6.087,-5.06,9.319
-7.001,-4.701,9.068
-7.486,-5.52,8.235
-4.936,-6.666,7.644
-5.3,-5.936,8.24
-6.388,-6.998,10.468
-4.962,-5.582,10.8
-2.122,-3.326,11.769
-4.094,-5.544,12.071
-5.517,-5.201,15.004
-6.214,-5.094,14.499
-5.199,-4.74,12.772
-5.386,-4.898,11.728
-6.754,-5.627,11.515
-6.759,-7.221,11.41
-7.127,-7.001,9.226
-8.25,-4.771,6.627
-8.704,-1.804,4.737
-6.867,0.105,2.969
-4.61,-0.05,1.335
-3.979,-1.826,0.096
-4.029,-2.747,-0.967
-3.263,-3.381,-2.381
-1.022,-3.45,-3.177
0.869,-3.991,-3.945
-0.309,-2.797,-4.878
-1.127,-1.9,-4.393
1.586,-1.926,-3.496
1.39,-2.273,-3.783
-4.359,-3.831,-5.922
-6.027,-6.281,-6.321
-4.218,-9.065,-7.4
-3.708,-11.573,-5.245
-4.666,-15.82,-6.247
-4.098,-14.47,-10.649
-0.976,-7.525,-13.776
0.758,-8.745,-15.994
1.069,-13.487,-18.578
13.319,-10.501,-17.016
-42.588,-12.207,-4.874
12.927,-1.043,-19.856
2.644,-7.4,-15.384
-6.876,-4.048,-16.372
0.244,-3.074,-11.862
5.357,-4.847,-12.52
1.644,-1.414,-11.678
-0.127,1.046,-10.941
2.192,3.792,-12.511
4.453,4.381,-11.915
3.01,2.543,-10.52
-0.746,0.282,-7.596
-1.12,0.208,-7.221
-1.443,-0.696,-6.553
-2.271,-2.242,-8.187
-3.17,0.029,-10.319
-0.486,-2.144,-11.437
0.335,-4.45,-10.408
-2.39,-6.147,-11.492
-2.361,-6.824,-7.283
-3.0,-4.981,-5.969
-3.792,-8.814,-3.737
-4.307,-6.996,-4.197
-2.285,-11.248,-1.799
-1.536,-5.321,0.598
-5.345,-8.204,1.416
-5.79,-11.238,1.677
-5.706,-7.259,2.084
-4.319,-3.598,-2.005
-5.326,-10.295,-0.392
-6.381,-14.102,2.062
-5.484,-10.085,2.919
-5.668,-10.197,1.232
-7.462,-12.53,4.443
-6.429,-8.527,2.381
-7.419,-13.489,6.302
-9.288,-11.178,2.684
-6.958,-11.46,4.039
-6.891,-10.243,4.618
-8.369,-11.018,5.075
-9.314,-9.326,4.529
-10.688,-8.364,4.881
-9.046,-8.029,3.448
-10.613,-12.202,5.359
-9.132,-10.881,3.711
-11.137,-7.388,4.603
-9.819,-10.712,4.912
-12.913,-10.597,5.3
-13.183,-11.678,6.182
-7.403,-10.145,4.759
-6.96,-8.75,6.769
-8.872,-5.702,3.237
-5.228,-7.972,4.022
-3.034,-6.443,2.783
-3.484,-3.12,6.541
-1.247,-8.029,7.991
-2.321,-8.372,7.666
-2.299,-7.23,9.238
-1.711,-2.254,11.085
-1.749,-4.357,10.377
1.481,-6.68,11.236
3.163,-5.603,8.814
-0.067,-3.639,9.951
1.579,-1.806,8.006
2.381,-4.237,7.63
-0.718,-5.386,9.063
-1.986,-4.886,9.635
-0.215,-5.446,8.91
2.019,-5.642,7.558
1.749,-5.922,6.623
-0.988,-6.111,7.996
-3.165,-4.28,9.829
-4.481,-4.371,11.384
-3.486,-7.441,10.791
-3.606,-8.321,9.767
-4.29,-8.939,9.912
-2.838,-6.965,9.845
-1.711,-7.422,10.176
-2.555,-8.338,9.594
-2.85,-8.094,9.573
-2.699,-6.218,9.4
-3.254,-5.594,9.367
-3.929,-5.57,8.733
-4.637,-6.17,8.202
-5.498,-6.357,8.764
-6.871,-6.348,8.262
-6.833,-6.41,8.24
-7.089,-5.807,8.29
-6.424,-4.426,9.111
-7.355,-2.792,9.341
-8.166,-2.507,8.96
-8.972,-4.031,8.697
-8.905,-4.35,9.097
-9.101,-1.433,9.317
-7.171,-0.256,9.317
-7.238,0.321,8.463
-5.335,-1.782,9.037
-6.948,-2.424,10.269
-6.855,-2.44,10.09
-4.352,-1.842,11.001
-6.18,-0.459,10.113
-7.163,-1.031,9.02
-8.008,-4.386,8.649
-7.005,-9.726,9.577
-7.675,-8.647,11.276
-7.242,-9.384,13.281
-9.654,-7.831,13.831
-9.082,-6.304,14.748
-9.953,-5.352,14.753
-10.353,-4.709,13.607
-9.783,-2.541,12.87
-9.259,-2.821,11.405
-9.606,-1.737,10.482
-9.321,-1.988,7.702
-8.97,-1.885,5.156
-9.018,-1.136,2.842
-9.424,-1.067,-1.596
-7.46,-1.811,-3.926
-4.993,-2.529,-5.106
-6.178,-3.196,-5.862
-5.905,-6.025,-5.371
-3.464,-9.625,-6.544
-4.189,-7.907,-9.723
-8.123,-2.644,-9.537
-6.927,4.694,-1.464
-0.423,0.845,-5.29
-4.62,-9.869,-8.405
-10.271,-28.342,-7.185
0.861,-15.851,-2.481
-4.663,-7.984,-5.513
-9.896,-9.3,-10.999
-2.156,-13.138,-12.611
4.453,-13.915,-18.923
1.383,-9.393,-17.617
9.345,-15.671,-23.474
-7.226,-11.214,-21.588
-19.253,-13.241,-13.997
14.836,-0.345,-22.17
2.462,-12.197,-15.884
-4.895,-9.745,-14.867
-0.122,-9.08,-9.14
4.941,-6.986,-7.893
2.644,-3.986,-7.714
2.12,-2.058,-6.491
3.481,-1.553,-3.814
3.821,-3.85,-2.268
2.07,-4.02,-3.783
0.658,-8.786,-3.797
2.189,-7.628,-2.067
4.154,-7.723,-1.067
2.333,-3.756,1.287
0.758,-3.988,1.416
0.433,-3.591,4.986
-2.531,-1.876,8.374
-2.974,-2.9,13.044
-3.419,-5.56,11.403
-3.266,-9.824,8.269
-2.201,-7.506,5.108
-2.448,-1.912,8.52
-3.967,-2.065,8.092
-6.204,-5.008,6.714
-4.572,-1.83,5.926
-5.187,-0.33,4.393
-7.549,-0.196,4.977
-5.513,2.206,3.012
-3.991,1.517,7.022
-6.013,0.395,9.592
-14.219,6.962,7.486
-11.116,3.732,7.379
-8.661,3.153,8.082
-12.8,2.369,9.709
-14.236,5.34,5.221
-14.131,-3.979,2.364
-17.124,-5.268,4.941
-17.825,-7.522,2.294
-17.554,-3.424,-2.816
-19.277,-11.594,-6.19
-25.347,-10.74,-7.556
-30.532,-10.834,-9.879
-27.809,-15.753,-11.312
-25.799,-3.953,-7.257
-26.744,-5.625,6.235
-8.752,3.661,4.28
-16.851,0.651,6.58
-25.397,-1.615,6.582
-11.733,-1.136,10.611
-20.198,-2.979,12.097
-22.103,-2.015,5.096
-30.12,-12.729,0.892
-14.128,-19.61,0.345
-25.562,-19.007,-3.0
-19.892,-4.773,-1.83
-16.413,-23.163,-2.96
-8.4,-11.056,0.474
-10.941,1.876,0.416
-8.814,-11.468,4.386
0.935,0.371,4.11
1.756,3.201,10.762
2.646,3.268,12.896
3.431,0.813,11.575
3.01,-1.974,12.307
4.433,2.505,9.661
8.64,7.924,6.419
5.218,4.472,3.653
2.053,-2.168,10.381
3.773,-7.41,1.127
0.957,-2.335,-4.182
3.283,1.67,-9.29
6.84,5.682,-3.823
5.68,6.101,-5.101
3.019,3.438,-5.515
1.146,9.204,-9.171
4.744,8.747,-11.214
4.718,8.288,-10.537
3.871,7.108,-4.606
-1.976,0.079,-12.762
3.012,5.276,-15.781
2.885,7.194,-14.329
0.278,4.713,-11.003
0.136,0.304,-12.451
1.292,-0.421,-14.308
3.086,2.409,-12.209
3.802,2.165,-12.001
3.036,-0.395,-13.078
2.491,-3.06,-11.908
1.012,-3.153,-10.472
-0.447,-1.737,-9.068
-1.029,-1.337,-8.233
1.184,-2.405,-10.913
4.029,-2.627,-11.98
6.257,-1.428,-11.432
2.938,-1.481,-7.91
-1.742,-0.981,-6.259
-1.256,-1.761,-8.132
4.467,-0.811,-8.946
7.922,2.787,-7.494
7.096,3.945,-8.111
4.589,3.496,-7.561
4.493,1.081,-6.687
4.646,-0.636,-5.417
6.769,-0.342,-4.634
9.924,-0.84,-6.13
11.738,0.266,-5.9
9.597,7.427,-4.821
6.63,8.759,-4.553
8.8,4.52,-9.106
9.568,7.163,-6.044
9.08,1.503,-5.245
4.548,-4.802,-7.814
9.353,4.302,-11.066
6.108,4.151,-12.35
12.001,2.725,-11.487
9.176,-9.573,-7.8
10.767,-2.45,-9.472
0.455,18.708,-4.687
5.383,6.869,-20.636
-8.671,-12.819,-17.944
-9.8,-6.314,-11.728
-6.3,0.663,-6.955
-5.276,1.081,-8.522
-2.668,-3.823,-12.008
-0.598,-3.481,-9.333
-1.117,0.902,-11.085
-1.034,2.333,-12.537
-5.233,3.811,-13.095
-4.11,12.396,-8.034
3.046,5.003,-13.619
1.893,-9.752,-15.226
-3.668,-7.809,-8.018
-0.278,0.464,-13.482
-5.149,-2.06,-6.601
-5.233,-3.232,-10.86
4.599,-4.137,-8.283
2.192,-3.417,-10.403
-2.242,-1.986,-8.436
-3.366,-7.738,-7.135
0.857,-7.709,-10.501
0.1,-3.352,-13.274
-0.799,0.553,-11.623
0.624,-1.68,-9.683
-0.423,-6.56,-15.961
2.869,-2.455,-10.958
0.574,-7.108,-10.401
-4.773,-7.762,-14.973
-3.747,-4.498,-11.173
-5.51,-6.202,-5.39
-5.618,-4.139,0.656
-7.173,2.364,0.29
-12.642,-5.524,1.318
-8.264,-11.482,2.184
-4.41,-11.185,0.562
-6.601,-4.658,-0.782
-9.874,-7.972,3.993
-11.248,-9.577,0.811
-9.587,-2.249,2.859
-8.597,-2.806,2.397
-8.128,-17.004,1.629
-8.556,-16.961,-1.543
-13.784,-3.539,1.878
-12.513,-10.235,3.204
-7.013,-17.715,0.89
-7.982,-13.934,4.749
-8.326,-11.824,8.228
-6.391,-16.04,4.146
-2.728,-11.504,5.218
-0.333,-14.006,9.678
-2.314,-14.303,6.405
-2.086,-14.851,5.649
-4.039,-15.009,4.833
-12.499,-9.132,7.125
-11.326,-5.536,8.898
-8.807,-11.781,7.977
-7.424,-11.283,8.398
-8.152,-7.709,6.766
-5.065,-5.682,8.166
-5.314,-5.599,8.247
-4.407,-6.544,6.333
-5.754,-4.343,5.359
-6.025,-5.575,4.79
-7.592,-3.988,6.041
-8.049,-3.708,6.663
-8.74,-2.543,8.02
-6.807,-1.692,6.501
-4.582,-3.173,6.254
-3.33,-0.907,5.895
-4.933,-0.598,7.037
-4.18,0.727,7.41
-1.838,-0.227,6.63
0.211,-0.761,7.314
-0.031,-1.488,7.96
-0.845,-2.326,8.283
-0.522,-3.385,7.73
0.041,-4.893,8.185
0.584,-5.02,8.96
0.632,-5.529,9.587
-0.84,-5.355,10.255
-1.002,-5.742,9.788
-1.694,-6.726,8.998
-3.177,-8.013,8.86
-4.244,-9.104,9.037
-4.752,-9.764,8.58
-4.469,-9.944,7.991
-4.431,-9.764,7.642
-4.601,-9.424,6.998
-4.831,-9.625,6.958
-5.032,-9.81,6.462
-4.673,-10.068,6.501
-4.106,-9.819,6.671
-4.795,-9.269,6.819
-5.096,-9.616,6.663
-5.07,-10.003,6.158
-5.446,-9.752,5.716
-6.328,-9.288,5.642
-7.302,-9.154,6.108
-6.723,-9.082,6.797
-6.809,-8.597,7.065
-7.508,-8.037,6.706
-8.403,-8.034,5.864
-7.757,-6.919,6.505
-7.628,-5.213,8.228
-8.152,-2.811,8.223
-7.644,-3.405,7.082
-8.35,-6.297,5.879
-6.682,-8.465,6.532
-6.075,-7.068,5.178
-6.07,-6.438,4.043
-5.29,-7.381,6.02
-5.991,-6.757,7.281
-5.398,-5.843,8.159
-3.529,-5.673,9.266
-5.584,-5.883,9.027
-6.498,-6.429,8.463
-5.245,-4.087,7.829
-6.106,-4.343,9.097
-5.931,-4.991,8.788
-4.62,-3.725,9.02
-1.543,-3.388,10.652
-5.268,-7.24,13.408
-3.316,-11.559,12.889
-3.536,-14.329,13.119
-5.29,-13.248,12.494
-6.977,-9.278,10.618
-8.977,-5.108,10.195
-9.755,-5.106,9.673
-7.479,-5.142,8.137
-5.771,-6.233,6.063
-7.355,-6.946,5.161
-7.934,-4.797,2.902
-6.816,-3.589,1.656
-4.276,-2.804,-1.0
-4.67,-3.967,-3.575
-5.546,-4.546,-4.692
-2.955,-5.118,-6.123
0.089,-5.091,-6.649
-1.538,-2.857,-5.225
-5.981,-2.134,-3.893
-5.453,-3.225,-4.223
-5.223,-5.132,-6.044
-8.635,-6.12,-10.869
-4.146,-8.302,-5.498
-1.565,-17.468,-4.945
-6.871,-13.875,-7.891
-3.708,-5.792,-12.745
0.49,-10.113,-14.257
-0.524,-11.903,-13.327
-0.404,-10.365,-13.946
-1.845,-12.463,-16.418
13.482,-11.09,-15.798
-3.553,-0.345,-26.426
13.506,-3.374,-24.713
2.012,-10.135,-14.205
-1.656,-7.216,-15.846
3.29,-2.866,-15.088
3.335,-2.165,-13.898
0.696,0.785,-12.729
1.744,6.955,-12.585
1.148,4.601,-11.233
0.4,1.397,-10.302
-0.258,3.292,-8.742
-0.818,1.407,-6.874
-1.089,0.356,-6.374
-1.991,1.251,-8.063
-2.589,-1.897,-10.011
-1.024,3.256,-10.893
-5.477,-3.369,-10.149
-4.85,-5.766,-11.037
-3.694,-10.221,-13.248
1.349,-10.91,-12.102
-2.055,-11.549,-11.355
-3.613,-7.498,-7.891
-5.005,6.3,-4.149
-2.015,0.89,3.177
-1.579,-9.503,1.763
-4.747,-8.374,0.33
-8.994,-7.762,0.498
-7.441,-11.499,1.038
-3.912,1.809,-1.125
-8.764,-3.347,4.326
-12.317,-20.799,1.012
-6.285,-20.605,2.082
-8.489,-7.683,6.594
-10.939,-10.941,5.797
-10.719,-17.66,5.486
-4.4,-14.705,7.807
-8.69,-13.944,8.879
-9.027,-5.711,6.601
-8.666,-15.944,5.893
-7.525,-20.736,7.927
-8.001,-10.128,6.974
-7.333,-5.867,6.276
-5.637,-12.109,7.003
-1.806,-16.569,2.448
-7.264,-16.181,4.56
-6.68,-2.668,7.403
-5.039,-9.434,6.178
-1.912,-12.963,4.627
-2.933,-16.6,6.883
-10.558,-7.199,6.297
-7.484,-2.421,4.23
-5.694,-9.793,5.687
-6.068,-2.634,5.749
-6.702,1.584,8.494
-2.35,-1.648,8.9
-5.436,-1.215,7.527
-2.629,0.471,9.341
-4.304,-0.22,9.372
-1.804,1.108,7.852
1.165,0.876,6.843
0.512,0.122,8.13
-1.9,-1.192,9.408
-1.694,-0.596,8.613
-0.246,-3.45,9.441
1.084,-2.646,7.709
0.476,-2.285,9.216
0.029,-1.058,10.783
0.479,-1.493,10.439
-0.208,-3.991,10.396
0.294,-6.398,8.912
0.653,-7.654,9.116
0.959,-7.297,9.592
1.086,-5.414,10.374
-0.541,-3.905,11.207
-2.043,-4.264,11.779
-2.728,-5.288,11.236
-3.072,-6.656,11.023
-3.823,-7.482,10.582
-4.118,-7.458,10.063
-3.031,-7.762,9.51
-2.536,-8.376,9.008
-2.515,-8.943,8.352
-2.534,-9.228,8.039
-1.998,-9.343,8.434
-3.031,-8.675,8.211
-4.204,-8.111,8.063
-4.465,-8.314,7.953
-4.307,-7.558,7.972
-4.747,-6.192,7.762
-6.051,-6.065,8.094
-6.429,-5.773,7.539
-6.855,-5.479,8.018
-7.379,-4.137,7.776
-7.18,-2.888,7.537
-7.053,-2.259,8.259
-6.417,-2.01,8.963
-6.304,-2.206,8.967
-5.46,-1.29,8.161
-6.682,-2.335,8.147
-6.321,-2.943,8.312
-2.711,-4.9,8.202
-1.538,-2.096,9.128
-4.778,-2.893,9.621
-2.938,-4.469,8.027
-2.876,-4.759,9.666
-4.211,-4.187,10.377
-4.474,-5.546,10.561
-5.618,-5.077,10.08
-6.625,-5.668,8.068
-4.063,-6.606,9.348
-2.335,-4.218,9.853
-3.565,-3.515,13.372
-6.137,-5.85,13.348
-4.302,-6.843,11.513
-3.031,-9.891,12.611
-4.072,-10.369,13.312
-3.79,-7.735,13.267
-3.914,-6.812,13.956
-4.73,-8.807,12.413
-5.534,-9.829,10.566
-6.474,-7.137,9.774
-7.037,-5.29,8.881
-7.781,-5.847,7.328
-6.694,-4.819,6.173
-4.883,-2.16,5.833
-3.369,-0.06,3.28
-3.802,0.51,1.168
-5.977,-1.629,0.605
-3.816,-3.46,-2.103
-1.125,-4.431,-4.649
-0.711,-5.486,-5.271
0.067,-4.955,-5.072
2.094,-1.105,-3.314
-0.414,1.505,-3.28
-5.419,-2.285,-3.287
-4.5,-5.039,-4.876
-4.156,-7.855,-4.802
-3.73,-12.116,-0.589
0.139,-14.48,-3.644
-4.914,-10.106,-6.328
-6.08,-8.451,-7.539
-0.136,-13.597,-5.582
0.866,-13.738,-6.871
-2.964,-11.922,-10.585
-1.134,-14.48,-14.657
12.834,-14.415,-14.212
-25.019,-8.448,-24.091
13.961,1.656,-23.761
2.079,-8.754,-15.145
-5.529,-5.718,-16.064
1.091,-4.632,-12.908
4.213,-1.282,-14.195
1.651,0.179,-12.401
1.409,3.07,-12.298
2.584,6.441,-11.932
5.453,6.441,-14.372
0.723,3.182,-11.862
-1.541,0.258,-8.783
-0.636,-2.479,-10.109
-4.488,-0.534,-10.683
-5.091,-0.648,-9.082
-1.878,-2.29,-11.37
-1.775,-5.548,-11.125
-3.118,-7.888,-10.726
-3.35,-7.398,-9.357
-5.716,-3.118,-6.269
-3.823,-2.737,-6.661
-1.242,-5.326,-4.943
-3.4,-7.941,-5.182
-7.525,-5.565,0.488
-6.192,-4.357,2.232
-3.859,2.46,4.666
-9.374,-5.886,0.88
-12.65,-17.483,4.137
-9.037,-9.015,2.22
-10.154,-8.912,3.651
-4.8,-17.32,1.756
-8.924,-20.61,3.73
-9.975,-7.494,6.127
-11.492,-12.044,10.006
-4.393,-16.224,4.417
-4.867,-13.461,5.931
-11.894,-16.851,7.484
-9.688,-12.583,6.419
-8.254,-13.616,5.254
-6.446,-10.362,3.819
-5.484,-9.477,4.096
-4.149,-6.001,4.144
-7.577,-17.432,4.345
-12.078,-17.832,5.075
-10.147,-3.412,8.297
-5.838,-1.536,5.881
-4.831,-14.308,11.764
-4.833,-12.262,8.113
-9.728,-6.259,7.283
-5.197,-6.742,4.072
-2.443,-0.962,-0.211
-5.661,-2.407,4.438
-4.625,-3.548,6.448
-2.601,-1.192,3.68
-2.304,0.522,3.974
-0.9,2.156,7.699
-0.935,4.589,8.97
-3.07,7.266,7.573
-1.275,6.615,6.005
0.522,4.713,7.907
-0.701,4.299,10.948
0.345,4.4,12.427
0.804,4.096,11.489
-1.256,-1.957,10.946
-0.531,-2.038,9.716
-0.885,-1.589,10.865
-1.663,-0.065,11.798
-2.297,-1.0,12.267
-1.926,-1.701,11.714
-1.689,-3.371,11.556
-1.72,-3.831,11.305
-2.629,-2.907,11.31
-3.065,-3.259,11.669
-3.053,-3.512,10.968
-3.096,-3.847,10.774
-2.012,-3.804,11.451
-1.976,-4.209,11.611
-2.412,-5.022,11.293
-2.646,-6.331,11.015
-2.582,-6.144,10.546
-2.811,-6.068,9.764
-3.555,-6.472,9.448
-4.125,-6.496,9.372
-3.118,-6.513,9.298
-3.457,-6.199,8.948
-4.328,-5.979,9.152
-4.833,-4.972,8.695
-5.359,-3.606,8.86
-6.161,-2.457,8.563
-5.938,-1.515,9.099
-6.403,-0.857,9.075
-6.886,-0.486,8.764
-6.008,-1.014,8.8
-6.498,-2.084,8.14
-6.661,-2.936,8.632
-6.955,-2.323,8.714
-5.335,-1.62,9.709
-4.091,-0.514,9.235
-5.539,-1.924,8.967
-4.41,-3.522,8.884
-2.596,-4.075,8.738
-2.213,-4.077,10.197
-2.311,-3.886,9.798
-3.333,-4.532,10.537
-3.146,-4.24,9.833
-6.795,-4.938,10.099
-5.268,-6.654,8.898
-4.792,-8.19,8.08
-3.484,-7.099,8.168
-3.708,-8.037,8.419
-4.017,-8.262,10.877
-2.993,-7.056,10.752
-2.993,-9.338,10.659
-4.331,-8.412,10.908
-4.747,-6.936,12.078
-3.39,-4.465,12.283
-3.0,-5.575,12.819
-3.72,-7.075,12.183
-3.651,-8.795,10.869
-3.96,-9.25,9.405
-4.682,-7.391,8.939
-5.051,-5.706,8.439
-5.883,-4.852,5.166
-6.331,-3.764,2.235
-4.936,-2.687,1.584
-3.103,-2.261,1.469
-2.546,-1.991,-0.371
-2.936,-1.66,-2.089
-2.287,-1.988,-2.771
0.342,-2.857,-3.512
2.878,-3.828,-3.297
2.615,-3.929,-4.108
-0.285,-4.297,-4.986
0.455,-3.185,-3.536
2.35,0.048,-2.943
-0.215,-1.175,-4.079
-2.639,-6.446,-4.596
-0.718,-8.745,-3.213
-1.481,-8.972,-2.11
-5.431,-10.123,-5.644
-4.433,-11.137,-8.314
-2.414,-10.733,-8.13
-1.995,-11.188,-10.767
-1.591,-12.458,-14.171
-0.852,-11.927,-18.48
-8.585,-21.335,-45.959
3.455,6.857,-28.907
7.082,-6.508,-25.881
-0.794,-7.257,-17.573
-2.677,-2.756,-14.305
3.943,-1.617,-10.941
3.594,-2.256,-11.958
1.553,1.967,-13.898
0.924,5.505,-12.53
2.617,3.627,-13.69
4.319,3.187,-11.874
-1.244,-0.005,-7.807
-2.929,-0.026,-8.185
-2.543,-0.227,-9.599
-1.024,-0.507,-10.348
-1.373,-1.144,-14.372
-1.098,0.385,-11.714
-1.495,-5.663,-11.831
-3.053,-8.207,-9.527
-2.417,-7.534,-9.453
-3.979,-4.941,-6.852
-5.462,-3.024,-5.481
-1.244,-5.56,-4.5
-0.179,-5.223,-0.182
-6.17,-3.027,2.472
-7.996,-5.347,1.644
-6.163,-5.539,2.598
-7.372,-4.13,0.828
-7.972,-11.415,1.072
-6.321,-14.329,0.5
-5.646,-12.767,2.548
-7.991,-12.236,2.05
-9.52,-16.545,4.386
-8.802,-8.542,6.417
-7.573,-13.745,6.419
-8.802,-13.324,5.74
-8.137,-11.032,8.652
-9.173,-12.848,8.762
-10.846,-14.784,6.824
-7.096,-12.499,4.515
-4.194,-6.783,1.648
-4.51,-7.233,3.742
-6.627,-11.334,3.809
-8.24,-14.489,3.397
-8.309,-7.223,4.558
-7.013,-6.381,4.548
-9.984,-8.192,5.651
-7.793,-10.24,5.276
-6.23,-8.077,8.281
-5.824,-4.331,7.151
-6.919,-8.467,6.881
-2.661,-7.575,7.187
-7.111,-4.776,7.575
-3.905,-3.347,6.154
-3.577,-4.9,7.008
-3.058,-6.34,6.814
-1.39,-5.529,6.625
-2.168,-4.156,8.001
-4.036,-4.273,6.836
-3.687,-6.649,8.034
-0.452,-6.84,7.575
0.548,-5.678,8.281
-0.103,-3.208,9.262
1.041,-4.4,8.051
1.584,-5.807,7.685
0.737,-6.029,7.51
0.146,-5.938,8.161
-1.66,-5.345,8.285
-2.428,-6.522,8.001
-1.017,-8.654,7.654
-1.122,-9.018,8.01
-1.897,-7.714,8.924
-3.912,-6.587,9.786
-4.599,-6.422,9.058
-5.036,-7.64,9.07
-5.123,-8.9,8.551
-4.67,-9.644,8.183
-3.921,-9.896,8.367
-4.457,-10.097,8.12
-4.474,-9.843,7.41
-4.697,-10.233,7.355
-4.843,-8.649,7.563
-3.79,-8.003,8.611
-4.575,-6.604,7.735
-6.082,-6.137,7.599
-5.847,-5.393,7.75
-5.424,-4.9,8.503
-6.326,-3.814,7.907
-7.692,-3.036,7.094
-8.178,-3.259,8.108
-7.285,-3.362,8.161
-7.204,-3.826,8.331
-6.41,-4.898,9.018
-6.048,-5.056,8.867
-4.106,-4.268,9.176
-6.517,-3.216,8.199
-4.771,-3.017,8.142
-3.673,-1.593,7.517
-4.371,-2.912,8.582
-5.017,-3.369,9.609
-5.96,-4.766,9.661
-5.142,-4.871,10.771
-7.288,-3.941,9.065
-6.584,-5.132,7.23
-8.173,-9.082,5.599
-5.39,-7.958,8.374
-0.376,-6.393,11.736
-2.876,-7.388,10.724
-3.505,-12.408,10.444
-4.395,-13.037,9.668
-4.553,-9.152,10.721
-4.228,-6.644,11.353
-2.263,-6.685,10.408
-2.531,-9.764,9.989
-3.362,-11.587,8.128
-2.529,-12.106,6.761
-2.763,-10.537,4.857
-5.036,-8.991,4.39
-6.675,-5.857,3.553
-6.912,-4.445,2.806
-3.685,-3.161,0.457
-0.598,-0.995,-1.17
-2.486,0.672,-1.854
-3.895,0.029,-1.692
0.646,-3.759,-3.115
1.115,-5.584,-3.201
-1.538,-3.519,-4.809
-0.44,-2.417,-4.637
4.142,-0.739,-3.948
1.007,2.637,-3.165
-5.419,-0.993,-1.577
-3.072,-7.142,-4.146
0.163,-8.034,-5.178
-3.874,-6.24,-4.479
-4.761,-8.594,-6.309
-1.239,-10.044,-5.453
-0.572,-8.915,-9.247
-2.759,-9.369,-13.853
-3.326,-10.171,-11.984
-1.328,-11.977,-11.731
7.147,-15.621,-14.623
-2.799,-17.779,-38.413
8.068,14.827,-13.346
5.168,-6.757,-17.786
-1.139,-13.083,-16.037
-2.527,-5.376,-13.906
1.665,-3.72,-11.846
4.087,-3.665,-12.379
3.144,-1.45,-11.764
3.89,3.981,-13.631
2.448,4.098,-12.743
1.122,0.988,-11.178
-0.687,0.098,-9.348
-1.491,0.512,-8.826
-2.094,0.203,-9.508
-1.919,-0.718,-9.733
-0.304,-1.266,-9.776
0.012,-4.283,-10.058
-1.68,-5.111,-10.2
-4.063,-7.228,-9.386
-6.63,-7.86,-10.362
-7.027,-11.798,-12.083
-3.326,-6.592,-7.888
-3.558,2.082,-0.4
-6.599,5.333,3.673
-6.678,-8.695,1.971
-6.8,-14.693,-1.833
-6.594,-9.716,-0.031
-9.321,-4.644,4.24
-5.981,-7.663,2.512
-9.642,-14.102,3.225
-7.19,-20.43,2.5
-5.893,-15.217,0.641
-6.357,-7.795,6.845
-13.415,-14.944,9.183
-10.867,-16.423,5.223
-9.42,-12.65,4.532
-6.651,-9.714,5.606
-8.156,-11.764,4.584
-6.474,-12.126,3.051
-2.438,-9.231,2.723
-3.137,-9.798,1.66
-9.314,-10.989,5.62
-8.257,-7.675,4.209
-7.104,-16.198,3.469
-3.555,-10.398,3.314
-3.823,-4.311,2.634
-5.422,-6.924,10.231
-4.082,-9.436,6.639
-3.512,-12.281,4.39
-4.357,-6.481,4.965
-3.63,-1.5,8.199
-3.931,-1.211,7.635
-1.981,-3.259,7.86
-2.431,-0.684,11.36
-1.445,-0.572,11.042
-0.225,-3.393,10.74
0.895,-3.158,9.683
-0.242,-2.579,9.767
-0.773,-2.23,11.202
0.146,-2.412,9.927
0.651,-4.12,9.377
-0.184,-4.244,8.644
-0.05,-3.689,8.917
0.933,-4.919,10.46
0.435,-4.328,10.52
-0.469,-4.146,10.403
-1.641,-5.618,10.164
-1.108,-6.345,9.412
-0.701,-6.565,9.269
-1.629,-6.163,9.561
-2.122,-5.472,9.618
-1.046,-5.965,8.855
-1.172,-5.69,8.532
-2.022,-6.927,8.984
-3.187,-7.738,9.176
-3.012,-9.121,8.63
-2.421,-10.133,8.24
-3.055,-10.652,7.592
-3.268,-10.496,7.785
-3.165,-9.774,8.152
-3.527,-9.121,8.192
-4.101,-8.187,7.668
-4.802,-8.204,6.804
-5.374,-8.542,6.182
-5.123,-8.149,6.075
-5.149,-7.448,5.668
-5.886,-6.738,5.802
-6.661,-6.182,6.216
-7.063,-5.821,6.352
-7.273,-4.828,7.8
-6.623,-3.271,8.594
-5.725,-3.366,8.675
-6.261,-4.352,8.814
-6.824,-3.637,8.613
-4.079,-2.998,8.503
-4.859,-3.007,8.295
-4.78,-3.376,8.424
-3.816,-2.938,8.357
-2.914,-2.196,8.898
-3.206,-3.175,8.862
-1.325,-3.18,9.965
-3.149,-2.663,10.087
-5.297,-2.984,10.965
-4.826,-2.519,8.398
-3.527,-6.422,8.958
-4.979,-5.977,8.575
-3.976,-7.616,9.063
-2.45,-9.642,8.946
-1.821,-14.088,9.386
-3.122,-15.052,11.078
-4.953,-10.793,12.312
-6.139,-7.747,11.161
-4.725,-8.635,11.355
-3.299,-10.496,11.915
-3.309,-11.669,11.147
-4.608,-12.568,8.513
-6.23,-12.762,7.12
-6.276,-9.51,6.211
-6.907,-6.462,4.68
-7.187,-4.807,2.316
-7.223,-3.29,-0.34
-6.747,-1.213,-2.725
-5.036,1.242,-3.792
-3.924,2.067,-3.797
-2.192,-0.208,-4.323
-0.464,-3.412,-5.067
-0.5,-3.759,-6.486
0.249,-2.297,-5.484
-0.266,0.129,-5.469
-4.221,-1.711,-6.106
-3.823,-4.022,-3.263
-0.321,-9.491,-4.218
-3.393,-11.666,-4.192
-5.742,-12.996,-6.936
-0.696,-10.795,-10.401
1.376,-9.396,-10.549
1.531,-10.223,-14.245
0.251,-8.41,-14.31
-0.103,-10.769,-17.306
10.738,-10.209,-22.115
-9.879,-9.283,-44.803
11.018,5.713,-19.777
7.369,-5.867,-21.493
-2.512,-6.986,-12.889
-1.168,-3.874,-12.817
5.402,-2.873,-13.121
3.347,-0.574,-11.975
0.596,2.122,-10.908
0.998,3.469,-12.934
4.096,4.534,-12.724
2.751,3.46,-8.522
-2.596,1.235,-8.202
-2.972,0.534,-8.441
-2.287,1.639,-11.972
0.065,0.565,-12.173
-0.385,0.273,-12.085
-3.467,-2.95,-9.444
-1.589,-11.092,-8.872
-1.503,-6.97,-6.541
-6.472,-2.962,-0.569
-4.393,-6.936,-1.519
-1.732,-11.453,-6.472
-1.321,-8.867,-2.11
-5.912,-4.615,1.878
-8.697,1.706,2.4
-5.237,-4.838,4.302
-5.056,-9.673,2.082
-7.685,-14.518,-0.806
-6.096,-13.815,2.338
-4.0,-6.874,2.859
-4.68,-7.594,3.29
-7.838,-16.528,1.278
-11.31,-16.939,3.857
-9.735,-11.377,7.01
-8.422,-8.226,5.941
-9.3,-12.807,6.302
-8.721,-15.387,4.733
-7.821,-9.58,6.702
-8.86,-8.369,4.493
-7.508,-10.963,2.649
-6.917,-12.219,2.584
-8.762,-11.609,2.218
-10.499,-8.381,3.443
-8.429,-6.644,3.898
-9.113,-12.032,3.077
-8.618,-10.137,4.225
-6.84,-6.723,5.572
-8.24,-8.068,4.945
-4.431,-14.755,4.819
-6.534,-13.523,6.551
-9.058,-6.773,9.235
-5.941,-8.891,8.101
-3.419,-10.137,7.123
-3.383,-8.312,7.362
-2.29,-4.323,9.671
3.637,-1.074,6.752
1.601,-5.596,7.02
0.005,-4.924,7.022
-0.196,-0.359,11.846
2.811,2.266,11.477
1.94,-3.761,7.817
1.656,-5.804,7.022
0.596,-3.661,7.41
1.115,-2.16,9.008
1.66,-0.364,9.31
-0.206,-1.857,9.893
-1.445,-4.094,8.513
-1.337,-6.484,8.168
-1.39,-7.924,7.994
-1.141,-6.927,9.018
-1.538,-6.312,10.881
-2.015,-6.264,11.602
-2.596,-6.974,10.726
-2.862,-8.888,10.372
-2.254,-9.812,9.563
-2.024,-9.85,9.015
-1.61,-9.752,8.23
-2.012,-9.372,6.419
-2.826,-8.226,6.247
-3.634,-5.778,7.156
-4.455,-5.747,8.252
-4.295,-6.307,8.245
-6.005,-6.379,7.845
-7.604,-6.534,8.503
-7.733,-4.584,8.534
-6.529,-4.242,8.618
-5.855,-4.268,7.494
-7.812,-6.501,7.8
-7.702,-5.802,9.032
-6.522,-1.136,9.321
-5.271,1.464,9.274
-4.043,1.921,9.47
-3.728,0.785,9.386
-4.264,-0.364,7.891
-3.929,-0.28,10.008
-3.649,-0.187,11.664
-6.001,-0.325,10.599
-7.982,-1.806,9.927
-9.166,-3.122,8.429
-9.082,-5.627,5.991
-4.017,-5.625,10.192
-3.797,-4.548,12.437
-2.046,-5.78,13.949
-2.62,-9.951,13.791
-4.39,-12.772,13.025
-6.139,-8.087,13.217
-6.766,-6.001,12.822
-6.852,-6.386,11.551
-4.979,-8.886,10.948
-4.579,-11.039,10.58
-6.103,-12.281,9.829
-6.79,-10.14,7.214
-6.498,-6.472,5.788
-5.757,-4.343,4.125
-7.376,-3.371,3.225
-7.149,-0.112,0.392
-4.821,0.624,-1.072
-4.043,1.895,-1.842
-5.582,0.041,-1.931
-3.23,-1.007,-3.761
-0.469,-2.656,-5.194
-2.981,-1.747,-7.374
-2.089,1.055,-4.264
1.443,0.751,-1.151
-4.347,-2.907,-3.586
-8.738,-3.476,-6.804
-2.366,-4.582,-3.421
-5.144,-7.922,-3.878
-10.147,-11.7,-7.422
-3.22,-11.255,-5.721
-1.448,-9.838,-7.769
-5.934,-10.829,-14.671
-4.823,-11.288,-17.664
-2.125,-9.934,-17.806
16.798,-15.896,-24.938
-1.495,3.907,-19.165
0.79,-2.115,-23.129
-0.596,-13.372,-18.49
-2.196,-6.336,-15.81
1.797,-2.137,-12.762
4.498,-1.203,-15.896
1.452,-0.735,-13.745
1.771,4.063,-14.674
1.187,4.443,-13.599
0.273,3.424,-11.523
-0.622,2.742,-10.156
-1.457,0.981,-8.235
-4.522,0.866,-7.628
-3.627,0.751,-7.867
-0.043,-0.199,-11.738
-0.708,-3.438,-9.752
-4.742,-2.981,-9.243
-4.551,-6.297,-9.271
-3.173,-8.833,-7.07
-3.462,-12.456,-6.795
-3.965,-7.022,-5.955
-5.039,-1.617,-0.593
-2.053,-2.376,1.366
-1.878,-6.793,-0.459
-4.398,-5.414,-0.089
-9.697,-6.551,0.888
-9.831,-3.673,1.57
-5.056,-6.953,2.751
-5.044,-11.374,0.689
-7.805,-11.882,2.354
-7.355,-11.003,3.297
-7.247,-13.274,0.605
-11.291,-18.368,3.211
-8.096,-7.13,4.524
-11.207,-8.544,6.041
-9.388,-17.375,3.11
-7.587,-12.52,3.579
-8.9,-9.307,3.735
-10.611,-13.925,2.921
-10.817,-16.281,1.593
-14.293,-13.705,3.594
-12.417,-10.475,5.565
-10.532,-10.19,4.634
-8.742,-12.767,5.513
-10.468,-10.934,8.321
-7.616,-9.41,6.759
-5.067,-9.991,6.314
-3.259,-7.343,4.359
-2.254,-6.706,5.144
-0.562,-1.708,5.13
-3.268,-5.914,6.075
-3.728,-5.089,2.491
-2.675,-8.958,5.209
-4.414,-5.075,9.29
-4.477,-1.84,9.065
-0.462,-6.857,8.608
-2.536,-9.599,6.386
-4.022,-6.029,7.927
-2.409,-2.094,9.149
-1.392,-1.424,8.623
-0.488,-3.409,8.843
-1.16,-2.438,9.042
-2.168,-2.79,7.611
-0.816,-4.496,7.479
-0.012,-4.311,7.563
-1.086,-5.333,8.431
-1.83,-5.45,7.472
-2.098,-6.278,7.269
-1.56,-8.508,7.092
-3.206,-8.577,7.151
-5.374,-9.176,8.077
-4.73,-9.944,7.135
-2.962,-11.642,7.056
-1.385,-11.951,6.118
-3.199,-12.135,6.759
-3.409,-11.025,6.575
-3.807,-9.731,6.776
-2.589,-9.987,6.8
-2.84,-9.97,6.364
-3.859,-9.233,5.623
-4.57,-8.388,6.046
-5.079,-5.91,6.345
-6.199,-6.07,6.426
-6.728,-8.08,6.158
-8.35,-8.503,5.907
-8.79,-3.531,7.247
-8.242,-2.675,7.781
-7.374,-2.139,7.759
-6.888,-4.972,8.12
-7.168,-6.843,8.35
-7.484,-4.682,7.802
-7.254,-2.673,8.034
-4.237,-2.512,8.372
-5.448,-2.711,8.116
-2.263,-4.548,9.637
-5.022,-4.142,10.408
-4.933,-5.783,10.066
-5.757,-6.644,10.523
-6.639,-6.156,8.604
-6.86,-6.692,8.439
-5.008,-8.671,12.094
-5.481,-13.037,14.518
-7.747,-17.846,12.016
-9.984,-9.216,12.996
-9.989,-4.144,15.083
-10.398,-5.929,13.171
-10.523,-5.752,10.752
-9.554,-3.577,10.41
-8.003,-3.917,9.506
-6.278,-7.089,6.8
-5.611,-6.388,4.73
-7.096,-3.938,3.57
-9.302,-3.586,0.579
-8.558,-2.139,-3.72
-6.345,0.033,-3.876
-6.472,0.869,-2.792
-6.072,0.038,-3.725
-1.823,-0.995,-5.981
-0.849,-3.378,-5.948
-5.819,-1.17,-8.197
-7.228,-0.347,-9.621
-0.057,-0.634,-2.708
-2.818,-6.74,-5.053
-10.721,-6.467,-8.314
-4.417,-4.098,-4.749
0.88,-15.119,-9.329
-8.955,-20.428,-10.496
-5.898,-6.151,-15.442
-1.443,-1.11,-17.71
-3.385,-5.824,-16.363
1.833,-16.633,-21.466
1.885,-26.077,-78.139
7.848,8.752,-19.94
10.372,-2.115,-17.818
1.452,-10.204,-14.037
0.309,-4.579,-14.669
3.926,-1.392,-13.87
0.33,0.273,-12.379
-1.27,2.251,-11.762
2.326,4.833,-8.731
1.182,2.419,-9.089
-5.319,-0.823,-2.074
-4.388,0.38,-2.388
-1.914,-0.29,-9.91
1.328,-2.294,-13.989
-2.084,3.603,-12.571
-5.826,-6.479,-10.587
-2.926,-5.73,-7.486
-3.051,-7.302,-5.448
-3.496,-9.735,-3.252
-5.158,-8.745,-1.78
-3.778,-5.91,2.201
-1.459,-3.57,3.33
-0.285,-5.065,1.735
-5.182,-6.726,2.421
-6.065,-8.319,2.388
-6.529,-4.981,0.555
-6.735,-5.455,-0.053
-9.31,-7.606,2.771
-6.678,-9.666,2.364
-5.307,-12.946,2.428
-8.759,-16.215,4.326
-9.774,-11.944,2.354
-6.611,-8.719,6.403
-8.144,-9.79,6.333
-9.819,-16.25,6.472
-9.446,-14.86,4.989
-10.058,-8.219,8.295
-10.152,-9.444,7.331
-9.764,-16.025,4.048
-11.894,-11.496,3.307
-10.843,-6.998,4.154
-11.702,-10.707,3.127
-10.324,-12.822,2.426
-9.408,-11.798,1.053
-12.642,-10.807,3.433
-11.2,-8.336,3.409
-9.958,-12.767,4.096
-10.814,-14.109,6.099
-9.711,-9.654,4.5
-5.24,-10.465,4.835
-2.455,-2.184,4.137
-6.07,-8.855,3.397
-7.398,-9.479,5.386
-5.57,-2.249,4.948
-1.266,-2.754,4.948
-2.517,-1.244,3.701
-3.206,2.323,6.757
-1.412,4.876,9.958
0.584,1.646,10.013
0.05,-5.402,9.872
-3.18,-5.132,7.924
-1.68,-3.424,9.948
-1.608,-1.782,10.69
-1.747,-3.536,10.267
-4.314,-6.749,9.513
-6.309,-6.063,10.659
-6.206,-3.558,12.152
-6.027,-2.321,12.882
-5.295,-3.531,12.367
-5.682,-5.331,11.061
-6.436,-5.405,10.944
-5.556,-5.295,10.726
-3.661,-5.34,10.128
-3.893,-6.003,9.85
-3.129,-5.209,9.556
-2.962,-5.606,9.001
-4.421,-6.788,8.903
-4.785,-5.788,8.929
-5.323,-4.864,8.998
-5.991,-4.91,8.661
-6.429,-5.312,7.951
-7.728,-5.989,7.455
-8.565,-5.692,7.965
-7.374,-3.323,8.525
-7.876,-2.72,7.606
-8.991,-3.61,7.788
-10.078,-5.024,7.843
-9.125,-4.706,9.305
-8.79,-1.565,8.101
-8.96,0.266,8.699
-10.161,0.629,7.869
-7.984,1.005,8.183
-6.965,3.921,10.862
-6.611,2.452,11.822
-6.714,-2.924,11.324
-8.546,-7.374,10.08
-8.412,-7.738,10.795
-8.415,-4.972,10.389
-13.308,-4.835,9.161
-4.747,-2.661,4.39
-2.931,-4.46,11.748
-9.769,-5.041,13.183
-9.522,-8.845,13.078
-9.867,-6.675,12.513
-10.027,-6.362,12.272
-9.357,-4.857,11.745
-10.02,-4.247,10.403
-8.97,-3.766,8.381
-8.106,-3.302,6.824
-8.984,-3.716,4.759
-7.429,-3.551,1.144
-7.309,-1.766,-3.089
-8.955,-0.562,-4.73
-8.192,0.201,-3.945
-3.35,-0.144,-5.721
0.304,-2.529,-6.041
-2.218,-5.254,-5.376
-5.316,-4.945,-4.469
-1.158,-3.469,-3.153
0.866,0.907,-3.405
-7.831,1.859,-2.766
-9.458,-3.017,-2.914
1.725,-11.298,-7.199
-1.598,-12.807,-4.661
-8.867,-9.929,-4.273
-4.247,-8.451,-9.676
-3.9,-6.931,-10.901
-3.371,-11.664,-12.446
-1.902,-12.133,-16.365
-1.67,-6.192,-22.093
13.37,-10.133,-25.967
-26.323,-20.94,5.618
11.214,10.468,-20.653
3.074,-8.379,-13.061
-1.711,-5.575,-14.884
1.804,0.402,-13.942
2.417,-0.313,-12.985
1.928,1.912,-13.654
-0.031,3.938,-9.939
-1.799,1.644,-6.675
0.378,2.213,-2.206
-4.663,2.651,-7.525
-0.299,1.51,-10.068
-4.139,1.483,-14.176
-3.252,1.034,-12.81
-5.18,-4.577,-11.671
-6.23,-6.333,-9.633
-6.187,-5.34,-7.343
-4.725,-6.333,-5.376
-3.828,-6.453,-4.321
-1.388,-3.677,-1.732
-4.4,-3.845,2.271
-7.053,-2.646,4.307
-6.132,2.122,8.041
-6.438,-1.227,7.869
-10.164,-0.746,5.749
-9.688,-8.013,3.919
-8.168,-9.259,5.393
-5.534,-10.841,1.127
-7.405,-19.724,3.409
-9.958,-12.417,1.67
-10.972,-8.936,2.78
-11.319,-7.678,6.979
-11.061,-10.762,4.204
-11.855,-17.573,4.974
-13.733,-14.128,5.864
-12.858,-6.202,7.261
-10.013,-5.831,6.886
-11.532,-11.98,0.684
-9.991,-10.633,2.505
-11.681,-6.443,2.852
-9.321,-7.79,0.512
-10.817,-11.872,1.459
-10.223,-11.31,-0.514
-11.434,-10.427,1.148
-15.427,-9.728,2.015
-14.698,-4.517,2.649
-11.81,-10.69,1.335
-7.881,-7.312,0.84
-6.194,-0.275,3.074
-9.13,-5.261,4.63
-4.771,-7.58,3.144
-6.362,-6.541,5.206
-7.068,-2.292,4.747
-6.625,-9.948,6.218
-5.498,-10.463,5.831
-6.144,-7.427,6.357
-8.336,-6.223,9.723
-7.242,-6.245,8.307
-5.065,-6.793,10.013
-2.048,-4.701,8.47
-2.034,-2.952,8.781
-4.127,-4.41,7.824
-5.182,-3.744,7.51
-6.058,-1.471,8.458
-5.807,-1.151,8.838
-5.991,-0.337,8.128
-5.127,-0.376,8.558
-5.534,-0.325,9.321
-6.96,0.656,9.819
-6.412,1.089,9.436
-3.828,1.122,8.764
-3.828,-1.005,8.697
-3.565,-1.541,8.872
-2.103,-0.849,9.288
-3.606,-2.383,9.7
-6.139,-2.969,9.714
-6.08,-4.575,10.018
-4.505,-6.63,10.36
-5.565,-6.182,9.623
-8.269,-4.534,8.975
-10.922,-2.931,10.295
-10.771,-1.699,10.312
-8.355,1.44,10.489
-9.439,0.526,10.724
-12.073,-1.718,10.908
-13.698,-1.392,11.47
-11.968,-4.127,8.795
-10.3,-6.431,8.034
-9.644,-2.524,9.168
-10.235,-0.445,11.233
-11.602,-2.048,14.975
-14.592,-5.503,11.853
-9.982,-11.293,13.571
-13.288,-9.13,15.052
-17.973,-12.298,14.647
-16.65,-10.719,14.717
-17.093,-7.941,13.379
-19.222,-3.61,11.037
-20.196,-4.508,7.443
-18.007,-5.558,1.163
-14.997,-2.067,-6.539
-14.028,-5.099,-11.346
-11.066,-7.288,-9.833
-4.62,-4.551,-8.561
-5.35,-5.333,-4.948
-13.59,-4.053,0.775
-10.532,4.058,5.967
-7.479,-5.182,-1.684
-23.672,-15.411,-10.865
-13.681,-5.065,-10.934
-4.917,-6.592,1.034
-15.102,-11.355,-2.742
-11.125,-11.401,-9.965
-12.049,-5.123,-9.855
-11.386,-9.707,-15.042
-8.238,-10.121,-19.308
-5.462,-11.142,-23.581
45.648,-27.295,-50.306
9.321,13.43,-14.674
1.223,2.357,-21.894
-0.902,-13.568,-20.727
-0.033,-8.264,-20.543
3.553,-4.591,-16.815
6.029,-0.617,-15.114
2.96,-3.359,-14.949
0.29,-3.864,-11.039
-1.12,-3.345,-10.549
-2.029,-3.821,-10.594
-1.321,-2.981,-9.676
0.395,-3.223,-9.348
0.352,-2.333,-7.709
-0.134,-2.003,-8.96
1.596,-3.431,-10.611
1.395,-5.127,-9.637
1.526,-6.144,-9.786
1.093,-5.158,-9.982
-0.565,-5.13,-9.664
-1.268,-5.969,-9.621
1.148,-5.245,-10.458
2.469,-5.39,-10.063
2.211,-7.027,-9.448
1.548,-6.867,-9.178
1.275,-5.323,-8.975
1.366,-4.68,-8.321
1.632,-5.407,-6.745
1.857,-7.541,-9.278
1.323,-8.625,-8.427
0.385,-6.57,-7.094
0.763,-5.721,-5.39
0.301,-7.096,-6.075
0.584,-6.355,-8.352
1.33,-5.926,-7.84
2.366,-6.544,-5.45
3.359,-6.738,-4.163
4.256,-7.905,-3.953
3.831,-4.933,-4.328
3.029,-4.539,-5.149
1.833,-6.025,-6.261
1.605,-6.735,-5.113
4.077,-6.142,-5.809
5.376,-5.419,-6.532
4.61,-6.352,-5.467
2.948,-7.101,-5.285
2.646,-6.075,-6.144
2.85,-5.534,-7.175
1.184,-5.96,-7.508
0.61,-6.443,-7.123
1.412,-6.74,-7.539
2.634,-6.393,-7.412
2.137,-5.931,-6.489
1.83,-5.859,-5.331
1.182,-5.321,-5.362
2.297,-6.13,-6.096
2.029,-7.556,-6.455
1.909,-8.348,-6.565
2.134,-9.192,-7.099
1.895,-9.422,-7.039
1.242,-8.888,-7.427
1.28,-8.991,-8.24
1.766,-9.487,-7.675
3.007,-8.927,-5.905
3.634,-9.654,-5.754
3.156,-8.998,-4.654
1.821,-6.675,-3.421
0.706,-5.948,-2.976
0.514,-7.826,-2.421
1.524,-8.494,-2.366
2.936,-7.01,-0.809
3.254,-5.797,0.744
2.18,-6.656,1.601
2.024,-8.508,0.837
2.247,-8.891,0.763
2.51,-7.163,1.945
2.283,-7.443,2.445
2.503,-8.226,2.395
1.766,-8.831,2.598
1.962,-9.417,1.83
2.381,-9.345,1.318
2.371,-9.79,1.424
2.653,-10.238,2.62
2.986,-10.757,3.405
3.091,-10.178,3.285
1.883,-9.721,4.01
2.354,-9.503,3.211
1.818,-10.252,3.232
1.026,-10.879,4.075
0.742,-10.137,4.682
0.78,-9.592,5.036
0.227,-9.408,4.778
0.27,-9.044,5.68
0.672,-8.467,6.142
1.048,-7.455,6.24
0.514,-7.068,5.941
-0.278,-7.269,3.579
-0.287,-7.417,2.194
0.723,-4.857,1.593
-0.146,-4.106,1.448
-1.515,-4.67,1.038
-1.098,-5.264,0.691
2.055,-5.187,1.397
2.357,-4.826,4.596
-0.196,-3.515,6.07
-2.07,-1.689,6.974
-3.182,-2.885,5.544
-6.025,-3.321,7.704
-7.324,-2.785,10.145
-7.549,-6.022,9.42
-4.182,-6.783,9.465
-5.513,-6.127,8.833
-7.13,-4.96,9.374
-7.395,-3.512,7.489
-7.556,-4.701,7.742
-7.702,-4.929,5.974
-7.64,-4.577,1.971
-9.295,-7.532,2.589
-9.24,-2.271,3.692
-12.913,3.302,4.816
-12.973,1.876,3.807
-13.566,-0.502,3.259
-16.293,-5.678,2.711
-14.724,-6.221,2.627
-14.293,-2.084,-0.483
-16.939,-9.47,0.148
-18.32,-7.326,-1.648
-13.872,-12.377,-0.072
-12.243,-11.645,-2.462
-21.878,-4.199,-1.048
-12.36,-16.516,2.531
-13.614,-22.143,-0.256
-12.836,-8.652,1.091
-18.152,13.004,6.383
-3.479,9.262,3.433
-10.987,2.287,0.211
-15.657,-1.443,8.073
-21.945,0.208,11.398
-18.399,-3.249,1.12
-17.361,-5.118,-6.371
-13.272,-10.46,-0.144
-14.997,-15.786,1.486
-13.592,-0.964,0.77
-14.298,1.505,2.622
-12.106,-1.354,-0.316
-8.367,-7.221,-1.285
-9.575,-2.823,0.617
-9.924,1.113,-1.419
-8.496,-1.428,-1.05
-5.969,-0.912,-2.806
-5.245,2.184,-1.696
-5.134,5.278,-1.675
-6.558,5.919,-1.436
-5.969,5.601,-2.503
-4.694,4.658,-2.979
-4.898,4.96,-3.582
-5.56,4.677,-2.943
-6.216,4.558,-2.653
-5.594,4.737,-2.055
-4.505,4.728,-1.615
-3.572,4.998,-1.192
-3.67,5.977,-1.333
-5.166,6.958,-0.998
-5.934,7.357,-1.129
-5.245,7.472,-1.445
-4.601,7.857,-1.416
-4.843,7.96,-1.732
-4.898,7.817,-2.199
-4.689,7.869,-2.419
-4.898,7.802,-1.538
-4.677,8.747,-1.869
-4.783,8.75,-1.895
-4.668,8.644,-2.046
-4.857,7.771,-1.897
-5.558,7.161,-1.634
-6.541,6.654,-1.29
-6.486,6.503,-1.251
-6.369,6.618,-1.407
-6.13,6.431,-1.357
-5.551,6.63,-1.572
-5.084,6.489,-1.574
-5.414,6.893,-1.955
-5.661,7.343,-2.254
-5.422,7.075,-2.677
-5.446,7.113,-3.137
-6.752,7.194,-3.335
-7.565,7.127,-3.213
-7.34,7.742,-3.122
-6.836,7.678,-2.909
-7.23,7.345,-2.792
-7.685,7.506,-2.536
-7.527,7.187,-2.18
-6.946,7.245,-1.648
-6.673,7.295,-0.947
-6.84,6.788,-0.809
-7.005,6.254,-0.9
-6.623,5.931,-0.976
-6.58,5.699,-1.048
-7.139,5.45,-0.773
-7.508,5.058,-0.55
-7.501,4.907,-0.5
-7.333,4.811,-0.548
-7.776,4.67,-0.993
-7.718,4.259,-1.507
-7.881,3.857,-1.125
-8.07,3.589,-1.211
-9.18,3.584,-0.761
-9.924,3.57,-0.636
-9.477,4.371,-1.505
-9.018,6.065,-2.058
-9.381,7.221,-2.529
-9.692,7.592,-2.955
-9.69,7.525,-3.462
-9.522,7.305,-3.622
-9.527,7.372,-3.429
-9.877,6.924,-3.156
-10.645,6.089,-2.938
-10.535,5.197,-2.929
-9.795,4.52,-2.749
-9.424,4.481,-2.555
-9.386,4.278,-2.086
-9.745,3.869,-2.015
-10.606,3.512,-1.854
-9.996,3.534,-1.823
-10.092,3.493,-1.297
-10.293,3.737,-0.833
-10.487,3.929,-0.349
-10.176,3.57,-0.538
-9.865,3.053,-0.191
-10.015,2.481,-0.156
-10.403,2.361,-0.012
-10.719,1.9,0.251
-10.314,1.45,0.285
-10.29,0.857,-0.038
-10.212,0.565,-0.203
-10.094,0.555,-0.51
-10.032,0.505,-0.495
-10.003,0.421,-0.596
-9.836,0.335,-0.311
-9.881,0.072,-0.45
-9.836,-0.438,-0.167
-9.534,-0.419,-0.28
-9.326,-0.794,0.022
-9.243,-0.947,-0.124
-9.25,-1.378,-0.065
-9.276,-1.306,-0.16
-9.379,-1.316,0.16
-9.221,-1.428,0.292
-9.168,-1.438,0.354
-8.984,-1.373,0.352
-8.52,-1.395,0.077
-8.341,-1.182,-0.196
-8.644,-0.842,0.089
-9.544,-1.017,0.935
-9.757,-2.074,1.278
-9.57,-3.787,0.866
-9.838,-5.835,-0.476
-10.472,-9.515,-0.613
-11.236,-11.109,-0.294
-11.003,-9.501,0.77
-9.697,-6.809,1.713
-9.077,-7.68,1.285
-9.499,-9.647,1.723
-9.987,-9.707,1.885
-9.343,-8.451,2.242
-8.46,-7.766,1.625
-7.728,-7.541,1.809
-7.556,-8.029,0.443
-6.869,-7.558,1.091
-6.718,-6.826,1.34
-6.819,-7.135,2.218
-6.123,-8.429,2.771
-5.283,-8.3,2.943
-5.106,-7.204,2.988
-4.764,-7.491,3.101
-3.909,-8.599,3.125
-3.412,-9.054,2.902
-3.235,-8.943,3.661
-2.933,-8.216,4.075
-2.342,-8.46,4.733
-1.893,-8.489,4.496
-1.995,-9.475,5.182
-1.61,-8.704,5.063
-1.385,-8.233,5.005
-1.376,-7.508,4.876
-1.653,-6.821,5.103
-1.579,-5.465,5.577
-0.869,-4.558,6.111
-0.124,-4.24,6.824
0.333,-4.177,6.86
0.768,-4.486,7.18
1.014,-4.677,7.446
1.017,-6.053,8.216
0.615,-6.699,8.573
-0.014,-6.441,9.199
0.103,-4.874,9.558
0.883,-4.639,9.594
1.471,-4.878,9.467
1.885,-5.134,9.628
1.459,-5.666,8.91
1.586,-5.958,8.943
2.07,-6.888,9.269
2.775,-6.828,8.929
3.268,-4.759,8.542
3.63,-4.259,8.738
3.972,-4.663,8.632
3.962,-4.924,8.625
3.443,-3.804,8.927
3.811,-2.96,9.747
4.402,-3.165,9.422
4.084,-4.077,9.137
4.024,-3.603,9.13
3.969,-2.766,10.185
3.426,-2.639,9.92
4.17,-2.417,8.989
2.787,-1.541,8.917
3.388,-3.06,8.764
4.343,-2.486,10.537
5.175,-2.168,10.487
4.704,-2.172,10.865
4.41,-1.897,10.099
6.072,0.29,7.465
8.144,2.29,4.407
7.412,0.744,6.907
6.422,-1.294,8.508
6.642,-1.993,8.745
7.802,0.414,7.778
7.127,1.596,7.331
6.252,1.349,6.568
6.259,-1.285,3.146
4.905,-1.043,2.641
3.144,1.031,3.656
2.18,1.833,6.728
1.192,-0.22,8.195
0.167,-3.706,7.582
0.447,-1.675,5.969
0.613,-0.486,5.941
-0.258,-1.369,7.503
-1.732,-4.17,10.054
-1.833,-5.489,9.259
-1.177,-1.864,7.41
-1.943,0.005,7.723
-2.383,-0.581,9.123
-2.072,-2.555,9.771
-2.046,-2.991,9.14
-2.771,-3.185,8.329
-2.768,-3.804,8.946
-1.12,-2.555,8.908
-2.823,-2.742,8.726
-2.419,-0.967,6.776
-2.677,-1.486,7.922
-1.625,-2.096,9.417
0.711,-2.926,9.054
-2.539,-2.814,8.905
-2.974,-1.854,8.53
-4.855,1.012,10.188
-0.096,0.285,10.391
-0.29,-1.924,9.441
-2.749,-1.969,9.692
-3.689,-4.46,9.841
-1.658,-1.979,10.3
-2.079,0.356,11.362
-3.311,-0.751,10.645
-2.45,-4.175,9.082
-4.225,-3.333,9.154
-2.907,-0.935,9.077
-2.531,-1.51,8.939
-4.07,-2.034,9.664
-3.625,-3.022,9.587
-2.558,-2.74,9.57
-2.708,-3.053,8.79
-0.892,-3.086,8.635
-2.333,-2.39,9.097
-4.292,-1.591,9.427
-2.0,-2.488,9.106
-1.433,-4.072,8.972
-2.986,-5.828,10.377
-3.565,-5.166,9.814
-2.046,-2.931,9.499
-0.668,-3.189,7.797
0.043,-3.881,8.065
-2.491,-3.256,8.929
-1.823,-4.555,9.606
-4.759,-6.175,8.943
-0.043,-4.139,7.673
2.242,-6.556,8.508
-2.247,-2.993,10.19
0.06,-4.426,10.156
0.345,-5.917,7.544
-3.292,-8.362,8.781
0.916,-6.333,6.635
-1.763,-4.536,8.123
-2.433,-3.414,10.322
-0.912,-7.178,7.46
-1.242,-8.171,7.47
1.349,-6.967,6.919
1.546,-6.867,7.702
-0.022,-5.984,7.785
-0.5,-5.211,7.812
-0.746,-5.912,9.298
-1.249,-6.084,7.654
-1.89,-5.201,8.542
-2.074,-4.855,8.41
-0.964,-4.17,9.113
0.122,-4.419,9.91
-0.335,-5.814,8.008
-0.28,-5.735,8.068
0.756,-3.376,8.63
-1.881,-5.62,8.745
0.323,-4.024,8.678
-0.337,-5.156,8.63
-0.952,-4.51,8.848
-1.486,-3.62,9.106
-1.73,-3.909,8.458
-0.938,-4.809,9.018
-0.746,-5.63,8.79
-1.361,-5.84,8.611
-0.239,-5.453,8.52
-0.196,-3.036,9.515
-0.392,-2.873,9.331
-0.474,-2.859,9.549
-0.33,-3.031,9.58
-0.505,-3.053,9.604
-0.177,-3.048,9.455
-0.187,-3.359,9.283
-0.263,-3.062,9.515
-0.443,-3.074,9.695
-0.553,-2.723,9.396
-0.27,-2.964,9.444
-0.268,-3.094,9.422
-0.577,-3.259,9.546
-0.44,-2.751,9.479
-0.325,-3.297,9.324
-0.215,-3.218,9.455
-0.263,-3.065,9.561
-0.321,-2.907,9.57
-0.433,-3.007,9.338
-0.383,-2.933,9.403
-0.402,-2.948,9.446
-0.524,-3.11,9.585
-0.548,-2.842,9.637
-0.737,-3.029,9.472
-0.598,-2.94,9.479
-0.517,-2.857,9.647
-0.579,-2.771,9.652
-0.445,-2.596,9.592
-0.584,-2.799,9.537
-0.584,-3.017,9.496
-0.414,-3.06,9.491
-0.498,-2.912,9.501
-0.562,-2.737,9.518
-0.507,-2.735,9.496
-0.426,-2.783,9.57
-0.562,-2.649,9.606
-0.555,-2.572,9.644
-0.591,-2.617,9.522
-0.531,-2.9,9.501
-0.548,-2.929,9.618
-0.794,-2.871,9.487
-0.608,-2.84,9.544
-0.536,-2.862,9.551
-0.725,-2.74,9.551
-0.546,-2.802,9.575
-0.56,-2.802,9.546
-0.608,-2.601,9.597
-0.459,-2.661,9.604
-0.426,-2.534,9.644
-0.44,-2.684,9.587
-0.569,-2.771,9.577
-0.78,-2.543,9.633
-0.557,-2.627,9.601
-0.572,-2.589,9.63
-0.481,-2.61,9.582
-0.459,-2.67,9.506
-0.514,-2.584,9.561
-0.514,-2.895,9.467
-0.646,-2.704,9.621
-0.579,-2.598,9.613
-0.467,-2.438,9.69
-0.569,-2.376,9.633
-0.476,-2.519,9.606
-0.495,-2.495,9.616
-0.409,-2.589,9.604
-0.5,-2.567,9.589
-0.476,-2.684,9.551
-0.505,-2.684,9.625
-0.557,-2.505,9.592
-0.519,-2.574,9.618
-0.476,-2.634,9.589
-0.569,-2.673,9.635
-0.627,-2.658,9.582
-0.548,-2.534,9.668
-0.548,-2.531,9.609
-0.572,-2.629,9.635
-0.507,-2.663,9.597
-0.44,-2.661,9.599
-0.522,-2.675,9.532
-0.4,-2.661,9.568
-0.541,-2.687,9.525
-0.483,-2.629,9.633
-0.481,-2.67,9.594
-0.486,-2.61,9.587
-0.479,-2.529,9.592
-0.397,-2.778,9.582
-0.677,-2.754,9.537
-0.572,-2.737,9.587
-0.531,-2.728,9.609
-0.656,-2.603,9.518
-0.531,-2.816,9.525
-0.474,-2.847,9.554
-0.632,-2.787,9.57
-0.562,-2.821,9.525
-0.548,-2.761,9.489
-0.483,-2.795,9.539
-0.62,-2.696,9.587
-0.574,-2.675,9.618
-0.471,-2.617,9.64
-0.412,-2.634,9.611
-0.479,-2.493,9.587
-0.409,-2.653,9.616
-0.208,-2.651,9.503
-0.199,-2.828,9.463
-0.435,-2.888,9.604
-1.175,-2.204,10.02
-1.058,-2.539,9.671
-0.897,-2.785,9.649
-0.883,-2.622,9.575
-0.785,-2.754,9.544
-0.864,-2.452,9.628
-0.852,-2.472,9.594
-0.792,-2.694,9.568
-0.873,-2.438,9.585
-0.828,-2.395,9.566
-0.835,-2.381,9.659
-0.785,-2.495,9.688
-0.727,-2.45,9.628
-0.916,-2.402,9.575
-0.871,-2.483,9.621
-0.904,-2.419,9.491
-1.041,-2.345,9.64
-0.861,-2.488,9.661
-0.964,-2.483,9.57
-0.754,-2.56,9.558
-0.811,-2.558,9.558
-0.945,-2.491,9.666
-1.038,-2.464,9.594
-1.074,-2.436,9.597
-0.88,-2.625,9.597
-0.959,-2.512,9.738
-0.694,-2.457,9.599
-0.739,-2.249,9.57
-1.024,-2.271,9.644
-0.909,-2.534,9.57
-0.993,-2.428,9.64
-1.101,-2.271,9.688
-0.813,-2.543,9.668
-1.058,-2.464,9.611
-0.924,-2.522,9.566
-1.321,-2.56,9.51
0.732,-0.928,9.719
-1.9,-2.921,9.778
-0.433,-2.235,9.558
-0.974,-2.294,9.695
-0.799,-2.029,9.656
-0.699,-2.895,9.57
-0.775,-2.553,9.51
-0.849,-2.323,9.556
-0.864,-2.201,9.649
-0.739,-2.503,9.633
-0.593,-2.704,9.604
-0.687,-2.354,9.678
-0.926,-2.199,9.7
-0.39,-2.35,9.558
-0.646,-2.649,9.63
-0.723,-2.151,9.592
-0.763,-2.062,9.673
-0.967,-2.156,9.719
-0.892,-2.357,9.683
-1.182,-2.084,9.738
-1.0,-2.292,9.723
-0.483,-2.395,9.666
-0.835,-2.476,9.668
-0.744,-2.395,9.661
-0.742,-2.4,9.63
-0.847,-2.275,9.697
-0.797,-2.184,9.812
-0.782,-2.479,9.577
-0.663,-2.199,9.566
-0.462,-2.483,9.63
-0.713,-2.299,9.554
-0.737,-2.271,9.711
-0.428,-2.333,9.503
-0.529,-2.247,9.719
-0.775,-1.895,9.774
-0.921,-2.194,9.822
-0.502,-2.17,9.704
-0.273,-2.5,9.566
-0.287,-2.534,9.47
-0.88,-2.388,9.587
-0.708,-2.096,9.671
-0.488,-2.239,9.656
-0.577,-2.486,9.735
-0.199,-2.158,9.659
-0.579,-2.5,9.601
-0.486,-2.479,9.601
-0.732,-2.237,9.702
-0.459,-2.524,9.683
-0.668,-2.388,9.609
-0.744,-2.409,9.654
-0.749,-2.335,9.685
-0.385,-2.256,9.633
-0.373,-2.45,9.781
-0.483,-2.383,9.642
-0.467,-2.479,9.556
-0.529,-2.431,9.534
-0.459,-2.247,9.7
-0.687,-2.419,9.661
-0.531,-2.084,9.721
-0.414,-2.227,9.735
-0.452,-2.127,9.625
-0.44,-2.407,9.597
-0.481,-2.201,9.592
-0.431,-2.268,9.721
-0.591,-1.969,9.865
-0.359,-2.23,9.594
-0.656,-2.208,9.587
-0.62,-2.283,9.568
-0.577,-2.055,9.755
-0.433,-2.058,9.805
-0.534,-2.12,9.582
-0.613,-1.983,9.709
-0.656,-2.211,9.733
-0.541,-2.266,9.656
-0.591,-2.306,9.678
-0.605,-2.146,9.611
-0.761,-1.962,9.709
-0.751,-1.9,9.786
-0.256,-2.16,9.728
-0.385,-2.058,9.695
-0.366,-1.737,9.621
-0.481,-2.024,9.793
-0.464,-2.06,9.824
-0.507,-2.096,9.783
-0.368,-2.33,9.654
-0.567,-2.058,9.661
-0.529,-2.082,9.757
-0.371,-2.0,9.731
-0.395,-1.84,9.757
-0.306,-1.979,9.759
-0.445,-1.981,9.659
-0.402,-2.01,9.757
-0.306,-2.048,9.814
-0.304,-2.129,9.814
-0.345,-2.115,9.642
-0.328,-2.091,9.778
-0.404,-1.9,9.728
-0.313,-2.096,9.711
-0.45,-1.991,9.613
-0.56,-1.991,9.743
-0.419,-2.062,9.692
-0.481,-2.031,9.719
-0.388,-2.019,9.755
-0.467,-1.948,9.757
-0.435,-2.101,9.649
-0.419,-2.036,9.656
-0.443,-2.127,9.79
-0.447,-1.924,9.759
-0.383,-2.127,9.771
-0.376,-1.931,9.68
-0.359,-2.105,9.697
-0.342,-1.981,9.726
-0.318,-1.967,9.829
-0.371,-2.077,9.7
-0.34,-2.058,9.735
-0.294,-1.95,9.709
-0.421,-1.933,9.728
-0.304,-2.065,9.752
-0.335,-2.125,9.685
-0.347,-2.201,9.707
-0.447,-2.048,9.707
-0.414,-2.036,9.707
-0.345,-1.95,9.778
-0.349,-1.967,9.709
-0.445,-1.888,9.75
-0.29,-2.132,9.692
-0.311,-1.94,9.721
-0.395,-1.909,9.747
-0.29,-2.015,9.707
-0.345,-1.983,9.695
-0.376,-1.988,9.714
-0.347,-2.005,9.726
-0.285,-2.07,9.726
-0.409,-1.914,9.769
-0.306,-1.979,9.764
-0.333,-1.861,9.738
-0.39,-1.847,9.711
-0.282,-1.94,9.678
-0.335,-1.948,9.774
-0.304,-2.105,9.771
-0.371,-2.108,9.654
-0.412,-1.914,9.747
-0.268,-1.909,9.81
-0.242,-1.818,9.802
-0.392,-1.818,9.719
-0.373,-2.01,9.642
-0.356,-2.084,9.786
-0.33,-1.914,9.757
-0.337,-2.007,9.762
-0.373,-1.893,9.733
-0.316,-1.986,9.671
-0.373,-1.864,9.719
-0.299,-2.079,9.819
-0.323,-1.957,9.7
-0.402,-1.909,9.759
-0.278,-2.005,9.786
-0.323,-1.852,9.822
-0.273,-1.747,9.745
-0.342,-1.873,9.707
-0.354,-1.986,9.788
-0.251,-1.94,9.721
-0.385,-1.775,9.764
-0.287,-1.931,9.75
-0.356,-1.881,9.769
-0.223,-1.849,9.75
-0.361,-1.701,9.697
-0.402,-1.955,9.805
-0.194,-1.993,9.685
-0.299,-2.072,9.728
-0.266,-2.084,9.738
-0.194,-1.945,9.685
-0.124,-2.062,9.714
-0.156,-1.967,9.793
-0.158,-1.948,9.778
-0.266,-1.663,9.79
-0.089,-2.01,9.728
-0.203,-1.938,9.692
-0.356,-1.998,9.68
-0.203,-1.974,9.783
-0.153,-1.962,9.817
-0.177,-1.909,9.752
-0.249,-1.964,9.716
-0.256,-2.105,9.676
-0.156,-2.084,9.704
-0.108,-2.096,9.755
-0.053,-2.058,9.716
-0.144,-1.962,9.697
-0.29,-1.826,9.762
-0.026,-2.263,9.64
-0.031,-2.261,9.723
-0.151,-2.065,9.752
-0.072,-1.96,9.769
0.043,-1.931,9.755
-0.065,-2.29,9.53
-0.285,-2.184,9.654
-0.11,-1.928,9.743
-0.01,-1.938,9.795
-0.581,-2.924,11.329
-0.912,-4.154,12.664
-0.711,-4.984,14.951
1.421,7.135,12.104
-0.756,-4.792,9.099
-0.546,-1.464,9.25
-0.39,-1.79,9.726
-0.278,-1.677,9.79
-0.304,-1.998,9.649
-0.711,-2.204,9.893
-0.251,-2.196,9.755
-0.433,-2.641,9.513
-0.679,-2.328,9.652
-0.517,-2.129,9.819
-0.416,-2.304,9.709
-0.541,-1.94,9.64
-0.737,-1.792,9.637
-0.4,-2.239,9.683
-0.579,-2.151,9.735
-0.632,-2.371,9.692
-0.469,-2.144,9.769
-0.842,-1.715,9.549
-0.361,-2.232,9.671
-0.246,-2.266,9.747
-0.72,-1.931,9.829
-0.464,-1.577,9.812
-0.062,-0.763,9.726
-1.325,-1.962,9.829
-0.179,-2.149,9.518
-0.029,-2.146,9.704
-1.108,-1.9,9.499
-2.086,-1.95,9.79
-1.093,-2.082,9.798
-0.057,-2.077,9.771
-1.256,-1.601,9.709
-0.857,-1.617,9.647
-1.156,-2.082,9.671
-0.763,-2.311,9.671
-1.34,-1.675,9.805
-1.239,-1.766,9.843
-3.503,-0.811,7.52
0.287,-2.479,8.226
-0.67,-2.553,9.822
-1.522,-1.933,9.893
-1.488,-1.323,9.735
-1.065,-1.141,9.743
-0.366,-1.704,9.786
-0.622,-1.601,9.793
-1.302,-2.283,9.719
-0.62,-2.541,9.582
-0.12,-2.094,9.589
-0.361,-2.469,9.642
-1.108,-1.979,9.805
-1.503,-2.235,9.987
0.852,-1.677,9.379
0.012,-2.572,9.609
-1.349,-2.381,9.848
-0.474,-2.223,9.611
-0.17,-2.206,9.594
-0.679,-1.986,9.807
-0.519,-1.732,9.759
-0.368,-1.771,9.726
-0.617,-2.462,9.577
-0.67,-2.976,9.68
-0.557,-2.345,9.539
-0.457,-2.125,9.685
-0.608,-1.33,9.824
-0.524,-1.491,9.75
-0.519,-2.85,9.7
-0.565,-2.414,9.594
-0.438,-2.201,9.654
-0.345,-2.139,9.69
-0.44,-1.627,9.747
-0.646,-1.696,9.747
-0.668,-2.204,9.752
-0.51,-2.11,9.731
-0.816,-3.512,9.671
-0.242,-1.682,9.594
-0.663,-1.282,9.757
-0.268,-1.689,9.781
-0.735,-1.89,9.841
-0.634,-2.182,9.745
-0.536,-3.342,9.654
-0.72,-1.443,9.575
-0.316,-2.108,9.594
-0.825,-1.881,9.769
-0.665,-1.577,9.771
-0.799,-1.766,9.843
-0.715,-1.227,9.85
-0.4,-1.574,9.788
0.282,-2.775,12.606
-0.715,-1.742,9.697
-1.079,-1.268,9.752
-1.373,-2.235,9.956
-0.318,-1.723,9.889
-0.89,-4.912,9.077
-0.299,0.045,8.783
-0.285,-2.706,9.611
-0.744,-2.338,10.042
-0.282,-1.227,9.817
-0.141,-2.247,9.58
-0.723,-2.359,9.767
-0.246,-2.07,9.642
0.007,-2.168,9.628
-0.297,-2.153,9.728
-0.167,-1.665,9.661
-0.383,-2.4,9.702
-0.675,-2.218,9.757
-0.512,-1.936,9.652
-0.572,-1.782,9.716
-0.682,-1.83,9.836
-0.412,-1.811,9.745
-0.567,-1.601,9.776
-0.684,-1.72,9.711
-0.691,-1.988,9.75
-0.581,-1.933,9.719
-0.474,-2.038,9.752
-0.603,-2.132,9.673
-0.555,-1.857,9.747
-0.598,-2.304,9.74
-0.646,-2.144,9.704
2.531,0.849,11.307
-1.361,-2.089,9.592
-0.373,-2.606,9.365
-0.708,-2.376,9.64
-0.534,-3.354,9.64
-0.354,-1.457,9.654
-0.548,-1.66,9.807
-0.261,-1.974,9.723
-0.316,-1.782,9.798
-0.225,-2.172,9.597
-0.419,-2.924,9.484
-0.742,-2.665,9.676
-0.495,-2.094,9.609
-0.476,-1.637,9.788
-0.593,-2.206,9.822
-0.39,-2.01,9.642
-0.677,-2.474,9.637
-0.766,-2.428,9.561
-0.682,-1.89,9.75
-0.447,-1.433,9.805
-0.495,-1.737,9.881
-0.957,-1.579,9.862
-0.543,-1.9,9.697
-0.565,-2.015,9.702
-0.715,-2.29,9.714
-0.639,-2.424,9.769
-0.696,-1.699,9.788
-0.356,-1.747,9.788
-0.266,-1.414,9.814
-0.373,-2.196,9.719
-0.66,-2.082,9.582
-0.433,-2.498,9.587
-0.684,-1.656,9.755
-0.639,-1.122,9.826
0.596,-3.503,19.473
-3.201,-4.031,9.726
1.127,-0.546,8.087
-0.27,-1.531,9.814
-1.211,-2.11,10.24
-0.014,-1.957,9.798
-0.455,-1.797,9.616
-0.756,-2.156,9.769
-0.347,-2.06,9.745
-0.368,-1.45,9.685
-0.156,-1.373,9.781
-0.189,-1.443,9.778
-0.481,-1.914,9.719
-0.529,-2.096,9.702
-0.502,-2.003,9.817
-0.395,-1.842,9.781
-0.376,-1.816,9.757
-0.392,-1.967,9.685
-0.266,-2.019,9.647
-0.534,-1.981,9.731
-0.347,-1.613,9.788
-0.349,-1.711,9.831
-0.412,-1.481,9.8
-0.239,-1.732,9.704
-0.467,-1.991,9.692
-0.45,-1.881,9.666
-0.323,-1.828,9.781
-0.49,-1.881,9.79
-0.404,-1.895,9.661
-0.428,-2.134,9.781
-0.445,-1.799,9.664
-0.23,-1.747,9.731
-0.505,-1.969,9.762
-0.536,-2.079,9.671
-0.443,-2.196,9.644
-0.569,-2.402,9.685
-0.495,-2.18,9.731
-0.254,-1.739,9.683
-0.402,-2.043,9.721
-1.05,2.515,6.221
-1.629,-3.345,7.84
-0.105,-2.07,9.123
-0.144,-1.335,9.594
-0.392,-2.316,9.807
-0.62,-1.72,9.709
-0.4,-1.888,9.74
-0.122,-1.964,9.776
-0.44,-1.672,9.865
-0.297,-2.074,9.678
-0.313,-2.027,9.783
-0.505,-2.11,9.688
-0.385,-1.756,9.695
-0.321,-1.517,9.829
-0.498,-2.036,9.805
-0.615,-2.046,9.79
-0.474,-1.701,9.8
-0.404,-1.33,9.719
-0.426,-1.692,9.733
-0.507,-2.125,9.685
-0.512,-1.881,9.747
-0.364,-1.629,9.707
-0.378,-1.759,9.757
-0.378,-1.656,9.774
-0.495,-1.969,9.726
-0.55,-1.622,9.673
-0.5,-1.976,9.841
-0.603,-1.68,9.731
-0.313,-1.34,9.738
-0.5,-1.749,9.774
-0.536,-1.768,9.685
-0.416,-1.249,9.618
3.67,-3.28,6.604
-4.572,-3.335,10.939
0.62,-0.711,8.905
-0.067,-0.809,9.415
-1.007,-2.335,10.104
-0.211,-1.603,9.671
-0.239,-1.979,9.532
-0.512,-2.223,9.738
-0.404,-1.983,9.695
-0.55,-1.694,9.786
-0.512,-1.574,9.805
-0.5,-1.672,9.807
-0.392,-1.55,9.767
-0.316,-1.943,9.764
-0.45,-1.909,9.616
-0.33,-1.838,9.683
-0.514,-1.928,9.647
-0.792,-1.806,9.697
-0.679,-1.782,9.755
-0.629,-1.967,9.81
-0.641,-1.888,9.733
-0.507,-2.003,9.611
-0.419,-2.168,9.723
-0.452,-2.149,9.678
-0.577,-1.763,9.721
-0.464,-1.493,9.814
-0.5,-1.56,9.731
-0.778,-1.814,9.81
-0.517,-1.974,9.723
-0.443,-1.852,9.671
-0.589,-1.938,9.683
-0.455,-1.598,9.692
-0.584,-1.823,9.771
-0.711,-1.979,9.774
-0.543,-1.574,9.735
-0.45,-1.859,9.673
-0.656,-2.134,9.702
-0.596,-1.775,9.783
-0.464,-1.83,9.75
-0.646,-2.326,9.671
-0.816,-2.629,9.644
-0.591,-2.182,9.692
-0.519,-2.031,9.661
-0.909,-2.381,9.733
-0.778,-1.869,9.723
-0.562,-2.067,9.57
-0.605,-1.876,9.707
-0.438,-2.024,9.587
-0.467,-1.986,9.817
-0.251,-1.491,9.757
-0.407,-2.082,9.678
-0.696,-1.68,9.843
-0.524,-1.732,9.723
-0.553,-1.677,9.75
-0.541,-1.952,9.723
-1.893,-2.998,11.384
-1.06,-2.189,10.563
0.077,-1.337,9.204
0.086,-1.991,9.642
-1.141,-2.615,9.908
-0.445,-1.95,9.618
-0.345,-1.33,9.46
-0.572,-1.747,9.838
-0.787,-2.424,12.987
-0.89,-1.931,10.671
0.146,-1.048,9.321
-0.323,-0.668,9.228
-1.5,-2.412,10.099
0.091,-1.543,9.518
-0.735,-1.546,9.599
-0.55,-2.027,9.668
0.017,-2.699,12.985
-0.998,-1.881,10.984
-0.28,-1.505,9.527
-0.433,0.225,8.893
-0.333,-1.811,9.924
-0.708,-1.708,9.673
-0.316,-1.565,9.618
-0.304,-1.337,9.845
-0.048,-1.902,15.435
-0.854,-2.433,10.719
-0.586,-2.094,9.226
-0.88,-0.95,9.365
0.689,-2.091,9.659
-0.983,-2.227,9.831
-0.086,-1.5,9.738
-1.562,-0.687,6.364
-1.318,-2.763,8.884
-0.024,-2.22,9.841
0.598,-1.909,8.759
-1.134,-1.866,10.027
-0.191,-1.83,9.805
0.036,-1.737,9.735
-0.426,-1.543,9.79
-0.17,-1.893,9.063
-1.091,-3.041,7.522
-0.498,-2.546,10.496
0.615,-1.16,9.118
-0.321,-0.641,10.051
-0.476,-1.921,10.001
-0.438,-1.617,9.697
-0.311,-1.261,9.597
2.747,-1.132,5.943
-1.83,-2.94,10.905
-0.378,-1.859,9.755
0.172,-1.548,9.125
-0.093,-1.146,9.783
-0.258,-1.692,9.817
-0.299,-1.632,9.747
-0.254,-1.165,9.702
-0.371,-1.665,9.752
0.127,-2.438,14.262
0.05,-1.916,9.7
0.048,-0.95,9.597
-0.665,-0.912,9.917
-0.404,-2.055,9.879
-0.189,-1.538,9.656
-0.323,-1.359,9.673
-0.378,-1.481,9.594
-0.423,-1.687,8.228
-0.543,-2.098,10.532
-0.022,-1.615,9.63
-0.007,-0.773,9.336
-0.919,-1.926,9.979
-0.167,-1.45,9.7
-0.345,-0.895,9.788
-1.656,-1.122,8.585
-0.383,-1.802,8.771
-0.359,-1.871,10.161
0.196,-1.235,9.582
-0.376,-0.572,9.611
-1.249,-2.503,9.922
0.012,-1.759,9.58
-0.404,-1.024,9.752
-0.782,-1.261,9.305
-0.048,-1.797,8.175
-0.254,-2.139,10.121
0.103,-1.328,9.35
-0.768,-0.883,9.972
-0.263,-1.409,9.805
-0.347,-1.127,9.805
-0.287,-1.275,9.719
0.203,-1.718,13.736
-0.644,-2.347,10.338
-0.266,-1.538,10.125
0.134,-0.845,9.513
-0.933,-0.01,9.989
-0.615,-1.172,9.915
-0.189,-1.144,9.695
-0.708,-1.048,9.69
0.017,-1.242,8.903
-0.608,-1.696,10.551
-0.208,-1.294,9.747
0.459,0.117,9.25
-1.048,-1.653,9.956
-0.354,-1.249,9.652
-0.462,-1.048,9.805
-0.392,-1.192,9.79
-1.383,-0.409,8.64
-0.452,-1.672,10.415
-0.026,-1.046,9.778
-0.864,-0.849,9.936
-0.469,-1.294,9.891
-0.201,-1.053,9.817
-0.541,-1.28,9.819
-0.44,-1.175,9.793
-0.467,-1.153,9.833
-0.534,-1.285,9.755
-0.524,-1.254,9.778
-0.689,-1.388,9.867
-0.488,-1.058,9.795
-0.053,-0.371,9.757
-0.091,-0.845,9.841
-0.349,-1.005,9.843
-0.335,-1.156,9.822
-0.567,-1.376,9.822
-0.447,-1.172,9.781
-0.129,-1.05,9.85
-0.474,-1.074,9.807
-0.345,-1.223,9.838
-0.708,-1.421,9.769
0.869,-1.768,16.987
-1.349,-1.861,10.068
0.459,-1.835,9.991
-1.065,-1.402,9.47
1.467,-0.483,9.14
