-4.266,1.766,9.027
-3.699,1.299,8.948
-3.192,1.249,8.585
-4.17,1.711,9.116
-4.051,1.548,8.934
-4.268,2.082,9.099
-6.541,0.902,9.233
-4.718,1.357,8.788
-4.029,1.821,8.685
-5.675,2.024,8.817
-4.266,1.67,8.998
-3.859,1.462,9.135
-5.115,-0.014,9.843
-4.742,1.345,9.008
-4.591,1.67,9.025
-3.898,2.048,8.888
-3.685,2.275,8.943
-4.223,2.318,8.977
-4.323,1.672,9.123
-4.773,1.043,9.123
-4.572,1.704,9.106
-4.058,1.912,9.192
-3.218,1.909,9.14
-5.292,1.517,8.709
-3.443,1.737,9.01
-4.008,1.883,8.96
-3.701,1.725,9.197
-3.862,1.548,9.154
-3.888,1.34,9.006
-4.187,1.651,8.991
-3.969,2.117,9.125
-4.426,2.158,9.099
-4.273,2.201,9.008
-4.189,1.72,8.996
-4.694,1.515,9.044
-4.905,1.62,8.927
-4.706,1.804,8.951
-4.321,1.268,8.886
-4.455,1.067,8.912
-4.438,1.345,8.941
-4.264,1.251,8.908
-4.015,1.512,8.977
-4.567,1.754,8.963
-4.955,1.835,8.931
-4.321,1.799,8.958
-4.07,1.684,8.963
-3.955,1.895,8.977
-4.314,1.735,9.006
-4.402,1.684,8.996
-4.484,1.589,9.039
-4.328,1.586,8.991
-4.201,1.749,8.996
-4.036,1.919,8.998
-4.043,1.79,9.058
-4.137,1.577,9.003
-4.371,1.534,9.101
-4.204,1.543,8.96
-4.185,1.735,8.975
-4.01,1.627,9.087
-4.189,1.589,9.006
-4.204,1.553,9.08
-4.18,1.534,9.094
-4.039,1.584,9.121
-4.127,1.651,9.065
-4.084,1.555,9.051
-4.256,1.622,9.077
-4.187,1.792,9.144
-4.046,1.526,8.977
-4.079,1.663,8.939
-4.505,1.876,9.077
-4.264,1.474,9.094
-3.656,1.39,9.125
-3.945,1.349,9.042
-4.206,1.849,9.125
-4.264,1.531,9.238
-3.79,1.493,9.065
-3.527,1.541,9.02
-3.929,1.663,9.152
-3.713,1.883,9.077
-3.816,1.749,9.082
-4.036,1.596,9.118
-3.823,1.625,9.228
-3.792,1.876,9.168
-3.924,2.041,8.955
-4.51,1.45,8.891
-3.883,1.948,9.128
-3.783,1.369,9.209
-3.653,2.024,9.094
-5.103,2.003,8.948
-3.74,2.108,9.013
-4.328,2.038,8.948
-4.292,1.689,8.874
-5.309,1.113,8.982
-4.417,1.845,9.068
-4.359,1.771,8.862
-4.122,1.852,8.865
-4.677,1.904,8.939
-4.656,2.158,8.9
-4.213,2.0,8.833
-4.197,1.828,8.955
-4.134,1.617,9.037
-4.29,1.596,8.96
-4.359,2.005,8.987
-4.254,1.763,8.996
-4.048,1.883,8.972
-4.154,1.763,9.022
-4.132,2.015,8.92
-4.192,2.096,8.972
-4.354,2.06,8.972
-4.144,1.89,8.891
-4.106,2.003,8.936
-4.395,2.027,9.013
-4.371,1.852,8.898
-3.878,2.096,8.941
-4.414,2.132,8.948
-4.443,1.747,9.539
-4.689,1.529,9.331
-4.907,1.562,9.257
-3.792,1.345,8.817
-3.838,1.845,8.879
-4.498,2.266,8.848
-4.055,2.034,8.898
-4.433,1.67,8.934
-3.95,1.794,9.063
-4.412,1.751,9.025
-4.156,1.945,8.936
-4.175,1.866,8.951
-4.292,1.835,8.924
-4.089,1.816,8.967
-4.302,1.794,9.006
-4.211,1.864,8.977
-4.161,1.96,8.91
-4.479,1.73,8.984
-4.299,1.538,9.008
-3.974,1.505,8.963
-4.079,1.792,8.922
-4.173,1.775,8.987
-4.271,1.644,9.018
-4.161,1.5,9.08
-4.012,1.565,8.987
-4.297,1.665,9.02
-4.07,1.744,8.915
-4.103,1.713,8.977
-4.311,1.61,8.97
-4.285,1.541,9.027
-4.45,1.541,9.03
-4.354,1.816,8.953
-4.189,1.704,8.96
-4.008,1.596,8.946
-3.23,-0.524,9.637
-4.534,2.462,8.912
-5.048,1.83,9.221
-4.345,1.211,8.707
-3.663,1.562,8.936
-4.094,1.952,9.008
-4.122,1.668,8.922
-4.273,1.842,9.056
-4.077,1.505,9.022
-4.0,1.364,9.063
-4.254,1.55,9.154
-4.271,1.656,8.79
-4.28,1.761,8.96
-3.986,1.493,8.893
-4.232,1.531,9.097
-4.173,1.553,9.094
-4.247,1.572,8.965
-4.142,1.842,8.984
-3.976,2.0,9.013
-4.075,1.859,8.977
-4.366,1.742,8.987
-4.192,1.735,8.987
-4.029,1.806,9.063
-4.039,1.778,9.02
-4.242,1.763,9.063
-4.079,1.538,9.07
-3.883,1.797,8.972
-4.268,1.747,9.063
-4.168,1.823,9.054
-4.173,1.857,9.044
-4.426,1.826,8.989
-3.943,1.871,8.9
-3.933,1.921,8.987
-4.225,1.751,9.106
-4.113,1.651,8.991
-4.098,1.785,8.987
-4.204,1.883,9.051
-4.189,1.668,8.987
-4.012,2.163,9.034
-5.438,-2.783,17.071
-4.931,1.677,9.487
-3.716,2.639,8.853
-3.216,1.031,8.879
-5.869,1.694,8.977
-3.972,2.027,8.972
-3.74,1.639,8.876
-4.486,1.517,9.077
-4.127,1.589,9.022
-3.938,1.665,8.977
-4.273,1.696,9.049
-4.216,1.737,9.02
-4.108,1.768,8.987
-4.216,1.823,9.01
-4.139,1.773,9.049
-4.149,1.62,9.01
-4.161,1.486,9.068
-4.146,1.51,9.054
-4.201,1.687,8.996
-4.273,1.792,9.01
-4.225,1.732,8.987
-4.134,1.495,9.054
-4.175,1.452,9.042
-4.118,1.524,8.998
-4.209,1.687,9.03
-4.187,1.694,9.02
-4.168,1.541,9.025
-4.192,1.488,9.013
-4.175,1.55,9.032
-4.177,1.57,9.061
-4.177,1.584,8.991
-4.276,1.55,9.013
-4.668,0.112,9.29
-4.386,2.046,9.01
-4.78,2.244,9.18
-4.098,-0.589,9.044
-5.319,2.113,9.219
-3.905,1.318,8.781
-4.89,1.78,8.508
-4.424,1.57,9.018
-4.292,1.625,8.989
-3.732,0.51,8.934
-3.646,1.416,9.278
-4.721,1.775,9.125
-5.161,1.294,8.979
-4.496,2.208,9.051
-3.113,2.74,8.97
-5.338,1.067,9.025
-5.929,0.507,9.355
-4.089,1.156,9.381
-3.986,0.964,9.168
-3.529,1.515,8.876
-4.35,2.273,9.015
-4.869,2.383,9.199
-4.637,2.019,9.065
-4.201,1.433,8.967
-3.625,1.165,8.991
-3.548,1.349,3.433
-3.469,1.962,8.778
-4.62,1.014,8.867
-3.29,2.019,8.781
-3.986,0.548,9.46
-3.409,2.775,9.81
-7.558,-0.366,8.721
-5.582,9.281,8.073
-2.94,-1.297,9.025
-3.79,3.237,8.943
-4.656,0.263,9.369
-3.921,1.325,9.006
-3.883,1.27,8.989
-4.524,2.266,9.013
-4.29,2.139,8.903
-4.249,1.871,8.991
-4.242,1.658,9.042
-4.151,1.505,8.984
-4.089,1.589,8.994
-4.13,1.794,9.008
-4.299,1.869,8.972
-4.285,1.785,8.967
-4.209,1.699,8.991
-4.163,1.754,8.967
-4.259,1.804,8.977
-4.187,1.67,8.979
-4.209,1.622,8.967
-4.271,1.646,8.977
-4.163,1.713,8.982
-4.165,1.842,8.982
-4.192,1.943,8.967
-4.316,1.668,8.975
-4.321,1.493,9.018
-4.158,1.505,9.037
-4.089,1.797,9.015
-4.328,1.895,9.006
-4.223,1.682,9.003
-4.125,1.445,8.987
-4.259,1.455,9.068
-4.106,1.653,9.03
-4.094,1.864,8.972
-4.319,1.943,8.982
-4.295,1.67,9.01
-4.199,1.469,8.96
-4.29,1.34,8.998
-4.266,1.275,9.01
-3.692,1.476,9.221
-4.232,1.849,9.02
-4.347,2.565,8.953
-4.18,2.531,8.848
-4.201,1.603,9.089
-4.304,0.754,9.077
-4.103,0.962,9.01
-4.175,1.723,9.113
-4.161,1.845,9.08
-4.156,1.749,9.113
-4.23,1.486,8.984
-4.015,1.23,8.977
-5.156,1.074,8.833
-3.687,2.192,8.931
-4.271,2.17,8.917
-4.161,2.567,8.403
-4.338,0.708,8.532
-4.067,1.077,8.752
-5.644,1.11,7.494
-4.098,1.878,9.085
-6.651,4.362,10.535
-6.572,2.421,11.286
-7.821,-0.208,11.635
-5.079,-2.816,8.975
-5.735,-5.113,8.185
-3.974,-5.558,6.9
-5.089,-6.671,5.034
-4.761,-5.891,4.747
-4.161,-5.335,5.261
-5.855,-5.859,6.678
-5.331,-3.07,6.697
-5.386,-1.448,5.907
-4.845,7.223,6.3
-6.711,8.841,7.74
-5.115,8.297,8.441
-2.156,8.565,5.869
-0.129,6.216,6.328
-3.866,-11.872,25.668
-8.628,31.175,15.368
-4.436,5.824,5.029
-5.307,7.266,5.132
-7.171,1.682,7.12
-9.759,-4.158,9.417
-5.154,-2.342,9.604
-2.732,-6.374,8.802
-1.223,-6.795,7.13
-2.342,-5.857,6.726
-3.362,-6.371,6.936
-4.273,-2.625,9.664
-6.249,2.206,11.602
-4.752,-1.546,7.958
-6.747,1.519,8.568
-6.687,-0.56,8.223
-6.003,-1.4,9.001
-4.957,-2.048,8.814
-4.17,-0.203,5.405
-5.29,-9.231,10.348
-5.194,-11.013,10.156
-5.544,-6.541,15.894
-9.082,-0.825,9.697
-3.945,-2.369,11.542
-6.264,-1.491,11.252
-4.828,-0.05,11.102
-3.704,0.141,9.489
-3.589,0.409,7.529
-2.464,0.28,5.673
-1.196,-1.404,5.658
-0.737,-4.563,4.756
-2.462,-6.532,5.656
-3.165,-7.352,6.005
-4.187,-7.037,5.881
-5.41,-5.931,5.855
-6.343,-5.067,5.9
-7.075,-4.67,5.584
-7.697,-4.79,5.379
-8.35,-4.18,4.864
-9.121,-3.685,5.266
-8.068,-4.24,5.41
-7.896,-4.943,6.618
-7.144,-5.919,7.541
-6.084,-6.994,8.281
-5.534,-7.824,9.001
-5.883,-7.003,10.209
-6.587,-5.032,10.058
-5.761,-3.775,9.386
-5.027,-3.479,8.998
-5.52,-2.694,8.764
-6.534,-2.562,8.69
-5.864,-0.636,7.336
-5.278,-2.735,6.182
-3.632,-5.867,5.235
-3.876,-9.188,5.18
-3.651,-9.01,4.931
-2.665,-7.305,5.379
-1.567,-7.218,5.51
-2.835,-6.582,5.67
-3.527,-7.929,6.359
-3.426,-9.518,7.733
-1.622,-8.431,7.862
-8.687,-9.987,7.965
-1.048,-6.575,4.235
-0.129,-11.118,2.328
2.515,-8.982,7.127
1.503,-8.664,9.599
-0.388,-3.914,8.288
-1.696,-10.484,5.486
-1.761,-10.453,4.084
-2.641,-12.793,5.237
-4.541,-13.293,4.859
-0.656,-9.195,4.783
-1.512,-8.001,2.397
-3.519,-9.477,4.01
4.221,-11.171,3.888
3.4,-8.422,0.608
1.909,-9.74,0.474
1.019,-10.499,-0.165
1.113,-10.188,-0.495
1.515,-11.137,-1.244
-0.218,-10.592,-0.431
0.237,-10.537,1.459
0.907,-9.049,2.137
-0.175,-9.743,1.933
-1.249,-10.59,0.847
-0.211,-10.791,0.232
0.175,-8.862,1.017
0.593,-9.199,0.474
1.172,-10.161,-0.361
1.747,-9.836,-1.359
1.517,-10.257,-1.172
2.132,-10.834,-1.361
2.242,-10.755,-1.361
2.084,-11.276,-1.57
1.117,-10.932,0.019
0.184,-9.508,0.5
2.919,-9.953,0.763
-0.859,-9.458,0.574
0.242,-9.257,1.05
-0.316,-7.534,3.74
-0.098,-5.572,5.886
0.512,-6.766,5.8
0.988,-8.288,4.362
0.636,-8.475,5.735
0.62,-7.046,5.221
1.448,-8.987,4.634
0.187,-8.431,3.146
0.397,-8.216,2.239
1.373,-10.133,1.605
2.208,-7.489,-2.01
3.208,-9.714,0.565
7.623,-7.07,1.404
2.244,-9.19,-0.957
0.933,-9.278,-0.773
2.065,-7.989,-0.505
1.134,-7.601,0.486
1.168,-10.128,-0.409
0.335,-10.168,0.352
-1.826,-12.37,0.371
-0.615,-13.894,-0.206
0.033,-9.755,-1.51
1.141,-5.302,-5.419
1.036,-3.842,-4.297
1.352,-1.507,-8.216
-0.534,-14.346,-0.301
3.321,-8.869,2.555
0.175,-3.457,-9.092
0.218,-17.631,4.029
1.177,-10.972,-2.692
0.816,-10.379,-2.333
1.113,-9.015,-3.381
0.797,-9.556,-4.357
0.433,-8.379,-4.177
0.694,-9.42,-3.718
0.208,-9.996,-2.986
-0.412,-10.283,-2.541
-0.127,-10.247,-2.878
-0.292,-9.711,-3.345
-0.153,-8.939,-3.488
-0.349,-8.58,-3.33
-0.397,-9.101,-3.871
-0.706,-9.592,-4.122
-0.287,-8.331,-4.491
-0.127,-9.831,-4.484
-0.356,-9.637,-3.886
-0.359,-10.982,-4.101
-0.574,-8.821,-3.249
-0.431,-8.111,-3.761
-0.352,-8.393,-3.78
-0.086,-9.013,-3.338
-0.165,-8.984,-4.297
-0.273,-9.936,-4.199
0.06,-8.912,-4.488
0.045,-8.62,-5.233
0.081,-7.52,-4.725
-0.11,-7.702,-4.314
-0.342,-9.068,-4.704
-0.337,-9.077,-4.701
-0.254,-9.243,-5.0
-0.548,-9.448,-5.417
-0.794,-9.094,-6.496
-0.268,-8.479,-6.065
0.455,-8.52,-5.302
0.27,-7.436,-4.63
0.318,-9.264,-3.565
0.304,-8.348,-4.876
0.258,-7.625,-5.044
0.565,-8.915,-5.079
0.452,-8.14,-4.699
0.122,-8.345,-4.95
-0.316,-8.606,-4.089
0.526,-9.221,-4.558
-1.361,-9.329,-4.711
-0.586,-7.312,-4.412
0.172,-8.24,-4.244
0.55,-8.644,-4.125
0.426,-7.996,-5.13
0.045,-7.817,-5.474
0.605,-7.747,-5.606
1.565,-10.051,-5.436
0.883,-9.324,-4.809
-0.043,-7.601,-5.388
-0.086,-7.857,-5.534
0.014,-7.857,-4.453
0.397,-7.879,-4.436
1.127,-8.731,-4.486
1.168,-8.341,-5.46
1.091,-8.018,-6.398
0.916,-7.807,-5.706
0.804,-9.109,-6.02
1.392,-8.185,-6.678
0.584,-9.53,-5.489
-0.359,-9.202,-3.357
-0.737,-8.396,-1.148
-0.703,-8.687,-2.244
-1.168,-8.101,-3.22
0.105,-6.233,-6.132
4.161,-8.412,-5.048
2.146,-5.029,-9.252
1.981,-6.651,-8.874
1.165,-7.867,-8.695
2.519,-9.257,-8.369
-0.73,-8.355,-7.039
2.438,-8.869,-2.936
-0.266,-7.651,-4.563
-0.366,-7.161,-5.28
-0.287,-7.022,-4.673
0.646,-6.898,-5.271
1.103,-6.967,-6.008
2.151,-7.623,-6.682
2.682,-7.367,-6.637
2.613,-7.663,-6.254
2.364,-7.692,-5.754
2.431,-6.793,-6.027
1.017,-6.721,-5.103
1.897,-8.254,-4.883
2.62,-8.577,-5.233
2.55,-8.219,-5.587
0.701,-9.599,-5.34
0.481,-9.319,-4.85
0.914,-9.819,-5.036
2.371,-9.171,-6.039
3.45,-8.661,-5.843
1.598,-9.889,-6.632
2.448,-10.886,-6.304
2.168,-11.456,-5.517
2.637,-10.57,-4.352
1.895,-9.568,-3.646
1.381,-9.013,-3.551
2.512,-8.534,-3.503
3.031,-8.352,-2.687
3.484,-8.412,-1.744
2.723,-10.063,-1.945
1.072,-8.726,-0.321
2.395,-8.18,-0.005
2.661,-8.934,-0.818
2.218,-10.233,-1.058
-0.045,-11.298,-0.763
0.49,-4.484,3.419
1.022,-5.321,5.902
1.577,-7.331,6.271
2.261,-8.195,8.001
8.884,-3.711,6.45
10.867,-2.005,9.633
3.376,-5.979,6.247
6.692,-5.661,7.474
3.223,-5.821,7.573
2.735,-4.74,7.702
3.311,-4.926,6.922
3.263,-5.067,6.448
3.747,-4.24,6.862
4.163,-2.993,7.137
4.833,-3.366,7.082
4.67,-5.221,6.498
5.364,-4.17,7.735
5.498,-3.374,7.702
6.302,-1.002,8.731
6.003,-1.194,9.728
4.914,-2.024,9.058
4.692,-0.869,8.601
4.697,0.964,8.226
5.467,1.921,8.36
4.565,2.146,9.154
3.527,3.426,9.24
3.319,4.027,9.42
2.431,4.075,8.226
4.424,2.986,8.448
1.818,0.88,9.128
4.756,0.852,8.965
2.122,-0.024,8.924
4.986,-0.199,7.788
2.488,-0.005,8.116
4.627,0.383,7.206
4.565,1.407,8.166
3.031,3.84,7.015
3.218,3.352,8.147
3.254,3.828,7.563
4.173,3.431,7.931
3.4,3.988,7.154
4.118,3.634,8.776
3.079,3.452,9.642
3.118,3.187,9.843
2.749,3.22,9.812
3.462,2.907,9.111
2.873,2.419,8.917
3.369,2.378,8.704
2.89,2.885,9.101
3.866,3.728,9.956
4.211,3.503,9.369
3.993,2.814,8.226
3.417,2.603,8.171
2.787,3.137,9.367
3.163,3.259,10.168
3.297,2.713,10.188
3.022,2.271,9.444
3.598,1.771,8.92
3.646,2.242,8.776
3.539,2.862,8.85
3.173,2.673,8.819
3.18,1.787,8.881
2.845,1.648,8.826
3.445,1.694,8.479
3.967,2.323,8.379
4.491,1.751,8.271
4.445,0.88,8.403
3.929,0.787,8.465
3.039,1.426,8.642
2.787,2.113,9.372
3.73,2.163,9.475
4.118,1.727,9.192
4.134,1.342,9.025
3.156,2.369,8.867
2.972,2.373,8.652
3.232,3.07,8.929
3.335,2.333,9.061
3.505,1.878,9.226
3.984,1.723,9.508
3.965,2.003,9.649
3.63,2.256,9.556
3.388,2.218,9.317
3.716,2.407,9.07
3.4,2.486,9.003
4.211,1.739,9.042
3.452,1.747,7.362
1.493,3.512,6.924
2.826,3.405,8.831
3.888,2.57,9.96
3.663,2.283,9.927
3.797,2.991,9.776
3.799,5.099,9.087
3.055,4.764,8.19
3.522,1.172,7.8
4.098,0.074,7.388
3.304,3.57,6.984
5.278,4.74,5.687
-0.847,3.527,7.204
4.462,10.18,7.608
0.598,6.139,8.549
2.895,7.886,9.427
0.493,6.788,8.065
0.627,5.613,6.632
1.718,5.63,5.747
0.715,6.424,5.814
0.634,7.977,6.934
0.282,8.798,7.187
1.529,3.972,5.084
2.78,10.482,4.63
1.979,14.107,-1.4
1.483,14.147,4.809
0.895,9.161,6.34
0.938,5.627,2.897
-0.134,8.443,4.13
0.443,3.488,-0.854
4.752,7.479,-1.89
5.718,8.946,-0.409
5.312,12.551,-1.225
3.9,13.434,0.022
4.132,10.666,2.227
2.436,5.646,1.031
2.046,5.785,1.57
6.008,10.374,2.239
5.039,7.687,0.05
4.383,6.324,-2.845
3.579,11.401,-3.419
3.708,9.747,-1.168
2.684,7.884,-0.519
3.06,7.673,1.66
3.065,8.166,2.737
2.357,9.589,1.756
2.117,9.307,-0.16
2.261,8.625,-1.988
5.929,6.718,1.732
3.79,10.96,-0.778
3.579,9.142,-2.424
3.077,8.587,-3.283
2.007,10.599,-2.232
2.149,10.671,0.409
2.381,10.7,1.701
2.905,10.178,1.727
2.938,9.183,1.168
3.074,7.783,0.103
2.778,5.603,0.699
2.962,9.671,-1.881
1.804,10.726,-1.122
2.641,7.168,-5.072
2.342,6.962,4.242
1.553,7.592,-1.328
2.108,6.06,-1.876
2.651,6.8,-0.323
4.07,6.58,0.115
5.74,11.532,11.173
5.235,25.053,12.896
1.809,12.355,5.965
-0.476,10.444,0.986
0.924,4.544,-2.117
3.481,1.952,-2.027
6.697,1.237,-1.474
7.785,2.804,1.249
8.168,3.627,3.622
5.221,1.27,4.209
3.165,1.682,6.465
1.759,0.538,9.159
0.809,1.916,9.845
2.027,4.048,13.999
3.108,2.472,12.286
2.687,2.096,8.931
1.596,3.283,6.716
2.792,5.278,9.879
2.675,7.089,10.788
2.29,6.943,10.537
1.971,3.976,8.635
2.572,1.275,6.843
4.02,1.572,6.245
3.077,3.086,6.809
3.218,3.11,8.994
1.732,5.015,9.08
4.189,6.24,9.075
3.426,4.484,8.714
3.34,1.591,8.288
2.68,4.216,7.171
3.457,3.826,6.534
2.369,4.307,6.158
2.553,4.943,9.857
2.728,5.953,9.618
2.094,6.082,7.64
1.866,5.39,6.666
1.983,5.852,7.517
2.491,6.503,8.975
2.397,7.515,10.231
2.395,7.07,10.975
3.196,5.12,8.573
2.517,2.926,6.458
3.019,2.206,5.154
2.113,2.706,6.51
2.527,5.807,8.144
1.452,6.831,8.855
1.637,5.974,8.367
2.524,4.524,8.025
2.235,4.268,7.355
2.263,5.826,7.752
1.414,6.446,8.611
1.577,6.565,8.884
1.821,6.058,7.967
1.864,5.828,7.221
2.034,6.376,7.616
2.027,5.869,8.352
2.395,4.201,8.02
2.321,3.591,7.508
1.895,4.809,7.601
1.436,5.536,8.259
1.78,5.637,8.982
2.022,4.878,8.867
2.417,4.424,8.128
0.225,4.768,7.948
2.309,5.127,7.953
2.065,3.768,8.123
2.751,3.965,8.62
1.952,4.773,8.625
2.653,4.596,9.503
2.201,5.221,9.266
2.232,4.809,8.884
2.536,4.926,8.489
3.342,5.39,8.173
3.232,4.441,8.094
3.242,3.943,7.757
2.747,4.242,7.333
2.318,5.376,6.998
1.948,5.434,7.338
2.149,5.407,8.238
2.213,4.654,8.642
2.696,5.228,8.711
2.601,5.053,8.63
2.773,3.907,8.434
2.909,3.63,8.458
2.263,3.735,8.173
2.476,3.986,7.963
2.677,3.842,8.396
2.16,3.842,9.243
2.811,4.06,9.216
2.596,4.685,9.714
1.926,3.622,9.503
2.402,3.33,9.381
2.515,2.519,8.79
2.419,2.378,8.285
2.419,2.204,8.998
2.457,3.335,9.305
2.46,4.357,9.831
2.539,4.701,9.183
3.055,3.96,8.18
2.732,2.656,8.513
2.62,2.364,9.199
2.649,2.151,9.618
2.833,1.871,8.927
2.818,0.725,8.616
2.857,1.136,9.176
2.376,2.907,10.276
3.259,2.342,9.814
3.074,4.331,9.365
1.759,3.383,8.683
2.034,5.056,10.511
1.55,5.769,12.267
1.926,3.189,11.594
2.909,0.414,10.75
1.778,-3.661,8.757
3.854,-2.634,8.525
4.022,-3.831,13.925
5.3,-5.295,6.077
3.742,-2.242,2.35
5.178,-1.156,2.993
4.426,-2.979,3.759
4.922,-4.577,7.206
7.405,-4.06,10.188
3.792,-7.692,5.388
1.816,-2.05,4.797
3.802,1.701,11.279
2.266,-0.543,16.009
5.606,-3.988,8.018
4.285,-3.237,5.517
5.094,-0.215,4.855
4.008,4.249,11.056
3.242,5.864,13.205
3.455,2.821,9.276
3.247,1.0,6.041
3.012,1.029,7.415
3.816,0.431,9.527
3.802,-0.278,9.609
4.0,-0.66,9.542
1.725,-0.792,10.054
1.94,1.017,12.762
3.876,4.967,18.822
7.611,-3.508,13.016
3.883,1.979,6.046
4.087,2.974,2.864
4.8,1.51,1.617
5.326,1.412,4.063
6.142,1.505,6.816
7.269,3.122,9.946
5.816,2.141,12.391
5.553,2.443,12.315
3.273,2.543,10.334
2.905,1.515,7.771
1.914,-3.469,7.577
4.979,-5.996,5.173
0.213,-6.778,3.584
4.031,-0.014,3.563
0.007,0.584,7.415
0.191,0.481,11.279
0.112,3.921,12.047
-1.002,5.879,12.037
-1.644,7.223,12.767
1.9,8.197,11.623
1.254,6.29,10.81
0.313,5.986,8.915
4.077,6.281,6.745
1.486,6.127,7.513
1.689,4.151,7.046
0.89,4.902,6.118
0.715,8.032,5.149
0.529,8.606,7.812
0.718,7.771,5.534
3.12,5.773,9.46
3.771,5.785,8.369
2.759,5.137,5.627
1.409,6.23,4.642
1.536,7.683,5.883
3.101,7.448,6.661
3.551,7.261,7.616
3.438,6.68,7.336
2.541,7.044,6.348
2.065,8.25,5.632
1.804,7.185,5.977
1.95,6.359,5.587
1.928,6.41,6.824
2.476,6.903,7.388
2.687,7.328,7.656
2.06,6.938,6.965
1.438,5.84,6.479
-0.577,6.168,6.936
2.139,6.9,7.025
1.629,7.293,7.321
1.603,8.147,8.551
1.474,7.008,6.86
1.861,5.761,5.343
1.34,6.084,5.493
2.725,6.824,5.826
2.438,5.45,5.716
3.261,8.52,8.912
2.914,9.25,8.577
2.024,7.132,6.649
1.302,6.19,4.991
1.392,6.766,4.343
0.151,8.807,4.967
1.443,8.573,5.936
2.426,8.333,6.728
3.022,7.379,6.699
1.964,7.462,5.941
1.297,8.142,4.508
1.78,8.247,4.034
1.715,7.465,5.429
2.431,7.245,6.422
2.558,7.635,6.35
2.45,7.745,5.835
2.015,8.132,5.45
1.84,7.539,5.19
1.859,6.852,5.233
2.22,6.874,5.379
2.424,7.596,5.663
2.524,7.965,6.204
2.314,8.238,6.077
2.015,7.544,5.635
1.773,6.883,5.52
1.732,7.355,5.847
1.79,7.69,5.785
2.113,7.661,5.883
2.146,8.132,6.077
2.027,8.02,6.015
1.864,7.455,5.814
1.988,7.058,5.977
2.046,7.372,5.981
2.012,7.367,6.12
2.115,6.828,6.56
2.254,6.747,6.747
2.196,7.072,6.687
2.304,7.824,6.723
1.684,6.915,6.912
1.646,5.771,6.991
1.66,5.95,7.185
1.5,6.996,7.412
1.361,7.171,7.357
1.648,6.742,7.594
2.027,6.718,7.453
1.225,6.166,7.34
1.692,6.075,6.958
1.469,5.661,7.374
1.381,5.307,7.745
0.773,5.706,7.73
0.419,6.144,7.781
0.462,5.713,8.515
1.481,4.835,9.994
1.854,5.407,11.03
1.27,6.63,10.683
0.991,7.312,10.023
0.541,6.989,9.252
0.218,5.919,8.106
0.696,5.309,8.077
0.467,4.78,8.221
0.359,4.098,8.192
0.306,4.642,7.412
-0.007,4.974,7.479
-0.108,5.51,9.099
-0.139,5.565,9.702
0.735,5.733,9.618
0.519,5.24,9.183
0.986,4.491,8.343
1.584,4.572,7.142
0.945,4.73,6.237
1.483,5.379,6.17
1.223,5.934,6.529
3.376,6.606,5.735
1.696,4.981,5.709
2.919,6.185,6.034
3.723,8.422,6.242
2.491,9.444,5.955
2.237,8.565,4.469
2.151,6.924,3.933
2.359,5.898,3.61
2.601,6.369,5.127
1.756,8.733,5.517
1.584,10.7,4.512
1.184,9.159,5.044
0.306,6.922,7.905
4.218,9.936,3.665
3.168,20.246,7.831
-0.591,16.258,9.652
8.587,9.463,13.846
16.76,4.065,13.056
10.226,-4.359,12.482
11.872,-9.214,5.955
11.676,-9.424,-1.61
10.891,-5.434,-4.737
9.709,-2.333,-3.857
8.008,-0.007,-3.225
6.362,2.804,-2.759
3.259,5.529,-2.089
-0.139,6.977,-1.304
-9.298,8.709,-8.64
-1.342,13.188,-5.225
-0.935,15.683,-3.871
-5.766,17.105,-2.436
-10.298,18.468,5.465
-14.657,9.585,8.494
9.745,5.541,8.331
-2.402,13.193,4.9
-0.926,4.914,-0.964
-0.806,3.043,-0.029
2.153,8.494,1.756
-0.227,11.073,5.089
-2.847,11.315,6.398
-1.29,11.549,5.986
0.325,11.171,4.744
0.926,11.317,4.292
-0.124,11.075,4.639
-0.95,11.03,4.242
-1.084,11.393,4.024
-1.395,9.963,3.931
-1.069,9.97,5.218
-1.524,9.802,5.718
-1.993,10.061,4.998
-3.524,11.03,5.012
-2.371,13.288,4.039
-3.773,10.377,5.661
-2.828,10.764,6.197
-3.11,9.597,4.268
-2.948,7.546,4.079
-2.098,8.242,2.426
0.73,8.238,0.677
-1.34,4.249,0.864
1.768,2.582,0.955
2.268,3.488,1.385
4.45,2.062,3.137
5.472,4.201,3.153
7.192,5.063,4.529
6.864,2.519,4.431
4.008,0.933,6.123
4.977,1.991,6.735
4.835,4.089,7.242
4.723,6.682,7.242
4.723,8.19,6.486
5.577,9.642,6.089
5.446,8.046,6.278
6.276,7.35,6.123
7.226,8.211,6.398
6.441,6.754,7.721
4.443,3.725,10.219
-0.306,0.402,12.664
-2.287,3.208,14.678
0.845,5.503,15.32
5.642,5.319,12.353
6.804,3.79,8.805
7.47,3.311,6.656
7.029,2.981,5.307
6.967,4.761,4.795
7.154,7.23,4.015
7.407,8.491,3.85
6.615,8.766,3.326
6.02,8.912,3.354
6.154,8.824,2.486
6.261,8.362,2.316
5.594,8.309,2.364
5.127,8.491,2.864
5.443,9.03,2.395
5.046,7.479,2.493
4.29,6.754,1.804
1.864,6.142,2.622
2.079,7.013,1.809
2.993,7.506,0.852
2.649,6.462,0.505
2.196,6.003,0.182
2.723,6.781,0.27
2.701,7.683,-0.778
2.318,7.898,-1.16
2.419,8.199,-1.656
2.22,9.388,-2.024
2.603,10.456,-2.259
2.57,10.188,-2.33
2.857,8.314,-2.28
3.426,8.498,-1.847
3.876,7.797,-1.077
3.656,7.166,-1.773
3.326,7.429,-1.828
3.252,7.711,-1.873
2.936,8.154,-1.823
2.771,8.161,-1.512
2.878,8.135,-1.244
2.917,7.912,-1.029
2.591,8.333,-1.026
2.749,7.946,-0.873
3.072,7.879,-0.842
3.508,7.836,-0.746
3.795,8.324,-0.292
4.053,8.422,0.16
4.273,8.36,0.591
4.876,8.235,1.086
5.094,8.391,1.675
4.721,8.219,2.192
5.175,8.747,3.455
5.118,9.491,3.842
5.692,9.86,3.366
4.917,8.69,2.735
5.268,9.494,2.759
5.778,9.207,2.811
6.302,9.432,2.488
5.996,9.58,2.457
6.008,9.065,2.864
5.943,8.876,3.33
5.486,8.79,3.543
5.747,8.458,3.405
6.144,8.503,2.993
6.395,8.869,2.766
5.369,8.678,2.617
4.785,8.398,2.457
4.496,7.723,2.522
4.343,8.171,2.804
4.421,9.633,2.912
4.493,9.185,2.342
4.644,8.085,3.089
4.728,7.405,3.342
5.022,7.876,3.531
4.436,8.309,3.486
3.888,7.996,2.369
4.043,9.034,3.22
4.091,7.486,3.275
3.993,6.623,2.345
4.235,7.305,2.749
4.752,9.01,2.804
5.254,8.285,2.663
4.718,6.946,2.993
4.706,7.616,3.438
4.515,7.819,3.74
4.857,8.807,4.024
5.591,7.927,1.96
5.259,7.647,2.122
5.235,8.034,2.751
4.52,7.896,4.165
5.45,9.778,2.414
4.268,7.833,2.924
4.859,8.982,2.79
4.608,7.187,2.955
4.756,6.627,2.857
4.158,7.383,3.019
4.328,7.592,1.579
3.531,7.544,1.426
3.936,7.917,2.172
4.221,7.738,2.199
4.596,7.206,2.074
4.548,6.675,2.125
4.46,8.006,2.778
4.544,8.561,2.897
4.79,7.077,2.797
4.974,6.699,2.998
4.85,6.74,2.89
4.364,7.317,2.383
3.706,7.769,2.062
5.194,7.608,1.61
3.85,7.587,2.704
4.544,7.998,2.352
4.572,8.123,2.878
4.833,9.812,4.034
4.728,9.3,3.283
4.668,7.297,3.582
4.467,7.436,3.211
4.455,7.584,2.914
4.484,8.376,2.74
4.249,9.14,2.842
4.297,8.197,1.96
4.132,6.651,1.404
3.826,6.924,1.826
3.871,9.666,2.517
3.962,8.989,2.381
4.333,8.295,2.017
4.465,8.544,1.835
4.5,8.163,1.897
4.211,7.826,2.201
3.909,8.087,2.297
3.852,8.223,2.172
4.005,8.214,1.558
4.252,8.173,1.163
4.096,8.795,1.603
4.163,8.757,1.768
4.182,7.903,1.95
4.596,7.903,2.232
4.053,8.831,2.684
4.175,9.522,2.505
4.567,9.001,2.242
4.718,8.159,2.146
4.814,8.441,1.969
3.929,8.357,2.227
4.156,9.211,2.146
3.661,9.075,2.091
4.213,8.467,1.904
4.261,8.118,1.57
4.187,9.47,1.739
4.103,11.944,1.103
4.247,12.121,0.751
5.706,9.984,-0.285
5.558,9.568,-1.962
5.063,13.401,-2.617
4.666,13.028,-2.426
6.29,13.525,-1.541
7.305,11.992,-0.462
4.699,9.228,0.847
4.517,7.699,1.369
3.113,5.96,2.079
2.105,4.548,3.055
0.89,3.491,3.828
-0.538,3.096,4.041
-1.388,2.885,4.599
-2.072,3.089,5.386
-2.469,1.706,2.806
25.921,3.649,-47.548
-0.72,-15.99,26.187
6.982,1.584,24.538
2.036,1.388,16.1
1.921,5.625,7.96
6.589,8.781,4.072
4.249,6.41,1.816
4.223,3.383,3.649
4.338,1.445,8.757
4.055,0.531,13.805
3.775,1.493,14.08
3.909,3.012,10.635
6.261,2.273,5.57
7.522,0.957,3.943
5.343,2.108,7.482
2.347,4.285,10.384
1.579,4.689,10.666
3.694,2.754,10.054
5.072,1.72,8.352
5.079,1.199,8.616
4.654,1.184,10.025
3.357,0.952,10.121
1.725,1.735,9.891
1.192,2.651,10.977
1.146,3.062,13.126
1.172,2.261,11.905
1.603,1.881,9.75
1.151,1.311,11.03
-1.481,-2.077,9.111
-6.501,-4.646,9.733
-9.295,-7.264,9.441
-7.235,0.873,6.209
-16.183,1.983,19.019
-8.472,3.493,18.909
-2.426,8.455,16.023
-2.024,3.256,12.123
-3.125,1.007,10.458
-4.663,0.079,13.047
-8.735,-1.909,14.092
-8.587,-3.646,14.75
-6.529,-1.349,15.016
-6.912,0.39,14.415
-6.795,-0.203,12.886
-7.039,-2.586,10.726
-7.139,-3.807,8.955
-6.783,-4.311,7.355
-6.527,-4.529,6.465
-6.077,-4.74,5.41
-5.78,-4.838,5.118
-6.632,-4.477,5.139
-6.852,-4.867,5.321
0.823,-3.012,3.338
-6.338,-4.35,4.457
-6.826,-4.192,4.701
-6.673,-4.244,4.381
-6.465,-3.902,4.785
-6.19,-3.508,5.137
-6.871,-3.46,5.254
-2.842,-2.338,5.314
-6.075,-4.498,4.721
-8.29,-5.802,5.443
-12.446,-5.977,6.336
-12.626,-7.19,6.783
-39.329,-13.934,38.001
-28.828,-13.762,2.046
-39.698,-23.998,-4.924
-48.816,-14.394,1.924
-78.39,6.73,-74.17
-59.922,16.473,-78.151
1.163,5.948,-19.071
-12.561,11.46,-22.454
-4.163,6.02,-15.528
0.179,4.661,-18.126
3.194,7.104,-14.652
7.156,9.601,-14.413
8.018,7.527,-12.484
8.092,6.168,-15.222
7.156,5.642,-12.276
4.108,5.568,-6.223
7.216,8.874,-8.087
3.118,8.821,-7.695
3.012,8.731,-10.609
4.142,8.972,-11.547
4.594,11.075,-11.46
2.309,12.805,-7.874
2.737,9.357,-8.699
3.134,7.336,-10.889
6.467,10.908,-7.333
3.376,5.06,-10.243
4.539,5.082,-3.452
2.086,6.558,-7.037
0.591,4.012,-13.396
-5.168,1.041,-7.494
-6.747,1.756,-10.566
-8.348,7.159,-8.508
-2.694,6.101,-9.786
0.203,1.103,-11.542
4.175,0.452,-13.269
-6.223,2.328,-2.292
-7.553,3.862,-6.371
-6.096,2.495,-9.142
-3.039,0.34,-11.228
-6.297,-3.185,-12.989
-1.043,2.795,-10.922
-3.847,1.39,-15.607
0.208,1.211,-7.345
-2.936,4.118,-12.468
-0.553,1.747,-7.254
-2.455,1.438,-7.651
-3.768,0.112,-8.326
-1.471,2.775,-7.185
-1.596,1.62,-7.649
-1.902,3.185,-7.869
1.866,3.158,-13.82
-4.792,0.505,-9.731
-4.575,2.491,-14.678
-3.185,0.907,-12.504
-4.029,-0.246,-11.669
-3.998,2.357,-11.807
-2.625,4.558,-10.094
-1.861,3.764,-10.389
-0.148,3.857,-11.001
0.275,4.742,-10.496
1.163,4.713,-9.764
2.378,3.259,-6.759
3.058,4.366,-7.52
2.419,3.778,-7.383
1.373,3.173,-9.558
1.924,3.268,-9.228
0.397,1.727,-10.113
2.572,3.735,-10.25
-1.256,1.459,-9.049
-5.304,0.675,-9.817
-4.448,0.627,-8.324
-2.271,1.933,-7.953
-1.84,1.66,-8.135
-2.187,0.136,-5.457
-1.007,-0.713,-4.895
-1.153,0.112,-5.02
-0.79,-0.672,-8.14
-0.897,1.103,-9.57
-0.699,0.869,-9.058
-1.357,0.507,-7.85
-2.347,2.443,-7.714
-2.469,3.314,-8.977
-1.931,4.575,-10.506
-2.223,1.376,-11.465
-2.05,-0.263,-11.623
0.122,1.448,-10.666
0.699,4.29,-9.965
1.766,5.312,-9.271
3.196,5.156,-9.408
3.039,4.857,-9.702
2.35,4.11,-9.319
2.539,5.644,-8.776
1.491,3.522,-9.654
0.304,4.311,-10.994
0.962,3.902,-10.929
1.998,0.187,-11.319
0.904,-0.634,-9.432
-2.641,-0.349,-8.728
-4.754,0.876,-9.223
-7.075,0.957,-7.783
-5.032,1.4,-6.709
-1.589,0.01,-5.589
-0.201,0.39,-6.489
-0.95,1.622,-7.206
-0.694,0.682,-7.312
-2.012,-0.938,-7.898
-3.266,-0.261,-8.475
-3.479,0.505,-9.247
-2.811,1.9,-10.073
-2.692,1.799,-11.032
-3.546,0.725,-11.937
-3.118,0.656,-11.781
-3.448,1.488,-11.13
-1.5,3.85,-10.92
1.282,5.312,-10.664
2.541,5.881,-10.427
2.881,4.89,-9.814
2.431,4.199,-9.25
2.192,4.656,-8.443
2.917,5.29,-9.228
1.371,4.74,-11.654
0.617,4.5,-13.944
-0.538,2.268,-11.573
-2.974,0.402,-9.53
-2.955,1.565,-9.341
-3.821,1.775,-8.915
-5.295,2.395,-9.47
-6.998,2.022,-9.599
-5.608,1.89,-7.46
-2.426,0.548,-7.058
-0.045,1.251,-8.183
-0.78,1.988,-9.333
-3.376,3.383,-8.204
-3.096,3.974,-9.987
-3.706,1.948,-10.398
-2.182,2.448,-11.164
-3.512,2.9,-10.355
-4.599,1.9,-10.666
-2.823,4.077,-9.831
-1.976,4.752,-9.195
-0.349,3.945,-8.539
-0.089,2.567,-9.032
0.804,3.938,-7.003
2.17,6.312,-5.953
2.61,6.302,-6.087
2.732,7.625,-5.862
3.493,9.764,-9.439
2.89,11.659,-11.884
0.883,10.135,-13.284
1.431,6.675,-11.862
0.079,7.338,-12.547
-1.065,4.969,-10.346
-4.366,4.785,-10.044
-5.785,5.814,-8.707
-6.17,8.769,-8.185
-3.938,7.951,-8.656
-0.627,7.52,-10.168
1.699,7.785,-11.19
-0.093,5.508,-8.52
-2.598,4.922,-9.996
-2.247,4.788,-6.692
-3.089,5.73,-5.706
-2.787,3.73,-3.223
1.163,5.967,-4.072
1.213,6.761,-5.795
1.203,7.216,-5.589
0.481,7.02,-6.501
1.024,6.551,-6.618
-1.512,5.824,-7.506
0.048,5.524,-7.821
0.732,4.833,-8.288
0.593,4.902,-8.637
1.244,5.678,-8.788
1.225,4.771,-7.697
0.007,6.391,-7.47
-0.022,6.099,-6.69
1.644,5.498,-6.137
1.345,5.646,-4.467
0.165,4.601,-3.78
-0.019,5.283,-4.591
0.902,4.321,-5.639
2.134,2.029,-6.218
1.854,1.416,-6.606
0.562,3.314,-6.001
0.569,3.534,-5.857
-2.665,1.156,-5.096
0.914,2.806,-6.924
1.404,2.361,-8.601
3.874,3.775,-8.721
3.051,2.917,-6.632
1.546,1.9,-6.584
3.517,3.213,-9.123
1.105,0.258,-6.319
1.364,-5.462,-5.965
-0.895,-0.952,-2.333
1.969,-6.056,2.474
1.239,-6.723,1.881
2.34,-6.563,0.94
3.35,-7.228,-1.002
-0.766,-6.575,-4.486
-5.28,-10.164,-4.448
-6.393,-12.8,-9.649
-5.553,-13.518,-9.606
-2.098,-14.31,-10.846
-1.199,-10.111,-9.857
-13.695,-14.812,-5.754
-8.888,-13.142,-4.256
-0.261,-3.773,-6.223
-5.4,-12.561,-7.242
-4.362,-8.853,-9.793
-7.68,-11.48,-8.518
-12.255,-17.645,-4.713
-16.195,-16.253,-3.716
-19.514,-22.351,-9.173
-25.256,-17.731,-10.774
-27.651,-23.641,-4.969
-26.194,-8.302,-0.11
-16.652,-5.749,0.541
-12.595,-14.681,-4.015
-9.745,-17.033,-4.685
-14.269,-16.396,0.785
-9.79,-18.607,2.797
-5.166,-15.75,5.644
1.593,-7.285,1.675
0.471,-4.84,-3.457
1.916,-1.316,-1.132
2.402,5.376,-4.46
1.476,1.321,-0.775
-18.502,6.812,1.041
-36.463,-8.309,17.542
-20.614,-12.001,13.477
-19.129,-6.29,17.313
-5.673,8.101,20.94
-17.368,0.232,29.113
-21.11,-12.2,26.84
-29.436,-16.356,20.39
-13.776,-20.825,4.972
-9.178,-23.481,-8.178
-3.015,-27.017,-8.963
-1.61,-25.108,-7.63
-0.979,-16.815,-3.165
-8.305,-9.377,-6.032
4.017,-6.438,-9.458
-2.771,-7.058,-2.653
-4.35,-15.607,-0.33
-3.986,-14.226,1.474
-2.936,-17.227,-0.048
-5.242,-21.799,-4.716
-15.045,-12.963,-7.453
-15.468,-16.803,10.099
-13.475,-16.205,13.176
-12.949,-18.31,11.078
-14.712,-22.651,7.556
-18.011,-20.425,7.209
-19.679,-17.585,7.051
-18.944,-15.375,4.584
-16.837,-13.339,1.983
-26.431,-9.659,-5.034
-17.296,-0.986,2.57
-16.078,0.895,0.646
-12.831,0.34,-1.23
-12.181,-2.967,-1.995
-15.444,-4.024,-3.433
-17.818,-1.493,-4.414
-18.734,0.191,-5.501
-19.834,-0.79,-7.175
-20.878,-3.051,-8.283
-23.292,-1.292,-8.156
-24.648,-0.476,-9.731
-23.828,-0.194,-14.183
-20.437,-4.503,-16.88
-26.711,-7.111,-20.107
-13.702,0.529,-27.086
-10.625,6.252,-27.519
-31.005,-10.948,-78.357
10.101,27.086,-39.521
13.341,-10.159,-33.941
-3.778,7.297,-25.364
-10.011,10.276,-14.456
-10.685,-2.553,-3.881
54.319,12.487,-36.255
4.4,-6.994,-5.91
3.68,-0.711,-3.649
-0.639,-1.493,-1.431
-0.78,-4.797,0.823
-0.498,-0.51,-0.78
0.706,-6.453,4.046
-1.476,-7.288,1.656
-1.165,-11.125,2.445
-9.453,-7.75,-3.252
-16.112,-15.712,-4.271
-7.52,-13.719,-2.302
-4.28,-15.126,-4.046
-9.898,-23.574,-5.582
-3.094,-0.608,-6.984
-0.572,-14.36,-5.613
-8.396,-12.154,-8.274
-8.553,-15.892,-9.156
-11.795,-25.455,-10.276
-13.879,-15.013,-6.687
-19.038,-21.847,-6.23
-22.509,-15.128,-3.445
-24.684,-10.532,0.632
-23.914,-12.173,-0.347
-16.253,-12.662,1.677
-14.683,-14.281,-2.558
-11.291,-13.884,-2.294
-11.276,-15.621,-0.557
-15.368,-6.881,0.416
-13.248,-12.645,0.048
-4.225,-5.776,0.88
-6.546,-9.762,2.582
-3.034,-18.928,7.41
6.257,-10.156,8.819
-1.481,0.804,8.003
-2.455,-9.819,1.675
-2.483,-3.577,1.68
-1.136,4.302,3.388
-7.948,-0.366,4.421
-14.224,0.842,4.06
-20.366,6.041,7.544
-23.498,-2.292,17.727
-19.026,-3.137,20.332
-16.176,-8.479,22.062
-17.602,-14.767,19.54
-12.836,-18.191,8.987
-20.026,-24.931,2.866
-6.111,-22.665,-3.551
-3.632,-16.901,-1.771
-1.457,-9.393,-2.074
-0.885,-11.7,0.895
-0.744,-13.224,-2.105
-2.33,-12.114,-3.886
-3.644,-10.087,-2.39
-2.433,-9.042,0.909
-3.431,-11.07,3.436
-3.842,-12.913,1.83
-7.35,-18.193,1.498
-4.273,-23.419,-2.361
-10.652,-21.715,6.185
-17.368,-16.014,16.514
-16.15,-12.769,12.951
-14.116,-19.7,9.068
-17.368,-20.703,7.678
-20.669,-20.373,8.726
-19.997,-10.8,7.807
-28.034,-10.59,2.44
-16.703,-3.89,1.55
-16.375,-5.187,-0.179
-13.121,-0.596,-0.895
-10.683,1.189,-0.598
-10.788,1.692,-0.837
-12.688,0.421,-1.84
-14.15,-1.754,-3.019
-14.367,-0.347,-3.783
-15.145,0.251,-4.438
-16.339,-1.129,-5.328
-17.157,-2.4,-6.249
-5.472,-4.51,-7.668
-4.053,-2.094,-13.616
-20.112,-3.283,-9.226
-18.667,-4.101,-12.312
-17.547,-5.63,-15.114
-16.614,-1.811,-21.337
-14.54,4.79,-25.739
1.172,-17.617,-70.208
12.097,25.407,-48.787
13.236,-0.639,-29.551
-1.78,0.668,-24.395
-7.96,13.109,-19.696
-5.869,4.637,-7.135
-5.606,2.673,-7.824
-2.249,-0.78,-7.778
4.479,0.211,-4.998
4.151,-0.33,-2.936
0.988,-3.708,-0.828
3.144,-1.826,-1.287
-0.093,-1.864,0.931
-2.515,-7.982,4.723
1.448,-9.7,0.445
-0.711,-9.599,-0.141
-6.697,-13.733,-4.209
-9.867,-10.836,-2.194
-13.293,-11.212,-9.381
-7.202,-23.354,-4.5
-9.889,-12.855,-4.661
-5.457,-7.113,-1.732
-9.673,-19.686,-5.103
-6.895,-9.915,-7.709
-8.453,-16.37,-6.271
-11.669,-21.038,-6.627
-12.781,-16.365,-4.486
-15.714,-17.655,-6.295
8.946,-22.304,-7.173
-24.344,-18.526,-4.276
-15.396,-9.776,-2.144
-13.04,-9.633,0.223
-11.917,-10.826,-1.921
-11.812,-13.001,-3.646
-9.781,-11.872,-2.862
-15.98,-14.248,0.045
-8.207,-6.905,0.294
-12.071,-14.497,0.983
-7.194,-12.08,2.089
1.481,-8.381,7.348
-3.067,-15.535,3.921
0.842,-5.587,5.084
-1.902,-6.077,4.431
-3.101,0.742,4.378
-6.687,-2.869,4.816
-11.185,-0.713,6.814
-12.157,1.316,11.204
-12.74,-0.249,12.908
-49.536,4.733,34.771
-13.056,-1.782,18.899
-17.327,-2.208,18.334
-19.148,-7.147,20.016
-16.932,-9.862,14.712
-13.288,-15.911,11.169
-10.09,-16.762,4.087
-6.544,-17.504,-2.914
-5.481,-20.94,-5.745
-2.649,-15.502,-2.622
-2.85,-10.956,-0.44
-4.689,-8.348,0.543
-1.689,-8.446,-1.469
-2.452,-12.731,-3.043
-3.177,-12.214,-2.369
-2.558,-13.831,0.077
-3.766,-13.894,3.491
-5.745,-10.657,1.926
-8.424,-13.063,2.754
-11.733,-20.868,-2.251
-11.468,-29.651,-0.88
-21.136,-13.152,11.066
-19.059,-8.886,18.653
-22.117,-14.458,16.564
-21.799,-11.338,14.269
-24.478,-7.439,11.872
-22.904,-5.338,7.613
-18.418,2.323,5.462
-14.518,3.225,1.364
-15.475,1.505,-2.45
-28.649,7.498,12.279
-9.439,-0.479,-2.299
-8.113,0.005,-1.531
-9.688,-0.313,1.127
-12.379,-0.51,0.273
-13.829,-2.024,-1.266
-15.707,-2.141,-2.936
-16.332,-3.06,-3.503
-16.102,-3.639,-2.929
-16.181,-3.299,-2.881
-17.796,-4.445,-6.426
-18.172,-9.063,-7.84
-17.612,-10.613,-10.496
-16.911,-9.226,-15.525
-15.825,-4.098,-22.234
-18.605,-2.699,-35.477
-59.42,33.044,-35.408
29.857,14.401,-16.894
4.555,1.785,-31.86
-5.297,-1.215,-22.371
-0.847,4.802,-18.447
-3.524,6.151,-7.754
-5.01,-1.227,-6.898
-1.081,-1.811,-7.25
4.046,-2.034,-3.194
3.914,-2.924,-3.706
2.617,-1.558,-2.586
1.141,-1.723,-2.644
1.89,-3.18,-0.632
-0.196,-6.699,-0.608
-2.017,-8.202,-3.206
-6.46,-9.582,-3.263
-0.89,-13.08,-4.8
-5.364,-10.922,-0.735
-5.874,-14.657,-2.84
-4.366,-11.027,-7.857
-3.041,-11.984,-7.242
-6.812,-18.164,-7.584
-4.168,-14.104,-8.673
-7.34,-14.363,-6.477
-6.974,-15.047,-7.276
-8.518,-17.32,-6.982
-13.425,-20.009,-8.195
-16.418,-15.987,-3.232
-19.624,-17.944,-5.075
-17.719,-13.348,-6.063
-18.899,-9.628,-2.967
-15.425,-7.429,1.144
-10.271,-10.508,-0.301
-8.276,-13.674,-1.038
-9.278,-22.069,1.715
-6.608,-18.322,6.197
-12.413,-17.581,-2.802
-7.101,-12.776,5.266
-1.833,-10.724,2.5
-1.256,-14.796,2.692
2.641,-1.007,1.993
3.598,-0.761,-0.857
3.615,-2.601,4.12
-8.419,2.015,0.033
-7.788,6.642,0.919
-5.06,1.081,5.276
-13.087,6.197,11.195
-13.812,1.381,17.626
-38.066,14.647,25.218
-11.044,-0.971,27.56
-14.212,-1.531,28.68
-15.147,-8.178,23.476
-14.26,-13.212,18.999
-12.657,-14.482,9.178
-12.317,-16.337,2.67
-8.723,-15.018,1.462
2.723,-14.363,-7.374
-2.725,-13.324,-2.005
-2.625,-10.946,1.988
-5.041,-11.647,-3.713
-5.687,-9.96,-1.086
-2.594,-9.666,0.758
-3.852,-11.063,0.404
-4.194,-11.709,3.833
-2.912,-13.769,3.048
-6.682,-15.482,3.163
-10.413,-19.062,1.39
-12.377,-25.065,1.043
-16.908,-11.654,11.982
-18.696,-16.09,15.856
-13.664,-23.143,12.508
-19.514,-24.569,10.042
-21.426,-20.356,8.283
-22.777,-17.377,7.257
-23.337,-10.058,4.838
-21.019,-5.663,2.4
-23.665,0.522,0.869
-16.375,1.352,-0.301
-12.587,2.457,0.983
-14.107,2.333,-0.275
-14.525,-0.175,-3.687
-16.93,-0.301,-2.361
-18.875,-0.548,-2.055
-19.681,-1.304,-3.271
-21.777,-2.814,-4.527
-22.868,-3.639,-5.438
-23.931,-3.357,-5.35
-22.844,-4.134,-8.604
-22.478,-5.067,-11.824
-16.234,-8.085,-13.942
-15.525,-8.994,-19.667
-20.122,-3.24,-26.919
-11.185,26.854,-78.357
15.631,15.2,-13.863
-5.594,-31.972,-43.897
-2.754,1.172,-24.813
-3.204,14.382,-24.16
-10.649,0.581,-0.223
-7.352,2.424,-10.267
-0.151,1.938,-6.644
1.924,-2.79,-0.12
2.78,-0.457,-3.598
-0.27,-2.931,-2.51
2.23,-4.01,-3.103
0.433,-4.163,-0.727
-1.629,-6.292,-0.203
0.203,-5.28,0.215
-0.959,-7.506,-4.295
-6.166,-13.142,-4.67
8.137,-21.792,0.802
-7.867,-15.552,-7.991
-8.479,-15.078,-9.219
-6.395,-8.025,-3.902
-4.34,-19.696,-4.776
-6.096,-17.518,-5.565
-10.535,-14.53,-6.505
-9.166,-17.442,-3.615
-10.101,-22.256,-5.209
-13.322,-21.409,-4.127
-14.798,-24.402,-4.417
-13.657,-16.846,-4.96
-19.43,-11.197,2.294
-14.712,-13.147,0.132
-8.422,-10.757,1.115
-14.19,-15.612,-2.457
-11.774,-7.577,-2.211
-6.295,-10.872,-0.335
-12.276,-13.02,3.819
-11.02,-14.245,1.763
-5.795,-15.889,2.151
-11.769,-5.106,5.943
-0.909,-13.054,3.926
3.412,-2.096,3.29
1.507,-4.682,1.553
1.601,1.029,5.213
-2.567,-6.266,1.369
-0.368,-0.804,5.422
-12.09,1.27,5.328
-7.697,5.23,7.405
-21.667,-0.443,13.918
-11.224,-7.194,22.71
-17.009,-1.838,19.823
-12.121,-0.871,24.548
-18.251,-4.95,24.708
-20.146,-5.242,19.119
-15.578,-10.587,9.36
-12.688,-16.746,2.996
-7.91,-18.397,-0.457
-4.898,-18.186,-3.869
-0.684,-12.743,-3.204
-5.125,-13.733,-1.943
-5.778,-14.001,-0.562
-2.175,-9.755,0.053
-7.69,-3.498,-0.321
-5.627,-8.281,-4.003
-2.601,-9.274,2.806
-1.964,-10.702,3.876
-6.553,-11.049,5.926
-6.769,-14.647,3.74
-8.606,-17.344,1.404
-9.865,-23.007,1.483
-17.581,-23.701,6.532
-15.26,-20.985,13.611
-18.21,-17.172,18.406
-21.682,-17.377,16.911
-22.222,-17.145,12.075
-24.088,-16.805,8.355
-30.874,-10.032,5.402
-21.057,-7.671,2.852
-19.466,-2.857,-0.402
14.109,-6.556,-22.849
-14.791,3.192,-2.558
-10.018,1.897,-2.366
-13.305,1.369,-2.534
-13.518,1.68,-2.239
-15.001,-0.318,-2.591
-17.887,-0.318,-2.768
-20.265,-3.17,-4.747
-20.653,-3.565,-5.716
-21.27,-2.347,-6.17
-21.866,-2.45,-8.869
-20.648,-4.419,-10.257
-17.241,-7.467,-10.542
-16.815,-7.872,-14.786
-17.193,-0.574,-22.249
-17.734,5.166,-36.008
16.145,27.201,-68.552
15.425,9.941,-37.274
-4.52,-0.156,-27.819
-3.496,2.938,-18.334
0.065,6.874,-16.131
-8.123,1.56,-7.412
-3.407,3.192,-6.769
1.392,1.002,-7.206
1.838,0.392,-3.876
-0.014,-4.247,-3.196
-0.007,-1.371,-3.419
0.943,-2.51,-2.029
0.957,-2.113,-1.512
-0.287,-6.496,0.242
1.462,-8.302,1.005
-0.022,-6.259,-1.586
-1.359,-9.161,-2.012
-7.553,-13.559,-2.735
-7.797,-9.164,-2.141
-7.25,-14.887,-4.833
-10.08,-13.774,-0.163
-6.254,-10.013,-4.24
3.125,-18.308,-5.278
-5.639,-14.37,-5.28
-11.657,-13.078,-1.364
-10.111,-13.217,-0.536
-8.331,-15.894,-2.39
-9.432,-18.964,-3.909
-13.178,-20.753,-3.991
-15.056,-17.952,-4.517
-21.533,-14.537,-1.347
-20.39,-11.628,-1.081
-13.403,-11.118,-1.065
-13.877,-13.7,-2.51
-10.178,-11.324,-1.165
-12.147,-15.592,-4.213
-8.525,-13.315,-0.294
-11.932,-10.948,6.446
-11.245,-13.676,-0.136
-4.759,-11.482,2.594
-0.842,-10.858,2.562
2.273,-10.319,4.091
-5.515,-10.252,3.613
-3.24,-7.575,5.393
-1.983,-1.536,1.971
-4.369,-1.153,3.749
-0.033,-4.527,2.862
-6.058,-3.953,2.596
-9.487,1.95,5.802
-15.446,2.472,10.439
-8.798,1.608,15.545
-10.97,-7.563,15.671
-12.673,-1.737,20.172
-17.174,-5.941,20.567
-17.404,-7.419,17.162
-19.784,-20.184,14.006
-12.544,-20.82,9.049
-10.446,-22.954,-2.589
-5.326,-19.112,-4.003
-2.141,-11.963,-3.567
-5.094,-12.013,-0.51
-3.381,-9.384,0.548
-0.093,-12.676,-0.998
-5.163,-10.197,-1.323
-1.904,-8.324,-0.249
-8.326,-3.39,5.661
-5.429,-9.769,0.546
-2.787,-13.171,2.929
-3.266,-12.408,4.051
-8.185,-13.934,2.768
-9.317,-16.059,-0.242
-8.807,-24.371,1.251
-14.126,-24.122,10.192
-22.902,-14.344,19.375
-17.492,-16.286,18.102
-19.504,-19.035,11.334
-21.521,-20.866,8.788
-21.839,-19.299,7.032
-20.832,-15.817,6.453
-21.327,-6.915,1.041
-15.592,-3.701,0.366
-17.404,1.041,-1.404
-9.408,2.472,-1.002
-14.808,0.818,-0.517
-11.987,-0.1,-2.201
-13.597,0.151,-1.591
-15.042,-1.366,-1.459
-16.234,-1.218,-2.192
-16.468,-2.12,-3.481
-17.6,-3.369,-4.776
-18.614,-2.835,-4.297
-19.021,-1.991,-5.39
-19.04,-3.211,-8.601
-18.731,-5.958,-10.86
-15.332,-8.015,-13.341
-16.557,-5.606,-17.011
-15.915,1.507,-24.921
-78.39,60.166,-28.096
6.075,36.358,-77.771
10.853,2.541,-24.598
-5.855,0.804,-27.594
-5.505,9.592,-20.933
-7.864,5.094,-10.209
-3.984,2.589,-2.4
-0.103,1.041,-5.857
-1.864,-4.811,-8.575
2.046,1.144,-4.603
1.873,-2.469,-2.428
-0.486,-4.749,-3.993
-0.239,-4.386,-1.144
-1.11,-6.572,-1.531
0.687,-6.307,0.718
-0.895,-9.341,-2.12
-4.295,-12.595,-6.106
-6.295,-5.443,-2.854
-7.85,-11.183,-0.06
-9.893,-12.992,-4.902
-5.465,-7.697,-2.168
-5.917,-10.18,-7.259
-5.852,-17.308,-8.898
-5.292,-16.753,-7.017
-7.912,-13.738,-4.922
-11.87,-16.547,-0.924
-6.986,-20.399,-6.108
-11.47,-19.387,-7.12
-17.885,-16.193,-5.039
-17.169,-17.224,-5.134
-20.318,-9.001,-1.737
-14.927,-11.69,1.196
-12.638,-14.408,-3.369
-10.817,-11.377,-0.617
-13.097,-15.602,-5.661
-10.149,-10.496,0.677
-11.972,-13.602,2.594
-13.308,-11.913,-0.299
-6.295,-16.98,5.134
-8.068,-8.537,2.352
-0.404,-9.278,5.204
-2.67,-10.781,2.862
-1.445,-1.998,5.027
0.397,-0.301,2.278
-3.764,-4.768,-0.55
-4.292,-2.998,7.242
-6.415,2.34,6.709
-7.053,0.27,10.767
-11.908,-0.419,10.561
-14.956,-0.469,16.069
-13.532,1.314,17.717
-12.549,-3.211,17.719
-12.188,-10.659,19.971
-4.161,-14.93,15.624
-14.509,-11.094,17.289
-10.645,-10.951,12.078
-8.654,-13.597,8.142
-7.795,-15.403,0.01
-6.986,-15.791,1.311
-3.881,-15.717,-0.1
-4.39,-12.719,2.419
-7.582,-5.895,-0.093
-4.613,-8.089,3.419
-4.077,-6.864,1.617
-6.393,-0.268,-1.701
-1.199,-7.692,1.816
-3.187,-8.908,3.362
-2.799,-11.714,3.577
-6.312,-13.492,4.895
-8.178,-14.906,7.797
-10.453,-16.727,7.194
-20.43,-21.454,10.154
-19.394,-28.01,17.239
-19.066,-29.558,17.322
-23.543,-22.043,16.748
-24.373,-21.564,14.707
-25.0,-18.672,10.223
-24.672,-16.487,6.855
-23.885,-11.216,5.256
-23.954,-5.45,0.452
-20.033,0.763,-0.443
-21.38,3.993,-5.515
-17.384,5.532,-2.129
-15.714,-0.419,-1.845
-15.647,5.888,-3.685
-17.152,-2.589,-2.017
-19.799,-2.129,-1.541
-24.144,0.739,-2.244
-24.653,0.136,-6.857
-25.677,-1.857,-8.979
-25.541,-3.508,-9.276
-24.797,-11.097,-16.112
-22.026,-8.07,-22.103
-17.483,-0.517,-28.053
-11.42,-1.775,-25.802
-9.094,1.701,-33.398
18.99,14.032,6.73
1.11,19.811,-61.066
-4.871,8.824,-32.218
-2.452,2.653,-19.236
-20.126,2.003,-6.898
-14.131,4.307,-14.308
-3.85,7.582,-6.941
-1.787,1.821,-6.321
2.309,-0.079,-6.166
1.615,1.247,-6.328
3.242,1.737,-4.606
-0.158,-4.134,-6.185
-0.103,-6.312,-4.723
2.639,-4.807,-3.646
-0.014,-5.316,-3.201
-0.675,-4.527,-2.888
2.294,-6.168,-4.031
0.849,-11.444,-2.172
-3.62,-8.36,-7.876
-1.017,-11.858,-7.175
-4.709,-16.028,-4.46
-8.113,-15.468,-4.895
-2.976,-21.595,-1.12
-4.024,-8.644,-3.503
-4.299,-6.833,-3.639
-6.919,-15.238,-4.878
-7.302,-14.6,-6.673
-9.508,-14.927,-6.601
-11.408,-20.246,-6.192
-11.578,-18.497,-5.106
-13.662,-16.939,-2.086
-16.451,-16.75,-0.553
-13.901,-14.99,0.206
-15.435,-10.597,-0.359
-10.738,-10.925,-1.486
-6.659,-16.298,-2.864
-6.948,-12.863,-1.055
-2.287,-12.889,1.074
-10.824,-8.891,0.392
-7.424,-14.662,-0.081
0.971,-14.281,5.266
-4.977,-12.482,2.287
-1.799,-12.81,4.386
-2.015,-5.917,1.684
-0.514,6.151,3.498
-3.412,-1.077,6.965
-0.239,1.024,5.646
-5.57,2.251,6.876
-7.618,3.256,11.492
-13.243,5.754,9.348
-14.81,3.517,14.942
-11.795,-6.053,14.753
-13.669,-6.721,20.107
-11.324,-3.876,19.251
-9.623,-2.539,21.028
-11.779,-5.063,20.22
-6.572,-4.716,18.519
-8.542,-6.804,14.511
-6.584,-8.08,12.973
-8.604,-10.212,10.814
-7.357,-9.243,9.032
-5.764,-9.934,6.364
-4.821,-9.843,4.448
-5.682,-11.994,3.845
-3.953,-12.281,3.586
-7.405,-11.492,1.933
-6.472,-10.546,2.314
-6.094,-9.905,1.9
-5.702,-7.824,1.424
-4.689,-9.719,3.51
-3.295,-11.501,2.397
-5.747,-13.662,6.431
-5.737,-13.908,7.534
-7.783,-14.99,8.135
-11.015,-16.688,9.714
-18.566,-20.344,12.824
-19.796,-20.835,16.585
-23.694,-16.691,17.313
-24.801,-13.276,17.526
-26.292,-12.992,14.516
-25.043,-12.65,11.929
-25.95,-10.267,9.8
-25.569,-5.96,7.441
-22.148,1.29,3.515
-19.354,3.792,-1.22
-14.808,6.706,-6.948
-13.836,3.089,-4.9
-15.004,0.153,-5.17
-15.473,0.804,-4.924
-17.853,1.117,-3.84
-19.339,2.728,-6.589
-21.083,3.62,-9.429
-20.301,3.488,-11.879
-18.303,-1.409,-6.824
-18.492,-5.709,-14.628
-20.169,-9.36,-22.373
-19.165,-9.788,-23.198
-19.253,3.06,-27.948
-12.913,5.78,-25.713
-14.406,0.83,-19.251
-14.822,1.378,-21.892
-7.678,10.731,-25.629
-41.126,26.579,-78.357
13.276,40.135,-29.541
2.668,0.378,-38.59
-3.591,-0.055,-29.28
-7.104,-5.223,-11.207
-11.8,1.18,-11.621
-4.441,2.876,-12.066
-2.84,4.663,-9.951
-0.971,4.232,-6.053
-2.503,5.635,-3.993
-3.646,1.73,-3.881
0.337,-6.893,-6.714
2.448,-10.008,-12.209
1.562,-5.895,-5.343
0.644,-5.312,-9.341
1.538,-2.467,-4.716
0.189,-4.024,-5.223
0.778,-4.488,-5.089
-1.01,-6.68,-5.046
-7.546,-7.458,-7.527
-8.764,-7.97,-3.33
-8.9,-12.394,-4.704
-5.091,-13.286,-7.826
-2.625,-15.097,-4.608
-3.756,-12.695,-4.917
-8.953,-8.247,-3.828
-7.19,-6.484,3.708
-8.731,-11.152,2.194
-6.718,-12.554,1.328
-7.8,-11.867,1.067
-12.219,-12.53,-1.364
3.218,-20.49,1.065
-10.116,-12.736,-3.649
-11.776,-14.293,-1.579
-13.329,-12.882,-3.321
-14.827,-16.738,0.526
-18.595,-13.104,0.177
-13.98,-11.451,0.974
-13.004,-9.884,-1.055
-10.869,-9.149,0.943
-10.556,-6.824,3.024
-11.793,-10.633,1.555
-8.513,-15.121,3.201
-8.716,-13.64,4.658
-8.869,-10.616,6.371
-3.5,-5.661,5.723
-3.06,0.78,0.823
0.806,-3.539,0.811
-14.37,12.886,4.718
-8.156,1.175,0.385
-8.525,2.598,8.01
-10.609,4.974,9.207
-12.796,1.644,13.363
-12.417,2.895,16.997
-10.826,-4.752,18.676
-11.31,-5.012,18.361
-10.922,-7.417,19.653
-7.635,-6.316,18.633
-10.058,-7.173,16.762
-11.953,-9.568,16.059
-10.759,-10.446,13.635
-10.439,-7.616,11.561
-12.274,-4.632,12.075
-9.044,-8.989,23.246
-8.757,-3.852,9.652
-9.08,-5.163,6.551
-12.874,-4.441,8.896
-11.803,-9.802,5.331
-10.334,-8.386,5.599
-12.238,-5.256,0.711
-8.242,-5.938,3.438
-8.427,-5.161,3.699
-8.934,-6.706,0.926
-6.328,-4.811,7.896
-7.991,-10.975,7.611
-4.35,-16.145,4.065
-5.864,-13.616,3.845
-11.695,-13.386,6.819
-12.226,-10.068,11.767
-18.674,-5.532,14.671
-18.133,-9.226,10.372
-19.722,-10.262,5.572
-26.455,-9.01,6.489
-27.933,-8.518,5.108
-28.723,-7.218,6.24
-30.498,-4.345,4.378
-28.084,-2.89,3.271
-29.816,-1.404,4.273
-28.56,2.737,3.828
-28.814,1.651,3.421
-28.584,4.249,1.113
-28.029,4.831,-0.672
-28.366,4.919,-2.139
-27.649,6.759,-2.584
-29.053,7.022,-3.235
-29.23,6.833,-4.788
-29.788,6.584,-6.903
-26.747,13.061,-6.929
-21.847,12.662,-9.034
-18.229,5.479,-11.408
-20.815,-1.916,-15.009
-22.414,-4.596,-16.329
-19.279,-1.036,-24.825
-78.39,19.875,78.233
-3.244,34.647,0.041
-19.782,7.317,2.706
-4.993,8.408,-2.665
-2.39,1.96,-4.328
-21.349,2.948,-0.864
-8.484,10.216,1.431
3.481,2.242,-4.299
-15.631,-3.421,-2.694
-13.372,-7.647,-7.491
-11.738,-15.202,-18.837
-15.387,-3.871,-4.61
-6.266,-8.051,-16.93
-10.551,-14.298,-7.479
-6.381,-25.605,-12.001
-8.998,-18.322,-17.559
-9.173,-12.683,-13.219
-11.786,-13.389,-6.776
-16.337,-19.078,-9.757
-18.636,-18.657,-17.028
-12.417,-19.332,-14.86
-15.064,-24.526,-13.999
-13.504,-17.045,-6.618
-9.633,-13.473,-7.309
-20.995,-10.068,-2.285
-15.119,-7.929,-6.228
-11.939,-0.256,-8.551
-12.372,-3.113,-9.472
-12.812,-1.074,-11.877
-15.08,0.524,-8.685
-19.923,-2.053,-9.424
-24.478,-4.917,-7.955
-18.435,-8.02,-3.735
-40.693,19.777,22.217
-11.178,-6.364,1.024
-12.061,-8.329,0.223
-10.35,-6.73,-1.639
-4.809,-4.706,-7.795
-9.027,-3.118,-9.099
-3.393,-4.61,-8.285
-2.244,-0.036,-4.723
1.584,2.223,-4.656
3.876,0.232,-2.168
2.586,-1.18,-0.189
8.281,-0.512,4.328
6.819,2.144,6.972
6.29,-0.194,2.917
0.541,2.84,0.964
1.94,2.658,4.797
6.407,-0.809,5.044
3.969,-8.491,4.544
6.34,-4.682,-0.297
8.489,1.383,-4.142
6.383,2.766,-8.058
5.249,0.866,-9.441
4.541,5.702,-9.692
1.163,6.103,-13.248
14.415,3.498,-25.476
-2.297,6.551,-13.063
-0.464,3.582,-14.631
-0.579,-1.431,-13.523
-0.129,-0.455,-14.054
-1.247,-6.015,-12.511
-5.9,-14.528,-11.98
-3.153,-16.53,-9.137
3.098,-13.831,-9.338
1.57,-9.336,-6.422
-2.902,-10.724,-4.639
-4.055,-13.15,-3.347
-7.328,-12.018,0.311
-8.85,-14.42,1.311
-5.926,-15.59,3.22
-9.233,-17.038,4.118
-8.451,-14.212,5.867
-11.075,-15.645,10.049
-8.788,-10.786,10.279
-5.824,-9.168,14.229
-6.228,-8.096,12.298
-2.962,-11.877,6.905
1.491,-12.922,8.522
4.098,-19.155,7.714
3.864,-15.669,7.754
4.639,-17.755,0.735
3.175,-17.461,-4.433
2.168,-13.372,-7.805
1.546,-14.822,-3.842
-0.036,-4.852,-6.19
-3.342,-7.687,-4.343
-8.228,-6.45,-8.503
-6.967,-9.037,-10.922
-6.673,-2.687,-7.029
-3.819,-9.341,-11.549
-2.684,-1.452,-12.544
-5.154,-5.197,-15.162
-2.041,4.938,-10.19
0.227,9.867,-0.869
-0.988,15.15,-3.771
-0.943,15.176,-2.668
-1.201,11.884,-7.216
-1.187,13.413,-5.862
-2.847,13.26,-6.891
-2.082,13.762,-8.759
2.517,14.475,-8.108
1.333,9.487,-11.956
2.931,10.092,-13.583
0.153,12.75,-9.709
5.029,12.867,-5.039
4.371,11.039,-3.484
7.149,9.798,-3.646
9.946,10.96,-5.788
7.104,9.726,-2.747
3.031,3.232,-3.089
6.888,6.8,-2.223
-1.852,5.596,-10.846
-3.369,5.792,-8.666
-9.936,4.398,-6.85
-9.857,6.01,-8.07
-0.328,10.826,-7.12
6.35,2.747,-11.324
-1.127,-0.658,-10.673
-6.773,7.436,-7.171
-2.881,5.577,-5.601
-0.136,7.367,-8.96
-1.517,5.498,-7.68
-2.242,2.44,-6.431
-2.22,3.106,-5.891
-3.163,-0.409,-4.73
-3.297,-0.947,-7.374
-3.115,0.407,-8.886
-4.721,2.95,-5.651
-4.072,3.381,-3.766
-2.06,3.565,-4.39
-2.352,2.778,-4.599
-2.711,3.697,-6.716
-2.287,4.864,-7.166
-2.771,3.362,-9.408
-2.613,2.309,-10.712
-4.601,3.053,-13.006
-1.412,4.855,-13.073
-1.596,5.352,-12.755
-4.563,6.103,-11.628
-2.263,6.362,-10.968
-0.541,7.364,-10.915
1.988,9.623,-11.255
1.744,11.114,-10.168
1.857,7.376,-10.783
1.768,7.919,-8.754
1.172,8.51,-9.319
2.584,6.443,-9.812
0.038,7.501,-8.135
0.201,8.015,-7.135
0.675,5.213,-7.805
-4.302,5.967,-4.929
-8.297,5.477,-5.079
-5.278,5.259,-6.958
-4.462,5.4,-4.895
-3.12,4.922,-7.281
-3.783,5.871,-6.848
-0.945,5.044,-6.568
-1.94,2.816,-6.484
-2.735,2.247,-4.701
-0.933,1.278,-5.989
0.864,5.962,-6.333
1.5,5.582,-5.381
1.586,3.134,-7.436
-0.39,4.175,-7.781
-1.847,4.144,-8.175
0.201,6.58,-7.991
-0.51,7.333,-8.692
-2.83,7.135,-9.032
-2.546,6.436,-10.807
-1.948,5.893,-11.527
-1.572,6.099,-11.391
-1.203,6.651,-10.956
-0.813,7.288,-10.262
-0.924,7.206,-8.982
-1.218,5.407,-7.869
-0.246,5.417,-6.527
1.412,6.541,-6.144
1.57,8.163,-5.187
1.747,9.587,-5.355
2.871,10.546,-6.149
2.304,11.157,-7.247
1.981,10.776,-8.417
0.787,7.979,-8.905
0.471,7.513,-7.628
-2.862,7.314,-6.771
-2.83,7.671,-5.367
-5.69,6.132,-4.532
-4.232,4.003,-4.941
-2.893,4.276,-4.168
-1.768,6.039,-4.761
-0.766,5.953,-5.812
-0.653,6.972,-4.95
-0.603,7.312,-7.037
-1.424,6.34,-7.544
-2.034,5.874,-7.34
-0.019,7.934,-6.56
1.771,7.618,-6.819
0.986,7.379,-6.582
0.971,6.548,-7.45
0.182,8.168,-7.79
-1.115,7.898,-5.929
-0.194,8.841,-7.417
-0.057,6.907,-7.812
-1.146,7.247,-6.807
0.108,7.139,-7.226
1.474,7.575,-7.386
0.675,7.596,-6.73
0.211,6.623,-6.092
0.522,6.955,-6.802
-0.316,6.95,-5.548
0.404,8.018,-6.515
1.129,6.962,-6.345
0.962,7.233,-5.493
-0.191,6.278,-4.89
0.074,5.742,-3.96
1.297,5.962,-5.161
-0.234,5.898,-4.754
0.069,4.486,-7.388
0.983,3.323,-7.4
0.012,4.096,-6.68
0.347,4.728,-6.706
-0.182,4.34,-5.591
-1.424,6.013,-6.883
1.132,2.158,-7.273
-0.098,3.886,-7.726
0.72,2.933,-7.429
1.526,0.464,-8.845
-0.596,0.945,-7.541
0.012,1.218,-8.896
2.024,3.311,-6.668
-1.136,0.368,-6.156
0.177,-3.72,-4.579
-0.806,-4.898,-4.551
1.206,-2.55,-3.819
0.701,-5.371,-1.704
3.266,-4.869,-2.976
1.029,-5.352,-3.165
-0.27,-5.718,-4.941
0.263,-6.752,-4.828
-0.751,-9.556,-5.568
-2.512,-12.35,-5.558
-2.079,-11.379,-8.556
-6.266,-9.326,-12.111
-8.022,-7.984,-9.326
-1.311,-7.106,-12.152
-4.8,-18.054,-17.774
-6.972,-5.489,-7.742
-10.25,-8.297,-3.546
-9.618,-8.888,-4.67
-8.496,-9.491,-2.689
-5.656,-18.619,-5.637
-9.477,-21.325,-3.582
-10.597,-20.339,-5.529
-11.341,-14.437,-4.07
-10.661,-13.336,-5.192
-11.326,-20.095,-1.998
-14.257,-14.226,-3.472
-16.93,-18.191,-1.553
-9.314,-24.0,-1.414
-10.135,-16.212,0.246
-11.477,-10.889,-1.974
-7.19,-8.23,-4.826
-8.776,-8.958,-4.864
1.342,1.316,1.579
-4.515,-1.5,3.132
-9.137,-7.254,-0.17
-5.154,-6.309,4.015
-4.125,1.325,3.78
-7.388,1.038,2.483
-13.341,-3.113,5.917
-11.877,-4.106,10.917
-14.822,-7.302,10.939
-14.939,-8.879,11.623
-14.468,-4.967,17.002
-14.334,-6.785,18.021
-13.293,2.498,33.494
-11.994,-8.592,17.509
-16.358,-12.109,11.922
-16.526,-17.571,8.872
-9.274,-18.038,3.761
-7.934,-14.169,-3.716
-0.17,-18.097,-1.885
-1.79,-15.482,-4.668
-9.707,-12.937,1.993
-7.936,-11.444,-2.969
-4.371,-14.315,-4.285
-1.168,-12.556,-5.656
1.459,-10.307,-5.69
-9.9,-5.089,-0.435
-10.171,-5.209,-2.768
-1.203,-12.283,3.031
0.005,-14.14,1.634
-1.471,-19.373,-3.854
-16.882,-21.763,3.18
-15.449,-16.274,4.721
-14.98,-15.2,14.975
-12.427,-17.239,13.518
-15.143,-17.873,9.767
-15.894,-21.552,7.12
-18.231,-20.83,7.228
-19.746,-14.147,7.415
-17.839,-10.884,5.34
-17.564,-9.324,3.558
-18.949,-6.754,0.615
-20.543,0.318,-3.074
-27.682,11.975,25.809
-15.001,1.964,-2.141
-10.719,0.821,-2.83
-14.686,-2.529,-2.974
-14.073,-2.653,-2.802
-17.684,-2.651,-3.187
-19.559,-2.598,-4.29
-18.815,-3.644,-5.209
-18.631,-5.125,-8.831
-20.823,-5.96,-7.63
-20.698,-5.108,-2.359
-20.394,-7.34,-6.005
-21.057,-9.054,-14.887
-22.801,-5.546,-26.003
-64.755,66.899,-78.357
19.992,27.783,-78.357
16.511,11.121,-22.473
-5.352,2.491,-19.488
-7.896,4.845,-19.538
20.086,-17.473,-24.737
-8.338,5.45,-9.298
-5.029,-3.378,-7.998
1.5,-2.352,-9.008
3.271,0.28,-5.709
2.826,-2.326,-6.577
-0.687,0.306,-4.845
-0.356,-1.129,-3.929
1.017,-6.544,-3.292
-0.691,-5.642,-1.223
-2.201,-5.757,-0.687
-1.18,-7.907,-0.187
-1.369,-6.723,-4.488
-3.519,-12.147,-3.838
-8.02,-11.02,-5.328
-10.566,-11.137,-6.462
-6.814,-17.32,-8.896
-6.644,-12.973,-7.034
-7.592,-10.178,-5.283
-4.165,-18.401,-6.015
-8.099,-12.81,-4.606
-10.759,-20.296,-1.479
-11.827,-19.567,-3.627
-12.099,-19.827,-3.304
-12.42,-19.153,-4.177
-15.667,-13.98,2.194
-10.424,-9.774,-1.845
-15.253,-16.193,-1.084
-11.475,-20.514,0.711
-13.561,-16.011,-0.11
-10.807,-11.058,0.787
-12.755,-9.264,0.89
-6.991,-8.843,1.653
-7.912,-9.857,5.869
0.069,-7.934,-1.871
0.603,-12.695,3.787
-0.148,-0.955,4.012
1.637,-4.462,5.888
-3.876,-6.424,4.515
0.091,-3.177,5.419
-4.457,-2.964,0.359
-3.749,0.581,4.852
-9.281,-1.83,4.914
-11.317,-3.342,9.539
-12.63,-3.649,11.807
-17.193,0.603,14.267
-16.037,-0.349,16.959
-13.621,-4.192,17.432
-14.446,-9.855,17.047
-9.826,-9.857,14.497
-13.645,-13.3,10.221
-8.687,-12.774,11.37
-9.621,-15.379,4.508
-6.044,-16.461,0.739
-2.33,-18.672,1.342
-10.422,-11.346,2.172
-4.139,-11.707,-0.785
-3.649,-12.918,-0.397
-3.467,-11.874,-0.979
-4.548,-9.69,0.156
-4.185,-9.621,-1.215
-8.594,-10.865,4.677
-4.776,-9.36,0.457
-3.929,-14.42,1.787
-3.85,-14.657,1.314
-7.037,-13.107,0.517
-16.049,-19.698,5.271
-16.518,-22.756,2.381
-15.092,-23.555,8.049
-14.219,-12.882,18.581
-17.392,-14.867,15.234
-18.59,-18.301,13.398
-21.32,-19.732,8.972
-25.689,-14.748,7.733
-18.241,-10.489,3.565
-17.349,-5.079,2.285
-14.889,1.553,-0.876
-19.313,9.46,2.273
-15.65,2.589,1.785
-11.092,1.23,-1.251
-12.092,-0.402,-1.483
-11.437,-0.935,-1.591
-11.836,-1.56,-1.455
-12.453,-1.9,-2.113
-12.839,-2.395,-4.039
-12.915,-4.524,-6.034
-13.719,-5.374,-7.199
-15.643,-3.957,-3.874
-16.119,-2.433,-7.869
-17.396,-4.438,-9.692
-13.035,-7.352,-14.178
-12.255,-3.914,-18.435
-12.401,-1.002,-21.26
-16.64,3.488,-33.537
11.853,10.154,-78.357
5.489,14.542,-0.349
-5.565,-1.727,-32.975
-8.53,4.835,-17.966
1.57,9.848,-13.403
-5.814,5.091,-3.39
-2.027,-0.541,-6.682
3.981,-5.441,-8.917
2.78,-4.046,-2.637
1.816,-5.843,-2.964
1.541,-4.541,-4.517
0.139,-3.907,-1.392
0.012,-7.211,-0.847
-0.943,-7.4,-1.684
0.428,-10.19,-3.376
0.577,-10.334,-5.211
-4.843,-9.321,-6.063
-8.132,-12.664,-3.874
-2.952,-11.731,-5.646
-4.11,-18.198,-7.336
-6.864,-20.093,-9.463
-5.742,-9.996,-7.108
-9.568,-16.961,-1.352
-9.42,-20.251,-3.321
-9.522,-15.181,-1.622
-12.31,-9.257,-1.849
-13.575,-20.902,-2.929
-12.695,-18.77,-0.632
-9.905,-14.516,-3.486
-9.082,-13.109,-4.589
-11.996,-12.14,-3.5
-12.205,-12.709,-6.015
-10.867,-9.539,1.036
-10.346,-11.214,-2.364
-9.719,-10.247,-0.486
-8.293,-12.027,1.589
-10.3,-17.619,2.835
-10.759,-12.367,5.613
-5.735,-10.838,5.587
-1.67,-13.365,7.656
-3.278,-8.522,4.936
0.266,2.149,5.802
-1.794,-1.876,5.658
1.105,-10.015,5.936
-0.89,0.242,5.067
-5.07,-2.125,2.833
-6.659,0.802,5.146
-9.07,-3.807,8.778
-13.949,-6.206,11.379
-14.583,0.0,14.695
-14.372,-0.995,17.102
-14.525,-3.235,18.246
-14.36,-6.027,15.889
-12.829,-6.431,15.162
-13.379,-8.977,11.831
-9.984,-11.733,9.9
-8.293,-14.865,7.123
-12.231,-11.157,5.23
-4.955,-13.348,6.35
-9.132,-13.564,2.747
-7.931,-11.877,3.842
-4.876,-9.537,3.364
-3.811,-8.386,3.488
-5.8,-10.582,0.636
-4.591,-12.298,3.22
-5.087,-0.196,-5.874
-5.01,-8.391,2.665
-4.754,-10.587,3.407
-5.144,-12.42,4.213
-6.671,-15.621,3.759
-10.324,-20.052,2.646
-14.044,-24.01,4.407
-15.035,-23.952,12.487
-17.612,-16.404,14.937
-19.705,-20.526,14.674
-22.83,-18.452,12.317
-25.086,-15.884,9.714
-20.928,-9.046,6.589
-20.48,-8.853,5.828
-18.026,-4.022,1.823
-21.997,1.395,1.637
-21.399,-0.017,8.742
-12.901,3.522,0.096
-13.355,1.593,-0.974
-12.874,-0.512,-2.393
-14.516,0.129,-1.55
-14.501,-0.45,-1.988
-14.652,-0.89,-3.383
-15.418,-2.838,-4.063
-17.437,-3.263,-5.749
-19.394,-3.108,-6.039
-20.988,-2.378,-8.41
-20.803,-3.228,-13.92
-13.755,-1.541,-16.59
-17.377,-7.34,-14.212
-15.147,-4.137,-21.019
-20.765,5.462,-29.24
16.119,15.176,-78.357
10.039,11.645,-31.448
-2.065,6.496,-25.613
-7.795,3.936,-20.279
-8.683,6.912,-17.425
3.429,2.641,-16.313
-4.244,0.725,-4.154
-0.78,-1.33,-9.345
3.149,-0.921,-8.226
3.756,-0.864,-2.574
1.058,1.122,-4.206
0.146,-2.184,-2.692
-0.342,-4.125,-3.244
1.625,-7.905,-0.651
0.639,-6.862,-2.646
0.792,-6.405,-3.462
-0.325,-7.36,-2.192
-3.704,-7.455,-4.788
-6.726,-9.365,-4.735
-6.032,-14.413,-6.845
-6.759,-13.202,-5.709
-2.656,-13.422,-7.984
-4.945,-19.696,-8.793
-3.972,-12.609,-8.8
-6.395,-18.782,-5.929
-8.419,-19.904,-2.239
-11.91,-13.384,-2.012
-16.526,-6.06,-1.962
-10.068,-20.023,-3.113
-10.078,-17.93,-2.488
-11.319,-17.03,-2.479
-12.061,-11.176,-0.514
-16.471,-10.379,0.864
-18.425,-10.671,0.136
-9.855,-13.322,-0.318
-8.503,-13.822,0.498
-8.331,-12.949,2.323
-10.2,-9.991,3.199
-9.19,-13.951,7.281
-9.314,-13.827,5.553
-6.666,-11.788,3.725
1.05,-14.231,3.278
-1.596,-6.304,4.967
0.919,-3.661,4.773
0.574,-2.945,3.874
-0.117,-3.299,1.567
-1.711,-4.441,-0.993
-1.187,-4.182,7.075
-8.245,1.806,5.68
-10.25,-2.5,10.489
-11.762,-2.156,11.338
-11.566,-2.158,13.209
-11.248,1.065,15.066
-14.379,-4.967,15.281
-12.508,-7.08,15.028
-13.707,-8.869,12.925
-11.956,-7.8,12.513
-11.269,-10.925,11.097
-11.372,-11.599,7.589
-8.549,-13.042,8.274
-8.656,-14.7,3.799
-7.419,-13.482,2.984
-5.407,-13.683,2.151
-5.718,-11.571,1.311
-4.424,-10.752,2.251
-2.783,-9.566,2.338
-3.771,-10.307,2.369
-5.022,-10.221,2.835
-4.17,-8.348,5.082
-3.496,-12.446,5.434
-4.74,-12.992,4.474
-5.481,-15.253,6.912
-13.468,-13.841,5.713
-11.279,-22.115,4.986
-11.238,-26.251,5.922
-18.282,-15.683,12.669
-22.907,-14.458,14.497
-20.394,-17.617,13.745
-23.825,-14.707,11.403
-25.328,-13.355,6.771
-21.818,-9.819,6.08
-18.712,-5.462,3.457
-18.035,-2.641,-0.213
-16.069,0.031,-3.127
-10.661,1.904,-3.541
-10.834,-0.395,0.275
-11.841,0.191,-4.594
-10.884,1.177,-3.864
-12.068,-1.792,-3.311
-14.03,-1.742,-3.4
-15.98,-2.842,-4.469
-17.597,-4.453,-5.972
-18.507,-3.627,-6.084
-20.174,-2.718,-6.816
-27.237,-3.307,-10.398
-19.598,-3.476,-10.393
-15.846,-7.383,-14.054
-16.006,-3.991,-20.335
-19.528,2.792,-36.037
20.902,7.163,-37.738
14.08,12.475,-14.006
-2.488,1.945,-30.297
-7.965,6.319,-17.729
-15.758,8.534,-17.155
-5.838,5.919,-18.184
-0.641,3.173,-5.96
-0.696,-1.964,-9.855
2.361,-2.967,-8.632
5.156,0.682,-5.259
2.206,-0.388,-3.871
0.897,-1.125,-5.546
0.242,-0.974,-3.878
-0.203,-6.326,-5.154
1.672,-7.685,-4.213
-3.23,-8.52,-4.266
-3.775,-10.046,-5.491
-4.343,-12.652,-6.589
-5.467,-14.217,-6.474
-6.587,-14.592,-4.302
-6.283,-15.449,-6.386
-5.127,-12.473,-6.443
-4.843,-15.523,-5.352
-5.579,-13.257,-5.556
-6.738,-17.231,-3.673
-11.721,-16.942,-0.514
-11.42,-17.442,-2.728
-8.156,-15.679,-3.441
-8.46,-12.018,-1.613
-13.776,-16.461,1.244
-12.973,-12.26,0.77
-10.161,-11.425,1.83
-11.578,-14.166,0.086
-11.142,-15.502,-0.084
-6.419,-12.951,2.467
-11.135,-5.405,1.68
-6.168,-4.424,-0.28
-2.852,-14.733,1.904
-1.928,-10.178,0.785
-3.314,-5.84,1.536
2.785,-5.996,3.809
0.328,1.165,2.641
-0.907,-3.409,4.498
-4.168,-4.634,7.716
-3.536,-2.244,7.099
-7.116,-5.766,9.676
-7.491,-2.242,11.039
-11.927,-1.153,13.607
-11.661,0.775,13.597
-13.059,-8.254,12.066
-11.489,-9.161,14.499
-12.606,-10.401,16.195
-11.714,-7.343,14.341
-9.063,-6.903,16.401
-8.219,-4.522,16.363
-9.25,-9.377,11.848
-7.793,-12.295,10.814
-9.374,-11.157,8.561
-8.096,-11.673,7.781
-6.266,-10.91,3.228
-1.529,-12.884,1.692
-5.623,-13.621,1.146
-4.898,-12.554,1.18
-5.139,-11.338,0.297
-5.032,-11.114,1.266
-5.0,-10.161,1.079
-5.568,-9.199,2.139
-5.34,-8.915,2.689
-5.678,-7.683,4.615
-3.498,-8.503,3.512
-5.635,-11.977,3.644
-8.309,-16.186,4.445
-6.565,-19.308,1.912
-8.752,-24.144,1.046
-15.925,-23.306,8.192
-21.478,-20.04,15.521
-20.77,-15.061,15.394
-21.191,-18.801,14.765
-25.859,-19.645,10.381
-26.993,-15.963,6.417
-19.27,-14.896,0.481
-18.665,-1.974,3.137
-19.351,-2.515,-1.392
-23.722,6.075,3.649
-16.583,4.376,-3.656
-11.894,1.828,-1.711
-14.174,1.115,-3.488
-12.616,1.314,-2.003
-13.875,-0.665,-2.213
-15.808,-0.39,-2.795
-18.174,-1.938,-5.027
-19.011,-5.45,-8.707
-18.904,-5.292,-7.199
-21.416,-1.838,-7.374
-23.294,-4.788,-9.42
-18.873,-10.094,-7.874
-17.87,-13.781,-10.795
-18.765,-5.981,-20.244
-15.729,-7.754,-40.458
2.955,28.809,-70.576
6.69,4.855,-32.541
1.699,-10.929,-18.901
-6.192,1.459,-17.932
-3.543,6.147,-13.58
-7.348,2.481,-5.969
-3.268,-1.598,-9.752
0.495,-3.74,-8.006
0.735,-2.603,-7.204
1.311,-3.479,-6.197
0.445,-2.821,-3.804
-0.651,-4.383,-5.295
-0.321,-2.775,-1.78
1.067,-5.132,-3.491
0.493,-5.883,-1.507
1.364,-7.941,-1.945
-1.249,-6.776,-2.622
-1.976,-9.745,-1.342
-2.677,-9.647,-3.223
-6.467,-12.114,-4.828
-8.518,-13.336,-8.061
-6.721,-17.6,-5.797
-7.656,-9.774,-6.79
-6.864,-10.377,-2.661
-6.056,-13.575,-2.735
-9.52,-17.846,-0.27
-12.255,-17.229,4.354
-14.621,-12.755,1.225
-10.441,-18.722,-0.878
-8.678,-16.753,-2.067
-13.774,-18.306,-0.878
-16.152,-14.207,2.936
-12.355,-16.04,-0.751
-10.695,-15.762,-0.287
-15.786,-9.573,-0.223
-10.654,-11.728,0.407
-7.747,-11.41,1.261
-7.762,-9.159,3.527
-9.597,-15.037,0.373
-7.032,-10.527,1.117
-1.715,-9.826,2.251
-1.134,-12.252,3.29
-0.514,-5.711,1.069
0.043,-6.376,3.252
-0.847,-8.908,2.261
-3.395,-4.835,5.187
-2.543,-2.333,2.275
-4.154,0.562,4.711
-8.039,-7.546,3.309
-6.917,2.68,6.381
-10.891,-5.273,10.231
-11.092,-2.022,11.594
-11.762,1.517,11.984
-12.709,0.266,15.746
-14.561,-1.153,23.373
-12.86,-8.64,17.755
-12.004,-7.654,15.281
-8.565,-11.633,14.7
-7.345,-10.125,13.078
-6.704,-10.023,8.185
-7.558,-12.248,7.635
-8.53,-13.365,6.13
-7.781,-10.92,6.23
-7.651,-12.803,3.529
-6.855,-12.578,2.536
-6.137,-12.848,1.782
-4.244,-12.171,1.826
-2.094,-11.788,-0.208
-4.084,-9.221,1.555
-1.33,-8.321,2.165
-4.431,-7.065,3.529
-8.649,-8.123,7.465
-5.711,-8.431,5.302
-8.465,-10.063,5.113
-10.235,-14.21,5.804
-10.322,-18.519,5.453
-10.635,-22.323,7.896
-16.179,-22.17,14.913
-25.424,-17.057,19.215
-26.629,-15.138,18.533
-27.424,-11.994,15.513
-25.328,-16.128,12.961
-26.426,-13.977,10.807
-20.48,-13.686,0.955
-22.048,-3.871,2.673
-22.148,-1.378,-1.828
-20.744,0.586,-5.115
-29.74,12.3,-4.802
-23.636,8.053,-3.902
-13.41,-2.163,-4.771
-13.489,-0.433,-3.67
-15.566,-0.847,-4.137
-16.265,-0.947,-4.053
-16.805,0.012,-5.237
-16.937,-2.766,-9.137
-16.894,-4.768,-8.872
-17.942,-3.754,-7.561
-17.502,-4.4,-8.759
-16.253,-6.082,-15.875
-15.265,-9.214,-18.277
-16.774,-6.934,-23.502
-19.679,0.663,-31.257
-21.129,11.183,-33.752
29.795,29.347,-45.911
17.346,22.61,-34.824
-0.711,-2.115,-17.516
-9.506,3.407,-16.207
-13.453,21.129,-24.658
1.694,3.637,-18.901
-0.696,6.096,-12.542
-5.087,4.005,-13.099
5.582,0.112,-7.862
0.589,0.112,-5.642
0.701,-4.63,-3.582
1.471,-3.158,-2.23
0.806,-3.115,6.718
3.663,-6.991,-3.223
1.861,-7.417,-1.268
-0.9,-6.474,-4.297
-0.376,-8.903,-4.242
-8.754,-13.123,-4.814
-5.874,-11.901,-4.094
-6.632,-12.647,-5.8
-3.823,-15.368,-9.831
-1.481,-14.205,-9.659
-1.529,-7.039,-5.914
-9.886,-15.365,-10.958
-8.039,-11.413,-4.087
-7.692,-18.26,-5.151
-7.537,-20.449,-5.953
-13.98,-19.693,-4.249
-10.525,-16.65,-2.041
-13.461,-14.042,-3.366
-10.834,-12.293,-1.543
-9.056,-9.956,-2.562
-11.305,-16.724,-5.106
-12.288,-18.109,-1.794
-11.81,-16.604,-2.613
-12.367,-12.173,-1.598
-6.111,-2.955,2.479
-3.706,-11.303,5.412
-5.151,-15.645,3.752
-3.737,-16.104,4.323
-3.328,-12.685,3.778
-1.256,-5.9,6.336
-0.933,3.689,5.749
-1.979,-4.175,1.56
1.189,0.041,7.458
1.421,7.632,1.653
-5.953,6.127,3.259
-7.819,-0.354,5.393
-11.788,-2.366,11.494
-14.87,-0.261,13.616
-14.607,0.127,16.281
-15.588,-1.723,19.715
-12.953,-8.187,19.416
-10.884,-11.135,18.492
-8.635,-9.312,16.222
-7.742,-11.379,13.805
-7.587,-11.745,11.181
-6.996,-11.58,4.986
-7.817,-16.016,7.348
-6.345,-14.425,2.306
-6.625,-16.057,-0.203
-7.058,-15.619,0.857
-6.137,-14.241,-0.091
-6.039,-11.848,-0.22
-3.962,-11.446,-2.326
-4.405,-9.566,-2.333
-5.187,-10.515,-2.254
-4.087,-10.075,-1.129
-1.787,-5.754,0.723
-6.522,-4.761,1.072
-9.484,-7.869,3.472
-4.835,-5.706,4.177
-5.283,-9.254,5.503
-7.52,-13.147,7.216
-7.893,-15.954,6.386
-9.094,-23.385,5.548
-10.491,-31.783,1.395
-23.773,-20.146,7.685
-22.476,-9.573,20.535
-25.768,-11.269,16.59
-20.727,-14.322,11.307
-22.0,-15.415,9.336
-22.5,-12.714,7.726
-27.802,-6.257,2.55
-19.011,-4.292,2.318
-17.696,-2.242,-1.199
-23.304,7.364,-2.663
-11.159,3.177,-4.553
-7.015,-7.02,-2.864
-13.511,-0.926,-4.326
-13.107,2.491,-3.256
-14.791,-1.684,-3.103
-14.695,-0.967,-2.94
-16.267,-0.096,-1.699
-18.932,1.639,-2.883
-20.509,2.338,-6.336
-19.552,-2.728,-7.599
-17.09,-3.551,-5.192
-20.012,-5.699,-10.233
-20.524,-7.527,-16.789
-20.713,-8.364,-21.373
-22.435,-2.814,-28.455
-6.718,2.031,-60.276
24.112,9.35,-71.825
8.539,29.177,-48.474
3.369,3.926,-17.138
-10.886,-0.689,-13.968
-2.476,2.053,-22.722
-4.441,-3.847,-16.932
-3.723,9.515,-9.369
-11.927,7.537,-16.006
2.302,1.302,-8.685
0.084,1.251,-4.35
5.706,-0.234,-3.941
4.438,-3.601,-3.185
-0.546,-7.79,-4.276
1.696,-1.627,-5.582
2.744,-5.517,-2.826
3.003,-4.211,-4.503
1.421,-7.498,-5.91
-4.46,-8.472,-5.12
-0.871,-12.927,-4.67
-1.591,-13.468,-3.642
-2.072,-14.221,4.417
-7.247,-14.26,-3.211
-0.423,-15.683,-5.144
-3.132,-11.379,-5.259
-2.962,-11.695,-9.496
-4.759,-7.436,-5.067
-1.146,0.199,-5.986
-10.264,-15.169,-5.166
-7.541,-17.095,-4.852
-7.517,-10.977,-5.79
-12.628,-15.006,-4.733
-14.296,-11.695,-3.175
-14.15,-14.75,-4.948
-12.391,-15.535,-4.807
-15.714,-15.561,-1.498
-19.583,-14.623,1.486
-15.714,-15.449,0.885
-13.008,-16.839,0.981
-10.582,-19.289,3.173
-9.044,-14.99,4.687
-12.571,-12.544,2.577
-11.992,-11.358,1.778
-9.171,-15.401,1.038
-6.312,-8.14,1.866
-3.95,-7.407,2.45
-2.601,-5.127,3.943
-5.654,-7.549,4.096
-3.261,-1.639,4.512
-2.675,-4.469,1.747
-4.189,-4.036,3.682
-5.594,-2.074,6.094
-8.745,3.756,5.024
-11.633,-2.105,4.558
-8.74,-6.407,7.91
-10.523,-4.046,10.683
-14.341,-1.311,12.628
-8.195,1.806,18.298
-12.726,-1.971,21.313
-9.659,-0.177,17.916
-10.463,-4.072,17.916
-10.807,-7.173,16.317
-10.671,-9.207,12.743
-11.142,-10.637,9.281
-8.616,-8.183,7.427
-6.443,-8.891,6.565
-4.544,-4.192,3.752
-9.233,-8.037,2.254
-6.015,-9.554,0.617
-5.67,-5.922,2.534
-6.364,-4.292,4.785
-4.18,-4.955,4.871
-5.218,-6.013,6.601
-3.096,-10.226,5.412
-4.051,-9.278,4.591
-4.156,-15.126,8.24
-9.544,-14.903,8.585
-10.688,-21.193,7.955
-12.406,-24.629,6.19
-15.947,-28.486,7.795
-24.129,-19.251,19.009
-28.283,-10.434,15.741
-25.936,-12.484,14.621
-23.938,-13.891,9.673
-21.435,-17.672,6.312
-21.823,-14.193,4.144
-22.253,-8.544,1.184
-21.229,-1.797,0.0
-18.877,-1.818,-3.811
-19.327,1.962,-6.173
-19.184,3.204,-11.422
-15.348,3.613,-5.477
-11.484,10.511,-2.297
-17.863,-0.907,-2.716
-17.863,-0.254,-1.725
-17.176,-0.258,-3.713
-19.801,-1.988,-8.063
-28.723,0.947,1.055
-18.731,-0.517,-9.889
-17.669,-2.72,-15.458
-15.169,-6.537,-20.409
-13.403,-9.499,-20.457
-16.621,-2.919,-19.255
-20.126,1.541,-20.524
-16.303,4.687,-21.416
-15.269,7.637,-20.684
13.609,22.256,-25.134
4.857,31.427,-52.407
1.881,-2.455,-18.081
-0.866,-2.055,-24.591
-5.441,0.732,-18.188
-11.499,7.558,-16.442
-10.037,10.209,-6.812
-1.995,7.096,-8.106
-4.723,3.613,-13.044
-2.376,1.117,-9.058
4.398,4.182,-8.506
3.319,2.687,-6.015
1.804,-3.101,-4.213
-0.742,-2.132,-7.125
4.694,-2.675,-4.077
4.106,1.665,-2.579
1.426,-2.665,-7.525
1.201,-4.922,-6.312
-5.902,-2.952,-6.711
-8.922,-10.762,-2.417
-8.948,-12.252,-3.618
-2.522,-9.369,-3.192
0.223,-11.81,-7.695
0.048,-13.19,-7.683
-3.539,-13.066,-7.647
-8.295,-12.587,-5.536
-6.19,-12.406,-6.19
-4.792,-6.757,-7.821
-8.771,-15.506,-6.027
-6.355,-12.37,-5.288
-9.855,-9.19,-2.926
-12.391,-12.36,-0.397
-13.339,-18.736,-2.125
-11.398,-18.31,-3.766
-15.262,-14.126,-3.383
-17.059,-14.836,-1.94
-13.901,-13.915,-0.603
-13.391,-16.437,0.239
-12.374,-15.351,2.945
-12.671,-17.873,3.402
-9.415,-19.294,3.881
-10.496,-14.571,5.749
-8.443,-17.186,5.711
-4.728,-12.477,4.438
-1.467,-6.706,0.1
-3.675,-7.046,5.314
-0.29,2.421,1.675
-3.101,-3.467,4.4
-0.9,-2.61,1.907
-1.883,-0.895,-0.878
-4.486,0.474,2.196
-7.393,4.058,2.976
-21.186,7.367,11.862
-13.939,5.766,10.508
-10.788,1.696,13.513
-10.848,-6.948,17.896
-12.461,-4.498,18.583
-12.724,-5.197,18.392
-9.824,-4.742,18.918
-10.049,-7.656,15.853
-11.312,-11.673,12.066
-10.13,-11.099,11.415
-9.262,-11.216,7.805
-3.141,-11.176,1.708
-15.37,-10.893,-1.962
-8.79,-14.437,3.981
-6.453,-14.949,2.632
-3.945,-11.685,0.9
-5.505,-12.458,0.749
-2.211,-12.283,-1.254
-6.185,-9.333,-0.268
-6.525,-8.02,2.058
-4.594,-6.711,1.806
-2.096,-7.142,1.859
-4.599,-4.46,3.06
-4.345,-9.439,3.393
-2.955,-13.154,4.331
-1.034,-15.131,7.405
-8.398,-16.413,5.96
-8.747,-24.916,3.713
-11.97,-28.275,4.252
-17.332,-18.313,11.91
-22.064,-14.506,20.662
-19.901,-12.482,18.375
-20.849,-17.368,15.791
-22.237,-17.282,12.755
-22.277,-15.502,9.7
-21.471,-8.951,6.209
-19.416,-2.749,3.149
-18.858,-1.615,-2.345
-15.836,2.993,-2.625
-25.464,8.424,-7.64
-15.401,1.567,-5.087
-14.863,-0.538,-5.713
-10.695,-1.254,-4.13
-13.961,0.05,-3.232
-15.791,0.601,-1.314
-17.102,2.096,-4.68
-18.342,-0.943,-7.261
-19.007,-2.905,-8.252
-18.504,-3.462,-6.742
-18.394,-2.845,-11.578
-16.734,-5.4,-18.483
-13.549,-8.455,-18.87
-17.432,-7.699,-19.937
-19.49,0.438,-21.55
-18.499,3.857,-24.002
-12.011,16.018,-9.747
-2.553,21.251,-56.228
4.778,15.561,-22.143
-3.089,2.507,-22.227
-6.101,1.024,-16.466
-8.644,0.467,-17.727
0.854,3.802,-16.124
-2.328,2.266,-11.393
-1.144,-0.785,-11.846
0.201,0.299,-9.341
2.83,1.981,-6.462
3.701,0.644,-9.532
2.713,-2.902,-8.166
2.689,-5.711,-7.711
4.572,-3.548,-8.022
4.905,-4.185,-6.943
5.302,-4.11,-7.685
2.991,-7.458,-6.898
-0.672,-4.773,-7.57
-1.33,-6.8,-4.177
-5.364,-7.544,-2.151
-4.716,-7.919,-1.546
-0.947,-6.776,-1.072
1.113,-6.599,-1.859
0.706,-10.47,-4.474
-2.153,-10.747,-4.271
-4.644,-9.688,-1.397
-7.687,-6.828,-4.393
-7.553,-8.979,-1.672
-2.311,-8.381,-4.063
-3.23,-8.396,-2.5
-5.85,-8.975,-3.881
-8.798,-13.121,1.361
-7.441,-14.243,-4.792
-9.199,-17.346,-4.484
-7.156,-15.86,-4.4
-23.667,-10.173,-1.029
-19.126,-14.164,-2.364
-11.269,-13.415,-1.302
-11.86,-13.293,1.474
-12.14,-18.964,0.859
-9.831,-14.774,-0.146
-11.305,-16.875,1.775
-10.19,-19.705,0.821
-11.92,-16.272,2.103
-11.783,-16.42,4.62
-8.558,-12.37,-1.948
-6.496,-14.26,3.271
-4.405,-9.13,2.371
-3.857,-10.125,0.45
-5.924,-15.411,-1.046
-3.125,-13.348,5.725
-3.85,-3.778,6.312
0.045,-0.665,3.929
-4.35,-6.556,2.003
-3.34,-5.146,2.704
-2.864,-4.491,19.406
-5.496,1.857,4.938
-7.668,0.213,9.922
-11.8,0.268,11.432
-13.114,-2.431,12.858
-13.511,0.935,13.207
-13.475,-3.316,13.863
-11.374,-6.225,13.47
-13.255,-7.46,10.929
-11.719,-4.589,11.611
-11.027,-3.845,12.532
-10.135,-4.271,11.183
-10.422,-3.079,12.228
-11.951,-4.113,10.283
-10.312,-4.618,9.829
-9.874,-2.101,9.417
-9.69,-3.319,9.695
-7.501,-3.4,9.463
-6.077,-4.737,7.805
-4.091,-3.316,8.757
-5.462,-5.012,7.695
-6.453,-3.182,7.699
-4.366,-2.017,6.795
-3.838,2.146,4.343
-6.211,-1.483,5.596
-5.529,1.213,5.024
-4.986,2.34,4.618
-4.816,0.239,5.264
-5.096,-0.577,5.924
-4.402,0.596,5.575
-3.472,1.067,6.17
-3.919,0.593,6.934
-3.376,2.445,6.838
-4.199,0.811,7.101
-1.457,0.323,7.281
-2.278,-0.098,7.857
-2.699,0.483,7.974
-3.062,0.206,8.455
-3.046,0.835,8.314
-5.773,1.555,9.223
-4.335,1.325,11.348
-3.376,0.096,9.365
-3.388,0.569,9.621
-3.125,0.464,9.609
-3.627,-0.127,9.329
-2.945,0.402,9.19
-3.598,0.991,9.386
-3.048,1.476,9.793
-3.218,2.017,9.41
-3.29,1.656,8.912
-3.019,1.699,9.049
-3.275,2.005,9.451
-3.484,2.359,9.57
-3.139,2.476,9.745
-3.228,2.34,9.441
-2.948,2.275,9.341
-2.833,2.737,9.554
-2.79,3.01,9.556
-2.589,2.955,9.231
-2.457,2.457,9.159
-2.227,2.579,9.056
-2.457,1.888,8.905
-1.983,3.462,9.388
-3.452,0.818,8.618
-3.036,1.175,8.888
-2.483,1.495,9.25
-3.74,0.409,8.608
-3.85,0.184,9.025
-3.522,-0.057,9.233
-3.802,-0.467,9.575
-3.577,-0.907,9.283
-3.201,-1.215,10.676
-2.785,-1.816,11.36
-3.531,-2.098,11.774
-3.079,-1.785,11.259
-3.708,-2.584,11.877
-4.412,-2.945,11.477
-4.299,-3.185,12.293
-4.577,-4.826,11.884
-6.773,-5.898,12.374
-5.369,-6.905,11.762
-4.957,-8.917,10.831
-4.91,-12.226,8.948
-5.405,-15.164,6.888
-5.264,-16.25,5.998
-2.003,-15.569,2.462
-2.845,-12.408,3.642
-9.326,-11.185,10.628
-10.233,-14.193,9.865
-12.097,-13.365,10.733
-13.044,-12.238,9.539
-15.951,-14.506,9.068
-19.401,-12.65,8.061
-23.933,-10.145,8.687
-24.943,-8.19,7.317
-26.479,-6.58,6.958
-25.967,-5.036,5.926
-25.397,-3.07,3.606
-32.596,-0.505,6.367
-26.041,-0.156,2.862
-24.864,3.764,3.07
-22.158,7.312,2.172
-20.713,9.178,2.627
-19.351,7.647,1.467
-17.571,8.546,2.285
-14.052,10.3,0.584
-11.515,9.336,0.084
-12.286,5.237,-0.742
15.19,0.703,-6.623
-4.627,10.64,0.938
-4.8,9.027,-1.991
-76.012,40.238,44.899
39.992,63.485,41.796
-8.312,19.925,19.703
-3.905,-3.555,3.187
-0.249,10.384,2.787
11.097,-5.216,3.345
12.051,-2.747,14.851
9.671,5.089,10.511
6.391,1.878,4.869
5.288,6.649,6.369
5.706,6.943,7.695
5.857,4.603,7.027
6.304,4.498,5.46
6.333,5.077,4.783
6.154,2.156,6.18
5.489,1.512,8.266
6.032,4.855,7.053
5.687,5.206,4.974
6.927,2.811,5.35
7.072,3.558,6.228
6.417,3.335,6.833
6.572,3.486,5.515
8.053,3.842,4.871
7.484,3.5,5.85
6.127,3.876,6.986
6.192,3.761,6.343
6.927,3.68,5.333
7.068,2.881,5.087
7.307,2.515,5.601
7.319,3.402,4.962
6.862,3.055,5.85
7.45,3.101,6.01
7.482,2.931,5.682
7.273,3.359,5.632
7.412,2.85,6.065
7.252,2.555,6.115
7.831,2.412,5.39
7.659,2.45,5.398
7.489,2.316,5.058
7.711,2.498,5.469
7.534,2.503,5.563
7.424,2.278,5.45
7.333,1.95,5.759
7.891,2.067,5.52
7.649,1.952,5.565
7.651,2.034,5.843
7.584,2.283,5.199
7.979,2.23,5.596
7.654,2.163,5.663
7.733,2.16,5.314
7.242,1.828,5.278
7.788,1.838,5.651
7.448,1.969,5.166
7.845,1.859,4.496
7.857,1.589,5.515
7.663,1.893,5.242
7.876,1.955,5.077
7.142,1.818,6.465
7.529,1.945,5.615
7.491,1.802,5.965
7.565,1.696,6.185
7.675,1.469,5.91
7.565,1.62,6.048
7.549,1.967,6.123
7.369,1.857,6.147
7.47,1.591,6.302
7.467,1.648,5.972
7.238,2.094,5.845
7.395,1.754,5.359
7.553,1.948,5.651
7.577,1.61,6.087
7.094,1.845,6.022
7.223,2.156,5.242
7.687,1.852,4.905
7.529,1.541,6.264
7.084,2.067,6.548
7.25,2.227,5.058
7.496,2.35,5.235
7.19,2.431,5.515
7.484,2.12,5.618
7.276,2.318,5.943
7.482,2.132,5.261
7.285,2.369,5.307
7.374,2.572,5.769
7.092,2.4,5.615
7.663,2.208,5.225
7.771,1.979,5.69
7.45,2.165,6.175
7.553,2.405,5.658
7.805,2.244,4.886
7.809,1.888,5.778
7.613,2.637,5.929
7.924,2.309,4.639
8.041,2.491,4.594
8.321,2.651,4.558
8.094,2.957,4.91
8.178,2.216,5.529
8.175,2.263,4.721
7.955,2.371,4.421
7.989,2.737,4.673
8.094,2.338,5.52
8.465,2.017,4.953
8.36,2.137,4.85
8.163,2.412,5.065
8.159,2.113,5.883
8.465,1.227,5.938
8.874,1.605,5.544
8.843,1.522,6.534
8.711,2.388,6.197
8.506,2.952,5.06
7.989,2.574,5.759
7.776,1.991,6.269
8.738,2.462,6.209
8.484,3.034,5.429
7.802,3.07,5.663
7.644,3.496,5.414
6.972,3.201,5.776
6.671,2.34,6.044
6.816,2.352,5.735
6.187,2.156,6.982
4.677,1.904,8.551
3.991,2.225,9.209
5.103,2.933,9.025
5.917,3.259,8.441
5.812,3.285,7.314
5.053,2.895,7.161
2.998,1.648,8.635
2.239,2.058,9.812
2.888,3.271,9.814
3.653,3.775,9.58
4.395,3.708,9.137
3.51,1.615,9.501
3.469,1.361,9.561
3.742,2.357,9.154
4.094,3.204,8.707
4.67,2.476,8.843
2.546,-1.05,10.812
3.187,-0.67,11.307
3.63,1.438,11.154
4.247,3.857,10.451
4.421,5.486,9.455
3.792,4.728,8.388
3.189,3.448,7.721
2.885,2.723,7.319
2.754,2.567,7.238
2.378,2.584,7.089
1.498,2.201,7.254
0.773,1.608,7.573
-0.414,0.955,7.884
-1.041,0.763,8.262
-1.256,0.912,8.436
-1.775,1.251,8.695
-2.23,1.51,8.917
-1.323,1.68,8.695
-1.168,2.455,9.121
-2.275,3.223,10.097
-3.058,3.785,10.166
-2.216,3.29,9.723
-2.23,2.132,9.367
-1.835,2.488,9.743
-1.416,3.345,9.826
-1.488,3.417,9.661
-1.579,2.122,9.613
-1.333,2.438,8.814
-0.328,2.266,8.149
-0.266,3.34,7.893
0.237,3.328,7.288
1.771,2.601,5.804
2.376,1.873,5.489
2.144,1.464,4.969
3.369,2.838,4.479
4.029,3.323,4.924
4.752,3.522,4.491
5.3,2.663,4.922
5.233,3.78,5.01
5.132,5.249,5.182
5.862,6.651,4.828
6.106,6.692,4.395
5.682,7.041,3.699
4.905,6.747,4.764
5.209,7.321,5.168
5.936,8.077,5.036
5.716,8.393,5.493
5.594,8.553,6.163
5.51,8.678,6.142
5.673,8.754,6.529
6.032,10.293,6.135
6.527,10.532,6.13
5.828,9.764,6.022
5.534,9.142,5.862
5.893,8.223,5.62
6.247,8.891,5.534
5.943,8.068,5.577
5.465,7.635,5.737
5.364,6.848,5.431
6.257,6.247,5.264
6.295,5.874,5.099
6.025,5.434,5.685
5.455,5.34,6.053
5.419,5.417,6.984
5.864,5.898,7.111
5.855,5.395,7.125
5.453,4.603,7.948
5.221,3.991,8.652
5.513,3.945,9.317
6.273,4.043,9.53
6.651,4.06,9.637
7.005,3.45,9.597
7.281,2.773,9.841
7.64,2.761,10.142
8.008,2.73,10.379
8.195,2.519,10.501
8.271,2.455,10.441
8.331,2.062,10.003
8.297,1.359,9.427
7.996,1.127,9.056
7.742,1.553,8.946
7.352,1.814,8.908
6.812,1.981,8.601
6.556,1.945,8.671
6.604,2.256,8.489
6.173,1.933,7.934
6.158,1.969,7.817
5.917,1.981,7.683
5.716,2.692,7.285
6.3,2.852,6.998
6.326,2.909,6.671
5.709,2.373,6.824
5.546,2.608,6.8
5.501,2.689,6.63
5.276,2.919,6.235
4.924,2.826,6.35
4.544,2.692,6.534
3.682,2.756,6.209
3.314,2.534,5.603
3.208,2.227,5.367
2.787,1.428,5.326
1.742,1.424,5.268
1.531,1.806,5.041
1.601,1.531,4.902
1.17,1.141,4.78
0.857,0.756,5.24
0.416,0.543,5.766
-0.275,0.976,5.737
-0.749,2.242,5.46
-0.345,2.184,5.792
-0.337,2.261,6.13
-0.825,1.936,6.472
-1.873,2.417,6.08
-1.806,3.632,6.953
-1.357,3.089,7.072
-1.957,3.369,6.661
-3.053,3.299,6.836
-2.481,2.517,7.948
-1.893,1.979,7.972
-1.952,2.421,8.19
-2.103,2.96,8.369
-1.924,3.543,8.967
-1.558,4.362,9.111
-1.988,4.299,9.264
-2.809,4.235,9.893
-3.22,3.34,10.353
-3.388,2.921,9.489
-4.015,4.058,8.214
-4.582,4.122,7.608
-5.929,2.256,6.202
-47.756,20.607,54.611
2.385,9.164,18.676
9.831,-10.858,-5.697
-0.89,-11.07,2.773
-11.257,-7.714,15.391
-6.589,-4.792,6.838
-0.311,-3.058,7.974
-0.16,-2.036,9.807
-2.67,-4.35,11.819
-2.912,0.806,8.671
-3.163,1.211,9.956
-3.127,-0.306,10.111
-2.73,-1.0,9.711
-2.149,-1.34,9.719
-1.816,-1.249,9.623
-2.249,-1.675,10.391
-2.247,-1.024,9.853
-2.706,-0.888,10.073
-3.12,-1.529,9.599
-3.252,-1.328,10.975
-1.806,-0.677,9.527
-1.546,-1.081,9.831
-1.648,-0.316,9.843
-2.256,-0.33,9.869
-1.816,-0.577,10.113
-2.156,-1.378,9.774
-1.074,-2.117,9.566
-7.96,-2.79,9.982
-7.97,-2.151,11.999
-2.673,-0.325,9.621
1.129,3.845,8.819
-2.536,1.038,9.879
0.586,-4.433,9.235
-1.778,-1.897,8.015
-8.699,-1.036,10.42
-2.182,-0.072,9.898
1.536,1.096,9.63
-2.457,-0.888,9.956
-3.216,0.187,9.817
4.204,0.871,6.938
-5.666,-3.022,12.372
-3.385,-0.412,10.479
-2.84,0.589,9.633
-3.357,-1.101,10.063
-0.847,0.0,9.487
-1.153,-0.56,9.307
-3.965,-0.395,10.042
-4.008,-1.861,8.68
-3.192,-0.66,9.74
-1.443,-2.742,9.042
-3.979,-0.086,9.812
-3.902,-0.287,9.855
-3.216,-0.505,9.881
-2.019,-2.22,9.46
-3.268,-0.438,10.204
-3.493,0.179,11.08
-4.02,-1.57,9.843
-3.553,-2.354,9.695
-2.146,-0.689,10.391
-5.158,-1.361,10.011
-5.912,-0.328,11.379
0.191,2.704,9.02
-2.847,-0.95,9.625
-3.496,-1.991,9.142
-2.838,-1.797,9.513
-0.244,-1.826,10.896
-4.235,-1.483,9.841
-2.89,-1.347,9.577
-3.031,-1.39,8.936
-1.902,-1.928,10.221
-4.182,-1.438,10.011
-3.689,-1.684,9.501
-3.256,-1.538,9.077
-3.491,-1.904,9.173
-3.493,-3.165,9.451
-2.701,-1.723,8.209
-2.01,-0.201,10.121
-3.445,-2.12,9.3
-3.175,-1.058,9.379
-3.845,-0.756,8.357
-3.311,-2.689,9.326
-2.61,-2.57,9.613
-2.507,-1.053,9.321
-2.864,-0.251,9.64
-2.46,-0.964,9.819
-1.897,0.091,10.346
-2.754,-1.426,9.307
-2.507,-2.149,9.807
-2.835,-1.354,8.288
-2.756,-0.818,9.695
-2.754,-0.754,10.034
-2.232,-0.916,9.546
-2.567,-0.66,9.561
-1.991,0.007,9.905
-2.041,-0.28,10.262
-2.878,-1.39,9.723
-2.373,-1.314,9.391
-2.773,-1.366,9.692
-2.649,-1.522,9.592
-1.349,-2.242,9.965
-2.175,-1.235,9.491
-2.199,-1.979,9.458
-2.976,-1.986,10.221
-16.451,4.101,15.162
-2.936,-1.699,9.877
-1.653,-1.653,9.716
-2.268,-1.268,9.944
-2.95,-0.73,9.695
-2.326,-0.687,10.02
-1.098,0.732,11.255
-1.684,-0.474,10.355
-1.177,-0.847,9.64
-1.419,-0.474,10.156
-1.428,0.323,9.814
-2.845,0.275,9.546
-2.146,-0.756,9.709
-2.259,-0.036,9.7
-2.675,-0.108,9.903
-2.883,-1.395,9.932
-4.292,-0.811,9.082
-3.441,-0.658,9.439
-3.687,-0.754,9.42
-3.443,-0.691,9.484
-3.4,-0.639,9.427
-3.438,-0.758,9.554
-3.433,-0.763,9.415
-3.376,-0.708,9.518
-3.457,-0.541,9.551
-3.56,-0.531,9.542
-3.359,-0.672,9.532
-3.405,-0.5,9.487
-3.697,-0.586,9.3
-3.72,-0.639,9.429
-3.653,-0.668,9.575
-3.625,-0.687,9.499
-3.436,-0.744,9.386
-3.369,-0.397,9.42
-3.285,-0.378,9.491
-3.46,-0.347,9.408
-3.259,-0.45,9.714
-3.397,-0.359,9.439
-3.46,-0.055,9.377
-3.457,-0.074,9.68
-3.395,-0.132,9.484
-3.598,-0.136,9.3
-3.364,-0.22,9.477
-3.431,-0.285,9.64
-3.397,-0.325,9.58
-3.476,-0.419,9.398
-3.436,-0.356,9.367
-3.613,-0.261,9.403
-3.316,-0.251,9.692
-3.259,-0.182,9.53
-3.347,-0.191,9.412
-3.488,-0.211,9.503
-3.29,-0.266,9.633
-3.362,-0.175,9.51
-3.342,-0.206,9.494
-3.5,-0.182,9.448
-3.436,-0.165,9.52
-3.493,-0.129,9.513
-3.371,-0.313,9.46
-3.474,-0.179,9.384
-3.472,-0.196,9.46
-3.326,-0.179,9.585
-3.342,-0.28,9.499
-3.433,-0.287,9.487
-3.4,-0.196,9.427
-3.347,-0.132,9.501
-3.469,-0.249,9.561
-3.299,-0.297,9.496
-3.254,-0.12,9.472
-3.469,-0.065,9.475
-3.519,-0.139,9.525
-3.364,-0.282,9.522
-3.319,-0.278,9.451
-3.354,-0.206,9.472
-3.452,-0.211,9.46
-3.457,-0.261,9.575
-3.431,-0.172,9.355
-3.421,-0.196,9.484
-3.347,-0.211,9.601
-3.519,-0.172,9.465
-3.45,-0.1,9.496
-3.196,-0.11,9.484
-3.137,-0.151,9.566
-3.347,-0.189,9.527
-3.572,-0.153,9.434
-3.417,-0.184,9.491
-3.196,-0.258,9.539
-3.436,-0.146,9.4
-3.409,-0.213,9.501
-3.335,-0.242,9.558
-3.254,-0.268,9.446
-3.333,-0.1,9.551
-3.431,-0.108,9.482
-3.484,-0.124,9.448
-3.393,-0.074,9.563
-3.23,-0.057,9.568
-3.371,-0.091,9.467
-3.488,-0.074,9.556
-3.374,-0.184,9.544
-3.194,-0.1,9.556
-3.479,-0.115,9.42
-3.412,-0.115,9.496
-3.345,-0.086,9.558
-3.244,-0.117,9.563
-3.338,-0.11,9.479
-3.45,0.007,9.379
-3.555,0.033,9.472
-3.22,-0.151,9.582
-3.194,-0.134,9.577
-3.352,-0.103,9.453
-3.323,-0.177,9.542
-3.247,-0.124,9.637
-3.39,-0.086,9.434
-3.218,-0.122,9.503
-3.292,-0.065,9.532
-3.512,-0.05,9.441
-3.266,-0.108,9.592
-3.232,-0.074,9.551
-3.455,0.026,9.436
-3.426,-0.002,9.479
-3.314,-0.089,9.489
-3.132,-0.012,9.534
-3.326,-0.031,9.484
-3.34,-0.048,9.542
-3.551,-0.06,9.482
-4.017,2.996,8.927
-0.852,2.206,8.955
1.294,6.367,7.848
-0.232,5.465,9.515
-3.452,-1.168,9.781
-3.295,-0.11,9.4
-3.28,-0.091,9.58
-3.378,-0.026,9.527
-3.252,-0.086,9.568
-3.493,0.026,9.503
-3.292,0.144,9.628
-3.728,-0.098,9.592
-3.57,-0.407,9.465
-2.967,-0.534,9.594
-4.0,-0.151,8.367
-3.634,0.397,10.195
-3.144,-0.156,9.575
-5.084,0.699,9.467
0.136,-0.802,9.233
-3.802,0.943,9.24
-2.347,0.053,9.85
-2.864,0.246,9.235
-3.022,0.301,9.649
-2.658,0.627,9.733
-1.034,2.137,11.094
-3.007,1.426,8.46
0.275,-0.158,9.381
-3.347,0.665,9.439
-3.541,0.275,9.683
-2.895,-0.278,9.53
-0.897,0.251,9.357
-4.005,0.242,9.994
-3.835,-0.699,10.03
-4.347,0.45,9.659
-2.125,-0.62,10.178
-2.689,-0.117,9.967
-2.649,0.203,9.896
-1.833,1.981,10.195
-1.491,0.861,9.484
-3.012,-0.117,10.336
-3.275,-0.129,9.221
-3.615,0.72,9.848
-2.706,0.16,10.027
-4.8,-0.352,10.836
-2.708,0.744,9.513
-3.134,1.0,9.956
-2.917,1.168,9.654
-2.644,0.663,9.41
-2.737,-0.11,9.991
-1.962,0.541,9.956
-4.776,0.39,9.759
-3.457,-0.29,9.499
-3.01,0.321,9.532
-2.18,0.993,9.52
-2.847,0.239,9.51
-3.45,0.404,9.41
-3.177,0.677,9.477
-3.223,0.383,9.649
-2.828,0.713,9.625
-2.708,0.304,9.625
-3.338,0.057,9.142
-3.185,0.01,9.623
-2.988,-0.172,9.601
-2.792,0.969,9.64
-2.656,0.44,9.735
-2.182,-0.1,9.731
-4.292,-0.033,9.57
-3.168,0.199,9.678
-3.512,0.866,9.618
-4.065,2.948,9.594
-7.264,1.94,7.293
-3.74,-0.007,10.951
-3.259,-0.811,10.03
-3.795,-1.469,9.958
-3.194,1.548,9.295
-1.067,-2.615,8.989
-2.649,-1.773,9.286
-2.352,-0.311,10.341
-3.029,1.658,9.573
-3.177,0.806,10.207
-2.139,1.041,8.903
-3.319,0.258,9.477
-2.945,2.204,9.817
-3.479,5.938,10.913
-4.043,-2.417,9.276
-3.122,0.694,9.513
-2.888,-0.823,9.886
-2.797,0.979,9.735
-2.646,0.574,9.384
-2.821,0.601,9.594
-2.787,0.234,9.714
-3.357,0.51,9.63
-3.385,1.304,9.764
-3.476,0.464,9.53
-2.847,0.517,9.542
-3.019,0.378,9.719
-3.12,0.34,9.69
-2.606,1.024,9.604
-3.027,0.577,9.659
-2.809,0.799,9.522
-3.082,0.51,9.582
-2.804,1.165,9.721
-2.806,0.648,9.656
-3.017,0.703,9.472
-3.153,0.502,9.8
-3.031,0.586,9.542
-3.125,0.754,9.348
-2.964,0.634,9.546
-2.833,0.703,9.455
-3.474,0.792,9.695
-3.094,1.194,9.475
-3.129,1.132,9.707
-3.051,0.739,9.64
-1.962,0.809,9.953
-0.756,-1.761,5.412
-2.598,0.428,9.788
-3.543,0.651,10.2
1.172,-0.746,9.525
-2.433,0.234,9.738
-3.575,-0.203,9.463
-5.223,0.837,7.797
-5.051,-1.598,10.451
-2.871,1.11,9.695
-1.517,0.739,9.513
-3.448,1.512,9.57
-2.754,1.462,9.635
-2.582,0.677,9.728
-3.417,0.165,9.599
-3.304,0.258,9.525
-3.18,0.28,9.513
-3.146,0.677,9.551
-3.07,0.624,9.64
-3.039,0.476,9.666
-3.177,0.156,9.518
-3.639,0.888,9.625
-2.924,0.38,9.496
-3.185,0.27,9.566
-3.062,0.352,9.503
-3.019,0.177,9.558
-2.83,0.584,9.611
-3.101,0.79,9.68
-3.079,0.797,9.621
-3.388,0.39,9.51
-3.122,0.28,9.396
-3.161,0.366,9.503
-3.158,0.467,9.534
-3.481,0.613,9.544
-3.225,0.364,9.573
-3.055,0.144,9.455
-2.988,0.598,9.628
-3.082,0.115,9.575
-3.106,0.414,9.623
-2.936,0.313,9.668
-3.137,0.299,9.611
-2.821,0.297,9.688
-3.187,0.057,9.558
-3.388,0.234,9.539
-3.242,0.452,9.455
-3.055,0.309,9.52
-2.986,0.715,9.637
-3.223,0.49,9.592
-3.132,0.627,9.458
-2.527,0.234,9.36
-3.46,0.012,9.764
-3.17,0.416,9.47
-3.0,0.691,9.611
-3.125,0.804,9.637
-3.132,0.646,9.527
-3.163,0.213,9.506
-3.141,0.282,9.537
-3.039,0.522,9.589
-2.945,1.069,9.616
-3.091,0.457,9.609
-3.098,0.512,9.491
-3.098,0.589,9.487
-3.137,0.696,9.546
-3.12,0.694,9.57
-3.134,0.524,9.527
-3.077,0.79,9.57
-2.895,1.074,9.484
-2.986,0.49,9.539
-2.976,0.871,9.556
-3.031,0.79,9.573
-2.912,0.842,9.527
-2.981,0.811,9.563
-3.196,0.998,9.589
-3.031,0.979,9.549
-3.003,0.546,9.479
-3.094,0.584,9.575
-3.151,0.95,9.637
-3.007,1.242,9.57
-2.914,1.12,9.57
-3.034,1.165,9.522
-3.01,1.096,9.453
-2.924,1.089,9.513
-3.024,1.127,9.582
-2.653,1.093,9.458
-2.972,0.969,9.594
-2.823,1.172,9.585
-2.852,1.225,9.57
-2.948,1.388,9.477
-3.046,1.282,9.544
-3.017,1.048,9.463
-2.742,1.44,9.537
-2.857,1.412,9.621
-2.933,1.165,9.491
-3.091,1.177,9.455
-2.797,1.531,9.501
-3.168,1.433,9.46
-2.905,1.146,9.597
-3.462,1.503,9.491
-2.713,1.316,9.42
-3.031,0.95,9.451
-2.787,1.436,9.494
-3.175,1.565,9.673
-3.084,1.036,9.592
-3.134,0.646,9.46
-2.823,1.481,9.484
-2.984,1.452,9.709
-3.208,2.309,9.656
-3.027,1.744,9.573
-3.046,1.416,9.527
-5.077,1.79,9.556
-3.122,1.665,9.683
-2.271,1.665,10.245
-1.73,1.187,9.537
-3.182,1.727,9.417
-2.653,0.926,9.554
-2.797,0.144,9.546
-2.833,0.668,9.329
-1.235,0.837,7.458
-3.682,-0.033,9.094
-1.806,-1.637,10.161
-0.751,3.907,8.673
-4.29,1.756,9.953
-2.189,1.754,9.422
-3.077,2.175,9.384
-2.716,1.627,9.635
-2.905,1.902,9.436
-3.022,1.658,9.298
-3.175,1.4,9.75
-3.072,0.869,8.735
-2.572,1.68,9.113
-2.615,2.359,8.96
-2.62,1.771,10.006
-2.74,1.457,9.515
-3.127,1.046,9.362
-3.029,1.304,9.613
-3.022,1.888,9.594
-3.24,1.656,9.19
-2.972,1.792,9.199
-2.625,1.861,9.585
-3.082,1.084,9.439
-1.998,2.251,7.793
-3.491,2.44,10.142
-2.512,2.79,9.374
-2.57,1.165,9.628
-3.266,1.584,9.558
-3.012,1.038,9.226
-2.974,0.555,9.814
-3.565,0.263,7.532
-3.261,0.581,10.865
-3.263,1.361,8.774
-2.771,0.471,9.525
-4.261,1.127,9.845
-2.5,1.44,9.64
-2.826,-0.986,9.209
-2.263,3.941,9.503
-3.036,1.823,9.388
-3.058,1.744,9.209
-2.974,1.136,10.152
-3.144,0.505,9.704
-3.122,0.773,9.53
-2.979,1.062,9.408
-3.041,0.991,9.592
-2.775,1.153,9.482
-3.106,0.768,9.685
-3.153,0.715,9.549
-2.909,1.629,9.453
-2.859,1.546,9.585
-2.773,1.146,9.455
-3.57,0.407,9.589
-2.893,0.761,9.549
-3.082,0.053,9.857
-2.622,0.957,9.709
-3.077,1.459,9.673
-2.766,1.163,9.573
-3.084,1.048,9.429
-2.914,1.038,9.623
-3.182,0.531,9.544
-3.022,0.828,9.649
-3.237,1.218,9.695
-3.031,1.122,9.53
-3.058,0.785,9.597
-2.909,0.624,9.561
-3.11,0.672,9.611
-3.031,0.773,9.63
-3.149,0.782,9.463
-2.871,0.83,9.649
-2.955,0.859,9.577
-2.883,1.249,9.458
-7.848,2.833,13.848
-2.606,1.979,9.575
-2.44,1.854,10.082
-2.448,0.191,9.53
-3.847,0.813,9.14
-3.67,0.864,9.683
-1.84,0.098,8.403
-3.539,0.598,9.829
-3.268,1.593,9.798
-2.522,0.66,10.322
-4.048,1.845,9.97
-3.0,-0.057,9.417
-2.74,0.878,9.503
-2.952,1.125,9.671
-3.074,0.866,9.477
-3.185,0.895,9.573
-3.034,1.017,9.774
-2.96,1.163,9.534
-3.029,0.799,9.513
-3.108,1.108,9.549
-2.957,0.964,9.613
-2.952,1.268,9.554
-3.003,1.055,9.594
-3.206,1.488,9.235
-2.945,0.802,9.592
-2.967,0.969,9.558
-2.933,1.414,9.515
-3.118,1.306,9.453
-3.019,1.026,9.508
-2.885,0.79,9.652
-2.986,0.897,9.623
-3.118,1.091,9.444
-3.019,1.342,9.446
-3.034,1.235,9.558
-2.842,1.077,9.606
-2.747,1.129,9.501
-3.579,1.266,9.51
-3.165,1.321,9.446
-2.866,1.431,9.499
-2.962,1.268,9.448
-3.024,0.854,9.57
-2.775,1.146,9.575
-2.945,1.68,9.398
-2.572,1.983,9.597
-3.192,1.069,9.566
-3.153,0.713,9.563
-3.031,1.007,9.551
-3.074,1.462,9.472
-2.751,1.625,9.542
-2.704,1.184,9.592
-2.871,0.959,9.458
-3.07,0.88,9.499
-2.539,1.354,9.625
-3.005,1.189,9.506
-2.213,0.254,9.513
-3.421,2.85,10.441
-3.244,2.371,9.293
-0.974,2.649,9.537
-3.271,1.165,9.788
-3.541,1.747,9.757
-1.18,-0.022,8.711
-4.364,-0.194,9.941
-2.67,0.445,9.683
-2.503,0.316,9.965
-8.874,-15.023,10.697
-2.321,6.321,9.616
-2.491,3.481,9.704
-3.115,1.232,9.716
-2.259,1.39,9.109
-2.996,0.876,9.362
-2.881,0.845,8.972
-2.783,1.505,9.501
-2.969,1.215,9.448
-3.074,0.842,9.422
-3.213,0.342,9.767
-2.89,1.199,9.329
-2.95,1.412,9.53
-3.082,1.428,9.692
-2.627,1.254,9.656
-3.012,-0.345,9.807
-3.024,-0.031,9.336
-3.309,1.646,9.281
-2.873,1.05,9.609
-2.519,1.433,9.633
-3.316,0.749,9.436
-3.366,0.474,9.434
-3.295,0.979,9.444
-3.118,1.526,9.563
-2.531,1.809,9.711
-3.216,1.297,9.417
-3.122,0.866,9.429
-2.979,0.586,9.666
-3.07,1.125,10.324
-2.192,2.804,10.109
-2.512,3.017,9.367
-3.06,0.208,9.51
-3.199,-0.242,9.594
-3.811,0.285,9.68
-1.4,0.371,9.817
-3.091,0.622,9.891
-3.072,1.091,9.927
-2.799,0.852,9.324
-2.39,1.596,9.472
-2.866,2.086,9.788
-3.034,1.5,9.355
-2.816,0.849,9.556
-2.821,-0.268,9.226
-0.033,-0.438,11.903
-4.096,2.158,10.226
-3.0,0.457,9.762
-2.098,-0.072,8.216
-3.292,0.668,9.372
-2.668,1.718,10.197
-2.141,1.383,9.625
-2.383,0.94,7.989
-3.594,0.758,9.848
-3.374,-0.687,10.769
-3.292,2.534,9.472
-2.718,2.175,9.58
-0.703,-2.395,8.704
-3.168,2.012,9.582
-3.003,0.402,10.023
-2.522,1.168,9.381
-2.55,1.756,9.386
-2.878,1.821,9.676
-3.247,0.95,9.525
-2.948,0.912,9.546
-3.094,1.311,9.472
-3.232,1.206,9.446
-3.031,1.797,9.46
-3.015,1.495,9.503
-2.969,0.828,9.534
-3.015,1.273,9.513
-2.888,0.842,9.561
-2.964,1.237,9.549
-2.723,1.541,9.549
-3.007,1.337,9.537
-2.876,1.369,9.522
-3.058,1.223,9.589
-2.974,1.29,9.544
-3.012,1.68,9.46
-2.732,1.526,9.556
-3.0,0.921,9.573
-3.029,0.935,9.51
-3.225,1.01,9.508
-2.84,1.979,9.384
-2.914,1.792,9.549
-3.584,1.486,9.644
-2.885,1.268,9.532
-3.015,1.278,9.522
-2.754,1.998,9.458
-2.929,1.546,9.463
-2.797,1.495,9.484
-2.984,1.493,9.477
-2.682,1.625,9.503
-2.814,1.342,9.338
-3.33,3.402,11.104
0.263,-1.091,9.123
-2.443,2.259,10.398
-2.802,1.189,9.74
-2.962,0.356,9.286
-2.912,0.852,8.637
-3.319,1.448,9.365
-2.44,1.864,9.833
-2.675,1.704,9.542
-2.354,2.232,9.254
-2.713,1.995,9.503
-3.225,1.079,10.092
-2.072,0.579,10.307
-5.266,3.383,9.266
-2.462,1.713,9.276
-2.854,0.986,9.089
-3.551,1.515,9.408
-2.644,1.488,9.678
-2.373,1.692,9.671
-2.56,1.737,9.228
-2.775,1.584,9.795
-2.527,0.529,9.723
-3.201,2.227,9.623
-2.706,2.122,9.25
-2.806,0.979,9.472
-2.725,1.426,9.479
-3.027,0.943,9.599
-2.017,1.438,9.185
-3.019,1.792,9.75
-5.323,1.641,11.178
-3.031,1.68,9.566
-2.845,1.775,9.393
-2.562,1.196,8.987
-3.378,0.679,9.558
-2.713,1.007,9.802
-2.414,1.364,9.259
-3.194,1.067,9.845
-4.888,2.091,10.436
-3.158,1.507,9.781
-2.907,1.402,9.353
-3.177,1.282,8.963
-2.345,0.804,9.7
-2.981,0.9,9.683
-2.572,1.081,9.783
-2.797,0.196,9.4
-4.567,0.557,10.719
-5.9,0.115,11.788
-3.708,1.105,9.697
-2.787,0.648,9.747
-3.094,0.749,9.503
-3.086,0.77,9.544
-2.778,0.636,9.702
-2.55,0.658,9.185
-2.804,0.727,10.02
-3.548,1.258,9.53
-3.158,-0.428,9.948
-3.319,0.746,9.776
-2.668,1.158,9.18
-3.622,0.199,8.604
-2.452,-0.677,9.917
-2.866,0.4,9.924
-1.859,-4.474,8.977
-3.496,-0.074,9.881
-3.187,-0.23,9.822
-1.273,-1.574,8.783
-3.141,0.696,9.991
-3.826,0.955,9.19
-2.395,0.809,9.001
-2.749,-0.627,9.812
-2.696,-0.254,9.51
-2.347,-0.12,9.721
-3.845,-1.077,10.58
-3.256,-0.555,10.226
-2.9,0.093,9.855
-2.472,-0.462,9.781
-2.869,-0.481,9.762
-3.309,-0.407,9.616
-2.617,-0.715,9.85
-2.658,-0.213,9.58
-2.78,-0.177,9.745
-2.412,-1.737,10.042
-3.072,-0.278,10.384
-2.244,0.242,9.515
-2.321,-0.61,9.164
-3.268,-0.483,9.281
-2.706,-0.648,9.788
-2.567,-0.356,9.759
-2.266,-0.514,9.826
-5.316,-0.495,5.579
-4.106,-0.352,10.2
-2.565,0.258,9.807
-2.436,-1.086,9.755
-3.342,-1.031,9.453
-2.897,-1.069,9.778
-2.342,-0.117,9.848
-2.565,-0.701,9.862
-3.177,0.459,7.553
-4.072,-1.392,9.912
-3.091,-0.333,9.747
-0.531,-0.821,9.054
-3.558,-0.134,9.381
-2.522,-0.766,9.917
-2.512,-0.471,9.891
-1.701,-0.28,9.704
-6.192,-0.223,11.386
-4.354,-1.022,9.728
-2.842,0.17,10.061
-2.153,-0.658,9.958
-0.943,0.249,9.101
-3.429,-1.373,9.532
-2.534,-0.531,9.862
-2.962,-0.06,9.695
-2.294,0.11,9.769
-2.455,0.1,9.929
-2.744,0.187,9.805
-2.692,-0.33,9.544
-2.897,-0.531,9.637
-3.278,-0.208,9.709
-2.895,0.404,9.683
-2.893,-0.426,9.69
-3.048,-0.825,9.676
-3.079,-0.715,9.422
-3.161,-0.266,9.539
-2.818,0.0,9.652
-2.981,-0.773,9.64
-3.06,-0.644,9.546
-2.998,-0.426,9.659
-3.079,0.098,9.537
-3.051,-0.213,9.601
-2.94,-0.469,9.695
-2.976,-0.165,9.539
-2.773,-0.031,9.735
-2.926,0.026,9.609
-3.096,-0.182,9.604
-6.266,0.062,7.453
-3.728,-0.481,10.192
-2.483,1.311,9.982
-2.45,0.309,9.96
-3.065,0.203,9.436
0.141,-0.392,9.393
