0.225,2.948,9.41
0.328,2.988,9.41
0.141,3.216,9.558
0.139,3.165,9.501
0.184,3.187,9.41
0.206,3.062,9.338
0.132,3.051,9.302
0.287,3.118,9.357
0.112,3.307,9.491
0.22,3.374,9.451
0.148,3.163,9.31
0.167,3.098,9.377
0.239,3.003,9.489
0.134,2.847,9.439
0.512,2.95,9.085
0.232,3.007,9.398
0.132,3.237,9.3
0.273,3.34,9.214
0.175,3.565,9.233
-0.187,3.455,9.168
0.069,3.577,9.29
0.177,3.381,9.412
0.077,3.433,9.384
0.014,3.342,9.362
-0.05,3.194,9.554
-0.158,2.823,9.582
-0.014,3.039,9.551
0.199,3.218,9.51
0.392,3.194,9.226
0.218,3.108,9.269
0.136,3.17,9.288
0.153,3.141,9.226
0.201,3.24,9.319
0.256,3.429,9.451
0.136,3.292,9.398
-0.091,3.304,9.388
-0.077,2.972,9.405
0.022,2.895,9.393
0.144,3.051,9.506
0.127,3.125,9.52
0.306,3.275,9.3
0.055,3.11,9.221
0.05,3.211,9.317
0.067,3.129,9.257
0.007,3.307,9.46
-0.179,3.594,9.491
-1.199,3.697,10.271
0.45,3.189,8.896
0.426,3.486,9.068
-0.057,3.783,9.477
-0.9,3.091,9.781
-0.591,3.18,9.269
-0.287,2.44,9.032
-0.033,2.44,9.539
0.768,2.388,9.575
0.864,2.873,10.027
1.857,3.371,9.451
-1.067,1.814,8.659
-0.158,2.79,9.453
-0.084,1.462,8.85
0.376,2.101,8.97
0.179,3.228,9.69
-0.304,3.567,9.893
-0.11,3.955,9.814
0.002,2.486,9.022
-0.488,3.766,9.477
0.01,3.302,9.049
0.014,3.316,9.381
0.189,3.199,9.534
0.132,3.161,9.472
0.103,2.957,9.369
0.117,3.051,9.305
0.062,3.034,9.393
-0.045,3.113,9.393
0.179,3.601,9.611
0.086,3.225,9.436
0.098,3.077,9.293
0.077,2.94,9.266
0.108,3.012,9.444
0.072,3.067,9.432
0.117,3.173,9.436
0.089,3.244,9.544
0.005,3.101,9.336
0.122,3.161,9.379
0.091,2.993,9.302
0.184,2.979,9.317
0.34,3.058,9.405
0.203,3.031,9.489
0.0,3.077,9.599
0.081,2.893,9.35
-0.005,2.878,9.202
0.129,2.952,9.338
0.4,3.156,9.539
-0.132,3.156,9.711
0.309,3.304,9.319
-0.053,2.955,9.307
-0.093,2.979,9.353
0.414,3.311,9.321
0.354,3.424,9.647
0.352,3.094,9.546
0.067,3.055,9.424
0.019,2.955,9.183
-0.012,3.036,9.216
0.1,3.208,9.305
0.194,3.464,9.484
0.084,3.498,9.4
0.019,3.333,9.355
-0.053,3.29,9.305
0.053,3.103,9.377
0.184,3.084,9.398
0.1,2.921,9.372
1.598,-4.448,9.589
1.048,4.5,10.094
-1.168,3.711,10.97
0.806,-0.787,8.36
0.383,3.771,9.398
0.409,2.62,9.132
0.01,2.665,9.568
0.17,2.94,9.585
0.187,2.962,9.398
0.237,3.24,9.166
0.218,3.048,9.345
0.065,3.216,9.649
0.098,3.273,9.499
0.1,3.082,9.329
0.062,3.091,9.338
0.182,3.07,9.365
0.136,3.098,9.451
0.012,3.091,9.451
0.158,3.201,9.372
0.218,3.249,9.259
0.208,3.153,9.338
0.144,3.067,9.355
0.189,3.074,9.491
0.136,3.204,9.463
0.304,3.086,9.592
0.378,2.967,9.491
0.352,2.778,9.333
0.134,2.768,9.348
0.371,3.051,9.348
0.151,3.364,9.372
0.074,3.407,9.089
0.177,3.536,9.271
0.139,3.622,9.314
0.213,3.405,9.317
0.158,3.263,9.319
-0.115,3.283,9.408
0.17,3.158,9.333
0.158,3.113,9.396
0.225,3.17,9.293
0.445,3.204,9.333
0.206,3.165,9.585
0.495,3.11,9.503
0.112,2.873,9.405
-0.132,2.852,9.35
0.366,2.924,9.278
0.115,3.053,9.295
-0.574,2.646,9.312
-0.067,3.582,9.867
1.727,3.594,9.592
0.502,3.333,9.762
0.333,3.196,9.506
-0.165,3.615,8.754
0.565,3.027,8.922
-0.452,3.254,9.721
0.072,3.534,9.63
0.66,3.522,9.233
0.246,3.261,9.106
0.483,3.218,9.348
0.416,3.103,9.365
0.318,3.211,9.333
0.139,3.168,9.501
0.306,3.091,9.556
0.433,2.972,9.491
0.22,2.948,9.245
0.141,3.144,9.247
0.0,2.931,9.465
0.546,3.113,9.388
0.455,3.141,9.357
0.361,3.103,9.391
-0.014,2.869,9.31
0.191,3.082,9.295
-0.033,3.129,9.405
0.467,3.496,9.424
0.325,3.34,9.494
0.103,3.019,9.357
0.421,3.091,9.269
0.194,3.022,9.319
0.179,3.079,9.434
0.211,3.256,9.494
1.129,4.749,7.367
0.601,3.563,8.805
0.467,3.137,9.613
0.517,3.297,9.329
-0.026,2.792,9.183
-0.081,3.027,9.659
0.356,2.766,9.164
0.457,2.766,9.396
0.476,2.878,9.312
0.347,2.83,9.4
0.467,2.866,9.372
0.232,3.065,9.357
0.053,3.115,9.362
0.246,3.173,9.331
0.129,3.079,9.355
0.206,3.113,9.525
0.234,2.988,9.666
0.232,2.921,9.434
0.156,2.881,9.372
0.428,3.077,9.18
0.426,3.091,9.276
0.132,3.314,9.542
0.28,3.216,9.448
0.4,3.077,9.231
0.223,2.873,9.472
0.309,2.893,9.441
0.323,2.864,9.458
0.34,2.699,9.53
0.223,2.728,9.448
0.256,2.888,9.321
0.34,3.323,9.283
0.033,3.237,9.192
0.495,3.295,9.343
0.146,3.275,9.345
-0.012,3.426,9.286
0.024,3.436,9.018
-0.007,3.551,9.233
0.77,1.859,13.406
-0.352,2.579,10.212
0.361,3.309,10.152
0.409,2.687,9.635
0.914,2.259,9.135
0.359,2.019,9.022
0.081,2.194,9.424
0.469,3.232,9.054
1.01,3.342,8.783
0.17,3.376,9.039
0.62,3.304,9.566
0.172,3.261,10.061
0.522,3.058,9.812
0.084,2.577,9.226
0.144,2.754,9.199
0.148,3.053,9.168
0.167,3.232,9.393
0.459,3.455,9.477
0.483,3.431,9.372
0.175,3.101,9.532
0.091,2.682,9.379
0.11,2.68,9.156
0.29,2.842,9.178
0.151,2.972,9.058
0.412,3.077,9.219
0.548,3.285,9.755
0.223,3.058,10.018
0.39,2.943,9.822
0.426,2.598,9.365
0.584,2.615,9.24
0.122,3.094,9.446
0.294,3.005,9.159
0.208,3.304,9.432
0.215,3.261,9.582
0.33,2.83,9.087
0.34,3.302,9.31
0.089,3.469,9.211
-0.292,3.295,9.254
0.211,3.278,9.515
1.062,2.335,9.25
0.158,3.094,9.793
-0.421,2.704,9.68
0.562,3.003,9.556
-0.038,3.656,9.274
-0.354,4.177,9.367
0.218,3.816,9.118
0.818,3.319,10.152
-1.122,3.924,9.896
2.108,2.783,8.802
0.17,3.091,9.262
0.148,3.115,9.286
-0.378,2.871,9.006
-0.196,3.062,9.343
0.053,3.228,9.513
0.493,3.575,9.365
0.175,3.012,9.262
0.024,3.173,9.561
-0.022,2.998,9.417
-0.017,3.591,9.185
-0.49,3.558,10.034
-0.278,3.792,9.305
-0.179,3.747,8.147
0.22,3.235,9.728
-0.029,3.321,10.905
-0.5,3.22,9.499
-0.897,3.395,9.061
-0.335,3.462,9.537
-0.01,3.433,9.496
-0.215,3.35,9.482
-0.742,3.56,9.439
-0.469,3.486,7.168
-0.299,3.577,9.034
0.175,3.362,9.436
0.474,3.383,9.458
-0.787,3.311,10.137
0.27,3.103,9.226
-0.043,3.452,9.367
-0.144,3.359,9.128
-0.337,3.218,9.257
-0.29,3.388,9.233
-0.223,3.153,9.333
-0.39,3.252,9.558
-0.242,3.304,9.453
-0.232,3.51,9.369
-0.199,3.476,9.19
-0.005,3.503,9.183
-0.153,3.452,9.36
-0.447,3.259,9.374
-0.395,3.565,9.288
-0.194,3.639,9.056
0.16,3.754,9.008
0.057,3.565,9.082
-0.108,3.61,9.338
-0.404,3.737,9.57
-0.122,3.161,9.089
-0.299,3.335,9.276
-0.115,3.199,9.097
-0.328,3.491,9.13
-0.002,3.433,8.943
-0.261,3.644,9.18
-0.048,4.23,9.384
0.029,4.321,9.286
-0.301,4.503,9.604
-0.089,3.555,9.085
-0.036,3.462,9.171
-0.524,3.35,9.185
-0.28,3.185,9.149
-0.522,3.878,9.546
0.089,3.852,9.008
-0.132,4.156,9.111
-0.16,4.163,8.896
-0.225,4.008,8.898
-0.29,4.084,8.896
-0.115,4.228,9.149
-0.12,4.194,9.018
-0.146,4.01,8.881
-0.275,4.005,9.001
-0.134,4.228,8.931
-0.337,4.197,8.977
-0.335,4.132,9.051
-0.431,4.017,8.984
-0.266,4.015,8.946
-0.73,2.988,8.242
-1.885,5.053,9.491
0.275,4.01,9.508
-0.567,5.175,9.374
0.696,4.003,8.132
-0.428,4.41,9.082
-0.237,3.716,9.039
-0.514,3.665,9.197
-0.33,3.469,9.245
-0.055,3.421,9.178
-0.191,3.512,9.099
-0.151,3.414,9.061
-0.211,3.254,9.271
-0.237,3.067,9.42
-0.096,3.173,9.41
0.043,3.61,9.522
-0.342,4.314,9.274
0.158,4.094,9.006
-0.043,3.893,8.716
-0.098,3.778,8.795
-0.388,3.742,9.247
-0.605,3.481,9.199
-0.167,3.627,9.214
-0.23,3.627,9.321
-0.196,3.747,9.211
-0.077,3.929,9.092
-0.151,3.929,8.975
-0.287,4.264,9.015
-0.1,4.127,8.948
-0.146,4.173,9.022
-0.151,4.165,9.156
-0.263,3.986,9.25
-0.189,3.909,9.159
-0.055,4.067,9.109
-0.249,3.79,8.984
-0.275,3.675,9.01
-0.179,3.823,9.231
-0.196,3.969,9.281
-0.093,3.95,9.269
-0.065,3.522,9.144
0.117,3.46,9.128
-0.165,3.61,9.233
-0.002,3.582,9.254
-0.045,3.438,9.302
-0.124,3.462,9.288
-0.055,3.543,9.223
0.591,3.421,9.228
4.859,2.335,8.431
-0.361,3.491,9.314
-0.419,3.551,9.582
-0.366,3.658,9.477
3.981,2.519,8.235
0.11,3.333,9.463
-0.227,3.4,9.41
0.026,3.376,9.247
-0.151,3.096,9.259
-0.108,3.23,9.262
1.239,2.716,8.788
0.371,3.196,9.336
0.208,3.146,9.312
0.215,3.084,9.429
0.112,3.125,9.312
-0.072,2.964,9.365
0.005,2.991,9.616
-0.067,2.763,9.47
0.218,3.196,9.422
0.139,3.058,9.266
0.266,2.924,9.106
0.548,2.948,9.037
0.005,3.096,9.412
0.134,3.275,9.726
-0.45,2.751,9.599
-0.574,2.811,9.546
0.998,3.041,8.979
0.371,2.663,8.898
0.012,3.436,9.147
-0.275,3.338,9.211
-0.452,4.139,9.891
-0.352,3.814,9.501
-0.062,3.819,9.065
0.266,4.256,8.905
0.593,4.185,9.02
-1.251,3.455,9.573
-0.534,3.823,9.518
-0.495,3.68,9.439
-0.239,3.551,9.063
0.136,3.467,8.939
-0.493,3.622,9.18
-0.919,4.027,9.324
-0.177,3.682,9.216
0.526,3.33,9.104
0.589,2.754,9.135
-0.156,3.524,9.554
-0.622,3.835,9.647
-0.802,4.008,9.369
0.153,3.354,8.668
0.493,2.816,8.683
-0.062,3.364,9.487
-1.005,3.601,9.633
-0.878,3.752,9.587
-0.33,3.692,9.243
-0.208,3.933,8.022
-0.278,4.192,9.123
-0.213,3.764,9.061
-0.691,3.603,9.164
0.175,3.749,8.869
-0.677,3.476,8.994
-0.191,4.041,8.766
-0.452,3.981,9.427
0.194,3.835,9.793
-0.512,3.515,9.484
-0.321,2.754,9.14
0.538,3.268,8.824
-0.471,2.804,9.152
-1.802,2.771,9.64
-0.345,3.675,9.697
-0.167,2.838,9.302
0.61,2.826,9.044
0.639,3.931,9.317
-1.12,3.606,9.738
-1.302,3.921,9.728
0.237,3.969,9.455
-0.158,3.23,9.31
0.524,2.0,8.553
-0.512,2.9,9.656
-0.031,5.163,10.759
0.419,3.062,9.599
1.05,2.165,9.487
0.036,0.706,8.716
-0.177,0.732,9.393
1.007,0.809,9.405
0.5,0.663,9.848
0.304,1.893,9.963
-0.014,1.869,10.03
0.955,1.761,10.451
2.158,1.483,9.348
0.531,1.462,9.561
0.675,2.06,9.396
-0.402,1.936,9.487
-0.266,2.046,9.4
-0.278,2.412,9.556
-0.735,2.694,9.869
-0.44,3.4,9.989
-0.024,3.603,9.702
-0.007,3.792,9.544
-0.804,3.909,9.735
0.613,3.132,9.369
-0.156,3.072,9.599
0.048,2.663,9.484
0.167,2.847,9.522
-0.538,3.199,9.898
-0.28,3.012,9.833
-0.12,2.73,9.592
-0.194,2.481,9.575
-0.23,2.354,9.74
-0.469,2.553,9.898
-0.423,2.433,9.798
-0.148,2.804,9.845
0.012,2.553,9.597
0.053,2.699,9.795
0.074,2.759,9.577
0.024,3.113,9.539
-0.055,2.352,9.178
0.127,2.292,9.176
0.069,2.4,9.4
0.084,1.952,9.307
0.017,2.005,9.542
-0.024,2.01,9.64
-0.11,1.821,9.458
-0.093,2.292,9.927
-0.065,1.737,9.604
-0.053,1.83,9.616
0.091,1.723,9.702
0.292,1.821,9.884
-0.022,1.704,9.802
0.077,1.864,9.829
0.048,1.797,9.621
-0.1,1.524,9.496
0.199,1.761,9.688
0.22,1.763,9.7
0.287,2.046,9.793
0.084,1.95,9.728
-0.022,2.046,9.884
-0.105,1.919,9.841
-0.1,1.778,9.647
0.16,1.763,9.577
0.146,1.761,9.702
-0.098,1.773,9.857
-0.28,1.806,9.941
-0.005,2.0,9.924
0.28,1.95,9.63
0.139,1.948,9.566
-0.175,1.828,9.63
0.005,2.113,9.807
0.335,2.192,9.623
-0.105,2.11,9.676
-0.091,2.184,9.642
-0.002,2.175,9.673
-0.005,2.156,9.673
0.005,2.017,9.659
-0.024,1.859,9.74
0.019,1.816,9.745
-0.086,1.763,9.668
0.031,1.742,9.649
0.067,1.916,9.781
-0.002,1.96,9.845
-0.007,1.924,9.786
-0.022,1.806,9.731
-0.077,1.646,9.743
0.069,1.593,9.793
0.089,1.622,9.817
0.084,1.495,9.752
0.084,1.491,9.841
0.055,1.701,9.833
0.041,1.823,9.774
0.05,1.754,9.776
0.043,1.768,9.738
0.043,1.67,9.685
-0.014,1.682,9.771
0.019,1.861,9.862
-0.019,2.015,9.877
-0.012,2.077,9.81
0.081,1.84,9.573
-0.045,1.83,9.664
0.014,1.797,9.745
-0.014,1.818,9.702
0.05,1.955,9.767
-0.036,2.153,9.783
-0.002,2.086,9.7
-0.077,2.067,9.723
0.785,6.745,7.458
0.584,6.211,5.596
1.316,9.922,4.563
-0.069,0.469,7.465
0.577,4.666,8.24
0.041,1.675,9.944
-0.026,1.936,9.771
0.026,1.936,9.738
0.007,1.921,9.755
0.055,1.936,9.661
0.038,1.94,9.656
-0.031,1.909,9.721
0.012,1.888,9.788
0.043,1.849,9.728
0.007,1.802,9.759
0.022,1.79,9.709
0.022,1.84,9.767
0.086,1.919,9.774
0.0,1.924,9.728
0.024,1.811,9.721
0.007,1.893,9.814
-0.022,1.842,9.709
0.053,1.921,9.75
0.043,1.995,9.75
0.007,1.926,9.695
0.031,1.823,9.728
0.029,1.768,9.769
0.036,1.773,9.79
-0.012,1.754,9.781
0.06,1.912,9.764
0.043,1.895,9.735
0.055,1.864,9.735
-0.022,1.713,9.695
0.007,1.517,9.721
0.103,1.491,9.74
0.089,1.692,9.757
0.089,1.811,9.783
0.05,2.139,9.764
-0.036,2.302,9.721
-0.007,2.438,9.702
0.002,2.428,9.604
0.057,2.486,9.664
0.072,2.491,9.704
-0.007,2.417,9.618
-0.007,2.22,9.656
0.029,2.22,9.671
-0.012,1.828,9.551
0.081,2.163,9.752
-0.297,-0.218,10.53
-0.242,-0.093,8.692
1.046,10.032,4.584
-0.287,-0.17,6.804
-0.502,-0.912,11.599
-0.203,2.811,9.807
0.036,2.759,9.336
-0.069,3.0,9.518
-0.029,2.565,9.446
-0.12,2.555,9.317
-0.007,2.907,9.379
0.11,3.12,9.42
0.105,3.429,9.374
0.124,3.792,9.3
-0.031,4.048,9.278
-0.06,3.969,9.19
-0.144,3.67,8.888
-0.144,3.948,8.982
-0.053,4.187,9.183
-0.029,3.991,9.042
-0.036,4.352,9.166
0.089,4.197,9.085
-0.012,4.063,9.056
-0.12,3.957,9.118
-0.057,3.895,9.168
-0.05,3.838,9.154
-0.05,3.878,9.092
-0.045,3.831,9.073
-0.084,3.771,9.089
-0.033,3.945,9.211
-0.033,3.95,9.121
0.031,3.869,9.082
-0.089,3.692,9.065
-0.096,3.744,9.068
-0.048,3.878,9.156
-0.031,3.888,9.161
-0.031,3.888,9.132
-0.007,3.78,9.14
-0.012,3.668,9.087
-0.022,3.656,9.109
-0.053,3.804,9.094
-0.033,3.828,9.161
-0.069,3.866,9.137
-0.01,3.775,9.142
-0.019,3.756,9.154
0.017,3.838,9.223
-0.007,3.663,9.121
0.024,3.687,9.154
-0.069,3.615,9.13
-0.029,3.699,9.137
-0.002,3.866,9.125
-0.005,3.881,9.061
-0.036,3.883,9.104
-0.036,3.9,9.128
-0.041,3.84,9.154
-0.041,3.656,9.223
0.514,7.357,7.663
-1.055,-5.221,11.63
-1.263,-6.216,10.678
-1.206,-4.986,14.887
1.165,13.296,8.771
0.723,7.683,3.783
-1.708,-8.565,13.841
-0.354,1.385,11.817
0.043,4.237,9.738
0.165,3.799,9.018
-0.024,3.876,9.247
0.024,3.761,9.147
-0.077,3.823,9.111
-0.115,3.728,9.161
-0.057,3.701,9.18
-0.041,3.689,9.18
-0.005,3.661,9.211
0.014,3.708,9.197
-0.002,3.713,9.202
-0.05,3.706,9.223
-0.031,3.653,9.147
-0.031,3.692,9.164
-0.057,3.586,9.216
-0.002,3.615,9.24
0.031,3.694,9.245
0.014,3.653,9.199
-0.029,3.615,9.18
-0.031,3.575,9.214
-0.024,3.551,9.24
-0.038,3.524,9.195
-0.019,3.668,9.199
0.017,3.811,9.235
-0.079,3.795,9.197
-0.062,3.761,9.149
-0.112,3.689,9.132
-0.084,3.517,9.089
-0.077,3.644,9.211
-0.05,3.685,9.235
0.014,3.713,9.254
0.007,3.67,9.199
0.012,3.584,9.183
-0.084,3.531,9.197
-0.057,3.541,9.245
-0.022,3.634,9.19
0.01,3.756,9.221
-0.038,3.675,9.168
-0.053,3.718,9.207
-0.007,3.845,9.257
-0.06,3.716,9.195
-0.065,3.622,9.221
0.024,3.424,9.223
-0.031,3.426,9.271
0.031,3.438,9.262
0.01,3.369,9.274
0.033,3.524,9.247
0.033,3.586,9.219
0.0,3.584,9.238
-0.041,3.632,9.228
-0.045,3.61,9.183
-0.014,3.558,9.233
-0.055,3.541,9.259
0.005,3.63,9.257
0.007,3.62,9.231
0.033,3.541,9.166
-0.012,3.498,9.209
-0.038,3.608,9.192
-0.043,3.658,9.176
-0.05,3.752,9.185
-0.069,3.72,9.18
-0.036,3.697,9.192
-0.103,3.72,9.171
-0.026,3.62,9.223
-0.05,3.601,9.202
-0.041,3.618,9.142
0.019,3.637,9.171
-0.053,3.615,9.233
-0.002,3.479,9.178
-0.053,3.56,9.137
-0.065,3.656,9.204
0.01,3.79,9.216
0.007,3.639,9.269
-0.043,3.23,9.149
0.01,2.926,9.128
-0.002,3.106,9.128
-0.079,3.218,9.211
0.055,3.589,9.159
0.103,3.893,9.13
0.029,3.9,8.975
0.031,4.158,8.848
0.038,4.677,8.795
-0.148,4.845,8.836
-0.136,4.752,8.575
-0.199,4.689,8.58
-0.096,5.039,8.642
-0.077,5.067,8.542
-0.081,4.74,8.585
-0.132,3.921,8.369
-0.108,4.0,8.376
-0.096,4.651,8.58
0.12,4.627,8.477
0.16,4.883,8.367
0.081,5.51,8.238
-0.01,5.747,8.085
-0.12,6.12,7.984
-0.132,6.357,7.855
-0.129,6.41,7.565
-0.285,6.623,7.494
-0.244,6.998,7.45
-0.261,7.178,7.386
-0.22,7.391,7.403
-0.285,7.261,7.424
-0.28,7.082,7.348
-0.392,6.587,7.307
-0.392,6.517,7.343
-0.333,6.613,7.343
-0.237,6.647,7.529
-0.122,6.625,7.544
-0.249,6.125,7.565
-0.172,6.324,7.647
-0.129,6.309,7.508
-0.165,6.297,7.467
-0.278,6.273,7.553
-0.273,6.326,7.57
-0.34,6.407,7.529
-0.273,6.589,7.506
-0.201,6.465,7.482
-0.378,6.4,7.517
-0.419,6.348,7.616
-0.347,6.45,7.544
-0.34,6.754,7.594
-0.383,6.843,7.529
-0.622,6.685,7.393
-0.701,6.991,7.372
-0.589,6.994,7.297
-0.445,7.051,7.398
-0.258,7.041,7.687
-0.045,6.706,8.116
0.278,5.893,8.501
0.416,5.149,8.814
0.646,4.0,8.561
0.907,3.062,8.565
0.845,2.522,8.798
1.036,2.682,8.994
0.842,2.656,8.726
0.577,3.228,8.898
-0.749,4.335,10.054
-2.582,5.532,10.439
-4.187,6.182,9.51
-4.017,6.276,9.659
-9.635,6.292,10.867
-11.958,5.575,12.484
-12.224,2.742,10.755
-9.199,2.838,8.563
-6.529,2.522,6.462
-4.898,3.077,6.17
-3.536,4.474,6.84
-2.684,5.893,7.25
-1.72,5.441,6.601
-0.333,3.046,4.546
1.036,3.35,4.261
0.737,4.596,4.484
-1.053,5.242,5.194
-0.002,6.111,5.505
3.625,6.065,4.527
4.022,5.709,3.852
1.481,4.075,5.132
2.232,5.063,8.163
5.319,3.603,6.828
3.821,3.419,9.503
1.735,4.134,9.678
2.426,3.917,8.826
3.426,6.85,8.321
-1.732,8.309,15.181
-2.639,-0.433,11.642
0.727,0.057,14.243
1.983,-0.428,16.286
-1.33,2.07,13.073
-2.005,3.905,8.721
-0.462,3.235,8.367
-0.591,1.034,11.386
-1.225,0.359,14.265
-0.756,1.507,11.719
-0.223,2.756,9.881
-2.196,1.017,10.702
-0.699,0.892,8.994
0.979,1.744,9.563
-1.448,1.436,10.735
-1.715,-1.881,8.07
0.555,1.251,9.123
-0.053,2.23,10.341
-2.347,-0.682,8.632
0.715,-2.199,8.085
-0.361,0.0,10.302
-1.474,2.589,12.951
-2.168,-0.902,8.577
0.639,-1.455,7.97
-0.184,0.538,9.185
-0.033,-1.546,9.412
3.127,0.493,8.18
-3.012,5.905,13.585
1.768,0.785,8.195
1.625,-1.995,7.986
1.194,-1.718,9.094
1.66,2.428,11.37
2.579,0.371,9.506
0.713,-1.18,9.427
2.287,-1.321,8.063
1.818,2.125,10.984
1.448,2.067,10.965
3.369,0.842,9.771
2.065,0.395,10.135
0.995,-0.629,9.924
1.091,0.404,9.171
1.426,-0.325,8.642
1.079,-2.239,9.025
-0.148,-2.687,9.075
-0.931,-0.144,13.166
-1.151,4.343,13.937
-0.684,9.743,13.152
-2.16,10.518,11.276
-2.787,8.436,9.508
-1.263,11.03,10.489
-0.962,10.247,10.312
-1.909,7.331,8.936
-2.914,4.888,7.644
-4.378,4.977,8.374
-5.527,4.591,8.857
-5.426,9.388,10.64
-4.077,11.202,11.958
-4.666,8.269,10.716
-6.577,6.761,10.298
-7.183,6.711,10.434
-5.642,7.829,10.714
-5.089,6.218,9.735
-5.419,4.63,9.286
-5.132,3.228,9.02
-4.359,1.172,8.13
-3.498,-1.022,6.986
-2.869,-2.699,6.637
-2.445,-3.895,7.151
-1.55,-4.706,8.087
-1.115,-5.893,6.771
-0.194,-5.12,4.864
-0.924,-4.579,3.632
-2.117,-6.228,1.675
-0.627,-6.778,1.799
-0.624,-8.881,-1.103
0.404,-10.353,-3.29
2.247,-9.635,-3.146
3.118,-9.716,-2.35
3.039,-10.042,-5.905
4.9,-11.645,-7.18
5.824,-10.633,-6.278
4.161,-8.812,-4.534
4.029,-7.149,-4.041
3.787,-6.572,-1.371
7.271,-7.659,-2.467
5.149,-7.991,-5.692
2.885,-11.654,-3.622
6.883,-9.757,-0.129
8.8,-6.288,0.909
5.154,-10.64,-1.723
5.792,-12.743,0.794
4.589,-12.023,-1.361
7.247,-11.214,-4.01
4.744,-7.718,-0.799
5.603,-8.029,0.0
6.541,-6.776,-1.263
5.357,-8.723,-5.268
2.137,-2.929,18.382
15.198,-10.439,-9.506
2.402,-1.936,1.065
-0.763,-11.472,-2.208
2.182,-9.757,0.55
5.821,-12.879,-4.871
5.125,-12.477,-3.055
5.223,-12.705,-2.414
7.295,-14.028,-2.838
9.386,-14.858,-3.412
12.829,-10.334,-4.41
10.884,-4.084,1.658
11.85,-5.374,1.718
10.846,-9.262,-0.409
11.635,-9.778,0.179
10.735,-8.152,3.338
10.276,-8.386,1.469
10.951,-8.455,-0.562
12.228,-5.998,0.431
10.927,-3.261,2.976
11.652,-3.661,4.835
12.396,-7.654,5.056
12.298,-10.934,6.331
8.362,-9.664,5.917
3.914,-10.599,4.785
-0.337,-15.054,3.328
1.945,-11.307,6.668
2.964,-9.001,2.744
3.175,-11.329,-0.94
1.866,-8.156,2.326
1.871,-11.073,1.012
1.199,-8.108,3.173
6.096,-6.336,1.352
-0.663,-11.769,-1.328
1.428,-8.908,1.936
0.782,-9.525,2.917
0.036,-9.905,2.907
0.725,-11.838,3.644
-0.938,-9.865,4.91
0.124,-6.331,6.015
1.053,-9.709,5.01
0.878,-10.544,5.039
-0.679,-8.685,5.123
0.924,-6.843,6.778
-0.282,-7.582,7.996
0.909,-9.518,4.323
-0.129,-10.35,2.591
-0.254,-12.508,1.823
1.069,-10.393,3.132
0.005,-8.939,4.433
-0.223,-8.341,4.366
-1.136,-9.455,3.96
-1.031,-11.475,3.297
0.481,-7.266,3.553
1.024,-5.237,4.266
1.806,-6.994,5.374
3.969,-7.226,5.431
5.835,-5.261,8.36
5.637,-2.015,5.221
5.161,-2.649,3.756
2.031,-2.933,6.596
-1.158,-5.491,8.089
1.0,-5.386,6.534
0.069,-7.532,6.084
-1.247,-7.056,4.503
-2.369,-10.755,3.464
-3.644,-6.785,2.424
-0.735,-5.821,4.517
0.153,-6.647,4.826
-3.737,-6.927,5.778
-1.768,-11.135,3.632
-1.122,-10.807,5.742
-2.172,-10.185,5.34
-0.749,-11.592,4.869
-0.641,-11.336,6.264
-0.569,-11.259,6.852
-0.737,-9.357,8.4
-0.026,-8.75,8.628
0.828,-7.84,8.582
0.318,-8.879,7.924
-0.959,-8.666,8.283
-1.199,-8.738,8.427
-0.699,-7.819,8.731
0.234,-9.393,7.525
0.459,-10.228,6.994
1.151,-8.465,7.489
0.562,-7.829,6.072
0.005,-9.262,6.048
0.234,-8.85,5.254
0.392,-8.675,5.036
0.103,-7.573,5.728
2.271,-5.599,6.149
5.307,-6.108,7.604
5.044,-4.929,7.161
4.651,-5.936,6.046
1.4,-5.654,7.041
-0.043,-6.474,6.998
3.601,-5.905,5.993
2.058,-6.749,4.878
-0.345,-8.568,4.101
1.263,-6.51,4.955
3.661,-5.601,4.517
2.256,-8.096,6.924
0.708,-7.596,9.434
-0.613,-6.682,7.405
1.589,-6.996,7.223
1.026,-6.336,6.139
1.62,-6.63,5.579
-0.151,-8.398,6.314
-0.132,-8.819,6.249
-2.103,-6.589,6.288
-0.569,-5.692,7.194
2.574,-6.288,4.788
3.0,-6.443,3.218
2.347,-6.192,4.644
0.67,-9.24,6.582
2.378,-8.183,7.544
0.885,-7.331,7.963
0.596,-6.828,7.439
0.414,-8.034,6.84
0.792,-7.178,5.757
0.005,-6.517,5.761
-0.761,-5.658,5.835
-0.955,-4.008,5.527
0.677,-1.397,5.761
0.191,-2.113,6.142
0.024,-3.278,5.457
0.225,-4.613,6.278
-0.435,-3.29,6.082
1.299,-2.421,6.998
0.639,-1.134,7.69
0.232,-2.383,7.649
0.624,-2.555,7.797
-1.091,-1.699,7.989
-1.778,-0.017,9.391
-1.28,-1.503,9.826
0.031,-5.048,10.08
-2.665,-2.271,8.417
-4.689,-0.907,10.195
-9.678,-2.864,9.611
-13.614,-0.203,9.795
-8.13,2.603,7.053
-7.503,0.909,-4.027
-9.025,-2.955,-3.572
-10.903,-8.931,-3.811
-25.225,-11.63,-2.883
-28.481,-14.221,-9.649
-33.338,-11.159,-4.075
-30.986,-9.063,-0.435
-36.544,-10.329,4.515
-27.658,0.656,-1.105
-22.82,-5.45,-2.027
-18.313,-6.115,1.835
-15.88,2.917,7.403
-23.005,1.129,9.054
-19.803,6.434,12.583
-26.756,-8.364,13.257
-24.624,-0.878,14.676
-25.352,-12.071,0.093
-20.672,-10.025,-10.944
-27.897,-1.278,-8.53
-15.324,-4.859,4.95
-15.001,-7.563,7.977
-23.739,-8.64,0.993
-13.233,-4.733,2.371
-14.743,-2.905,-4.577
-10.582,-1.419,-0.093
-11.018,1.914,-1.567
-7.302,3.677,-2.962
-6.596,3.007,-3.491
-9.573,7.065,-0.081
-7.742,0.1,4.764
-13.059,-2.318,7.051
-7.644,3.366,4.613
-7.876,6.816,4.192
-8.936,6.922,4.304
-11.649,7.096,6.776
-12.513,3.893,8.367
-12.195,2.998,9.319
-10.889,1.952,7.474
-11.403,0.718,7.608
-11.298,0.656,7.175
-10.735,2.273,5.522
-8.582,3.646,2.603
-7.642,2.869,2.053
-7.785,2.577,3.661
-8.522,2.266,3.118
-7.723,-0.019,0.234
-7.264,1.242,-0.11
-9.728,3.491,0.012
-1.306,4.237,-4.682
-5.51,3.74,-2.608
-4.223,4.175,-0.395
-4.103,2.873,2.292
-6.615,2.785,3.189
-10.59,3.72,1.23
-13.164,3.689,-1.201
-14.439,4.888,0.797
-12.152,4.977,2.082
-9.68,4.457,3.68
-9.353,1.017,6.17
-8.23,-1.577,5.123
-9.132,-4.39,6.781
-20.722,-8.049,35.121
-15.923,1.189,13.092
-8.152,14.99,1.127
-0.624,2.326,2.393
2.022,-7.573,7.008
-8.623,-2.07,11.403
49.38,-19.861,-3.613
11.903,-10.8,8.049
1.019,-0.665,11.31
-2.984,2.553,15.198
2.311,4.632,15.021
0.514,1.553,11.396
1.613,-0.148,6.252
4.673,-6.517,20.471
1.148,1.792,3.646
-0.964,1.524,10.573
-3.579,-1.507,11.391
-3.204,-3.204,4.876
-0.842,-3.098,7.742
-1.469,-3.596,9.099
-1.392,-1.189,8.903
0.943,-1.967,8.412
-0.837,-5.79,6.936
-0.912,-5.673,7.891
-0.622,-5.12,8.118
-0.234,-1.644,9.436
-1.979,-1.644,8.608
-1.335,-4.027,10.372
-3.096,-4.716,9.946
-2.149,-1.637,10.341
-3.831,-0.624,11.585
-4.63,-1.646,10.195
-4.417,-0.069,9.221
-4.634,-0.421,8.262
-2.905,-0.081,8.049
-6.192,-0.833,8.872
-7.34,2.359,7.436
-8.984,3.476,6.91
-8.838,0.591,5.154
-5.553,3.979,3.309
-5.879,0.931,6.565
-9.118,-2.622,3.228
-11.338,-6.257,2.723
-9.822,-11.24,-3.314
-10.125,-11.063,-4.931
-16.325,-13.815,-4.804
-26.61,-14.614,-7.446
-36.13,-13.384,-4.02
-37.745,-15.305,-3.005
-34.74,-3.232,-1.206
-31.74,12.415,-0.754
-20.382,21.356,-0.543
-8.051,16.03,-3.163
-12.999,0.553,-3.586
-23.966,-6.958,10.762
-19.375,-1.302,8.924
-19.567,-0.546,1.704
-23.454,-6.371,-1.177
-32.314,2.96,6.9
-17.217,-7.494,1.014
-27.866,2.077,2.684
-11.547,-11.037,-5.13
-24.155,-8.685,-8.53
-18.449,-9.058,-0.675
-16.238,-6.965,1.653
-18.413,-6.553,6.675
-11.862,-2.46,5.84
-4.41,26.084,22.038
-1.546,19.724,4.091
-15.671,-4.579,-8.711
-11.365,-0.089,-0.711
-8.266,9.207,2.562
-5.467,15.645,5.812
-4.469,26.931,-17.195
-4.079,-0.746,3.486
-3.429,1.172,5.484
-11.898,3.596,4.996
-12.745,3.237,3.134
-9.13,4.106,2.223
-9.604,0.124,2.015
-13.968,-0.584,3.443
-12.415,0.713,3.563
-10.037,3.17,3.474
-8.396,4.699,3.878
-6.804,4.374,3.431
-5.8,5.225,2.491
-4.622,4.41,0.593
-4.491,3.524,1.553
-5.082,5.776,-0.526
-4.977,6.606,-2.768
-5.835,1.84,2.421
-8.338,0.273,1.493
-11.346,1.715,-1.562
-12.106,4.276,-2.986
-13.166,6.441,0.321
-10.776,7.814,0.407
-10.85,6.596,0.246
-11.355,8.654,0.679
-10.36,10.128,0.907
-11.571,9.278,3.024
-9.673,6.769,2.945
-7.912,7.056,2.247
-7.151,5.288,3.764
-5.462,5.438,6.379
-2.802,4.575,4.654
-0.665,2.885,0.34
-3.015,-2.622,0.069
-2.467,-6.742,1.938
-5.838,-13.968,11.018
-8.046,-9.003,21.861
0.845,-0.304,-8.984
0.555,0.146,0.935
-1.426,-8.269,1.859
6.068,-3.266,10.604
2.105,-7.97,14.04
-1.23,-5.041,15.485
-1.019,-0.493,12.846
-0.285,-0.548,12.408
-7.785,3.005,15.557
0.546,2.22,10.269
-0.031,0.22,7.606
2.472,0.904,7.357
-0.297,-1.749,7.084
-0.852,-2.991,5.508
0.22,-4.139,3.594
-0.66,-3.299,7.84
-1.215,-2.871,10.379
-0.845,-2.127,3.584
0.072,-1.926,5.84
-1.512,-2.17,8.106
-1.761,-0.031,5.824
-4.704,-5.39,11.123
-1.51,-1.452,11.02
-0.749,0.278,11.106
-3.859,-0.507,11.932
-4.28,-3.871,7.79
-1.761,-2.113,6.895
-1.376,1.603,8.063
-5.575,0.38,12.367
-6.094,-0.232,9.53
-6.324,0.124,6.79
-7.546,1.203,8.781
-8.518,1.409,6.008
-10.094,2.079,9.094
-9.19,1.799,8.486
-8.652,-0.648,10.302
-8.264,0.242,8.238
-8.161,-1.627,7.668
-6.91,-3.342,7.317
-9.082,-4.204,5.371
-9.128,-3.304,5.835
-8.884,-3.527,2.369
-11.125,-4.438,2.16
-13.621,-8.577,-3.252
-15.851,-17.672,-11.049
-21.689,-28.319,-14.824
-37.396,-12.453,-9.877
-45.705,0.687,-2.223
-34.968,9.429,2.964
-25.318,10.932,5.376
-13.013,11.731,-3.015
-5.393,15.755,-10.47
-12.985,5.984,-5.52
-27.132,-4.814,16.267
-26.148,-8.099,-0.069
-24.493,-3.63,5.788
-20.858,-8.857,2.749
-25.768,-6.714,-4.244
-25.912,-6.19,2.661
-22.179,-5.472,-6.651
-27.376,-11.188,-3.505
-9.099,-0.352,-0.629
-18.107,-6.013,-2.338
-14.217,-2.347,-0.34
-12.173,-6.565,-2.857
-11.831,-0.526,-5.948
-11.752,-0.409,0.452
-9.965,2.539,-1.05
-11.535,4.649,-1.309
-10.025,10.03,0.373
-4.89,11.166,0.852
-8.073,3.567,1.811
-9.073,2.979,0.864
-9.656,2.986,0.572
-8.896,6.092,1.835
-8.781,7.326,1.081
-6.223,5.323,3.548
-6.955,4.792,-2.35
-7.907,8.984,2.472
-8.675,8.408,2.797
-7.573,4.299,1.723
-7.635,0.11,1.144
-6.58,4.319,2.376
-6.338,6.029,3.833
-4.974,5.96,2.931
-4.654,4.118,2.359
-4.572,6.95,2.469
-4.146,7.429,-1.376
-0.866,8.58,0.012
-0.409,4.847,1.534
-1.641,2.754,1.768
-5.029,3.689,4.596
-9.499,3.283,3.484
-10.673,2.682,1.682
-8.159,2.479,2.366
-5.869,1.5,4.424
-4.192,1.381,5.426
-5.943,1.83,4.847
-6.429,3.065,3.938
-6.321,2.524,3.551
-7.52,2.857,5.577
-7.037,3.804,6.924
-5.173,4.993,5.182
-4.725,2.847,4.807
-4.311,1.275,4.302
-5.347,-0.507,6.127
-7.46,-4.654,6.158
-9.164,-6.281,6.685
-10.606,-5.434,2.625
-11.642,-0.871,0.967
-8.776,0.354,-0.945
-23.134,-23.706,38.398
-27.558,22.689,19.444
2.137,15.688,11.865
7.874,4.522,4.393
1.366,-5.139,3.192
-4.127,-4.335,0.321
-0.163,-2.378,11.982
-2.163,-7.096,15.339
0.751,0.632,13.066
-4.369,3.158,15.688
-4.448,-2.412,12.903
0.457,-5.785,11.549
-0.459,-6.053,6.103
-2.536,-4.175,7.706
-0.211,-1.148,10.649
-1.349,-2.036,10.078
-0.39,-5.859,6.216
-0.919,-6.048,8.802
-0.873,-6.484,8.434
-0.469,-5.314,7.283
-0.201,-4.017,7.331
-0.29,-4.4,7.283
-0.742,-5.594,7.577
-1.397,-6.443,7.663
-0.885,-4.197,7.769
-0.414,-1.971,8.039
-0.663,-2.553,8.07
-0.139,-4.816,6.752
-0.699,-4.886,7.604
-1.342,-2.316,8.936
-1.603,-2.818,10.176
-2.445,-3.261,7.553
-2.318,-1.156,8.034
-3.402,0.543,9.219
-3.275,2.393,10.424
-5.539,2.907,12.142
-6.761,2.464,12.575
-6.692,1.61,9.008
-7.68,-0.014,7.872
-6.749,-0.423,6.211
-5.379,-4.022,3.68
-4.998,-2.467,4.615
-4.953,-5.632,6.156
-8.293,-5.716,0.199
-8.329,-5.359,1.113
-6.257,-5.513,-2.194
-6.092,-8.975,-5.144
-14.236,-13.93,-5.481
-24.021,-20.89,-3.957
-30.034,-16.095,-5.934
-32.288,-12.659,-5.78
-34.015,-10.374,-4.544
-27.692,11.341,-1.311
-18.09,12.025,-4.788
-8.905,13.343,-3.287
-8.53,10.367,-6.359
-11.7,-0.433,3.665
-30.187,-6.891,9.999
-21.423,-6.374,8.611
-29.036,-8.893,2.792
-33.434,-20.012,4.187
-30.718,-16.337,-3.144
-24.096,-6.587,2.696
-20.385,-4.35,0.675
-26.718,-8.831,-1.285
-16.248,-12.288,-4.766
-13.353,-3.362,-0.364
-15.576,-12.453,-1.263
-18.186,-6.144,1.684
-10.893,-3.304,-2.579
-9.7,4.249,-4.541
-7.046,3.517,-1.988
-6.996,4.761,-1.079
-8.697,4.364,-1.84
-8.089,7.716,0.292
-7.336,7.84,0.622
-4.723,5.386,-0.79
-5.194,6.706,-0.596
-7.867,9.235,2.467
-9.79,6.281,1.34
-11.463,6.795,5.857
-13.243,2.854,2.718
-13.994,-3.247,1.584
-11.697,-0.763,4.455
-11.573,0.778,3.898
-12.051,1.895,4.945
-12.401,0.854,5.053
-11.877,0.56,4.087
-9.726,1.053,4.864
-7.867,1.318,4.855
-5.637,1.395,3.18
-4.644,0.864,2.457
-2.335,1.852,2.996
-1.763,0.577,2.027
-3.228,-0.376,1.471
-6.565,-0.115,0.871
-9.805,0.536,-1.345
-10.09,3.165,-1.416
-8.13,4.706,-0.928
-5.773,5.228,-0.49
-6.135,6.108,2.94
-4.031,4.919,3.625
-10.724,2.55,4.029
-10.259,2.105,1.376
-6.986,4.005,1.299
-6.364,2.122,4.797
-9.319,-0.476,8.853
-11.841,-2.778,8.565
-9.912,-2.539,4.381
-12.477,-2.694,6.072
-7.788,-1.251,2.833
-12.764,-8.501,14.939
-11.286,-2.05,30.135
-4.776,11.283,5.812
-3.735,0.945,10.389
1.708,-6.503,10.951
2.756,-2.83,15.616
13.011,-7.072,6.417
-5.57,0.708,11.97
4.036,-3.917,11.994
0.304,-1.357,11.453
0.215,-0.845,10.611
-0.486,-1.574,10.769
-0.242,-2.393,10.755
-1.079,-3.567,7.443
-0.057,-4.084,8.972
-0.749,-4.206,9.735
0.105,-2.175,10.295
-0.359,-2.78,8.195
-0.711,-6.017,8.276
0.268,-6.57,7.271
-0.172,-3.852,7.305
-0.634,-1.476,9.113
-1.158,-4.328,9.032
-0.624,-7.843,9.405
0.811,-8.041,5.601
0.371,-5.596,6.852
1.007,-1.78,5.515
-0.208,-3.074,9.343
-0.998,-4.266,7.678
-1.723,-5.654,7.79
-1.156,-6.206,5.709
0.352,-0.376,5.18
-1.385,0.189,7.455
-2.077,-0.043,7.994
-2.089,-0.579,10.329
-3.764,-0.835,9.599
-4.362,-3.108,9.75
-4.941,-2.536,8.824
-6.367,0.129,9.156
-5.752,1.773,8.434
-6.596,2.041,7.637
-5.182,-2.053,8.807
-6.613,-0.16,8.388
-6.871,-1.505,6.639
-6.281,-1.766,4.075
-7.427,-5.541,4.412
-12.071,-4.656,2.094
-17.073,-5.099,1.373
-21.107,-11.181,-1.737
-25.302,-12.918,-2.716
-30.764,-16.258,-3.713
-35.259,-6.125,-4.292
-29.821,-0.39,-3.007
-18.909,6.924,-5.213
-11.161,5.091,-7.252
-7.97,-4.371,-4.075
-20.564,-5.716,11.133
-25.402,-6.709,12.659
-18.598,-1.983,10.118
-22.354,-0.105,9.099
-17.791,-10.731,12.571
-26.637,-22.732,-4.697
-24.653,5.534,3.661
-16.207,-4.335,-0.34
-19.808,-13.97,1.55
-22.282,-2.139,-4.388
-16.64,2.771,4.156
-16.779,-11.255,-2.452
-13.018,-3.156,-2.78
-14.308,1.538,-0.608
-10.073,-1.759,1.392
-11.226,6.096,2.486
-9.161,-2.658,1.857
-6.257,4.268,0.019
-7.563,6.577,3.457
-6.029,8.281,1.529
-6.436,3.773,2.062
-7.427,3.381,1.459
-10.305,10.458,9.298
-8.656,9.987,6.91
-6.764,4.546,0.483
-6.802,-2.651,1.192
-8.431,-1.794,3.558
-10.616,1.244,4.369
-10.154,3.878,5.015
-8.223,4.833,4.285
-6.599,3.651,4.639
-6.185,4.314,4.393
-6.718,4.266,6.214
-7.077,4.137,6.173
-7.522,3.742,5.462
-7.58,4.048,4.02
-7.506,5.666,4.457
-7.45,7.984,5.12
-7.142,6.144,2.412
-6.79,4.259,0.687
-7.491,3.768,0.036
-6.099,1.826,-0.955
-7.35,1.242,0.505
-8.594,0.373,3.508
-5.905,-1.811,4.371
-7.156,-2.455,5.745
-9.719,-0.522,5.185
-10.676,-1.158,6.41
-9.778,-2.378,6.97
-10.018,-3.043,7.907
-11.429,-0.567,10.121
-8.659,3.429,9.001
-7.529,7.25,8.23
-10.008,6.596,0.428
-13.542,-6.068,3.055
-8.561,-19.995,12.307
-8.173,-1.012,9.597
6.592,2.852,11.867
-3.261,-2.673,11.104
1.287,-1.531,12.341
2.692,3.936,15.712
2.653,-1.445,12.738
0.45,-2.098,9.214
3.984,-4.455,10.657
1.79,-0.266,12.75
1.869,-2.172,10.381
0.892,-6.831,9.666
0.124,-5.137,9.551
3.022,-0.627,5.819
0.227,-2.476,5.166
-2.663,-4.551,0.67
-1.062,-4.505,4.972
-2.443,-4.689,5.115
0.799,-4.07,4.359
-0.256,-4.175,7.919
-2.548,-4.405,6.654
-1.139,-3.864,5.295
0.335,-2.972,9.288
-0.641,-2.206,8.096
-0.115,-2.871,11.039
0.955,-0.464,9.52
-4.378,0.639,11.181
-3.311,1.424,8.302
-1.871,1.589,9.513
-1.153,-0.275,11.432
-4.89,-0.495,16.521
-6.529,3.11,12.047
-8.439,5.297,11.992
-7.577,2.428,11.047
-7.235,-0.067,7.955
-5.723,-3.493,8.544
-6.173,-0.835,6.797
-6.424,-1.871,7.984
-5.285,-2.57,7.336
-5.407,-4.266,7.238
-6.613,-4.601,6.661
-6.57,-2.507,6.525
-7.448,-4.077,3.07
-6.558,-6.249,-0.148
-9.561,-9.211,-0.323
-12.855,-10.506,-4.151
-14.784,-10.939,-13.291
-22.66,-10.602,-11.523
-30.931,-11.293,-8.63
-36.114,-9.582,-3.838
-32.204,-2.486,-1.359
-27.115,6.273,-0.203
-21.232,21.548,8.683
-8.357,22.124,-10.542
-9.123,-1.325,-4.833
-21.21,-7.149,4.687
-22.476,-1.895,6.446
-24.734,-6.281,-1.5
-27.321,-3.295,0.294
-25.325,-9.13,3.598
-31.742,-0.388,2.007
-25.464,-7.498,-4.843
-15.59,4.933,0.89
-18.712,-9.491,-6.599
-14.329,-2.038,-1.919
-15.982,-10.223,-5.857
-12.669,1.17,-3.436
-11.539,-3.388,-4.467
-9.769,2.407,-2.448
-11.951,1.581,-0.395
-9.86,0.325,2.216
-10.288,0.273,2.515
-10.293,3.871,2.4
-9.398,11.745,0.376
-10.692,10.52,-1.481
-8.348,7.75,-1.11
-8.018,4.01,0.294
-9.467,2.876,2.244
-8.448,3.539,2.065
-7.69,10.448,3.967
-4.359,6.52,0.773
-4.524,3.072,3.141
-5.472,3.005,2.952
-6.486,3.96,2.452
-6.443,2.029,0.995
-6.039,3.149,1.349
-6.101,4.173,1.878
-7.41,3.967,0.703
-8.214,3.766,0.727
-6.857,4.649,-1.108
-3.759,7.259,0.613
-2.443,4.967,2.18
-3.342,1.598,5.29
-6.747,2.201,6.391
-8.355,4.051,4.048
-12.157,3.543,2.239
-6.881,1.519,0.83
-7.494,1.113,2.79
-9.412,2.007,4.173
-8.044,2.433,3.541
-4.498,2.917,3.323
-7.532,0.665,5.273
-9.726,-0.144,5.63
-10.14,0.428,3.199
-8.262,0.613,2.895
-7.556,-1.314,5.883
-9.465,-3.615,9.109
-12.228,-2.184,11.709
-15.056,-0.077,12.81
-14.659,4.029,7.805
-12.19,9.802,0.67
-9.008,12.272,-1.469
-6.97,-6.927,22.292
-3.823,-11.276,25.706
-2.421,5.077,7.383
-3.921,-1.876,4.814
3.472,-4.316,6.692
6.915,0.861,11.673
-2.632,1.27,15.085
-1.302,-0.77,13.138
1.22,-5.233,11.489
3.385,-5.398,6.161
-8.137,-4.139,10.858
1.742,-2.57,10.075
1.613,-2.211,8.812
0.517,-1.787,7.649
1.926,-1.175,7.663
-1.907,-7.101,8.111
-0.366,-3.787,7.532
1.108,-0.947,7.991
-2.955,-3.151,9.546
-1.893,0.368,7.192
0.153,-1.799,4.189
0.586,0.596,5.797
-1.029,-1.038,8.879
-3.366,-1.773,14.195
-2.919,-1.302,10.558
-4.922,-1.213,13.305
-1.584,1.275,11.192
-2.318,-6.127,8.848
-3.18,-1.512,6.623
-2.019,-1.39,6.458
-1.443,-1.613,6.367
-1.914,-2.673,7.003
-3.515,-1.742,7.915
-5.111,2.507,6.721
-6.417,-1.366,9.338
-4.307,-0.971,7.764
-5.568,-1.17,8.51
-5.84,-1.763,7.508
-5.534,-1.627,8.123
-5.431,-0.732,6.302
-5.23,-0.995,6.723
-5.312,-0.61,7.247
-6.525,-3.048,7.441
-4.862,-1.115,8.025
-8.408,-2.735,4.73
-8.553,-3.737,5.185
-10.46,-6.027,3.795
-14.308,-10.087,4.347
-19.397,-11.494,1.392
-21.366,-12.865,-0.701
-25.632,-11.348,-1.436
-22.273,-10.444,-5.508
-22.098,-4.699,-5.474
-22.935,3.199,-4.701
-16.351,4.627,0.787
-15.25,-0.727,0.356
-20.619,0.979,11.877
-25.699,-4.031,6.611
-24.081,2.55,10.166
-25.696,-8.53,-0.057
-26.933,-7.257,0.627
-25.991,-0.354,1.433
-21.095,-7.9,-3.933
-20.512,-1.548,-5.606
-24.648,-1.747,-2.531
-14.628,-3.74,-3.701
-19.083,-9.475,-4.053
-16.794,-1.936,-0.285
-10.269,-3.182,-1.828
-10.74,3.247,0.007
-10.113,2.601,-2.598
-11.671,1.223,3.747
-12.128,-0.392,5.57
-9.769,5.833,3.677
-4.682,10.111,0.809
-5.527,9.472,0.285
-6.103,6.407,1.175
-6.613,2.613,0.469
-7.594,2.483,3.972
-9.798,7.84,4.01
-7.58,7.666,4.151
-7.644,6.785,5.541
-7.955,5.383,5.513
-8.989,5.728,2.893
-9.673,13.475,5.867
-7.36,14.284,5.493
-2.433,9.355,1.859
-2.943,1.948,-0.144
-4.441,-2.586,0.873
-6.759,-3.333,0.959
-7.07,-3.728,1.369
-4.201,-3.529,1.459
-3.309,-3.187,0.617
-5.56,-2.476,1.294
-7.216,2.917,1.694
-8.101,6.192,2.163
-8.412,9.295,2.967
-7.647,11.099,5.685
-3.362,8.137,5.108
-0.971,5.321,2.751
-2.373,0.347,2.027
-16.932,-5.333,2.699
-6.07,-10.061,0.778
-10.135,-7.592,2.747
-11.487,-1.802,3.677
-10.274,-0.072,4.567
-9.422,-4.644,5.642
-9.92,-7.376,7.18
-9.778,-1.282,7.439
-11.202,-2.07,5.326
-13.348,-5.938,2.668
-17.612,-16.471,21.227
-18.514,-22.227,17.796
-4.596,2.168,6.967
-0.639,8.848,7.156
2.395,-1.254,7.106
-3.005,-4.07,4.931
-9.582,1.998,-16.083
-0.479,-2.656,11.293
1.242,-6.671,11.238
1.617,-4.491,11.551
-0.373,-0.115,12.561
3.17,-0.091,13.418
2.007,-2.11,5.747
0.091,1.354,5.063
1.27,-2.254,5.96
-2.244,-5.967,8.47
-0.668,-3.864,10.135
0.096,-1.632,10.185
-1.407,-3.864,10.532
-0.306,-3.546,9.123
-0.433,-1.802,9.082
-1.735,-0.565,9.563
-1.802,-1.861,10.767
-2.426,-1.433,8.778
-2.29,-2.658,7.829
0.615,-2.431,5.895
-1.637,-5.548,8.384
0.122,-3.548,7.766
-1.218,-1.002,8.788
-5.886,0.342,10.202
-3.498,-0.139,9.238
-3.041,-3.61,9.833
-2.407,-0.065,8.393
-4.331,-0.634,8.257
-5.35,-0.029,7.489
-7.072,0.428,9.152
-8.25,1.182,8.424
-6.797,2.503,8.594
-9.082,-2.275,6.826
-5.094,-2.141,4.467
-5.168,0.44,6.769
-9.381,-2.412,8.819
-10.735,-1.916,7.364
-10.09,-2.361,5.706
-8.869,-7.79,4.591
-10.336,-8.616,3.615
-15.784,-7.271,-0.371
-14.088,-11.324,-6.924
-19.43,-13.183,-7.343
-25.663,-11.755,-8.197
-29.85,0.129,-6.946
-30.211,4.967,-0.617
-21.749,8.874,-3.993
-20.205,9.647,-6.836
-19.586,-1.402,-5.221
-19.6,2.402,3.632
-17.53,1.39,6.668
-21.028,-1.962,3.455
-17.949,1.67,6.029
-20.937,-7.573,-1.354
-27.61,-4.276,-2.022
-19.88,0.184,4.936
-19.825,-12.757,-0.215
-22.012,0.624,0.368
-14.695,-2.778,0.952
-20.423,-2.795,-0.689
-13.477,-0.232,-1.113
-15.437,-4.07,-1.656
-8.484,-1.955,-3.842
-12.748,-1.105,-0.708
-9.381,2.78,-0.988
-9.331,4.816,0.019
-8.546,0.888,-0.122
-7.221,2.065,-2.67
-6.893,4.922,-0.261
-5.323,9.381,-2.096
-5.209,7.448,-2.455
-5.824,5.075,-3.519
-6.398,6.249,-1.572
-5.835,8.252,-0.383
-8.431,8.422,-0.852
-9.331,8.934,0.124
-9.826,8.939,2.617
-9.628,5.513,1.404
-10.147,3.5,2.632
-10.484,5.266,2.034
-10.013,5.606,3.811
-9.63,5.146,5.01
-9.164,4.503,4.271
-7.884,3.596,2.921
-6.637,2.701,2.218
-6.216,2.778,1.928
-5.917,4.106,0.986
-5.783,4.484,-0.361
-5.364,4.343,-0.78
-5.343,4.608,-0.656
-5.166,4.06,0.043
-4.962,2.204,0.433
-6.632,4.192,4.438
-10.841,0.88,4.209
-4.761,0.584,4.493
-6.623,0.4,4.113
-9.343,0.672,2.352
-11.437,-0.871,2.96
-12.334,-2.361,4.453
-13.001,-0.699,6.302
-12.568,1.541,7.948
-11.013,2.421,9.176
-10.09,3.11,6.587
-6.943,4.663,5.63
-8.073,4.833,4.254
-7.989,1.804,-0.744
-10.561,-8.056,4.051
-6.438,-19.928,14.415
-9.123,-2.464,19.303
-5.886,5.477,4.022
4.953,2.314,6.656
2.823,-3.096,8.104
-0.931,-2.95,9.769
-2.096,-4.232,10.996
0.639,-5.376,13.571
-3.082,-2.747,19.488
1.67,-2.967,13.547
-0.256,0.725,14.219
1.646,-0.416,10.944
1.625,-1.957,8.649
3.692,-3.314,9.197
-1.517,1.436,3.558
0.112,-0.38,5.888
-2.895,1.158,4.486
-1.854,-1.838,5.534
-1.66,-4.871,4.95
-1.127,-3.244,7.551
1.749,-1.412,6.202
0.376,-2.835,8.484
-3.125,-2.318,1.524
-2.806,-0.878,7.618
-1.366,-0.677,8.958
-1.06,1.158,10.188
-3.213,-3.902,10.027
-1.048,-1.663,8.936
-2.12,-1.043,9.111
-5.489,0.852,11.281
-4.467,-0.519,10.532
-5.101,-1.534,9.171
-4.912,0.66,7.84
-6.063,0.584,8.106
-7.967,-2.129,5.618
-7.814,-0.931,6.793
-7.63,-1.543,7.355
-7.393,-0.124,6.522
-7.726,0.471,7.204
-5.312,-5.022,6.632
-3.823,-1.536,7.434
-8.405,-4.661,6.862
-11.099,-3.716,6.659
-10.623,-3.146,4.364
-12.762,-3.697,5.125
-14.542,-8.625,3.632
-14.848,-12.267,-1.445
-17.887,-14.911,-4.103
-22.313,-17.444,-7.183
-29.089,-18.007,-8.238
-30.46,-14.164,-3.72
-30.876,-0.321,-6.458
-23.081,12.805,-2.809
-15.466,25.057,-1.548
-6.534,18.129,-6.19
-7.395,4.139,-4.491
-22.189,-13.262,-3.043
-29.809,-6.9,-0.524
-23.643,-3.811,-1.369
-28.866,-5.721,-1.263
-23.636,1.443,-6.833
-20.165,-6.333,-5.127
-19.246,-8.573,-5.053
-19.15,0.993,-3.965
-14.238,-7.34,-7.506
-12.238,-2.074,-4.553
-9.345,-6.912,-2.814
-10.24,2.919,-3.024
-10.377,0.129,-1.457
-11.078,5.812,-0.677
-9.412,3.005,-0.751
-7.491,4.165,1.196
-8.58,3.859,-0.51
-6.544,6.271,-1.794
-6.666,9.92,0.804
-8.171,17.203,3.402
-9.439,12.932,4.477
-8.757,8.427,4.981
-12.65,2.885,3.89
-14.614,3.043,3.675
-15.097,10.817,6.319
-11.472,11.214,3.771
-6.891,6.556,1.23
-7.936,0.904,1.211
-9.958,-1.668,3.457
-10.944,-0.77,3.919
-9.192,-0.873,3.405
-8.075,-1.651,3.168
-8.697,-1.113,1.153
-9.697,-0.864,0.06
-11.183,-0.368,-0.593
-11.133,1.239,-2.338
-11.255,2.866,-2.56
-11.209,4.9,-1.586
-10.36,5.644,-0.534
-11.142,3.07,-0.727
-12.614,2.213,1.354
-13.138,1.464,3.252
-13.611,1.034,0.16
-15.882,5.144,-1.086
-14.028,5.123,-1.146
-9.771,10.731,-0.476
-8.082,14.439,1.505
-8.463,13.358,3.211
-9.197,11.508,2.187
-8.917,7.264,-2.488
-10.795,8.855,21.832
2.83,12.846,27.874
-8.97,10.331,-1.445
1.84,0.651,0.345
-0.218,2.986,5.467
-2.33,-1.302,7.317
-5.769,-0.395,9.283
-4.24,-2.665,7.118
-7.254,-9.039,3.575
-9.432,-6.831,2.622
-10.685,-7.309,-1.481
-12.709,-6.163,-6.182
-22.526,5.747,-4.527
-19.88,-11.25,1.357
-24.61,-9.269,-2.845
-14.748,-13.451,-7.706
-15.04,-9.86,2.235
-13.363,-11.855,0.871
-12.202,-12.042,-0.663
-13.865,-7.824,-2.139
-14.066,-11.448,-1.704
-24.732,-12.561,-0.668
-18.284,-9.41,0.112
-31.307,-10.116,-1.871
-31.393,-17.557,-4.634
-26.153,-8.884,-2.885
-24.199,-22.866,-1.526
-19.366,-8.824,-9.293
-15.839,-2.962,-3.663
-16.758,-16.224,-0.27
-24.16,-7.994,2.33
-15.052,-8.546,3.723
-17.038,-6.795,-4.819
-6.934,-5.455,-6.685
-4.098,1.249,-4.79
-1.302,2.893,-2.101
-1.546,1.01,-1.122
-1.129,0.512,-3.795
0.739,0.574,-3.237
4.276,-1.072,-3.627
9.439,0.031,-5.637
4.833,0.316,-1.014
11.121,2.108,2.44
8.549,-2.649,3.019
6.065,-4.276,2.065
6.051,-4.919,-2.421
3.201,-3.115,-3.35
-0.268,-0.524,-7.4
-0.916,3.163,-10.769
-2.751,7.522,-8.733
-4.515,5.02,-9.185
-4.309,1.144,-12.324
-3.536,2.22,-11.104
-2.682,2.584,-11.64
-1.893,3.266,-11.884
-2.144,4.063,-9.929
-1.266,2.103,-12.334
-1.589,-0.476,-9.243
-1.543,-0.557,-6.642
-5.314,-2.771,-11.398
0.112,-2.175,-10.176
2.665,-2.562,-11.74
3.369,-4.957,-11.944
-0.134,-3.933,-8.068
-2.079,-2.84,-5.532
-2.483,-2.443,-7.18
-0.565,3.716,-11.381
-4.132,5.386,-11.202
-2.651,6.905,-12.817
-2.577,4.9,-14.394
-2.227,2.4,-15.006
-1.749,6.056,-13.243
-4.733,9.522,-9.833
-10.082,11.212,-7.345
-4.199,8.955,-10.393
-4.613,7.307,-11.609
-5.12,6.082,-13.465
-3.575,3.888,-14.698
-2.981,2.778,-12.788
-2.766,3.247,-10.678
-1.598,5.053,-9.51
-1.943,8.254,-8.106
-2.55,8.865,-7.271
-2.806,7.896,-7.73
-1.732,6.405,-8.07
-1.0,4.89,-8.666
-1.299,4.977,-8.594
-1.479,5.797,-8.173
-0.749,6.06,-7.747
0.177,5.06,-8.367
0.622,4.276,-8.664
0.354,3.151,-8.888
0.211,3.658,-8.137
1.024,3.924,-7.692
2.696,3.845,-7.817
3.462,3.374,-6.934
3.831,1.938,-5.819
4.055,1.464,-5.314
5.283,1.842,-4.589
4.922,3.22,-4.656
5.175,2.749,-4.357
5.493,2.83,-4.436
4.256,2.553,-4.0
4.421,2.522,-3.694
5.017,2.811,-5.297
6.292,4.139,-6.558
8.075,5.635,-5.355
12.262,6.068,-3.094
13.023,5.45,-1.768
11.609,5.675,0.354
13.693,3.771,-1.648
12.334,-2.105,-3.51
11.81,2.677,-7.25
15.437,8.159,-11.152
12.97,-0.708,-15.399
7.46,6.426,-9.747
0.237,2.5,3.558
-0.768,-3.898,-17.901
-4.577,-5.249,-11.616
1.376,-0.469,-15.133
-6.546,-0.572,-11.422
10.226,3.268,-13.788
0.548,-1.079,-16.99
-6.192,-8.616,-18.696
-0.06,-0.239,-13.126
-1.388,-1.292,-11.176
2.225,-3.864,-13.087
3.857,-7.242,-10.279
-1.491,-3.476,-7.498
1.27,-2.613,-6.147
0.507,-4.642,-6.728
2.591,-7.151,-9.106
1.426,-3.314,-8.467
1.663,-6.245,-7.809
-0.34,-4.323,-3.553
3.771,-8.57,-5.158
1.861,-9.673,-7.742
2.034,-8.776,-6.058
2.457,-7.175,-2.237
2.606,-7.474,-1.787
4.864,-8.599,-6.793
5.716,-8.116,-6.604
3.359,-9.807,-5.654
2.144,-5.544,-3.206
4.931,-8.36,-6.017
2.204,-5.582,-4.436
4.072,-2.247,-4.532
3.364,-7.321,-7.431
4.304,-4.811,-3.938
4.716,-4.919,-5.048
2.869,-6.577,-4.28
4.527,-6.039,-3.359
6.86,-7.34,-3.048
6.776,-6.735,-3.658
5.697,-9.781,-4.393
4.67,-10.389,-2.596
6.714,-10.087,-2.735
8.003,-10.14,-2.617
7.3,-11.08,-5.206
5.685,-11.379,-5.627
4.462,-9.188,-4.74
1.299,-10.252,-0.007
0.081,-10.508,4.354
0.321,-9.19,6.816
0.352,-7.881,7.967
1.955,-6.551,7.702
2.711,-8.393,5.814
2.115,-10.436,3.407
2.007,-9.776,3.898
2.094,-10.35,3.266
0.194,-8.683,4.85
0.586,-9.673,5.644
2.407,-9.166,5.905
2.546,-10.704,5.967
0.656,-11.544,5.321
2.067,-8.085,6.3
2.957,-6.785,7.565
0.806,-8.975,6.154
1.129,-5.85,6.989
1.105,-3.555,7.486
-0.124,-3.713,6.02
0.876,-4.912,4.79
1.146,-4.754,3.953
1.692,-5.022,5.508
2.914,-2.682,6.206
3.278,-3.194,6.371
2.716,-4.299,5.446
4.335,-4.508,6.144
4.548,-4.445,7.118
4.115,-3.874,7.998
4.474,-4.634,7.496
4.462,-6.529,7.082
3.802,-8.116,6.881
0.402,-7.936,7.029
1.266,-6.738,6.996
-0.562,-8.379,7.738
-1.464,-8.367,7.558
-1.479,-6.434,8.589
-0.931,-4.462,8.905
-2.005,-3.699,8.898
-1.086,-4.752,8.195
-1.22,-6.319,7.795
-1.328,-6.962,7.951
-0.79,-6.048,9.065
-0.347,-5.843,9.496
-0.182,-4.862,9.499
-0.651,-5.941,9.666
-1.826,-6.733,8.766
-0.993,-7.766,7.477
0.347,-7.742,8.147
0.278,-6.673,8.3
0.565,-7.221,8.506
0.517,-6.12,8.216
0.842,-7.494,8.168
0.313,-8.881,7.415
-0.555,-8.613,7.829
-0.873,-6.529,8.953
-0.967,-6.096,8.3
-0.251,-5.596,8.247
-0.457,-5.687,8.209
0.005,-6.015,7.685
-0.01,-5.929,7.453
-0.007,-4.943,7.498
-0.072,-4.876,7.434
-0.06,-4.761,6.599
0.371,-4.173,6.233
0.742,-3.967,6.209
0.433,-4.524,6.168
0.218,-4.881,6.35
0.342,-4.888,6.58
1.505,-5.084,6.702
2.098,-5.079,7.417
2.524,-4.668,7.829
1.684,-4.405,7.951
0.962,-3.869,8.606
1.467,-3.871,8.422
1.701,-3.481,8.865
1.926,-2.768,9.073
0.665,-3.627,9.254
0.55,-4.271,8.192
0.895,-5.154,8.159
1.029,-5.041,7.482
-1.414,-5.979,9.948
-3.414,-6.309,11.69
-4.01,-6.281,11.929
-2.297,-4.744,12.939
-2.082,-5.029,11.527
-2.098,-4.61,10.757
-2.742,-4.374,10.295
-1.555,-3.424,10.238
-0.981,-3.28,9.74
-1.232,-3.56,10.527
-1.553,-4.429,10.692
0.026,-4.539,9.979
1.359,-4.776,9.374
1.522,-4.378,8.489
1.818,-4.797,8.063
0.019,-4.62,9.539
0.746,-4.833,9.747
1.692,-5.209,8.475
2.785,-5.546,7.807
2.39,-5.57,8.087
1.565,-5.876,7.726
2.534,-6.185,7.57
4.469,-6.785,7.482
4.699,-7.297,7.503
3.567,-6.752,7.812
2.479,-6.149,8.168
2.275,-6.249,7.931
3.273,-5.819,7.321
3.01,-6.173,6.74
2.263,-4.955,7.077
1.983,-5.099,6.934
2.44,-4.661,7.357
3.165,-4.223,7.592
2.335,-4.991,7.376
2.558,-4.797,7.058
2.127,-5.139,6.295
2.821,-4.465,6.041
2.292,-2.981,5.816
2.003,-2.649,5.84
1.835,-3.976,6.249
1.034,-3.634,6.793
0.543,-3.074,6.441
1.261,-1.971,6.18
0.782,-3.158,6.637
-0.151,-4.962,6.276
0.876,-5.015,6.185
0.383,-4.572,7.216
-0.062,-4.058,7.305
-1.787,-5.036,8.458
-3.173,-6.063,7.551
-2.828,-7.415,7.154
-3.531,-5.661,7.041
-4.402,-4.599,7.876
-3.397,-4.756,9.061
-4.429,-5.388,7.986
-4.481,-4.646,7.943
-4.522,-3.316,6.804
-2.019,-3.924,8.068
-4.955,-1.842,5.644
-4.953,-2.993,6.288
-4.177,-2.962,5.611
-5.534,-3.488,3.699
-2.474,-4.924,4.998
-5.493,-4.232,5.046
-6.249,-3.539,4.792
-6.197,-4.285,3.579
-6.797,-7.367,2.256
-6.819,-5.893,2.18
-7.391,-4.256,0.971
-9.92,-6.979,0.304
-14.635,-12.752,-4.52
-12.602,-12.822,-6.781
-18.076,-14.676,-3.524
-23.392,-18.253,-6.73
-30.532,-18.724,-5.02
-30.202,-2.395,0.869
-26.038,13.37,4.823
-20.27,20.177,1.546
-12.15,11.176,-5.474
-11.721,2.637,-2.833
-16.887,-6.924,5.826
-22.464,-3.498,6.627
-20.997,-4.24,0.268
-23.232,-6.113,4.9
-27.175,-10.178,0.689
-23.954,-6.393,7.288
-23.392,-12.487,0.433
-21.186,-3.027,2.156
-12.939,-5.953,-0.447
-20.729,-6.3,-8.41
-14.963,-3.4,-4.792
-15.356,-8.221,-4.268
-13.733,-3.701,-4.067
-11.693,-0.077,-4.969
-13.597,-5.989,-6.257
-9.264,4.264,-5.469
-10.585,-1.249,-3.01
-7.922,4.548,-3.594
-9.912,1.919,-0.349
-7.563,7.159,0.574
-5.721,7.965,-1.177
-3.153,8.326,-2.357
-3.053,6.759,0.27
-5.383,6.52,-0.395
-8.604,5.534,1.744
-11.501,2.584,4.292
-11.85,5.879,4.441
-13.523,2.187,5.51
-13.494,2.917,4.266
-11.011,4.185,6.249
-12.348,4.149,4.467
-14.686,2.354,5.044
-13.76,5.075,5.036
-11.958,5.34,4.541
-10.46,4.56,3.017
-8.417,3.098,2.096
-7.178,2.101,-0.146
-6.371,1.823,-2.158
-5.493,1.998,-2.309
-5.776,1.641,-1.979
-5.278,3.194,-1.512
-5.847,2.756,-1.517
-5.558,2.196,-2.077
-6.828,0.345,-2.256
-8.123,1.943,-1.955
-10.731,5.845,0.648
-11.599,7.934,3.113
-12.083,7.491,1.909
-13.092,6.527,1.89
-11.862,6.328,4.912
-10.006,5.618,5.764
-10.324,4.95,4.393
-9.865,4.235,4.024
-7.462,3.357,5.125
-5.18,0.562,7.764
-5.771,-0.184,7.534
-8.518,-1.038,6.381
-10.046,-4.749,8.917
-8.025,-5.613,17.286
-5.869,2.218,4.532
-2.979,-0.438,0.938
1.481,-6.295,6.3
1.28,-1.605,10.846
0.055,-3.527,9.673
-1.785,-7.73,8.128
2.83,-7.261,7.939
4.768,-3.898,9.408
2.749,-3.287,10.853
2.316,-3.067,11.685
2.541,0.79,11.59
0.352,1.471,13.049
-0.093,2.979,10.202
-2.414,-0.103,13.185
-0.211,-0.06,6.623
1.031,-1.388,8.039
1.577,-1.515,7.553
-0.687,-3.06,9.654
1.404,-0.735,6.252
-0.28,-2.699,7.982
-3.223,-6.379,9.298
-1.847,-1.579,9.755
-0.445,-2.859,11.262
-4.331,-3.773,6.063
0.117,-2.476,9.19
-1.486,-1.971,10.259
-1.428,-2.862,6.166
-0.691,-3.051,6.893
-2.658,-3.718,8.118
-2.431,-2.885,7.833
-3.479,-0.371,9.556
-3.524,-1.811,9.314
-3.237,-1.256,9.02
-6.269,-0.77,9.577
-6.41,0.89,9.793
-6.723,-0.141,8.553
-6.111,-1.254,9.472
-5.56,-1.62,8.285
-7.429,-1.105,7.532
-7.726,-1.383,6.915
-6.986,-1.333,6.912
-7.711,-1.73,6.754
-8.032,-3.007,5.52
-8.606,-2.701,4.448
-9.642,-5.723,2.409
-11.913,-11.425,-0.309
-12.975,-13.659,-4.649
-16.413,-12.937,-3.914
-24.6,-9.156,-3.01
-43.145,-10.743,5.584
-32.288,-12.944,-4.266
-26.909,-5.235,-1.074
-24.311,11.994,-0.675
-14.975,15.391,0.361
-10.889,11.037,4.826
-11.571,0.735,13.705
-25.577,-6.182,9.956
-23.141,-2.194,10.3
-16.148,-8.446,5.156
-26.426,4.536,3.993
-26.582,-9.434,-0.352
-26.531,-11.683,-3.575
-20.997,5.505,-1.567
-17.956,-7.953,-11.135
-19.136,-5.46,-4.594
-14.767,-4.13,-3.352
-13.793,-1.409,-2.108
-13.863,-2.498,-5.776
-14.399,-2.943,0.428
-10.283,-6.001,0.062
-11.054,0.857,0.414
-9.101,-0.969,1.718
-11.58,3.594,5.242
-8.226,7.979,4.352
-7.139,6.029,-1.321
-9.845,4.926,-0.096
-9.814,5.833,2.129
-11.798,8.338,2.077
-11.121,4.725,4.194
-11.87,5.924,2.83
-13.008,4.742,5.757
8.556,-0.098,-15.691
-20.82,1.792,8.57
-13.181,3.113,-1.215
-6.151,5.761,-0.199
-7.606,3.469,0.608
-6.214,3.381,1.275
-6.434,3.481,2.302
-6.769,3.149,2.156
-7.137,3.677,1.239
-6.867,1.826,0.423
-7.68,1.407,0.711
-7.367,2.072,-0.749
-7.383,2.701,-1.192
-6.946,4.043,-0.818
-8.496,5.627,-0.907
-8.14,6.484,-1.503
-9.245,5.132,-1.538
-5.209,7.324,1.814
-3.871,9.637,2.878
-4.675,5.12,3.859
-6.632,1.598,2.357
-9.448,-1.787,5.589
-13.523,-1.761,6.604
-12.257,1.067,2.625
-9.568,2.73,1.022
-7.183,0.172,5.804
-7.259,-1.381,9.341
-7.264,-0.074,6.328
-7.01,-0.158,1.034
-7.252,-1.534,-1.302
-11.104,-13.882,8.719
-11.664,-13.86,26.605
-11.824,7.826,5.067
0.873,4.307,5.448
6.08,0.292,6.295
2.419,-2.78,7.876
-2.507,-2.969,10.255
-4.008,-4.642,10.92
-8.807,-4.919,12.697
5.266,-1.474,15.372
0.596,-0.555,14.473
0.323,1.436,13.071
-3.031,0.067,8.92
-2.61,0.73,9.549
-0.644,-4.905,8.936
1.223,-4.431,5.833
6.225,-3.237,10.592
-0.069,-5.173,9.125
-0.38,-1.72,9.783
-3.883,-5.111,12.482
-0.727,-3.443,10.635
0.694,-2.527,8.723
0.409,-4.273,8.417
0.352,-3.342,6.991
-0.445,-5.438,6.919
0.306,-4.386,7.025
0.278,-3.407,8.424
-0.347,-4.108,8.348
-0.739,-5.63,7.187
-0.833,-2.914,8.752
-2.101,-2.783,9.75
-0.845,-4.091,7.776
0.017,-3.448,8.826
-1.943,-2.677,10.865
-3.433,-2.527,10.023
-4.311,-2.12,9.915
-2.591,-3.256,9.274
-2.594,-4.039,9.479
-4.283,-3.031,8.568
-5.206,-2.809,8.209
-4.704,-2.512,7.577
-3.775,-1.369,6.709
-4.472,-0.416,8.386
-6.08,-2.835,7.642
-5.673,-1.459,5.716
-6.855,-1.675,0.596
-6.893,-5.082,3.474
-8.931,-5.876,1.211
-10.609,-6.647,-0.069
-14.578,-2.778,-3.814
-22.751,-5.168,-6.23
-26.304,-11.925,-8.099
-27.275,-16.466,-7.448
-20.346,-13.528,-6.891
-21.641,-3.053,-6.558
-15.612,6.467,-0.794
-11.496,14.585,-2.713
-11.704,5.19,-0.756
-25.069,-12.401,6.455
-27.082,-8.257,12.946
-24.921,-4.898,9.458
-24.481,-7.654,7.194
-35.003,-7.379,-0.476
-23.347,-8.795,8.192
-25.034,-15.767,-0.242
-24.404,-5.627,-0.689
-17.107,1.517,-0.825
-18.777,-6.065,-3.833
-16.451,-1.192,-3.122
-12.178,-4.546,-1.962
-14.497,-4.448,-2.436
-11.025,1.165,-0.189
-12.59,-4.622,-0.507
-10.606,3.807,2.96
-12.985,4.046,4.302
-9.321,4.496,0.909
-5.539,4.701,-1.706
-6.982,6.307,-3.936
-7.47,4.039,-1.189
-9.305,10.104,1.66
-7.297,11.886,-1.689
-6.984,6.594,0.246
-8.661,-0.486,4.807
-9.924,1.206,7.51
-8.14,4.733,11.121
-5.919,5.268,9.8
-5.099,1.641,7.963
-5.972,-0.242,7.431
-8.429,-1.488,6.781
-9.345,-1.163,7.582
-8.271,0.404,7.893
-6.994,0.005,6.924
-6.302,-0.165,6.486
-6.008,-0.002,5.639
-4.895,-0.261,2.464
-3.893,0.167,0.766
-3.376,0.081,2.22
-2.981,0.634,3.732
-5.307,0.502,2.405
-2.299,-0.184,2.015
-5.905,0.261,1.914
-10.338,4.149,3.479
-10.001,4.417,4.833
-6.709,4.431,7.111
-5.682,1.799,4.012
-9.585,2.333,2.687
-12.339,1.529,5.711
-9.63,2.548,4.503
-7.891,1.074,3.79
-10.25,-1.44,3.385
-12.063,-4.795,5.646
-9.685,-4.584,3.242
-20.555,-17.743,21.583
-19.354,-3.158,33.108
-8.391,11.238,9.987
4.711,12.362,3.527
1.715,-3.393,4.027
1.491,2.972,8.029
0.146,-6.994,5.319
-3.869,-4.682,21.136
-2.082,-4.79,11.731
2.661,-1.823,12.047
2.036,1.428,15.81
-0.967,3.132,13.375
1.125,0.38,8.991
4.639,-2.433,-4.41
0.715,-6.898,2.086
0.593,-4.96,5.697
2.85,-3.735,10.212
1.002,-5.132,12.252
0.215,-5.998,7.764
-1.16,-9.587,8.951
2.16,-5.139,8.809
-0.613,-3.481,8.3
-1.014,-2.45,9.345
-0.447,-0.902,8.475
1.081,-3.886,6.338
-0.16,-4.706,6.087
-0.723,-4.402,7.515
-1.914,-3.706,8.654
-2.196,-4.139,8.853
-1.498,-4.343,8.321
-1.459,-4.438,7.711
-0.84,-3.665,6.967
-4.127,-2.529,7.017
-2.077,-1.548,7.876
-4.307,-2.558,11.123
-4.072,-2.354,9.278
-4.13,-3.488,8.527
-4.467,-1.928,9.013
-5.252,-0.931,9.721
-5.544,-0.184,9.764
-5.728,1.0,9.637
-7.857,-0.433,9.049
-7.86,1.574,8.068
-6.553,-0.124,6.895
-6.687,-1.218,6.261
-7.001,-1.751,6.036
-8.388,-2.859,3.625
-9.783,-3.402,0.967
-11.606,-7.123,-2.699
-16.047,-10.779,-6.745
-21.363,-13.26,-12.269
-24.402,-12.334,-9.278
-29.249,-9.166,-4.316
-30.857,-5.649,-1.244
-27.127,-2.876,-3.905
-20.784,3.876,-6.101
-16.825,0.737,-3.17
-14.82,-2.838,4.965
-10.989,-3.45,9.264
-21.222,-1.979,8.085
-21.306,-5.905,3.579
-24.366,-8.75,5.256
-21.794,-6.202,2.661
-23.163,-12.262,0.708
-25.761,-4.264,0.526
-23.213,-14.437,0.194
-20.122,-1.302,0.206
-15.817,-3.208,-0.589
-15.652,-15.114,-2.314
-19.016,-2.924,1.665
-11.681,-7.812,-0.603
-12.585,0.086,1.881
-12.882,3.407,4.723
-9.656,7.175,4.57
-13.513,7.733,8.652
-6.891,8.563,-2.948
-7.369,4.646,0.548
-10.683,-3.754,0.419
-9.405,0.462,1.562
-6.52,4.646,0.89
-5.646,3.74,1.376
-8.637,2.436,1.668
-8.391,2.84,3.677
-7.824,4.465,2.761
-8.565,4.558,1.113
-9.03,4.524,1.266
-9.338,5.611,2.409
-10.245,5.625,0.292
-9.453,5.108,-1.711
-8.027,4.488,-1.148
-6.419,5.316,-0.11
-4.309,4.673,-0.83
-2.156,5.749,-0.687
-1.756,5.513,1.756
-3.11,4.902,2.503
-2.701,7.144,0.345
-2.388,10.262,0.959
-3.933,8.01,3.414
-4.247,5.8,3.718
-5.946,4.797,3.256
-7.345,4.756,2.294
-7.575,5.606,2.11
-6.785,5.173,1.129
-6.034,5.73,1.579
-5.699,7.096,7.738
-4.412,8.439,2.596
10.432,4.431,-2.859
0.785,5.867,3.976
-7.785,5.443,-0.002
-7.242,4.39,5.907
-2.417,0.182,6.898
-8.599,-5.302,6.58
-4.541,-1.711,6.527
-4.886,-0.845,5.697
-6.953,-3.441,8.702
-9.623,-3.244,7.041
0.079,-4.677,2.56
-8.568,-1.381,4.747
-6.809,-6.163,14.384
-3.553,-4.503,20.803
-5.328,5.335,12.819
3.259,-3.689,4.486
2.842,-6.723,8.044
-0.17,-3.795,10.106
-0.483,-4.307,9.372
-2.673,-4.027,8.745
-0.933,-4.883,6.95
1.431,-6.348,9.056
-0.108,-4.768,9.223
0.869,-3.359,8.798
2.242,-3.474,7.905
0.593,-4.209,8.12
-0.514,-2.809,9.144
-0.56,-1.436,9.372
-0.715,-2.067,8.087
0.993,-1.675,7.714
4.811,-0.225,4.989
1.507,-3.364,8.403
1.39,-2.826,7.395
0.768,-2.397,9.149
-0.144,-2.397,10.324
0.072,-1.969,14.506
0.225,-0.292,11.685
1.818,-3.519,7.943
-2.359,-4.424,7.644
-2.577,-0.974,7.494
2.07,-2.101,9.068
0.574,-2.314,5.101
-2.376,-3.196,7.709
-3.11,-1.077,7.534
-2.699,-0.73,8.166
-4.216,-2.823,8.786
-4.912,-1.349,6.431
-3.826,1.275,10.901
-4.969,-0.345,11.027
-4.9,1.117,9.563
-5.333,0.12,9.298
-6.048,-0.876,8.396
-5.914,-0.935,9.384
-5.034,-1.694,14.669
-5.917,-0.907,6.369
-7.202,-3.778,6.663
-9.546,-4.529,3.816
-2.658,-5.051,4.419
-12.243,-3.139,3.625
-16.518,-7.273,-1.749
-14.21,-8.699,-5.639
-16.286,-14.418,-8.764
-24.94,-13.188,-9.984
-28.383,-13.135,-7.161
-25.73,-4.692,-4.811
-25.359,-1.45,-2.364
-24.507,1.931,-5.407
-21.217,2.778,-4.792
-16.762,4.883,5.491
-17.109,2.754,8.903
-20.406,5.637,8.518
-16.669,-4.888,0.88
-22.694,-6.357,1.924
-25.022,-3.383,2.455
-23.868,-9.977,0.378
-24.629,-2.201,-1.641
-18.471,-5.912,-2.9
-21.28,-7.41,-3.405
-15.159,3.464,0.282
-17.612,-7.407,-4.017
-13.14,-5.668,-6.032
-7.991,-5.924,-1.402
-11.03,1.526,0.809
-13.434,-3.065,0.95
-12.389,-1.548,1.9
-11.743,3.149,-2.153
-10.618,7.678,-0.316
-5.711,9.013,-1.73
-4.917,9.001,-0.562
-8.307,6.651,0.967
-8.683,5.996,3.481
-10.003,7.051,3.929
-8.625,3.347,-0.158
-8.867,3.249,1.979
-8.587,5.144,2.531
-9.109,8.415,3.359
-6.565,7.465,-0.043
-4.981,5.395,-0.416
-5.218,5.158,1.263
-6.264,5.814,3.096
-6.604,5.118,2.292
-5.852,4.338,0.914
-4.957,4.572,0.12
-3.534,5.111,0.813
-4.012,3.543,1.732
-5.728,1.983,3.326
-8.482,2.759,3.156
-8.987,3.18,1.096
-7.427,3.598,0.653
-6.261,4.78,1.141
0.735,-0.455,-0.163
-2.728,3.397,3.369
-2.854,2.55,4.603
-3.878,2.184,4.197
-5.548,2.493,2.39
-6.632,2.247,3.429
-9.137,-2.766,7.034
-10.171,0.512,9.867
-9.939,0.991,7.534
-8.056,2.51,6.498
-7.118,2.132,5.297
-8.853,1.555,5.912
-9.783,0.713,5.012
-9.8,1.101,1.818
-9.046,2.22,0.412
-7.197,1.613,9.305
-14.611,-10.317,26.713
-4.867,-2.395,16.004
-6.769,5.812,10.221
0.328,3.948,4.221
0.093,-4.137,7.824
0.699,-3.464,10.613
2.35,-5.699,12.944
-1.381,-7.52,12.889
-7.159,-2.725,9.054
5.056,-0.751,9.444
2.347,1.019,10.767
-2.347,-3.242,8.305
-7.171,-4.13,8.58
-4.895,-3.845,9.214
0.61,-4.668,8.934
-0.806,-5.453,10.147
-0.476,-2.534,8.269
-0.024,-3.527,10.477
0.514,-4.053,9.228
0.172,-3.936,8.19
0.869,-4.699,8.207
0.706,-4.481,6.199
0.828,-4.046,4.945
0.404,-5.821,6.34
0.531,-5.764,6.785
1.771,-3.902,7.355
0.349,-2.816,8.518
0.426,-1.967,7.532
-0.761,-4.673,7.271
-0.859,-4.465,7.032
-0.412,-3.874,8.939
-0.955,-2.448,8.486
-1.802,-4.412,10.113
-0.904,-4.716,8.018
-0.897,-3.043,7.776
-0.469,-1.785,8.075
-3.125,-2.524,9.073
-4.955,-2.034,9.848
-5.912,-2.759,10.219
-5.62,-1.113,9.831
-4.563,-1.938,10.353
-4.699,-3.419,7.506
-2.728,-1.459,10.307
-5.513,-1.249,7.338
-7.108,-3.773,5.615
-7.252,-2.412,5.417
-7.984,-1.01,3.082
-7.118,-0.373,2.206
-9.027,-6.692,-0.916
-13.678,-7.458,-3.371
-22.332,-8.644,-7.915
-31.726,-14.042,-10.539
-33.561,-19.794,-6.907
-28.744,-11.319,-1.979
-25.416,4.039,0.392
-19.753,7.099,-4.713
-7.151,8.436,-2.929
-10.831,-2.505,4.539
-15.391,-7.625,8.185
-29.957,-7.735,5.134
-16.624,-13.377,3.697
-31.111,-9.649,2.024
-18.131,-4.182,3.773
-18.208,-9.922,1.11
-19.7,-5.776,-0.187
-15.705,-2.629,-2.237
-18.487,-8.209,-1.555
-14.085,-3.24,0.383
-10.049,2.256,-2.72
-9.465,1.364,-1.058
-10.915,3.496,-1.517
-9.707,1.483,1.101
-8.652,6.01,2.158
-9.42,6.56,3.218
-8.608,5.398,1.443
-8.075,8.587,1.122
-7.307,13.992,2.043
-6.477,12.087,0.419
-7.604,7.113,2.811
-7.522,4.785,2.029
-11.066,-3.642,6.438
-15.334,-5.151,5.06
-13.075,-3.902,7.218
-12.097,-2.507,7.671
-12.518,-3.933,6.613
-14.576,-6.383,5.627
-16.191,-3.687,6.261
-11.824,-0.17,4.398
-6.692,0.462,2.534
1.328,-3.371,7.12
-12.109,-1.041,4.661
-9.97,0.215,0.761
-3.632,2.866,1.297
-4.278,2.541,2.003
-5.063,-0.895,1.916
1.44,-0.062,-0.127
-8.046,0.565,-0.421
-7.087,-0.806,-2.443
-5.218,-3.213,2.16
-11.391,-2.519,1.455
-15.595,-2.249,2.938
-14.08,-0.01,5.362
-10.594,2.146,5.534
-8.168,4.046,5.838
-8.293,3.082,7.029
-8.91,1.727,5.178
-13.492,-0.715,4.627
-13.248,-3.706,6.51
-15.892,2.213,3.388
-17.901,-16.554,27.79
-13.803,-3.759,9.044
-1.268,3.335,5.919
2.785,-1.192,6.728
2.445,-0.043,6.663
3.771,-5.295,5.079
2.326,-5.498,7.584
-0.033,-8.697,10.424
-0.629,-7.833,10.389
-0.981,-4.835,12.295
-0.423,-1.029,14.353
1.969,1.596,13.518
7.08,-1.747,8.096
-1.704,-2.677,6.587
-2.101,-5.056,11.381
-0.311,-1.981,7.403
-0.964,-1.715,9.853
-1.579,-4.388,9.908
-2.462,-3.228,8.884
-1.029,-4.508,10.039
-0.914,-3.072,8.68
0.371,-3.809,9.006
0.761,-3.548,7.285
0.311,-3.809,5.864
-1.766,-4.618,8.037
-0.854,-3.271,7.797
-1.005,-3.933,7.434
-2.027,-4.462,7.044
-2.859,-4.067,8.329
-3.323,-2.869,8.606
-3.278,-3.247,9.054
-2.835,-2.017,7.896
-2.412,-4.058,7.797
-2.364,-1.804,8.156
-4.599,-1.282,9.183
-5.156,-0.11,8.202
-6.467,-2.113,10.104
-6.52,-1.988,9.054
-5.678,-0.048,9.314
-8.958,0.94,9.116
-8.403,-1.804,7.996
-11.082,-1.993,6.577
-8.161,-1.122,5.304
-7.278,-1.672,2.529
-8.443,-2.163,-1.881
-10.058,-6.747,-8.699
-14.274,-14.028,-15.49
-28.78,-19.985,-13.788
-43.272,-16.511,-9.259
-38.446,-3.677,-1.244
-31.108,3.094,-0.215
-20.09,15.832,-2.555
-13.008,12.745,-2.393
-7.793,-4.142,-3.275
-14.195,-5.096,7.008
-21.899,-10.185,8.924
-27.56,-5.981,1.845
-26.845,-2.711,-2.61
-18.672,-3.295,8.802
-21.057,-13.212,4.788
-25.902,1.809,0.679
-15.741,-6.718,-0.397
-21.406,-11.535,-6.032
-16.499,0.038,0.706
-12.322,-2.4,0.435
-15.162,-3.651,-1.51
-11.527,-1.653,-2.536
-13.628,-1.058,0.278
-10.401,1.639,1.464
-12.776,0.682,1.629
-10.757,-0.132,1.773
-8.58,6.644,3.261
-5.271,6.118,1.589
-4.654,8.553,-1.718
-8.943,5.881,2.785
-13.097,4.962,4.06
-13.097,1.62,2.964
-10.843,5.989,3.201
-8.661,6.991,2.696
-9.001,3.572,1.598
-8.441,3.764,-0.366
-8.037,7.144,2.426
-8.616,8.817,4.551
-6.915,8.171,2.251
-5.85,6.204,1.775
-7.228,2.682,2.431
-8.561,2.711,2.091
-8.948,1.739,1.026
-7.223,0.892,0.349
-6.821,-0.421,-0.285
-7.35,-0.108,-0.672
-8.13,1.476,-0.644
1.261,0.108,-6.431
-6.927,2.902,-1.419
-5.914,7.065,-0.23
-5.173,8.209,1.029
-2.376,8.075,12.123
-5.596,7.522,6.13
-5.541,2.285,6.034
-6.017,2.038,4.065
-8.041,0.081,5.108
-10.798,-1.737,7.422
-14.104,-0.656,7.522
-6.699,0.38,7.829
-10.657,4.62,8.223
-6.599,7.235,5.46
-6.766,7.972,4.17
-6.79,4.154,1.17
-6.876,-4.23,7.111
-12.406,-11.152,26.065
-2.859,6.661,10.695
-2.696,3.185,3.735
2.967,-2.871,3.204
-0.156,-5.201,8.757
1.852,-1.639,13.006
0.098,-4.608,10.228
2.062,-6.927,11.604
2.294,-6.005,11.609
-0.282,-2.641,10.121
-1.727,-1.782,12.039
-1.522,-1.696,16.463
1.644,0.136,7.51
-1.924,-1.397,10.13
-0.668,-3.412,11.42
-0.069,-0.935,8.285
-0.909,-0.203,6.23
0.275,-1.225,7.671
-1.067,-4.919,8.053
0.356,-3.015,8.924
0.902,-4.453,7.245
0.136,-2.773,6.587
0.27,-2.433,7.943
-2.871,-1.455,8.455
-3.685,-3.51,9.487
-0.352,-1.491,7.319
-1.694,-1.852,11.458
-1.101,0.507,9.039
-0.62,-1.699,9.656
-2.239,-2.053,8.764
-4.852,-1.809,6.515
-3.319,-0.689,8.616
-6.233,0.112,9.159
-6.534,1.873,8.393
-3.838,4.835,9.57
-6.977,1.792,7.63
-7.558,4.335,7.759
-9.551,0.912,8.123
-7.393,0.431,8.302
-7.752,0.591,7.805
-8.64,1.005,9.142
-7.73,1.074,9.676
-8.345,-0.634,6.694
-10.405,-3.929,7.106
-12.377,-2.244,5.386
-6.072,-4.637,-4.146
-16.25,-11.317,-2.806
-16.944,-15.334,-11.944
-26.876,-20.038,-12.224
-32.269,-9.771,-8.106
-33.168,-0.431,-3.457
-30.599,6.994,1.34
-14.844,13.575,-2.72
-17.356,2.658,-7.919
-12.769,-0.778,2.01
-13.707,2.275,6.269
-18.562,9.609,13.516
-21.871,-9.42,2.809
-17.502,2.668,2.905
-29.405,-10.171,-0.285
-23.402,-9.436,-2.0
-24.766,-5.051,1.263
-22.088,1.62,2.696
-18.71,-3.572,-4.383
-18.138,-6.924,-2.684
-14.568,2.18,-2.359
-11.96,-3.701,-2.134
-15.248,1.768,-1.593
-8.563,-4.881,0.361
-12.528,-0.06,3.694
-10.097,6.364,4.84
-4.747,5.821,0.976
-3.74,6.871,0.469
-8.984,1.352,2.5
-8.891,6.467,2.153
-8.3,7.276,4.151
-7.797,6.661,2.491
-9.254,4.62,3.515
-8.345,7.979,1.675
-7.118,5.922,0.902
-8.977,4.814,2.149
-9.563,7.156,2.335
-8.003,7.541,1.129
-6.606,5.292,0.464
-7.204,3.988,0.689
-7.068,8.281,1.333
-5.862,9.709,2.338
-4.527,6.587,0.88
-4.144,3.388,-1.225
-3.965,3.307,-2.417
-3.577,4.328,-1.113
-4.146,4.572,1.086
-5.618,5.23,1.605
-7.029,4.85,1.28
-6.998,4.85,0.481
-7.546,4.84,0.089
-9.85,6.29,3.472
-7.527,5.297,3.842
-0.79,2.017,-0.263
-3.319,-2.237,4.285
-6.915,-0.67,5.706
-8.532,-1.814,4.189
-11.877,-0.861,4.979
-9.613,1.141,5.4
-9.388,1.352,7.687
-8.597,0.39,7.917
-8.675,2.51,4.953
-10.073,5.044,3.311
-10.046,3.797,2.541
-9.41,-2.969,6.618
-9.589,-15.006,28.357
-5.517,0.88,3.378
-9.757,13.14,6.996
-5.036,-4.23,-2.426
2.917,-4.989,5.95
-0.203,-3.031,10.269
2.493,-7.998,9.855
5.453,-9.039,10.161
5.039,-4.689,10.314
1.431,-2.318,15.681
0.093,-1.55,13.86
0.38,-0.909,12.673
-6.02,-4.5,29.68
-4.357,-5.864,12.111
-1.538,-6.525,8.922
1.895,-3.835,8.149
0.347,-1.62,11.609
-1.189,-2.998,11.283
-0.301,-3.263,8.826
-0.024,-5.536,8.053
1.519,-5.501,6.766
3.39,-3.364,7.63
-0.153,-3.452,8.53
-0.601,-3.342,9.388
0.364,-3.625,9.738
-1.012,-4.723,9.802
-1.397,-3.321,8.431
-1.428,-5.426,8.592
1.031,-5.529,6.907
-0.804,-5.955,6.895
0.323,-3.426,7.754
-1.33,-2.878,7.735
-2.003,-3.536,8.654
-2.443,-3.692,7.415
-3.027,-4.082,8.223
-4.043,-3.01,7.601
-4.067,-2.828,7.544
-4.357,-4.024,7.321
-3.713,-2.515,6.977
-5.769,-1.55,8.044
-8.896,-1.323,5.39
-6.077,-1.589,7.424
-6.381,0.05,6.577
-6.52,0.802,5.637
-5.967,0.194,4.165
-10.391,-0.833,2.565
-13.052,-1.878,-0.354
-16.241,-4.567,-1.495
-19.789,-6.486,-6.443
-23.84,-12.173,-9.64
-26.431,-16.77,-9.054
-30.024,-12.276,-5.876
-24.89,-8.544,-4.764
-27.869,-2.967,-5.335
-18.342,-0.014,-8.307
-10.346,-2.606,0.689
-11.24,-1.352,12.025
-12.75,6.23,8.841
-19.961,-9.025,10.903
-18.227,-10.044,7.302
-26.259,-7.642,0.165
-19.306,-9.4,3.819
-22.385,-12.492,2.699
-30.752,-2.94,1.694
-17.205,-5.804,3.141
-17.239,-7.807,0.388
-13.217,0.691,2.227
-13.975,-3.084,-2.629
-11.492,-0.885,-4.103
-11.666,-1.668,-2.311
-10.245,0.115,0.775
-8.175,3.905,1.809
-8.053,2.699,0.514
-9.302,5.192,4.216
-8.168,6.199,1.957
-8.252,4.352,-0.096
-7.116,6.223,0.952
-6.843,9.532,3.036
-6.687,9.465,3.481
-9.656,5.568,5.486
-10.692,3.692,4.197
-11.133,1.199,4.4
-11.456,3.345,6.852
-11.248,4.694,9.956
-10.712,3.79,10.506
-10.874,3.034,9.312
-10.537,4.515,6.867
-10.264,4.685,4.448
-9.118,4.103,2.586
-7.742,3.17,0.498
-6.814,1.9,-0.866
-5.706,2.378,-1.337
-4.472,3.575,-1.83
-4.443,3.998,-1.189
-4.316,4.366,0.258
-4.386,5.871,0.524
-3.625,6.34,1.007
-1.325,4.165,1.474
-3.831,3.744,2.893
-6.73,2.725,3.163
-4.754,4.493,3.764
-5.723,3.455,4.371
-6.503,2.897,3.043
-8.809,-0.543,6.192
-9.618,0.88,6.548
-9.611,2.132,4.902
-9.195,2.165,6.532
-8.451,2.127,9.137
-6.852,3.364,4.376
-9.374,-0.763,3.524
-13.133,-12.406,14.667
-10.884,-11.149,21.538
-12.324,-1.165,17.502
-5.111,10.439,9.814
-2.007,-1.505,10.575
3.589,-1.847,11.011
-2.555,1.725,12.511
-7.407,2.598,15.36
0.976,-1.866,10.235
1.357,-2.299,10.252
3.213,-4.192,8.762
-0.684,-2.302,10.771
-0.663,-1.823,10.604
1.462,-1.754,9.953
3.156,-4.718,8.965
0.658,-4.895,9.678
-0.352,-4.548,10.355
-1.182,-4.752,11.25
-0.16,-1.732,10.963
0.033,-1.998,11.123
-0.203,-2.689,10.793
0.1,-3.201,9.807
0.646,-3.228,9.006
1.467,-2.763,9.994
0.77,-1.421,10.525
0.002,-1.309,10.913
0.225,-2.646,9.848
0.311,-3.476,9.408
1.603,-1.282,11.865
0.148,-1.648,11.783
0.22,-2.048,11.374
2.376,-1.464,10.25
2.338,-1.335,10.039
0.189,-2.259,7.642
-0.957,-4.405,7.228
-1.381,-2.687,12.657
-5.321,-3.974,6.651
-8.707,-7.094,6.632
-0.318,3.716,4.859
10.154,12.633,8.412
5.826,5.39,7.448
5.343,3.759,12.461
6.285,-3.608,14.365
5.015,-9.42,8.183
6.907,-1.61,10.075
3.24,3.28,9.068
1.058,0.0,7.281
1.907,0.546,7.23
3.448,0.818,9.039
4.852,-3.101,9.049
4.046,-2.426,8.922
3.457,-0.467,9.094
1.933,-0.055,9.532
1.897,-0.603,9.972
4.17,-0.514,8.75
3.67,1.218,9.946
3.0,-0.476,9.786
3.141,0.445,10.113
1.206,2.065,10.645
2.55,0.859,8.879
1.615,0.16,8.709
2.445,1.541,9.831
2.893,2.512,10.472
2.94,0.196,9.386
1.665,-0.275,9.152
2.151,0.73,9.221
1.644,0.522,9.532
2.134,0.866,11.104
2.388,0.931,11.334
3.986,3.153,7.896
1.73,1.328,11.771
2.747,1.694,10.891
1.488,-0.17,11.137
1.177,1.208,12.707
1.962,2.321,13.702
1.663,2.414,13.499
2.488,2.378,12.049
3.041,2.629,12.111
3.799,2.366,11.877
2.883,4.058,10.86
1.991,1.955,11.518
2.115,4.084,14.442
9.432,5.869,12.985
-0.294,2.034,9.109
2.795,0.969,7.963
4.027,0.809,8.455
3.503,1.823,8.977
4.845,0.775,8.498
4.182,0.797,8.352
4.912,0.926,8.451
4.888,1.625,7.943
4.85,2.211,6.934
4.307,2.07,6.3
4.933,1.141,6.173
4.926,0.546,6.871
4.651,0.469,7.111
3.766,0.175,6.955
2.972,-1.481,7.723
3.034,-0.651,9.185
2.802,-0.206,9.362
2.115,-0.182,8.599
2.519,1.158,8.465
3.842,1.335,8.558
3.476,0.761,9.049
2.641,-1.302,9.51
2.108,-0.959,9.475
2.577,-2.132,8.228
4.008,-2.0,7.876
4.359,-1.491,7.608
3.9,-1.852,7.458
4.034,-1.993,7.056
4.185,-2.101,7.3
4.067,-1.646,7.754
3.613,-1.089,8.161
3.414,-0.237,8.434
2.964,-0.218,8.197
3.015,1.261,8.475
3.182,1.249,8.702
3.417,1.881,8.57
2.9,0.773,8.049
2.445,-0.524,7.972
2.838,-0.751,9.049
3.433,0.175,9.544
3.029,0.318,9.709
2.809,0.232,9.755
3.304,1.443,10.178
4.249,1.536,9.822
4.027,1.483,9.319
3.491,0.507,8.152
3.326,-0.27,7.364
3.833,-0.572,8.223
3.768,0.05,9.314
2.663,-0.096,9.298
2.488,-0.754,8.422
3.151,-0.043,8.455
3.524,-0.053,9.453
2.62,-0.526,9.702
1.05,-1.371,9.47
0.426,-2.003,8.589
0.603,-1.471,8.274
1.029,-0.232,8.908
1.601,0.962,10.322
2.227,1.012,12.86
1.883,-1.68,14.315
0.914,-3.443,13.078
0.12,-3.421,12.212
0.878,0.474,13.324
2.565,2.823,12.293
2.778,2.998,10.489
3.335,2.661,8.556
4.307,2.115,7.838
5.35,2.51,7.986
4.878,0.957,7.819
4.017,-1.146,7.948
3.366,-2.754,7.338
2.955,-3.479,6.352
2.864,-4.156,6.785
2.11,-3.816,8.027
1.732,-2.814,8.829
0.56,-2.007,9.07
-1.845,-1.629,8.391
-2.55,-1.33,7.97
-2.242,-1.794,7.898
-2.077,-1.739,8.075
-3.062,-1.701,8.257
-3.048,0.541,7.891
-2.156,1.785,6.431
-1.11,3.268,6.173
-0.677,13.508,16.616
-4.572,3.503,15.882
-12.2,-28.847,13.968
4.711,0.687,11.434
0.232,-5.211,6.383
2.589,-6.333,5.589
3.452,-6.855,7.616
1.861,-7.027,9.798
1.869,-6.07,11.563
0.823,-3.149,10.324
0.103,-1.799,8.987
-1.488,0.007,9.771
-2.117,-0.581,9.719
-1.392,0.33,10.209
-1.359,-0.033,9.432
-1.251,-2.373,8.494
-0.732,-1.962,9.927
-0.211,-1.201,11.116
0.112,-2.206,10.013
0.407,-2.309,9.676
0.249,-1.28,10.341
0.256,-1.345,9.79
-0.074,0.093,10.046
0.703,2.038,10.439
1.18,1.864,9.867
1.163,2.314,9.527
0.663,1.881,9.331
0.306,2.428,9.436
0.316,2.567,9.69
0.17,3.003,9.788
-0.878,2.259,9.723
-0.691,1.115,9.008
-0.634,0.895,9.302
-0.356,2.376,10.145
-0.536,3.244,10.487
-0.462,3.912,10.015
0.622,1.986,7.989
-0.342,1.223,6.893
-1.945,2.311,8.498
-1.974,4.268,10.068
-1.345,4.259,10.886
2.314,1.782,11.903
5.166,0.83,10.628
2.445,1.392,10.264
2.826,2.464,9.216
1.854,2.929,9.379
1.146,2.318,9.719
-0.548,1.381,9.896
-1.591,1.598,10.02
-0.282,2.144,9.728
-0.443,2.424,9.353
-0.526,2.713,9.29
0.12,2.443,8.965
0.828,2.445,9.245
0.62,2.584,9.922
0.62,2.996,10.185
0.778,2.019,9.819
0.041,2.168,9.544
0.553,1.105,9.587
-0.689,1.909,10.152
-0.754,2.213,10.269
-0.182,1.921,9.953
-0.153,0.991,9.326
0.749,1.759,9.594
0.371,2.756,9.664
0.347,2.426,9.479
0.632,1.558,9.4
0.598,1.524,9.778
0.115,1.392,9.879
-0.153,1.782,9.848
-0.098,1.761,9.786
0.534,2.771,9.814
0.28,2.756,9.563
0.615,2.072,9.144
0.713,2.476,9.491
0.05,2.139,9.836
-0.199,2.311,9.448
-0.22,2.589,10.085
0.122,1.629,9.329
-0.318,1.349,9.628
-0.215,1.311,10.082
-0.225,1.9,10.527
0.447,1.926,10.023
0.476,1.242,9.336
-0.201,1.902,9.666
0.026,2.194,9.597
0.648,2.395,9.707
0.223,2.881,9.642
0.431,2.333,8.192
0.048,2.165,9.348
-0.242,1.926,9.743
1.053,2.448,9.379
-0.943,4.295,9.678
0.782,3.68,8.723
-0.297,2.818,8.903
0.033,3.4,9.152
0.51,4.07,9.458
0.421,3.5,9.46
-0.869,-2.0,8.486
1.515,3.699,8.778
0.368,3.35,8.788
-0.282,4.115,9.243
0.246,3.831,9.185
-0.278,5.673,9.302
-0.56,3.484,8.475
0.34,4.828,8.831
0.199,3.524,8.623
0.562,4.247,8.939
0.069,4.634,9.355
0.337,3.996,8.917
0.608,3.575,8.747
-0.254,3.211,9.046
0.469,3.742,9.264
0.433,4.11,9.558
0.488,3.759,9.408
0.266,3.235,9.159
0.292,2.871,9.106
-0.1,2.888,9.422
0.333,3.22,9.513
0.153,3.328,9.503
0.246,3.17,9.412
0.17,2.9,9.18
-0.089,3.098,9.386
0.266,3.151,9.391
0.39,3.45,9.534
0.33,3.208,9.458
0.215,3.098,9.326
0.16,3.737,9.336
0.191,3.833,9.333
0.383,3.371,9.259
0.409,3.022,9.283
0.361,3.175,9.293
0.122,3.252,9.271
-0.273,3.383,9.429
0.031,3.283,9.367
0.156,3.28,9.319
0.404,3.395,9.384
0.167,3.156,9.499
0.026,3.11,9.379
0.057,3.146,9.214
0.112,3.424,9.326
0.254,3.118,9.444
0.299,3.182,9.448
-0.084,3.204,9.29
0.383,3.129,9.329
-0.065,3.127,9.479
0.538,3.079,9.221
0.342,3.185,9.216
0.184,2.967,9.252
-0.12,3.007,9.63
0.129,3.041,9.733
-0.069,3.139,9.47
0.067,3.106,9.374
0.079,3.065,9.338
0.127,3.314,9.338
0.036,3.39,9.173
0.098,3.457,9.25
0.268,3.474,9.427
-0.098,3.675,9.372
-0.208,3.979,8.939
-0.031,3.536,9.298
0.792,2.596,8.975
-1.101,1.158,9.556
1.189,1.952,8.202
0.502,2.847,9.606
0.053,2.658,9.767
0.026,2.713,9.566
0.292,2.665,9.427
0.089,2.649,9.455
0.043,3.077,9.522
0.201,3.182,9.415
0.156,3.237,9.329
0.026,3.259,9.408
0.0,3.464,9.415
0.148,3.261,9.259
0.249,3.481,9.254
0.309,3.512,9.396
0.208,2.639,9.307
0.144,3.034,9.439
-0.062,2.885,9.592
0.0,2.94,9.716
0.184,2.917,9.458
0.254,2.845,9.231
0.108,3.07,9.446
0.041,3.211,9.422
0.041,3.101,9.365
0.187,3.381,9.417
0.196,3.426,9.384
0.019,2.998,9.484
0.167,2.976,9.357
0.179,2.89,9.362
0.084,2.996,9.554
0.079,2.974,9.554
0.132,2.696,9.455
0.167,2.888,9.489
0.127,2.862,9.577
0.112,2.783,9.432
0.026,2.833,9.439
0.103,2.785,9.57
0.151,3.015,9.556
0.187,3.058,9.432
0.191,3.12,9.453
0.148,3.019,9.429
0.134,3.048,9.377
0.136,3.211,9.379
0.151,3.015,9.4
0.072,3.23,9.446
0.096,3.039,9.386
0.086,3.149,9.448
0.194,3.091,9.432
0.112,2.835,9.472
0.136,2.649,9.465
0.089,2.845,9.568
0.053,2.85,9.561
0.103,2.718,9.451
0.177,2.756,9.427
0.141,3.118,9.575
0.065,3.194,9.542
0.072,3.156,9.396
0.012,3.029,9.264
0.093,2.979,9.278
0.079,3.228,9.499
0.17,3.319,9.518
0.282,3.077,9.377
0.345,2.952,9.264
0.136,2.95,9.415
0.112,3.089,9.57
0.12,3.165,9.53
0.091,3.096,9.338
0.115,2.895,9.257
0.249,3.036,9.343
-0.096,2.969,9.475
0.06,3.11,9.527
0.115,2.962,9.321
0.005,2.555,9.561
0.211,2.527,9.592
0.069,2.493,9.534
0.146,2.67,9.659
0.069,2.677,9.692
0.208,2.596,9.563
0.163,2.656,9.506
0.022,2.713,9.446
0.022,2.967,9.561
-0.093,3.11,9.623
0.081,2.854,9.479
0.148,3.132,9.427
-0.041,2.67,9.336
0.218,2.897,9.479
-0.048,2.859,9.57
0.373,2.704,9.496
0.189,2.505,9.467
0.134,2.503,9.668
0.29,2.402,9.609
0.122,2.156,9.664
0.218,2.225,9.711
0.057,2.153,9.714
0.167,2.273,9.685
0.127,2.223,9.747
0.031,2.151,9.731
-0.038,2.261,9.688
0.041,2.393,9.735
0.115,2.44,9.573
0.148,2.586,9.494
0.596,1.723,9.35
1.014,2.113,7.857
-0.469,2.361,10.104
-0.194,3.627,10.558
0.601,3.108,9.537
-0.048,3.003,9.556
-0.519,2.517,9.025
-0.089,2.871,9.24
0.148,2.986,9.36
0.498,2.385,9.616
-0.366,2.503,9.673
0.129,2.213,9.666
0.019,1.926,9.886
0.548,1.713,9.903
0.175,1.68,9.75
-0.464,1.376,9.568
-0.1,1.967,9.932
0.067,2.55,9.967
0.1,2.696,9.857
0.031,2.029,10.066
-0.06,1.651,9.554
0.1,1.857,9.829
-0.033,1.215,9.92
-0.136,1.163,10.039
0.089,0.78,9.896
0.316,1.065,9.9
0.335,1.321,9.903
0.646,1.385,9.92
0.426,1.737,9.884
0.055,1.67,9.848
0.086,1.931,9.652
-0.041,2.101,9.465
0.053,2.244,9.63
0.16,2.113,9.561
-0.005,2.22,9.745
0.024,2.06,9.836
0.153,1.84,9.671
0.213,1.663,9.719
0.117,1.407,9.611
1.11,0.38,9.388
-0.644,1.05,9.956
-0.189,1.627,10.281
0.191,2.342,10.018
1.273,0.074,9.738
-0.565,1.373,9.582
-1.285,1.641,9.778
0.579,1.036,9.231
-0.258,1.392,10.173
-0.567,0.761,10.171
1.818,1.244,9.563
1.18,1.687,9.881
0.988,2.345,9.525
1.467,1.215,8.207
0.036,1.096,8.958
-0.541,1.357,9.745
0.778,2.046,9.106
0.304,1.995,9.613
-0.775,1.273,9.802
1.254,1.014,9.532
0.431,1.345,10.168
-0.699,1.507,10.204
0.931,1.644,9.233
-0.378,1.036,9.539
-0.828,1.158,9.68
0.668,1.507,9.92
0.548,1.254,9.697
-0.036,1.818,9.896
0.28,1.44,9.685
0.012,1.091,9.867
-0.237,1.125,9.953
0.12,0.763,9.403
0.213,1.615,9.817
0.299,1.376,9.817
-0.127,0.869,9.711
-0.304,0.584,9.75
-0.701,0.581,9.908
0.081,1.591,10.719
-0.029,0.921,9.855
0.141,1.515,10.396
0.371,1.771,9.865
0.158,1.436,9.905
-0.653,1.273,9.965
-0.038,0.677,9.723
0.634,0.744,9.51
-0.105,1.445,10.008
-0.395,1.515,9.867
-0.471,1.17,9.841
-0.287,1.002,9.838
1.223,1.158,9.743
0.512,1.318,10.173
0.443,1.108,9.867
-0.196,0.778,9.625
-1.436,0.557,9.448
0.632,1.294,9.922
0.871,0.833,9.886
-0.239,1.038,10.087
0.809,0.79,9.889
0.756,0.756,10.24
0.902,0.474,9.929
1.22,0.737,9.429
0.895,1.912,9.604
-0.084,1.969,10.068
-1.036,1.507,9.783
-1.058,1.024,9.405
-0.775,1.309,9.881
-0.244,2.385,10.52
0.268,0.95,9.204
0.349,1.821,9.606
0.184,1.244,9.817
0.194,1.168,9.975
-0.225,0.919,10.018
-0.091,1.211,9.853
-0.158,0.974,9.814
-0.239,1.136,9.912
-0.196,0.924,9.872
-0.024,1.373,9.623
-0.022,1.352,9.896
0.019,1.005,9.807
-0.388,0.902,9.917
-0.234,0.938,9.824
-0.423,0.971,9.934
-0.29,0.969,9.903
-0.261,0.744,9.996
-0.127,1.084,10.14
0.388,1.893,9.857
0.725,1.136,9.312
-0.388,0.397,9.324
0.402,0.947,9.822
-0.191,0.983,10.063
0.067,1.184,10.099
0.129,0.94,9.881
-0.098,1.144,9.68
0.156,1.773,10.039
0.074,0.981,9.156
1.223,-0.05,9.692
-0.493,0.278,10.322
0.069,1.01,10.149
0.225,1.412,9.927
0.1,1.29,9.786
0.074,1.024,9.58
0.127,1.359,9.807
0.022,1.534,9.889
0.122,1.486,9.946
0.091,1.287,9.841
0.043,0.969,9.886
0.098,1.091,9.884
0.148,0.995,9.86
0.117,1.125,9.972
0.093,1.06,9.807
-0.407,1.06,9.752
1.048,0.754,9.58
-0.318,1.096,10.207
-0.002,1.304,10.171
-0.139,1.235,9.723
0.244,1.852,9.841
0.057,1.39,9.793
-0.232,1.247,9.788
-1.629,1.412,9.903
-0.017,0.675,9.216
-0.282,0.809,9.86
-0.416,1.648,10.305
0.73,1.524,10.283
-0.385,0.967,9.767
0.182,1.223,9.518
-0.412,1.263,9.79
-0.325,0.909,9.867
0.033,1.354,9.953
-1.165,0.804,10.08
-0.806,0.567,9.996
-0.502,0.761,9.898
0.01,0.763,9.908
0.199,0.892,9.891
-0.17,0.73,9.905
-1.22,1.44,10.233
-2.005,1.038,10.02
-0.816,1.519,9.841
-0.569,1.117,9.893
-1.206,2.153,9.752
-0.596,1.404,9.396
-0.596,1.689,9.69
-1.038,1.706,9.865
-1.285,1.325,9.683
1.012,1.711,9.611
-0.61,1.345,9.228
-0.811,1.263,9.53
-0.495,2.165,9.912
-0.579,1.232,9.886
1.278,1.507,8.826
-0.33,1.739,9.508
-0.132,1.596,10.283
-0.182,1.007,10.396
-1.723,0.921,10.606
-0.182,1.457,9.707
-0.081,1.924,9.764
-0.864,1.665,10.025
-1.163,1.096,10.042
-0.239,1.383,9.683
-0.263,1.22,9.47
-0.579,0.816,9.996
-0.227,1.842,10.377
-0.053,1.766,9.881
0.254,1.916,9.676
-0.347,1.969,9.628
0.196,2.175,9.484
-0.141,2.019,9.644
-0.423,1.849,9.975
-0.658,1.141,9.908
0.301,1.206,9.594
-0.835,0.931,9.666
-0.718,1.476,10.058
-0.388,1.376,9.577
-0.206,1.469,9.982
-0.167,1.546,9.68
-0.187,1.782,9.831
-0.699,1.744,10.171
-0.395,1.208,9.484
-0.699,1.888,10.068
-0.907,1.692,9.884
-0.218,1.694,9.604
-0.17,1.56,9.566
-0.385,1.931,10.056
-0.787,1.668,10.039
-0.313,1.385,9.707
-0.158,0.981,9.446
-0.574,1.376,9.704
-0.632,1.141,9.711
-0.366,2.082,9.534
0.598,1.187,10.154
-1.388,0.519,9.972
-0.335,1.488,9.767
-0.701,1.768,9.889
-1.065,0.924,9.518
-0.89,1.024,9.874
-0.395,0.505,9.633
0.211,-0.569,9.235
1.139,0.311,9.999
-0.172,0.089,9.922
-0.086,0.11,9.886
0.208,0.469,9.951
0.019,0.88,10.08
-0.225,1.208,9.924
-0.045,1.361,9.731
0.275,1.378,9.714
0.227,1.117,9.783
-0.139,0.758,9.965
-0.285,0.78,10.113
-0.053,0.785,9.989
-0.809,1.644,10.006
2.606,0.354,9.233
-1.57,1.314,10.116
0.919,1.261,9.826
4.539,5.828,9.587
-2.665,-0.196,9.233
-1.555,0.694,10.42
1.168,1.12,9.908
-1.854,0.266,9.872
2.048,0.608,9.723
0.684,0.799,10.47
-2.742,-0.148,9.587
-0.23,0.199,8.853
-0.653,0.83,9.881
-1.177,0.864,9.688
1.778,1.058,9.551
0.589,1.084,9.788
-1.041,0.672,9.707
0.651,0.431,9.999
0.177,-0.349,9.922
-0.139,-0.634,9.92
-0.077,-0.278,10.403
0.309,0.12,10.066
0.821,-0.141,9.927
-0.404,-0.014,9.872
0.548,0.266,9.965
0.993,0.653,9.967
0.249,0.301,9.125
-0.629,-0.041,9.941
0.632,0.421,9.082
-0.435,0.223,9.867
0.514,0.395,9.802
0.423,0.498,10.477
-0.299,-0.05,10.604
0.383,0.323,9.994
7.479,-3.364,-1.28
2.096,1.809,6.776
-0.28,0.763,10.386
-0.273,0.237,9.896
-1.036,-0.081,10.771
0.541,-0.199,10.494
2.534,-0.55,9.161
1.182,0.055,9.195
1.029,0.311,9.271
0.335,0.871,10.549
1.239,0.419,9.893
1.187,0.177,9.589
-0.38,0.986,9.977
1.101,0.644,9.647
1.625,0.081,9.599
2.177,-0.297,9.482
1.227,-0.34,10.173
-1.876,0.074,11.305
-3.206,0.273,10.683
-1.737,-0.464,9.857
-0.041,0.414,8.285
-4.493,0.749,11.233
-2.347,0.146,7.515
3.443,3.118,10.054
-1.445,0.349,10.046
0.775,0.914,9.944
-0.577,-0.01,9.709
0.476,0.187,9.721
0.062,0.175,10.001
0.007,0.254,10.135
0.148,0.127,9.984
0.225,0.194,9.836
0.038,0.254,9.886
-0.077,0.292,9.987
0.031,0.426,10.092
0.167,0.4,9.891
0.201,0.371,9.86
0.715,0.132,9.719
-0.591,0.17,10.015
0.534,0.366,9.805
-0.079,0.38,10.097
0.388,0.34,10.097
-0.763,0.258,9.826
1.625,-0.127,9.716
-1.187,0.074,10.415
0.132,0.543,9.944
0.538,0.531,9.877
0.223,0.493,9.812
0.758,1.232,10.109
-0.416,0.254,10.044
-0.572,0.27,10.408
-0.624,0.593,9.551
-0.603,0.804,9.917
0.002,0.514,10.415
-1.321,0.943,10.623
-1.062,0.445,9.518
1.964,1.122,9.455
0.641,-0.938,9.109
-0.735,-0.254,9.908
-0.38,0.227,10.889
-0.065,-0.038,10.082
1.933,-1.27,9.219
0.278,0.557,10.276
-0.163,0.392,10.221
0.4,0.514,9.616
0.199,1.125,10.025
1.656,-0.574,9.393
1.706,-0.127,9.932
0.701,-0.184,10.3
0.534,0.464,10.214
0.842,0.337,9.824
1.146,-0.452,9.319
-1.873,2.778,10.707
0.849,0.833,9.759
1.931,0.084,8.996
1.27,-0.117,8.994
0.916,-0.201,9.881
-0.548,-1.06,10.858
-1.735,-0.945,10.496
4.163,1.378,8.967
-3.316,-1.696,9.743
1.44,-0.1,10.532
-0.012,-0.524,10.149
-2.041,1.352,10.424
2.28,0.861,9.125
-0.05,0.569,9.91
-0.44,0.325,9.989
-0.979,0.328,9.948
0.596,0.567,9.92
0.182,0.407,9.884
0.483,0.148,9.891
0.538,-0.479,9.807
-0.242,-0.041,10.161
0.11,-0.012,10.113
0.455,0.105,9.845
0.309,0.089,9.889
0.196,-0.01,9.788
-0.093,0.017,9.999
-0.103,0.175,10.159
0.091,0.299,9.934
0.199,0.376,9.822
0.335,0.196,9.867
0.184,0.134,9.975
-0.065,0.084,10.14
0.397,0.105,10.066
0.203,-0.091,9.944
0.055,-0.033,9.929
-0.065,0.017,9.924
0.352,0.089,9.862
0.069,0.622,9.898
0.258,1.005,9.896
0.024,0.629,9.817
-0.223,0.249,9.853
0.215,0.237,9.704
0.077,0.529,9.953
0.057,0.445,9.984
0.23,0.033,10.034
0.072,-0.163,10.023
0.634,-0.196,9.958
0.455,-0.306,10.145
-0.069,-0.828,10.013
0.115,-0.421,10.154
0.383,-0.299,10.008
0.151,0.002,10.02
-0.043,0.213,9.953
0.251,0.4,9.831
-0.089,0.495,9.774
-0.019,0.864,9.776
0.215,0.392,9.833
0.12,0.249,10.003
-0.447,0.567,10.066
0.201,0.471,9.833
0.268,0.459,9.908
-0.998,3.158,9.711
1.541,0.957,9.63
-1.017,0.871,10.269
0.536,1.043,9.857
-0.194,0.562,9.865
0.455,0.656,9.979
1.0,0.761,9.979
0.361,0.072,9.793
1.751,-1.711,8.647
-0.548,0.852,10.602
-0.022,0.124,10.57
0.395,0.234,9.845
-0.493,0.828,9.802
0.273,1.029,9.47
-0.06,0.931,9.367
-0.51,1.481,9.551
0.593,1.366,9.671
-0.309,0.967,10.154
1.01,0.409,9.8
0.167,0.904,9.994
1.06,0.266,9.91
1.034,0.467,10.429
0.361,0.459,10.374
0.041,0.462,10.106
0.804,0.29,9.771
0.177,0.474,9.64
0.134,0.641,9.886
0.837,1.089,9.81
-0.584,0.498,10.159
0.995,1.172,9.829
-0.187,0.924,9.857
-0.115,1.084,9.807
-0.388,1.141,9.932
0.019,0.988,9.762
-0.522,1.081,9.848
-0.258,0.278,9.575
-0.309,1.103,9.865
1.22,1.328,10.661
0.294,1.84,9.915
0.347,0.55,9.496
-0.787,1.103,10.604
1.912,-0.739,10.613
0.376,-0.12,9.893
0.05,-0.555,9.889
0.624,0.122,10.19
0.313,0.409,9.965
0.522,0.239,9.771
-0.048,-0.201,9.743
-0.232,0.089,9.915
-0.098,0.457,9.824
-0.28,1.091,10.015
0.29,1.522,9.767
0.507,0.88,10.03
0.67,-0.179,9.656
0.345,-0.792,10.154
0.414,-1.103,10.209
0.089,-0.988,10.109
0.165,-0.122,9.975
0.287,0.574,9.819
0.342,1.369,9.709
0.184,1.402,9.817
-0.191,0.56,9.688
-0.134,0.242,9.881
-0.447,0.141,9.97
0.012,0.457,10.101
0.517,0.72,9.996
0.522,0.904,9.891
0.435,0.825,9.81
0.313,0.426,9.841
0.184,0.084,9.991
-0.019,0.065,10.113
0.16,0.136,10.08
0.129,0.447,10.068
0.182,0.78,9.822
0.074,0.983,9.762
0.254,0.943,9.829
0.634,0.347,9.319
-0.127,1.33,10.738
0.23,0.156,9.965
0.404,0.754,9.877
0.093,0.435,9.75
-0.802,0.739,9.826
0.526,0.907,10.087
0.409,0.935,9.915
-0.005,0.758,9.86
0.029,0.378,10.006
0.175,0.531,10.137
0.335,0.172,9.867
0.242,-0.163,9.831
-0.117,0.29,10.066
0.536,0.191,9.963
-0.024,0.464,10.03
-0.091,0.61,9.783
0.378,0.723,9.764
0.464,0.787,9.903
0.036,0.962,10.001
0.065,0.577,10.037
0.313,0.206,9.929
-0.033,0.089,9.924
0.007,0.05,9.886
0.213,0.242,9.905
0.045,0.407,9.979
0.012,0.505,9.979
0.373,0.548,9.817
0.304,0.481,9.867
0.091,0.56,9.994
0.072,0.306,9.917
0.019,0.502,9.927
0.026,0.498,9.917
0.34,0.584,9.879
0.244,0.44,9.908
0.22,0.328,9.979
0.254,0.438,10.063
0.191,0.373,9.915
0.146,0.495,9.91
-0.251,0.44,9.924
-0.053,0.443,9.884
0.266,0.467,9.929
0.383,0.404,9.944
0.318,0.366,9.898
-0.002,0.421,9.946
0.026,0.467,9.939
0.254,0.452,9.9
0.347,0.601,9.917
0.191,0.534,9.936
0.213,0.385,9.896
0.16,0.345,9.939
0.187,0.337,9.939
0.127,0.412,9.982
-0.012,0.512,9.956
0.345,0.536,9.874
0.325,0.459,9.85
0.206,0.404,9.924
0.029,0.282,9.881
0.141,0.258,9.929
0.234,0.299,10.015
0.175,0.22,9.91
0.141,0.368,9.991
0.189,0.412,9.924
0.134,0.474,9.948
0.129,0.328,9.891
0.124,0.211,9.982
0.079,0.108,9.96
0.098,0.156,9.967
0.148,0.337,10.018
0.108,0.16,9.845
0.29,0.469,9.92
0.184,0.584,9.824
0.029,0.297,9.769
0.191,0.555,9.905
0.11,0.443,9.912
0.179,0.505,9.862
0.177,0.136,9.843
0.103,-0.033,9.9
0.086,-0.122,9.932
0.423,-0.182,10.319
0.388,-0.024,10.018
-0.069,0.172,10.07
-0.263,0.254,10.042
0.991,0.45,9.63
0.05,0.203,9.853
0.086,0.493,10.207
-0.005,-0.122,9.9
0.139,0.266,9.982
0.208,0.258,9.944
0.148,0.12,9.893
0.416,0.354,9.824
0.361,0.378,9.85
0.383,0.94,9.843
0.304,0.244,9.63
-0.227,0.105,9.853
-1.256,-0.234,10.204
0.522,0.156,10.058
1.263,0.079,9.91
-0.268,-0.151,10.058
-0.495,-0.34,9.912
-0.352,-0.112,9.735
-0.39,0.505,9.575
0.457,1.457,9.86
0.691,1.381,10.36
-0.467,0.464,10.468
-2.543,-0.352,10.326
-2.562,-0.4,9.601
-0.73,-0.014,9.046
-0.093,0.988,10.386
-0.012,1.141,10.652
0.316,1.397,10.879
-2.096,1.416,10.678
1.299,-0.414,8.888
2.247,1.613,9.286
0.517,-0.201,9.642
-0.024,0.88,10.436
-0.421,0.624,10.18
0.208,0.388,9.819
0.321,0.371,9.723
-0.158,0.402,9.865
0.0,0.603,10.003
0.199,0.479,9.917
0.122,0.34,9.939
0.048,0.062,9.898
0.191,0.201,9.958
0.089,0.275,9.881
0.005,0.395,9.927
0.024,0.488,9.872
-0.048,0.598,9.867
-0.022,0.663,9.905
0.096,0.598,9.975
0.139,0.345,9.946
0.065,0.306,9.946
0.175,0.194,9.817
0.115,0.768,10.118
0.115,0.287,9.869
-0.194,0.316,9.891
0.201,0.301,9.977
-0.158,0.124,9.762
-0.512,0.359,10.142
0.196,0.141,9.915
0.73,0.38,9.805
0.663,0.95,9.979
-0.323,-0.577,9.75
0.892,1.962,9.889
0.124,0.227,9.444
0.782,0.639,9.788
-0.019,-0.282,9.776
-0.524,-0.452,10.343
-0.029,-0.636,10.264
0.849,-0.103,10.02
0.782,0.234,9.743
0.108,0.627,9.833
0.026,0.952,10.001
-0.029,0.529,9.831
-0.407,-0.022,9.63
0.617,0.797,9.843
-0.067,-0.29,10.216
0.864,-0.084,10.147
0.323,-0.019,9.8
0.983,0.825,10.094
0.56,1.314,10.331
0.488,0.309,9.573
0.22,0.419,9.886
0.947,-0.017,9.884
-0.318,0.112,10.255
0.038,0.297,10.176
-0.739,-0.246,9.927
-1.402,1.311,11.434
1.304,1.404,10.039
-0.373,0.502,9.927
0.096,1.002,9.795
0.23,0.749,9.68
0.179,0.524,9.841
0.187,0.371,9.941
0.201,0.27,10.034
0.23,0.246,10.042
0.206,0.17,9.822
0.313,0.263,9.989
0.572,0.356,10.123
0.376,0.01,9.979
0.079,-0.156,9.929
-0.146,-0.507,9.987
-0.268,0.234,9.896
0.61,0.244,9.764
0.483,0.311,9.932
0.206,0.191,10.152
0.51,-0.065,9.932
0.644,-0.275,9.58
0.835,-0.098,9.912
0.476,0.089,10.235
0.256,0.033,10.121
0.459,-0.282,9.826
0.421,-0.208,9.865
0.775,0.022,9.951
0.665,0.242,10.001
0.78,0.201,9.824
0.751,0.215,9.692
0.663,-0.007,9.817
0.423,0.041,10.087
0.957,0.086,10.109
0.995,0.234,9.807
0.517,0.167,9.68
0.553,-0.096,9.996
0.586,-0.002,10.104
0.596,0.048,10.023
0.615,0.201,9.982
0.825,0.246,9.934
0.658,0.019,9.8
0.641,0.065,9.714
0.802,0.464,9.822
0.869,0.342,9.795
0.33,0.39,9.92
0.689,-0.043,9.924
0.569,0.103,9.932
0.818,0.225,9.912
0.536,0.103,10.023
0.543,0.163,10.111
0.778,0.055,9.841
0.347,0.093,10.006
0.811,0.141,9.92
0.699,0.175,10.025
0.586,-0.01,9.869
0.888,-0.077,9.833
0.622,0.292,10.044
0.598,0.201,9.915
0.624,0.132,9.843
1.101,0.093,9.865
0.802,0.385,9.941
0.359,0.335,10.018
0.596,-0.01,9.92
0.804,-0.036,9.886
0.871,-0.177,9.822
0.94,-0.031,9.941
0.61,0.134,9.972
0.301,0.359,10.099
0.888,0.01,9.903
0.813,-0.163,9.783
0.476,0.124,9.922
0.993,0.108,9.905
0.502,0.333,9.867
0.591,0.141,9.86
0.735,0.132,9.915
0.79,0.024,9.877
0.49,0.349,9.932
0.773,0.165,9.814
0.574,0.11,10.025
0.66,-0.084,9.948
0.935,-0.129,9.91
0.871,0.098,9.922
0.584,0.251,9.903
0.888,-0.244,9.819
0.928,-0.139,9.826
0.562,0.225,10.02
0.701,0.287,9.86
0.596,0.151,9.9
0.725,0.117,9.939
0.976,0.098,10.025
0.653,0.203,9.884
0.825,0.218,9.857
0.792,0.158,9.86
0.577,0.038,9.826
0.656,0.043,9.953
1.067,-0.079,9.841
0.964,0.115,9.841
0.419,0.282,9.989
0.577,0.069,9.908
0.849,-0.01,9.848
0.952,-0.007,9.857
0.677,0.215,9.896
0.706,0.084,9.836
0.641,0.12,9.97
0.964,0.029,9.939
0.77,0.098,9.865
0.845,0.17,9.819
0.574,0.187,9.829
0.926,-0.026,9.905
0.758,-0.06,9.903
0.691,0.285,9.857
0.5,0.249,9.869
0.723,-0.029,9.924
1.175,0.093,9.898
0.883,0.237,9.843
0.577,0.376,10.066
0.866,0.273,9.946
0.617,-0.007,9.848
0.84,-0.266,9.798
1.18,-0.112,9.881
0.679,0.144,10.056
0.778,0.194,9.972
0.847,-0.048,9.877
0.718,-0.105,9.79
0.806,0.033,9.872
0.878,0.081,9.881
0.751,0.299,9.948
0.861,0.242,9.865
0.737,0.077,9.814
0.751,0.136,9.752
0.823,0.122,9.9
0.969,0.139,9.891
0.914,0.134,9.877
0.849,0.17,9.889
0.852,0.225,9.9
0.584,-0.024,9.905
0.742,-0.06,9.771
0.986,-0.072,9.9
0.919,0.012,9.877
0.703,0.144,9.881
0.684,0.132,9.941
1.014,0.026,9.855
0.983,0.014,9.757
0.77,0.141,9.872
0.522,0.246,9.987
0.742,-0.057,9.991
0.924,-0.01,9.845
0.88,-0.031,9.805
0.763,0.017,9.912
0.615,0.12,9.984
0.909,0.127,9.944
0.943,0.146,9.795
0.888,0.041,9.848
0.842,0.029,9.881
0.77,0.041,9.915
0.835,0.031,9.927
0.768,0.038,9.9
1.002,0.1,9.886
1.019,0.062,9.939
0.715,0.141,10.018
0.732,0.117,9.85
0.799,-0.206,9.802
0.225,-1.084,10.972
2.854,5.084,6.295
2.967,6.711,4.85
1.766,2.361,7.63
0.507,-0.553,10.006
0.739,-0.033,9.819
0.746,0.077,9.908
0.691,0.182,9.831
0.892,0.017,9.841
0.821,0.0,9.912
0.924,-0.079,9.889
0.904,-0.117,9.836
0.67,-0.045,9.886
1.024,-0.158,9.862
1.017,-0.134,9.893
1.05,-0.031,9.659
1.036,-0.057,9.953
1.038,0.45,10.527
-1.79,-0.522,10.456
-0.971,1.294,9.53
1.302,-1.247,7.197
1.156,1.144,9.812
-0.254,0.132,9.96
-0.045,0.517,10.185
0.354,-0.089,9.85
0.699,-0.187,9.877
0.232,-0.285,9.972
0.294,-0.419,9.912
0.275,-0.081,9.874
0.373,-0.01,9.927
0.376,-0.017,9.9
0.306,0.12,9.932
0.258,0.29,9.934
0.301,0.263,9.855
0.27,0.179,9.877
0.093,0.184,9.982
1.036,1.558,9.015
-1.115,1.036,9.618
0.096,-0.17,9.817
0.507,-0.012,9.891
0.144,-0.416,9.778
0.498,-0.165,10.032
-0.672,-0.479,9.999
0.744,0.847,9.948
1.342,0.177,9.833
2.68,1.242,9.307
-1.804,-1.136,9.695
0.541,0.663,10.551
-0.993,-1.285,10.238
-0.091,-1.184,9.384
0.787,-0.23,9.96
1.648,-0.519,10.032
1.019,0.833,10.747
0.553,0.797,9.8
-0.72,0.833,9.319
1.12,1.103,9.893
2.44,0.065,9.812
1.531,0.304,9.68
-0.268,-0.818,9.778
1.555,-1.412,9.544
0.512,-0.464,10.264
0.644,-0.103,10.154
-1.163,-0.146,10.068
-1.409,0.584,10.214
-0.287,0.806,9.967
-0.378,0.163,9.831
-0.634,-0.108,10.034
0.404,-0.146,9.855
0.1,-0.639,9.838
0.488,-0.304,9.96
0.517,-0.167,10.011
-0.292,-0.017,10.135
-0.292,-0.34,9.881
-0.246,-0.043,9.807
0.258,-0.093,9.807
0.514,0.172,9.903
0.187,-0.416,9.891
-0.251,-0.483,9.984
-0.246,-0.498,10.001
-0.153,-0.065,10.063
0.565,0.371,10.003
0.969,-0.031,9.573
0.065,-0.376,9.86
-0.445,-0.419,10.099
-0.383,0.043,10.116
0.577,0.043,9.836
0.356,-0.256,9.838
-0.06,-0.299,9.855
0.304,-0.206,9.841
0.227,-0.06,10.073
0.218,-0.041,9.987
0.679,0.16,9.881
0.191,-0.246,9.843
0.182,-0.404,9.932
0.318,-0.658,9.944
0.234,-0.44,10.02
-0.581,-0.026,10.068
0.122,0.055,9.829
0.124,0.11,9.81
0.421,0.041,9.848
0.057,-0.103,9.951
-0.019,0.019,10.18
0.354,-0.12,9.9
0.426,-0.404,9.666
0.287,-0.079,9.843
0.337,-0.201,9.853
-0.184,0.012,10.178
0.06,-0.124,10.034
0.813,-0.261,9.611
0.526,0.175,9.759
0.428,0.036,9.783
-0.089,-0.12,10.044
-0.249,0.383,10.369
0.433,-0.359,9.625
0.486,-0.624,9.336
0.567,-0.431,9.881
0.423,-0.014,10.137
0.51,-0.141,10.298
1.01,-0.373,9.903
1.115,-0.574,9.853
0.687,-0.333,9.7
0.364,-0.124,9.967
0.388,-0.278,10.42
0.708,-0.244,9.829
1.077,-0.311,9.455
-0.385,-0.237,10.135
0.28,-0.117,10.094
-0.031,-0.402,9.841
-0.718,2.534,13.312
-0.823,-0.112,9.812
0.519,0.469,10.006
1.622,-0.462,9.434
0.005,0.06,10.066
0.232,-0.093,10.08
0.127,-0.531,9.896
0.419,-0.732,9.721
0.251,-0.718,9.817
0.134,-0.634,10.042
0.213,-0.541,10.061
0.28,-0.5,9.929
0.445,-0.67,9.81
0.402,-0.613,9.8
0.069,-0.541,9.979
0.309,-0.366,9.989
0.416,-0.397,9.838
0.383,-0.249,9.817
0.057,-0.163,10.015
0.175,-0.239,9.994
0.414,-0.242,9.862
0.275,-0.337,9.831
-0.017,-0.423,9.991
0.127,-0.603,9.97
0.49,-0.768,9.879
0.62,-0.756,9.877
0.29,-0.668,9.936
0.22,-0.55,9.984
0.294,-0.404,9.908
0.285,-0.299,9.898
0.048,-0.127,9.956
0.103,-0.189,9.912
0.349,-0.251,9.912
0.412,-0.364,9.908
0.232,-0.464,9.956
0.074,-0.431,9.908
0.297,-0.392,9.896
-0.605,-0.871,10.556
0.335,-0.361,10.19
-0.433,0.885,10.786
-0.017,0.457,10.128
-1.371,-1.05,6.484
2.05,1.639,8.951
-0.385,-0.44,9.953
1.134,-0.38,9.826
-0.266,-0.897,9.929
-0.153,-1.909,10.19
0.634,-1.302,9.8
0.703,-0.613,9.788
0.232,-0.591,9.903
0.385,-0.404,9.989
0.014,-0.29,10.097
0.287,-0.273,9.831
0.206,-0.117,9.733
0.115,-0.27,9.831
0.158,-0.002,10.003
0.23,-0.103,9.805
0.163,-0.237,9.812
0.201,-0.122,9.912
0.244,-0.213,9.86
0.258,-0.266,9.896
0.225,-0.433,9.91
0.045,-0.49,9.953
0.158,-0.512,9.977
0.428,-0.62,9.85
0.356,-0.624,9.884
0.11,-0.605,9.991
0.151,-0.557,10.082
-0.971,0.421,10.726
0.854,-1.445,9.733
0.325,0.11,10.223
0.402,-0.816,9.81
0.603,-1.479,9.891
0.359,-1.031,9.843
0.019,-0.735,9.999
0.23,-1.153,9.898
0.541,-0.632,9.994
0.457,-0.694,9.762
0.112,-0.368,9.944
0.311,-0.352,10.061
0.304,-0.459,9.96
0.191,-0.639,9.908
0.433,-0.546,9.795
0.242,-0.467,9.855
0.275,-0.498,9.932
0.23,-0.354,9.886
0.227,-0.333,9.932
0.258,-0.333,9.941
0.342,-0.278,9.939
0.297,-0.407,9.865
0.263,-0.45,9.881
0.218,-0.419,9.898
0.11,-0.333,9.944
0.244,-0.297,9.917
0.29,-0.356,9.848
0.179,-0.311,9.877
0.172,-0.356,9.948
0.345,-0.356,9.932
0.304,-0.433,9.884
0.23,-0.423,9.884
0.172,-0.495,9.922
-0.297,2.986,4.216
-0.524,7.173,10.346
-0.354,0.246,9.908
-0.05,-1.06,8.537
0.861,-0.316,9.281
-0.179,-0.546,10.034
0.577,-0.452,10.02
0.146,-0.297,9.977
0.409,-0.134,9.826
0.27,-0.364,9.843
0.115,-0.352,10.03
0.249,-0.299,9.874
0.376,-0.266,9.819
0.292,-0.371,9.869
0.242,-0.201,10.097
0.263,-0.395,9.862
0.443,-0.423,9.853
0.38,-0.462,9.953
0.29,-0.467,9.891
0.287,-0.462,9.948
0.345,-0.385,9.953
0.242,-0.361,9.915
0.249,-0.51,9.855
0.266,-0.368,9.97
0.223,-0.333,9.929
0.447,-0.378,9.845
0.352,-0.395,9.9
0.127,-0.304,9.963
0.22,-0.316,9.946
0.292,-0.366,9.884
0.304,-0.409,9.932
0.299,-0.421,9.922
0.287,-0.488,9.879
0.347,-0.388,9.879
0.309,-0.402,9.92
0.342,-0.325,9.877
-1.17,-1.488,12.051
1.062,0.323,10.673
-0.467,-2.184,8.247
1.55,0.526,9.656
-0.426,-1.273,9.889
0.811,-0.62,9.783
-0.636,-1.29,9.972
0.074,-1.383,9.812
0.976,0.378,10.202
0.033,-0.574,9.759
0.292,0.206,10.044
0.16,-0.136,10.049
0.273,-0.203,9.886
0.278,-0.423,9.836
0.349,-0.433,9.946
0.328,-0.536,9.915
0.263,-0.474,9.891
0.27,-0.299,9.953
0.395,-0.309,9.915
0.354,-0.39,9.893
0.086,-0.378,9.982
0.199,-0.404,9.97
0.333,-0.388,9.903
0.306,-0.304,9.843
0.213,-0.268,9.824
0.151,-0.177,9.946
0.266,-0.17,10.003
0.397,-0.234,9.869
0.39,-0.304,9.778
0.225,-0.306,9.92
0.282,-0.345,10.034
0.165,-0.56,10.001
0.206,-0.464,9.991
0.234,-0.443,9.805
0.251,-0.483,9.948
0.34,-0.366,9.912
0.297,-0.38,9.872
-0.732,0.234,10.704
0.211,-0.397,10.156
-0.129,0.048,10.319
-0.385,-0.263,9.68
0.737,-0.167,9.525
0.775,-0.251,9.898
0.199,-0.72,10.049
0.301,-0.967,9.97
0.048,-1.928,9.616
1.172,-4.012,8.199
0.641,-1.682,9.781
0.254,-0.019,9.903
0.1,-0.349,9.817
0.428,0.177,9.975
-0.055,0.153,10.049
0.091,-0.007,9.879
0.234,-0.153,9.905
0.404,-0.294,9.908
0.414,-0.66,9.838
0.172,-0.763,9.879
0.057,-0.644,9.996
0.194,-0.493,9.977
0.218,-0.325,9.936
0.175,-0.254,9.898
0.218,-0.409,9.867
0.23,-0.569,9.922
0.227,-0.61,9.898
0.261,-0.55,9.86
0.213,-0.536,9.891
0.246,-0.407,9.884
0.22,-0.356,9.915
0.237,-0.359,9.922
0.132,-0.4,9.939
0.11,-0.368,10.032
0.256,-0.423,9.886
0.268,-0.356,9.903
0.311,-0.402,9.865
0.285,-0.464,9.903
0.242,-0.433,9.891
-2.012,-3.62,13.628
0.907,-1.211,11.487
0.431,0.089,11.149
0.517,-2.208,8.987
0.754,-0.519,9.432
-0.033,-0.854,10.159
0.364,-0.723,10.104
0.191,-0.5,9.92
0.352,-0.44,9.841
0.323,-0.378,9.956
0.127,-0.534,9.886
0.246,-0.201,9.92
0.407,-0.251,9.857
0.313,-0.182,9.915
0.196,-0.373,9.963
0.194,-0.452,9.893
0.227,-0.404,9.932
0.318,-0.385,9.896
0.337,-0.366,9.831
0.225,-0.409,9.92
0.225,-0.335,9.956
0.246,-0.385,9.886
0.258,-0.445,9.886
0.237,-0.385,9.944
0.28,-0.467,9.893
0.361,-0.514,9.85
0.278,-0.469,9.965
0.163,-0.459,9.96
0.074,-0.555,10.003
0.278,-0.507,9.977
0.397,-0.479,9.857
0.335,-0.495,9.874
0.213,-0.352,9.877
0.191,-0.191,9.915
0.187,-0.074,9.924
0.251,-0.065,9.965
0.251,-0.223,9.946
0.177,-0.318,9.893
0.22,-0.4,9.912
0.266,-0.536,9.862
0.282,-0.419,9.953
0.287,-0.517,9.922
0.278,-0.514,9.936
0.258,-0.368,9.946
0.345,-0.445,9.912
0.309,-0.268,9.869
0.278,-0.218,9.893
0.213,-0.258,9.9
-1.524,9.154,6.132
-0.809,0.694,9.709
1.002,0.175,9.987
-0.969,-0.565,9.302
0.952,-0.969,9.137
0.239,-0.388,10.24
0.072,-0.388,10.192
0.294,-0.187,9.798
0.124,-0.244,9.891
3.821,-9.393,7.57
0.746,-1.424,12.688
0.634,-1.314,10.587
-0.938,-0.687,9.367
0.538,-0.471,9.408
0.1,-0.388,10.264
0.287,-0.28,10.054
0.234,-0.22,9.764
0.156,0.002,9.499
-0.194,5.568,8.563
-0.785,0.665,10.537
-1.637,-0.538,9.63
0.907,-0.057,9.257
0.352,-0.481,9.893
0.201,-0.529,10.202
0.275,-0.591,9.833
0.435,2.376,2.522
-1.206,7.271,11.011
-0.423,1.692,11.197
5.323,-3.385,6.962
-0.897,0.799,9.915
0.218,-0.474,9.802
0.799,-0.56,10.073
-0.158,-0.366,10.07
0.34,-0.323,9.786
-0.299,5.393,-2.873
-0.524,9.075,11.714
-1.201,-0.067,9.776
0.703,0.141,9.07
0.053,-0.512,9.582
0.481,-0.313,10.145
0.153,-0.842,10.001
0.356,-0.366,9.836
3.957,-10.42,6.458
1.986,0.156,12.269
-0.727,-1.558,9.948
0.17,0.371,9.855
0.115,-0.356,9.633
0.624,-0.251,10.145
0.065,-0.514,10.085
0.194,-0.304,9.865
-4.211,-4.285,18.688
2.244,-3.551,12.111
0.904,-1.388,9.637
-0.761,-0.368,9.403
0.682,-0.043,9.676
0.354,-0.529,10.243
0.01,-0.337,10.042
0.342,-0.335,9.738
-3.12,9.257,7.84
-0.237,1.467,10.489
0.78,-1.098,8.601
-0.127,0.079,8.96
0.486,-0.309,9.747
0.383,-0.462,10.384
0.103,-0.469,9.956
0.323,-0.4,9.719
-3.194,8.23,11.257
0.706,-2.211,10.243
1.16,-2.385,8.472
0.758,0.086,9.137
-0.225,-0.486,10.099
0.591,-0.62,10.233
0.036,-0.318,9.999
0.356,-0.385,9.716
-1.491,12.283,8.161
-0.773,-0.483,9.865
-0.086,-1.235,8.001
1.058,0.165,9.015
-0.022,-0.514,9.975
0.445,-0.598,10.185
0.141,-0.28,9.941
0.215,-0.419,9.747
-3.661,1.39,14.489
0.048,-2.974,11.7
1.053,-1.381,9.044
0.249,0.129,9.207
0.345,-0.62,9.781
0.352,-0.579,10.422
0.081,-0.682,9.951
-0.12,0.435,7.943
-0.278,9.824,9.018
-0.55,2.096,10.707
0.62,-1.081,8.668
0.251,0.211,9.276
0.014,-0.227,10.054
0.278,-0.385,10.346
0.263,-0.462,9.802
0.407,-0.471,9.702
-2.814,-5.501,18.399
1.376,-2.864,12.358
0.675,-0.481,9.489
0.144,-0.237,9.068
0.4,0.014,9.838
0.184,-0.445,10.31
0.158,-0.469,9.855
0.364,-0.347,9.781
0.263,-0.445,10.023
0.223,-0.572,9.956
0.33,-0.476,9.85
0.251,-0.156,9.836
0.23,-0.28,9.939
0.328,-0.333,9.975
0.29,-0.313,9.884
0.246,-0.433,9.877
0.227,-0.457,9.972
0.282,-0.4,9.953
0.263,-0.44,9.862
0.285,-0.371,9.92
0.282,-0.299,9.979
0.232,-0.333,9.898
0.234,-0.33,9.896
0.27,-0.294,9.884
0.251,-0.347,9.891
0.256,-0.359,9.922
0.316,-0.385,9.92
0.218,-0.426,9.936
0.254,-0.512,9.908
0.285,-0.371,9.903
0.689,0.002,15.53
1.113,-1.505,10.176
