59
926
1735
2067
3090
3432
4546
4830
6106
6492
7769
8098
9323
9691
10912
11255
12507
12871
14061
14393
15587
15936
17188
17549
18802
19158
20388
20736
22061
22422
23657
24002
25332
25754
26911
27239
28482
28913
30039
30412
31613
31985
33284
33589
34858
35248
36495
36922
38071
38433
39670
40047
41437
41759
43007
43349
44718
45052
46420
46708
48028
48448
49642
49992
51320
51710
53012
53389
54515
55002
56106
56420
57700
58040
59304
59672
61049
61400
62711
63179
64429
64751
65970
66381
67747
68044
69333
70924
71566
72832
73205
74522
75028
76211
76549
77855
78230
79434
79894
81023
81453
82672
83057
84350
84729
85996
86384
87755
88114
89308
89740
91001
91420
92586
92962
94219
94652
95748
96090
97285
