62
1320
2565
2907
4290
4576
5848
6196
7487
7740
9175
9357
10811
11094
12436
12640
13956
14229
15694
15930
17419
17664
19092
19399
20739
21075
22494
22781
24153
24459
25723
26007
27329
27629
28940
29316
30584
30892
32233
32594
33989
34260
35458
35908
37241
37570
38861
39187
40453
40828
42055
42358
43705
43984
45241
45567
46807
47211
48522
48838
50174
50464
51813
52095
53388
53744
55096
55421
56688
57033
58364
58742
59935
60284
61634
61966
63329
63703
65060
65415
66747
67124
68466
68781
70183
70451
71722
72133
73418
73858
75117
75363
76807
77082
78354
78746
79870
80180
81654
81897
83387
83628
85104
85309
86772
87098
88494
88737
90238
90555
92002
92228
93794
94033
95720
95886
97451
97661
99416
99677
101397
101716
103227
103488
104929
