60
7430
8331
8574
9557
9809
10708
10943
11903
12188
13205
13412
14627
14844
15933
16074
17234
17417
18558
18712
19925
20056
21334
21466
22667
22950
24025
24225
25438
25700
26921
27091
28310
28562
29717
29890
31134
31291
32455
32711
33882
34088
35316
35576
36727
36988
38063
38289
39488
39633
40969
41126
42308
42455
43589
43810
45085
45209
46533
46726
47829
48024
49296
49484
50623
50902
52038
52258
53586
53740
54898
55110
56500
56673
57904
58104
59238
59425
60706
60879
62241
62403
63623
63876
64988
65199
66536
66684
67866
68101
69510
69640
70854
71076
72412
72658
73684
73946
74967
75239
76397
76565
77751
77918
79232
79385
80553
80784
82101
82272
83618
83811
84917
85059
86247
86435
87708
87864
89136
89272
90537
